# relative_time, cycles_done, cur_item, corpus_count, pending_total, pending_favs, map_size, saved_crashes, saved_hangs, max_depth, execs_per_sec, total_execs, edges_found
77, 0, 1, 12, 10, 0, 22.78%, 0, 0, 3, 0.26, 1648, 18
121, 0, 1, 13, 11, 0, 24.05%, 0, 0, 3, 2.43, 3491, 19
127, 0, 8, 14, 11, 1, 24.05%, 0, 0, 3, 661.98, 4921, 19
175, 0, 12, 17, 13, 0, 24.05%, 0, 0, 4, 2.90, 7028, 19
175, 0, 12, 17, 13, 0, 24.05%, 0, 0, 4, 0.18, 7029, 19
180, 0, 12, 17, 13, 0, 24.05%, 0, 0, 4, 628.50, 10224, 19
221, 0, 1, 17, 13, 0, 24.05%, 0, 0, 4, 1.18, 10696, 19
263, 0, 1, 17, 13, 0, 24.05%, 0, 0, 4, 0.16, 12401, 19
268, 0, 17, 22, 17, 0, 30.38%, 0, 0, 4, 683.91, 15814, 24
306, 0, 17, 22, 17, 0, 30.38%, 0, 0, 4, 0.35, 16074, 24
345, 0, 17, 23, 18, 0, 31.65%, 0, 0, 4, 3.20, 18421, 25
350, 0, 22, 27, 21, 2, 31.65%, 0, 0, 5, 628.09, 21567, 25
383, 0, 20, 27, 20, 1, 31.65%, 0, 0, 5, 1.58, 22062, 25
419, 0, 27, 29, 20, 0, 32.91%, 0, 0, 6, 3.93, 23713, 26
454, 0, 27, 30, 21, 0, 32.91%, 0, 0, 6, 0.42, 26983, 26
486, 0, 27, 30, 21, 0, 32.91%, 0, 0, 6, 4.16, 28012, 26
491, 0, 27, 31, 22, 0, 34.18%, 0, 0, 6, 655.17, 31411, 27
521, 0, 30, 32, 22, 0, 34.18%, 0, 0, 7, 3.48, 31815, 27
527, 0, 30, 34, 24, 0, 34.18%, 0, 0, 7, 648.33, 35248, 27
556, 0, 30, 34, 24, 0, 34.18%, 0, 0, 7, 0.45, 35677, 27
591, 0, 30, 34, 24, 0, 34.18%, 0, 0, 7, 3.12, 37284, 27
596, 0, 19, 35, 25, 0, 34.18%, 0, 0, 7, 649.79, 40687, 27
625, 0, 19, 36, 26, 0, 35.44%, 0, 0, 7, 4.67, 41093, 28
655, 0, 1, 40, 29, 0, 35.44%, 0, 0, 7, 3.77, 43859, 28
664, 0, 20, 42, 31, 0, 35.44%, 0, 0, 7, 5.20, 46132, 28
679, 0, 20, 42, 31, 0, 35.44%, 0, 0, 7, 4.94, 46149, 28
712, 0, 35, 47, 36, 0, 37.97%, 0, 0, 7, 3.43, 48955, 30
717, 0, 35, 47, 36, 0, 37.97%, 0, 0, 7, 708.12, 52633, 30
739, 0, 35, 47, 36, 0, 37.97%, 0, 0, 7, 1.94, 52961, 30
747, 0, 43, 47, 35, 1, 37.97%, 0, 0, 7, 20.07, 54789, 30
761, 0, 43, 47, 35, 1, 37.97%, 0, 0, 7, 0.22, 54792, 30
787, 0, 44, 49, 36, 0, 37.97%, 0, 0, 7, 6.37, 58108, 30
793, 0, 19, 49, 36, 0, 37.97%, 0, 0, 7, 740.87, 61926, 30
816, 0, 19, 49, 36, 0, 37.97%, 0, 0, 7, 2.23, 62145, 30
836, 0, 43, 49, 36, 0, 37.97%, 0, 0, 7, 1.76, 64617, 30
841, 0, 43, 50, 37, 0, 37.97%, 0, 0, 7, 781.63, 68655, 30
863, 0, 43, 50, 37, 0, 37.97%, 0, 0, 7, 6.11, 68943, 30
868, 0, 27, 51, 38, 0, 37.97%, 0, 0, 7, 792.65, 72921, 30
891, 0, 27, 51, 38, 0, 37.97%, 0, 0, 7, 0.50, 72933, 30
897, 0, 43, 51, 38, 0, 37.97%, 0, 0, 7, 802.18, 77014, 30
915, 0, 43, 51, 38, 0, 37.97%, 0, 0, 7, 2.47, 77721, 30
932, 0, 22, 51, 38, 0, 37.97%, 0, 0, 7, 10.77, 80460, 30
945, 0, 19, 51, 38, 0, 37.97%, 0, 0, 7, 4.54, 83135, 30
953, 0, 1, 51, 38, 0, 37.97%, 0, 0, 7, 4.83, 83164, 30
958, 0, 43, 52, 39, 0, 37.97%, 0, 0, 7, 794.26, 87301, 30
968, 0, 43, 52, 39, 0, 37.97%, 0, 0, 7, 1.69, 88049, 30
973, 1, 20, 54, 41, 0, 37.97%, 0, 0, 7, 784.29, 91991, 30
990, 1, 20, 54, 41, 0, 37.97%, 0, 0, 7, 5.29, 92522, 30
1005, 1, 1, 55, 41, 0, 37.97%, 0, 0, 7, 2.83, 95733, 30
1026, 1, 34, 57, 43, 0, 37.97%, 0, 0, 7, 7.10, 99388, 30
1039, 1, 43, 60, 45, 0, 37.97%, 0, 0, 8, 6.29, 103274, 30
1045, 1, 22, 63, 47, 0, 37.97%, 0, 0, 8, 792.69, 107393, 30
1050, 1, 22, 63, 47, 0, 37.97%, 0, 0, 8, 9.37, 107768, 30
1063, 1, 22, 63, 47, 0, 37.97%, 0, 0, 8, 0.59, 107776, 30
1068, 1, 1, 64, 48, 0, 37.97%, 0, 0, 8, 815.71, 111845, 30
1077, 1, 27, 64, 48, 0, 37.97%, 0, 0, 8, 1.82, 112472, 30
1096, 1, 17, 64, 48, 0, 37.97%, 0, 0, 8, 6.49, 114625, 30
1101, 1, 62, 64, 47, 0, 37.97%, 0, 0, 8, 826.68, 118738, 30
1114, 1, 30, 65, 47, 0, 37.97%, 0, 0, 8, 11.26, 119836, 30
1119, 1, 20, 65, 47, 0, 37.97%, 0, 0, 8, 806.51, 123896, 30
1129, 1, 44, 65, 47, 0, 37.97%, 0, 0, 8, 16.44, 124395, 30
1146, 1, 46, 65, 47, 0, 37.97%, 0, 0, 8, 1.25, 127574, 30
1151, 1, 22, 65, 46, 0, 37.97%, 0, 0, 8, 798.67, 131577, 30
1156, 1, 20, 65, 46, 0, 37.97%, 0, 0, 8, 835.92, 133473, 30
1170, 1, 25, 66, 47, 0, 37.97%, 0, 0, 8, 9.86, 135623, 30
1175, 1, 43, 66, 44, 0, 37.97%, 0, 0, 8, 798.40, 139836, 30
1180, 1, 43, 66, 44, 0, 37.97%, 0, 0, 8, 801.60, 142305, 30
1189, 1, 43, 66, 44, 0, 37.97%, 0, 0, 8, 14.26, 142937, 30
1194, 1, 43, 67, 45, 0, 37.97%, 0, 0, 8, 813.54, 146974, 30
1204, 1, 65, 68, 46, 0, 37.97%, 0, 0, 8, 4.62, 148663, 30
1209, 2, 19, 70, 47, 0, 37.97%, 0, 0, 8, 790.56, 152609, 30
1218, 2, 70, 72, 49, 0, 37.97%, 0, 0, 8, 12.14, 154159, 30
1223, 2, 30, 76, 51, 0, 37.97%, 0, 0, 8, 782.52, 158235, 30
1229, 2, 73, 76, 51, 0, 37.97%, 0, 0, 8, 20.34, 159456, 30
1237, 2, 20, 77, 51, 0, 37.97%, 0, 0, 8, 27.54, 162174, 30
1242, 2, 30, 77, 50, 0, 37.97%, 0, 0, 8, 726.65, 166196, 30
1247, 2, 43, 79, 52, 0, 37.97%, 0, 0, 8, 703.19, 168467, 30
1253, 2, 77, 80, 53, 0, 37.97%, 0, 0, 8, 12.76, 169358, 30
1258, 2, 1, 80, 52, 0, 37.97%, 0, 0, 8, 773.98, 172325, 30
1263, 2, 79, 84, 55, 0, 39.24%, 0, 0, 8, 758.08, 176314, 31
1269, 2, 79, 84, 55, 0, 39.24%, 0, 0, 8, 6.95, 176943, 31
1274, 2, 81, 87, 57, 0, 45.57%, 0, 0, 8, 761.75, 180835, 36
1284, 2, 81, 87, 57, 0, 45.57%, 0, 0, 8, 25.03, 184195, 36
1287, 2, 81, 88, 58, 0, 45.57%, 1, 0, 8, 0.00, 186835, 36
