# relative_time, cycles_done, cur_item, corpus_count, pending_total, pending_favs, map_size, saved_crashes, saved_hangs, max_depth, execs_per_sec, total_execs, edges_found
77, 0, 0, 10, 9, 0, 29.03%, 0, 0, 2, 0.04, 1754, 18
78, 0, 0, 10, 9, 0, 29.03%, 0, 0, 2, 213.59, 1801, 18
122, 0, 0, 11, 10, 0, 30.65%, 0, 0, 2, 2.24, 3465, 19
127, 0, 0, 11, 10, 0, 30.65%, 0, 0, 2, 676.33, 4901, 19
175, 0, 0, 12, 11, 0, 30.65%, 0, 0, 2, 1.86, 6998, 19
181, 0, 12, 20, 17, 0, 41.94%, 0, 0, 3, 626.16, 10195, 26
222, 0, 12, 20, 17, 0, 41.94%, 0, 0, 3, 0.30, 10639, 26
263, 0, 12, 20, 17, 0, 41.94%, 0, 0, 3, 0.11, 12335, 26
268, 0, 12, 26, 23, 0, 43.55%, 0, 0, 3, 675.80, 15736, 27
306, 0, 12, 27, 24, 0, 45.16%, 0, 0, 3, 0.24, 15980, 28
346, 0, 18, 33, 26, 4, 46.77%, 0, 0, 4, 3.28, 18314, 29
351, 0, 17, 36, 25, 0, 46.77%, 0, 0, 4, 616.42, 21388, 29
384, 0, 17, 37, 26, 0, 46.77%, 0, 0, 4, 3.34, 21923, 29
419, 0, 17, 38, 27, 0, 46.77%, 0, 0, 4, 0.40, 23574, 29
455, 0, 17, 38, 27, 0, 46.77%, 0, 0, 4, 0.42, 26824, 29
486, 0, 17, 38, 27, 0, 46.77%, 0, 0, 4, 4.62, 27854, 29
491, 0, 17, 40, 29, 0, 48.39%, 0, 0, 4, 651.56, 31246, 30
522, 0, 17, 40, 29, 0, 48.39%, 0, 0, 4, 2.88, 31634, 30
527, 0, 41, 44, 31, 0, 48.39%, 0, 0, 5, 644.57, 34981, 30
557, 0, 41, 44, 31, 0, 48.39%, 0, 0, 5, 2.46, 35461, 30
591, 0, 41, 44, 31, 0, 48.39%, 0, 0, 5, 3.37, 37045, 30
596, 0, 41, 44, 31, 0, 48.39%, 0, 0, 5, 650.00, 40441, 30
625, 0, 21, 44, 31, 0, 48.39%, 0, 0, 5, 4.67, 40843, 30
656, 0, 29, 45, 32, 0, 48.39%, 0, 0, 5, 3.66, 43593, 30
664, 0, 39, 46, 33, 0, 48.39%, 0, 0, 5, 2.61, 45841, 30
680, 0, 39, 46, 33, 0, 48.39%, 0, 0, 5, 2.52, 45860, 30
712, 0, 39, 46, 33, 0, 48.39%, 0, 0, 5, 3.91, 48645, 30
717, 0, 21, 49, 36, 0, 48.39%, 0, 0, 5, 691.39, 52315, 30
739, 0, 21, 50, 37, 0, 48.39%, 0, 0, 5, 0.60, 52620, 30
747, 0, 0, 50, 37, 0, 48.39%, 0, 0, 5, 22.86, 54429, 30
761, 0, 0, 50, 37, 0, 48.39%, 0, 0, 5, 0.80, 54440, 30
788, 0, 41, 53, 40, 0, 48.39%, 0, 0, 5, 1.97, 57738, 30
791, 0, 24, 53, 40, 0, 48.39%, 1, 0, 5, 0.00, 59735, 30
