# relative_time, cycles_done, cur_item, corpus_count, pending_total, pending_favs, map_size, saved_crashes, saved_hangs, max_depth, execs_per_sec, total_execs, edges_found
73, 0, 0, 10, 10, 1, 29.47%, 0, 0, 2, 0.04, 1690, 28
78, 0, 0, 10, 10, 1, 29.47%, 0, 0, 2, 411.76, 1778, 28
122, 0, 0, 11, 11, 1, 29.47%, 0, 0, 2, 1.11, 3445, 28
127, 0, 0, 12, 12, 1, 29.47%, 0, 0, 2, 638.98, 4778, 28
175, 0, 0, 13, 13, 1, 30.53%, 0, 0, 2, 0.73, 6759, 29
180, 0, 0, 14, 14, 1, 31.58%, 0, 0, 2, 577.78, 9769, 30
214, 0, 0, 14, 14, 1, 31.58%, 0, 0, 2, 0.33, 10176, 30
222, 0, 0, 14, 14, 1, 31.58%, 0, 0, 2, 0.34, 10180, 30
263, 0, 0, 15, 15, 1, 31.58%, 0, 0, 2, 0.08, 11770, 30
268, 0, 0, 15, 15, 1, 31.58%, 0, 0, 2, 643.70, 15059, 30
306, 0, 0, 15, 15, 1, 31.58%, 0, 0, 2, 0.22, 15235, 30
346, 0, 0, 15, 15, 1, 31.58%, 0, 0, 2, 0.66, 17471, 30
351, 0, 0, 15, 15, 1, 31.58%, 0, 0, 2, 590.15, 20446, 30
384, 0, 0, 15, 15, 1, 31.58%, 0, 0, 2, 1.36, 20886, 30
419, 0, 0, 15, 15, 1, 31.58%, 0, 0, 2, 0.73, 22439, 30
455, 0, 0, 16, 16, 1, 32.63%, 0, 0, 2, 0.78, 25542, 31
486, 0, 0, 16, 16, 1, 32.63%, 0, 0, 2, 4.72, 26543, 31
491, 0, 0, 16, 16, 1, 32.63%, 0, 0, 2, 620.96, 29790, 31
522, 0, 0, 16, 16, 1, 32.63%, 0, 0, 2, 3.61, 30186, 31
527, 0, 0, 16, 16, 1, 32.63%, 0, 0, 2, 611.30, 33474, 31
557, 0, 0, 16, 16, 1, 32.63%, 0, 0, 2, 4.49, 33882, 31
591, 0, 0, 16, 16, 1, 32.63%, 0, 0, 2, 2.03, 35422, 31
596, 0, 0, 16, 16, 1, 32.63%, 0, 0, 2, 623.08, 38598, 31
625, 0, 0, 17, 17, 1, 32.63%, 0, 0, 2, 2.56, 39061, 31
656, 0, 0, 17, 17, 1, 32.63%, 0, 0, 2, 4.79, 41747, 31
664, 0, 0, 18, 18, 1, 33.68%, 0, 0, 2, 14.28, 43977, 32
680, 0, 0, 18, 18, 1, 33.68%, 0, 0, 2, 0.98, 43992, 32
693, 0, 0, 18, 18, 1, 33.68%, 0, 0, 2, 29.11, 46707, 32
712, 0, 0, 18, 18, 1, 33.68%, 0, 0, 2, 0.04, 46708, 32
717, 0, 0, 18, 18, 1, 33.68%, 0, 0, 2, 707.30, 50360, 32
739, 0, 0, 18, 18, 1, 33.68%, 0, 0, 2, 2.40, 50750, 32
746, 0, 0, 19, 19, 1, 36.84%, 0, 0, 2, 11.42, 52590, 35
761, 0, 0, 19, 19, 1, 36.84%, 0, 0, 2, 0.67, 52602, 35
773, 0, 0, 19, 19, 1, 36.84%, 0, 0, 2, 15.99, 56009, 35
788, 0, 0, 19, 19, 1, 36.84%, 0, 0, 2, 0.07, 56010, 35
793, 0, 0, 19, 19, 1, 36.84%, 0, 0, 2, 726.93, 59649, 35
816, 0, 0, 19, 19, 1, 36.84%, 0, 0, 2, 1.23, 59985, 35
836, 0, 0, 20, 20, 1, 36.84%, 0, 0, 2, 0.13, 62424, 35
841, 0, 0, 20, 20, 1, 36.84%, 0, 0, 2, 776.96, 66337, 35
863, 0, 0, 20, 20, 1, 36.84%, 0, 0, 2, 2.80, 66727, 35
892, 0, 0, 20, 20, 1, 36.84%, 0, 0, 2, 5.01, 70627, 35
897, 0, 0, 21, 21, 1, 36.84%, 0, 0, 2, 787.17, 74639, 35
915, 0, 0, 21, 21, 1, 36.84%, 0, 0, 2, 0.86, 75314, 35
933, 0, 0, 21, 21, 1, 36.84%, 0, 0, 2, 8.86, 77941, 35
946, 0, 0, 21, 21, 1, 36.84%, 0, 0, 2, 6.31, 80534, 35
953, 0, 0, 21, 21, 1, 36.84%, 0, 0, 2, 5.98, 80560, 35
958, 0, 0, 21, 21, 1, 36.84%, 0, 0, 2, 766.44, 84494, 35
968, 0, 0, 21, 21, 1, 36.84%, 0, 0, 2, 0.32, 85246, 35
974, 0, 0, 21, 21, 1, 36.84%, 0, 0, 2, 778.64, 89234, 35
990, 0, 0, 21, 21, 1, 36.84%, 0, 0, 2, 0.93, 89684, 35
1006, 0, 0, 22, 22, 1, 37.89%, 0, 0, 2, 2.65, 92856, 36
1026, 0, 0, 22, 22, 1, 37.89%, 0, 0, 2, 5.08, 96460, 36
1040, 0, 0, 24, 24, 1, 37.89%, 0, 0, 2, 4.96, 100325, 36
1045, 0, 0, 25, 25, 1, 38.95%, 0, 0, 2, 791.27, 104397, 37
1064, 0, 0, 25, 25, 1, 38.95%, 0, 0, 2, 3.29, 104787, 37
1069, 0, 0, 26, 26, 1, 38.95%, 0, 0, 2, 811.96, 108888, 37
1078, 0, 0, 26, 26, 1, 38.95%, 0, 0, 2, 7.62, 109448, 37
1096, 0, 0, 27, 27, 1, 40.00%, 0, 0, 2, 2.98, 111583, 38
1101, 0, 0, 27, 27, 1, 40.00%, 0, 0, 2, 815.38, 115727, 38
1114, 0, 0, 27, 27, 1, 40.00%, 0, 0, 2, 4.13, 116799, 38
1119, 0, 0, 28, 28, 1, 41.05%, 0, 0, 2, 794.43, 120903, 39
1129, 0, 0, 28, 28, 1, 41.05%, 0, 0, 2, 12.70, 121382, 39
1146, 0, 0, 29, 29, 1, 42.11%, 0, 0, 2, 8.67, 124557, 40
1151, 0, 0, 29, 29, 1, 42.11%, 0, 0, 2, 793.38, 128560, 40
1156, 0, 0, 29, 29, 1, 42.11%, 0, 0, 2, 834.72, 130573, 40
1170, 0, 0, 29, 29, 1, 42.11%, 0, 0, 2, 7.06, 132573, 40
1175, 0, 0, 29, 29, 1, 42.11%, 0, 0, 2, 816.41, 136829, 40
1180, 0, 24, 34, 30, 7, 43.16%, 0, 0, 3, 503.35, 139293, 41
1189, 0, 26, 34, 29, 6, 43.16%, 0, 0, 3, 17.33, 139921, 41
1194, 0, 33, 37, 26, 0, 43.16%, 0, 0, 4, 817.49, 144140, 41
1204, 0, 33, 38, 27, 0, 43.16%, 0, 0, 4, 8.71, 145753, 41
1209, 0, 24, 42, 31, 0, 43.16%, 0, 0, 4, 808.79, 149975, 41
1218, 0, 24, 42, 31, 0, 43.16%, 0, 0, 4, 19.69, 151488, 41
1224, 0, 24, 46, 35, 0, 43.16%, 0, 0, 4, 771.13, 155533, 41
1229, 0, 33, 46, 35, 0, 43.16%, 0, 0, 4, 20.30, 156757, 41
1237, 0, 33, 47, 36, 0, 43.16%, 0, 0, 4, 21.51, 159560, 41
1242, 0, 18, 49, 37, 0, 43.16%, 0, 0, 4, 794.19, 163549, 41
1248, 0, 33, 49, 37, 0, 43.16%, 0, 0, 4, 750.19, 165911, 41
1253, 0, 24, 49, 37, 0, 43.16%, 0, 0, 4, 10.30, 166810, 41
1258, 0, 49, 50, 37, 0, 44.21%, 0, 0, 4, 800.66, 169878, 42
1263, 0, 50, 51, 37, 0, 45.26%, 0, 0, 5, 794.98, 173866, 43
1270, 0, 50, 51, 37, 0, 45.26%, 0, 0, 5, 5.50, 174661, 43
1275, 1, 50, 52, 38, 0, 45.26%, 0, 0, 6, 799.62, 178616, 43
1284, 1, 53, 57, 43, 0, 45.26%, 0, 0, 7, 9.76, 181896, 43
1289, 1, 17, 60, 44, 0, 45.26%, 0, 0, 7, 744.93, 185894, 43
1294, 1, 17, 63, 47, 0, 45.26%, 0, 0, 7, 778.43, 189823, 43
1300, 1, 17, 63, 47, 0, 45.26%, 0, 0, 7, 18.59, 190667, 43
1305, 1, 17, 68, 51, 0, 45.26%, 0, 0, 7, 761.36, 194714, 43
1310, 1, 17, 70, 53, 0, 45.26%, 0, 0, 7, 783.53, 198734, 43
1315, 1, 17, 70, 51, 0, 45.26%, 0, 0, 7, 797.58, 202780, 43
1320, 1, 17, 70, 49, 0, 45.26%, 0, 0, 7, 770.28, 206624, 43
1325, 1, 17, 70, 49, 0, 45.26%, 0, 0, 7, 782.62, 210500, 43
1330, 2, 24, 75, 54, 0, 45.26%, 0, 0, 7, 787.15, 214444, 43
1338, 2, 17, 79, 58, 0, 45.26%, 0, 0, 7, 9.62, 218107, 43
1343, 2, 15, 84, 63, 0, 45.26%, 0, 0, 7, 677.83, 221996, 43
1348, 2, 17, 86, 65, 0, 45.26%, 0, 0, 7, 783.44, 226165, 43
1353, 2, 17, 89, 68, 0, 45.26%, 0, 0, 7, 796.91, 230187, 43
1358, 2, 72, 90, 69, 0, 45.26%, 0, 0, 7, 776.97, 234060, 43
1363, 2, 17, 96, 73, 0, 45.26%, 0, 0, 7, 746.35, 237853, 43
1368, 2, 49, 97, 73, 0, 45.26%, 0, 0, 7, 770.58, 241756, 43
1373, 2, 27, 101, 77, 0, 45.26%, 0, 0, 7, 784.75, 245720, 43
1379, 2, 50, 103, 79, 0, 45.26%, 0, 0, 7, 754.16, 249555, 43
1384, 3, 17, 103, 78, 0, 45.26%, 0, 0, 7, 777.31, 253585, 43
1389, 3, 17, 103, 78, 0, 45.26%, 0, 0, 7, 792.93, 257747, 43
1394, 3, 17, 104, 78, 0, 45.26%, 0, 0, 7, 767.13, 261723, 43
1399, 3, 13, 105, 79, 0, 45.26%, 0, 0, 7, 743.48, 265477, 43
1405, 3, 13, 105, 79, 0, 45.26%, 0, 0, 7, 772.82, 269511, 43
1410, 3, 55, 105, 79, 0, 45.26%, 0, 0, 7, 769.62, 273335, 43
1415, 3, 50, 105, 78, 0, 45.26%, 0, 0, 7, 530.09, 276292, 43
1420, 3, 103, 105, 77, 0, 45.26%, 0, 0, 7, 661.17, 279962, 43
1425, 3, 17, 105, 76, 0, 45.26%, 0, 0, 7, 725.66, 283498, 43
1430, 3, 17, 105, 75, 0, 45.26%, 0, 0, 7, 769.99, 287437, 43
1435, 3, 17, 105, 75, 0, 45.26%, 0, 0, 7, 717.79, 291059, 43
1440, 4, 33, 109, 79, 0, 45.26%, 0, 0, 7, 775.97, 295080, 43
1445, 4, 17, 109, 78, 0, 45.26%, 0, 0, 7, 792.60, 299030, 43
1450, 4, 96, 109, 77, 0, 45.26%, 0, 0, 7, 694.44, 302636, 43
1455, 4, 17, 110, 77, 0, 45.26%, 0, 0, 7, 762.38, 306502, 43
1460, 4, 21, 110, 76, 0, 45.26%, 0, 0, 7, 784.13, 310553, 43
1465, 4, 49, 110, 76, 0, 45.26%, 0, 0, 7, 778.46, 314291, 43
1470, 4, 24, 110, 76, 0, 45.26%, 0, 0, 7, 788.87, 318398, 43
1475, 4, 101, 110, 76, 0, 45.26%, 0, 0, 7, 700.28, 322029, 43
1481, 4, 17, 110, 74, 0, 45.26%, 0, 0, 7, 736.49, 325818, 43
1486, 4, 50, 110, 74, 0, 45.26%, 0, 0, 7, 791.12, 329991, 43
1491, 4, 77, 110, 73, 0, 45.26%, 0, 0, 7, 756.21, 333750, 43
1496, 4, 50, 110, 72, 0, 45.26%, 0, 0, 7, 777.52, 337557, 43
1501, 4, 24, 110, 72, 0, 45.26%, 0, 0, 7, 804.20, 341594, 43
1506, 5, 50, 110, 72, 0, 45.26%, 0, 0, 7, 816.05, 345818, 43
1511, 5, 17, 110, 72, 0, 45.26%, 0, 0, 7, 800.09, 349844, 43
1516, 5, 17, 110, 72, 0, 45.26%, 0, 0, 7, 772.58, 353719, 43
1521, 5, 33, 110, 72, 0, 45.26%, 0, 0, 7, 755.16, 357469, 43
1527, 5, 50, 110, 72, 0, 45.26%, 0, 0, 7, 775.26, 361503, 43
1532, 5, 70, 110, 72, 0, 45.26%, 0, 0, 7, 781.47, 365398, 43
1537, 5, 49, 110, 71, 0, 45.26%, 0, 0, 7, 775.69, 369383, 43
1541, 5, 84, 110, 71, 0, 45.26%, 1, 0, 7, 0.00, 372854, 43
