# relative_time, cycles_done, cur_item, corpus_count, pending_total, pending_favs, map_size, saved_crashes, saved_hangs, max_depth, execs_per_sec, total_execs, edges_found
77, 0, 0, 5, 4, 0, 22.78%, 0, 0, 2, 0.13, 1773, 18
122, 0, 0, 5, 4, 0, 22.78%, 0, 0, 2, 0.99, 3169, 18
127, 0, 3, 11, 9, 1, 24.05%, 0, 0, 3, 457.65, 4151, 19
175, 0, 3, 13, 11, 1, 25.32%, 0, 0, 3, 0.71, 5545, 20
181, 0, 3, 15, 13, 1, 29.11%, 0, 0, 3, 421.42, 7687, 23
215, 0, 3, 15, 13, 1, 29.11%, 0, 0, 3, 0.72, 7999, 23
222, 0, 3, 15, 13, 1, 29.11%, 0, 0, 3, 0.71, 8003, 23
263, 0, 3, 16, 14, 1, 30.38%, 0, 0, 3, 0.03, 9151, 24
268, 0, 15, 17, 10, 0, 30.38%, 0, 0, 4, 452.70, 11417, 24
306, 0, 15, 17, 10, 0, 30.38%, 0, 0, 4, 0.08, 11588, 24
346, 0, 18, 19, 12, 2, 32.91%, 0, 0, 4, 1.81, 13156, 26
351, 0, 19, 20, 10, 0, 34.18%, 0, 0, 5, 418.55, 15248, 27
384, 0, 19, 20, 10, 0, 34.18%, 0, 0, 5, 1.76, 15589, 27
419, 0, 10, 20, 10, 0, 34.18%, 0, 0, 5, 0.24, 16695, 27
455, 0, 18, 22, 12, 0, 34.18%, 0, 0, 5, 2.89, 18924, 27
463, 0, 18, 22, 12, 0, 34.18%, 0, 0, 5, 13.83, 19665, 27
486, 0, 18, 22, 12, 0, 34.18%, 0, 0, 5, 0.25, 19671, 27
491, 0, 23, 25, 14, 0, 35.44%, 0, 0, 6, 464.67, 22010, 28
522, 0, 23, 26, 15, 0, 36.71%, 0, 0, 6, 2.04, 22395, 29
527, 0, 23, 29, 18, 0, 36.71%, 0, 0, 6, 465.47, 24846, 29
557, 0, 23, 29, 18, 0, 36.71%, 0, 0, 6, 0.92, 25170, 29
591, 0, 23, 29, 17, 0, 36.71%, 0, 0, 6, 1.87, 26320, 29
596, 0, 25, 31, 19, 0, 36.71%, 0, 0, 7, 462.66, 28696, 29
625, 0, 25, 32, 20, 0, 36.71%, 0, 0, 7, 1.70, 29066, 29
656, 0, 10, 34, 22, 0, 36.71%, 0, 0, 7, 2.62, 31039, 29
664, 0, 17, 35, 23, 0, 36.71%, 0, 0, 7, 3.34, 32674, 29
680, 0, 17, 35, 23, 0, 36.71%, 0, 0, 7, 0.46, 32681, 29
712, 1, 26, 40, 28, 0, 36.71%, 0, 0, 7, 8.30, 34683, 29
712, 1, 26, 40, 28, 0, 36.71%, 0, 0, 7, 0.05, 34684, 29
717, 1, 18, 44, 30, 0, 36.71%, 0, 0, 7, 492.95, 37282, 29
740, 1, 6, 44, 30, 0, 36.71%, 0, 0, 7, 1.11, 37486, 29
747, 1, 10, 44, 28, 0, 36.71%, 0, 0, 7, 16.20, 38743, 29
761, 1, 10, 44, 28, 0, 36.71%, 0, 0, 7, 0.51, 38750, 29
788, 1, 25, 45, 28, 0, 36.71%, 0, 0, 7, 0.50, 41172, 29
793, 1, 38, 50, 31, 0, 36.71%, 0, 0, 7, 547.78, 43870, 29
816, 1, 10, 50, 30, 0, 36.71%, 0, 0, 7, 1.97, 44164, 29
836, 1, 14, 54, 33, 0, 36.71%, 0, 0, 7, 2.81, 46059, 29
841, 1, 14, 57, 36, 0, 37.97%, 0, 0, 7, 606.01, 49184, 30
863, 1, 56, 58, 37, 1, 37.97%, 0, 0, 7, 4.48, 49396, 30
892, 2, 15, 61, 38, 0, 37.97%, 0, 0, 7, 5.15, 52504, 30
897, 2, 10, 71, 48, 0, 37.97%, 0, 0, 8, 611.79, 55442, 30
915, 2, 10, 72, 49, 0, 37.97%, 0, 0, 8, 5.32, 56053, 30
933, 2, 56, 73, 50, 0, 37.97%, 0, 0, 8, 1.81, 58157, 30
946, 2, 19, 77, 53, 0, 37.97%, 0, 0, 8, 3.90, 60080, 30
953, 2, 19, 77, 53, 0, 37.97%, 0, 0, 8, 3.79, 60099, 30
958, 2, 10, 79, 52, 0, 37.97%, 0, 0, 8, 577.70, 63008, 30
963, 2, 17, 80, 53, 0, 37.97%, 0, 0, 8, 25.07, 63637, 30
969, 2, 17, 80, 53, 0, 37.97%, 0, 0, 8, 0.19, 63638, 30
974, 2, 25, 82, 54, 0, 37.97%, 0, 0, 8, 565.64, 66459, 30
991, 2, 18, 83, 55, 0, 37.97%, 0, 0, 8, 5.40, 66912, 30
1006, 2, 10, 83, 54, 0, 37.97%, 0, 0, 8, 2.12, 69239, 30
1017, 2, 10, 85, 54, 0, 37.97%, 0, 0, 8, 13.75, 71850, 30
1026, 2, 10, 85, 54, 0, 37.97%, 0, 0, 8, 0.34, 71853, 30
1040, 2, 54, 85, 54, 0, 37.97%, 0, 0, 8, 7.88, 74709, 30
1045, 2, 10, 87, 55, 0, 37.97%, 0, 0, 8, 599.39, 77819, 30
1064, 2, 14, 87, 55, 0, 37.97%, 0, 0, 8, 0.15, 78118, 30
1069, 3, 14, 87, 55, 0, 37.97%, 0, 0, 8, 639.44, 81417, 30
1078, 3, 10, 87, 55, 0, 37.97%, 0, 0, 8, 16.88, 81842, 30
1096, 3, 56, 88, 56, 0, 37.97%, 0, 0, 8, 6.22, 83558, 30
1102, 3, 10, 89, 56, 0, 37.97%, 0, 0, 8, 707.49, 87214, 30
1114, 3, 10, 89, 56, 0, 37.97%, 0, 0, 8, 8.19, 87997, 30
1120, 3, 12, 89, 54, 0, 37.97%, 0, 0, 8, 655.74, 91264, 30
1129, 3, 10, 89, 54, 0, 37.97%, 0, 0, 8, 13.29, 91675, 30
1146, 3, 56, 89, 54, 0, 37.97%, 0, 0, 8, 10.85, 94477, 30
1151, 3, 15, 89, 54, 0, 37.97%, 0, 0, 8, 702.89, 98095, 30
1156, 3, 10, 89, 54, 0, 37.97%, 0, 0, 8, 735.62, 99821, 30
1170, 3, 18, 89, 53, 0, 37.97%, 0, 0, 8, 8.63, 101609, 30
1175, 4, 15, 89, 53, 0, 37.97%, 0, 0, 8, 747.06, 105434, 30
1180, 4, 88, 89, 53, 0, 37.97%, 0, 0, 8, 717.82, 107694, 30
1189, 4, 88, 89, 53, 0, 37.97%, 0, 0, 8, 3.40, 108268, 30
1194, 4, 10, 90, 53, 0, 37.97%, 0, 0, 8, 723.09, 111915, 30
1204, 4, 10, 90, 53, 0, 37.97%, 0, 0, 8, 7.45, 113484, 30
1210, 4, 10, 90, 52, 0, 37.97%, 0, 0, 8, 755.14, 117394, 30
1219, 4, 25, 90, 52, 0, 37.97%, 0, 0, 8, 21.06, 118694, 30
1224, 4, 23, 91, 52, 0, 37.97%, 0, 0, 8, 735.13, 122443, 30
1229, 4, 10, 91, 52, 0, 37.97%, 0, 0, 8, 1.86, 123578, 30
1238, 4, 25, 91, 52, 0, 37.97%, 0, 0, 8, 24.25, 126232, 30
1243, 4, 10, 91, 52, 0, 37.97%, 0, 0, 8, 713.82, 129999, 30
1248, 5, 23, 91, 52, 0, 37.97%, 0, 0, 8, 734.57, 132167, 30
1253, 5, 23, 91, 52, 0, 37.97%, 0, 0, 8, 18.97, 132855, 30
1258, 5, 17, 91, 52, 0, 37.97%, 0, 0, 8, 739.42, 135603, 30
1263, 5, 86, 91, 51, 0, 37.97%, 0, 0, 8, 740.20, 139361, 30
1270, 5, 25, 91, 50, 0, 37.97%, 0, 0, 8, 2.57, 140138, 30
1275, 5, 10, 91, 50, 0, 37.97%, 0, 0, 8, 724.13, 143837, 30
1284, 5, 91, 92, 50, 1, 39.24%, 0, 0, 9, 10.43, 146763, 31
1289, 5, 17, 92, 49, 0, 39.24%, 0, 0, 9, 690.61, 150340, 31
1294, 5, 91, 94, 51, 0, 39.24%, 0, 0, 10, 658.18, 153706, 31
1300, 5, 91, 94, 51, 0, 39.24%, 0, 0, 10, 13.29, 154401, 31
1305, 5, 91, 95, 52, 0, 39.24%, 0, 0, 10, 650.68, 157622, 31
1310, 5, 93, 95, 52, 1, 39.24%, 0, 0, 10, 686.22, 161346, 31
1315, 5, 93, 96, 52, 0, 43.04%, 0, 0, 11, 681.86, 164813, 34
1320, 5, 93, 97, 53, 0, 45.57%, 0, 0, 11, 624.80, 167922, 36
1325, 5, 93, 97, 53, 0, 45.57%, 0, 0, 11, 691.07, 171404, 36
1330, 5, 96, 97, 52, 1, 45.57%, 0, 0, 11, 656.64, 174638, 36
1338, 5, 95, 97, 51, 0, 45.57%, 0, 0, 11, 28.10, 177975, 36
1343, 5, 10, 97, 51, 0, 45.57%, 0, 0, 11, 632.30, 181534, 36
1349, 5, 95, 98, 52, 0, 45.57%, 0, 0, 12, 677.59, 184905, 36
1354, 5, 96, 98, 52, 0, 45.57%, 0, 0, 12, 707.40, 188357, 36
1359, 5, 10, 98, 51, 0, 45.57%, 0, 0, 12, 713.19, 192064, 36
1364, 6, 76, 98, 51, 0, 45.57%, 0, 0, 12, 680.30, 195518, 36
1369, 6, 10, 99, 51, 0, 45.57%, 0, 0, 12, 707.08, 199178, 36
1374, 6, 96, 99, 51, 0, 45.57%, 0, 0, 12, 723.63, 202968, 36
1379, 6, 70, 99, 51, 0, 45.57%, 0, 0, 12, 738.19, 206794, 36
1384, 6, 95, 99, 49, 0, 45.57%, 0, 0, 12, 676.95, 210153, 36
1390, 6, 10, 99, 49, 0, 45.57%, 0, 0, 12, 746.40, 214120, 36
1395, 6, 96, 99, 48, 0, 45.57%, 0, 0, 12, 678.66, 217418, 36
1400, 6, 96, 99, 47, 0, 45.57%, 0, 0, 12, 708.54, 221127, 36
1405, 6, 96, 99, 46, 0, 45.57%, 0, 0, 12, 734.26, 224892, 36
1410, 6, 10, 99, 45, 0, 45.57%, 0, 0, 12, 715.67, 228447, 36
1415, 6, 96, 99, 45, 0, 45.57%, 0, 0, 12, 506.35, 231208, 36
1420, 6, 96, 100, 46, 0, 45.57%, 0, 0, 12, 701.41, 235134, 36
1425, 6, 95, 100, 44, 0, 45.57%, 0, 0, 12, 709.98, 238623, 36
1430, 7, 96, 100, 43, 0, 45.57%, 0, 0, 12, 733.09, 242354, 36
1435, 7, 95, 100, 43, 0, 45.57%, 0, 0, 12, 676.91, 245709, 36
1440, 7, 96, 100, 42, 0, 45.57%, 0, 0, 12, 737.27, 249491, 36
1445, 7, 96, 100, 42, 0, 45.57%, 0, 0, 12, 711.30, 253092, 36
1450, 7, 96, 100, 41, 0, 45.57%, 0, 0, 12, 736.53, 256867, 36
1451, 7, 96, 100, 41, 0, 45.57%, 1, 0, 12, 0.00, 257250, 36
