# relative_time, cycles_done, cur_item, corpus_count, pending_total, pending_favs, map_size, saved_crashes, saved_hangs, max_depth, execs_per_sec, total_execs, edges_found
77, 0, 0, 8, 7, 0, 32.05%, 0, 0, 2, 0.04, 1597, 25
78, 0, 0, 9, 8, 0, 32.05%, 0, 0, 2, 273.68, 1676, 25
121, 0, 0, 9, 8, 0, 32.05%, 0, 0, 2, 1.04, 3227, 25
127, 0, 2, 13, 10, 0, 33.33%, 0, 0, 3, 635.73, 4551, 26
175, 0, 2, 13, 10, 0, 33.33%, 0, 0, 3, 1.95, 6492, 26
180, 0, 14, 16, 11, 1, 35.90%, 0, 0, 4, 577.00, 9479, 28
214, 0, 10, 16, 10, 0, 35.90%, 0, 0, 4, 3.65, 9862, 28
221, 0, 10, 16, 10, 0, 35.90%, 0, 0, 4, 0.14, 9863, 28
263, 0, 10, 16, 10, 0, 35.90%, 0, 0, 4, 1.00, 11434, 28
268, 0, 10, 16, 10, 0, 35.90%, 0, 0, 4, 627.58, 14681, 28
306, 0, 10, 16, 10, 0, 35.90%, 0, 0, 4, 0.32, 14821, 28
346, 0, 13, 16, 10, 0, 35.90%, 0, 0, 4, 2.96, 16992, 28
351, 0, 13, 19, 13, 0, 37.18%, 0, 0, 5, 576.92, 19849, 29
384, 0, 13, 19, 13, 0, 37.18%, 0, 0, 5, 3.06, 20344, 29
419, 0, 13, 19, 13, 0, 37.18%, 0, 0, 5, 1.46, 21865, 29
455, 0, 18, 22, 15, 0, 37.18%, 0, 0, 6, 4.00, 24886, 29
486, 0, 18, 23, 16, 0, 38.46%, 0, 0, 6, 3.70, 25855, 30
491, 1, 23, 27, 18, 0, 42.31%, 0, 0, 6, 603.56, 29020, 33
522, 1, 23, 27, 18, 0, 42.31%, 0, 0, 6, 3.21, 29390, 33
527, 1, 23, 30, 21, 0, 44.87%, 0, 0, 6, 598.32, 32563, 35
557, 1, 23, 31, 22, 0, 44.87%, 0, 0, 6, 0.41, 32966, 35
591, 1, 26, 34, 24, 2, 44.87%, 0, 0, 6, 2.00, 34452, 35
596, 1, 21, 38, 25, 0, 44.87%, 0, 0, 7, 605.14, 37517, 35
625, 1, 27, 39, 25, 0, 46.15%, 0, 0, 7, 3.23, 37992, 36
656, 1, 27, 46, 32, 0, 46.15%, 0, 0, 7, 2.88, 40584, 36
664, 1, 27, 46, 32, 0, 46.15%, 0, 0, 7, 25.71, 42716, 36
679, 1, 27, 46, 32, 0, 46.15%, 0, 0, 7, 0.65, 42726, 36
712, 1, 10, 49, 34, 0, 46.15%, 0, 0, 7, 2.87, 45341, 36
717, 1, 38, 52, 37, 0, 46.15%, 0, 0, 7, 667.96, 48819, 36
739, 1, 18, 52, 37, 0, 46.15%, 0, 0, 7, 1.94, 49202, 36
761, 1, 10, 54, 38, 0, 46.15%, 0, 0, 7, 6.09, 50989, 36
787, 1, 10, 56, 39, 0, 47.44%, 0, 0, 7, 1.28, 54282, 37
792, 1, 18, 58, 41, 0, 47.44%, 0, 0, 7, 697.86, 57753, 37
816, 1, 55, 59, 42, 0, 47.44%, 0, 0, 7, 2.45, 58118, 37
836, 1, 55, 62, 45, 0, 48.72%, 0, 0, 7, 1.65, 60463, 38
841, 1, 55, 62, 45, 0, 48.72%, 0, 0, 7, 745.04, 64179, 38
863, 1, 55, 63, 46, 0, 48.72%, 0, 0, 7, 3.63, 64572, 38
892, 1, 58, 63, 45, 1, 48.72%, 0, 0, 7, 5.01, 68299, 38
897, 1, 63, 68, 48, 0, 51.28%, 0, 0, 9, 754.43, 72068, 40
915, 1, 63, 69, 49, 0, 51.28%, 0, 0, 9, 5.13, 72795, 40
933, 1, 63, 72, 52, 0, 52.56%, 0, 0, 9, 5.22, 75306, 41
945, 1, 63, 72, 52, 0, 52.56%, 0, 0, 9, 2.96, 77762, 41
953, 1, 63, 72, 52, 0, 52.56%, 0, 0, 9, 2.90, 77784, 41
958, 1, 67, 73, 52, 1, 52.56%, 0, 0, 10, 728.92, 81439, 41
968, 1, 67, 73, 52, 1, 52.56%, 0, 0, 10, 7.45, 82279, 41
973, 1, 10, 74, 51, 0, 52.56%, 0, 0, 10, 740.86, 85963, 41
990, 1, 10, 74, 51, 0, 52.56%, 0, 0, 10, 6.44, 86492, 41
1006, 1, 14, 75, 52, 0, 52.56%, 0, 0, 10, 3.71, 89522, 41
1026, 1, 14, 75, 52, 0, 52.56%, 0, 0, 10, 10.09, 92981, 41
1040, 1, 69, 75, 52, 0, 52.56%, 0, 0, 10, 11.48, 96706, 41
1045, 1, 69, 75, 52, 0, 52.56%, 0, 0, 10, 758.26, 100537, 41
1063, 1, 69, 75, 52, 0, 52.56%, 0, 0, 10, 6.55, 100993, 41
1068, 1, 69, 75, 52, 0, 52.56%, 0, 0, 10, 783.01, 104922, 41
1078, 1, 69, 75, 52, 0, 52.56%, 0, 0, 10, 12.43, 105522, 41
1096, 1, 69, 76, 53, 0, 52.56%, 0, 0, 10, 6.48, 107599, 41
1099, 1, 69, 76, 53, 0, 52.56%, 1, 0, 10, 0.00, 109997, 41
