# relative_time, cycles_done, cur_item, corpus_count, pending_total, pending_favs, map_size, saved_crashes, saved_hangs, max_depth, execs_per_sec, total_execs, edges_found
60, 0, 0, 14, 10, 0, 28.00%, 0, 0, 2, 717.61, 8832, 28
73, 0, 0, 14, 10, 0, 28.00%, 0, 0, 2, 9.67, 10209, 28
81, 0, 0, 14, 10, 0, 28.00%, 0, 0, 2, 4.16, 11043, 28
92, 0, 0, 14, 10, 0, 28.00%, 0, 0, 2, 3.96, 11053, 28
97, 1, 0, 14, 10, 0, 28.00%, 0, 0, 2, 763.07, 14910, 28
118, 1, 13, 18, 14, 0, 31.00%, 0, 0, 3, 4.79, 16217, 31
123, 1, 18, 31, 22, 0, 37.00%, 0, 0, 4, 739.61, 20016, 37
143, 1, 30, 35, 25, 1, 39.00%, 0, 0, 5, 6.08, 21450, 39
148, 1, 30, 37, 27, 1, 39.00%, 0, 0, 5, 742.01, 25258, 39
161, 1, 30, 37, 27, 1, 39.00%, 0, 0, 5, 1.18, 25888, 39
178, 1, 30, 41, 31, 1, 41.00%, 0, 0, 5, 4.90, 29330, 41
183, 1, 30, 43, 33, 1, 41.00%, 0, 0, 5, 754.72, 33229, 41
199, 1, 41, 47, 35, 3, 41.00%, 0, 0, 6, 12.26, 35099, 41
204, 1, 41, 51, 39, 3, 41.00%, 0, 0, 6, 766.46, 39136, 41
212, 1, 41, 51, 39, 3, 41.00%, 0, 0, 6, 24.84, 41071, 41
220, 1, 41, 51, 39, 3, 41.00%, 0, 0, 6, 0.38, 41074, 41
225, 1, 41, 51, 39, 3, 41.00%, 0, 0, 6, 798.01, 45106, 41
234, 1, 41, 53, 41, 3, 42.00%, 0, 0, 6, 25.54, 46950, 42
248, 1, 38, 56, 42, 2, 42.00%, 0, 0, 6, 5.22, 50490, 42
253, 1, 33, 61, 44, 0, 43.00%, 0, 0, 6, 810.96, 54643, 43
261, 1, 33, 62, 45, 0, 43.00%, 0, 0, 6, 14.13, 56698, 43
272, 1, 33, 63, 46, 0, 45.00%, 0, 0, 6, 11.37, 60785, 45
277, 1, 0, 63, 45, 1, 45.00%, 0, 0, 6, 795.76, 63138, 45
281, 1, 62, 66, 46, 0, 49.00%, 1, 0, 7, 0.00, 66357, 49
