# relative_time, cycles_done, cur_item, corpus_count, pending_total, pending_favs, map_size, saved_crashes, saved_hangs, max_depth, execs_per_sec, total_execs, edges_found
72, 0, 0, 20, 20, 1, 44.87%, 0, 0, 2, 0.03, 1645, 35
77, 0, 0, 20, 20, 1, 44.87%, 0, 0, 2, 390.00, 1726, 35
89, 0, 0, 22, 22, 1, 47.44%, 0, 0, 2, 1.56, 2823, 37
121, 0, 0, 22, 22, 1, 47.44%, 0, 0, 2, 0.09, 2826, 37
127, 0, 0, 22, 22, 1, 47.44%, 0, 0, 2, 332.81, 3549, 37
175, 0, 0, 24, 24, 1, 55.13%, 0, 0, 2, 1.48, 4685, 43
180, 0, 0, 26, 26, 1, 55.13%, 0, 0, 2, 343.78, 6397, 43
221, 0, 0, 26, 26, 1, 55.13%, 0, 0, 2, 1.62, 6697, 43
263, 0, 0, 26, 26, 1, 55.13%, 0, 0, 2, 0.62, 7639, 43
268, 0, 0, 26, 26, 1, 55.13%, 0, 0, 2, 371.45, 9551, 43
306, 0, 0, 26, 26, 1, 55.13%, 0, 0, 2, 0.19, 9642, 43
345, 0, 0, 26, 26, 1, 55.13%, 0, 0, 2, 0.19, 10930, 43
350, 0, 0, 26, 26, 1, 55.13%, 0, 0, 2, 344.32, 12643, 43
383, 0, 0, 26, 26, 1, 55.13%, 0, 0, 2, 1.48, 12925, 43
419, 0, 0, 26, 26, 1, 55.13%, 0, 0, 2, 0.43, 13828, 43
454, 0, 0, 27, 27, 1, 55.13%, 0, 0, 2, 0.23, 15613, 43
462, 0, 0, 27, 27, 1, 55.13%, 0, 0, 2, 1.10, 16159, 43
486, 0, 0, 27, 27, 1, 55.13%, 0, 0, 2, 1.05, 16167, 43
491, 0, 0, 27, 27, 1, 55.13%, 0, 0, 2, 357.71, 18000, 43
521, 0, 0, 27, 27, 1, 55.13%, 0, 0, 2, 2.57, 18245, 43
527, 0, 0, 27, 27, 1, 55.13%, 0, 0, 2, 372.03, 20205, 43
556, 0, 0, 27, 27, 1, 55.13%, 0, 0, 2, 0.96, 20471, 43
591, 0, 0, 27, 27, 1, 55.13%, 0, 0, 2, 1.75, 21395, 43
596, 0, 0, 27, 27, 1, 55.13%, 0, 0, 2, 369.82, 23285, 43
625, 0, 0, 27, 27, 1, 55.13%, 0, 0, 2, 1.99, 23600, 43
655, 0, 0, 27, 27, 1, 55.13%, 0, 0, 2, 1.77, 25178, 43
664, 0, 0, 27, 27, 1, 55.13%, 0, 0, 2, 1.49, 26498, 43
679, 0, 0, 27, 27, 1, 55.13%, 0, 0, 2, 1.42, 26504, 43
712, 0, 0, 27, 27, 1, 55.13%, 0, 0, 2, 1.68, 28114, 43
717, 0, 0, 28, 28, 1, 55.13%, 0, 0, 2, 401.21, 30185, 43
739, 0, 0, 28, 28, 1, 55.13%, 0, 0, 2, 1.29, 30362, 43
747, 0, 0, 28, 28, 1, 55.13%, 0, 0, 2, 8.73, 31377, 43
761, 0, 0, 28, 28, 1, 55.13%, 0, 0, 2, 0.14, 31379, 43
787, 0, 0, 29, 29, 1, 55.13%, 0, 0, 2, 0.96, 33260, 43
792, 0, 0, 29, 29, 1, 55.13%, 0, 0, 2, 426.27, 35384, 43
801, 0, 0, 29, 29, 1, 55.13%, 0, 0, 2, 2.04, 35592, 43
816, 0, 0, 29, 29, 1, 55.13%, 0, 0, 2, 0.07, 35593, 43
836, 0, 0, 29, 29, 1, 55.13%, 0, 0, 2, 0.53, 37075, 43
841, 0, 0, 29, 29, 1, 55.13%, 0, 0, 2, 497.74, 39469, 43
863, 0, 0, 29, 29, 1, 55.13%, 0, 0, 2, 3.36, 39739, 43
891, 0, 0, 30, 30, 1, 56.41%, 0, 0, 2, 1.09, 42185, 44
896, 0, 30, 34, 32, 8, 57.69%, 0, 0, 3, 457.65, 44442, 45
915, 0, 30, 35, 33, 8, 57.69%, 0, 0, 3, 3.10, 44899, 45
932, 0, 22, 36, 33, 8, 57.69%, 0, 0, 3, 0.70, 46560, 45
945, 0, 13, 36, 32, 7, 57.69%, 0, 0, 3, 2.64, 48074, 45
953, 0, 13, 36, 32, 7, 57.69%, 0, 0, 3, 2.66, 48090, 45
955, 0, 34, 43, 37, 6, 57.69%, 1, 0, 4, 0.00, 48961, 45
