# relative_time, cycles_done, cur_item, corpus_count, pending_total, pending_favs, map_size, saved_crashes, saved_hangs, max_depth, execs_per_sec, total_execs, edges_found
73, 0, 0, 7, 5, 0, 29.47%, 0, 0, 2, 0.04, 1793, 28
78, 0, 0, 7, 5, 0, 29.47%, 0, 0, 2, 375.00, 1871, 28
89, 0, 0, 9, 7, 0, 29.47%, 0, 0, 2, 3.86, 3000, 28
122, 0, 0, 9, 7, 0, 29.47%, 0, 0, 2, 0.18, 3006, 28
127, 0, 0, 9, 7, 0, 29.47%, 0, 0, 2, 377.54, 3786, 28
176, 0, 0, 10, 8, 0, 29.47%, 0, 0, 2, 1.33, 4963, 28
181, 0, 0, 11, 9, 0, 29.47%, 0, 0, 2, 342.12, 6680, 28
222, 0, 0, 11, 9, 0, 29.47%, 0, 0, 2, 1.62, 6980, 28
264, 0, 0, 12, 9, 0, 29.47%, 0, 0, 2, 0.03, 7927, 28
269, 0, 12, 14, 10, 0, 31.58%, 0, 0, 3, 404.39, 10002, 30
306, 0, 12, 14, 10, 0, 31.58%, 0, 0, 3, 0.03, 10107, 30
346, 0, 12, 14, 10, 0, 31.58%, 0, 0, 3, 2.03, 11510, 30
351, 0, 13, 15, 10, 0, 31.58%, 0, 0, 3, 373.96, 13375, 30
384, 0, 13, 15, 10, 0, 31.58%, 0, 0, 3, 1.36, 13677, 30
420, 0, 0, 15, 10, 0, 31.58%, 0, 0, 3, 0.64, 14666, 30
455, 0, 0, 15, 10, 0, 31.58%, 0, 0, 3, 2.50, 16614, 30
487, 0, 0, 15, 10, 0, 31.58%, 0, 0, 3, 2.64, 17207, 30
492, 0, 0, 15, 10, 0, 31.58%, 0, 0, 3, 375.59, 19091, 30
522, 1, 13, 15, 10, 0, 31.58%, 0, 0, 3, 1.97, 19406, 30
528, 1, 0, 15, 10, 0, 31.58%, 0, 0, 3, 369.90, 21393, 30
557, 1, 0, 15, 10, 0, 31.58%, 0, 0, 3, 2.86, 21642, 30
592, 1, 0, 15, 10, 0, 31.58%, 0, 0, 3, 1.50, 22574, 30
597, 1, 0, 15, 10, 0, 31.58%, 0, 0, 3, 371.10, 24452, 30
626, 1, 0, 15, 10, 0, 31.58%, 0, 0, 3, 2.73, 24781, 30
656, 1, 0, 18, 13, 0, 31.58%, 0, 0, 3, 2.66, 26365, 30
665, 1, 12, 18, 13, 0, 31.58%, 0, 0, 3, 2.97, 27678, 30
680, 1, 12, 18, 13, 0, 31.58%, 0, 0, 3, 0.39, 27684, 30
713, 2, 7, 19, 14, 0, 31.58%, 0, 0, 3, 2.24, 29297, 30
718, 2, 12, 19, 13, 0, 31.58%, 0, 0, 3, 401.16, 31367, 30
740, 2, 12, 19, 13, 0, 31.58%, 0, 0, 3, 1.34, 31547, 30
746, 2, 0, 19, 13, 0, 31.58%, 0, 0, 3, 0.48, 32543, 30
762, 2, 0, 19, 13, 0, 31.58%, 0, 0, 3, 0.49, 32551, 30
788, 2, 0, 19, 13, 0, 31.58%, 0, 0, 3, 1.28, 34374, 30
793, 2, 12, 19, 13, 0, 31.58%, 0, 0, 3, 391.51, 36361, 30
817, 2, 12, 19, 13, 0, 31.58%, 0, 0, 3, 1.58, 36484, 30
837, 2, 0, 19, 13, 0, 31.58%, 0, 0, 3, 1.88, 37926, 30
842, 3, 18, 21, 15, 0, 31.58%, 0, 0, 4, 471.24, 40283, 30
864, 3, 18, 23, 17, 0, 34.74%, 0, 0, 4, 2.06, 40528, 33
892, 3, 22, 29, 21, 0, 37.89%, 0, 0, 5, 1.13, 42955, 36
898, 3, 22, 34, 26, 0, 40.00%, 0, 0, 5, 453.26, 45258, 38
916, 3, 22, 34, 26, 0, 40.00%, 0, 0, 5, 0.52, 45663, 38
933, 3, 22, 34, 26, 0, 40.00%, 0, 0, 5, 0.70, 47308, 38
946, 3, 22, 35, 27, 0, 41.05%, 0, 0, 5, 4.72, 48838, 39
954, 3, 22, 35, 27, 0, 41.05%, 0, 0, 5, 4.70, 48856, 39
959, 3, 22, 36, 28, 0, 41.05%, 0, 0, 5, 455.10, 51122, 39
969, 3, 22, 36, 28, 0, 41.05%, 0, 0, 5, 2.88, 51653, 39
974, 3, 22, 37, 29, 0, 41.05%, 0, 0, 5, 453.12, 53910, 39
991, 3, 22, 37, 29, 0, 41.05%, 0, 0, 5, 4.97, 54294, 39
1006, 3, 22, 39, 31, 0, 41.05%, 0, 0, 5, 0.80, 56150, 39
1018, 3, 22, 46, 38, 0, 41.05%, 0, 0, 5, 8.59, 58209, 39
1027, 3, 22, 46, 38, 0, 41.05%, 0, 0, 5, 0.12, 58210, 39
1040, 3, 30, 57, 48, 5, 41.05%, 0, 0, 6, 1.00, 60439, 39
1045, 3, 26, 59, 48, 3, 41.05%, 0, 0, 6, 462.74, 62730, 39
1064, 3, 27, 59, 47, 2, 41.05%, 0, 0, 6, 0.49, 63044, 39
1069, 3, 49, 61, 48, 1, 41.05%, 0, 0, 6, 467.40, 65508, 39
1078, 3, 49, 61, 48, 1, 41.05%, 0, 0, 6, 9.67, 65808, 39
1097, 3, 0, 64, 49, 0, 41.05%, 0, 0, 6, 4.44, 67103, 39
1102, 3, 0, 66, 51, 0, 41.05%, 0, 0, 6, 536.13, 69860, 39
1115, 3, 26, 66, 51, 0, 41.05%, 0, 0, 6, 3.85, 70430, 39
1120, 3, 28, 70, 54, 0, 41.05%, 0, 0, 7, 544.86, 73266, 39
1130, 3, 0, 70, 54, 0, 41.05%, 0, 0, 7, 4.29, 73547, 39
1147, 3, 29, 71, 54, 0, 41.05%, 0, 0, 7, 7.65, 75844, 39
1152, 3, 26, 73, 56, 0, 41.05%, 0, 0, 7, 582.23, 78711, 39
1157, 3, 29, 73, 56, 0, 41.05%, 0, 0, 7, 640.03, 80106, 39
1171, 3, 0, 73, 56, 0, 41.05%, 0, 0, 7, 4.25, 81773, 39
1176, 3, 28, 73, 56, 0, 41.05%, 0, 0, 7, 189.99, 84485, 39
1181, 3, 0, 74, 56, 0, 41.05%, 0, 0, 7, 562.56, 86443, 39
1190, 3, 0, 74, 56, 0, 41.05%, 0, 0, 7, 2.68, 87188, 39
1195, 3, 0, 74, 56, 0, 41.05%, 0, 0, 7, 691.74, 90677, 39
1205, 3, 34, 74, 56, 0, 41.05%, 0, 0, 7, 3.36, 91985, 39
1210, 3, 26, 74, 56, 0, 41.05%, 0, 0, 7, 692.23, 95689, 39
1219, 4, 0, 74, 56, 0, 41.05%, 0, 0, 7, 14.79, 96773, 39
1224, 4, 74, 78, 59, 0, 42.11%, 0, 0, 7, 624.98, 99807, 40
1230, 4, 74, 79, 60, 0, 43.16%, 0, 0, 7, 0.61, 100860, 41
1238, 4, 74, 79, 60, 0, 43.16%, 0, 0, 7, 7.12, 103090, 41
1243, 4, 74, 79, 60, 0, 43.16%, 0, 0, 7, 563.34, 106044, 41
1248, 4, 74, 79, 60, 0, 43.16%, 0, 0, 7, 638.73, 107875, 41
1255, 4, 74, 79, 60, 0, 43.16%, 0, 0, 7, 20.65, 108514, 41
1260, 4, 74, 79, 60, 0, 43.16%, 0, 0, 7, 632.91, 111882, 41
1270, 4, 78, 80, 59, 0, 43.16%, 0, 0, 8, 9.49, 115220, 41
1275, 4, 78, 82, 61, 0, 43.16%, 0, 0, 8, 675.05, 118549, 41
1285, 4, 78, 82, 61, 0, 43.16%, 0, 0, 8, 26.08, 121448, 41
1290, 4, 78, 82, 61, 0, 43.16%, 0, 0, 8, 703.10, 125049, 41
1295, 4, 78, 82, 61, 0, 43.16%, 0, 0, 8, 703.44, 128607, 41
1301, 4, 0, 82, 61, 0, 43.16%, 0, 0, 8, 14.20, 128906, 41
1306, 4, 0, 83, 62, 0, 43.16%, 0, 0, 8, 746.66, 132571, 41
1311, 4, 28, 84, 63, 0, 43.16%, 0, 0, 8, 751.93, 136236, 41
1316, 4, 73, 84, 63, 0, 43.16%, 0, 0, 8, 669.62, 139622, 41
1321, 4, 0, 84, 61, 0, 43.16%, 0, 0, 8, 706.30, 143106, 41
1326, 4, 0, 84, 60, 0, 43.16%, 0, 0, 8, 736.54, 146817, 41
1331, 4, 26, 85, 61, 0, 43.16%, 0, 0, 8, 738.25, 150547, 41
1339, 4, 0, 88, 64, 0, 43.16%, 0, 0, 8, 33.62, 154130, 41
1344, 4, 28, 88, 64, 0, 43.16%, 0, 0, 8, 768.82, 157912, 41
1349, 4, 22, 90, 66, 0, 43.16%, 0, 0, 8, 772.67, 161829, 41
1354, 4, 0, 90, 65, 0, 43.16%, 0, 0, 8, 773.62, 165908, 41
1359, 5, 27, 90, 65, 0, 43.16%, 0, 0, 8, 794.68, 169958, 41
1364, 5, 78, 91, 66, 0, 43.16%, 0, 0, 8, 804.55, 173523, 41
1369, 5, 0, 91, 66, 0, 43.16%, 0, 0, 8, 788.76, 177451, 41
1375, 5, 0, 91, 66, 0, 43.16%, 0, 0, 8, 753.14, 181185, 41
1380, 5, 27, 92, 67, 0, 43.16%, 0, 0, 8, 770.20, 184910, 41
1385, 5, 90, 92, 67, 0, 43.16%, 0, 0, 8, 616.81, 188096, 41
1390, 5, 90, 92, 67, 0, 43.16%, 0, 0, 8, 445.57, 190051, 41
1395, 5, 0, 92, 66, 0, 43.16%, 0, 0, 8, 723.67, 194043, 41
1400, 5, 25, 92, 66, 0, 43.16%, 0, 0, 8, 722.14, 197801, 41
1405, 5, 0, 92, 64, 0, 43.16%, 0, 0, 8, 767.65, 201866, 41
1410, 5, 13, 92, 63, 0, 43.16%, 0, 0, 8, 721.65, 205331, 41
1415, 5, 0, 92, 63, 0, 43.16%, 0, 0, 8, 806.21, 208255, 41
1420, 5, 86, 92, 63, 0, 43.16%, 0, 0, 8, 650.14, 211620, 41
1425, 5, 74, 92, 62, 0, 43.16%, 0, 0, 8, 768.94, 215631, 41
1430, 6, 0, 92, 62, 0, 43.16%, 0, 0, 8, 766.18, 219522, 41
1435, 6, 0, 92, 62, 0, 43.16%, 0, 0, 8, 773.22, 223394, 41
1441, 6, 77, 92, 62, 0, 43.16%, 0, 0, 8, 770.65, 227437, 41
1446, 6, 0, 92, 59, 0, 43.16%, 0, 0, 8, 761.73, 231168, 41
1451, 6, 0, 92, 59, 0, 43.16%, 0, 0, 8, 783.35, 235181, 41
1456, 6, 13, 92, 59, 0, 43.16%, 0, 0, 8, 799.18, 239321, 41
1461, 6, 26, 92, 59, 0, 43.16%, 0, 0, 8, 785.74, 242990, 41
1466, 6, 26, 92, 59, 0, 43.16%, 0, 0, 8, 821.05, 247148, 41
1471, 6, 22, 92, 59, 0, 43.16%, 0, 0, 8, 829.68, 251489, 41
1476, 6, 0, 92, 59, 0, 43.16%, 0, 0, 8, 844.66, 255675, 41
1481, 6, 85, 92, 59, 0, 43.16%, 0, 0, 8, 847.29, 259941, 41
1486, 7, 82, 92, 58, 0, 43.16%, 0, 0, 8, 766.57, 263838, 41
1491, 7, 26, 92, 57, 0, 43.16%, 0, 0, 8, 797.07, 267696, 41
1497, 7, 0, 92, 57, 0, 43.16%, 0, 0, 8, 806.28, 271882, 41
1502, 7, 0, 93, 57, 0, 44.21%, 0, 0, 8, 816.59, 276022, 42
1507, 7, 92, 95, 59, 0, 45.26%, 0, 0, 8, 844.26, 280342, 43
1512, 7, 92, 96, 60, 0, 45.26%, 0, 0, 8, 854.94, 284670, 43
1517, 7, 92, 97, 61, 0, 45.26%, 0, 0, 8, 790.26, 288560, 43
1522, 7, 92, 98, 62, 0, 45.26%, 0, 0, 8, 785.74, 292376, 43
1527, 7, 94, 100, 63, 0, 45.26%, 0, 0, 8, 835.58, 296681, 43
1532, 7, 94, 100, 63, 0, 45.26%, 0, 0, 8, 860.10, 300998, 43
1537, 7, 94, 101, 64, 0, 45.26%, 0, 0, 8, 859.58, 305323, 43
1542, 7, 94, 101, 64, 0, 45.26%, 0, 0, 8, 812.34, 309390, 43
1547, 7, 94, 101, 64, 0, 45.26%, 0, 0, 8, 823.55, 313466, 43
1552, 7, 99, 101, 63, 0, 45.26%, 0, 0, 8, 777.70, 317270, 43
1557, 7, 99, 102, 64, 0, 45.26%, 0, 0, 9, 794.75, 321282, 43
1563, 7, 99, 102, 64, 0, 45.26%, 0, 0, 9, 797.04, 325362, 43
1568, 7, 99, 102, 64, 0, 45.26%, 0, 0, 9, 847.68, 329682, 43
1573, 7, 94, 102, 64, 0, 45.26%, 0, 0, 9, 742.27, 333268, 43
1578, 7, 0, 103, 65, 0, 45.26%, 0, 0, 9, 792.15, 337139, 43
1583, 7, 92, 104, 65, 0, 45.26%, 0, 0, 9, 793.64, 341177, 43
1588, 7, 78, 104, 65, 0, 45.26%, 0, 0, 9, 797.66, 345197, 43
1593, 7, 92, 106, 67, 0, 45.26%, 0, 0, 9, 806.48, 349165, 43
1598, 7, 99, 106, 67, 0, 45.26%, 0, 0, 9, 823.74, 353329, 43
1604, 7, 13, 106, 67, 0, 45.26%, 0, 0, 9, 813.61, 357551, 43
1609, 7, 103, 106, 67, 0, 45.26%, 0, 0, 9, 623.54, 360804, 43
1614, 7, 34, 106, 66, 0, 45.26%, 0, 0, 9, 630.74, 363562, 43
1619, 7, 99, 106, 66, 0, 45.26%, 0, 0, 9, 728.96, 367366, 43
1624, 7, 94, 108, 67, 0, 45.26%, 0, 0, 9, 787.49, 371532, 43
1629, 8, 92, 108, 67, 0, 45.26%, 0, 0, 9, 827.27, 375833, 43
1634, 8, 0, 109, 68, 0, 45.26%, 0, 0, 9, 832.17, 379984, 43
1639, 8, 22, 109, 68, 0, 45.26%, 0, 0, 9, 808.94, 384034, 43
1644, 8, 94, 109, 68, 0, 45.26%, 0, 0, 9, 776.51, 387962, 43
1649, 8, 99, 109, 68, 0, 45.26%, 0, 0, 9, 799.76, 392049, 43
1654, 8, 94, 109, 68, 0, 45.26%, 0, 0, 9, 786.10, 396055, 43
1659, 8, 78, 109, 68, 0, 45.26%, 0, 0, 9, 782.28, 400065, 43
1664, 8, 101, 109, 68, 0, 45.26%, 0, 0, 9, 805.31, 404334, 43
1669, 8, 29, 109, 67, 0, 45.26%, 0, 0, 9, 816.47, 408411, 43
1674, 8, 0, 109, 67, 0, 45.26%, 0, 0, 9, 822.83, 412589, 43
1679, 8, 92, 109, 67, 0, 45.26%, 0, 0, 9, 831.70, 416868, 43
1685, 8, 0, 109, 67, 0, 45.26%, 0, 0, 9, 807.89, 420964, 43
1690, 8, 26, 109, 67, 0, 45.26%, 0, 0, 9, 823.00, 425186, 43
1695, 8, 76, 109, 66, 0, 45.26%, 0, 0, 9, 759.17, 429127, 43
1700, 9, 34, 109, 64, 0, 45.26%, 0, 0, 9, 785.43, 433095, 43
1705, 9, 104, 110, 65, 0, 45.26%, 0, 0, 9, 424.63, 435060, 43
1710, 9, 92, 110, 64, 0, 45.26%, 0, 0, 9, 637.31, 438112, 43
1715, 9, 84, 111, 65, 0, 45.26%, 0, 0, 9, 579.32, 441115, 43
1720, 9, 13, 111, 64, 0, 45.26%, 0, 0, 9, 735.01, 445251, 43
1725, 9, 88, 111, 64, 0, 45.26%, 0, 0, 9, 743.91, 449074, 43
1731, 9, 26, 111, 63, 0, 45.26%, 0, 0, 9, 764.10, 453149, 43
1736, 9, 27, 111, 63, 0, 45.26%, 0, 0, 9, 783.38, 457273, 43
1741, 9, 27, 111, 63, 0, 45.26%, 0, 0, 9, 827.64, 461464, 43
1746, 9, 0, 111, 63, 0, 45.26%, 0, 0, 9, 708.28, 465095, 43
1751, 9, 0, 111, 63, 0, 45.26%, 0, 0, 9, 810.14, 469396, 43
1756, 9, 92, 111, 63, 0, 45.26%, 0, 0, 9, 792.00, 473356, 43
1761, 9, 0, 111, 62, 0, 45.26%, 0, 0, 9, 779.38, 477022, 43
1766, 9, 92, 111, 62, 0, 45.26%, 0, 0, 9, 820.12, 481147, 43
1771, 9, 92, 111, 62, 0, 45.26%, 0, 0, 9, 827.17, 485423, 43
1777, 9, 92, 111, 61, 0, 45.26%, 0, 0, 9, 785.20, 489414, 43
1782, 10, 94, 111, 61, 0, 45.26%, 0, 0, 9, 829.03, 493562, 43
1787, 10, 26, 111, 61, 0, 45.26%, 0, 0, 9, 811.51, 497745, 43
1792, 10, 0, 111, 61, 0, 45.26%, 0, 0, 9, 833.58, 502051, 43
1797, 10, 34, 111, 59, 0, 45.26%, 0, 0, 9, 811.56, 506175, 43
1802, 10, 0, 111, 59, 0, 45.26%, 0, 0, 9, 845.84, 510451, 43
1807, 10, 27, 111, 59, 0, 45.26%, 0, 0, 9, 845.30, 514810, 43
1812, 10, 92, 111, 59, 0, 45.26%, 0, 0, 9, 808.93, 518735, 43
1817, 10, 0, 111, 59, 0, 45.26%, 0, 0, 9, 837.84, 522806, 43
1822, 10, 95, 111, 58, 0, 45.26%, 0, 0, 9, 795.60, 526954, 43
1827, 10, 92, 111, 56, 0, 45.26%, 0, 0, 9, 820.17, 531189, 43
1833, 10, 13, 111, 56, 0, 45.26%, 0, 0, 9, 823.73, 535373, 43
1838, 10, 39, 111, 56, 0, 45.26%, 0, 0, 9, 816.18, 539417, 43
1843, 10, 78, 111, 55, 0, 45.26%, 0, 0, 9, 814.07, 543535, 43
1848, 11, 69, 111, 55, 0, 45.26%, 0, 0, 9, 845.83, 547780, 43
1853, 11, 0, 111, 54, 0, 45.26%, 0, 0, 9, 803.29, 551851, 43
1858, 11, 30, 111, 54, 0, 45.26%, 0, 0, 9, 794.46, 556022, 43
1863, 11, 0, 111, 54, 0, 45.26%, 0, 0, 9, 792.48, 560191, 43
1868, 11, 92, 111, 52, 0, 45.26%, 0, 0, 9, 849.96, 564536, 43
1873, 11, 78, 111, 52, 0, 45.26%, 0, 0, 9, 785.51, 568358, 43
1878, 11, 92, 111, 51, 0, 45.26%, 0, 0, 9, 823.38, 572624, 43
1883, 11, 92, 111, 51, 0, 45.26%, 0, 0, 9, 834.80, 576721, 43
1889, 11, 26, 111, 51, 0, 45.26%, 0, 0, 9, 838.98, 580898, 43
1894, 11, 26, 111, 51, 0, 45.26%, 0, 0, 9, 816.25, 585007, 43
1899, 11, 92, 111, 51, 0, 45.26%, 0, 0, 9, 824.78, 589070, 43
1904, 11, 94, 111, 51, 0, 45.26%, 0, 0, 9, 792.49, 592917, 43
1909, 11, 78, 111, 51, 0, 45.26%, 0, 0, 9, 812.24, 597048, 43
1914, 11, 92, 111, 51, 0, 45.26%, 0, 0, 9, 795.21, 601185, 43
1919, 12, 0, 111, 51, 0, 45.26%, 0, 0, 9, 807.46, 605312, 43
1924, 12, 0, 111, 51, 0, 45.26%, 0, 0, 9, 821.13, 609645, 43
1929, 12, 92, 111, 50, 0, 45.26%, 0, 0, 9, 797.13, 613596, 43
1934, 12, 99, 111, 50, 0, 45.26%, 0, 0, 9, 792.88, 617698, 43
1939, 12, 22, 111, 49, 0, 45.26%, 0, 0, 9, 800.22, 621642, 43
1944, 12, 27, 111, 48, 0, 45.26%, 0, 0, 9, 804.90, 625751, 43
1949, 12, 12, 111, 48, 0, 45.26%, 0, 0, 9, 821.46, 630024, 43
1954, 12, 0, 111, 48, 0, 45.26%, 0, 0, 9, 827.66, 634185, 43
1959, 12, 99, 111, 48, 0, 45.26%, 0, 0, 9, 839.65, 638401, 43
1965, 12, 29, 111, 48, 0, 45.26%, 0, 0, 9, 814.44, 642605, 43
1970, 12, 0, 111, 48, 0, 45.26%, 0, 0, 9, 773.44, 646596, 43
1975, 12, 34, 111, 48, 0, 45.26%, 0, 0, 9, 799.55, 650797, 43
1980, 12, 92, 111, 48, 0, 45.26%, 0, 0, 9, 839.78, 655206, 43
1985, 12, 16, 111, 48, 0, 45.26%, 0, 0, 9, 821.50, 659429, 43
1990, 13, 0, 111, 47, 0, 45.26%, 0, 0, 9, 805.92, 663444, 43
1995, 13, 0, 111, 47, 0, 45.26%, 0, 0, 9, 826.01, 667660, 43
2001, 13, 41, 111, 47, 0, 45.26%, 0, 0, 9, 801.79, 671643, 43
2006, 13, 92, 111, 46, 0, 45.26%, 0, 0, 9, 782.75, 675570, 43
2011, 13, 94, 111, 46, 0, 45.26%, 0, 0, 9, 795.88, 679676, 43
2016, 13, 92, 111, 46, 0, 45.26%, 0, 0, 9, 799.38, 683725, 43
2021, 13, 99, 111, 46, 0, 45.26%, 0, 0, 9, 755.86, 687552, 43
2026, 13, 94, 111, 46, 0, 45.26%, 0, 0, 9, 796.74, 691657, 43
2031, 13, 34, 111, 46, 0, 45.26%, 0, 0, 9, 807.65, 695707, 43
2036, 13, 0, 111, 46, 0, 45.26%, 0, 0, 9, 837.08, 699870, 43
2041, 13, 99, 111, 46, 0, 45.26%, 0, 0, 9, 770.20, 703925, 43
2046, 13, 34, 111, 46, 0, 45.26%, 0, 0, 9, 796.37, 708019, 43
2051, 13, 92, 112, 47, 0, 45.26%, 0, 0, 9, 776.58, 711881, 43
2056, 13, 0, 112, 47, 0, 45.26%, 0, 0, 9, 796.26, 715882, 43
2061, 13, 92, 112, 47, 0, 45.26%, 0, 0, 9, 812.91, 720010, 43
2066, 14, 92, 112, 46, 0, 45.26%, 0, 0, 9, 816.28, 724121, 43
2071, 14, 13, 112, 46, 0, 45.26%, 0, 0, 9, 828.69, 728253, 43
2077, 14, 0, 112, 46, 0, 45.26%, 0, 0, 9, 828.10, 732561, 43
2082, 14, 29, 112, 46, 0, 45.26%, 0, 0, 9, 822.89, 736723, 43
2087, 14, 0, 112, 46, 0, 45.26%, 0, 0, 9, 798.26, 740768, 43
2092, 14, 0, 112, 46, 0, 45.26%, 0, 0, 9, 825.23, 745066, 43
2097, 14, 92, 112, 46, 0, 45.26%, 0, 0, 9, 773.53, 749032, 43
2102, 14, 92, 112, 45, 0, 45.26%, 0, 0, 9, 826.02, 753235, 43
2107, 14, 0, 112, 45, 0, 45.26%, 0, 0, 9, 818.88, 757375, 43
2112, 14, 94, 112, 45, 0, 45.26%, 0, 0, 9, 851.17, 761778, 43
2118, 14, 99, 112, 45, 0, 45.26%, 0, 0, 9, 808.13, 765824, 43
2123, 14, 0, 112, 45, 0, 45.26%, 0, 0, 9, 823.66, 769913, 43
2128, 15, 78, 112, 45, 0, 45.26%, 0, 0, 9, 794.42, 773746, 43
2133, 15, 12, 112, 45, 0, 45.26%, 0, 0, 9, 817.93, 777928, 43
2138, 15, 0, 112, 45, 0, 45.26%, 0, 0, 9, 833.56, 782068, 43
2143, 15, 105, 112, 45, 0, 45.26%, 0, 0, 9, 809.21, 786162, 43
2148, 15, 0, 112, 44, 0, 45.26%, 0, 0, 9, 696.18, 789428, 43
2153, 15, 0, 112, 44, 0, 45.26%, 0, 0, 9, 790.56, 793602, 43
2158, 15, 0, 112, 44, 0, 45.26%, 0, 0, 9, 829.56, 797768, 43
2163, 15, 26, 112, 44, 0, 45.26%, 0, 0, 9, 820.42, 801850, 43
2168, 15, 92, 112, 43, 0, 45.26%, 0, 0, 9, 841.08, 806059, 43
2173, 15, 98, 112, 42, 0, 45.26%, 0, 0, 9, 833.16, 810135, 43
2178, 15, 99, 112, 41, 0, 45.26%, 0, 0, 9, 799.50, 814044, 43
2184, 15, 12, 112, 41, 0, 45.26%, 0, 0, 9, 826.62, 818249, 43
2189, 15, 99, 112, 41, 0, 45.26%, 0, 0, 9, 793.38, 822286, 43
2194, 15, 94, 112, 41, 0, 45.26%, 0, 0, 9, 834.18, 826456, 43
2199, 16, 92, 112, 41, 0, 45.26%, 0, 0, 9, 798.69, 830383, 43
2204, 16, 92, 112, 41, 0, 45.26%, 0, 0, 9, 772.34, 834538, 43
2209, 16, 27, 112, 41, 0, 45.26%, 0, 0, 9, 796.64, 838806, 43
2214, 16, 92, 112, 41, 0, 45.26%, 0, 0, 9, 800.65, 842939, 43
2219, 16, 92, 112, 41, 0, 45.26%, 0, 0, 9, 810.04, 846910, 43
2224, 16, 13, 112, 41, 0, 45.26%, 0, 0, 9, 791.15, 851000, 43
2230, 16, 92, 112, 41, 0, 45.26%, 0, 0, 9, 810.40, 855247, 43
2235, 16, 0, 112, 41, 0, 45.26%, 0, 0, 9, 837.81, 859611, 43
2240, 16, 92, 112, 41, 0, 45.26%, 0, 0, 9, 824.03, 863685, 43
2245, 16, 92, 112, 40, 0, 45.26%, 0, 0, 9, 607.71, 866557, 43
2250, 16, 92, 112, 40, 0, 45.26%, 0, 0, 9, 787.00, 870887, 43
2255, 16, 78, 113, 40, 0, 45.26%, 0, 0, 9, 788.32, 874968, 43
2260, 16, 92, 113, 40, 0, 45.26%, 0, 0, 9, 806.10, 879090, 43
2265, 17, 0, 113, 40, 0, 45.26%, 0, 0, 9, 796.99, 883307, 43
2271, 17, 0, 113, 40, 0, 45.26%, 0, 0, 9, 757.59, 887234, 43
2276, 17, 92, 113, 39, 0, 45.26%, 0, 0, 9, 802.36, 891384, 43
2281, 17, 107, 113, 39, 0, 45.26%, 0, 0, 9, 795.22, 895435, 43
2286, 17, 0, 113, 38, 0, 45.26%, 0, 0, 9, 803.86, 899343, 43
2291, 17, 26, 113, 38, 0, 45.26%, 0, 0, 9, 791.34, 903371, 43
2296, 17, 27, 113, 38, 0, 45.26%, 0, 0, 9, 823.68, 907578, 43
2301, 17, 78, 114, 39, 0, 45.26%, 0, 0, 9, 816.32, 911850, 43
2306, 17, 92, 114, 39, 0, 45.26%, 0, 0, 9, 794.83, 915847, 43
2311, 17, 0, 114, 39, 0, 45.26%, 0, 0, 9, 814.80, 919880, 43
2316, 17, 26, 114, 39, 0, 45.26%, 0, 0, 9, 783.41, 923783, 43
2321, 17, 27, 114, 39, 0, 45.26%, 0, 0, 9, 801.04, 927765, 43
2327, 17, 99, 114, 39, 0, 45.26%, 0, 0, 9, 807.30, 931944, 43
2332, 17, 99, 114, 39, 0, 45.26%, 0, 0, 9, 799.93, 936018, 43
2337, 17, 110, 115, 40, 0, 45.26%, 0, 0, 9, 783.97, 940044, 43
2342, 17, 94, 115, 39, 0, 45.26%, 0, 0, 9, 804.03, 944263, 43
2347, 18, 92, 115, 39, 0, 45.26%, 0, 0, 9, 819.03, 948392, 43
2352, 18, 92, 116, 40, 0, 45.26%, 0, 0, 9, 788.62, 952300, 43
2357, 18, 78, 116, 40, 0, 45.26%, 0, 0, 9, 788.75, 956437, 43
2362, 18, 0, 116, 40, 0, 45.26%, 0, 0, 9, 844.00, 960893, 43
2368, 18, 0, 116, 40, 0, 45.26%, 0, 0, 9, 820.22, 965108, 43
2373, 18, 0, 116, 40, 0, 45.26%, 0, 0, 9, 821.16, 969324, 43
2378, 18, 57, 116, 40, 0, 45.26%, 0, 0, 9, 838.93, 973708, 43
2383, 18, 92, 116, 39, 0, 45.26%, 0, 0, 9, 811.27, 977795, 43
2388, 18, 27, 116, 39, 0, 45.26%, 0, 0, 9, 771.35, 981716, 43
2393, 18, 92, 116, 39, 0, 45.26%, 0, 0, 9, 793.13, 985764, 43
2398, 18, 0, 116, 39, 0, 45.26%, 0, 0, 9, 823.91, 989982, 43
2403, 18, 114, 116, 39, 0, 45.26%, 0, 0, 9, 673.38, 993150, 43
2408, 18, 0, 116, 38, 0, 45.26%, 0, 0, 9, 767.20, 997219, 43
2413, 18, 92, 116, 38, 0, 45.26%, 0, 0, 9, 779.99, 1001233, 43
2418, 18, 94, 116, 38, 0, 45.26%, 0, 0, 9, 753.95, 1005065, 43
2423, 19, 13, 116, 38, 0, 45.26%, 0, 0, 9, 775.94, 1009105, 43
2428, 19, 0, 116, 38, 0, 45.26%, 0, 0, 9, 800.78, 1013199, 43
2434, 19, 94, 116, 38, 0, 45.26%, 0, 0, 9, 799.53, 1017201, 43
2439, 19, 13, 116, 38, 0, 45.26%, 0, 0, 9, 810.47, 1021308, 43
2444, 19, 22, 116, 38, 0, 45.26%, 0, 0, 9, 816.39, 1025589, 43
2449, 19, 27, 116, 38, 0, 45.26%, 0, 0, 9, 803.97, 1029817, 43
2454, 19, 94, 116, 38, 0, 45.26%, 0, 0, 9, 818.52, 1034004, 43
2459, 19, 92, 116, 38, 0, 45.26%, 0, 0, 9, 770.34, 1037819, 43
2464, 19, 0, 116, 37, 0, 45.26%, 0, 0, 9, 806.55, 1042043, 43
2469, 19, 92, 116, 37, 0, 45.26%, 0, 0, 9, 834.52, 1046256, 43
2475, 19, 66, 116, 37, 0, 45.26%, 0, 0, 9, 783.26, 1050332, 43
2480, 19, 92, 116, 36, 0, 45.26%, 0, 0, 9, 785.89, 1054178, 43
2485, 19, 92, 116, 36, 0, 45.26%, 0, 0, 9, 838.29, 1058401, 43
2490, 19, 0, 116, 36, 0, 45.26%, 0, 0, 9, 835.59, 1062578, 43
2495, 19, 22, 116, 35, 0, 45.26%, 0, 0, 9, 815.07, 1066768, 43
2500, 19, 30, 116, 35, 0, 45.26%, 0, 0, 9, 785.60, 1070844, 43
2505, 20, 92, 116, 35, 0, 45.26%, 0, 0, 9, 824.61, 1075049, 43
2510, 20, 99, 116, 35, 0, 45.26%, 0, 0, 9, 849.42, 1079357, 43
2515, 20, 99, 116, 35, 0, 45.26%, 0, 0, 9, 731.94, 1082881, 43
2520, 20, 12, 116, 35, 0, 45.26%, 0, 0, 9, 798.09, 1087162, 43
2526, 20, 94, 116, 35, 0, 45.26%, 0, 0, 9, 788.65, 1091169, 43
2531, 20, 92, 116, 35, 0, 45.26%, 0, 0, 9, 809.31, 1095195, 43
2536, 20, 0, 116, 35, 0, 45.26%, 0, 0, 9, 813.39, 1099169, 43
2541, 20, 103, 116, 34, 0, 45.26%, 0, 0, 9, 821.60, 1103360, 43
2546, 20, 92, 116, 34, 0, 45.26%, 0, 0, 9, 790.59, 1107220, 43
2551, 20, 99, 116, 34, 0, 45.26%, 0, 0, 9, 814.61, 1111468, 43
2556, 20, 99, 116, 34, 0, 45.26%, 0, 0, 9, 801.95, 1115507, 43
2561, 20, 0, 116, 34, 0, 45.26%, 0, 0, 9, 810.34, 1119616, 43
2566, 21, 94, 116, 34, 0, 45.26%, 0, 0, 9, 810.28, 1123924, 43
2571, 21, 92, 116, 34, 0, 45.26%, 0, 0, 9, 827.17, 1128145, 43
2576, 21, 99, 116, 34, 0, 45.26%, 0, 0, 9, 790.13, 1132117, 43
2581, 21, 34, 116, 33, 0, 45.26%, 0, 0, 9, 746.67, 1135846, 43
2587, 21, 30, 116, 33, 0, 45.26%, 0, 0, 9, 808.77, 1140172, 43
2589, 21, 0, 116, 33, 0, 45.26%, 1, 0, 9, 0.00, 1141805, 43
