# relative_time, cycles_done, cur_item, corpus_count, pending_total, pending_favs, map_size, saved_crashes, saved_hangs, max_depth, execs_per_sec, total_execs, edges_found
73, 0, 1, 9, 7, 0, 22.78%, 0, 0, 3, 0.04, 1600, 18
78, 0, 1, 9, 7, 0, 22.78%, 0, 0, 3, 300.00, 1663, 18
89, 0, 1, 9, 7, 0, 22.78%, 0, 0, 3, 3.87, 2757, 18
122, 0, 1, 9, 7, 0, 22.78%, 0, 0, 3, 0.09, 2760, 18
127, 0, 1, 10, 8, 0, 22.78%, 0, 0, 3, 358.51, 3540, 18
170, 0, 1, 10, 8, 0, 22.78%, 0, 0, 3, 1.51, 4702, 18
176, 0, 1, 10, 8, 0, 22.78%, 0, 0, 3, 0.18, 4703, 18
181, 0, 1, 12, 10, 0, 22.78%, 0, 0, 3, 343.57, 6426, 18
215, 0, 1, 12, 10, 0, 22.78%, 0, 0, 3, 1.80, 6717, 18
222, 0, 10, 12, 9, 1, 22.78%, 0, 0, 3, 0.28, 6719, 18
264, 0, 10, 13, 9, 0, 22.78%, 0, 0, 4, 0.05, 7664, 18
269, 0, 13, 19, 14, 0, 26.58%, 0, 0, 5, 402.41, 9710, 21
306, 0, 13, 20, 15, 0, 27.85%, 0, 0, 5, 0.40, 9845, 22
346, 0, 13, 26, 21, 0, 35.44%, 0, 0, 5, 0.88, 11231, 28
351, 0, 13, 28, 23, 0, 36.71%, 0, 0, 5, 372.49, 13079, 29
384, 0, 13, 29, 24, 0, 36.71%, 0, 0, 5, 2.16, 13401, 29
420, 0, 13, 30, 25, 0, 36.71%, 0, 0, 5, 0.64, 14380, 29
455, 0, 22, 31, 23, 5, 36.71%, 0, 0, 5, 2.05, 16317, 29
487, 0, 24, 32, 22, 3, 36.71%, 0, 0, 6, 2.90, 16911, 29
492, 0, 19, 33, 20, 0, 36.71%, 0, 0, 6, 373.92, 18785, 29
522, 0, 19, 33, 20, 0, 36.71%, 0, 0, 6, 2.11, 19100, 29
527, 0, 19, 33, 20, 0, 36.71%, 0, 0, 6, 371.21, 21054, 29
557, 0, 19, 33, 20, 0, 36.71%, 0, 0, 6, 0.96, 21319, 29
592, 0, 19, 35, 22, 0, 36.71%, 0, 0, 6, 1.96, 22248, 29
597, 0, 17, 37, 24, 0, 36.71%, 0, 0, 6, 371.19, 24157, 29
625, 0, 17, 37, 24, 0, 36.71%, 0, 0, 6, 1.49, 24451, 29
656, 0, 17, 37, 24, 0, 36.71%, 0, 0, 6, 1.77, 26033, 29
665, 0, 17, 38, 25, 0, 36.71%, 0, 0, 6, 15.99, 27339, 29
680, 0, 17, 38, 25, 0, 36.71%, 0, 0, 6, 0.78, 27351, 29
693, 0, 24, 40, 27, 0, 36.71%, 0, 0, 6, 8.33, 28957, 29
712, 0, 24, 40, 27, 0, 36.71%, 0, 0, 6, 0.04, 28958, 29
717, 0, 24, 42, 29, 0, 36.71%, 0, 0, 6, 410.28, 31021, 29
740, 0, 24, 42, 29, 0, 36.71%, 0, 0, 6, 2.57, 31210, 29
748, 0, 21, 42, 29, 0, 36.71%, 0, 0, 6, 10.15, 32206, 29
762, 0, 21, 42, 29, 0, 36.71%, 0, 0, 6, 0.43, 32212, 29
788, 0, 21, 44, 31, 0, 37.97%, 0, 0, 6, 1.28, 34029, 30
793, 0, 21, 49, 36, 0, 37.97%, 0, 0, 6, 391.01, 35957, 30
816, 0, 21, 49, 36, 0, 37.97%, 0, 0, 6, 0.31, 36142, 30
837, 0, 26, 50, 36, 0, 37.97%, 0, 0, 6, 1.87, 37572, 30
842, 0, 26, 51, 37, 0, 37.97%, 0, 0, 6, 468.75, 39937, 30
863, 0, 26, 51, 37, 0, 37.97%, 0, 0, 6, 1.69, 40177, 30
892, 0, 24, 51, 37, 0, 37.97%, 0, 0, 6, 4.12, 42604, 30
897, 0, 26, 52, 38, 0, 37.97%, 0, 0, 6, 452.36, 44860, 30
916, 0, 26, 52, 38, 0, 37.97%, 0, 0, 6, 3.04, 45311, 30
933, 0, 21, 52, 38, 0, 37.97%, 0, 0, 6, 0.91, 46948, 30
947, 0, 18, 52, 38, 0, 37.97%, 0, 0, 6, 2.69, 48480, 30
954, 0, 26, 52, 38, 0, 37.97%, 0, 0, 6, 2.63, 48492, 30
959, 0, 42, 52, 38, 0, 37.97%, 0, 0, 6, 455.03, 50764, 30
969, 0, 42, 52, 38, 0, 37.97%, 0, 0, 6, 2.88, 51291, 30
974, 0, 18, 52, 38, 0, 37.97%, 0, 0, 6, 457.55, 53626, 30
991, 0, 18, 52, 38, 0, 37.97%, 0, 0, 6, 5.82, 53929, 30
1006, 0, 25, 52, 38, 0, 37.97%, 0, 0, 6, 4.21, 55798, 30
1026, 0, 17, 53, 38, 0, 39.24%, 0, 0, 6, 3.62, 57895, 31
1040, 0, 52, 55, 40, 0, 43.04%, 0, 0, 7, 5.95, 60138, 34
1045, 0, 52, 56, 41, 0, 43.04%, 0, 0, 7, 462.58, 62422, 34
1064, 0, 52, 56, 41, 0, 43.04%, 0, 0, 7, 0.49, 62737, 34
1069, 0, 52, 56, 41, 0, 43.04%, 0, 0, 7, 473.04, 65221, 34
1078, 0, 52, 57, 42, 0, 43.04%, 0, 0, 7, 9.56, 65522, 34
1097, 0, 54, 57, 42, 1, 43.04%, 0, 0, 7, 4.07, 66826, 34
1102, 0, 54, 58, 42, 0, 45.57%, 0, 0, 8, 528.49, 69475, 36
1115, 0, 54, 58, 42, 0, 45.57%, 0, 0, 8, 5.11, 70143, 36
1120, 0, 42, 58, 41, 0, 45.57%, 0, 0, 8, 549.92, 72943, 36
1130, 0, 57, 58, 41, 0, 45.57%, 0, 0, 8, 9.25, 73272, 36
1131, 0, 57, 58, 41, 0, 45.57%, 1, 0, 8, 0.00, 73722, 36
