# relative_time, cycles_done, cur_item, corpus_count, pending_total, pending_favs, map_size, saved_crashes, saved_hangs, max_depth, execs_per_sec, total_execs, edges_found
73, 0, 0, 10, 8, 0, 30.77%, 0, 0, 2, 0.07, 1924, 28
79, 0, 0, 10, 8, 0, 30.77%, 0, 0, 2, 278.69, 1994, 28
122, 0, 0, 10, 8, 0, 30.77%, 0, 0, 2, 0.74, 3324, 28
128, 0, 0, 10, 8, 0, 30.77%, 0, 0, 2, 415.11, 4208, 28
176, 0, 0, 12, 10, 0, 31.87%, 0, 0, 2, 1.09, 5507, 29
181, 0, 9, 14, 11, 1, 32.97%, 0, 0, 3, 400.96, 7666, 30
215, 0, 13, 15, 10, 0, 32.97%, 0, 0, 3, 2.63, 7943, 30
222, 0, 13, 15, 10, 0, 32.97%, 0, 0, 3, 0.14, 7944, 30
264, 0, 13, 18, 13, 0, 38.46%, 0, 0, 4, 0.08, 9095, 35
269, 0, 13, 18, 13, 0, 38.46%, 0, 0, 4, 452.29, 11402, 35
307, 0, 13, 18, 13, 0, 38.46%, 0, 0, 4, 0.11, 11532, 35
346, 0, 13, 18, 13, 0, 38.46%, 0, 0, 4, 0.99, 13094, 35
351, 0, 13, 18, 13, 0, 38.46%, 0, 0, 4, 420.31, 15196, 35
384, 0, 13, 18, 13, 0, 38.46%, 0, 0, 4, 2.04, 15538, 35
420, 0, 13, 18, 13, 0, 38.46%, 0, 0, 4, 2.66, 16644, 35
455, 0, 16, 20, 12, 0, 38.46%, 0, 0, 5, 3.12, 18815, 35
463, 0, 16, 20, 12, 0, 38.46%, 0, 0, 5, 13.19, 19482, 35
487, 0, 16, 20, 12, 0, 38.46%, 0, 0, 5, 0.17, 19486, 35
492, 0, 16, 21, 13, 0, 38.46%, 0, 0, 5, 420.20, 21596, 35
522, 0, 16, 21, 13, 0, 38.46%, 0, 0, 5, 2.34, 21948, 35
527, 0, 0, 22, 14, 0, 38.46%, 0, 0, 5, 422.47, 24108, 35
557, 0, 0, 22, 14, 0, 38.46%, 0, 0, 5, 3.00, 24447, 35
592, 0, 11, 22, 14, 0, 38.46%, 0, 0, 5, 1.34, 25487, 35
597, 0, 16, 23, 15, 0, 38.46%, 0, 0, 5, 415.08, 27587, 35
626, 0, 16, 23, 15, 0, 38.46%, 0, 0, 5, 3.15, 27967, 35
656, 0, 16, 24, 16, 0, 38.46%, 0, 0, 5, 3.50, 29741, 35
665, 0, 13, 25, 17, 0, 38.46%, 0, 0, 5, 0.22, 31205, 35
680, 0, 13, 25, 17, 0, 38.46%, 0, 0, 5, 0.26, 31218, 35
713, 0, 16, 25, 17, 0, 38.46%, 0, 0, 5, 3.31, 33022, 35
718, 0, 16, 25, 17, 0, 38.46%, 0, 0, 5, 442.44, 35352, 35
740, 0, 16, 25, 17, 0, 38.46%, 0, 0, 5, 0.74, 35540, 35
746, 0, 16, 25, 17, 0, 38.46%, 0, 0, 5, 15.69, 36656, 35
762, 0, 16, 25, 17, 0, 38.46%, 0, 0, 5, 0.66, 36665, 35
770, 1, 16, 25, 17, 0, 38.46%, 0, 0, 5, 2.70, 38707, 35
788, 1, 16, 25, 17, 0, 38.46%, 0, 0, 5, 0.24, 38709, 35
793, 1, 16, 29, 21, 0, 38.46%, 0, 0, 5, 434.57, 40843, 35
802, 1, 14, 30, 22, 0, 38.46%, 0, 0, 5, 5.50, 41076, 35
817, 1, 14, 30, 22, 0, 38.46%, 0, 0, 5, 0.40, 41082, 35
837, 1, 16, 31, 22, 0, 38.46%, 0, 0, 5, 3.17, 42586, 35
842, 1, 16, 32, 23, 0, 38.46%, 0, 0, 5, 498.23, 45076, 35
864, 1, 16, 32, 23, 0, 38.46%, 0, 0, 5, 4.81, 45285, 35
892, 1, 16, 33, 24, 0, 38.46%, 0, 0, 5, 1.89, 47685, 35
897, 1, 17, 33, 24, 0, 38.46%, 0, 0, 5, 499.18, 50034, 35
916, 1, 16, 33, 24, 0, 38.46%, 0, 0, 5, 4.09, 50519, 35
933, 1, 16, 33, 24, 0, 38.46%, 0, 0, 5, 4.85, 52122, 35
946, 1, 16, 34, 25, 0, 39.56%, 0, 0, 5, 3.79, 53680, 36
954, 1, 16, 34, 25, 0, 39.56%, 0, 0, 5, 3.77, 53697, 36
959, 1, 16, 34, 24, 0, 39.56%, 0, 0, 5, 458.86, 56078, 36
969, 1, 16, 34, 24, 0, 39.56%, 0, 0, 5, 8.77, 56581, 36
974, 1, 33, 35, 25, 0, 39.56%, 0, 0, 6, 459.36, 58947, 36
991, 1, 33, 35, 25, 0, 39.56%, 0, 0, 6, 6.06, 59253, 36
1006, 1, 33, 36, 26, 0, 39.56%, 0, 0, 6, 7.84, 61114, 36
1027, 1, 33, 38, 28, 0, 40.66%, 0, 0, 6, 2.86, 63241, 37
1041, 1, 37, 41, 30, 1, 41.76%, 0, 0, 7, 2.97, 65535, 38
1044, 1, 41, 44, 31, 1, 42.86%, 1, 0, 8, 0.00, 67344, 39
