# relative_time, cycles_done, cur_item, corpus_count, pending_total, pending_favs, map_size, saved_crashes, saved_hangs, max_depth, execs_per_sec, total_execs, edges_found
73, 0, 0, 9, 8, 0, 17.48%, 0, 1, 2, 0.21, 1732, 18
78, 0, 0, 9, 8, 0, 17.48%, 0, 1, 2, 339.81, 1806, 18
122, 0, 0, 9, 8, 0, 17.48%, 0, 1, 2, 1.18, 3349, 18
127, 0, 0, 9, 7, 0, 17.48%, 0, 1, 2, 646.80, 4695, 18
176, 0, 0, 14, 12, 0, 18.45%, 0, 1, 2, 0.44, 6712, 19
181, 0, 13, 15, 11, 0, 18.45%, 0, 1, 3, 593.03, 9794, 19
222, 0, 13, 15, 11, 0, 18.45%, 0, 1, 3, 0.59, 10215, 19
264, 0, 13, 15, 11, 0, 18.45%, 0, 1, 3, 1.06, 11830, 19
269, 0, 22, 27, 19, 1, 26.21%, 0, 1, 4, 648.70, 15083, 27
306, 0, 22, 28, 20, 1, 26.21%, 0, 1, 4, 0.32, 15330, 27
346, 0, 22, 31, 23, 1, 26.21%, 0, 1, 4, 3.61, 17583, 27
351, 0, 17, 35, 25, 0, 26.21%, 0, 1, 4, 592.78, 20517, 27
384, 0, 13, 35, 25, 0, 26.21%, 0, 1, 4, 2.75, 21027, 27
419, 0, 13, 37, 27, 0, 26.21%, 0, 1, 4, 0.36, 22613, 27
455, 0, 25, 40, 30, 0, 28.16%, 0, 1, 5, 3.51, 25674, 29
487, 0, 25, 42, 32, 0, 28.16%, 0, 1, 5, 4.59, 26644, 29
492, 0, 13, 44, 32, 0, 28.16%, 0, 1, 6, 591.42, 29758, 29
522, 0, 13, 44, 32, 0, 28.16%, 0, 1, 6, 3.11, 30129, 29
527, 0, 39, 46, 34, 0, 28.16%, 0, 1, 6, 621.17, 33367, 29
557, 0, 39, 46, 34, 0, 28.16%, 0, 1, 6, 3.68, 33859, 29
591, 0, 39, 46, 34, 0, 28.16%, 0, 1, 6, 3.37, 35423, 29
597, 0, 23, 47, 35, 0, 28.16%, 0, 1, 6, 627.90, 38738, 29
625, 0, 38, 48, 36, 0, 28.16%, 0, 1, 6, 4.70, 39120, 29
656, 1, 13, 50, 38, 0, 28.16%, 0, 1, 6, 5.53, 41840, 29
665, 1, 23, 55, 43, 0, 28.16%, 0, 1, 6, 11.04, 44075, 29
680, 1, 38, 55, 43, 0, 28.16%, 0, 1, 6, 0.98, 44090, 29
693, 1, 21, 56, 44, 0, 28.16%, 0, 1, 6, 22.14, 46826, 29
712, 1, 13, 56, 44, 0, 28.16%, 0, 1, 6, 0.04, 46827, 29
717, 1, 38, 58, 46, 0, 28.16%, 0, 1, 6, 702.06, 50563, 29
740, 1, 38, 58, 46, 0, 28.16%, 0, 1, 6, 0.97, 50867, 29
748, 1, 13, 59, 47, 0, 28.16%, 0, 1, 6, 24.09, 52698, 29
761, 1, 13, 59, 47, 0, 28.16%, 0, 1, 6, 0.43, 52704, 29
788, 1, 17, 61, 47, 0, 28.16%, 0, 1, 6, 1.92, 56052, 29
793, 2, 17, 62, 48, 0, 28.16%, 0, 1, 6, 712.48, 59729, 29
816, 2, 17, 62, 48, 0, 28.16%, 0, 1, 6, 2.71, 59954, 29
836, 2, 13, 67, 53, 0, 28.16%, 0, 1, 6, 0.13, 62387, 29
842, 2, 22, 73, 58, 0, 28.16%, 0, 1, 6, 772.12, 66385, 29
863, 2, 23, 73, 58, 0, 28.16%, 0, 1, 6, 4.46, 66634, 29
892, 2, 67, 74, 59, 0, 28.16%, 0, 1, 6, 2.34, 70278, 29
897, 2, 13, 75, 57, 0, 28.16%, 0, 1, 6, 756.95, 74219, 29
915, 2, 23, 75, 57, 0, 28.16%, 0, 1, 6, 8.79, 74852, 29
921, 2, 20, 76, 57, 0, 28.16%, 0, 1, 6, 66.97, 77448, 29
933, 2, 20, 76, 57, 0, 28.16%, 0, 1, 6, 0.08, 77449, 29
946, 2, 13, 77, 56, 0, 28.16%, 0, 1, 6, 9.02, 80047, 29
953, 2, 13, 77, 56, 0, 28.16%, 0, 1, 6, 8.59, 80062, 29
958, 3, 23, 77, 55, 0, 28.16%, 0, 1, 6, 705.73, 83528, 29
969, 3, 71, 77, 55, 0, 28.16%, 0, 1, 6, 1.50, 84305, 29
974, 3, 23, 78, 55, 0, 28.16%, 0, 1, 6, 694.74, 87842, 29
980, 3, 13, 78, 55, 0, 28.16%, 0, 1, 6, 6.72, 88288, 29
991, 3, 13, 78, 55, 0, 28.16%, 0, 1, 6, 0.10, 88289, 29
1006, 3, 23, 78, 55, 0, 28.16%, 0, 1, 6, 5.89, 91434, 29
1026, 3, 78, 84, 59, 0, 30.10%, 0, 1, 6, 9.47, 95074, 31
1040, 3, 78, 85, 60, 0, 30.10%, 0, 1, 6, 0.11, 98972, 31
1045, 3, 17, 87, 61, 0, 30.10%, 0, 1, 6, 793.68, 102988, 31
1064, 3, 13, 87, 61, 0, 30.10%, 0, 1, 6, 8.22, 103447, 31
1069, 3, 39, 87, 61, 0, 30.10%, 0, 1, 6, 803.59, 107564, 31
1078, 3, 23, 87, 61, 0, 30.10%, 0, 1, 6, 1.37, 108107, 31
1097, 3, 13, 89, 63, 0, 30.10%, 0, 1, 6, 8.26, 110221, 31
1102, 3, 22, 89, 63, 0, 30.10%, 0, 1, 6, 798.62, 114365, 31
1115, 3, 80, 90, 64, 0, 30.10%, 0, 1, 6, 1.21, 115323, 31
1120, 4, 89, 91, 65, 0, 31.07%, 0, 1, 6, 754.16, 119256, 32
1130, 4, 89, 91, 65, 0, 31.07%, 0, 1, 6, 3.66, 119600, 32
1146, 4, 21, 91, 62, 0, 31.07%, 0, 1, 6, 0.58, 122630, 32
1151, 4, 21, 91, 62, 0, 31.07%, 0, 1, 6, 769.11, 126589, 32
1157, 4, 23, 92, 63, 0, 31.07%, 0, 1, 6, 810.38, 128486, 32
1170, 4, 90, 94, 65, 0, 31.07%, 0, 1, 6, 7.93, 130307, 32
1175, 4, 95, 100, 70, 1, 33.98%, 0, 1, 7, 776.51, 134280, 35
1180, 4, 95, 100, 70, 1, 33.98%, 0, 1, 7, 758.75, 136730, 35
1188, 4, 96, 100, 69, 0, 33.98%, 0, 1, 7, 6.56, 137585, 35
1193, 4, 100, 101, 69, 0, 34.95%, 0, 1, 7, 756.45, 140483, 36
1205, 4, 100, 102, 70, 0, 38.83%, 0, 1, 8, 11.14, 143160, 40
1210, 4, 100, 102, 70, 0, 38.83%, 0, 1, 8, 786.41, 147240, 40
1219, 4, 100, 102, 70, 0, 38.83%, 0, 1, 8, 20.31, 148649, 40
1224, 4, 101, 104, 70, 0, 39.81%, 0, 1, 8, 717.30, 152446, 41
1229, 4, 101, 104, 70, 0, 39.81%, 0, 1, 8, 37.65, 153770, 41
1238, 4, 101, 104, 70, 0, 39.81%, 0, 1, 8, 16.50, 156542, 41
1243, 4, 101, 105, 71, 0, 40.78%, 0, 1, 9, 720.10, 160309, 42
1248, 4, 13, 105, 70, 0, 40.78%, 0, 1, 9, 719.10, 162488, 42
1253, 4, 103, 105, 70, 0, 40.78%, 0, 1, 9, 9.62, 163365, 42
1258, 4, 104, 105, 70, 0, 40.78%, 0, 1, 9, 749.62, 166206, 42
1264, 4, 104, 110, 75, 0, 44.66%, 0, 1, 10, 778.85, 170261, 46
1270, 4, 104, 110, 75, 0, 44.66%, 0, 1, 10, 18.91, 171011, 46
1275, 4, 107, 110, 74, 3, 44.66%, 0, 1, 10, 771.22, 174891, 46
1284, 4, 108, 111, 74, 2, 45.63%, 0, 1, 11, 23.44, 177984, 47
1290, 4, 105, 111, 73, 2, 45.63%, 0, 1, 11, 723.33, 181766, 47
1295, 4, 106, 111, 71, 0, 45.63%, 0, 1, 11, 740.84, 185649, 47
1300, 4, 110, 111, 71, 0, 45.63%, 0, 1, 11, 9.38, 186445, 47
1305, 4, 106, 111, 71, 0, 45.63%, 0, 1, 11, 717.63, 189980, 47
1311, 4, 105, 112, 72, 0, 45.63%, 0, 1, 11, 756.09, 193938, 47
1316, 4, 13, 113, 72, 0, 45.63%, 0, 1, 11, 782.14, 197648, 47
1321, 4, 106, 113, 72, 0, 45.63%, 0, 1, 11, 756.63, 201423, 47
1326, 4, 108, 113, 72, 0, 45.63%, 0, 1, 11, 726.43, 204942, 47
1331, 4, 78, 113, 72, 0, 45.63%, 0, 1, 11, 769.51, 209007, 47
1338, 4, 104, 114, 72, 0, 45.63%, 0, 1, 11, 15.21, 212387, 47
1343, 4, 102, 114, 72, 0, 45.63%, 0, 1, 11, 720.97, 215959, 47
1348, 5, 105, 114, 70, 0, 45.63%, 0, 1, 11, 776.62, 219925, 47
1353, 5, 105, 114, 70, 0, 45.63%, 0, 1, 11, 788.04, 223916, 47
1359, 5, 106, 114, 70, 0, 45.63%, 0, 1, 11, 768.69, 227834, 47
1364, 5, 107, 114, 70, 0, 45.63%, 0, 1, 11, 720.82, 231340, 47
1369, 5, 106, 116, 72, 0, 45.63%, 0, 1, 11, 725.57, 235068, 47
1374, 5, 104, 116, 72, 0, 45.63%, 0, 1, 11, 769.29, 239007, 47
1379, 5, 13, 116, 71, 0, 45.63%, 0, 1, 11, 737.93, 242722, 47
1384, 5, 13, 116, 71, 0, 45.63%, 0, 1, 11, 754.30, 246505, 47
1389, 5, 78, 116, 70, 0, 45.63%, 0, 1, 11, 746.33, 250306, 47
1394, 5, 107, 116, 69, 0, 45.63%, 0, 1, 11, 755.71, 254213, 47
1399, 5, 105, 116, 69, 0, 45.63%, 0, 1, 11, 731.52, 258073, 47
1404, 5, 110, 116, 68, 0, 45.63%, 0, 1, 11, 744.57, 261911, 47
1409, 5, 78, 118, 70, 0, 45.63%, 0, 1, 11, 750.75, 265766, 47
1414, 5, 17, 118, 70, 0, 45.63%, 0, 1, 11, 767.39, 268585, 47
1419, 6, 106, 118, 70, 0, 45.63%, 0, 1, 11, 795.99, 272583, 47
1425, 6, 100, 118, 70, 0, 45.63%, 0, 1, 11, 102.40, 276399, 47
1430, 6, 106, 118, 70, 0, 45.63%, 0, 1, 11, 764.87, 280281, 47
1435, 6, 96, 118, 69, 0, 45.63%, 0, 1, 11, 761.58, 284098, 47
1440, 6, 13, 118, 69, 0, 45.63%, 0, 1, 11, 726.76, 287788, 47
1445, 6, 105, 118, 67, 0, 45.63%, 0, 1, 11, 787.22, 291891, 47
1450, 6, 101, 118, 66, 0, 45.63%, 0, 1, 11, 780.11, 295962, 47
1456, 6, 106, 118, 66, 0, 45.63%, 0, 1, 11, 779.36, 299970, 47
1461, 6, 108, 118, 66, 0, 45.63%, 0, 1, 11, 761.27, 303807, 47
1466, 6, 115, 118, 66, 0, 45.63%, 0, 1, 11, 654.63, 306997, 47
1471, 6, 104, 118, 64, 0, 45.63%, 0, 1, 11, 758.97, 311027, 47
1476, 6, 13, 118, 63, 0, 45.63%, 0, 1, 11, 720.64, 314548, 47
1481, 6, 106, 118, 63, 0, 45.63%, 0, 1, 11, 767.33, 318579, 47
1486, 7, 107, 118, 63, 0, 45.63%, 0, 1, 11, 753.47, 322285, 47
1491, 7, 106, 118, 62, 0, 45.63%, 0, 1, 11, 778.53, 326199, 47
1496, 7, 118, 119, 62, 0, 48.54%, 0, 1, 12, 762.59, 330053, 50
1501, 7, 118, 119, 62, 0, 48.54%, 0, 1, 12, 754.56, 333844, 50
1506, 7, 108, 120, 62, 0, 49.51%, 0, 1, 13, 766.62, 337737, 51
1512, 7, 106, 122, 63, 0, 50.49%, 0, 1, 13, 780.78, 341792, 52
1517, 7, 120, 123, 64, 0, 51.46%, 0, 1, 14, 770.38, 345701, 53
1522, 7, 122, 124, 64, 0, 52.43%, 1, 1, 15, 809.88, 349396, 54
1522, 7, 122, 124, 64, 0, 52.43%, 1, 1, 15, 0.00, 349396, 54
