# relative_time, cycles_done, cur_item, corpus_count, pending_total, pending_favs, map_size, saved_crashes, saved_hangs, max_depth, execs_per_sec, total_execs, edges_found
73, 0, 0, 18, 18, 1, 29.11%, 0, 0, 2, 0.07, 1756, 23
78, 0, 0, 18, 18, 1, 29.11%, 0, 0, 2, 238.41, 1833, 23
122, 0, 0, 18, 18, 1, 29.11%, 0, 0, 2, 0.86, 3440, 23
127, 0, 0, 18, 18, 1, 29.11%, 0, 0, 2, 654.24, 4823, 23
175, 0, 0, 18, 18, 1, 29.11%, 0, 0, 2, 2.61, 6798, 23
181, 0, 0, 19, 19, 1, 32.91%, 0, 0, 2, 596.95, 9877, 26
222, 0, 0, 19, 19, 1, 32.91%, 0, 0, 2, 3.25, 10273, 26
263, 0, 0, 21, 21, 1, 35.44%, 0, 0, 2, 0.14, 11876, 28
268, 0, 0, 21, 21, 1, 35.44%, 0, 0, 2, 647.38, 15159, 28
306, 0, 0, 21, 21, 1, 35.44%, 0, 0, 2, 0.32, 15363, 28
346, 0, 0, 24, 24, 1, 36.71%, 0, 0, 2, 0.33, 17604, 29
351, 0, 0, 24, 24, 1, 36.71%, 0, 0, 2, 597.99, 20560, 29
384, 0, 0, 24, 24, 1, 36.71%, 0, 0, 2, 2.60, 21048, 29
419, 0, 0, 24, 24, 1, 36.71%, 0, 0, 2, 1.09, 22620, 29
422, 0, 0, 25, 25, 1, 37.97%, 1, 0, 2, 0.00, 24080, 30
