# relative_time, cycles_done, cur_item, corpus_count, pending_total, pending_favs, map_size, saved_crashes, saved_hangs, max_depth, execs_per_sec, total_execs, edges_found
73, 0, 0, 10, 8, 0, 17.48%, 0, 1, 2, 0.21, 1641, 18
78, 0, 0, 10, 8, 0, 17.48%, 0, 1, 2, 393.03, 1724, 18
122, 0, 0, 10, 8, 0, 17.48%, 0, 1, 2, 0.17, 2948, 18
128, 0, 0, 10, 8, 0, 17.48%, 0, 1, 2, 397.27, 3795, 18
176, 0, 0, 10, 8, 0, 17.48%, 0, 1, 2, 1.86, 5062, 18
181, 0, 0, 10, 8, 0, 17.48%, 0, 1, 2, 398.44, 7113, 18
215, 0, 0, 11, 9, 0, 17.48%, 0, 1, 2, 1.44, 7439, 18
222, 0, 0, 11, 9, 0, 17.48%, 0, 1, 2, 0.14, 7440, 18
264, 0, 10, 14, 11, 0, 18.45%, 0, 1, 3, 0.82, 8557, 19
269, 0, 10, 17, 14, 0, 21.36%, 0, 1, 3, 441.26, 10834, 22
307, 0, 10, 17, 14, 0, 21.36%, 0, 1, 3, 0.22, 10938, 22
346, 0, 10, 17, 14, 0, 21.36%, 0, 1, 3, 1.32, 12466, 22
352, 0, 10, 17, 14, 0, 21.36%, 0, 1, 3, 409.75, 14570, 22
384, 0, 10, 17, 14, 0, 21.36%, 0, 1, 3, 2.71, 14834, 22
390, 0, 10, 17, 14, 0, 21.36%, 0, 1, 3, 8.92, 15908, 22
420, 0, 10, 17, 14, 0, 21.36%, 0, 1, 3, 0.03, 15909, 22
455, 0, 14, 18, 11, 0, 21.36%, 0, 1, 4, 2.60, 18028, 22
463, 0, 14, 18, 11, 0, 21.36%, 0, 1, 4, 13.33, 18680, 22
487, 0, 14, 18, 11, 0, 21.36%, 0, 1, 4, 0.34, 18688, 22
492, 0, 10, 18, 11, 0, 21.36%, 0, 1, 4, 411.98, 20805, 22
522, 0, 14, 18, 11, 0, 21.36%, 0, 1, 4, 3.21, 21086, 22
528, 0, 16, 18, 11, 0, 21.36%, 0, 1, 4, 406.12, 23248, 22
557, 0, 16, 18, 11, 0, 21.36%, 0, 1, 4, 0.27, 23528, 22
592, 0, 14, 18, 11, 0, 21.36%, 0, 1, 4, 1.28, 24541, 22
597, 0, 14, 18, 11, 0, 21.36%, 0, 1, 4, 403.62, 26610, 22
626, 0, 14, 18, 11, 0, 21.36%, 0, 1, 4, 1.99, 26954, 22
656, 0, 14, 18, 11, 0, 21.36%, 0, 1, 4, 2.36, 28679, 22
665, 0, 14, 18, 11, 0, 21.36%, 0, 1, 4, 9.87, 30115, 22
680, 0, 14, 18, 11, 0, 21.36%, 0, 1, 4, 0.46, 30122, 22
713, 0, 14, 24, 17, 0, 25.24%, 0, 1, 4, 1.68, 31883, 26
718, 0, 14, 28, 18, 0, 25.24%, 0, 1, 5, 435.27, 34125, 26
740, 0, 25, 29, 19, 0, 25.24%, 0, 1, 6, 1.84, 34334, 26
748, 0, 25, 32, 22, 0, 26.21%, 0, 1, 6, 10.17, 35419, 27
762, 0, 25, 32, 22, 0, 26.21%, 0, 1, 6, 0.43, 35425, 27
788, 0, 25, 33, 23, 0, 26.21%, 0, 1, 6, 2.56, 37418, 27
793, 0, 25, 34, 24, 0, 27.18%, 0, 1, 6, 423.11, 39537, 28
802, 0, 25, 35, 25, 0, 27.18%, 0, 1, 6, 11.97, 39728, 28
817, 0, 25, 35, 25, 0, 27.18%, 0, 1, 6, 0.40, 39734, 28
837, 0, 25, 35, 25, 0, 27.18%, 0, 1, 6, 5.78, 41200, 28
842, 0, 25, 36, 26, 0, 27.18%, 0, 1, 6, 489.03, 43574, 28
864, 0, 25, 36, 26, 0, 27.18%, 0, 1, 6, 2.92, 43835, 28
892, 0, 25, 38, 28, 0, 27.18%, 0, 1, 6, 2.69, 46182, 28
897, 0, 31, 39, 28, 1, 27.18%, 0, 1, 7, 485.07, 48447, 28
916, 0, 14, 40, 28, 0, 27.18%, 0, 1, 7, 1.71, 48968, 28
933, 0, 20, 41, 29, 0, 28.16%, 0, 1, 7, 3.61, 50517, 29
946, 0, 20, 43, 31, 0, 30.10%, 0, 1, 7, 3.99, 52036, 31
954, 0, 20, 43, 31, 0, 30.10%, 0, 1, 7, 4.16, 52055, 31
959, 0, 20, 43, 31, 0, 30.10%, 0, 1, 7, 454.59, 54392, 31
969, 0, 20, 43, 31, 0, 30.10%, 0, 1, 7, 10.93, 54868, 31
974, 0, 20, 43, 31, 0, 30.10%, 0, 1, 7, 447.74, 57100, 31
991, 0, 20, 43, 31, 0, 30.10%, 0, 1, 7, 5.52, 57496, 31
1006, 0, 42, 43, 30, 2, 30.10%, 0, 1, 7, 7.84, 59321, 31
1027, 0, 42, 44, 31, 2, 30.10%, 0, 1, 7, 4.18, 61407, 31
1041, 0, 35, 47, 31, 0, 30.10%, 0, 1, 7, 5.90, 63655, 31
1046, 0, 35, 47, 31, 0, 30.10%, 0, 1, 7, 459.58, 65959, 31
1064, 0, 35, 47, 31, 0, 30.10%, 0, 1, 7, 4.42, 66274, 31
1069, 0, 35, 47, 31, 0, 30.10%, 0, 1, 7, 517.00, 68895, 31
1078, 0, 35, 47, 31, 0, 30.10%, 0, 1, 7, 10.61, 69355, 31
1097, 0, 35, 47, 31, 0, 30.10%, 0, 1, 7, 4.43, 70783, 31
1102, 0, 35, 47, 31, 0, 30.10%, 0, 1, 7, 605.65, 73900, 31
1115, 0, 35, 47, 31, 0, 30.10%, 0, 1, 7, 6.88, 74542, 31
1120, 0, 35, 47, 31, 0, 30.10%, 0, 1, 7, 622.89, 77707, 31
1130, 0, 31, 47, 30, 0, 30.10%, 0, 1, 7, 11.56, 78080, 31
1147, 0, 31, 47, 30, 0, 30.10%, 0, 1, 7, 0.08, 80592, 31
1152, 0, 41, 50, 32, 0, 30.10%, 0, 1, 7, 628.03, 83774, 31
1157, 0, 41, 51, 33, 0, 30.10%, 0, 1, 7, 668.01, 85355, 31
1171, 0, 41, 51, 33, 0, 30.10%, 0, 1, 7, 5.74, 86967, 31
1176, 0, 41, 51, 33, 0, 30.10%, 0, 1, 7, 733.41, 90105, 31
1181, 0, 41, 53, 35, 0, 31.07%, 0, 1, 7, 670.45, 92324, 32
1190, 0, 41, 53, 35, 0, 31.07%, 0, 1, 7, 15.54, 93078, 32
1195, 0, 41, 54, 36, 0, 31.07%, 0, 1, 7, 736.60, 96788, 32
1205, 0, 41, 55, 37, 0, 31.07%, 0, 1, 7, 17.48, 98074, 32
1210, 0, 52, 58, 39, 0, 32.04%, 0, 1, 7, 704.76, 101451, 33
1219, 0, 52, 59, 40, 0, 32.04%, 0, 1, 7, 17.74, 102747, 33
1224, 0, 52, 59, 40, 0, 32.04%, 0, 1, 7, 695.89, 106179, 33
1230, 0, 52, 59, 40, 0, 32.04%, 0, 1, 7, 2.13, 107401, 33
1238, 0, 52, 59, 40, 0, 32.04%, 0, 1, 7, 16.42, 109970, 33
1243, 0, 52, 59, 40, 0, 32.04%, 0, 1, 7, 701.63, 113625, 33
1248, 0, 52, 63, 44, 0, 33.98%, 0, 1, 7, 720.70, 115761, 35
1255, 0, 52, 64, 45, 0, 37.86%, 0, 1, 7, 13.93, 116358, 39
1260, 0, 61, 72, 52, 2, 47.57%, 1, 1, 8, 0.00, 119576, 49
