# relative_time, cycles_done, cur_item, corpus_count, pending_total, pending_favs, map_size, saved_crashes, saved_hangs, max_depth, execs_per_sec, total_execs, edges_found
73, 0, 0, 17, 17, 1, 29.11%, 0, 0, 2, 0.04, 1690, 23
78, 0, 0, 17, 17, 1, 29.11%, 0, 0, 2, 388.06, 1769, 23
122, 0, 0, 18, 18, 1, 29.11%, 0, 0, 2, 0.86, 3132, 23
127, 0, 0, 18, 18, 1, 29.11%, 0, 0, 2, 512.05, 4214, 23
176, 0, 0, 19, 19, 1, 32.91%, 0, 0, 2, 1.00, 5731, 26
181, 0, 0, 19, 19, 1, 32.91%, 0, 0, 2, 461.76, 8107, 26
215, 0, 0, 19, 19, 1, 32.91%, 0, 0, 2, 2.96, 8422, 26
222, 0, 0, 19, 19, 1, 32.91%, 0, 0, 2, 0.28, 8424, 26
264, 0, 0, 19, 19, 1, 32.91%, 0, 0, 2, 0.46, 9664, 26
269, 0, 0, 19, 19, 1, 32.91%, 0, 0, 2, 503.39, 12241, 26
306, 0, 0, 19, 19, 1, 32.91%, 0, 0, 2, 0.24, 12370, 26
346, 0, 0, 20, 20, 1, 35.44%, 0, 0, 2, 1.10, 14118, 28
351, 0, 0, 20, 20, 1, 35.44%, 0, 0, 2, 461.29, 16430, 28
384, 0, 0, 20, 20, 1, 35.44%, 0, 0, 2, 0.84, 16781, 28
420, 0, 0, 20, 20, 1, 35.44%, 0, 0, 2, 3.27, 17996, 28
428, 0, 0, 20, 20, 1, 35.44%, 0, 0, 2, 31.67, 20372, 28
455, 0, 0, 20, 20, 1, 35.44%, 0, 0, 2, 0.04, 20373, 28
487, 0, 0, 20, 20, 1, 35.44%, 0, 0, 2, 0.33, 21148, 28
492, 0, 0, 20, 20, 1, 35.44%, 0, 0, 2, 466.39, 23513, 28
522, 0, 0, 20, 20, 1, 35.44%, 0, 0, 2, 1.51, 23882, 28
527, 0, 0, 20, 20, 1, 35.44%, 0, 0, 2, 478.78, 26348, 28
557, 0, 0, 20, 20, 1, 35.44%, 0, 0, 2, 3.68, 26735, 28
592, 0, 0, 20, 20, 1, 35.44%, 0, 0, 2, 1.56, 27918, 28
597, 0, 0, 20, 20, 1, 35.44%, 0, 0, 2, 477.71, 30326, 28
626, 0, 0, 20, 20, 1, 35.44%, 0, 0, 2, 2.23, 30677, 28
656, 0, 0, 20, 20, 1, 35.44%, 0, 0, 2, 3.69, 32778, 28
665, 0, 0, 20, 20, 1, 35.44%, 0, 0, 2, 2.05, 34524, 28
680, 0, 0, 20, 20, 1, 35.44%, 0, 0, 2, 1.95, 34532, 28
713, 0, 0, 20, 20, 1, 35.44%, 0, 0, 2, 3.08, 36724, 28
716, 0, 0, 20, 20, 1, 35.44%, 1, 0, 2, 0.00, 38837, 28
