# relative_time, cycles_done, cur_item, corpus_count, pending_total, pending_favs, map_size, saved_crashes, saved_hangs, max_depth, execs_per_sec, total_execs, edges_found
77, 0, 0, 9, 6, 0, 22.78%, 0, 0, 3, 0.13, 1767, 18
78, 0, 0, 9, 6, 0, 22.78%, 0, 0, 3, 460.00, 1862, 18
122, 0, 0, 10, 7, 0, 22.78%, 0, 0, 3, 1.77, 3514, 18
127, 0, 9, 12, 9, 0, 22.78%, 0, 0, 3, 650.10, 4871, 18
176, 0, 9, 14, 11, 0, 25.32%, 0, 0, 3, 0.83, 6870, 20
176, 0, 9, 14, 11, 0, 25.32%, 0, 0, 3, 0.79, 6871, 20
181, 0, 9, 14, 11, 0, 25.32%, 0, 0, 3, 597.03, 9958, 20
222, 0, 13, 15, 10, 1, 25.32%, 0, 0, 4, 3.49, 10367, 20
264, 0, 13, 17, 12, 1, 26.58%, 0, 0, 4, 1.75, 11973, 21
269, 0, 13, 19, 14, 1, 30.38%, 0, 0, 4, 648.26, 15289, 24
306, 0, 13, 19, 14, 1, 30.38%, 0, 0, 4, 0.32, 15474, 24
346, 0, 17, 24, 17, 1, 32.91%, 0, 0, 5, 3.61, 17719, 26
351, 0, 17, 30, 23, 1, 32.91%, 0, 0, 5, 592.34, 20748, 26
384, 0, 17, 30, 23, 1, 32.91%, 0, 0, 5, 0.77, 21169, 26
420, 0, 17, 30, 23, 1, 32.91%, 0, 0, 5, 1.46, 22741, 26
455, 0, 17, 33, 26, 1, 36.71%, 0, 0, 5, 3.12, 25798, 29
487, 0, 17, 33, 26, 1, 36.71%, 0, 0, 5, 3.87, 26764, 29
492, 0, 20, 40, 31, 4, 36.71%, 0, 0, 6, 584.44, 29761, 29
522, 0, 20, 41, 32, 4, 36.71%, 0, 0, 6, 1.98, 30238, 29
527, 0, 34, 47, 35, 1, 36.71%, 0, 0, 6, 602.01, 33518, 29
557, 0, 34, 47, 35, 1, 36.71%, 0, 0, 6, 0.41, 33943, 29
592, 0, 30, 48, 35, 0, 37.97%, 0, 0, 6, 3.24, 35500, 30
597, 0, 30, 49, 36, 0, 37.97%, 0, 0, 6, 629.43, 38816, 30
625, 0, 30, 49, 36, 0, 37.97%, 0, 0, 6, 3.82, 39188, 30
656, 0, 30, 49, 36, 0, 37.97%, 0, 0, 6, 4.32, 41902, 30
665, 0, 47, 50, 36, 0, 37.97%, 0, 0, 7, 14.29, 44120, 30
680, 0, 47, 50, 36, 0, 37.97%, 0, 0, 7, 1.05, 44136, 30
712, 0, 47, 51, 37, 0, 37.97%, 0, 0, 7, 0.91, 46870, 30
718, 0, 47, 52, 38, 0, 39.24%, 0, 0, 7, 723.62, 50554, 31
740, 0, 47, 52, 38, 0, 39.24%, 0, 0, 7, 4.18, 50894, 31
748, 0, 47, 52, 38, 0, 39.24%, 0, 0, 7, 25.13, 52724, 31
762, 0, 47, 52, 38, 0, 39.24%, 0, 0, 7, 0.58, 52732, 31
788, 0, 47, 52, 38, 0, 39.24%, 0, 0, 7, 3.56, 56079, 31
793, 0, 51, 54, 39, 0, 43.04%, 0, 0, 8, 712.56, 59743, 34
816, 0, 51, 55, 40, 0, 45.57%, 0, 0, 8, 2.76, 59974, 36
818, 0, 51, 55, 40, 0, 45.57%, 1, 0, 8, 0.00, 60899, 36
