# relative_time, cycles_done, cur_item, corpus_count, pending_total, pending_favs, map_size, saved_crashes, saved_hangs, max_depth, execs_per_sec, total_execs, edges_found
73, 0, 1, 11, 9, 0, 32.05%, 0, 0, 3, 0.04, 1687, 25
78, 0, 1, 11, 9, 0, 32.05%, 0, 0, 3, 170.40, 1729, 25
122, 0, 1, 11, 9, 0, 32.05%, 0, 0, 3, 1.38, 3333, 25
127, 0, 1, 11, 9, 0, 32.05%, 0, 0, 3, 641.45, 4714, 25
170, 0, 1, 11, 9, 0, 32.05%, 0, 0, 3, 32.01, 6706, 25
170, 0, 1, 11, 9, 0, 32.05%, 0, 0, 3, 0.03, 6707, 25
176, 0, 1, 11, 9, 0, 32.05%, 0, 0, 3, 0.54, 6710, 25
181, 0, 12, 21, 18, 1, 41.03%, 0, 0, 4, 590.82, 9676, 32
222, 0, 12, 22, 19, 1, 41.03%, 0, 0, 4, 3.00, 10201, 32
264, 0, 12, 27, 24, 1, 43.59%, 0, 0, 4, 0.08, 11811, 34
269, 0, 12, 33, 30, 1, 44.87%, 0, 0, 4, 651.44, 15145, 35
306, 0, 12, 33, 30, 1, 44.87%, 0, 0, 4, 1.05, 15327, 35
346, 0, 12, 34, 31, 1, 44.87%, 0, 0, 4, 1.32, 17581, 35
351, 0, 22, 40, 35, 6, 46.15%, 0, 0, 5, 597.36, 20631, 36
384, 0, 22, 42, 37, 6, 47.44%, 0, 0, 5, 4.19, 21030, 37
420, 0, 19, 44, 38, 7, 48.72%, 0, 0, 5, 1.15, 22617, 38
455, 0, 20, 47, 36, 2, 48.72%, 0, 0, 6, 3.90, 25663, 38
487, 0, 41, 49, 37, 1, 48.72%, 0, 0, 6, 4.65, 26630, 38
492, 0, 41, 51, 38, 0, 50.00%, 0, 0, 6, 592.25, 29639, 39
522, 0, 41, 51, 38, 0, 50.00%, 0, 0, 6, 2.68, 30132, 39
527, 0, 38, 55, 41, 0, 50.00%, 0, 0, 6, 606.16, 33422, 39
557, 0, 49, 56, 42, 0, 50.00%, 0, 0, 7, 0.41, 33853, 39
592, 0, 49, 58, 44, 0, 52.56%, 0, 0, 7, 2.84, 35411, 41
597, 0, 49, 58, 44, 0, 52.56%, 0, 0, 7, 626.27, 38607, 41
625, 0, 49, 58, 44, 0, 52.56%, 0, 0, 7, 3.82, 39123, 41
656, 0, 49, 58, 44, 0, 52.56%, 0, 0, 7, 3.36, 41845, 41
665, 0, 57, 59, 43, 1, 52.56%, 0, 0, 8, 9.41, 44085, 41
680, 0, 57, 59, 43, 1, 52.56%, 0, 0, 8, 0.65, 44095, 41
712, 0, 56, 59, 42, 0, 52.56%, 0, 0, 8, 0.46, 46851, 41
717, 0, 56, 59, 42, 0, 52.56%, 0, 0, 8, 727.54, 50535, 41
740, 0, 56, 59, 42, 0, 52.56%, 0, 0, 8, 4.18, 50889, 41
748, 0, 56, 59, 42, 0, 52.56%, 0, 0, 8, 19.01, 52725, 41
762, 0, 56, 59, 42, 0, 52.56%, 0, 0, 8, 0.51, 52732, 41
769, 0, 56, 59, 42, 0, 52.56%, 0, 0, 8, 9.02, 56075, 41
788, 0, 56, 59, 42, 0, 52.56%, 0, 0, 8, 0.25, 56077, 41
793, 0, 28, 60, 43, 0, 52.56%, 0, 0, 8, 711.04, 59612, 41
801, 0, 47, 60, 43, 0, 52.56%, 0, 0, 8, 8.10, 59990, 41
816, 0, 47, 60, 43, 0, 52.56%, 0, 0, 8, 0.07, 59991, 41
837, 0, 56, 62, 44, 0, 52.56%, 0, 0, 8, 2.52, 62454, 41
842, 0, 28, 63, 45, 0, 52.56%, 0, 0, 8, 785.85, 66495, 41
864, 0, 28, 63, 45, 0, 52.56%, 0, 0, 8, 6.71, 66781, 41
892, 0, 18, 66, 48, 0, 52.56%, 0, 0, 8, 3.51, 70713, 41
897, 0, 42, 68, 50, 0, 52.56%, 0, 0, 8, 803.69, 74709, 41
916, 0, 20, 68, 50, 0, 52.56%, 0, 0, 8, 6.09, 75507, 41
933, 0, 14, 68, 50, 0, 52.56%, 0, 0, 8, 9.00, 78188, 41
947, 0, 19, 68, 50, 0, 52.56%, 0, 0, 8, 7.06, 80846, 41
954, 0, 19, 68, 50, 0, 52.56%, 0, 0, 8, 6.79, 80865, 41
959, 0, 20, 68, 50, 0, 52.56%, 0, 0, 8, 788.62, 84833, 41
969, 0, 28, 68, 50, 0, 52.56%, 0, 0, 8, 4.81, 85739, 41
974, 0, 22, 68, 50, 0, 52.56%, 0, 0, 8, 792.29, 89867, 41
991, 1, 0, 68, 50, 0, 52.56%, 0, 0, 8, 6.44, 90277, 41
1006, 1, 69, 72, 53, 0, 52.56%, 0, 0, 8, 2.65, 93526, 41
1018, 1, 57, 73, 53, 0, 52.56%, 0, 0, 8, 12.18, 97190, 41
1026, 1, 57, 73, 53, 0, 52.56%, 0, 0, 8, 0.12, 97191, 41
1040, 1, 56, 76, 55, 0, 52.56%, 0, 0, 8, 3.53, 101151, 41
1045, 1, 25, 79, 58, 0, 52.56%, 0, 0, 8, 800.29, 105334, 41
1064, 1, 19, 79, 58, 0, 52.56%, 0, 0, 8, 0.59, 105683, 41
1069, 1, 20, 81, 60, 0, 52.56%, 0, 0, 8, 822.82, 109919, 41
1078, 1, 20, 82, 61, 0, 52.56%, 0, 0, 8, 4.79, 110475, 41
1097, 1, 80, 82, 61, 0, 52.56%, 0, 0, 8, 7.89, 112673, 41
1102, 1, 25, 82, 59, 0, 52.56%, 0, 0, 8, 824.13, 116961, 41
1115, 1, 57, 82, 59, 0, 52.56%, 0, 0, 8, 12.35, 117940, 41
1120, 1, 70, 83, 60, 0, 52.56%, 0, 0, 8, 796.09, 121953, 41
1130, 1, 0, 83, 59, 0, 52.56%, 0, 0, 8, 18.01, 122471, 41
1146, 1, 20, 83, 59, 0, 52.56%, 0, 0, 8, 11.50, 125658, 41
1152, 1, 75, 84, 59, 0, 52.56%, 0, 0, 8, 789.00, 129781, 41
1157, 1, 0, 84, 58, 0, 52.56%, 0, 0, 8, 814.14, 131709, 41
1170, 1, 72, 84, 58, 0, 52.56%, 0, 0, 8, 9.77, 133647, 41
1176, 1, 14, 84, 57, 0, 52.56%, 0, 0, 8, 809.44, 137912, 41
1181, 1, 28, 84, 56, 0, 52.56%, 0, 0, 8, 730.11, 140459, 41
1190, 1, 26, 84, 56, 0, 52.56%, 0, 0, 8, 3.04, 141130, 41
1195, 2, 65, 85, 56, 0, 52.56%, 0, 0, 8, 813.66, 145239, 41
1205, 2, 41, 86, 56, 0, 52.56%, 0, 0, 8, 3.75, 146874, 41
1210, 2, 57, 86, 56, 0, 52.56%, 0, 0, 8, 799.11, 150899, 41
1219, 2, 19, 86, 56, 0, 52.56%, 0, 0, 8, 6.39, 152450, 41
1224, 2, 0, 87, 57, 0, 52.56%, 0, 0, 8, 760.31, 156559, 41
1229, 2, 57, 87, 57, 0, 52.56%, 1, 0, 8, 24.42, 157637, 41
1229, 2, 57, 87, 57, 0, 52.56%, 1, 0, 8, 0.00, 157637, 41
