# relative_time, cycles_done, cur_item, corpus_count, pending_total, pending_favs, map_size, saved_crashes, saved_hangs, max_depth, execs_per_sec, total_execs, edges_found
73, 0, 0, 6, 4, 0, 24.21%, 0, 0, 2, 0.03, 1613, 23
78, 0, 0, 6, 4, 0, 24.21%, 0, 0, 2, 80.46, 1637, 23
89, 0, 0, 8, 6, 0, 24.21%, 0, 0, 2, 1.56, 2640, 23
122, 0, 0, 8, 6, 0, 24.21%, 0, 0, 2, 0.06, 2642, 23
127, 0, 0, 9, 7, 0, 25.26%, 0, 0, 2, 338.87, 3367, 24
170, 0, 0, 12, 10, 0, 25.26%, 0, 0, 2, 17.65, 4504, 24
170, 0, 0, 12, 10, 0, 25.26%, 0, 0, 2, 0.03, 4505, 24
175, 0, 0, 12, 10, 0, 25.26%, 0, 0, 2, 0.36, 4507, 24
180, 0, 0, 12, 10, 0, 25.26%, 0, 0, 2, 351.45, 6307, 24
214, 0, 0, 12, 10, 0, 25.26%, 0, 0, 2, 0.63, 6559, 24
222, 0, 0, 12, 10, 0, 25.26%, 0, 0, 2, 0.60, 6560, 24
263, 0, 8, 12, 9, 2, 25.26%, 0, 0, 2, 0.05, 7515, 24
268, 0, 8, 17, 11, 0, 26.32%, 0, 0, 3, 375.83, 9457, 25
306, 0, 8, 18, 12, 0, 27.37%, 0, 0, 3, 0.19, 9534, 26
346, 0, 17, 18, 11, 0, 27.37%, 0, 0, 3, 1.73, 10821, 26
351, 0, 6, 19, 12, 0, 27.37%, 0, 0, 4, 348.80, 12555, 26
384, 0, 6, 19, 12, 0, 27.37%, 0, 0, 4, 1.73, 12844, 26
419, 0, 15, 20, 13, 0, 27.37%, 0, 0, 4, 0.64, 13753, 26
455, 0, 0, 21, 14, 0, 27.37%, 0, 0, 4, 2.57, 15549, 26
462, 1, 0, 21, 14, 0, 27.37%, 0, 0, 4, 1.10, 16101, 26
486, 1, 0, 21, 14, 0, 27.37%, 0, 0, 4, 1.05, 16107, 26
491, 1, 0, 21, 14, 0, 27.37%, 0, 0, 4, 363.39, 17951, 26
522, 1, 0, 21, 14, 0, 27.37%, 0, 0, 4, 2.81, 18205, 26
527, 1, 5, 21, 14, 0, 27.37%, 0, 0, 4, 374.26, 20209, 26
557, 1, 0, 21, 14, 0, 27.37%, 0, 0, 4, 0.48, 20465, 26
591, 1, 0, 21, 14, 0, 27.37%, 0, 0, 4, 1.53, 21395, 26
596, 2, 21, 25, 16, 0, 31.58%, 0, 0, 5, 375.30, 23367, 30
625, 2, 21, 26, 17, 0, 32.63%, 0, 0, 5, 2.97, 23626, 31
656, 2, 21, 31, 22, 0, 33.68%, 0, 0, 5, 1.74, 25226, 32
664, 2, 21, 33, 24, 0, 33.68%, 0, 0, 5, 1.49, 26544, 32
680, 2, 21, 33, 24, 0, 33.68%, 0, 0, 5, 1.43, 26553, 32
712, 2, 21, 37, 28, 0, 33.68%, 0, 0, 5, 1.96, 28180, 32
717, 2, 21, 43, 34, 0, 33.68%, 0, 0, 5, 404.84, 30266, 32
739, 2, 21, 43, 34, 0, 33.68%, 0, 0, 5, 1.29, 30450, 32
747, 2, 21, 43, 34, 0, 33.68%, 0, 0, 5, 11.56, 31469, 32
761, 2, 21, 43, 34, 0, 33.68%, 0, 0, 5, 0.51, 31476, 32
769, 2, 21, 53, 44, 0, 34.74%, 0, 0, 5, 2.37, 33357, 33
788, 2, 21, 53, 44, 0, 34.74%, 0, 0, 5, 0.24, 33359, 33
793, 2, 21, 55, 46, 0, 35.79%, 0, 0, 5, 426.47, 35476, 34
816, 2, 21, 56, 47, 0, 35.79%, 0, 0, 5, 1.05, 35691, 34
836, 2, 23, 59, 49, 4, 35.79%, 0, 0, 6, 0.53, 37163, 34
841, 2, 45, 63, 51, 2, 35.79%, 0, 0, 6, 489.42, 39550, 34
863, 2, 45, 63, 51, 2, 35.79%, 0, 0, 6, 2.94, 39811, 34
892, 2, 30, 66, 53, 1, 36.84%, 0, 0, 6, 1.13, 42213, 35
897, 2, 54, 69, 54, 0, 36.84%, 0, 0, 6, 452.69, 44465, 35
915, 2, 54, 71, 56, 0, 36.84%, 0, 0, 6, 2.58, 44911, 35
933, 2, 54, 71, 56, 0, 36.84%, 0, 0, 6, 1.40, 46555, 35
946, 2, 54, 73, 58, 0, 36.84%, 0, 0, 6, 3.79, 48075, 35
953, 2, 54, 73, 58, 0, 36.84%, 0, 0, 6, 3.87, 48092, 35
958, 2, 54, 74, 59, 0, 36.84%, 0, 0, 6, 481.24, 50575, 35
968, 2, 54, 74, 59, 0, 36.84%, 0, 0, 6, 5.73, 51061, 35
973, 2, 23, 77, 62, 0, 36.84%, 0, 0, 6, 542.58, 53762, 35
990, 2, 64, 77, 62, 0, 36.84%, 0, 0, 6, 5.22, 54223, 35
1006, 2, 64, 77, 62, 0, 36.84%, 0, 0, 6, 11.66, 56608, 35
1026, 2, 64, 78, 63, 0, 36.84%, 0, 0, 7, 4.38, 59256, 35
1040, 2, 45, 81, 66, 0, 36.84%, 0, 0, 7, 3.09, 62004, 35
1045, 2, 72, 82, 67, 0, 36.84%, 0, 0, 7, 572.23, 64900, 35
1064, 2, 72, 82, 67, 0, 36.84%, 0, 0, 7, 6.16, 65273, 35
1069, 2, 45, 82, 64, 0, 36.84%, 0, 0, 7, 587.90, 68232, 35
1078, 2, 30, 82, 64, 0, 36.84%, 0, 0, 7, 9.34, 68708, 35
1096, 2, 54, 83, 65, 0, 36.84%, 0, 0, 7, 5.49, 70304, 35
1101, 2, 17, 84, 66, 0, 37.89%, 0, 0, 7, 644.65, 73508, 36
1114, 2, 83, 84, 66, 1, 37.89%, 0, 0, 7, 4.70, 74105, 36
1119, 2, 83, 86, 67, 0, 37.89%, 0, 0, 7, 502.39, 76620, 36
1129, 2, 83, 86, 67, 0, 37.89%, 0, 0, 7, 9.23, 76907, 36
1146, 2, 83, 86, 67, 0, 37.89%, 0, 0, 7, 6.94, 78761, 36
1151, 2, 83, 86, 67, 0, 37.89%, 0, 0, 7, 447.57, 81116, 36
1156, 2, 83, 87, 68, 0, 37.89%, 0, 0, 7, 488.73, 82206, 36
1170, 2, 83, 87, 68, 0, 37.89%, 0, 0, 7, 4.76, 83322, 36
1175, 2, 83, 87, 68, 0, 37.89%, 0, 0, 7, 547.94, 86136, 36
1180, 2, 84, 87, 68, 1, 37.89%, 0, 0, 7, 478.73, 87858, 36
1189, 2, 84, 87, 68, 1, 37.89%, 0, 0, 7, 10.74, 88344, 36
1194, 2, 54, 88, 68, 0, 37.89%, 0, 0, 7, 606.46, 91546, 36
1204, 2, 84, 88, 68, 0, 37.89%, 0, 0, 7, 5.46, 92598, 36
1209, 2, 84, 88, 68, 0, 37.89%, 0, 0, 7, 575.76, 95485, 36
1218, 2, 23, 88, 68, 0, 37.89%, 0, 0, 7, 16.72, 96669, 36
1223, 2, 82, 90, 70, 0, 37.89%, 0, 0, 7, 562.74, 99598, 36
1229, 2, 82, 90, 70, 0, 37.89%, 0, 0, 7, 26.08, 100348, 36
1238, 2, 25, 91, 69, 0, 37.89%, 0, 0, 7, 20.36, 102468, 36
1243, 2, 78, 91, 69, 0, 37.89%, 0, 0, 7, 528.96, 105518, 36
1248, 2, 30, 92, 69, 0, 37.89%, 0, 0, 7, 569.73, 107243, 36
1253, 2, 30, 92, 69, 0, 37.89%, 0, 0, 7, 12.47, 107483, 36
1258, 2, 77, 93, 70, 0, 37.89%, 0, 0, 8, 589.70, 109669, 36
1263, 2, 23, 94, 69, 0, 37.89%, 0, 0, 8, 645.19, 113009, 36
1270, 2, 23, 94, 69, 0, 37.89%, 0, 0, 8, 23.02, 113699, 36
1275, 2, 25, 95, 69, 0, 37.89%, 0, 0, 8, 589.92, 116755, 36
1284, 2, 64, 96, 70, 0, 37.89%, 0, 0, 8, 19.89, 119343, 36
1289, 2, 76, 96, 70, 0, 37.89%, 0, 0, 8, 654.06, 122602, 36
1294, 3, 63, 96, 69, 0, 37.89%, 0, 0, 8, 667.82, 126114, 36
1300, 3, 23, 96, 68, 0, 37.89%, 0, 0, 8, 33.67, 126793, 36
1305, 3, 25, 97, 68, 0, 37.89%, 0, 0, 8, 655.58, 130044, 36
1310, 3, 0, 98, 69, 0, 37.89%, 0, 0, 8, 660.01, 133326, 36
1315, 3, 30, 98, 68, 0, 37.89%, 0, 0, 8, 652.63, 136531, 36
1320, 3, 23, 99, 69, 0, 37.89%, 0, 0, 8, 674.02, 139981, 36
1325, 3, 15, 99, 69, 0, 37.89%, 0, 0, 8, 619.84, 142967, 36
1330, 3, 25, 99, 68, 0, 37.89%, 0, 0, 8, 682.13, 146473, 36
1338, 3, 45, 99, 68, 0, 37.89%, 0, 0, 8, 7.78, 149622, 36
1343, 3, 45, 99, 68, 0, 37.89%, 0, 0, 8, 684.28, 152961, 36
1348, 3, 30, 99, 67, 0, 37.89%, 0, 0, 8, 680.86, 156433, 36
1353, 3, 23, 99, 66, 0, 37.89%, 0, 0, 8, 666.75, 159796, 36
1358, 3, 15, 99, 66, 0, 37.89%, 0, 0, 8, 652.77, 163190, 36
1364, 3, 64, 99, 66, 0, 37.89%, 0, 0, 8, 658.48, 166393, 36
1369, 3, 45, 99, 66, 0, 37.89%, 0, 0, 8, 657.11, 169711, 36
1374, 3, 25, 99, 66, 0, 37.89%, 0, 0, 8, 675.85, 173097, 36
1379, 4, 54, 99, 65, 0, 37.89%, 0, 0, 8, 659.00, 176370, 36
1384, 4, 92, 99, 64, 0, 37.89%, 0, 0, 8, 621.58, 179618, 36
1389, 4, 86, 99, 63, 0, 37.89%, 0, 0, 8, 521.67, 182249, 36
1394, 4, 25, 100, 63, 0, 37.89%, 0, 0, 8, 619.84, 185372, 36
1399, 4, 15, 100, 61, 0, 37.89%, 0, 0, 8, 643.86, 188730, 36
1404, 4, 54, 100, 60, 0, 37.89%, 0, 0, 8, 691.66, 192398, 36
1410, 4, 25, 100, 60, 0, 37.89%, 0, 0, 8, 654.97, 195475, 36
1415, 4, 84, 100, 60, 0, 37.89%, 0, 0, 8, 607.44, 198044, 36
1420, 4, 84, 100, 59, 0, 37.89%, 0, 0, 8, 652.85, 201521, 36
1425, 4, 84, 100, 58, 0, 37.89%, 0, 0, 8, 666.04, 204744, 36
1430, 4, 5, 100, 57, 0, 37.89%, 0, 0, 8, 651.42, 208087, 36
1435, 4, 68, 100, 56, 0, 37.89%, 0, 0, 8, 605.94, 211178, 36
1440, 4, 64, 100, 54, 0, 37.89%, 0, 0, 8, 688.34, 214809, 36
1445, 4, 23, 100, 53, 0, 37.89%, 0, 0, 8, 718.01, 218545, 36
1450, 4, 64, 100, 53, 0, 37.89%, 0, 0, 8, 689.34, 221990, 36
1456, 5, 25, 100, 53, 0, 37.89%, 0, 0, 8, 694.59, 225529, 36
1461, 5, 45, 100, 53, 0, 37.89%, 0, 0, 8, 698.85, 229047, 36
1466, 5, 84, 100, 53, 0, 37.89%, 0, 0, 8, 678.38, 232488, 36
1471, 5, 0, 100, 53, 0, 37.89%, 0, 0, 8, 710.69, 236140, 36
1476, 5, 54, 100, 53, 0, 37.89%, 0, 0, 8, 706.82, 239614, 36
1481, 5, 31, 100, 53, 0, 37.89%, 0, 0, 8, 703.54, 243101, 36
1486, 5, 88, 100, 51, 0, 37.89%, 0, 0, 8, 710.94, 246661, 36
1491, 5, 66, 100, 50, 0, 37.89%, 0, 0, 8, 669.41, 249948, 36
1496, 5, 97, 100, 49, 0, 37.89%, 0, 0, 8, 541.92, 252835, 36
1501, 5, 0, 100, 48, 0, 37.89%, 0, 0, 8, 428.93, 254598, 36
1506, 5, 15, 100, 48, 0, 37.89%, 0, 0, 8, 682.08, 258408, 36
1511, 5, 80, 100, 47, 0, 37.89%, 0, 0, 8, 629.61, 261640, 36
1516, 5, 73, 100, 46, 0, 37.89%, 0, 0, 8, 660.72, 265009, 36
1522, 5, 64, 100, 46, 0, 37.89%, 0, 0, 8, 701.80, 268528, 36
1527, 5, 25, 100, 46, 0, 37.89%, 0, 0, 8, 715.13, 272174, 36
1532, 6, 25, 100, 46, 0, 37.89%, 0, 0, 8, 693.38, 275593, 36
1537, 6, 84, 100, 45, 0, 37.89%, 0, 0, 8, 682.28, 279164, 36
1542, 6, 24, 100, 45, 0, 37.89%, 0, 0, 8, 691.89, 282564, 36
1547, 6, 23, 100, 45, 0, 37.89%, 0, 0, 8, 720.59, 286220, 36
1552, 6, 98, 100, 45, 0, 37.89%, 0, 0, 8, 714.87, 289823, 36
1557, 6, 79, 100, 44, 0, 37.89%, 0, 0, 8, 708.05, 293456, 36
1562, 6, 25, 100, 43, 0, 37.89%, 0, 0, 8, 715.61, 296941, 36
1567, 6, 84, 100, 43, 0, 37.89%, 0, 0, 8, 723.51, 300570, 36
1572, 6, 25, 100, 42, 0, 37.89%, 0, 0, 8, 745.50, 304331, 36
1578, 6, 25, 100, 42, 0, 37.89%, 0, 0, 8, 743.53, 307971, 36
1583, 6, 25, 101, 43, 0, 37.89%, 0, 0, 8, 750.77, 311773, 36
1588, 6, 25, 101, 42, 0, 37.89%, 0, 0, 8, 768.59, 315583, 36
1593, 7, 23, 101, 42, 0, 37.89%, 0, 0, 8, 756.00, 319328, 36
1598, 7, 23, 101, 40, 0, 37.89%, 0, 0, 8, 701.00, 322947, 36
1603, 7, 8, 101, 40, 0, 37.89%, 0, 0, 8, 733.93, 326702, 36
1608, 7, 101, 102, 41, 1, 45.26%, 0, 0, 8, 634.69, 329987, 43
1613, 7, 101, 102, 40, 0, 45.26%, 0, 0, 8, 556.39, 332733, 43
1618, 7, 101, 102, 40, 0, 45.26%, 0, 0, 8, 434.94, 335098, 43
1624, 7, 101, 102, 40, 0, 45.26%, 0, 0, 8, 666.05, 338935, 43
1629, 7, 101, 102, 40, 0, 45.26%, 0, 0, 8, 646.41, 342243, 43
1634, 7, 101, 102, 40, 0, 45.26%, 0, 0, 8, 632.57, 345450, 43
1639, 7, 101, 102, 39, 0, 45.26%, 0, 0, 8, 678.62, 349065, 43
1644, 7, 101, 102, 38, 0, 45.26%, 0, 0, 8, 640.24, 352325, 43
1649, 7, 101, 102, 38, 0, 45.26%, 0, 0, 8, 627.96, 355542, 43
1654, 7, 23, 102, 38, 0, 45.26%, 0, 0, 8, 632.54, 358627, 43
1659, 7, 9, 102, 36, 0, 45.26%, 0, 0, 8, 676.86, 362026, 43
1664, 7, 15, 102, 35, 0, 45.26%, 0, 0, 8, 615.13, 364896, 43
1669, 7, 101, 102, 35, 0, 45.26%, 0, 0, 8, 631.51, 368274, 43
1675, 7, 101, 102, 35, 0, 45.26%, 0, 0, 8, 665.90, 371771, 43
1680, 7, 101, 102, 34, 0, 45.26%, 0, 0, 8, 667.29, 375307, 43
1685, 7, 23, 102, 34, 0, 45.26%, 0, 0, 8, 658.08, 378609, 43
1690, 7, 85, 102, 34, 0, 45.26%, 0, 0, 8, 664.57, 382046, 43
1695, 7, 101, 102, 33, 0, 45.26%, 0, 0, 8, 583.60, 384664, 43
1700, 7, 23, 102, 33, 0, 45.26%, 0, 0, 8, 632.64, 387891, 43
1705, 8, 101, 102, 32, 0, 45.26%, 0, 0, 8, 668.11, 391307, 43
1710, 8, 102, 103, 32, 0, 48.42%, 0, 0, 8, 545.22, 393921, 46
1715, 8, 102, 103, 32, 0, 48.42%, 0, 0, 8, 517.11, 396481, 46
1720, 8, 102, 103, 32, 0, 48.42%, 0, 0, 8, 670.27, 399995, 46
1725, 8, 102, 103, 32, 0, 48.42%, 0, 0, 8, 710.66, 403516, 46
1730, 8, 102, 103, 32, 0, 48.42%, 0, 0, 8, 625.96, 406592, 46
1735, 8, 102, 103, 32, 0, 48.42%, 0, 0, 8, 588.24, 409558, 46
1740, 8, 102, 103, 32, 0, 48.42%, 0, 0, 8, 604.88, 412731, 46
1746, 8, 23, 103, 32, 0, 48.42%, 0, 0, 8, 681.59, 416393, 46
1751, 8, 102, 103, 32, 0, 48.42%, 0, 0, 8, 623.61, 419523, 46
1756, 8, 102, 103, 32, 0, 48.42%, 0, 0, 8, 625.55, 422715, 46
1761, 8, 102, 103, 32, 0, 48.42%, 0, 0, 8, 619.17, 425779, 46
1766, 8, 94, 103, 32, 0, 48.42%, 0, 0, 8, 554.51, 428631, 46
1771, 8, 101, 103, 30, 0, 48.42%, 0, 0, 8, 637.95, 431934, 46
1776, 8, 101, 103, 30, 0, 48.42%, 0, 0, 8, 634.36, 435098, 46
1781, 8, 101, 103, 30, 0, 48.42%, 0, 0, 8, 612.57, 438240, 46
1787, 8, 29, 103, 30, 0, 48.42%, 0, 0, 8, 651.41, 441558, 46
1792, 8, 8, 103, 29, 0, 48.42%, 0, 0, 8, 672.29, 444928, 46
1797, 8, 101, 103, 28, 0, 48.42%, 0, 0, 8, 710.62, 448563, 46
1802, 8, 101, 103, 28, 0, 48.42%, 0, 0, 8, 675.49, 451834, 46
1807, 8, 5, 103, 28, 0, 48.42%, 0, 0, 8, 663.26, 455136, 46
1812, 8, 59, 103, 28, 0, 48.42%, 0, 0, 8, 683.25, 458521, 46
1817, 8, 101, 103, 28, 0, 48.42%, 0, 0, 8, 689.29, 462157, 46
1822, 8, 101, 103, 28, 0, 48.42%, 0, 0, 8, 666.15, 465542, 46
1827, 9, 101, 103, 28, 0, 48.42%, 0, 0, 8, 676.90, 468945, 46
1833, 9, 59, 103, 28, 0, 48.42%, 0, 0, 8, 725.58, 472769, 46
1838, 9, 101, 103, 28, 0, 48.42%, 0, 0, 8, 680.40, 476177, 46
1843, 9, 101, 103, 28, 0, 48.42%, 0, 0, 8, 780.59, 479395, 46
1848, 9, 101, 103, 28, 0, 48.42%, 0, 0, 8, 716.47, 482874, 46
1853, 9, 101, 103, 28, 0, 48.42%, 0, 0, 8, 684.60, 486226, 46
1858, 9, 102, 103, 27, 0, 48.42%, 0, 0, 8, 675.32, 489570, 46
1863, 9, 101, 103, 26, 0, 48.42%, 0, 0, 8, 697.35, 493147, 46
1868, 9, 23, 103, 25, 0, 48.42%, 0, 0, 8, 690.49, 496610, 46
1873, 9, 23, 103, 25, 0, 48.42%, 0, 0, 8, 684.37, 500051, 46
1878, 9, 101, 103, 25, 0, 48.42%, 0, 0, 8, 693.47, 503626, 46
1883, 9, 101, 103, 25, 0, 48.42%, 0, 0, 8, 700.08, 507267, 46
1888, 9, 23, 103, 24, 0, 48.42%, 0, 0, 8, 726.86, 510892, 46
1894, 9, 102, 103, 24, 0, 48.42%, 0, 0, 8, 699.49, 514526, 46
1899, 9, 101, 103, 24, 0, 48.42%, 0, 0, 8, 660.04, 517903, 46
1904, 9, 81, 103, 24, 0, 48.42%, 0, 0, 8, 611.90, 521017, 46
1909, 10, 101, 103, 22, 0, 48.42%, 0, 0, 8, 669.51, 524444, 46
1914, 10, 59, 103, 22, 0, 48.42%, 0, 0, 8, 666.50, 527809, 46
1919, 10, 8, 103, 22, 0, 48.42%, 0, 0, 8, 663.60, 531086, 46
1924, 10, 102, 103, 22, 0, 48.42%, 0, 0, 8, 654.89, 534570, 46
1929, 10, 101, 103, 22, 0, 48.42%, 0, 0, 8, 619.76, 537786, 46
1934, 10, 64, 103, 21, 0, 48.42%, 0, 0, 8, 679.74, 541290, 46
1939, 10, 101, 103, 20, 0, 48.42%, 0, 0, 8, 672.74, 544738, 46
1945, 10, 101, 103, 20, 0, 48.42%, 0, 0, 8, 649.05, 548170, 46
1950, 10, 59, 103, 19, 0, 48.42%, 0, 0, 8, 688.11, 551646, 46
1955, 10, 102, 103, 19, 0, 48.42%, 0, 0, 8, 673.59, 554967, 46
1960, 10, 101, 103, 19, 0, 48.42%, 0, 0, 8, 674.89, 558328, 46
1965, 10, 101, 103, 19, 0, 48.42%, 0, 0, 8, 664.96, 561808, 46
1970, 10, 102, 103, 18, 0, 48.42%, 0, 0, 8, 674.21, 565337, 46
1975, 10, 101, 103, 18, 0, 48.42%, 0, 0, 8, 688.71, 568996, 46
1980, 10, 101, 103, 18, 0, 48.42%, 0, 0, 8, 636.28, 572355, 46
1985, 10, 102, 103, 18, 0, 48.42%, 0, 0, 8, 619.77, 575480, 46
1990, 10, 5, 103, 17, 0, 48.42%, 0, 0, 8, 657.55, 578533, 46
1996, 11, 101, 103, 16, 0, 48.42%, 0, 0, 8, 686.22, 582148, 46
1996, 11, 101, 103, 16, 0, 48.42%, 1, 0, 8, 0.00, 582315, 46
