# relative_time, cycles_done, cur_item, corpus_count, pending_total, pending_favs, map_size, saved_crashes, saved_hangs, max_depth, execs_per_sec, total_execs, edges_found
60, 0, 0, 24, 24, 1, 44.09%, 0, 0, 2, 712.19, 8627, 41
73, 0, 0, 24, 24, 1, 44.09%, 0, 0, 2, 1.22, 10027, 41
81, 0, 0, 24, 24, 1, 44.09%, 0, 0, 2, 8.96, 10862, 41
92, 0, 0, 24, 24, 1, 44.09%, 0, 0, 2, 0.92, 10872, 41
97, 0, 0, 24, 24, 1, 44.09%, 0, 0, 2, 759.20, 14687, 41
118, 0, 0, 25, 25, 1, 45.16%, 0, 0, 2, 2.77, 16018, 42
123, 0, 0, 25, 25, 1, 45.16%, 0, 0, 2, 715.63, 19820, 42
143, 0, 0, 25, 25, 1, 45.16%, 0, 0, 2, 9.07, 21150, 42
148, 0, 0, 27, 27, 1, 45.16%, 0, 0, 2, 703.82, 24846, 42
161, 0, 0, 27, 27, 1, 45.16%, 0, 0, 2, 10.45, 25420, 42
178, 0, 0, 27, 27, 1, 45.16%, 0, 0, 2, 1.15, 28724, 42
183, 0, 0, 27, 27, 1, 45.16%, 0, 0, 2, 720.11, 32532, 42
199, 0, 0, 27, 27, 1, 45.16%, 0, 0, 2, 1.03, 34338, 42
204, 0, 0, 27, 27, 1, 45.16%, 0, 0, 2, 736.40, 38300, 42
220, 0, 0, 27, 27, 1, 45.16%, 0, 0, 2, 12.03, 40190, 42
225, 0, 0, 27, 27, 1, 45.16%, 0, 0, 2, 784.84, 44198, 42
234, 0, 0, 27, 27, 1, 45.16%, 0, 0, 2, 19.22, 45983, 42
248, 0, 0, 29, 29, 1, 46.24%, 0, 0, 2, 4.70, 49342, 43
253, 0, 0, 29, 29, 1, 46.24%, 0, 0, 2, 797.37, 53437, 43
261, 0, 0, 29, 29, 1, 46.24%, 0, 0, 2, 7.98, 55417, 43
274, 0, 0, 29, 29, 1, 46.24%, 0, 0, 2, 8.30, 59448, 43
279, 0, 0, 29, 29, 1, 46.24%, 0, 0, 2, 790.57, 63442, 43
286, 0, 0, 29, 29, 1, 46.24%, 0, 0, 2, 6.82, 65482, 43
291, 0, 0, 29, 29, 1, 46.24%, 0, 0, 2, 809.71, 69608, 43
302, 0, 0, 29, 29, 1, 46.24%, 0, 0, 2, 15.28, 72440, 43
307, 0, 0, 29, 29, 1, 46.24%, 0, 0, 2, 815.48, 76536, 43
321, 0, 0, 29, 29, 1, 46.24%, 0, 0, 2, 8.98, 79752, 43
327, 0, 0, 29, 29, 1, 46.24%, 0, 0, 2, 835.40, 84088, 43
333, 0, 0, 29, 29, 1, 46.24%, 0, 0, 2, 31.37, 87352, 43
338, 0, 0, 30, 30, 1, 46.24%, 0, 0, 2, 800.05, 91364, 43
345, 0, 0, 30, 30, 1, 46.24%, 0, 0, 2, 20.13, 93311, 43
350, 0, 0, 30, 30, 1, 46.24%, 0, 0, 2, 825.54, 97455, 43
356, 0, 0, 30, 30, 1, 46.24%, 0, 0, 2, 753.31, 101223, 43
361, 0, 0, 30, 30, 1, 46.24%, 0, 0, 2, 798.95, 105254, 43
366, 0, 0, 30, 30, 1, 46.24%, 0, 0, 2, 28.28, 107864, 43
372, 0, 0, 30, 30, 1, 46.24%, 0, 0, 2, 820.57, 111967, 43
377, 0, 0, 30, 30, 1, 46.24%, 0, 0, 2, 819.50, 114671, 43
382, 0, 0, 30, 30, 1, 46.24%, 0, 0, 2, 817.15, 118783, 43
387, 0, 10, 33, 30, 7, 46.24%, 0, 0, 3, 803.11, 122774, 43
392, 0, 27, 37, 32, 5, 46.24%, 1, 0, 3, 770.55, 126764, 43
392, 0, 27, 37, 32, 5, 46.24%, 1, 0, 3, 0.00, 126764, 43
