# relative_time, cycles_done, cur_item, corpus_count, pending_total, pending_favs, map_size, saved_crashes, saved_hangs, max_depth, execs_per_sec, total_execs, edges_found
74, 0, 0, 21, 21, 1, 48.72%, 0, 0, 2, 0.04, 1627, 38
79, 0, 0, 21, 21, 1, 48.72%, 0, 0, 2, 492.54, 1730, 38
122, 0, 0, 21, 21, 1, 48.72%, 0, 0, 2, 0.59, 3152, 38
128, 0, 0, 22, 22, 1, 51.28%, 0, 0, 2, 511.88, 4253, 40
176, 0, 0, 25, 25, 1, 53.85%, 0, 0, 2, 0.60, 5772, 42
181, 0, 0, 26, 26, 1, 53.85%, 0, 0, 2, 462.17, 8137, 42
215, 0, 0, 26, 26, 1, 53.85%, 0, 0, 2, 0.27, 8470, 42
222, 0, 0, 26, 26, 1, 53.85%, 0, 0, 2, 0.29, 8474, 42
264, 0, 0, 26, 26, 1, 53.85%, 0, 0, 2, 0.93, 9721, 42
269, 0, 0, 27, 27, 1, 53.85%, 0, 0, 2, 503.70, 12318, 42
307, 0, 0, 27, 27, 1, 53.85%, 0, 0, 2, 0.27, 12428, 42
346, 0, 0, 27, 27, 1, 53.85%, 0, 0, 2, 1.37, 14168, 42
352, 0, 0, 27, 27, 1, 53.85%, 0, 0, 2, 463.47, 16505, 42
385, 0, 0, 27, 27, 1, 53.85%, 0, 0, 2, 0.56, 16847, 42
420, 0, 0, 27, 27, 1, 53.85%, 0, 0, 2, 3.00, 18062, 42
455, 0, 0, 27, 27, 1, 53.85%, 0, 0, 2, 3.51, 20447, 42
487, 0, 0, 27, 27, 1, 53.85%, 0, 0, 2, 3.63, 21218, 42
492, 0, 0, 27, 27, 1, 53.85%, 0, 0, 2, 466.25, 23588, 42
523, 0, 0, 27, 27, 1, 53.85%, 0, 0, 2, 1.81, 23966, 42
528, 0, 0, 27, 27, 1, 53.85%, 0, 0, 2, 478.60, 26432, 42
558, 0, 0, 27, 27, 1, 53.85%, 0, 0, 2, 3.37, 26819, 42
592, 0, 0, 27, 27, 1, 53.85%, 0, 0, 2, 1.56, 27998, 42
597, 0, 0, 27, 27, 1, 53.85%, 0, 0, 2, 478.58, 30410, 42
626, 0, 0, 27, 27, 1, 53.85%, 0, 0, 2, 2.55, 30770, 42
657, 0, 0, 27, 27, 1, 53.85%, 0, 0, 2, 3.69, 32858, 42
665, 0, 0, 27, 27, 1, 53.85%, 0, 0, 2, 8.10, 34624, 42
680, 0, 0, 27, 27, 1, 53.85%, 0, 0, 2, 0.46, 34631, 42
713, 0, 0, 27, 27, 1, 53.85%, 0, 0, 2, 3.08, 36813, 42
718, 0, 0, 27, 27, 1, 53.85%, 0, 0, 2, 592.04, 39926, 42
740, 0, 0, 27, 27, 1, 53.85%, 0, 0, 2, 3.03, 40124, 42
748, 0, 0, 27, 27, 1, 53.85%, 0, 0, 2, 7.71, 41842, 42
762, 0, 0, 27, 27, 1, 53.85%, 0, 0, 2, 0.14, 41844, 42
788, 0, 0, 27, 27, 1, 53.85%, 0, 0, 2, 1.10, 44858, 42
793, 0, 0, 27, 27, 1, 53.85%, 0, 0, 2, 657.94, 48103, 42
817, 0, 0, 27, 27, 1, 53.85%, 0, 0, 2, 1.14, 48441, 42
837, 0, 0, 27, 27, 1, 53.85%, 0, 0, 2, 5.75, 50830, 42
842, 0, 0, 27, 27, 1, 53.85%, 0, 0, 2, 766.16, 54698, 42
864, 0, 0, 27, 27, 1, 53.85%, 0, 0, 2, 2.11, 55073, 42
893, 0, 0, 27, 27, 1, 53.85%, 0, 0, 2, 6.84, 59018, 42
898, 0, 0, 27, 27, 1, 53.85%, 0, 0, 2, 771.86, 62813, 42
916, 0, 0, 27, 27, 1, 53.85%, 0, 0, 2, 3.41, 63533, 42
934, 0, 0, 27, 27, 1, 53.85%, 0, 0, 2, 5.22, 66068, 42
947, 0, 0, 29, 29, 1, 55.13%, 0, 0, 2, 5.57, 68526, 43
954, 0, 0, 29, 29, 1, 55.13%, 0, 0, 2, 5.39, 68545, 43
959, 0, 0, 29, 29, 1, 55.13%, 0, 0, 2, 754.81, 72367, 43
969, 0, 0, 29, 29, 1, 55.13%, 0, 0, 2, 15.80, 73177, 43
974, 0, 0, 29, 29, 1, 55.13%, 0, 0, 2, 748.81, 76898, 43
991, 0, 0, 29, 29, 1, 55.13%, 0, 0, 2, 6.81, 77458, 43
1007, 0, 0, 29, 29, 1, 55.13%, 0, 0, 2, 5.26, 80512, 43
1027, 0, 0, 29, 29, 1, 55.13%, 0, 0, 2, 5.33, 83940, 43
1041, 0, 0, 30, 30, 1, 56.41%, 0, 0, 2, 4.98, 87689, 44
1046, 0, 0, 30, 30, 1, 56.41%, 0, 0, 2, 738.25, 91423, 44
1064, 0, 0, 30, 30, 1, 56.41%, 0, 0, 2, 2.03, 91964, 44
1069, 0, 0, 30, 30, 1, 56.41%, 0, 0, 2, 804.90, 96015, 44
1078, 0, 0, 30, 30, 1, 56.41%, 0, 0, 2, 7.62, 96607, 44
1097, 0, 0, 30, 30, 1, 56.41%, 0, 0, 2, 5.58, 98774, 44
1102, 0, 0, 30, 30, 1, 56.41%, 0, 0, 2, 822.92, 102879, 44
1115, 0, 0, 30, 30, 1, 56.41%, 0, 0, 2, 8.29, 103904, 44
1120, 0, 0, 30, 30, 1, 56.41%, 0, 0, 2, 758.06, 107939, 44
1130, 0, 0, 30, 30, 1, 56.41%, 0, 0, 2, 6.47, 108329, 44
1147, 0, 0, 30, 30, 1, 56.41%, 0, 0, 2, 9.94, 111503, 44
1152, 0, 0, 30, 30, 1, 56.41%, 0, 0, 2, 788.76, 115394, 44
1157, 0, 0, 30, 30, 1, 56.41%, 0, 0, 2, 813.29, 117295, 44
1171, 0, 0, 30, 30, 1, 56.41%, 0, 0, 2, 2.84, 119407, 44
1176, 0, 0, 30, 30, 1, 56.41%, 0, 0, 2, 769.02, 123439, 44
1181, 0, 0, 30, 30, 1, 56.41%, 0, 0, 2, 791.02, 125954, 44
1190, 0, 0, 30, 30, 1, 56.41%, 0, 0, 2, 14.87, 126783, 44
1195, 0, 0, 30, 30, 1, 56.41%, 0, 0, 2, 809.27, 130879, 44
1205, 0, 0, 30, 30, 1, 56.41%, 0, 0, 2, 3.74, 132494, 44
1210, 0, 0, 30, 30, 1, 56.41%, 0, 0, 2, 805.15, 136527, 44
1219, 0, 0, 30, 30, 1, 56.41%, 0, 0, 2, 20.42, 138044, 44
1224, 0, 18, 39, 36, 8, 56.41%, 0, 0, 3, 807.14, 142159, 44
1230, 0, 14, 49, 45, 7, 57.69%, 0, 0, 3, 0.31, 143287, 45
1238, 0, 27, 52, 46, 7, 57.69%, 0, 0, 3, 23.31, 146064, 45
1243, 0, 38, 56, 46, 3, 57.69%, 0, 0, 4, 427.30, 149675, 45
1249, 0, 40, 61, 50, 2, 57.69%, 0, 0, 4, 783.57, 152095, 45
1255, 0, 52, 64, 51, 2, 58.97%, 0, 0, 4, 3.53, 152988, 46
1260, 0, 60, 69, 54, 1, 58.97%, 1, 0, 5, 778.11, 156804, 46
1260, 0, 60, 69, 54, 1, 58.97%, 1, 0, 5, 0.00, 156804, 46
