# relative_time, cycles_done, cur_item, corpus_count, pending_total, pending_favs, map_size, saved_crashes, saved_hangs, max_depth, execs_per_sec, total_execs, edges_found
60, 0, 0, 27, 27, 1, 38.46%, 0, 0, 2, 850.62, 10504, 35
73, 0, 27, 36, 33, 4, 41.76%, 0, 0, 3, 8.32, 12078, 38
80, 0, 33, 38, 32, 1, 41.76%, 0, 0, 3, 11.95, 13033, 38
92, 0, 33, 38, 32, 1, 41.76%, 0, 0, 3, 0.75, 13048, 38
97, 0, 19, 41, 34, 0, 41.76%, 0, 0, 3, 865.89, 17447, 38
118, 0, 25, 43, 34, 0, 41.76%, 0, 0, 3, 7.16, 19136, 38
123, 0, 25, 46, 37, 0, 45.05%, 0, 0, 3, 823.14, 23445, 41
143, 0, 25, 47, 38, 0, 45.05%, 0, 0, 3, 3.27, 25083, 41
148, 0, 28, 57, 45, 0, 45.05%, 0, 0, 4, 842.61, 29338, 41
161, 0, 28, 57, 45, 0, 45.05%, 0, 0, 4, 2.18, 30091, 41
178, 0, 46, 59, 47, 0, 45.05%, 0, 0, 4, 8.62, 33964, 41
183, 0, 33, 59, 47, 0, 45.05%, 0, 0, 4, 855.81, 38492, 41
199, 0, 40, 59, 47, 0, 45.05%, 0, 0, 4, 5.01, 40558, 41
204, 0, 33, 59, 47, 0, 45.05%, 0, 0, 4, 853.53, 44875, 41
212, 0, 28, 59, 47, 0, 45.05%, 0, 0, 4, 22.79, 47195, 41
220, 0, 28, 59, 47, 0, 45.05%, 0, 0, 4, 21.67, 47234, 41
225, 0, 44, 59, 47, 0, 45.05%, 0, 0, 4, 853.96, 51591, 41
234, 0, 33, 61, 49, 0, 45.05%, 0, 0, 4, 26.02, 53586, 41
248, 0, 40, 62, 50, 0, 45.05%, 0, 0, 4, 18.66, 57329, 41
253, 1, 27, 63, 50, 0, 45.05%, 0, 0, 4, 873.29, 61332, 41
261, 1, 27, 63, 49, 0, 45.05%, 0, 0, 4, 2.52, 64014, 41
274, 1, 55, 63, 47, 0, 45.05%, 0, 0, 4, 19.21, 68351, 41
279, 1, 25, 63, 44, 0, 45.05%, 0, 0, 4, 850.03, 72777, 41
286, 1, 40, 63, 44, 0, 45.05%, 0, 0, 4, 22.01, 74861, 41
291, 1, 40, 63, 43, 0, 45.05%, 0, 0, 4, 866.97, 79295, 41
302, 2, 57, 63, 42, 0, 45.05%, 0, 0, 4, 18.12, 82252, 41
307, 2, 25, 63, 41, 0, 45.05%, 0, 0, 4, 823.82, 86622, 41
321, 2, 40, 63, 40, 0, 45.05%, 0, 0, 4, 7.89, 89847, 41
326, 2, 40, 63, 37, 0, 45.05%, 0, 0, 4, 848.96, 94303, 41
333, 2, 40, 63, 37, 0, 45.05%, 0, 0, 4, 47.18, 97728, 41
338, 2, 27, 63, 37, 0, 45.05%, 0, 0, 4, 828.00, 102000, 41
345, 2, 40, 63, 37, 0, 45.05%, 0, 0, 4, 2.58, 103945, 41
351, 3, 48, 63, 37, 0, 45.05%, 0, 0, 4, 839.28, 108287, 41
356, 3, 40, 63, 36, 0, 45.05%, 0, 0, 4, 838.33, 112489, 41
361, 3, 40, 63, 34, 0, 45.05%, 0, 0, 4, 832.77, 116593, 41
366, 3, 40, 63, 31, 0, 45.05%, 0, 0, 4, 44.63, 119247, 41
372, 3, 51, 63, 31, 0, 45.05%, 0, 0, 4, 836.77, 123567, 41
377, 3, 40, 63, 30, 0, 45.05%, 0, 0, 4, 825.92, 126444, 41
382, 4, 40, 63, 30, 0, 45.05%, 0, 0, 4, 842.77, 130804, 41
387, 4, 40, 63, 29, 0, 45.05%, 0, 0, 4, 830.21, 134886, 41
392, 4, 40, 63, 28, 0, 45.05%, 0, 0, 4, 797.29, 138995, 41
397, 4, 40, 63, 27, 0, 45.05%, 0, 0, 4, 818.63, 143269, 41
406, 4, 36, 63, 26, 0, 45.05%, 0, 0, 4, 16.80, 146944, 41
411, 4, 52, 63, 26, 0, 45.05%, 0, 0, 4, 836.04, 151331, 41
416, 5, 48, 63, 23, 0, 45.05%, 0, 0, 4, 835.70, 155485, 41
421, 5, 48, 63, 23, 0, 45.05%, 0, 0, 4, 846.82, 159825, 41
426, 5, 40, 63, 23, 0, 45.05%, 0, 0, 4, 815.93, 163892, 41
433, 5, 48, 63, 23, 0, 45.05%, 0, 0, 4, 37.87, 166929, 41
438, 5, 40, 63, 23, 0, 45.05%, 0, 0, 4, 836.25, 171159, 41
443, 5, 40, 63, 23, 0, 45.05%, 0, 0, 4, 835.89, 175374, 41
448, 5, 40, 63, 22, 0, 45.05%, 0, 0, 4, 830.36, 179699, 41
453, 6, 36, 63, 21, 0, 45.05%, 0, 0, 4, 838.80, 184057, 41
459, 6, 40, 63, 21, 0, 45.05%, 0, 0, 4, 56.94, 187449, 41
464, 6, 37, 63, 21, 0, 45.05%, 0, 0, 4, 832.76, 191765, 41
469, 6, 40, 63, 21, 0, 45.05%, 0, 0, 4, 828.38, 195926, 41
474, 6, 40, 63, 21, 0, 45.05%, 0, 0, 4, 816.05, 200061, 41
480, 6, 40, 63, 20, 0, 45.05%, 0, 0, 4, 834.49, 204323, 41
487, 6, 40, 63, 20, 0, 45.05%, 0, 0, 4, 3.81, 207092, 41
492, 7, 40, 63, 20, 0, 45.05%, 0, 0, 4, 814.03, 211405, 41
497, 7, 40, 63, 18, 0, 45.05%, 0, 0, 4, 844.96, 215802, 41
502, 7, 40, 63, 18, 0, 45.05%, 0, 0, 4, 839.72, 220036, 41
507, 7, 40, 63, 18, 0, 45.05%, 0, 0, 4, 840.75, 224278, 41
512, 7, 40, 63, 18, 0, 45.05%, 0, 0, 4, 819.32, 228336, 41
517, 8, 47, 63, 17, 0, 45.05%, 0, 0, 4, 830.10, 232449, 41
522, 8, 48, 63, 14, 0, 45.05%, 0, 0, 4, 842.56, 236640, 41
528, 8, 5, 63, 13, 0, 45.05%, 0, 0, 4, 836.12, 240824, 41
533, 8, 50, 63, 11, 0, 45.05%, 0, 0, 4, 817.97, 244933, 41
538, 8, 48, 63, 11, 0, 45.05%, 0, 0, 4, 788.89, 248983, 41
543, 8, 40, 63, 11, 0, 45.05%, 0, 0, 4, 796.17, 253136, 41
548, 8, 48, 63, 11, 0, 45.05%, 0, 0, 4, 844.19, 257576, 41
553, 9, 40, 63, 11, 0, 45.05%, 0, 0, 4, 818.48, 261834, 41
558, 9, 50, 63, 11, 0, 45.05%, 0, 0, 4, 831.28, 266164, 41
564, 9, 60, 63, 11, 0, 45.05%, 0, 0, 4, 814.96, 270251, 41
569, 9, 50, 63, 11, 0, 45.05%, 0, 0, 4, 806.76, 274406, 41
574, 9, 40, 63, 11, 0, 45.05%, 0, 0, 4, 802.89, 278491, 41
579, 9, 40, 63, 11, 0, 45.05%, 0, 0, 4, 832.42, 282881, 41
584, 10, 60, 63, 11, 0, 45.05%, 0, 0, 4, 818.60, 287123, 41
589, 10, 40, 63, 10, 0, 45.05%, 0, 0, 4, 808.69, 291143, 41
594, 10, 40, 63, 10, 0, 45.05%, 0, 0, 4, 816.61, 295354, 41
600, 10, 47, 63, 10, 0, 45.05%, 0, 0, 4, 823.41, 299599, 41
605, 10, 40, 86, 33, 0, 45.05%, 0, 0, 5, 796.38, 303566, 41
610, 10, 78, 89, 36, 0, 45.05%, 0, 0, 5, 782.49, 307685, 41
615, 10, 40, 93, 38, 0, 45.05%, 0, 0, 5, 615.91, 310348, 41
620, 10, 40, 93, 37, 0, 45.05%, 0, 0, 5, 730.62, 314204, 41
625, 10, 40, 95, 39, 0, 45.05%, 0, 0, 5, 625.29, 317156, 41
630, 10, 40, 95, 39, 0, 45.05%, 0, 0, 5, 668.76, 320551, 41
635, 10, 40, 95, 38, 0, 45.05%, 0, 0, 5, 701.89, 324173, 41
640, 10, 40, 95, 37, 0, 45.05%, 0, 0, 5, 755.19, 327988, 41
645, 11, 40, 95, 37, 0, 45.05%, 0, 0, 5, 720.59, 331527, 41
650, 11, 40, 95, 37, 0, 45.05%, 0, 0, 5, 648.37, 334768, 41
655, 11, 40, 95, 36, 0, 45.05%, 0, 0, 5, 715.39, 338483, 41
660, 11, 40, 95, 36, 0, 45.05%, 0, 0, 5, 718.57, 342063, 41
666, 11, 40, 95, 36, 0, 45.05%, 0, 0, 5, 665.86, 345347, 41
671, 11, 40, 95, 35, 0, 45.05%, 0, 0, 5, 712.85, 349029, 41
676, 11, 47, 95, 34, 0, 45.05%, 0, 0, 5, 700.97, 352585, 41
681, 11, 40, 95, 33, 0, 45.05%, 0, 0, 5, 690.43, 356163, 41
686, 11, 84, 95, 33, 0, 45.05%, 0, 0, 5, 663.00, 359456, 41
691, 11, 80, 95, 32, 0, 45.05%, 0, 0, 5, 690.18, 363007, 41
696, 11, 47, 95, 31, 0, 45.05%, 0, 0, 5, 704.99, 366621, 41
701, 11, 50, 95, 31, 0, 45.05%, 0, 0, 5, 748.63, 370347, 41
707, 12, 40, 95, 31, 0, 45.05%, 0, 0, 5, 738.03, 373701, 41
712, 12, 40, 95, 30, 0, 45.05%, 0, 0, 5, 642.32, 376757, 41
717, 12, 40, 95, 30, 0, 45.05%, 0, 0, 5, 725.93, 380519, 41
722, 12, 40, 95, 30, 0, 45.05%, 0, 0, 5, 736.43, 384196, 41
727, 12, 40, 95, 29, 0, 45.05%, 0, 0, 5, 697.99, 387728, 41
732, 12, 40, 95, 29, 0, 45.05%, 0, 0, 5, 720.43, 391407, 41
737, 12, 36, 95, 29, 0, 45.05%, 0, 0, 5, 696.75, 394846, 41
742, 12, 50, 95, 29, 0, 45.05%, 0, 0, 5, 704.87, 398485, 41
747, 12, 40, 95, 29, 0, 45.05%, 0, 0, 5, 689.19, 402048, 41
752, 12, 40, 95, 29, 0, 45.05%, 0, 0, 5, 732.71, 405812, 41
757, 12, 50, 95, 29, 0, 45.05%, 0, 0, 5, 748.37, 409678, 41
762, 13, 40, 95, 28, 0, 45.05%, 0, 0, 5, 727.71, 413400, 41
768, 13, 40, 95, 28, 0, 45.05%, 0, 0, 5, 681.26, 416937, 41
773, 13, 60, 95, 28, 0, 45.05%, 0, 0, 5, 747.74, 420774, 41
778, 13, 37, 95, 28, 0, 45.05%, 0, 0, 5, 754.16, 424590, 41
783, 13, 48, 95, 28, 0, 45.05%, 0, 0, 5, 753.72, 428296, 41
788, 13, 40, 95, 28, 0, 45.05%, 0, 0, 5, 755.70, 432052, 41
793, 13, 40, 95, 28, 0, 45.05%, 0, 0, 5, 784.75, 436091, 41
794, 13, 40, 95, 28, 0, 45.05%, 1, 0, 5, 0.00, 436697, 41
