# relative_time, cycles_done, cur_item, corpus_count, pending_total, pending_favs, map_size, saved_crashes, saved_hangs, max_depth, execs_per_sec, total_execs, edges_found
67, 0, 3, 14, 12, 1, 24.21%, 0, 0, 3, 0.40, 2037, 23
73, 0, 2, 14, 11, 0, 24.21%, 0, 0, 3, 149.09, 2824, 23
93, 0, 2, 14, 11, 0, 24.21%, 0, 0, 3, 1.38, 3133, 23
98, 0, 2, 15, 12, 0, 25.26%, 0, 0, 3, 150.28, 3944, 24
119, 0, 2, 15, 11, 0, 25.26%, 0, 0, 3, 1.84, 4242, 24
124, 0, 2, 17, 12, 0, 26.32%, 0, 0, 3, 154.08, 5021, 25
136, 0, 2, 17, 12, 0, 26.32%, 0, 0, 3, 1.01, 5164, 25
153, 0, 14, 17, 12, 0, 26.32%, 0, 0, 3, 2.27, 5863, 25
158, 0, 14, 17, 12, 0, 26.32%, 0, 0, 3, 151.70, 6667, 25
174, 0, 14, 17, 12, 0, 26.32%, 0, 0, 3, 0.74, 7043, 25
179, 0, 15, 17, 12, 0, 26.32%, 0, 0, 3, 153.97, 7828, 25
188, 0, 2, 17, 12, 0, 26.32%, 0, 0, 3, 4.51, 8247, 25
196, 0, 2, 17, 12, 0, 26.32%, 0, 0, 3, 0.88, 8254, 25
201, 0, 15, 18, 13, 0, 27.37%, 0, 0, 4, 154.93, 9046, 26
210, 0, 2, 20, 14, 0, 27.37%, 0, 0, 4, 4.30, 9410, 26
223, 0, 17, 21, 15, 0, 28.42%, 0, 0, 5, 2.31, 10086, 27
228, 0, 17, 21, 15, 0, 28.42%, 0, 0, 5, 177.31, 10896, 27
237, 0, 2, 21, 14, 0, 28.42%, 0, 0, 5, 1.61, 11449, 27
247, 0, 20, 21, 14, 0, 28.42%, 0, 0, 5, 5.25, 12322, 27
253, 0, 20, 21, 14, 0, 28.42%, 0, 0, 5, 172.03, 12868, 27
261, 1, 2, 22, 15, 0, 28.42%, 0, 0, 5, 5.44, 13648, 27
267, 1, 2, 22, 15, 0, 28.42%, 0, 0, 5, 175.71, 14561, 27
277, 1, 14, 22, 15, 0, 28.42%, 0, 0, 5, 5.02, 15174, 27
282, 1, 17, 22, 15, 0, 28.42%, 0, 0, 5, 175.87, 16083, 27
297, 1, 20, 22, 15, 0, 28.42%, 0, 0, 5, 0.57, 16762, 27
302, 1, 2, 22, 15, 0, 28.42%, 0, 0, 5, 173.86, 17638, 27
308, 1, 14, 22, 15, 0, 28.42%, 0, 0, 5, 9.21, 18376, 27
313, 2, 2, 22, 14, 0, 28.42%, 0, 0, 5, 174.34, 19282, 27
321, 2, 2, 22, 14, 0, 28.42%, 0, 0, 5, 3.28, 19678, 27
326, 2, 2, 22, 13, 0, 28.42%, 0, 0, 5, 165.43, 20504, 27
331, 2, 17, 22, 13, 0, 28.42%, 0, 0, 5, 171.26, 21370, 27
336, 2, 2, 22, 13, 0, 28.42%, 0, 0, 5, 174.10, 22263, 27
342, 2, 2, 22, 13, 0, 28.42%, 0, 0, 5, 13.03, 22845, 27
347, 2, 20, 22, 13, 0, 28.42%, 0, 0, 5, 170.27, 23634, 27
352, 2, 0, 22, 12, 0, 28.42%, 0, 0, 5, 163.62, 24203, 27
357, 2, 17, 22, 12, 0, 28.42%, 0, 0, 5, 172.53, 25105, 27
363, 3, 2, 22, 12, 0, 28.42%, 0, 0, 5, 170.90, 25983, 27
368, 3, 2, 22, 12, 0, 28.42%, 0, 0, 5, 169.91, 26863, 27
373, 3, 17, 22, 12, 0, 28.42%, 0, 0, 5, 169.89, 27753, 27
381, 3, 14, 22, 12, 0, 28.42%, 0, 0, 5, 2.43, 28557, 27
387, 3, 15, 22, 11, 0, 28.42%, 0, 0, 5, 174.86, 29456, 27
392, 3, 2, 22, 11, 0, 28.42%, 0, 0, 5, 172.80, 30344, 27
397, 4, 0, 22, 11, 0, 28.42%, 0, 0, 5, 173.79, 31209, 27
402, 4, 2, 22, 11, 0, 28.42%, 0, 0, 5, 172.35, 32065, 27
408, 4, 17, 22, 11, 0, 28.42%, 0, 0, 5, 12.98, 32710, 27
413, 4, 9, 22, 11, 0, 28.42%, 0, 0, 5, 172.53, 33585, 27
418, 4, 20, 22, 9, 0, 28.42%, 0, 0, 5, 171.06, 34485, 27
423, 4, 3, 22, 8, 0, 28.42%, 0, 0, 5, 171.48, 35354, 27
429, 4, 20, 22, 8, 0, 28.42%, 0, 0, 5, 169.73, 36237, 27
435, 5, 20, 22, 8, 0, 28.42%, 0, 0, 5, 9.65, 36948, 27
440, 5, 2, 22, 8, 0, 28.42%, 0, 0, 5, 170.82, 37839, 27
445, 5, 2, 22, 8, 0, 28.42%, 0, 0, 5, 175.53, 38744, 27
450, 5, 20, 22, 8, 0, 28.42%, 0, 0, 5, 170.45, 39600, 27
455, 5, 0, 22, 8, 0, 28.42%, 0, 0, 5, 187.27, 40548, 27
462, 5, 15, 22, 8, 0, 28.42%, 0, 0, 5, 0.88, 41182, 27
468, 5, 2, 22, 8, 0, 28.42%, 0, 0, 5, 196.82, 42205, 27
473, 6, 15, 22, 8, 0, 28.42%, 0, 0, 5, 198.37, 43187, 27
478, 6, 2, 22, 8, 0, 28.42%, 0, 0, 5, 198.10, 44203, 27
483, 6, 17, 22, 7, 0, 28.42%, 0, 0, 5, 196.86, 45211, 27
488, 6, 2, 22, 7, 0, 28.42%, 0, 0, 5, 180.00, 46131, 27
493, 6, 2, 22, 7, 0, 28.42%, 0, 0, 5, 192.39, 47153, 27
498, 6, 20, 22, 7, 0, 28.42%, 0, 0, 5, 195.92, 48149, 27
503, 7, 2, 22, 7, 0, 28.42%, 0, 0, 5, 196.21, 49142, 27
508, 7, 2, 22, 7, 0, 28.42%, 0, 0, 5, 191.09, 50066, 27
514, 7, 2, 22, 7, 0, 28.42%, 0, 0, 5, 192.88, 51074, 27
519, 7, 0, 22, 7, 0, 28.42%, 0, 0, 5, 189.13, 52079, 27
524, 7, 20, 22, 7, 0, 28.42%, 0, 0, 5, 192.24, 53088, 27
529, 7, 2, 23, 8, 0, 28.42%, 0, 0, 6, 195.09, 54111, 27
534, 7, 2, 26, 11, 0, 28.42%, 0, 0, 6, 194.79, 55099, 27
539, 8, 15, 26, 11, 0, 28.42%, 0, 0, 6, 194.23, 56104, 27
544, 8, 15, 26, 11, 0, 28.42%, 0, 0, 6, 195.13, 57088, 27
549, 8, 15, 26, 11, 0, 28.42%, 0, 0, 6, 221.39, 58256, 27
555, 8, 2, 26, 11, 0, 28.42%, 0, 0, 6, 228.01, 59454, 27
560, 8, 26, 28, 12, 0, 31.58%, 0, 0, 6, 232.91, 60626, 30
565, 8, 26, 28, 12, 0, 31.58%, 0, 0, 6, 231.01, 61799, 30
570, 8, 20, 28, 12, 0, 31.58%, 0, 0, 6, 227.78, 62971, 30
575, 8, 20, 29, 13, 0, 31.58%, 0, 0, 6, 229.95, 64154, 30
580, 8, 2, 30, 13, 0, 31.58%, 0, 0, 6, 230.88, 65333, 30
585, 9, 2, 30, 13, 0, 31.58%, 0, 0, 6, 230.24, 66538, 30
591, 9, 15, 30, 13, 0, 31.58%, 0, 0, 6, 228.46, 67727, 30
596, 9, 26, 30, 13, 0, 31.58%, 0, 0, 6, 230.40, 68922, 30
601, 9, 2, 30, 13, 0, 31.58%, 0, 0, 6, 230.22, 70117, 30
606, 9, 26, 35, 18, 0, 31.58%, 0, 0, 6, 219.36, 71201, 30
611, 9, 35, 41, 23, 0, 33.68%, 0, 0, 6, 221.90, 72316, 32
616, 9, 35, 50, 32, 0, 33.68%, 0, 0, 6, 226.53, 73467, 32
621, 9, 35, 55, 37, 0, 34.74%, 0, 0, 6, 228.29, 74618, 33
626, 9, 35, 59, 41, 0, 35.79%, 0, 0, 6, 223.65, 75740, 34
631, 9, 35, 61, 43, 0, 35.79%, 0, 0, 6, 216.67, 76846, 34
636, 9, 35, 62, 44, 0, 35.79%, 0, 0, 6, 227.89, 78071, 34
642, 9, 35, 62, 44, 0, 35.79%, 0, 0, 6, 209.93, 79156, 34
647, 9, 56, 62, 44, 3, 35.79%, 0, 0, 6, 181.08, 79905, 34
652, 9, 36, 62, 43, 2, 35.79%, 0, 0, 6, 202.05, 81025, 34
657, 9, 57, 63, 43, 1, 35.79%, 0, 0, 6, 200.46, 82090, 34
662, 9, 56, 65, 44, 0, 35.79%, 0, 0, 6, 215.79, 83195, 34
667, 9, 56, 68, 47, 0, 35.79%, 0, 0, 6, 216.10, 84288, 34
672, 9, 56, 68, 47, 0, 35.79%, 0, 0, 6, 211.76, 85292, 34
677, 9, 56, 68, 47, 0, 35.79%, 0, 0, 6, 219.55, 86432, 34
683, 9, 56, 68, 47, 0, 35.79%, 0, 0, 6, 185.46, 87337, 34
688, 9, 35, 69, 48, 0, 35.79%, 0, 0, 6, 274.48, 88619, 34
693, 9, 69, 70, 49, 0, 35.79%, 0, 0, 6, 257.53, 89879, 34
698, 9, 69, 70, 49, 0, 35.79%, 0, 0, 6, 177.59, 90938, 34
703, 9, 69, 73, 52, 0, 36.84%, 0, 0, 7, 218.19, 92089, 35
708, 9, 69, 75, 54, 0, 36.84%, 0, 0, 7, 228.72, 93251, 35
713, 9, 69, 75, 54, 0, 36.84%, 0, 0, 7, 223.95, 94379, 35
718, 9, 69, 76, 55, 0, 36.84%, 0, 0, 7, 215.75, 95458, 35
723, 9, 69, 77, 56, 0, 37.89%, 0, 0, 7, 214.38, 96561, 36
728, 9, 69, 78, 57, 0, 37.89%, 0, 0, 7, 231.00, 97726, 36
733, 9, 76, 78, 56, 2, 37.89%, 0, 0, 7, 234.21, 98898, 36
738, 9, 71, 78, 55, 1, 37.89%, 0, 0, 7, 235.60, 100092, 36
744, 9, 71, 78, 55, 1, 37.89%, 0, 0, 7, 234.83, 101305, 36
749, 9, 71, 82, 59, 1, 37.89%, 0, 0, 8, 228.22, 102489, 36
754, 9, 76, 83, 59, 0, 37.89%, 0, 0, 8, 230.94, 103674, 36
759, 9, 76, 83, 59, 0, 37.89%, 0, 0, 8, 227.65, 104802, 36
764, 9, 76, 83, 59, 0, 37.89%, 0, 0, 8, 251.23, 106075, 36
769, 9, 76, 84, 60, 0, 37.89%, 0, 0, 8, 238.55, 107280, 36
774, 9, 76, 84, 60, 0, 37.89%, 0, 0, 8, 254.86, 108611, 36
779, 9, 81, 84, 59, 0, 37.89%, 0, 0, 8, 241.69, 109838, 36
784, 9, 81, 84, 59, 0, 37.89%, 0, 0, 8, 226.28, 110989, 36
789, 9, 35, 84, 58, 0, 37.89%, 0, 0, 8, 247.81, 112291, 36
795, 9, 2, 84, 58, 0, 37.89%, 0, 0, 8, 245.31, 113514, 36
800, 9, 36, 84, 58, 0, 37.89%, 0, 0, 8, 247.32, 114762, 36
805, 9, 26, 84, 58, 0, 37.89%, 0, 0, 8, 248.18, 116031, 36
810, 9, 36, 84, 58, 0, 37.89%, 0, 0, 8, 252.39, 117336, 36
815, 9, 76, 84, 58, 0, 37.89%, 0, 0, 8, 214.74, 118412, 36
820, 9, 76, 84, 58, 0, 37.89%, 0, 0, 8, 220.78, 119577, 36
826, 9, 57, 84, 58, 0, 37.89%, 0, 0, 8, 223.79, 120735, 36
831, 9, 57, 85, 59, 0, 37.89%, 0, 0, 8, 219.67, 121784, 36
836, 9, 71, 85, 59, 0, 37.89%, 0, 0, 8, 225.49, 122991, 36
841, 9, 57, 85, 58, 0, 37.89%, 0, 0, 8, 241.75, 124265, 36
846, 9, 2, 85, 58, 0, 37.89%, 0, 0, 8, 248.38, 125557, 36
851, 9, 79, 85, 58, 0, 37.89%, 0, 0, 8, 219.59, 126637, 36
856, 9, 14, 85, 57, 0, 37.89%, 0, 0, 8, 229.50, 127804, 36
862, 10, 71, 85, 56, 0, 37.89%, 0, 0, 8, 249.20, 129101, 36
867, 10, 76, 86, 57, 0, 37.89%, 0, 0, 8, 236.15, 130269, 36
872, 10, 73, 86, 57, 0, 37.89%, 0, 0, 8, 231.99, 131435, 36
877, 10, 50, 86, 56, 0, 37.89%, 0, 0, 8, 234.14, 132600, 36
882, 10, 36, 87, 57, 0, 37.89%, 0, 0, 8, 225.48, 133728, 36
887, 10, 66, 90, 60, 0, 37.89%, 0, 0, 8, 249.64, 135023, 36
892, 10, 17, 90, 59, 0, 37.89%, 0, 0, 8, 289.06, 136587, 36
897, 10, 2, 90, 59, 0, 37.89%, 0, 0, 8, 278.55, 138022, 36
902, 10, 57, 91, 60, 0, 37.89%, 0, 0, 8, 276.31, 139429, 36
907, 10, 2, 92, 61, 0, 37.89%, 0, 0, 8, 260.21, 140748, 36
912, 10, 83, 92, 61, 0, 37.89%, 0, 0, 8, 263.94, 142058, 36
917, 10, 83, 92, 61, 0, 37.89%, 0, 0, 8, 220.96, 143085, 36
922, 10, 83, 92, 61, 0, 37.89%, 0, 0, 8, 44.28, 144172, 36
927, 10, 57, 93, 61, 0, 37.89%, 0, 0, 8, 238.85, 145431, 36
932, 10, 82, 94, 62, 0, 37.89%, 0, 0, 8, 248.05, 146741, 36
938, 10, 82, 94, 62, 0, 37.89%, 0, 0, 8, 214.75, 147818, 36
943, 10, 57, 95, 62, 0, 37.89%, 0, 0, 8, 251.99, 149087, 36
948, 10, 50, 95, 62, 0, 37.89%, 0, 0, 8, 27.06, 150130, 36
953, 10, 14, 96, 63, 0, 37.89%, 0, 0, 8, 241.05, 151412, 36
958, 10, 17, 96, 63, 0, 37.89%, 0, 0, 8, 284.51, 152883, 36
963, 10, 95, 96, 63, 0, 37.89%, 0, 0, 8, 174.90, 153757, 36
968, 10, 95, 96, 63, 0, 37.89%, 0, 0, 8, 102.60, 154181, 36
973, 10, 95, 96, 63, 0, 37.89%, 0, 0, 8, 90.09, 154627, 36
978, 10, 95, 96, 63, 0, 37.89%, 0, 0, 8, 97.47, 155118, 36
983, 10, 95, 96, 63, 0, 37.89%, 0, 0, 8, 98.10, 155627, 36
989, 10, 15, 96, 62, 0, 37.89%, 0, 0, 8, 156.68, 156435, 36
994, 10, 36, 96, 62, 0, 37.89%, 0, 0, 8, 261.14, 157929, 36
999, 10, 59, 96, 62, 0, 37.89%, 0, 0, 8, 264.88, 159286, 36
1004, 10, 36, 96, 61, 0, 37.89%, 0, 0, 8, 274.13, 160718, 36
1009, 10, 77, 96, 61, 0, 37.89%, 0, 0, 8, 271.09, 162081, 36
1014, 10, 50, 96, 60, 0, 37.89%, 0, 0, 8, 257.45, 163380, 36
1019, 10, 2, 96, 60, 0, 37.89%, 0, 0, 8, 259.95, 164717, 36
1024, 10, 14, 96, 60, 0, 37.89%, 0, 0, 8, 252.75, 165969, 36
1029, 11, 63, 96, 60, 0, 37.89%, 0, 0, 8, 263.50, 167292, 36
1034, 11, 50, 96, 59, 0, 37.89%, 0, 0, 8, 268.68, 168653, 36
1039, 11, 76, 96, 59, 0, 37.89%, 0, 0, 8, 247.62, 169880, 36
1044, 11, 50, 96, 59, 0, 37.89%, 0, 0, 8, 270.95, 171257, 36
1049, 11, 57, 96, 58, 0, 37.89%, 0, 0, 8, 275.26, 172645, 36
1055, 11, 61, 96, 58, 0, 37.89%, 0, 0, 8, 309.24, 174251, 36
1060, 11, 57, 96, 57, 0, 37.89%, 0, 0, 8, 271.11, 175531, 36
1065, 11, 76, 96, 57, 0, 37.89%, 0, 0, 8, 287.49, 176959, 36
1070, 11, 57, 96, 57, 0, 37.89%, 0, 0, 8, 284.42, 178327, 36
1075, 11, 0, 96, 57, 0, 37.89%, 0, 0, 8, 272.33, 179683, 36
1080, 11, 57, 96, 57, 0, 37.89%, 0, 0, 8, 245.76, 180971, 36
1085, 11, 75, 96, 57, 0, 37.89%, 0, 0, 8, 267.60, 182356, 36
1090, 11, 57, 96, 56, 0, 37.89%, 0, 0, 8, 272.13, 183771, 36
1095, 11, 85, 96, 56, 0, 37.89%, 0, 0, 8, 232.08, 184987, 36
1100, 11, 85, 96, 56, 0, 37.89%, 0, 0, 8, 189.66, 185887, 36
1105, 11, 29, 96, 55, 0, 37.89%, 0, 0, 8, 254.11, 187248, 36
1110, 11, 76, 96, 54, 0, 37.89%, 0, 0, 8, 251.38, 188505, 36
1116, 11, 50, 96, 54, 0, 37.89%, 0, 0, 8, 249.84, 189834, 36
1121, 11, 33, 96, 54, 0, 37.89%, 0, 0, 8, 251.54, 191091, 36
1126, 11, 2, 96, 53, 0, 37.89%, 0, 0, 8, 258.88, 192448, 36
1131, 11, 57, 97, 54, 0, 37.89%, 0, 0, 8, 289.63, 193919, 36
1136, 11, 57, 97, 54, 0, 37.89%, 0, 0, 8, 293.42, 195444, 36
1141, 11, 17, 97, 54, 0, 37.89%, 0, 0, 8, 261.84, 196726, 36
1146, 11, 57, 97, 54, 0, 37.89%, 0, 0, 8, 268.84, 198091, 36
1152, 12, 39, 97, 54, 0, 37.89%, 0, 0, 8, 270.28, 199443, 36
1157, 12, 57, 97, 54, 0, 37.89%, 0, 0, 8, 266.03, 200771, 36
1162, 12, 57, 97, 53, 0, 37.89%, 0, 0, 8, 305.29, 202384, 36
1167, 12, 80, 97, 52, 0, 37.89%, 0, 0, 8, 286.34, 203804, 36
1172, 12, 80, 97, 52, 0, 37.89%, 0, 0, 8, 277.76, 205203, 36
1177, 12, 76, 98, 51, 0, 41.05%, 0, 0, 8, 288.73, 206727, 39
1182, 12, 97, 98, 51, 0, 41.05%, 0, 0, 8, 306.53, 208299, 39
1187, 12, 97, 98, 51, 0, 41.05%, 0, 0, 8, 237.37, 209367, 39
1190, 12, 97, 98, 51, 0, 41.05%, 1, 0, 8, 0.00, 210083, 39
