# relative_time, cycles_done, cur_item, corpus_count, pending_total, pending_favs, map_size, saved_crashes, saved_hangs, max_depth, execs_per_sec, total_execs, edges_found
73, 0, 0, 18, 18, 1, 36.26%, 0, 0, 2, 0.04, 1829, 33
78, 0, 0, 18, 18, 1, 36.26%, 0, 0, 2, 565.00, 1945, 33
89, 0, 0, 19, 19, 1, 36.26%, 0, 0, 2, 3.10, 3216, 33
122, 0, 0, 19, 19, 1, 36.26%, 0, 0, 2, 0.03, 3217, 33
127, 0, 0, 21, 21, 1, 38.46%, 0, 0, 2, 372.02, 3999, 35
170, 0, 0, 23, 23, 1, 38.46%, 0, 0, 2, 19.10, 5170, 35
170, 0, 0, 23, 23, 1, 38.46%, 0, 0, 2, 0.03, 5171, 35
176, 0, 0, 23, 23, 1, 38.46%, 0, 0, 2, 0.18, 5172, 35
181, 0, 0, 23, 23, 1, 38.46%, 0, 0, 2, 346.63, 6905, 35
222, 0, 0, 24, 24, 1, 39.56%, 0, 0, 2, 1.68, 7199, 36
222, 0, 0, 24, 24, 1, 39.56%, 0, 0, 2, 0.14, 7200, 36
264, 0, 0, 25, 25, 1, 39.56%, 0, 0, 2, 0.82, 8155, 36
269, 0, 0, 27, 27, 1, 41.76%, 0, 0, 2, 408.70, 10249, 38
306, 0, 0, 27, 27, 1, 41.76%, 0, 0, 2, 0.32, 10349, 38
346, 0, 0, 27, 27, 1, 41.76%, 0, 0, 2, 1.32, 11753, 38
351, 0, 0, 27, 27, 1, 41.76%, 0, 0, 2, 376.20, 13625, 38
384, 0, 0, 27, 27, 1, 41.76%, 0, 0, 2, 1.73, 13933, 38
420, 0, 0, 27, 27, 1, 41.76%, 0, 0, 2, 0.43, 14913, 38
455, 0, 0, 27, 27, 1, 41.76%, 0, 0, 2, 2.50, 16859, 38
463, 0, 0, 27, 27, 1, 41.76%, 0, 0, 2, 12.25, 17457, 38
487, 0, 0, 27, 27, 1, 41.76%, 0, 0, 2, 0.34, 17465, 38
492, 0, 0, 27, 27, 1, 41.76%, 0, 0, 2, 378.33, 19372, 38
522, 0, 0, 27, 27, 1, 41.76%, 0, 0, 2, 1.64, 19673, 38
527, 0, 0, 28, 28, 1, 41.76%, 0, 0, 2, 373.97, 21619, 38
557, 0, 0, 28, 28, 1, 41.76%, 0, 0, 2, 1.91, 21906, 38
592, 0, 0, 28, 28, 1, 41.76%, 0, 0, 2, 0.75, 22840, 38
597, 0, 0, 28, 28, 1, 41.76%, 0, 0, 2, 370.46, 24734, 38
625, 0, 0, 28, 28, 1, 41.76%, 0, 0, 2, 2.73, 25063, 38
656, 0, 0, 29, 29, 1, 42.86%, 0, 0, 2, 2.07, 26655, 39
665, 0, 0, 29, 29, 1, 42.86%, 0, 0, 2, 15.82, 27967, 39
680, 0, 0, 29, 29, 1, 42.86%, 0, 0, 2, 0.59, 27976, 39
712, 0, 0, 29, 29, 1, 42.86%, 0, 0, 2, 1.68, 29599, 39
718, 0, 0, 30, 30, 1, 42.86%, 0, 0, 2, 402.72, 31670, 39
740, 0, 0, 30, 30, 1, 42.86%, 0, 0, 2, 1.29, 31853, 39
746, 0, 0, 30, 30, 1, 42.86%, 0, 0, 2, 10.07, 32854, 39
762, 0, 0, 30, 30, 1, 42.86%, 0, 0, 2, 0.65, 32862, 39
788, 0, 0, 30, 30, 1, 42.86%, 0, 0, 2, 1.28, 34702, 39
793, 0, 0, 30, 30, 1, 42.86%, 0, 0, 2, 428.62, 36838, 39
816, 0, 0, 30, 30, 1, 42.86%, 0, 0, 2, 0.70, 37046, 39
837, 0, 0, 30, 30, 1, 42.86%, 0, 0, 2, 0.53, 38532, 39
842, 0, 20, 32, 29, 4, 42.86%, 0, 0, 3, 474.03, 40981, 39
863, 0, 20, 32, 29, 4, 42.86%, 0, 0, 3, 2.76, 41139, 39
892, 0, 26, 36, 29, 1, 42.86%, 0, 0, 3, 3.71, 43594, 39
897, 0, 35, 45, 36, 0, 45.05%, 0, 0, 4, 458.70, 45852, 41
916, 0, 35, 45, 36, 0, 45.05%, 0, 0, 4, 5.11, 46338, 41
933, 0, 35, 45, 36, 0, 45.05%, 0, 0, 4, 7.45, 47931, 41
946, 0, 35, 45, 36, 0, 45.05%, 0, 0, 4, 5.65, 49479, 41
954, 0, 35, 45, 36, 0, 45.05%, 0, 0, 4, 5.72, 49499, 41
959, 0, 35, 46, 37, 0, 45.05%, 0, 0, 4, 462.83, 51871, 41
969, 0, 35, 46, 37, 0, 45.05%, 0, 0, 4, 5.73, 52330, 41
974, 0, 35, 46, 37, 0, 45.05%, 0, 0, 4, 456.11, 54589, 41
991, 0, 35, 46, 37, 0, 45.05%, 0, 0, 4, 5.28, 54992, 41
1006, 0, 40, 50, 40, 2, 45.05%, 0, 0, 5, 9.43, 56881, 41
1018, 0, 40, 50, 40, 2, 45.05%, 0, 0, 5, 11.48, 59048, 41
1026, 0, 40, 50, 40, 2, 45.05%, 0, 0, 5, 0.12, 59049, 41
1040, 0, 42, 52, 39, 0, 45.05%, 0, 0, 6, 2.99, 61339, 41
1045, 0, 42, 53, 40, 0, 45.05%, 0, 0, 6, 473.82, 63686, 41
1064, 0, 42, 53, 40, 0, 45.05%, 0, 0, 6, 0.49, 64007, 41
1069, 0, 47, 53, 40, 0, 45.05%, 0, 0, 6, 477.60, 66524, 41
1078, 0, 47, 53, 40, 0, 45.05%, 0, 0, 6, 12.67, 66848, 41
1097, 0, 47, 53, 40, 0, 45.05%, 0, 0, 6, 3.52, 68243, 41
1102, 0, 47, 53, 40, 0, 45.05%, 0, 0, 6, 587.40, 71264, 41
1115, 0, 47, 54, 41, 0, 45.05%, 0, 0, 6, 4.78, 71872, 41
1120, 0, 42, 55, 42, 0, 45.05%, 0, 0, 6, 594.24, 74934, 41
1130, 0, 42, 55, 42, 0, 45.05%, 0, 0, 6, 6.99, 75257, 41
1146, 0, 42, 55, 42, 0, 45.05%, 0, 0, 6, 0.94, 77696, 41
1152, 0, 42, 56, 43, 0, 45.05%, 0, 0, 6, 590.55, 80614, 41
1157, 0, 42, 56, 43, 0, 45.05%, 0, 0, 6, 658.14, 82051, 41
1170, 0, 42, 56, 43, 0, 45.05%, 0, 0, 6, 1.16, 83739, 41
1175, 0, 34, 56, 43, 0, 45.05%, 0, 0, 6, 655.42, 86916, 41
1181, 0, 20, 56, 43, 0, 45.05%, 0, 0, 6, 631.46, 89044, 41
1190, 0, 35, 56, 43, 0, 45.05%, 0, 0, 6, 15.43, 89795, 41
1195, 0, 42, 56, 43, 0, 45.05%, 0, 0, 6, 718.58, 93435, 41
1205, 0, 51, 56, 43, 0, 45.05%, 0, 0, 6, 4.35, 94851, 41
1210, 0, 42, 56, 42, 0, 45.05%, 0, 0, 6, 709.53, 98295, 41
1219, 0, 42, 56, 42, 0, 45.05%, 0, 0, 6, 10.06, 99584, 41
1224, 0, 42, 56, 41, 0, 45.05%, 0, 0, 6, 687.32, 103071, 41
1229, 0, 42, 56, 41, 0, 45.05%, 0, 0, 6, 7.55, 104217, 41
1238, 0, 42, 56, 41, 0, 45.05%, 0, 0, 6, 11.06, 106866, 41
1243, 0, 42, 56, 41, 0, 45.05%, 0, 0, 6, 693.46, 110541, 41
1248, 0, 42, 56, 41, 0, 45.05%, 0, 0, 6, 538.61, 112615, 41
1255, 0, 42, 56, 41, 0, 45.05%, 0, 0, 6, 1.94, 113402, 41
1260, 1, 20, 59, 44, 0, 45.05%, 0, 0, 6, 729.57, 117135, 41
1270, 1, 55, 59, 42, 0, 45.05%, 0, 0, 6, 24.74, 120692, 41
1275, 1, 60, 62, 43, 0, 45.05%, 0, 0, 6, 684.63, 124469, 41
1285, 1, 60, 62, 43, 0, 45.05%, 0, 0, 6, 25.60, 127519, 41
1290, 1, 60, 62, 43, 0, 45.05%, 0, 0, 6, 770.54, 131488, 41
1295, 1, 60, 62, 43, 0, 45.05%, 0, 0, 6, 769.15, 135334, 41
1300, 1, 60, 62, 43, 0, 45.05%, 0, 0, 6, 32.49, 136312, 41
1306, 1, 42, 62, 43, 0, 45.05%, 0, 0, 6, 778.81, 140181, 41
1311, 1, 48, 62, 43, 0, 45.05%, 0, 0, 6, 788.00, 144122, 41
1316, 1, 55, 62, 43, 0, 45.05%, 0, 0, 6, 804.37, 148153, 41
1321, 1, 42, 64, 45, 0, 45.05%, 0, 0, 6, 791.83, 152087, 41
1326, 1, 48, 65, 46, 0, 45.05%, 0, 0, 6, 756.07, 155877, 41
1331, 1, 34, 65, 46, 0, 45.05%, 0, 0, 6, 785.32, 159916, 41
1339, 1, 42, 66, 47, 0, 45.05%, 0, 0, 6, 43.96, 163362, 41
1344, 1, 42, 66, 45, 0, 45.05%, 0, 0, 6, 742.53, 166867, 41
1349, 1, 54, 66, 45, 0, 45.05%, 0, 0, 6, 792.87, 171040, 41
1354, 1, 42, 66, 44, 0, 45.05%, 0, 0, 6, 819.13, 175328, 41
1359, 1, 42, 66, 44, 0, 45.05%, 0, 0, 6, 826.92, 179062, 41
1364, 1, 66, 68, 45, 0, 45.05%, 0, 0, 6, 771.61, 182954, 41
1369, 2, 42, 69, 45, 0, 45.05%, 0, 0, 6, 740.82, 186640, 41
1374, 2, 54, 71, 47, 0, 45.05%, 0, 0, 6, 775.87, 190535, 41
1379, 2, 42, 75, 51, 0, 45.05%, 0, 0, 6, 763.79, 194417, 41
1384, 2, 42, 76, 52, 0, 45.05%, 0, 0, 6, 808.34, 198500, 41
1389, 2, 42, 80, 56, 0, 45.05%, 0, 0, 6, 759.55, 202165, 41
1395, 2, 54, 80, 55, 0, 45.05%, 0, 0, 6, 764.70, 206208, 41
1400, 2, 42, 80, 55, 0, 45.05%, 0, 0, 6, 772.51, 210331, 41
1405, 2, 54, 80, 55, 0, 45.05%, 0, 0, 6, 808.61, 214442, 41
1410, 2, 54, 81, 56, 0, 45.05%, 0, 0, 6, 822.17, 218585, 41
1415, 2, 29, 81, 56, 0, 45.05%, 0, 0, 6, 813.01, 221583, 41
1420, 2, 60, 81, 54, 0, 45.05%, 0, 0, 6, 807.86, 225671, 41
1425, 2, 42, 81, 54, 0, 45.05%, 0, 0, 6, 834.99, 230042, 41
1430, 2, 54, 83, 55, 0, 45.05%, 0, 0, 6, 772.56, 233819, 41
1435, 2, 29, 83, 54, 0, 45.05%, 0, 0, 6, 755.38, 237776, 41
1441, 2, 54, 84, 54, 0, 45.05%, 0, 0, 6, 795.84, 241897, 41
1446, 2, 42, 85, 55, 0, 45.05%, 0, 0, 6, 832.73, 246241, 41
1451, 2, 42, 85, 55, 0, 45.05%, 0, 0, 6, 817.18, 250312, 41
1456, 3, 54, 86, 55, 0, 45.05%, 0, 0, 7, 824.78, 254587, 41
1461, 3, 42, 87, 56, 0, 45.05%, 0, 0, 7, 807.44, 258805, 41
1466, 3, 42, 87, 56, 0, 45.05%, 0, 0, 7, 832.83, 262889, 41
1471, 3, 85, 88, 57, 0, 45.05%, 0, 0, 8, 817.89, 266989, 41
1476, 3, 65, 89, 57, 0, 45.05%, 0, 0, 8, 833.87, 271100, 41
1481, 3, 42, 89, 56, 0, 45.05%, 0, 0, 8, 833.30, 275308, 41
1486, 3, 72, 92, 59, 0, 45.05%, 0, 0, 8, 755.39, 278857, 41
1492, 3, 60, 92, 58, 0, 45.05%, 0, 0, 8, 763.87, 282699, 41
1497, 3, 42, 92, 58, 0, 45.05%, 0, 0, 8, 794.46, 286704, 41
1502, 3, 42, 93, 59, 0, 45.05%, 0, 0, 8, 794.54, 290727, 41
1507, 3, 42, 93, 59, 0, 45.05%, 0, 0, 8, 787.28, 294763, 41
1512, 3, 80, 93, 59, 0, 45.05%, 0, 0, 8, 227.27, 298587, 41
1517, 3, 42, 93, 58, 0, 45.05%, 0, 0, 8, 698.20, 302766, 41
1522, 3, 46, 93, 58, 0, 45.05%, 0, 0, 8, 728.26, 305904, 41
1527, 3, 42, 93, 57, 0, 45.05%, 0, 0, 8, 797.26, 310005, 41
1532, 3, 53, 93, 57, 0, 45.05%, 0, 0, 8, 815.70, 314054, 41
1537, 3, 42, 93, 57, 0, 45.05%, 0, 0, 8, 787.31, 318027, 41
1542, 3, 42, 93, 57, 0, 45.05%, 0, 0, 8, 746.95, 321864, 41
1548, 3, 42, 93, 57, 0, 45.05%, 0, 0, 8, 816.76, 326088, 41
1553, 4, 60, 93, 57, 0, 45.05%, 0, 0, 8, 783.28, 330113, 41
1558, 4, 54, 94, 57, 0, 45.05%, 0, 0, 8, 812.22, 334317, 41
1563, 4, 42, 94, 57, 0, 45.05%, 0, 0, 8, 804.62, 338365, 41
1565, 4, 53, 94, 57, 0, 45.05%, 1, 0, 8, 0.00, 340160, 41
