# relative_time, cycles_done, cur_item, corpus_count, pending_total, pending_favs, map_size, saved_crashes, saved_hangs, max_depth, execs_per_sec, total_execs, edges_found
74, 0, 0, 20, 20, 1, 42.31%, 0, 1, 2, 0.12, 1652, 33
79, 0, 0, 20, 20, 1, 42.31%, 0, 1, 2, 220.18, 1727, 33
90, 0, 0, 24, 24, 1, 51.28%, 0, 1, 2, 5.76, 2882, 40
122, 0, 0, 24, 24, 1, 51.28%, 0, 1, 2, 0.15, 2887, 40
128, 0, 0, 24, 24, 1, 51.28%, 0, 1, 2, 371.96, 3664, 40
176, 0, 0, 25, 25, 1, 51.28%, 0, 1, 2, 1.59, 4830, 40
181, 0, 0, 27, 27, 1, 53.85%, 0, 1, 2, 342.07, 6578, 42
215, 0, 0, 27, 27, 1, 53.85%, 0, 1, 2, 0.72, 6836, 42
222, 0, 0, 27, 27, 1, 53.85%, 0, 1, 2, 0.14, 6837, 42
264, 0, 0, 27, 27, 1, 53.85%, 0, 1, 2, 0.93, 7784, 42
269, 0, 0, 27, 27, 1, 53.85%, 0, 1, 2, 400.06, 9789, 42
307, 0, 0, 27, 27, 1, 53.85%, 0, 1, 2, 0.14, 9943, 42
346, 0, 0, 27, 27, 1, 53.85%, 0, 1, 2, 2.11, 11336, 42
352, 0, 0, 27, 27, 1, 53.85%, 0, 1, 2, 371.51, 13184, 42
385, 0, 0, 27, 27, 1, 53.85%, 0, 1, 2, 1.73, 13492, 42
420, 0, 0, 27, 27, 1, 53.85%, 0, 1, 2, 0.43, 14472, 42
428, 0, 0, 27, 27, 1, 53.85%, 0, 1, 2, 26.87, 16397, 42
455, 0, 0, 27, 27, 1, 53.85%, 0, 1, 2, 0.04, 16398, 42
487, 0, 0, 27, 27, 1, 53.85%, 0, 1, 2, 2.64, 16994, 42
492, 0, 0, 28, 28, 1, 55.13%, 0, 1, 2, 375.44, 18917, 43
523, 0, 0, 28, 28, 1, 55.13%, 0, 1, 2, 0.24, 19176, 43
528, 0, 0, 28, 28, 1, 55.13%, 0, 1, 2, 371.01, 21150, 43
558, 0, 0, 28, 28, 1, 55.13%, 0, 1, 2, 0.24, 21395, 43
592, 0, 0, 28, 28, 1, 55.13%, 0, 1, 2, 1.31, 22319, 43
597, 0, 0, 28, 28, 1, 55.13%, 0, 1, 2, 372.54, 24258, 43
626, 0, 0, 28, 28, 1, 55.13%, 0, 1, 2, 0.25, 24517, 43
657, 0, 0, 28, 28, 1, 55.13%, 0, 1, 2, 2.36, 26089, 43
665, 0, 0, 28, 28, 1, 55.13%, 0, 1, 2, 13.03, 27385, 43
680, 0, 0, 28, 28, 1, 55.13%, 0, 1, 2, 0.72, 27396, 43
713, 0, 0, 28, 28, 1, 55.13%, 0, 1, 2, 1.40, 28993, 43
718, 0, 0, 29, 29, 1, 55.13%, 0, 1, 2, 395.60, 31040, 43
740, 0, 0, 29, 29, 1, 55.13%, 0, 1, 2, 1.61, 31230, 43
748, 0, 0, 29, 29, 1, 55.13%, 0, 1, 2, 4.41, 32216, 43
762, 0, 0, 29, 29, 1, 55.13%, 0, 1, 2, 0.51, 32223, 43
788, 0, 0, 29, 29, 1, 55.13%, 0, 1, 2, 1.28, 34037, 43
794, 0, 0, 29, 29, 1, 55.13%, 0, 1, 2, 386.19, 35948, 43
817, 0, 0, 29, 29, 1, 55.13%, 0, 1, 2, 0.61, 36137, 43
837, 0, 0, 29, 29, 1, 55.13%, 0, 1, 2, 0.06, 37553, 43
842, 0, 0, 29, 29, 1, 55.13%, 0, 1, 2, 466.61, 39910, 43
864, 0, 0, 29, 29, 1, 55.13%, 0, 1, 2, 0.84, 40126, 43
893, 0, 0, 29, 29, 1, 55.13%, 0, 1, 2, 0.38, 42529, 43
898, 0, 0, 29, 29, 1, 55.13%, 0, 1, 2, 451.89, 44842, 43
916, 0, 0, 29, 29, 1, 55.13%, 0, 1, 2, 4.63, 45220, 43
934, 0, 0, 29, 29, 1, 55.13%, 0, 1, 2, 1.40, 46852, 43
946, 0, 0, 29, 29, 1, 55.13%, 0, 1, 2, 3.58, 48368, 43
954, 0, 0, 29, 29, 1, 55.13%, 0, 1, 2, 3.59, 48385, 43
959, 0, 0, 29, 29, 1, 55.13%, 0, 1, 2, 452.60, 50647, 43
964, 0, 0, 29, 29, 1, 55.13%, 0, 1, 2, 0.32, 51161, 43
969, 0, 0, 29, 29, 1, 55.13%, 0, 1, 2, 0.32, 51162, 43
974, 0, 0, 29, 29, 1, 55.13%, 0, 1, 2, 448.39, 53384, 43
991, 0, 0, 29, 29, 1, 55.13%, 0, 1, 2, 5.51, 53779, 43
1007, 0, 0, 29, 29, 1, 55.13%, 0, 1, 2, 3.16, 55624, 43
1027, 0, 0, 29, 29, 1, 55.13%, 0, 1, 2, 4.56, 57703, 43
1041, 0, 0, 29, 29, 1, 55.13%, 0, 1, 2, 5.94, 59953, 43
1046, 0, 0, 29, 29, 1, 55.13%, 0, 1, 2, 462.75, 62230, 43
1051, 0, 0, 29, 29, 1, 55.13%, 0, 1, 2, 20.75, 62545, 43
1064, 0, 0, 29, 29, 1, 55.13%, 0, 1, 2, 0.07, 62546, 43
1069, 0, 0, 29, 29, 1, 55.13%, 0, 1, 2, 466.71, 64912, 43
1079, 0, 0, 29, 29, 1, 55.13%, 0, 1, 2, 9.55, 65317, 43
1097, 0, 0, 29, 29, 1, 55.13%, 0, 1, 2, 3.95, 66608, 43
1102, 0, 0, 29, 29, 1, 55.13%, 0, 1, 2, 526.98, 69332, 43
1115, 0, 0, 30, 30, 1, 56.41%, 0, 1, 2, 4.27, 69889, 44
1120, 0, 0, 30, 30, 1, 56.41%, 0, 1, 2, 545.11, 72669, 44
1130, 0, 0, 30, 30, 1, 56.41%, 0, 1, 2, 9.56, 72989, 44
1147, 0, 0, 30, 30, 1, 56.41%, 0, 1, 2, 7.65, 75290, 44
1152, 0, 0, 30, 30, 1, 56.41%, 0, 1, 2, 584.96, 78238, 44
1157, 0, 0, 30, 30, 1, 56.41%, 0, 1, 2, 643.94, 79667, 44
1171, 0, 0, 30, 30, 1, 56.41%, 0, 1, 2, 2.13, 81179, 44
1176, 0, 0, 33, 33, 1, 56.41%, 0, 1, 2, 545.63, 83779, 44
1181, 0, 29, 38, 36, 8, 57.69%, 0, 1, 3, 577.24, 85791, 45
1190, 0, 29, 39, 37, 8, 57.69%, 0, 1, 3, 12.93, 86493, 45
1195, 0, 29, 41, 39, 8, 57.69%, 0, 1, 3, 673.21, 89909, 45
1205, 0, 29, 43, 41, 8, 57.69%, 0, 1, 3, 4.85, 91210, 45
1210, 0, 29, 43, 41, 8, 57.69%, 0, 1, 3, 675.57, 94746, 45
1219, 0, 29, 43, 41, 8, 57.69%, 0, 1, 3, 16.38, 95941, 45
1224, 0, 39, 46, 40, 6, 57.69%, 0, 1, 4, 630.53, 99102, 45
1230, 0, 39, 50, 44, 6, 57.69%, 0, 1, 4, 6.45, 100150, 45
1238, 0, 39, 50, 44, 6, 57.69%, 0, 1, 4, 13.86, 102538, 45
1243, 0, 39, 50, 44, 6, 57.69%, 0, 1, 4, 594.31, 105670, 45
1249, 0, 39, 50, 44, 6, 57.69%, 0, 1, 4, 651.16, 107498, 45
1255, 0, 39, 50, 44, 6, 57.69%, 0, 1, 4, 22.36, 108226, 45
1260, 0, 39, 51, 45, 6, 57.69%, 0, 1, 4, 714.91, 111825, 45
1270, 0, 26, 54, 42, 3, 57.69%, 0, 1, 4, 23.46, 115193, 45
1276, 0, 54, 56, 38, 0, 57.69%, 0, 1, 4, 674.27, 118648, 45
1285, 0, 51, 57, 39, 0, 58.97%, 0, 1, 4, 16.25, 121657, 46
1290, 0, 56, 58, 39, 0, 58.97%, 0, 1, 5, 755.84, 125396, 46
1295, 0, 56, 59, 40, 0, 58.97%, 0, 1, 5, 755.43, 129108, 46
1301, 0, 56, 59, 40, 0, 58.97%, 0, 1, 5, 11.21, 129389, 46
1306, 0, 56, 60, 41, 0, 58.97%, 0, 1, 5, 712.77, 132997, 46
1311, 0, 56, 63, 43, 0, 58.97%, 0, 1, 5, 769.93, 136579, 46
1312, 0, 54, 66, 46, 0, 58.97%, 1, 1, 5, 0.00, 137138, 46
