# relative_time, cycles_done, cur_item, corpus_count, pending_total, pending_favs, map_size, saved_crashes, saved_hangs, max_depth, execs_per_sec, total_execs, edges_found
77, 0, 0, 10, 8, 0, 22.78%, 0, 0, 2, 0.04, 1654, 18
78, 0, 0, 10, 8, 0, 22.78%, 0, 0, 2, 279.07, 1716, 18
122, 0, 0, 10, 8, 0, 22.78%, 0, 0, 2, 0.30, 2948, 18
127, 0, 0, 10, 8, 0, 22.78%, 0, 0, 2, 408.97, 3834, 18
176, 0, 0, 10, 8, 0, 22.78%, 0, 0, 2, 1.09, 5110, 18
181, 0, 0, 10, 8, 0, 22.78%, 0, 0, 2, 383.08, 7056, 18
215, 0, 0, 10, 8, 0, 22.78%, 0, 0, 2, 0.84, 7336, 18
222, 0, 0, 10, 8, 0, 22.78%, 0, 0, 2, 0.14, 7337, 18
264, 0, 0, 10, 7, 0, 22.78%, 0, 0, 2, 0.82, 8377, 18
269, 0, 0, 13, 10, 0, 22.78%, 0, 0, 3, 408.16, 10447, 18
306, 0, 0, 13, 10, 0, 22.78%, 0, 0, 3, 0.22, 10575, 18
346, 0, 0, 13, 10, 0, 22.78%, 0, 0, 3, 1.40, 11987, 18
351, 1, 0, 13, 10, 0, 22.78%, 0, 0, 3, 378.90, 13876, 18
384, 1, 0, 13, 10, 0, 22.78%, 0, 0, 3, 1.95, 14191, 18
389, 1, 10, 13, 10, 0, 22.78%, 0, 0, 3, 3.13, 15195, 18
419, 1, 10, 13, 10, 0, 22.78%, 0, 0, 3, 0.03, 15196, 18
427, 1, 0, 14, 10, 0, 24.05%, 0, 0, 3, 23.40, 17352, 19
455, 1, 0, 14, 10, 0, 24.05%, 0, 0, 3, 0.04, 17353, 19
487, 1, 0, 14, 9, 0, 24.05%, 0, 0, 3, 2.97, 18021, 19
492, 1, 13, 15, 10, 0, 24.05%, 0, 0, 3, 419.74, 20176, 19
522, 1, 13, 15, 10, 0, 24.05%, 0, 0, 3, 3.21, 20464, 19
527, 1, 13, 17, 12, 0, 24.05%, 0, 0, 3, 414.78, 22654, 19
557, 1, 13, 17, 12, 0, 24.05%, 0, 0, 3, 0.82, 22950, 19
591, 1, 13, 17, 12, 0, 24.05%, 0, 0, 3, 1.00, 23982, 19
597, 1, 13, 19, 14, 0, 25.32%, 0, 0, 3, 416.51, 26152, 20
625, 1, 13, 19, 14, 0, 25.32%, 0, 0, 3, 3.29, 26439, 20
656, 1, 13, 23, 18, 0, 25.32%, 0, 0, 3, 2.66, 28191, 20
665, 1, 13, 25, 20, 0, 25.32%, 0, 0, 3, 14.66, 29640, 20
680, 1, 13, 25, 20, 0, 25.32%, 0, 0, 3, 0.59, 29649, 20
712, 1, 0, 25, 19, 0, 25.32%, 0, 0, 3, 2.52, 31439, 20
717, 1, 0, 25, 19, 0, 25.32%, 0, 0, 3, 472.96, 33896, 20
740, 1, 13, 25, 19, 0, 25.32%, 0, 0, 3, 1.94, 34127, 20
748, 1, 0, 25, 19, 0, 25.32%, 0, 0, 3, 14.31, 35476, 20
761, 1, 0, 25, 19, 0, 25.32%, 0, 0, 3, 0.29, 35480, 20
788, 1, 3, 25, 19, 0, 25.32%, 0, 0, 3, 16.88, 37991, 20
788, 1, 3, 25, 19, 0, 25.32%, 0, 0, 3, 0.07, 37992, 20
793, 2, 24, 25, 19, 0, 25.32%, 0, 0, 3, 531.88, 40629, 20
816, 2, 13, 25, 18, 0, 25.32%, 0, 0, 3, 1.31, 40900, 20
836, 2, 0, 27, 20, 0, 25.32%, 0, 0, 3, 0.06, 42724, 20
842, 2, 27, 30, 22, 0, 26.58%, 0, 0, 3, 631.29, 45985, 21
863, 2, 27, 30, 22, 0, 26.58%, 0, 0, 3, 5.57, 46237, 21
892, 2, 27, 31, 23, 0, 27.85%, 0, 0, 3, 4.90, 49459, 22
897, 2, 27, 32, 24, 0, 29.11%, 0, 0, 3, 647.26, 52590, 23
915, 2, 27, 33, 25, 0, 29.11%, 0, 0, 3, 0.69, 53260, 23
933, 2, 27, 36, 28, 0, 32.91%, 0, 0, 3, 8.29, 55397, 26
946, 2, 35, 39, 30, 2, 32.91%, 0, 0, 3, 2.30, 57435, 26
953, 2, 35, 40, 31, 2, 32.91%, 0, 0, 4, 2.30, 57451, 26
958, 2, 30, 46, 36, 1, 32.91%, 0, 0, 4, 615.69, 60552, 26
969, 2, 35, 46, 35, 0, 32.91%, 0, 0, 4, 1.39, 61235, 26
974, 2, 31, 48, 37, 0, 35.44%, 0, 0, 4, 608.90, 64299, 28
991, 2, 31, 48, 37, 0, 35.44%, 0, 0, 4, 5.89, 64767, 28
1006, 2, 31, 49, 38, 0, 36.71%, 0, 0, 4, 1.06, 67270, 29
1026, 2, 31, 49, 38, 0, 36.71%, 0, 0, 4, 3.05, 70126, 29
1040, 2, 31, 49, 38, 0, 36.71%, 0, 0, 4, 14.32, 73162, 29
1045, 2, 47, 50, 38, 2, 36.71%, 0, 0, 4, 602.82, 76172, 29
1050, 2, 47, 53, 41, 2, 36.71%, 0, 0, 5, 23.30, 76554, 29
1064, 2, 47, 53, 41, 2, 36.71%, 0, 0, 5, 0.51, 76561, 29
1069, 2, 47, 54, 42, 2, 36.71%, 0, 0, 5, 624.68, 79789, 29
1078, 2, 47, 54, 42, 2, 36.71%, 0, 0, 5, 16.89, 80221, 29
1097, 2, 47, 55, 43, 2, 37.97%, 0, 0, 5, 5.19, 81956, 30
1102, 2, 47, 60, 48, 2, 37.97%, 0, 0, 5, 684.72, 85455, 30
1115, 2, 47, 61, 49, 2, 37.97%, 0, 0, 5, 8.33, 86203, 30
1120, 2, 46, 64, 51, 2, 37.97%, 0, 0, 5, 707.89, 89769, 30
1130, 2, 46, 64, 51, 2, 37.97%, 0, 0, 5, 13.40, 90203, 30
1146, 2, 54, 64, 50, 1, 37.97%, 0, 0, 5, 9.42, 93090, 30
1151, 2, 48, 68, 52, 0, 37.97%, 0, 0, 5, 643.36, 96347, 30
1156, 2, 48, 69, 53, 0, 37.97%, 0, 0, 5, 641.25, 97860, 30
1170, 2, 54, 70, 54, 0, 37.97%, 0, 0, 6, 6.89, 99752, 30
1175, 2, 54, 72, 56, 0, 37.97%, 0, 0, 6, 705.52, 103309, 30
1180, 2, 54, 72, 56, 0, 37.97%, 0, 0, 6, 688.37, 105590, 30
1188, 2, 54, 72, 56, 0, 37.97%, 0, 0, 6, 15.71, 106293, 30
1193, 2, 35, 74, 58, 0, 37.97%, 0, 0, 6, 714.12, 109012, 30
1205, 2, 66, 74, 58, 0, 37.97%, 0, 0, 6, 11.74, 110990, 30
1210, 2, 60, 74, 57, 0, 37.97%, 0, 0, 6, 642.71, 114303, 30
1219, 2, 60, 75, 58, 0, 37.97%, 0, 0, 6, 15.46, 115442, 30
1224, 2, 35, 77, 58, 0, 37.97%, 0, 0, 6, 658.00, 119008, 30
1229, 2, 54, 78, 59, 0, 37.97%, 0, 0, 6, 3.40, 120041, 30
1238, 2, 46, 79, 60, 0, 37.97%, 0, 0, 6, 22.51, 122633, 30
1243, 2, 77, 80, 61, 0, 37.97%, 0, 0, 6, 654.30, 126068, 30
1248, 2, 76, 80, 60, 0, 37.97%, 0, 0, 6, 731.90, 128121, 30
1253, 2, 0, 80, 59, 0, 37.97%, 0, 0, 6, 18.94, 128767, 30
1258, 2, 62, 81, 60, 0, 37.97%, 0, 0, 6, 741.62, 131537, 30
1264, 3, 43, 81, 59, 0, 37.97%, 0, 0, 6, 724.18, 135214, 30
1270, 3, 71, 81, 58, 0, 37.97%, 0, 0, 6, 1.84, 135911, 30
1275, 3, 54, 81, 56, 0, 37.97%, 0, 0, 6, 722.53, 139488, 30
1284, 3, 30, 81, 55, 0, 37.97%, 0, 0, 6, 22.97, 142424, 30
1290, 3, 35, 81, 54, 0, 37.97%, 0, 0, 6, 667.89, 145898, 30
1295, 3, 35, 82, 54, 0, 37.97%, 0, 0, 6, 727.74, 149600, 30
1300, 3, 0, 82, 54, 0, 37.97%, 0, 0, 6, 36.32, 150512, 30
1305, 3, 30, 82, 52, 0, 37.97%, 0, 0, 6, 775.36, 154405, 30
1310, 3, 67, 82, 52, 0, 37.97%, 0, 0, 6, 335.98, 156807, 30
1316, 3, 0, 82, 49, 0, 37.97%, 0, 0, 6, 624.03, 160138, 30
1321, 3, 48, 82, 48, 0, 37.97%, 0, 0, 6, 703.78, 163800, 30
1326, 4, 54, 82, 47, 0, 37.97%, 0, 0, 6, 728.79, 167470, 30
1331, 4, 0, 82, 46, 0, 37.97%, 0, 0, 6, 736.84, 171290, 30
1338, 4, 30, 82, 46, 0, 37.97%, 0, 0, 6, 4.49, 174727, 30
1344, 4, 0, 82, 46, 0, 37.97%, 0, 0, 6, 619.27, 178316, 30
1349, 4, 54, 82, 46, 0, 37.97%, 0, 0, 6, 734.86, 182330, 30
1354, 4, 74, 82, 46, 0, 37.97%, 0, 0, 6, 687.08, 185948, 30
1359, 4, 80, 83, 46, 0, 37.97%, 0, 0, 7, 627.43, 188837, 30
1364, 4, 42, 83, 44, 0, 37.97%, 0, 0, 7, 684.58, 192329, 30
1369, 4, 46, 83, 43, 0, 37.97%, 0, 0, 7, 631.84, 195384, 30
1374, 4, 0, 83, 43, 0, 37.97%, 0, 0, 7, 734.04, 199184, 30
1379, 4, 54, 84, 44, 0, 37.97%, 0, 0, 7, 752.47, 202686, 30
1384, 5, 0, 84, 43, 0, 37.97%, 0, 0, 7, 757.14, 206444, 30
1389, 5, 0, 84, 42, 0, 37.97%, 0, 0, 7, 762.99, 210298, 30
1394, 5, 48, 84, 41, 0, 37.97%, 0, 0, 7, 763.55, 214093, 30
1399, 5, 48, 84, 41, 0, 37.97%, 0, 0, 7, 737.64, 217853, 30
1405, 5, 0, 84, 40, 0, 37.97%, 0, 0, 7, 737.31, 221616, 30
1410, 5, 0, 84, 39, 0, 37.97%, 0, 0, 7, 741.86, 225330, 30
1415, 5, 54, 84, 39, 0, 37.97%, 0, 0, 7, 785.38, 228325, 30
1420, 5, 30, 84, 39, 0, 37.97%, 0, 0, 7, 779.12, 232264, 30
1425, 5, 37, 84, 39, 0, 37.97%, 0, 0, 7, 742.46, 236067, 30
1430, 6, 0, 84, 39, 0, 37.97%, 0, 0, 7, 753.86, 239923, 30
1435, 6, 31, 84, 39, 0, 37.97%, 0, 0, 7, 738.58, 243734, 30
1440, 6, 54, 85, 40, 0, 37.97%, 0, 0, 7, 755.27, 247584, 30
1445, 6, 31, 85, 39, 0, 37.97%, 0, 0, 7, 732.46, 251212, 30
1450, 6, 0, 85, 38, 0, 37.97%, 0, 0, 7, 767.14, 255217, 30
1456, 6, 46, 85, 38, 0, 37.97%, 0, 0, 7, 93.96, 259099, 30
1461, 6, 54, 85, 38, 0, 37.97%, 0, 0, 7, 771.90, 263098, 30
1466, 6, 35, 85, 38, 0, 37.97%, 0, 0, 7, 776.63, 266963, 30
1471, 7, 11, 85, 38, 0, 37.97%, 0, 0, 7, 803.76, 270991, 30
1476, 7, 82, 85, 37, 0, 37.97%, 0, 0, 7, 665.52, 274452, 30
1481, 7, 0, 85, 36, 0, 37.97%, 0, 0, 7, 730.85, 278047, 30
1486, 7, 30, 85, 36, 0, 37.97%, 0, 0, 7, 795.39, 282113, 30
1491, 7, 35, 85, 35, 0, 37.97%, 0, 0, 7, 781.64, 286005, 30
1496, 7, 0, 85, 35, 0, 37.97%, 0, 0, 7, 780.18, 289865, 30
1501, 7, 30, 85, 35, 0, 37.97%, 0, 0, 7, 798.34, 293868, 30
1506, 7, 46, 85, 35, 0, 37.97%, 0, 0, 7, 808.63, 297961, 30
1512, 8, 48, 85, 35, 0, 37.97%, 0, 0, 7, 755.00, 301779, 30
1517, 8, 54, 86, 35, 0, 43.04%, 0, 0, 7, 656.43, 305047, 34
1522, 8, 85, 88, 37, 0, 43.04%, 0, 0, 7, 584.86, 307692, 34
1524, 8, 85, 88, 37, 0, 43.04%, 2, 0, 7, 0.00, 308695, 34
