# relative_time, cycles_done, cur_item, corpus_count, pending_total, pending_favs, map_size, saved_crashes, saved_hangs, max_depth, execs_per_sec, total_execs, edges_found
74, 0, 0, 10, 8, 0, 32.05%, 0, 0, 2, 0.04, 1705, 25
79, 0, 0, 10, 8, 0, 32.05%, 0, 0, 2, 260.00, 1761, 25
90, 0, 0, 10, 8, 0, 32.05%, 0, 0, 2, 4.51, 3154, 25
122, 0, 0, 10, 8, 0, 32.05%, 0, 0, 2, 0.12, 3158, 25
128, 0, 0, 11, 9, 0, 33.33%, 0, 0, 2, 512.11, 4239, 26
176, 0, 0, 13, 11, 0, 33.33%, 0, 0, 2, 1.79, 5766, 26
181, 0, 14, 15, 11, 1, 34.62%, 0, 0, 2, 463.98, 8148, 27
215, 0, 0, 15, 10, 0, 34.62%, 0, 0, 2, 0.27, 8473, 27
222, 0, 0, 15, 10, 0, 34.62%, 0, 0, 2, 0.29, 8477, 27
264, 0, 0, 15, 10, 0, 34.62%, 0, 0, 2, 0.11, 9727, 27
269, 0, 10, 16, 11, 0, 34.62%, 0, 0, 3, 506.11, 12264, 27
307, 0, 10, 16, 11, 0, 34.62%, 0, 0, 3, 0.19, 12451, 27
347, 0, 0, 17, 11, 0, 35.90%, 0, 0, 3, 2.19, 14202, 28
352, 1, 0, 17, 11, 0, 35.90%, 0, 0, 3, 464.58, 16507, 28
385, 1, 10, 17, 11, 0, 35.90%, 0, 0, 3, 1.95, 16894, 28
390, 1, 17, 18, 11, 0, 37.18%, 0, 0, 3, 35.20, 18113, 29
420, 1, 17, 18, 11, 0, 37.18%, 0, 0, 3, 0.03, 18114, 29
456, 1, 10, 18, 11, 0, 37.18%, 0, 0, 3, 0.29, 20516, 29
487, 1, 17, 18, 11, 0, 37.18%, 0, 0, 3, 3.30, 21287, 29
492, 1, 11, 20, 13, 0, 37.18%, 0, 0, 3, 471.33, 23737, 29
523, 1, 17, 20, 13, 0, 37.18%, 0, 0, 3, 3.01, 24040, 29
528, 1, 10, 21, 14, 0, 37.18%, 0, 0, 4, 477.13, 26531, 29
558, 1, 17, 21, 14, 0, 37.18%, 0, 0, 4, 3.27, 26909, 29
592, 1, 17, 21, 14, 0, 37.18%, 0, 0, 4, 1.97, 28098, 29
597, 1, 21, 23, 15, 0, 41.03%, 0, 0, 5, 479.34, 30543, 32
626, 1, 21, 23, 15, 0, 41.03%, 0, 0, 5, 1.60, 30867, 32
657, 1, 21, 30, 22, 0, 42.31%, 0, 0, 5, 2.22, 32963, 33
665, 1, 21, 31, 23, 0, 42.31%, 0, 0, 5, 21.73, 34711, 33
680, 1, 21, 31, 23, 0, 42.31%, 0, 0, 5, 0.91, 34725, 33
713, 1, 21, 33, 25, 0, 44.87%, 0, 0, 5, 3.08, 36914, 35
718, 1, 21, 36, 28, 0, 44.87%, 0, 0, 5, 588.99, 40015, 35
740, 1, 21, 37, 29, 0, 44.87%, 0, 0, 5, 0.14, 40212, 35
748, 1, 21, 40, 32, 0, 46.15%, 0, 0, 5, 17.74, 41937, 36
762, 1, 21, 40, 32, 0, 46.15%, 0, 0, 5, 0.07, 41938, 36
788, 1, 32, 42, 33, 3, 46.15%, 0, 0, 5, 6.19, 44955, 36
794, 1, 31, 47, 36, 1, 46.15%, 0, 0, 6, 663.17, 48227, 36
817, 1, 21, 47, 35, 0, 46.15%, 0, 0, 6, 1.53, 48563, 36
837, 1, 32, 52, 39, 0, 47.44%, 0, 0, 6, 2.41, 50950, 37
842, 1, 48, 57, 44, 0, 48.72%, 0, 0, 6, 769.86, 54814, 38
864, 1, 48, 57, 44, 0, 48.72%, 0, 0, 6, 4.20, 55234, 38
893, 1, 48, 58, 45, 0, 48.72%, 0, 0, 6, 0.63, 59201, 38
898, 1, 48, 60, 47, 0, 48.72%, 0, 0, 6, 774.76, 63132, 38
916, 1, 48, 60, 47, 0, 48.72%, 0, 0, 6, 4.88, 63734, 38
934, 1, 39, 61, 46, 0, 48.72%, 0, 0, 6, 7.28, 66304, 38
947, 1, 39, 62, 47, 0, 48.72%, 0, 0, 6, 5.77, 68794, 38
954, 1, 39, 62, 47, 0, 48.72%, 0, 0, 6, 5.52, 68807, 38
959, 1, 59, 63, 47, 0, 48.72%, 0, 0, 6, 754.42, 72577, 38
969, 1, 59, 63, 47, 0, 48.72%, 0, 0, 6, 1.72, 73425, 38
974, 1, 17, 63, 46, 0, 48.72%, 0, 0, 6, 748.94, 77174, 38
991, 1, 17, 63, 46, 0, 48.72%, 0, 0, 6, 5.84, 77724, 38
1007, 1, 26, 63, 46, 0, 48.72%, 0, 0, 6, 2.46, 80760, 38
1027, 1, 32, 63, 46, 0, 48.72%, 0, 0, 6, 6.34, 84256, 38
1041, 1, 59, 64, 45, 0, 50.00%, 0, 0, 6, 8.27, 88000, 39
1046, 2, 63, 67, 48, 0, 50.00%, 0, 0, 6, 734.55, 91726, 39
1064, 2, 63, 67, 48, 0, 50.00%, 0, 0, 6, 2.30, 92272, 39
1070, 2, 63, 68, 49, 0, 51.28%, 0, 0, 6, 797.19, 96327, 40
1079, 2, 63, 68, 49, 0, 51.28%, 0, 0, 6, 3.59, 96852, 40
1097, 2, 63, 69, 50, 0, 51.28%, 0, 0, 6, 6.50, 98989, 40
1102, 2, 63, 73, 54, 0, 51.28%, 0, 0, 6, 786.93, 102970, 40
1115, 2, 63, 76, 57, 0, 51.28%, 0, 0, 6, 8.97, 103966, 40
1120, 2, 67, 82, 62, 0, 52.56%, 0, 0, 6, 775.63, 107958, 41
1130, 2, 67, 82, 62, 0, 52.56%, 0, 0, 6, 11.25, 108393, 41
1147, 2, 67, 82, 62, 0, 52.56%, 0, 0, 6, 2.34, 111513, 41
1152, 2, 67, 82, 62, 0, 52.56%, 0, 0, 6, 765.94, 115353, 41
1157, 2, 67, 82, 62, 0, 52.56%, 0, 0, 6, 802.68, 117205, 41
1171, 2, 67, 83, 63, 0, 52.56%, 0, 0, 6, 13.73, 119203, 41
1176, 2, 80, 85, 64, 0, 52.56%, 0, 0, 7, 756.72, 123148, 41
1181, 2, 31, 88, 67, 0, 52.56%, 0, 0, 7, 774.24, 125562, 41
1190, 2, 74, 88, 67, 0, 52.56%, 0, 0, 7, 12.58, 126324, 41
1195, 2, 88, 91, 69, 0, 52.56%, 0, 0, 8, 775.18, 130241, 41
1205, 2, 17, 91, 68, 0, 52.56%, 0, 0, 8, 1.75, 131894, 41
1210, 2, 0, 96, 73, 0, 52.56%, 0, 0, 8, 770.76, 135945, 41
1219, 2, 17, 96, 73, 0, 52.56%, 0, 0, 8, 15.61, 137322, 41
1225, 2, 63, 98, 75, 0, 52.56%, 0, 0, 8, 780.65, 141311, 41
1230, 2, 80, 98, 75, 0, 52.56%, 0, 0, 8, 9.16, 142428, 41
1238, 2, 26, 99, 75, 0, 52.56%, 0, 0, 8, 21.67, 145081, 41
1243, 2, 63, 101, 75, 0, 52.56%, 0, 0, 8, 408.21, 148469, 41
1249, 2, 82, 101, 75, 0, 52.56%, 0, 0, 8, 659.05, 150778, 41
1255, 2, 82, 101, 75, 0, 52.56%, 0, 0, 8, 2.30, 151545, 41
1260, 2, 63, 103, 75, 0, 52.56%, 0, 0, 8, 737.06, 155445, 41
1271, 2, 31, 104, 76, 0, 52.56%, 0, 0, 8, 15.11, 158708, 41
1276, 2, 39, 105, 76, 0, 52.56%, 0, 0, 8, 769.82, 162531, 41
1285, 2, 26, 107, 78, 0, 52.56%, 0, 0, 8, 20.45, 165357, 41
1290, 2, 66, 107, 77, 0, 52.56%, 0, 0, 8, 770.18, 169181, 41
1295, 2, 26, 109, 78, 0, 52.56%, 0, 0, 8, 722.49, 172927, 41
1301, 2, 32, 109, 78, 0, 52.56%, 0, 0, 8, 3.15, 173730, 41
1306, 2, 80, 109, 77, 0, 52.56%, 0, 0, 8, 770.40, 177531, 41
1311, 3, 17, 109, 77, 0, 52.56%, 0, 0, 8, 742.87, 181238, 41
1316, 3, 80, 109, 77, 0, 52.56%, 0, 0, 8, 732.14, 184879, 41
1321, 3, 59, 109, 76, 0, 52.56%, 0, 0, 8, 737.69, 188528, 41
1326, 3, 32, 109, 75, 0, 52.56%, 0, 0, 8, 664.34, 191850, 41
1331, 3, 31, 109, 75, 0, 52.56%, 0, 0, 8, 717.94, 195535, 41
1339, 3, 103, 109, 75, 0, 52.56%, 0, 0, 8, 17.61, 198867, 41
1344, 3, 80, 109, 74, 0, 52.56%, 0, 0, 8, 616.55, 202526, 41
1349, 3, 80, 110, 75, 0, 52.56%, 0, 0, 8, 742.67, 206384, 41
1354, 3, 17, 111, 75, 0, 52.56%, 0, 0, 9, 759.90, 210273, 41
1359, 3, 17, 111, 75, 0, 52.56%, 0, 0, 9, 772.49, 214125, 41
1364, 3, 31, 111, 75, 0, 52.56%, 0, 0, 9, 731.62, 217750, 41
1369, 3, 59, 112, 76, 0, 52.56%, 0, 0, 9, 730.77, 221381, 41
1375, 3, 17, 112, 76, 0, 52.56%, 0, 0, 9, 724.63, 225063, 41
1380, 3, 108, 112, 76, 0, 52.56%, 0, 0, 9, 666.78, 228504, 41
1385, 3, 48, 112, 74, 0, 52.56%, 0, 0, 9, 679.75, 231717, 41
1390, 3, 17, 113, 74, 0, 52.56%, 0, 0, 9, 741.44, 235526, 41
1395, 3, 80, 113, 74, 0, 52.56%, 0, 0, 9, 758.52, 239407, 41
1400, 4, 17, 113, 74, 0, 52.56%, 0, 0, 9, 745.69, 243156, 41
1405, 4, 95, 113, 74, 0, 52.56%, 0, 0, 9, 534.44, 245881, 41
1410, 4, 80, 114, 74, 0, 52.56%, 0, 0, 9, 657.90, 249165, 41
1415, 4, 63, 114, 74, 0, 52.56%, 0, 0, 9, 812.59, 252134, 41
1420, 4, 59, 114, 73, 0, 52.56%, 0, 0, 9, 756.98, 255847, 41
1425, 4, 62, 114, 72, 0, 52.56%, 0, 0, 9, 700.20, 259221, 41
1430, 4, 14, 114, 70, 0, 52.56%, 0, 0, 9, 751.89, 263032, 41
1435, 4, 17, 114, 70, 0, 52.56%, 0, 0, 9, 704.46, 266492, 41
1440, 4, 80, 114, 70, 0, 52.56%, 0, 0, 9, 746.19, 270382, 41
1446, 4, 54, 114, 69, 0, 52.56%, 0, 0, 9, 760.16, 274184, 41
1451, 4, 17, 114, 68, 0, 52.56%, 0, 0, 9, 750.26, 277974, 41
1456, 4, 17, 114, 68, 0, 52.56%, 0, 0, 9, 753.21, 281836, 41
1461, 4, 17, 114, 67, 0, 52.56%, 0, 0, 9, 741.61, 285463, 41
1466, 4, 10, 114, 65, 0, 52.56%, 0, 0, 9, 748.94, 289253, 41
1471, 4, 80, 114, 65, 0, 52.56%, 0, 0, 9, 771.54, 293288, 41
1476, 4, 39, 114, 64, 0, 52.56%, 0, 0, 9, 668.76, 296332, 41
1481, 5, 17, 114, 64, 0, 52.56%, 0, 0, 9, 742.04, 300154, 41
1486, 5, 54, 114, 64, 0, 52.56%, 0, 0, 9, 727.33, 303748, 41
1491, 5, 32, 114, 63, 0, 52.56%, 0, 0, 9, 735.32, 307425, 41
1496, 5, 32, 114, 63, 0, 52.56%, 0, 0, 9, 767.19, 311218, 41
1501, 5, 94, 114, 63, 0, 52.56%, 0, 0, 9, 628.26, 314445, 41
1507, 5, 80, 114, 62, 0, 52.56%, 0, 0, 9, 673.76, 317887, 41
1512, 5, 39, 114, 62, 0, 52.56%, 0, 0, 9, 747.52, 321775, 41
1515, 5, 32, 114, 62, 0, 52.56%, 1, 0, 9, 0.00, 323991, 41
