# relative_time, cycles_done, cur_item, corpus_count, pending_total, pending_favs, map_size, saved_crashes, saved_hangs, max_depth, execs_per_sec, total_execs, edges_found
73, 0, 1, 11, 9, 1, 22.78%, 0, 0, 3, 0.04, 1840, 18
79, 0, 1, 11, 9, 1, 22.78%, 0, 0, 3, 229.92, 1927, 18
90, 0, 1, 11, 9, 1, 22.78%, 0, 0, 3, 6.15, 3242, 18
122, 0, 1, 11, 9, 1, 22.78%, 0, 0, 3, 0.09, 3245, 18
128, 0, 1, 11, 9, 1, 22.78%, 0, 0, 3, 505.64, 4338, 18
171, 0, 1, 12, 10, 1, 22.78%, 0, 0, 3, 0.46, 5850, 18
176, 0, 1, 12, 10, 1, 22.78%, 0, 0, 3, 0.44, 5851, 18
181, 0, 1, 14, 12, 1, 22.78%, 0, 0, 3, 466.32, 8231, 18
215, 0, 1, 14, 12, 1, 22.78%, 0, 0, 3, 2.96, 8546, 18
222, 0, 1, 14, 12, 1, 22.78%, 0, 0, 3, 2.82, 8551, 18
264, 0, 1, 14, 12, 1, 22.78%, 0, 0, 3, 1.85, 9797, 18
269, 0, 1, 16, 14, 1, 25.32%, 0, 0, 3, 503.83, 12403, 20
307, 0, 1, 16, 14, 1, 25.32%, 0, 0, 3, 0.49, 12511, 20
346, 0, 14, 21, 15, 0, 26.58%, 0, 0, 4, 2.52, 14242, 21
351, 0, 27, 30, 23, 1, 32.91%, 0, 0, 5, 462.15, 16546, 26
384, 0, 27, 31, 24, 1, 32.91%, 0, 0, 5, 1.11, 16904, 26
420, 0, 27, 33, 26, 1, 34.18%, 0, 0, 5, 2.72, 18115, 27
455, 0, 27, 35, 28, 1, 35.44%, 0, 0, 5, 3.22, 20496, 28
487, 0, 27, 35, 28, 1, 35.44%, 0, 0, 5, 3.63, 21266, 28
492, 0, 27, 35, 28, 1, 35.44%, 0, 0, 5, 463.15, 23628, 28
522, 0, 27, 35, 28, 1, 35.44%, 0, 0, 5, 1.81, 24006, 28
528, 0, 27, 35, 28, 1, 35.44%, 0, 0, 5, 466.42, 26526, 28
557, 0, 27, 35, 28, 1, 35.44%, 0, 0, 5, 3.98, 26859, 28
592, 0, 27, 36, 29, 1, 36.71%, 0, 0, 5, 2.18, 28033, 29
597, 0, 30, 38, 28, 2, 36.71%, 0, 0, 6, 478.06, 30447, 29
626, 0, 30, 38, 28, 2, 36.71%, 0, 0, 6, 2.13, 30795, 29
656, 0, 26, 41, 29, 0, 36.71%, 0, 0, 6, 4.05, 32892, 29
665, 0, 26, 41, 29, 0, 36.71%, 0, 0, 6, 2.05, 34639, 29
680, 0, 26, 41, 29, 0, 36.71%, 0, 0, 6, 1.96, 34649, 29
713, 0, 26, 42, 30, 0, 36.71%, 0, 0, 6, 5.89, 36835, 29
713, 0, 26, 42, 30, 0, 36.71%, 0, 0, 6, 0.05, 36836, 29
718, 0, 26, 44, 32, 0, 37.97%, 0, 0, 6, 600.30, 39959, 30
740, 0, 26, 44, 32, 0, 37.97%, 0, 0, 6, 0.65, 40163, 30
762, 0, 26, 44, 32, 0, 37.97%, 0, 0, 6, 3.63, 41899, 30
788, 0, 26, 44, 32, 0, 37.97%, 0, 0, 6, 2.20, 44943, 30
793, 0, 20, 45, 32, 0, 37.97%, 0, 0, 6, 665.63, 48248, 30
817, 0, 20, 45, 32, 0, 37.97%, 0, 0, 6, 0.57, 48573, 30
837, 0, 20, 46, 33, 0, 37.97%, 0, 0, 6, 4.93, 50968, 30
842, 0, 45, 47, 33, 0, 37.97%, 0, 0, 6, 777.67, 54981, 30
864, 0, 45, 47, 33, 0, 37.97%, 0, 0, 6, 6.98, 55296, 30
893, 0, 45, 47, 33, 0, 37.97%, 0, 0, 6, 1.88, 59329, 30
898, 0, 15, 50, 36, 0, 37.97%, 0, 0, 6, 785.97, 63321, 30
916, 0, 15, 51, 37, 0, 37.97%, 0, 0, 6, 4.88, 63910, 30
933, 0, 15, 51, 35, 0, 37.97%, 0, 0, 6, 4.39, 66530, 30
946, 0, 45, 51, 35, 0, 37.97%, 0, 0, 6, 2.96, 69022, 30
954, 0, 45, 51, 35, 0, 37.97%, 0, 0, 6, 3.31, 69047, 30
959, 0, 14, 52, 36, 0, 37.97%, 0, 0, 6, 762.49, 72850, 30
969, 0, 0, 52, 36, 0, 37.97%, 0, 0, 6, 1.61, 73750, 30
974, 0, 50, 52, 36, 0, 37.97%, 0, 0, 6, 766.42, 77537, 30
991, 0, 50, 52, 36, 0, 37.97%, 0, 0, 6, 6.45, 78115, 30
1006, 0, 20, 52, 36, 0, 37.97%, 0, 0, 6, 14.91, 81215, 30
1027, 0, 50, 53, 37, 0, 37.97%, 0, 0, 6, 3.82, 84706, 30
1040, 0, 45, 54, 37, 0, 37.97%, 0, 0, 7, 1.78, 88512, 30
1045, 0, 45, 54, 37, 0, 37.97%, 0, 0, 7, 756.45, 92391, 30
1064, 0, 45, 54, 37, 0, 37.97%, 0, 0, 7, 1.70, 92937, 30
1069, 0, 54, 56, 38, 0, 37.97%, 0, 0, 7, 822.56, 97040, 30
1078, 0, 54, 56, 38, 0, 37.97%, 0, 0, 7, 9.51, 97648, 30
1097, 0, 54, 56, 38, 0, 37.97%, 0, 0, 7, 6.07, 99857, 30
1102, 0, 32, 56, 38, 0, 37.97%, 0, 0, 7, 836.68, 104189, 30
1115, 0, 0, 56, 38, 0, 37.97%, 0, 0, 7, 10.90, 105141, 30
1120, 1, 54, 60, 42, 0, 37.97%, 0, 0, 7, 787.86, 109181, 30
1130, 1, 54, 60, 42, 0, 37.97%, 0, 0, 7, 12.84, 109661, 30
1147, 1, 0, 61, 43, 0, 37.97%, 0, 0, 7, 4.98, 112908, 30
1152, 1, 54, 62, 44, 0, 37.97%, 0, 0, 7, 800.47, 116885, 30
1157, 1, 0, 64, 46, 0, 37.97%, 0, 0, 7, 845.83, 118842, 30
1171, 1, 50, 65, 47, 0, 37.97%, 0, 0, 7, 6.19, 121002, 30
1176, 1, 20, 65, 47, 0, 37.97%, 0, 0, 7, 788.75, 125062, 30
1181, 1, 54, 67, 48, 0, 37.97%, 0, 0, 7, 834.11, 127634, 30
1190, 1, 0, 67, 48, 0, 37.97%, 0, 0, 7, 13.44, 128448, 30
1195, 1, 45, 67, 48, 0, 37.97%, 0, 0, 7, 823.39, 132781, 30
1205, 1, 45, 67, 48, 0, 37.97%, 0, 0, 7, 9.42, 134374, 30
1210, 1, 54, 67, 48, 0, 37.97%, 0, 0, 7, 818.58, 138505, 30
1219, 1, 20, 67, 48, 0, 37.97%, 0, 0, 7, 20.58, 140027, 30
1224, 1, 66, 68, 49, 0, 37.97%, 0, 0, 7, 767.53, 144129, 30
1230, 1, 61, 68, 48, 0, 37.97%, 0, 0, 7, 1.83, 145293, 30
1238, 1, 50, 68, 46, 0, 37.97%, 0, 0, 7, 19.58, 148044, 30
1243, 2, 0, 68, 46, 0, 37.97%, 0, 0, 7, 781.49, 151889, 30
1248, 2, 0, 68, 46, 0, 37.97%, 0, 0, 7, 778.58, 154359, 30
1255, 2, 45, 70, 48, 0, 37.97%, 0, 0, 7, 31.60, 155264, 30
1260, 2, 50, 73, 51, 0, 37.97%, 0, 0, 8, 798.17, 159362, 30
1270, 2, 34, 76, 53, 0, 37.97%, 0, 0, 8, 14.97, 162880, 30
1276, 2, 50, 78, 55, 0, 39.24%, 0, 0, 8, 810.40, 167124, 31
1278, 2, 77, 79, 55, 0, 39.24%, 1, 0, 8, 0.00, 168594, 31
