# relative_time, cycles_done, cur_item, corpus_count, pending_total, pending_favs, map_size, saved_crashes, saved_hangs, max_depth, execs_per_sec, total_execs, edges_found
77, 0, 0, 20, 20, 1, 28.16%, 0, 0, 2, 0.04, 1657, 29
78, 0, 0, 20, 20, 1, 28.16%, 0, 0, 2, 245.19, 1711, 29
122, 0, 0, 22, 22, 1, 32.04%, 0, 0, 2, 0.74, 3025, 33
127, 0, 0, 22, 22, 1, 32.04%, 0, 0, 2, 432.43, 3919, 33
175, 0, 0, 24, 24, 1, 33.01%, 0, 0, 2, 0.71, 5309, 34
181, 0, 0, 24, 24, 1, 33.01%, 0, 0, 2, 402.21, 7397, 34
222, 0, 0, 25, 25, 1, 33.98%, 0, 0, 2, 2.14, 7660, 35
263, 0, 0, 25, 25, 1, 33.98%, 0, 0, 2, 0.05, 8758, 35
268, 0, 0, 25, 25, 1, 33.98%, 0, 0, 2, 429.99, 10956, 35
306, 0, 0, 25, 25, 1, 33.98%, 0, 0, 2, 0.14, 11073, 35
346, 0, 0, 26, 26, 1, 35.92%, 0, 0, 2, 0.44, 12563, 37
351, 0, 0, 27, 27, 1, 36.89%, 0, 0, 2, 398.68, 14549, 38
384, 0, 0, 28, 28, 1, 37.86%, 0, 0, 2, 1.98, 14881, 39
419, 0, 0, 28, 28, 1, 37.86%, 0, 0, 2, 0.73, 15929, 39
455, 0, 0, 29, 29, 1, 38.83%, 0, 0, 2, 3.12, 18032, 40
463, 0, 0, 29, 29, 1, 38.83%, 0, 0, 2, 15.14, 18722, 40
486, 0, 0, 29, 29, 1, 38.83%, 0, 0, 2, 0.25, 18728, 40
491, 0, 0, 29, 29, 1, 38.83%, 0, 0, 2, 438.23, 21008, 40
522, 0, 0, 29, 29, 1, 38.83%, 0, 0, 2, 2.68, 21280, 40
527, 0, 0, 29, 29, 1, 38.83%, 0, 0, 2, 430.00, 23576, 40
557, 0, 0, 29, 29, 1, 38.83%, 0, 0, 2, 3.27, 23856, 40
591, 0, 0, 29, 29, 1, 38.83%, 0, 0, 2, 1.97, 24941, 40
596, 0, 0, 29, 29, 1, 38.83%, 0, 0, 2, 430.48, 27128, 40
625, 0, 0, 29, 29, 1, 38.83%, 0, 0, 2, 2.55, 27488, 40
656, 0, 0, 30, 30, 1, 39.81%, 0, 0, 2, 2.66, 29304, 41
664, 0, 29, 33, 29, 11, 40.78%, 0, 0, 3, 1.68, 30791, 42
680, 0, 29, 33, 29, 11, 40.78%, 0, 0, 3, 1.63, 30804, 42
712, 0, 24, 39, 34, 10, 40.78%, 0, 0, 3, 2.83, 32653, 42
717, 0, 24, 42, 37, 10, 42.72%, 0, 0, 3, 471.49, 35023, 44
739, 0, 24, 42, 37, 10, 42.72%, 0, 0, 3, 2.94, 35251, 44
747, 0, 24, 43, 38, 10, 43.69%, 0, 0, 3, 13.01, 36407, 45
761, 0, 24, 43, 38, 10, 43.69%, 0, 0, 3, 0.22, 36410, 45
788, 0, 24, 44, 39, 10, 44.66%, 0, 0, 3, 1.24, 38637, 46
793, 0, 24, 44, 39, 10, 44.66%, 0, 0, 3, 488.79, 41085, 46
816, 0, 24, 45, 40, 10, 44.66%, 0, 0, 3, 0.70, 41314, 46
836, 0, 40, 47, 39, 12, 44.66%, 0, 0, 4, 1.00, 42959, 46
841, 0, 39, 52, 43, 11, 46.60%, 0, 0, 4, 521.88, 45595, 48
863, 0, 42, 52, 41, 12, 46.60%, 0, 0, 4, 0.94, 45837, 48
892, 0, 47, 60, 47, 11, 46.60%, 0, 0, 5, 4.19, 48486, 48
897, 0, 47, 61, 48, 11, 46.60%, 0, 0, 5, 519.19, 51013, 48
915, 0, 47, 61, 48, 11, 46.60%, 0, 0, 5, 1.72, 51593, 48
933, 0, 47, 62, 49, 11, 46.60%, 0, 0, 5, 2.92, 53391, 48
946, 0, 48, 63, 49, 10, 46.60%, 0, 0, 5, 6.53, 55092, 48
953, 0, 48, 63, 49, 10, 46.60%, 0, 0, 5, 6.25, 55106, 48
958, 0, 25, 64, 47, 8, 46.60%, 0, 0, 5, 509.79, 57659, 48
969, 0, 25, 65, 48, 8, 46.60%, 0, 0, 5, 3.95, 58250, 48
974, 0, 43, 66, 47, 7, 46.60%, 0, 0, 5, 502.32, 60746, 48
991, 0, 30, 66, 46, 6, 46.60%, 0, 0, 5, 4.91, 61145, 48
1006, 0, 26, 66, 44, 4, 46.60%, 0, 0, 5, 1.77, 63187, 48
1017, 0, 50, 67, 44, 3, 46.60%, 0, 0, 5, 15.49, 65527, 48
1026, 0, 50, 67, 44, 3, 46.60%, 0, 0, 5, 1.03, 65536, 48
1040, 0, 18, 68, 42, 1, 46.60%, 0, 0, 5, 7.65, 68041, 48
1045, 0, 54, 69, 42, 0, 46.60%, 0, 0, 5, 573.73, 70953, 48
1050, 0, 54, 70, 43, 0, 46.60%, 0, 0, 5, 25.54, 71345, 48
1064, 0, 54, 70, 43, 0, 46.60%, 0, 0, 5, 0.44, 71351, 48
1069, 0, 54, 70, 43, 0, 46.60%, 0, 0, 5, 639.26, 74580, 48
1078, 0, 54, 70, 43, 0, 46.60%, 0, 0, 5, 11.35, 75096, 48
1096, 0, 54, 70, 43, 0, 46.60%, 0, 0, 5, 4.75, 76823, 48
1097, 0, 54, 70, 43, 0, 46.60%, 1, 0, 5, 0.00, 76886, 48
