# relative_time, cycles_done, cur_item, corpus_count, pending_total, pending_favs, map_size, saved_crashes, saved_hangs, max_depth, execs_per_sec, total_execs, edges_found
73, 0, 1, 11, 9, 0, 29.03%, 0, 1, 3, 0.38, 1868, 27
78, 0, 1, 11, 9, 0, 29.03%, 0, 1, 3, 441.18, 1961, 27
90, 0, 1, 12, 10, 0, 30.11%, 0, 1, 3, 6.27, 3085, 28
122, 0, 1, 12, 10, 0, 30.11%, 0, 1, 3, 0.06, 3087, 28
127, 0, 8, 13, 10, 1, 30.11%, 0, 1, 4, 374.78, 3870, 28
171, 0, 1, 13, 9, 0, 30.11%, 0, 1, 4, 16.83, 5039, 28
171, 0, 1, 13, 9, 0, 30.11%, 0, 1, 4, 0.03, 5040, 28
176, 0, 1, 13, 9, 0, 30.11%, 0, 1, 4, 0.18, 5041, 28
181, 1, 1, 14, 9, 0, 30.11%, 0, 1, 4, 347.63, 6835, 28
222, 1, 1, 14, 9, 0, 30.11%, 0, 1, 4, 2.39, 7068, 28
222, 1, 1, 14, 9, 0, 30.11%, 0, 1, 4, 0.14, 7069, 28
264, 2, 11, 14, 9, 0, 30.11%, 0, 1, 4, 0.77, 8024, 28
269, 3, 8, 14, 8, 0, 30.11%, 0, 1, 4, 407.30, 10067, 28
306, 3, 8, 14, 8, 0, 30.11%, 0, 1, 4, 0.14, 10212, 28
346, 4, 11, 14, 7, 0, 30.11%, 0, 1, 4, 2.22, 11620, 28
351, 5, 8, 14, 6, 0, 30.11%, 0, 1, 4, 377.71, 13535, 28
384, 5, 11, 14, 6, 0, 30.11%, 0, 1, 4, 0.37, 13798, 28
420, 5, 14, 17, 8, 1, 34.41%, 0, 1, 4, 0.85, 14783, 32
455, 5, 15, 20, 9, 0, 35.48%, 0, 1, 5, 0.69, 16735, 33
463, 5, 15, 21, 10, 0, 36.56%, 0, 1, 5, 11.06, 17327, 34
487, 5, 15, 21, 10, 0, 36.56%, 0, 1, 5, 0.38, 17336, 34
492, 5, 15, 24, 13, 0, 38.71%, 0, 1, 5, 379.55, 19269, 36
522, 5, 15, 24, 13, 0, 38.71%, 0, 1, 5, 0.71, 19542, 36
528, 5, 15, 28, 17, 0, 38.71%, 0, 1, 5, 372.23, 21530, 36
557, 5, 15, 28, 17, 0, 38.71%, 0, 1, 5, 2.76, 21772, 36
592, 5, 15, 31, 20, 0, 39.78%, 0, 1, 5, 1.50, 22705, 37
597, 5, 15, 32, 21, 0, 39.78%, 0, 1, 5, 369.46, 24594, 37
626, 5, 15, 33, 22, 0, 39.78%, 0, 1, 5, 2.13, 24917, 37
656, 5, 21, 43, 31, 3, 40.86%, 0, 1, 6, 2.66, 26483, 38
665, 5, 21, 45, 33, 3, 41.94%, 0, 1, 6, 15.81, 27793, 39
680, 5, 21, 45, 33, 3, 41.94%, 0, 1, 6, 0.33, 27798, 39
713, 5, 21, 47, 35, 3, 41.94%, 0, 1, 6, 1.68, 29415, 39
718, 5, 21, 47, 35, 3, 41.94%, 0, 1, 6, 401.49, 31479, 39
740, 5, 21, 47, 35, 3, 41.94%, 0, 1, 6, 1.29, 31663, 39
748, 5, 21, 47, 35, 3, 41.94%, 0, 1, 6, 9.08, 32659, 39
762, 5, 21, 47, 35, 3, 41.94%, 0, 1, 6, 0.43, 32665, 39
788, 5, 20, 51, 38, 4, 41.94%, 0, 1, 6, 0.32, 34484, 39
793, 5, 29, 57, 43, 3, 41.94%, 0, 1, 6, 423.64, 36601, 39
817, 5, 29, 58, 44, 3, 41.94%, 0, 1, 6, 0.35, 36800, 39
837, 5, 29, 58, 44, 3, 41.94%, 0, 1, 6, 0.53, 38273, 39
842, 5, 29, 58, 44, 3, 41.94%, 0, 1, 6, 470.51, 40622, 39
864, 5, 29, 58, 44, 3, 41.94%, 0, 1, 6, 2.52, 40874, 39
892, 5, 43, 60, 43, 1, 41.94%, 0, 1, 7, 0.75, 43290, 39
897, 5, 20, 64, 46, 0, 41.94%, 0, 1, 7, 446.26, 45485, 39
916, 5, 54, 64, 46, 0, 41.94%, 0, 1, 7, 4.09, 45956, 39
933, 5, 54, 66, 48, 0, 41.94%, 0, 1, 7, 4.57, 47518, 39
940, 5, 57, 66, 48, 0, 41.94%, 0, 1, 7, 5.03, 49023, 39
946, 5, 57, 66, 48, 0, 41.94%, 0, 1, 7, 0.79, 49026, 39
954, 5, 57, 66, 48, 0, 41.94%, 0, 1, 7, 1.87, 49045, 39
959, 5, 20, 68, 47, 0, 43.01%, 0, 1, 7, 452.05, 51373, 40
969, 5, 66, 70, 49, 0, 43.01%, 0, 1, 8, 5.52, 51822, 40
974, 5, 66, 71, 50, 0, 43.01%, 0, 1, 8, 458.19, 54106, 40
991, 5, 66, 71, 50, 0, 43.01%, 0, 1, 8, 3.88, 54475, 40
1006, 5, 66, 72, 51, 0, 43.01%, 0, 1, 8, 7.08, 56271, 40
1027, 5, 54, 73, 52, 0, 43.01%, 0, 1, 8, 5.93, 58386, 40
1040, 5, 73, 81, 59, 0, 46.24%, 0, 1, 8, 1.00, 60644, 43
1045, 5, 73, 84, 62, 0, 46.24%, 0, 1, 8, 464.67, 62957, 43
1064, 5, 73, 84, 62, 0, 46.24%, 0, 1, 8, 4.41, 63253, 43
1069, 5, 73, 84, 62, 0, 46.24%, 0, 1, 8, 458.53, 65637, 43
1078, 5, 73, 84, 62, 0, 46.24%, 0, 1, 8, 12.67, 65965, 43
1097, 5, 75, 86, 63, 1, 46.24%, 0, 1, 9, 4.93, 67347, 43
1102, 5, 75, 87, 64, 1, 46.24%, 0, 1, 9, 577.86, 70245, 43
1115, 5, 75, 87, 64, 1, 46.24%, 0, 1, 9, 5.62, 70938, 43
1120, 5, 80, 88, 64, 0, 46.24%, 0, 1, 9, 572.01, 73880, 43
1130, 5, 80, 89, 65, 0, 48.39%, 0, 1, 9, 4.75, 74173, 45
1147, 5, 80, 89, 65, 0, 48.39%, 0, 1, 9, 10.15, 76524, 45
1152, 5, 75, 90, 65, 0, 48.39%, 0, 1, 9, 580.71, 79367, 45
1157, 5, 88, 90, 65, 0, 48.39%, 0, 1, 9, 658.56, 80780, 45
1171, 5, 88, 90, 65, 0, 48.39%, 0, 1, 9, 1.16, 82447, 45
1176, 5, 88, 92, 67, 0, 48.39%, 0, 1, 10, 572.71, 85221, 45
1181, 5, 88, 92, 67, 0, 48.39%, 0, 1, 10, 616.12, 87260, 45
1190, 5, 54, 92, 67, 0, 48.39%, 0, 1, 10, 16.45, 87968, 45
1195, 5, 20, 92, 66, 0, 48.39%, 0, 1, 10, 629.13, 91237, 45
1205, 5, 54, 92, 66, 0, 48.39%, 0, 1, 10, 5.96, 92493, 45
1210, 5, 80, 92, 64, 0, 48.39%, 0, 1, 10, 652.15, 95782, 45
1219, 5, 5, 93, 65, 0, 48.39%, 0, 1, 10, 16.31, 96932, 45
1224, 5, 80, 94, 65, 0, 48.39%, 0, 1, 10, 639.06, 100155, 45
1230, 5, 88, 94, 65, 0, 48.39%, 0, 1, 10, 16.96, 101209, 45
1238, 5, 89, 94, 65, 0, 48.39%, 0, 1, 10, 2.40, 103365, 45
1243, 5, 88, 94, 63, 0, 48.39%, 0, 1, 10, 640.74, 106751, 45
1248, 5, 88, 94, 63, 0, 48.39%, 0, 1, 10, 643.64, 108788, 45
1255, 6, 88, 95, 64, 0, 48.39%, 0, 1, 10, 22.66, 109492, 45
1260, 6, 80, 95, 64, 0, 48.39%, 0, 1, 10, 688.82, 112953, 45
1270, 6, 54, 95, 64, 0, 48.39%, 0, 1, 10, 5.08, 116203, 45
1272, 6, 88, 96, 65, 0, 48.39%, 1, 1, 10, 0.00, 117002, 45
