# relative_time, cycles_done, cur_item, corpus_count, pending_total, pending_favs, map_size, saved_crashes, saved_hangs, max_depth, execs_per_sec, total_execs, edges_found
74, 0, 0, 27, 27, 1, 55.13%, 0, 0, 2, 0.04, 1694, 43
79, 0, 0, 27, 27, 1, 55.13%, 0, 0, 2, 330.36, 1771, 43
122, 0, 0, 28, 28, 1, 57.69%, 0, 0, 2, 0.74, 3015, 45
128, 0, 0, 28, 28, 1, 57.69%, 0, 0, 2, 365.24, 3790, 45
176, 0, 0, 29, 29, 1, 57.69%, 0, 0, 2, 1.66, 4972, 45
176, 0, 0, 29, 29, 1, 57.69%, 0, 0, 2, 0.18, 4973, 45
181, 0, 0, 29, 29, 1, 57.69%, 0, 0, 2, 348.31, 6772, 45
222, 0, 0, 29, 29, 1, 57.69%, 0, 0, 2, 1.84, 7003, 45
264, 0, 0, 29, 29, 1, 57.69%, 0, 0, 2, 0.93, 7954, 45
269, 0, 0, 30, 30, 1, 57.69%, 0, 0, 2, 405.11, 10047, 45
307, 0, 0, 30, 30, 1, 57.69%, 0, 0, 2, 0.14, 10132, 45
346, 0, 0, 30, 30, 1, 57.69%, 0, 0, 2, 1.10, 11535, 45
352, 0, 11, 32, 29, 7, 58.97%, 0, 0, 3, 374.43, 13458, 46
384, 0, 11, 32, 29, 7, 58.97%, 0, 0, 3, 2.16, 13696, 46
420, 0, 30, 38, 34, 6, 58.97%, 0, 0, 3, 0.64, 14682, 46
455, 0, 30, 39, 35, 6, 58.97%, 0, 0, 3, 2.28, 16628, 46
463, 0, 30, 39, 35, 6, 58.97%, 0, 0, 3, 11.06, 17224, 46
487, 0, 30, 39, 35, 6, 58.97%, 0, 0, 3, 0.25, 17230, 46
492, 0, 30, 39, 35, 6, 58.97%, 0, 0, 3, 378.15, 19169, 46
522, 0, 30, 39, 35, 6, 58.97%, 0, 0, 3, 0.47, 19435, 46
528, 0, 30, 40, 36, 6, 60.26%, 0, 0, 3, 375.46, 21423, 47
558, 0, 30, 40, 36, 6, 60.26%, 0, 0, 3, 0.48, 21675, 47
592, 0, 30, 41, 37, 6, 60.26%, 0, 0, 3, 1.31, 22606, 47
597, 0, 30, 41, 37, 6, 60.26%, 0, 0, 3, 373.27, 24517, 47
626, 0, 30, 41, 37, 6, 60.26%, 0, 0, 3, 1.99, 24825, 47
657, 0, 30, 42, 38, 6, 60.26%, 0, 0, 3, 2.36, 26413, 47
665, 0, 39, 44, 38, 7, 60.26%, 0, 0, 3, 1.49, 27713, 47
680, 0, 39, 44, 38, 7, 60.26%, 0, 0, 3, 1.43, 27722, 47
713, 0, 21, 47, 38, 5, 60.26%, 0, 0, 4, 2.24, 29331, 47
718, 0, 46, 54, 42, 4, 61.54%, 0, 0, 4, 399.92, 31390, 48
740, 0, 46, 54, 42, 4, 61.54%, 0, 0, 4, 1.15, 31576, 48
748, 0, 24, 54, 39, 2, 61.54%, 0, 0, 4, 10.15, 32575, 48
762, 0, 24, 54, 39, 2, 61.54%, 0, 0, 4, 0.36, 32580, 48
767, 0, 27, 56, 38, 0, 61.54%, 1, 0, 5, 0.00, 34318, 48
