# relative_time, cycles_done, cur_item, corpus_count, pending_total, pending_favs, map_size, saved_crashes, saved_hangs, max_depth, execs_per_sec, total_execs, edges_found
73, 0, 0, 10, 10, 1, 32.05%, 0, 0, 2, 0.04, 1683, 25
78, 0, 0, 10, 10, 1, 32.05%, 0, 0, 2, 229.73, 1738, 25
89, 0, 0, 10, 10, 1, 32.05%, 0, 0, 2, 6.16, 3138, 25
122, 0, 0, 10, 10, 1, 32.05%, 0, 0, 2, 0.09, 3141, 25
127, 0, 0, 10, 10, 1, 32.05%, 0, 0, 2, 512.16, 4142, 25
170, 0, 0, 10, 10, 1, 32.05%, 0, 0, 2, 1.14, 5823, 25
176, 0, 0, 10, 10, 1, 32.05%, 0, 0, 2, 0.18, 5824, 25
181, 0, 10, 15, 11, 0, 34.62%, 0, 0, 4, 503.95, 8381, 27
222, 0, 10, 15, 11, 0, 34.62%, 0, 0, 4, 0.74, 8761, 27
264, 0, 10, 17, 13, 0, 37.18%, 0, 0, 4, 0.14, 10230, 29
269, 0, 10, 19, 15, 0, 41.03%, 0, 0, 4, 596.36, 13293, 32
306, 0, 10, 19, 15, 0, 41.03%, 0, 0, 4, 0.05, 13434, 32
346, 0, 16, 20, 11, 0, 42.31%, 0, 0, 5, 2.11, 15488, 33
351, 0, 15, 21, 12, 0, 42.31%, 0, 0, 5, 546.27, 18181, 33
384, 0, 15, 21, 12, 0, 42.31%, 0, 0, 5, 3.00, 18648, 33
419, 0, 15, 22, 13, 0, 42.31%, 0, 0, 5, 1.70, 20088, 33
455, 0, 15, 24, 15, 0, 43.59%, 0, 0, 5, 3.93, 22903, 34
487, 0, 23, 30, 20, 1, 44.87%, 0, 0, 6, 3.73, 23789, 35
492, 0, 25, 34, 23, 0, 46.15%, 0, 0, 6, 545.56, 26635, 36
522, 0, 25, 34, 23, 0, 46.15%, 0, 0, 6, 4.04, 27010, 36
527, 0, 25, 34, 23, 0, 46.15%, 0, 0, 6, 553.00, 29903, 36
557, 0, 25, 34, 23, 0, 46.15%, 0, 0, 6, 2.93, 30321, 36
591, 0, 25, 34, 23, 0, 46.15%, 0, 0, 6, 1.87, 31693, 36
596, 0, 19, 35, 23, 0, 46.15%, 0, 0, 6, 557.50, 34553, 36
625, 0, 19, 37, 25, 0, 46.15%, 0, 0, 6, 1.17, 34913, 36
656, 0, 15, 38, 26, 0, 46.15%, 0, 0, 6, 3.07, 37333, 36
665, 0, 17, 39, 27, 0, 46.15%, 0, 0, 6, 7.21, 39364, 36
680, 0, 17, 39, 27, 0, 46.15%, 0, 0, 6, 0.92, 39378, 36
682, 0, 39, 40, 27, 0, 47.44%, 1, 0, 6, 0.00, 40674, 37
