# relative_time, cycles_done, cur_item, corpus_count, pending_total, pending_favs, map_size, saved_crashes, saved_hangs, max_depth, execs_per_sec, total_execs, edges_found
73, 0, 0, 10, 8, 0, 30.65%, 0, 0, 2, 0.04, 1667, 19
78, 0, 0, 10, 8, 0, 30.65%, 0, 0, 2, 182.19, 1715, 19
122, 0, 0, 12, 10, 0, 30.65%, 0, 0, 2, 0.59, 3039, 19
127, 0, 2, 12, 9, 2, 30.65%, 0, 0, 2, 453.68, 4004, 19
170, 0, 9, 14, 9, 0, 30.65%, 0, 0, 3, 8.00, 5407, 19
170, 0, 9, 14, 9, 0, 30.65%, 0, 0, 3, 0.03, 5408, 19
176, 0, 9, 14, 9, 0, 30.65%, 0, 0, 3, 0.36, 5410, 19
181, 1, 7, 14, 8, 0, 30.65%, 0, 0, 3, 419.37, 7505, 19
215, 1, 0, 14, 8, 0, 30.65%, 0, 0, 3, 2.16, 7862, 19
222, 1, 0, 14, 8, 0, 30.65%, 0, 0, 3, 0.41, 7865, 19
263, 1, 7, 17, 8, 0, 33.87%, 0, 0, 3, 0.08, 9006, 21
268, 1, 14, 20, 11, 0, 33.87%, 0, 0, 4, 452.59, 11281, 21
306, 1, 14, 20, 11, 0, 33.87%, 0, 0, 4, 0.11, 11442, 21
346, 1, 16, 24, 14, 0, 35.48%, 0, 0, 4, 1.97, 12999, 22
351, 1, 16, 25, 15, 0, 40.32%, 0, 0, 4, 420.26, 15094, 25
384, 1, 16, 25, 15, 0, 40.32%, 0, 0, 4, 1.48, 15430, 25
389, 1, 22, 26, 15, 1, 40.32%, 0, 0, 4, 8.24, 16517, 25
419, 1, 22, 26, 15, 1, 40.32%, 0, 0, 4, 0.03, 16518, 25
455, 1, 24, 29, 16, 0, 41.94%, 0, 0, 5, 0.88, 18741, 26
463, 1, 24, 30, 17, 0, 43.55%, 0, 0, 5, 13.84, 19477, 27
486, 1, 24, 30, 17, 0, 43.55%, 0, 0, 5, 0.13, 19480, 27
491, 1, 24, 32, 19, 0, 43.55%, 0, 0, 5, 466.20, 21861, 27
522, 1, 29, 32, 18, 1, 43.55%, 0, 0, 5, 0.91, 22203, 27
527, 1, 22, 34, 19, 0, 43.55%, 0, 0, 6, 459.84, 24624, 27
557, 1, 22, 34, 19, 0, 43.55%, 0, 0, 6, 1.16, 24948, 27
591, 1, 22, 35, 20, 0, 43.55%, 0, 0, 6, 2.18, 26102, 27
596, 1, 24, 37, 22, 0, 43.55%, 0, 0, 6, 453.94, 28413, 27
625, 1, 12, 37, 22, 0, 43.55%, 0, 0, 6, 3.47, 28831, 27
656, 1, 27, 46, 28, 0, 43.55%, 0, 0, 7, 2.66, 30785, 27
664, 1, 46, 50, 31, 0, 46.77%, 0, 0, 7, 1.86, 32397, 29
680, 1, 46, 51, 32, 0, 46.77%, 0, 0, 7, 1.80, 32409, 29
712, 1, 46, 55, 36, 0, 48.39%, 0, 0, 7, 1.40, 34402, 30
717, 1, 53, 57, 37, 1, 48.39%, 0, 0, 7, 507.64, 36951, 30
740, 1, 53, 58, 38, 1, 48.39%, 0, 0, 7, 2.71, 37177, 30
746, 1, 48, 60, 39, 0, 48.39%, 0, 0, 7, 15.02, 38419, 30
761, 1, 48, 60, 39, 0, 48.39%, 0, 0, 7, 0.66, 38428, 30
788, 1, 53, 61, 39, 0, 48.39%, 0, 0, 7, 2.20, 40833, 30
793, 1, 29, 64, 41, 0, 48.39%, 0, 0, 7, 540.94, 43503, 30
816, 1, 29, 64, 41, 0, 48.39%, 0, 0, 7, 1.36, 43784, 30
836, 1, 7, 65, 42, 0, 48.39%, 0, 0, 7, 2.11, 45669, 30
841, 2, 53, 71, 47, 0, 48.39%, 0, 0, 7, 600.14, 48652, 30
863, 2, 69, 71, 47, 0, 48.39%, 0, 0, 7, 3.92, 48985, 30
892, 2, 29, 73, 47, 0, 48.39%, 0, 0, 7, 5.02, 52056, 30
897, 2, 29, 74, 47, 0, 48.39%, 0, 0, 7, 602.56, 54906, 30
915, 2, 48, 74, 47, 0, 48.39%, 0, 0, 7, 1.67, 55569, 30
933, 2, 31, 75, 48, 0, 48.39%, 0, 0, 7, 2.51, 57645, 30
940, 2, 48, 77, 49, 0, 48.39%, 0, 0, 7, 8.07, 59570, 30
946, 2, 48, 77, 49, 0, 48.39%, 0, 0, 7, 0.79, 59573, 30
953, 2, 48, 77, 49, 0, 48.39%, 0, 0, 7, 11.86, 59598, 30
958, 2, 73, 78, 49, 0, 48.39%, 0, 0, 7, 570.14, 62551, 30
969, 2, 73, 78, 49, 0, 48.39%, 0, 0, 7, 5.11, 63079, 30
974, 2, 27, 79, 47, 0, 48.39%, 0, 0, 7, 562.08, 65867, 30
991, 2, 25, 79, 47, 0, 48.39%, 0, 0, 7, 5.83, 66328, 30
1006, 2, 29, 79, 45, 0, 48.39%, 0, 0, 7, 2.56, 68671, 30
1017, 2, 14, 81, 47, 0, 48.39%, 0, 0, 7, 16.93, 71304, 30
1026, 2, 14, 81, 47, 0, 48.39%, 0, 0, 7, 1.60, 71318, 30
1040, 2, 34, 82, 45, 0, 48.39%, 0, 0, 7, 6.58, 74168, 30
1045, 3, 33, 82, 42, 0, 48.39%, 0, 0, 7, 590.61, 77149, 30
1050, 3, 33, 82, 42, 0, 48.39%, 0, 0, 7, 26.36, 77544, 30
1064, 3, 33, 82, 42, 0, 48.39%, 0, 0, 7, 0.22, 77547, 30
1069, 3, 29, 82, 42, 0, 48.39%, 0, 0, 7, 635.89, 80849, 30
1078, 3, 40, 82, 42, 0, 48.39%, 0, 0, 7, 16.31, 81255, 30
1097, 3, 29, 82, 40, 0, 48.39%, 0, 0, 7, 4.45, 82967, 30
1100, 3, 53, 82, 40, 0, 48.39%, 1, 0, 7, 0.00, 84892, 30
