# relative_time, cycles_done, cur_item, corpus_count, pending_total, pending_favs, map_size, saved_crashes, saved_hangs, max_depth, execs_per_sec, total_execs, edges_found
77, 0, 0, 10, 9, 0, 27.00%, 0, 0, 2, 0.04, 1617, 27
78, 0, 0, 10, 9, 0, 27.00%, 0, 0, 2, 129.63, 1653, 27
122, 0, 0, 11, 10, 0, 27.00%, 0, 0, 2, 0.49, 2603, 27
127, 0, 0, 11, 10, 0, 27.00%, 0, 0, 2, 311.84, 3289, 27
175, 0, 0, 11, 10, 0, 27.00%, 0, 0, 2, 0.61, 4351, 27
175, 0, 0, 11, 10, 0, 27.00%, 0, 0, 2, 0.58, 4352, 27
180, 0, 0, 11, 10, 0, 27.00%, 0, 0, 2, 323.47, 5971, 27
222, 0, 0, 11, 10, 0, 27.00%, 0, 0, 2, 1.33, 6235, 27
263, 0, 0, 11, 10, 0, 27.00%, 0, 0, 2, 0.62, 7123, 27
268, 0, 13, 16, 12, 0, 30.00%, 0, 0, 4, 350.84, 8894, 30
306, 0, 13, 16, 12, 0, 30.00%, 0, 0, 4, 0.14, 8997, 30
346, 0, 13, 16, 12, 0, 30.00%, 0, 0, 4, 1.56, 10207, 30
351, 0, 0, 16, 10, 0, 30.00%, 0, 0, 4, 323.40, 11804, 30
384, 0, 15, 16, 10, 0, 30.00%, 0, 0, 4, 1.85, 12089, 30
419, 0, 15, 16, 10, 0, 30.00%, 0, 0, 4, 2.18, 12937, 30
455, 0, 0, 16, 10, 0, 30.00%, 0, 0, 4, 2.15, 14606, 30
486, 0, 0, 16, 10, 0, 30.00%, 0, 0, 4, 2.18, 15125, 30
491, 0, 14, 17, 11, 0, 31.00%, 0, 0, 5, 338.68, 16790, 31
522, 0, 14, 17, 11, 0, 31.00%, 0, 0, 5, 1.64, 17091, 31
527, 0, 0, 17, 10, 0, 31.00%, 0, 0, 5, 359.71, 18936, 31
557, 0, 0, 17, 10, 0, 31.00%, 0, 0, 5, 2.15, 19216, 31
591, 0, 15, 17, 10, 0, 31.00%, 0, 0, 5, 1.09, 20071, 31
596, 1, 0, 18, 10, 0, 34.00%, 0, 0, 5, 344.55, 21846, 34
625, 1, 0, 18, 10, 0, 34.00%, 0, 0, 5, 2.13, 22146, 34
656, 1, 17, 20, 12, 0, 35.00%, 0, 0, 6, 2.07, 23645, 35
664, 1, 17, 24, 16, 0, 38.00%, 0, 0, 6, 2.60, 24863, 38
680, 1, 17, 24, 16, 0, 38.00%, 0, 0, 6, 2.48, 24873, 38
712, 1, 17, 25, 17, 0, 38.00%, 0, 0, 6, 14.41, 26410, 38
712, 1, 17, 25, 17, 0, 38.00%, 0, 0, 6, 0.04, 26411, 38
717, 1, 17, 26, 18, 0, 39.00%, 0, 0, 6, 367.46, 28356, 39
739, 1, 17, 26, 18, 0, 39.00%, 0, 0, 6, 0.51, 28514, 39
747, 1, 17, 26, 18, 0, 39.00%, 0, 0, 6, 11.38, 29476, 39
761, 1, 17, 26, 18, 0, 39.00%, 0, 0, 6, 0.29, 29480, 39
788, 1, 17, 27, 19, 0, 39.00%, 0, 0, 6, 0.64, 31247, 39
793, 1, 17, 28, 20, 0, 39.00%, 0, 0, 6, 409.96, 33260, 39
816, 1, 17, 28, 20, 0, 39.00%, 0, 0, 6, 0.70, 33468, 39
836, 1, 17, 28, 20, 0, 39.00%, 0, 0, 6, 0.53, 34871, 39
841, 1, 17, 30, 22, 0, 39.00%, 0, 0, 6, 471.00, 37130, 39
863, 1, 17, 30, 22, 0, 39.00%, 0, 0, 6, 3.36, 37392, 39
892, 1, 21, 31, 20, 2, 39.00%, 0, 0, 7, 3.66, 39671, 39
897, 1, 19, 35, 23, 1, 40.00%, 0, 0, 7, 433.55, 41817, 40
915, 1, 19, 35, 23, 1, 40.00%, 0, 0, 7, 5.02, 42281, 40
933, 1, 15, 37, 22, 0, 40.00%, 0, 0, 7, 0.77, 43865, 40
946, 1, 33, 37, 22, 0, 40.00%, 0, 0, 7, 4.41, 45329, 40
953, 1, 33, 37, 22, 0, 40.00%, 0, 0, 7, 4.32, 45346, 40
958, 1, 25, 40, 24, 0, 41.00%, 0, 0, 8, 454.82, 47716, 41
969, 1, 25, 40, 24, 0, 41.00%, 0, 0, 8, 2.99, 48179, 41
974, 1, 37, 43, 27, 0, 41.00%, 0, 0, 8, 531.13, 50840, 41
990, 1, 37, 45, 29, 0, 41.00%, 0, 0, 9, 4.30, 51284, 41
1006, 1, 37, 47, 31, 0, 42.00%, 0, 0, 9, 0.97, 53668, 42
1026, 1, 37, 50, 34, 0, 42.00%, 0, 0, 9, 4.89, 56285, 42
1040, 1, 37, 50, 34, 0, 42.00%, 0, 0, 9, 6.04, 59101, 42
1045, 1, 37, 51, 35, 0, 42.00%, 0, 0, 9, 568.56, 61964, 42
1050, 1, 37, 51, 35, 0, 42.00%, 0, 0, 9, 17.88, 62286, 42
1064, 1, 37, 51, 35, 0, 42.00%, 0, 0, 9, 0.07, 62287, 42
1069, 1, 15, 54, 37, 0, 42.00%, 0, 0, 9, 597.27, 65252, 42
1078, 1, 0, 54, 37, 0, 42.00%, 0, 0, 9, 9.94, 65750, 42
1096, 1, 39, 54, 37, 0, 42.00%, 0, 0, 9, 4.08, 67341, 42
1098, 1, 45, 57, 39, 0, 42.00%, 1, 0, 9, 0.00, 68321, 42
