# relative_time, cycles_done, cur_item, corpus_count, pending_total, pending_favs, map_size, saved_crashes, saved_hangs, max_depth, execs_per_sec, total_execs, edges_found
73, 0, 0, 20, 20, 1, 36.26%, 0, 0, 2, 0.04, 1664, 33
78, 0, 0, 20, 20, 1, 36.26%, 0, 0, 2, 245.00, 1717, 33
89, 0, 0, 21, 21, 1, 36.26%, 0, 0, 2, 3.88, 3141, 33
122, 0, 0, 21, 21, 1, 36.26%, 0, 0, 2, 0.12, 3145, 33
127, 0, 0, 21, 21, 1, 36.26%, 0, 0, 2, 518.63, 4235, 33
175, 0, 0, 21, 21, 1, 36.26%, 0, 0, 2, 1.00, 5862, 33
180, 0, 0, 21, 21, 1, 36.26%, 0, 0, 2, 506.12, 8435, 33
222, 0, 0, 21, 21, 1, 36.26%, 0, 0, 2, 0.99, 8835, 33
263, 0, 0, 22, 22, 1, 37.36%, 0, 0, 2, 0.44, 10322, 34
268, 0, 0, 23, 23, 1, 37.36%, 0, 0, 2, 603.28, 13409, 34
306, 0, 0, 23, 23, 1, 37.36%, 0, 0, 2, 0.14, 13570, 34
346, 0, 0, 24, 24, 1, 37.36%, 0, 0, 2, 3.61, 15660, 34
351, 0, 0, 24, 24, 1, 37.36%, 0, 0, 2, 556.00, 18481, 34
384, 0, 0, 24, 24, 1, 37.36%, 0, 0, 2, 0.34, 18866, 34
419, 0, 0, 24, 24, 1, 37.36%, 0, 0, 2, 1.34, 20318, 34
455, 0, 0, 24, 24, 1, 37.36%, 0, 0, 2, 2.51, 23167, 34
486, 0, 0, 24, 24, 1, 37.36%, 0, 0, 2, 3.96, 24072, 34
491, 0, 0, 25, 25, 1, 37.36%, 0, 0, 2, 555.53, 26892, 34
522, 0, 0, 25, 25, 1, 37.36%, 0, 0, 2, 1.84, 27343, 34
527, 0, 0, 25, 25, 1, 37.36%, 0, 0, 2, 564.53, 30258, 34
557, 0, 0, 25, 25, 1, 37.36%, 0, 0, 2, 3.75, 30698, 34
591, 0, 0, 26, 26, 1, 38.46%, 0, 0, 2, 2.25, 32090, 35
596, 0, 0, 26, 26, 1, 38.46%, 0, 0, 2, 563.26, 34929, 35
625, 0, 0, 26, 26, 1, 38.46%, 0, 0, 2, 3.29, 35330, 35
656, 0, 0, 26, 26, 1, 38.46%, 0, 0, 2, 4.43, 37778, 35
664, 0, 0, 26, 26, 1, 38.46%, 0, 0, 2, 11.92, 39836, 35
679, 0, 0, 26, 26, 1, 38.46%, 0, 0, 2, 0.98, 39851, 35
712, 0, 0, 26, 26, 1, 38.46%, 0, 0, 2, 4.99, 42449, 35
717, 0, 0, 26, 26, 1, 38.46%, 0, 0, 2, 687.95, 46056, 35
739, 0, 0, 26, 26, 1, 38.46%, 0, 0, 2, 1.06, 46346, 35
747, 0, 0, 26, 26, 1, 38.46%, 0, 0, 2, 8.27, 48185, 35
761, 0, 0, 26, 26, 1, 38.46%, 0, 0, 2, 0.36, 48190, 35
788, 0, 0, 26, 26, 1, 38.46%, 0, 0, 2, 4.43, 51516, 35
793, 0, 0, 27, 27, 1, 39.56%, 0, 0, 2, 714.48, 55037, 36
801, 0, 0, 27, 27, 1, 39.56%, 0, 0, 2, 3.60, 55401, 36
816, 0, 0, 27, 27, 1, 39.56%, 0, 0, 2, 0.60, 55410, 36
836, 0, 0, 27, 27, 1, 39.56%, 0, 0, 2, 1.76, 57882, 36
841, 0, 0, 27, 27, 1, 39.56%, 0, 0, 2, 787.74, 61947, 36
863, 0, 0, 27, 27, 1, 39.56%, 0, 0, 2, 4.21, 62202, 36
892, 0, 0, 29, 29, 1, 40.66%, 0, 0, 2, 5.34, 66263, 37
897, 0, 0, 29, 29, 1, 40.66%, 0, 0, 2, 800.93, 70231, 37
915, 0, 0, 29, 29, 1, 40.66%, 0, 0, 2, 4.56, 71015, 37
933, 0, 0, 29, 29, 1, 40.66%, 0, 0, 2, 4.46, 73687, 37
941, 0, 26, 35, 33, 4, 41.76%, 0, 0, 3, 27.26, 76255, 38
946, 0, 26, 35, 33, 4, 41.76%, 0, 0, 3, 10.70, 76262, 38
953, 0, 26, 35, 33, 4, 41.76%, 0, 0, 3, 10.24, 76286, 38
958, 0, 27, 41, 36, 4, 43.96%, 0, 0, 3, 771.20, 80142, 40
968, 0, 35, 44, 38, 4, 43.96%, 0, 0, 4, 7.03, 81028, 40
974, 0, 50, 51, 38, 0, 45.05%, 0, 0, 4, 766.50, 85066, 41
990, 0, 50, 51, 38, 0, 45.05%, 0, 0, 4, 7.35, 85471, 41
1006, 0, 50, 54, 41, 0, 45.05%, 0, 0, 5, 14.28, 88635, 41
1026, 0, 35, 57, 44, 0, 45.05%, 0, 0, 5, 5.46, 92261, 41
1040, 0, 50, 60, 47, 0, 45.05%, 0, 0, 5, 5.28, 96146, 41
1045, 0, 50, 60, 47, 0, 45.05%, 0, 0, 5, 731.38, 100023, 41
1063, 0, 33, 60, 47, 0, 45.05%, 0, 0, 5, 7.63, 100503, 41
1069, 0, 50, 60, 47, 0, 45.05%, 0, 0, 5, 817.65, 104590, 41
1078, 0, 50, 60, 47, 0, 45.05%, 0, 0, 5, 13.96, 105224, 41
1096, 0, 39, 60, 47, 0, 45.05%, 0, 0, 5, 7.94, 107419, 41
1101, 0, 50, 61, 48, 0, 45.05%, 0, 0, 5, 840.42, 111737, 41
1114, 0, 45, 61, 48, 0, 45.05%, 0, 0, 5, 11.67, 112643, 41
1119, 0, 46, 61, 48, 0, 45.05%, 0, 0, 5, 789.49, 116645, 41
1129, 0, 46, 61, 48, 0, 45.05%, 0, 0, 5, 15.07, 117131, 41
1146, 0, 46, 61, 48, 0, 45.05%, 0, 0, 5, 8.67, 120351, 41
1151, 0, 50, 62, 49, 0, 45.05%, 0, 0, 5, 792.00, 124310, 41
1156, 0, 50, 62, 49, 0, 45.05%, 0, 0, 5, 841.89, 126205, 41
1164, 0, 50, 62, 49, 0, 45.05%, 0, 0, 5, 10.63, 128330, 41
1170, 0, 50, 62, 49, 0, 45.05%, 0, 0, 5, 0.87, 128335, 41
1175, 0, 50, 63, 50, 0, 45.05%, 0, 0, 5, 801.82, 132431, 41
1180, 0, 39, 63, 50, 0, 45.05%, 0, 0, 5, 816.15, 134972, 41
1189, 0, 50, 63, 50, 0, 45.05%, 0, 0, 5, 17.34, 135822, 41
1194, 0, 36, 63, 50, 0, 45.05%, 0, 0, 5, 831.38, 140088, 41
1204, 0, 50, 63, 50, 0, 45.05%, 0, 0, 5, 15.64, 141717, 41
1209, 0, 50, 63, 50, 0, 45.05%, 0, 0, 5, 826.99, 145919, 41
1218, 0, 50, 63, 50, 0, 45.05%, 0, 0, 5, 17.66, 147385, 41
1224, 1, 50, 65, 51, 0, 45.05%, 0, 0, 5, 801.21, 151438, 41
1229, 1, 33, 65, 51, 0, 45.05%, 0, 0, 5, 21.38, 152708, 41
1237, 1, 50, 66, 52, 0, 45.05%, 0, 0, 5, 20.51, 155541, 41
1242, 1, 50, 67, 53, 0, 45.05%, 0, 0, 5, 765.48, 159572, 41
1248, 1, 50, 68, 54, 0, 45.05%, 0, 0, 5, 827.76, 162048, 41
1254, 1, 50, 68, 54, 0, 45.05%, 0, 0, 5, 7.56, 162952, 41
1259, 1, 50, 69, 55, 0, 45.05%, 0, 0, 5, 713.36, 166809, 41
1270, 1, 50, 69, 55, 0, 45.05%, 0, 0, 5, 28.18, 170704, 41
1275, 1, 36, 69, 55, 0, 45.05%, 0, 0, 5, 781.78, 174757, 41
1284, 1, 50, 69, 55, 0, 45.05%, 0, 0, 5, 5.08, 177917, 41
1289, 1, 50, 69, 54, 0, 45.05%, 0, 0, 5, 829.78, 182193, 41
1294, 1, 39, 69, 53, 0, 45.05%, 0, 0, 5, 818.53, 186389, 41
1300, 1, 33, 69, 53, 0, 45.05%, 0, 0, 5, 26.70, 187128, 41
1305, 1, 50, 69, 53, 0, 45.05%, 0, 0, 5, 808.76, 191380, 41
1310, 1, 50, 70, 54, 0, 45.05%, 0, 0, 5, 815.85, 195447, 41
1315, 1, 50, 71, 54, 0, 45.05%, 0, 0, 6, 819.35, 199564, 41
1320, 1, 52, 71, 54, 0, 45.05%, 0, 0, 6, 800.17, 203604, 41
1325, 1, 33, 72, 55, 0, 45.05%, 0, 0, 6, 801.49, 207641, 41
1330, 2, 52, 77, 59, 0, 45.05%, 0, 0, 6, 804.13, 211710, 41
1338, 2, 73, 79, 61, 0, 45.05%, 0, 0, 6, 32.65, 215420, 41
1343, 2, 50, 82, 63, 0, 45.05%, 0, 0, 6, 706.12, 219541, 41
1348, 2, 50, 86, 67, 0, 45.05%, 0, 0, 6, 810.94, 223868, 41
1354, 2, 50, 87, 68, 0, 45.05%, 0, 0, 6, 816.83, 227954, 41
1359, 2, 50, 87, 68, 0, 45.05%, 0, 0, 6, 724.01, 231765, 41
1364, 2, 52, 89, 70, 0, 45.05%, 0, 0, 6, 788.70, 235826, 41
1369, 2, 39, 90, 71, 0, 45.05%, 0, 0, 6, 650.15, 239562, 41
1374, 2, 33, 92, 72, 0, 45.05%, 0, 0, 6, 791.51, 243670, 41
1379, 2, 52, 92, 72, 0, 45.05%, 0, 0, 6, 780.16, 247423, 41
1384, 2, 50, 93, 72, 0, 45.05%, 0, 0, 6, 811.35, 251652, 41
1389, 2, 52, 93, 72, 0, 45.05%, 0, 0, 6, 829.06, 255825, 41
1394, 2, 50, 93, 71, 0, 45.05%, 0, 0, 6, 832.26, 259978, 41
1399, 2, 52, 93, 71, 0, 45.05%, 0, 0, 6, 824.92, 264127, 41
1404, 2, 35, 94, 71, 0, 45.05%, 0, 0, 6, 786.94, 268012, 41
1409, 2, 82, 94, 71, 0, 45.05%, 0, 0, 6, 804.81, 272115, 41
1415, 2, 35, 94, 70, 0, 45.05%, 0, 0, 6, 561.83, 275355, 41
1420, 2, 89, 94, 70, 0, 45.05%, 0, 0, 6, 777.89, 279635, 41
1425, 2, 93, 97, 72, 0, 45.05%, 0, 0, 7, 826.87, 283822, 41
1430, 2, 33, 97, 71, 0, 45.05%, 0, 0, 7, 799.41, 287726, 41
1435, 3, 52, 97, 71, 0, 45.05%, 0, 0, 7, 803.74, 291821, 41
1440, 3, 39, 97, 71, 0, 45.05%, 0, 0, 7, 814.11, 296010, 41
1445, 3, 33, 98, 72, 0, 45.05%, 0, 0, 7, 818.14, 300074, 41
1450, 3, 39, 98, 72, 0, 45.05%, 0, 0, 7, 833.55, 304268, 41
1455, 3, 50, 99, 73, 0, 45.05%, 0, 0, 7, 793.84, 308453, 41
1460, 3, 50, 99, 73, 0, 45.05%, 0, 0, 7, 808.72, 312561, 41
1466, 3, 60, 99, 73, 0, 45.05%, 0, 0, 7, 808.24, 316643, 41
1471, 3, 50, 99, 73, 0, 45.05%, 0, 0, 7, 832.54, 320926, 41
1476, 3, 50, 99, 73, 0, 45.05%, 0, 0, 7, 851.32, 325223, 41
1481, 3, 50, 99, 72, 0, 45.05%, 0, 0, 7, 836.34, 329456, 41
1486, 3, 98, 99, 72, 0, 45.05%, 0, 0, 7, 639.19, 332673, 41
1491, 3, 36, 99, 71, 0, 45.05%, 0, 0, 7, 781.15, 336690, 41
1496, 3, 35, 99, 71, 0, 45.05%, 0, 0, 7, 802.13, 340887, 41
1501, 3, 50, 99, 71, 0, 45.05%, 0, 0, 7, 833.25, 345222, 41
1506, 3, 50, 99, 71, 0, 45.05%, 0, 0, 7, 847.70, 349515, 41
1511, 4, 50, 99, 71, 0, 45.05%, 0, 0, 7, 843.88, 353718, 41
1517, 4, 71, 99, 70, 0, 45.05%, 0, 0, 7, 845.69, 357968, 41
1522, 4, 50, 99, 69, 0, 45.05%, 0, 0, 7, 838.20, 362344, 41
1527, 4, 72, 99, 69, 0, 45.05%, 0, 0, 7, 852.04, 366601, 41
1532, 4, 52, 99, 67, 0, 45.05%, 0, 0, 7, 854.04, 371002, 41
1537, 4, 50, 99, 66, 0, 45.05%, 0, 0, 7, 863.86, 375358, 41
1542, 4, 50, 99, 66, 0, 45.05%, 0, 0, 7, 847.28, 379469, 41
1547, 4, 50, 99, 66, 0, 45.05%, 0, 0, 7, 841.44, 383671, 41
1552, 4, 39, 99, 66, 0, 45.05%, 0, 0, 7, 844.19, 387262, 41
1557, 4, 50, 99, 63, 0, 45.05%, 0, 0, 7, 840.28, 391484, 41
1562, 4, 50, 99, 63, 0, 45.05%, 0, 0, 7, 866.71, 395832, 41
1567, 4, 50, 99, 63, 0, 45.05%, 0, 0, 7, 884.47, 400413, 41
1573, 4, 79, 99, 63, 0, 45.05%, 0, 0, 7, 856.35, 404809, 41
1578, 4, 77, 99, 62, 0, 45.05%, 0, 0, 7, 831.74, 409025, 41
1583, 4, 20, 99, 61, 0, 45.05%, 0, 0, 7, 864.67, 413356, 41
1588, 5, 33, 99, 60, 0, 45.05%, 0, 0, 7, 861.22, 417841, 41
1593, 5, 33, 99, 59, 0, 45.05%, 0, 0, 7, 847.57, 422116, 41
1598, 5, 50, 99, 59, 0, 45.05%, 0, 0, 7, 855.70, 426562, 41
1603, 5, 50, 99, 59, 0, 45.05%, 0, 0, 7, 815.40, 430713, 41
1608, 5, 50, 99, 56, 0, 45.05%, 0, 0, 7, 833.19, 435130, 41
1614, 5, 52, 99, 56, 0, 45.05%, 0, 0, 7, 866.62, 439148, 41
1619, 5, 50, 99, 56, 0, 45.05%, 0, 0, 7, 851.60, 443433, 41
1624, 5, 50, 99, 56, 0, 45.05%, 0, 0, 7, 866.11, 447789, 41
1629, 5, 50, 99, 56, 0, 45.05%, 0, 0, 7, 852.52, 452048, 41
1634, 5, 50, 99, 55, 0, 45.05%, 0, 0, 7, 866.25, 456426, 41
1639, 5, 50, 99, 55, 0, 45.05%, 0, 0, 7, 818.72, 460883, 41
1644, 5, 35, 99, 54, 0, 45.05%, 0, 0, 7, 845.39, 465136, 41
1649, 5, 92, 99, 54, 0, 45.05%, 0, 0, 7, 829.64, 469404, 41
1654, 5, 52, 99, 53, 0, 45.05%, 0, 0, 7, 837.43, 473617, 41
1659, 6, 50, 99, 53, 0, 45.05%, 0, 0, 7, 854.97, 477966, 41
1665, 6, 50, 99, 52, 0, 45.05%, 0, 0, 7, 850.89, 482293, 41
1670, 6, 50, 99, 50, 0, 45.05%, 0, 0, 7, 849.25, 486605, 41
1675, 6, 33, 99, 50, 0, 45.05%, 0, 0, 7, 801.43, 490380, 41
1680, 6, 57, 99, 50, 0, 45.05%, 0, 0, 7, 857.79, 494911, 41
1685, 6, 50, 99, 50, 0, 45.05%, 0, 0, 7, 859.26, 499219, 41
1690, 6, 50, 99, 50, 0, 45.05%, 0, 0, 7, 868.70, 503594, 41
1695, 6, 50, 99, 50, 0, 45.05%, 0, 0, 7, 843.18, 507819, 41
1700, 6, 50, 99, 50, 0, 45.05%, 0, 0, 7, 51.45, 511819, 41
1705, 6, 52, 99, 49, 0, 45.05%, 0, 0, 7, 868.01, 516198, 41
1710, 6, 50, 99, 49, 0, 45.05%, 0, 0, 7, 865.60, 520611, 41
1715, 6, 57, 99, 49, 0, 45.05%, 0, 0, 7, 860.53, 524937, 41
1720, 6, 50, 99, 49, 0, 45.05%, 0, 0, 7, 834.55, 529346, 41
1726, 6, 52, 99, 48, 0, 45.05%, 0, 0, 7, 891.19, 533738, 41
1731, 7, 50, 99, 47, 0, 45.05%, 0, 0, 7, 853.38, 537957, 41
1736, 7, 50, 99, 47, 0, 45.05%, 0, 0, 7, 861.67, 542310, 41
1741, 7, 50, 99, 47, 0, 45.05%, 0, 0, 7, 880.80, 546907, 41
1746, 7, 50, 99, 46, 0, 45.05%, 0, 0, 7, 869.18, 551349, 41
1751, 7, 50, 99, 45, 0, 45.05%, 0, 0, 7, 879.99, 555771, 41
1756, 7, 50, 99, 45, 0, 45.05%, 0, 0, 7, 867.02, 560100, 41
1761, 7, 50, 99, 45, 0, 45.05%, 0, 0, 7, 855.60, 564101, 41
1766, 7, 59, 99, 45, 0, 45.05%, 0, 0, 7, 856.69, 568448, 41
1772, 7, 35, 99, 45, 0, 45.05%, 0, 0, 7, 874.71, 573014, 41
1777, 7, 52, 99, 45, 0, 45.05%, 0, 0, 7, 855.79, 577376, 41
1782, 7, 50, 99, 44, 0, 45.05%, 0, 0, 7, 857.76, 581782, 41
1787, 7, 70, 99, 44, 0, 45.05%, 0, 0, 7, 884.34, 586211, 41
1792, 7, 50, 99, 43, 0, 45.05%, 0, 0, 7, 889.01, 590633, 41
1797, 7, 35, 99, 43, 0, 45.05%, 0, 0, 7, 884.75, 595207, 41
1802, 7, 50, 99, 43, 0, 45.05%, 0, 0, 7, 881.71, 599742, 41
1807, 8, 62, 99, 43, 0, 45.05%, 0, 0, 7, 853.41, 604082, 41
1812, 8, 52, 99, 42, 0, 45.05%, 0, 0, 7, 874.92, 608461, 41
1817, 8, 50, 99, 42, 0, 45.05%, 0, 0, 7, 888.29, 612910, 41
1823, 8, 50, 99, 42, 0, 45.05%, 0, 0, 7, 878.61, 617389, 41
1828, 8, 50, 99, 42, 0, 45.05%, 0, 0, 7, 868.10, 621875, 41
1833, 8, 52, 99, 42, 0, 45.05%, 0, 0, 7, 863.02, 626372, 41
1838, 8, 62, 99, 42, 0, 45.05%, 0, 0, 7, 862.45, 630781, 41
1843, 8, 50, 99, 42, 0, 45.05%, 0, 0, 7, 867.91, 635323, 41
1848, 8, 8, 99, 42, 0, 45.05%, 0, 0, 7, 878.28, 639780, 41
1853, 8, 91, 99, 41, 0, 45.05%, 0, 0, 7, 786.80, 643848, 41
1858, 8, 50, 99, 40, 0, 45.05%, 0, 0, 7, 849.40, 648322, 41
1864, 8, 50, 99, 39, 0, 45.05%, 0, 0, 7, 872.04, 652890, 41
1869, 8, 52, 99, 39, 0, 45.05%, 0, 0, 7, 872.04, 657284, 41
1874, 8, 58, 99, 38, 0, 45.05%, 0, 0, 7, 870.83, 661839, 41
1879, 9, 50, 99, 37, 0, 45.05%, 0, 0, 7, 874.38, 666387, 41
1884, 9, 50, 99, 37, 0, 45.05%, 0, 0, 7, 877.65, 670947, 41
1889, 9, 50, 99, 37, 0, 45.05%, 0, 0, 7, 885.64, 675395, 41
1894, 9, 50, 99, 37, 0, 45.05%, 0, 0, 7, 879.38, 680010, 41
1900, 9, 56, 99, 37, 0, 45.05%, 0, 0, 7, 868.51, 683845, 41
1905, 9, 35, 99, 36, 0, 45.05%, 0, 0, 7, 866.32, 688209, 41
1910, 9, 52, 99, 36, 0, 45.05%, 0, 0, 7, 878.86, 692751, 41
1915, 9, 50, 99, 36, 0, 45.05%, 0, 0, 7, 883.04, 697198, 41
1920, 9, 50, 99, 35, 0, 45.05%, 0, 0, 7, 860.91, 701600, 41
1925, 9, 50, 99, 35, 0, 45.05%, 0, 0, 7, 881.22, 706057, 41
1930, 9, 33, 99, 35, 0, 45.05%, 0, 0, 7, 874.44, 710388, 41
1935, 9, 50, 99, 35, 0, 45.05%, 0, 0, 7, 851.61, 714881, 41
1940, 9, 33, 99, 35, 0, 45.05%, 0, 0, 7, 883.08, 719364, 41
1945, 9, 50, 99, 35, 0, 45.05%, 0, 0, 7, 891.20, 723840, 41
1950, 10, 50, 99, 34, 0, 45.05%, 0, 0, 7, 141.57, 727976, 41
1956, 10, 50, 99, 34, 0, 45.05%, 0, 0, 7, 894.37, 732450, 41
1961, 10, 50, 99, 34, 0, 45.05%, 0, 0, 7, 894.39, 736923, 41
1966, 10, 50, 99, 34, 0, 45.05%, 0, 0, 7, 859.39, 741065, 41
1971, 10, 62, 99, 33, 0, 45.05%, 0, 0, 7, 880.35, 745655, 41
1976, 10, 59, 99, 33, 0, 45.05%, 0, 0, 7, 892.48, 750247, 41
1981, 10, 50, 99, 33, 0, 45.05%, 0, 0, 7, 877.85, 754678, 41
1986, 10, 50, 99, 33, 0, 45.05%, 0, 0, 7, 868.65, 759080, 41
1991, 10, 50, 99, 33, 0, 45.05%, 0, 0, 7, 878.06, 763501, 41
1996, 10, 50, 99, 33, 0, 45.05%, 0, 0, 7, 884.10, 768133, 41
2001, 10, 50, 99, 33, 0, 45.05%, 0, 0, 7, 885.04, 772558, 41
2006, 10, 50, 99, 33, 0, 45.05%, 0, 0, 7, 882.58, 776966, 41
2012, 10, 50, 99, 33, 0, 45.05%, 0, 0, 7, 885.41, 781557, 41
2017, 10, 50, 99, 33, 0, 45.05%, 0, 0, 7, 886.26, 786022, 41
2022, 11, 52, 99, 33, 0, 45.05%, 0, 0, 7, 888.90, 790436, 41
2027, 11, 50, 99, 33, 0, 45.05%, 0, 0, 7, 892.02, 794899, 41
2032, 11, 35, 99, 33, 0, 45.05%, 0, 0, 7, 893.47, 799519, 41
2037, 11, 50, 99, 33, 0, 45.05%, 0, 0, 7, 883.15, 804095, 41
2042, 11, 50, 99, 33, 0, 45.05%, 0, 0, 7, 889.49, 808628, 41
2047, 11, 50, 99, 33, 0, 45.05%, 0, 0, 7, 894.86, 813097, 41
2052, 11, 50, 99, 33, 0, 45.05%, 0, 0, 7, 885.11, 817652, 41
2058, 11, 50, 99, 33, 0, 45.05%, 0, 0, 7, 890.80, 822239, 41
2063, 11, 50, 99, 32, 0, 45.05%, 0, 0, 7, 887.20, 826708, 41
2068, 11, 59, 99, 32, 0, 45.05%, 0, 0, 7, 902.50, 831369, 41
2073, 11, 50, 99, 32, 0, 45.05%, 0, 0, 7, 904.37, 835847, 41
2078, 11, 52, 99, 32, 0, 45.05%, 0, 0, 7, 900.22, 840293, 41
2083, 11, 33, 99, 32, 0, 45.05%, 0, 0, 7, 883.82, 844875, 41
2088, 12, 50, 99, 32, 0, 45.05%, 0, 0, 7, 869.90, 849437, 41
2093, 12, 90, 99, 32, 0, 45.05%, 0, 0, 7, 850.41, 853789, 41
2098, 12, 50, 99, 31, 0, 45.05%, 0, 0, 7, 843.61, 857958, 41
2103, 12, 50, 99, 31, 0, 45.05%, 0, 0, 7, 869.32, 862558, 41
2108, 12, 42, 99, 31, 0, 45.05%, 0, 0, 7, 882.70, 867050, 41
2113, 12, 50, 99, 30, 0, 45.05%, 0, 0, 7, 880.48, 871549, 41
2119, 12, 50, 99, 29, 0, 45.05%, 0, 0, 7, 874.93, 876135, 41
2124, 12, 39, 99, 29, 0, 45.05%, 0, 0, 7, 886.00, 880785, 41
2129, 12, 50, 99, 29, 0, 45.05%, 0, 0, 7, 867.22, 885294, 41
2134, 12, 39, 99, 29, 0, 45.05%, 0, 0, 7, 882.18, 889765, 41
2139, 12, 33, 99, 29, 0, 45.05%, 0, 0, 7, 889.64, 894280, 41
2144, 12, 35, 99, 29, 0, 45.05%, 0, 0, 7, 884.21, 898813, 41
2149, 12, 50, 99, 29, 0, 45.05%, 0, 0, 7, 878.87, 903404, 41
2154, 12, 33, 99, 29, 0, 45.05%, 0, 0, 7, 881.74, 907892, 41
2160, 12, 50, 99, 29, 0, 45.05%, 0, 0, 7, 887.61, 912503, 41
2165, 13, 50, 99, 29, 0, 45.05%, 0, 0, 7, 888.34, 917005, 41
2170, 13, 50, 99, 29, 0, 45.05%, 0, 0, 7, 899.28, 921582, 41
2175, 13, 50, 99, 29, 0, 45.05%, 0, 0, 7, 893.19, 926069, 41
2180, 13, 50, 99, 29, 0, 45.05%, 0, 0, 7, 892.00, 930534, 41
2185, 13, 50, 99, 29, 0, 45.05%, 0, 0, 7, 885.54, 934987, 41
2190, 13, 65, 99, 29, 0, 45.05%, 0, 0, 7, 891.14, 939547, 41
2195, 13, 62, 99, 28, 0, 45.05%, 0, 0, 7, 882.61, 944120, 41
2200, 13, 33, 99, 28, 0, 45.05%, 0, 0, 7, 886.62, 948556, 41
2205, 13, 50, 99, 28, 0, 45.05%, 0, 0, 7, 884.53, 953024, 41
2210, 13, 50, 99, 28, 0, 45.05%, 0, 0, 7, 893.78, 957662, 41
2215, 13, 52, 99, 28, 0, 45.05%, 0, 0, 7, 887.99, 962110, 41
2221, 13, 50, 99, 28, 0, 45.05%, 0, 0, 7, 899.80, 966792, 41
2226, 13, 50, 99, 28, 0, 45.05%, 0, 0, 7, 902.77, 971333, 41
2231, 14, 62, 99, 28, 0, 45.05%, 0, 0, 7, 896.02, 975784, 41
2236, 14, 50, 99, 28, 0, 45.05%, 0, 0, 7, 890.42, 980362, 41
2241, 14, 50, 99, 28, 0, 45.05%, 0, 0, 7, 900.80, 985039, 41
2246, 14, 52, 99, 28, 0, 45.05%, 0, 0, 7, 884.02, 989616, 41
2251, 14, 50, 99, 28, 0, 45.05%, 0, 0, 7, 892.71, 994074, 41
2256, 14, 59, 99, 28, 0, 45.05%, 0, 0, 7, 897.07, 998557, 41
2261, 14, 50, 99, 27, 0, 45.05%, 0, 0, 7, 892.23, 1003193, 41
2267, 14, 50, 99, 26, 0, 45.05%, 0, 0, 7, 889.32, 1007795, 41
2272, 14, 52, 99, 25, 0, 45.05%, 0, 0, 7, 885.52, 1012201, 41
2277, 14, 50, 99, 25, 0, 45.05%, 0, 0, 7, 893.21, 1016766, 41
2282, 14, 39, 99, 25, 0, 45.05%, 0, 0, 7, 891.90, 1021219, 41
2287, 14, 33, 99, 25, 0, 45.05%, 0, 0, 7, 890.47, 1025644, 41
2292, 14, 50, 99, 25, 0, 45.05%, 0, 0, 7, 899.44, 1030126, 41
2297, 15, 50, 99, 25, 0, 45.05%, 0, 0, 7, 903.44, 1034629, 41
2302, 15, 50, 99, 25, 0, 45.05%, 0, 0, 7, 902.53, 1039263, 41
2307, 15, 39, 99, 25, 0, 45.05%, 0, 0, 7, 874.61, 1043798, 41
2312, 15, 59, 99, 25, 0, 45.05%, 0, 0, 7, 886.49, 1048267, 41
2317, 15, 50, 99, 25, 0, 45.05%, 0, 0, 7, 882.72, 1052931, 41
2323, 15, 50, 99, 25, 0, 45.05%, 0, 0, 7, 879.25, 1057548, 41
2328, 15, 50, 99, 24, 0, 45.05%, 0, 0, 7, 874.59, 1062157, 41
2333, 15, 33, 99, 24, 0, 45.05%, 0, 0, 7, 886.95, 1066687, 41
2338, 15, 50, 99, 24, 0, 45.05%, 0, 0, 7, 877.60, 1071281, 41
2343, 15, 50, 99, 24, 0, 45.05%, 0, 0, 7, 898.29, 1075919, 41
2348, 15, 52, 99, 24, 0, 45.05%, 0, 0, 7, 899.90, 1080432, 41
2354, 15, 50, 99, 24, 0, 45.05%, 0, 0, 7, 893.52, 1085067, 41
2359, 16, 52, 99, 24, 0, 45.05%, 0, 0, 7, 897.18, 1089692, 41
2364, 16, 50, 99, 24, 0, 45.05%, 0, 0, 7, 894.69, 1094151, 41
2369, 16, 50, 99, 24, 0, 45.05%, 0, 0, 7, 900.93, 1098794, 41
2374, 16, 50, 99, 24, 0, 45.05%, 0, 0, 7, 903.14, 1103432, 41
2379, 16, 44, 99, 23, 0, 45.05%, 0, 0, 7, 904.02, 1107978, 41
2384, 16, 50, 99, 22, 0, 45.05%, 0, 0, 7, 899.53, 1112459, 41
2389, 16, 37, 99, 22, 0, 45.05%, 0, 0, 7, 898.85, 1116929, 41
2394, 16, 50, 100, 23, 0, 45.05%, 0, 0, 7, 899.56, 1121540, 41
2400, 16, 50, 100, 23, 0, 45.05%, 0, 0, 7, 900.65, 1126152, 41
2405, 16, 50, 100, 22, 0, 45.05%, 0, 0, 7, 894.44, 1130683, 41
2410, 16, 50, 100, 21, 0, 45.05%, 0, 0, 7, 879.14, 1135098, 41
2415, 16, 50, 100, 21, 0, 45.05%, 0, 0, 7, 897.74, 1139713, 41
2420, 16, 50, 100, 20, 0, 45.05%, 0, 0, 7, 904.19, 1144272, 41
2425, 17, 50, 100, 20, 0, 45.05%, 0, 0, 7, 902.40, 1148734, 41
2430, 17, 50, 100, 19, 0, 45.05%, 0, 0, 7, 803.58, 1152575, 41
2435, 17, 50, 100, 19, 0, 45.05%, 0, 0, 7, 884.75, 1157227, 41
2440, 17, 93, 100, 19, 0, 45.05%, 0, 0, 7, 891.10, 1161681, 41
2445, 17, 39, 100, 18, 0, 45.05%, 0, 0, 7, 897.02, 1166252, 41
2450, 17, 50, 100, 18, 0, 45.05%, 0, 0, 7, 903.93, 1170735, 41
2455, 17, 50, 100, 18, 0, 45.05%, 0, 0, 7, 889.95, 1175143, 41
2461, 17, 50, 100, 18, 0, 45.05%, 0, 0, 7, 888.02, 1179783, 41
2466, 17, 50, 100, 18, 0, 45.05%, 0, 0, 7, 868.54, 1184337, 41
2471, 17, 50, 100, 18, 0, 45.05%, 0, 0, 7, 873.01, 1188944, 41
2476, 17, 50, 100, 18, 0, 45.05%, 0, 0, 7, 872.05, 1193400, 41
2481, 17, 50, 100, 18, 0, 45.05%, 0, 0, 7, 884.77, 1198077, 41
2486, 17, 35, 100, 18, 0, 45.05%, 0, 0, 7, 882.92, 1202687, 41
2491, 17, 50, 100, 18, 0, 45.05%, 0, 0, 7, 875.48, 1207126, 41
2497, 18, 50, 100, 18, 0, 45.05%, 0, 0, 7, 887.94, 1211773, 41
2502, 18, 50, 100, 18, 0, 45.05%, 0, 0, 7, 880.77, 1216212, 41
2507, 18, 50, 100, 18, 0, 45.05%, 0, 0, 7, 884.19, 1220682, 41
2512, 18, 33, 100, 18, 0, 45.05%, 0, 0, 7, 889.83, 1225354, 41
2517, 18, 50, 100, 18, 0, 45.05%, 0, 0, 7, 889.64, 1229823, 41
2522, 18, 50, 100, 18, 0, 45.05%, 0, 0, 7, 883.44, 1234414, 41
2527, 18, 50, 100, 18, 0, 45.05%, 0, 0, 7, 891.52, 1238919, 41
2532, 18, 50, 100, 18, 0, 45.05%, 0, 0, 7, 890.00, 1243449, 41
2537, 18, 50, 100, 18, 0, 45.05%, 0, 0, 7, 887.41, 1247929, 41
2542, 18, 50, 100, 18, 0, 45.05%, 0, 0, 7, 894.32, 1252472, 41
2547, 18, 50, 100, 18, 0, 45.05%, 0, 0, 7, 890.82, 1256947, 41
2552, 18, 35, 100, 18, 0, 45.05%, 0, 0, 7, 869.81, 1261445, 41
2557, 19, 50, 100, 18, 0, 45.05%, 0, 0, 7, 879.28, 1265857, 41
2562, 19, 50, 100, 18, 0, 45.05%, 0, 0, 7, 889.39, 1270342, 41
2568, 19, 33, 100, 18, 0, 45.05%, 0, 0, 7, 890.22, 1274808, 41
2573, 19, 50, 100, 18, 0, 45.05%, 0, 0, 7, 893.18, 1279457, 41
2578, 19, 33, 100, 18, 0, 45.05%, 0, 0, 7, 890.10, 1283913, 41
2583, 19, 33, 100, 18, 0, 45.05%, 0, 0, 7, 894.90, 1288543, 41
2588, 19, 50, 100, 17, 0, 45.05%, 0, 0, 7, 887.12, 1293130, 41
2593, 19, 50, 100, 17, 0, 45.05%, 0, 0, 7, 888.19, 1297749, 41
2598, 19, 50, 100, 17, 0, 45.05%, 0, 0, 7, 892.92, 1302207, 41
2603, 19, 50, 100, 17, 0, 45.05%, 0, 0, 7, 903.59, 1306724, 41
2608, 19, 50, 100, 17, 0, 45.05%, 0, 0, 7, 894.69, 1311189, 41
2613, 19, 50, 100, 17, 0, 45.05%, 0, 0, 7, 896.38, 1315689, 41
2619, 19, 50, 100, 17, 0, 45.05%, 0, 0, 7, 890.74, 1320292, 41
2624, 20, 33, 100, 16, 0, 45.05%, 0, 0, 7, 893.44, 1324759, 41
2629, 20, 50, 100, 16, 0, 45.05%, 0, 0, 7, 902.48, 1329292, 41
2634, 20, 50, 100, 16, 0, 45.05%, 0, 0, 7, 898.03, 1333921, 41
2639, 20, 50, 100, 16, 0, 45.05%, 0, 0, 7, 899.72, 1338434, 41
2644, 20, 50, 100, 16, 0, 45.05%, 0, 0, 7, 900.77, 1343102, 41
2649, 20, 52, 100, 16, 0, 45.05%, 0, 0, 7, 894.56, 1347711, 41
2654, 20, 50, 100, 16, 0, 45.05%, 0, 0, 7, 905.86, 1352361, 41
2659, 20, 35, 100, 16, 0, 45.05%, 0, 0, 7, 900.14, 1356879, 41
2664, 20, 52, 100, 16, 0, 45.05%, 0, 0, 7, 886.82, 1361284, 41
2670, 20, 50, 100, 16, 0, 45.05%, 0, 0, 7, 896.79, 1365932, 41
2675, 20, 50, 100, 16, 0, 45.05%, 0, 0, 7, 897.45, 1370534, 41
2680, 20, 50, 100, 16, 0, 45.05%, 0, 0, 7, 904.53, 1375183, 41
2685, 21, 50, 100, 16, 0, 45.05%, 0, 0, 7, 892.45, 1379743, 41
2690, 21, 35, 100, 16, 0, 45.05%, 0, 0, 7, 891.03, 1384209, 41
2695, 21, 50, 100, 16, 0, 45.05%, 0, 0, 7, 901.88, 1388711, 41
2700, 21, 88, 100, 16, 0, 45.05%, 0, 0, 7, 899.77, 1393355, 41
2706, 21, 50, 100, 16, 0, 45.05%, 0, 0, 7, 885.33, 1397943, 41
2711, 21, 50, 100, 16, 0, 45.05%, 0, 0, 7, 877.69, 1402404, 41
2716, 21, 50, 100, 16, 0, 45.05%, 0, 0, 7, 881.18, 1406981, 41
2721, 21, 33, 100, 16, 0, 45.05%, 0, 0, 7, 877.65, 1411461, 41
2726, 21, 50, 100, 16, 0, 45.05%, 0, 0, 7, 885.85, 1415975, 41
2731, 21, 50, 100, 15, 0, 45.05%, 0, 0, 7, 885.37, 1420475, 41
2736, 21, 50, 100, 15, 0, 45.05%, 0, 0, 7, 884.24, 1425146, 41
2741, 21, 50, 100, 15, 0, 45.05%, 0, 0, 7, 885.90, 1429800, 41
2746, 21, 50, 100, 15, 0, 45.05%, 0, 0, 7, 869.74, 1434247, 41
2751, 22, 50, 100, 15, 0, 45.05%, 0, 0, 7, 886.11, 1438755, 41
2756, 22, 33, 100, 15, 0, 45.05%, 0, 0, 7, 876.32, 1443164, 41
2762, 22, 52, 100, 15, 0, 45.05%, 0, 0, 7, 879.11, 1447775, 41
2767, 22, 50, 100, 15, 0, 45.05%, 0, 0, 7, 887.51, 1452399, 41
2772, 22, 50, 100, 15, 0, 45.05%, 0, 0, 7, 885.61, 1457014, 41
2777, 22, 50, 100, 15, 0, 45.05%, 0, 0, 7, 891.85, 1461576, 41
2782, 22, 50, 100, 15, 0, 45.05%, 0, 0, 7, 892.94, 1466194, 41
2787, 22, 50, 100, 15, 0, 45.05%, 0, 0, 7, 897.83, 1470860, 41
2793, 22, 50, 100, 15, 0, 45.05%, 0, 0, 7, 896.78, 1475535, 41
2798, 22, 35, 100, 15, 0, 45.05%, 0, 0, 7, 893.48, 1480026, 41
2803, 22, 50, 100, 15, 0, 45.05%, 0, 0, 7, 900.24, 1484729, 41
2808, 22, 61, 100, 15, 0, 45.05%, 0, 0, 7, 886.86, 1489333, 41
2813, 23, 50, 100, 15, 0, 45.05%, 0, 0, 7, 903.34, 1493887, 41
2818, 23, 33, 100, 15, 0, 45.05%, 0, 0, 7, 891.67, 1498468, 41
2823, 23, 50, 100, 15, 0, 45.05%, 0, 0, 7, 908.77, 1503050, 41
2828, 23, 50, 100, 15, 0, 45.05%, 0, 0, 7, 894.14, 1507547, 41
2833, 23, 35, 100, 15, 0, 45.05%, 0, 0, 7, 887.20, 1512161, 41
2838, 23, 37, 100, 15, 0, 45.05%, 0, 0, 7, 899.84, 1516677, 41
2844, 23, 50, 100, 15, 0, 45.05%, 0, 0, 7, 904.11, 1521353, 41
2849, 23, 33, 100, 15, 0, 45.05%, 0, 0, 7, 895.00, 1525979, 41
2854, 23, 59, 100, 15, 0, 45.05%, 0, 0, 7, 897.98, 1530622, 41
2859, 23, 50, 100, 15, 0, 45.05%, 0, 0, 7, 901.36, 1535288, 41
2864, 23, 39, 101, 16, 0, 45.05%, 0, 0, 7, 903.59, 1539933, 41
2869, 23, 50, 101, 16, 0, 45.05%, 0, 0, 7, 900.07, 1544409, 41
2874, 24, 50, 101, 16, 0, 45.05%, 0, 0, 7, 905.07, 1548959, 41
2879, 24, 35, 101, 16, 0, 45.05%, 0, 0, 7, 905.39, 1553475, 41
2885, 24, 50, 101, 16, 0, 45.05%, 0, 0, 7, 901.81, 1558126, 41
2890, 24, 50, 101, 16, 0, 45.05%, 0, 0, 7, 899.11, 1562588, 41
2895, 24, 50, 101, 16, 0, 45.05%, 0, 0, 7, 900.02, 1567202, 41
2900, 24, 50, 101, 15, 0, 45.05%, 0, 0, 7, 880.98, 1571575, 41
2905, 24, 33, 101, 15, 0, 45.05%, 0, 0, 7, 897.34, 1576244, 41
2910, 24, 50, 101, 15, 0, 45.05%, 0, 0, 7, 900.28, 1580696, 41
2915, 24, 50, 101, 15, 0, 45.05%, 0, 0, 7, 906.31, 1585374, 41
2920, 24, 50, 101, 15, 0, 45.05%, 0, 0, 7, 906.54, 1590008, 41
2925, 24, 50, 101, 15, 0, 45.05%, 0, 0, 7, 911.19, 1594538, 41
2930, 24, 50, 101, 15, 0, 45.05%, 0, 0, 7, 898.06, 1598991, 41
2936, 24, 50, 101, 15, 0, 45.05%, 0, 0, 7, 881.57, 1603591, 41
2941, 25, 50, 101, 15, 0, 45.05%, 0, 0, 7, 882.30, 1608058, 41
2946, 25, 52, 101, 15, 0, 45.05%, 0, 0, 7, 884.81, 1612709, 41
2951, 25, 52, 101, 15, 0, 45.05%, 0, 0, 7, 886.22, 1617384, 41
2956, 25, 50, 101, 15, 0, 45.05%, 0, 0, 7, 868.10, 1621946, 41
2961, 25, 50, 101, 15, 0, 45.05%, 0, 0, 7, 877.88, 1626578, 41
2967, 25, 50, 101, 15, 0, 45.05%, 0, 0, 7, 886.77, 1631232, 41
2972, 25, 50, 101, 15, 0, 45.05%, 0, 0, 7, 894.15, 1635907, 41
2977, 25, 50, 101, 15, 0, 45.05%, 0, 0, 7, 885.05, 1640512, 41
2982, 25, 50, 101, 15, 0, 45.05%, 0, 0, 7, 888.35, 1644994, 41
2987, 25, 59, 102, 16, 0, 45.05%, 0, 0, 7, 887.19, 1649462, 41
2992, 25, 50, 102, 16, 0, 45.05%, 0, 0, 7, 895.70, 1654032, 41
2997, 25, 39, 102, 16, 0, 45.05%, 0, 0, 7, 891.70, 1658537, 41
3002, 25, 59, 102, 16, 0, 45.05%, 0, 0, 7, 880.20, 1663128, 41
3007, 26, 50, 102, 16, 0, 45.05%, 0, 0, 7, 886.25, 1667603, 41
3013, 26, 50, 102, 16, 0, 45.05%, 0, 0, 7, 894.23, 1672268, 41
3018, 26, 50, 102, 16, 0, 45.05%, 0, 0, 7, 884.14, 1676710, 41
3023, 26, 50, 102, 16, 0, 45.05%, 0, 0, 7, 879.48, 1681134, 41
3028, 26, 50, 102, 16, 0, 45.05%, 0, 0, 7, 883.80, 1685713, 41
3033, 26, 52, 102, 16, 0, 45.05%, 0, 0, 7, 886.22, 1690164, 41
3038, 26, 50, 102, 16, 0, 45.05%, 0, 0, 7, 891.83, 1694650, 41
3043, 26, 50, 102, 16, 0, 45.05%, 0, 0, 7, 894.00, 1699161, 41
3048, 26, 52, 102, 16, 0, 45.05%, 0, 0, 7, 878.38, 1703753, 41
3053, 26, 50, 102, 16, 0, 45.05%, 0, 0, 7, 893.26, 1708389, 41
3059, 26, 35, 102, 16, 0, 45.05%, 0, 0, 7, 894.64, 1713015, 41
3064, 26, 50, 102, 16, 0, 45.05%, 0, 0, 7, 897.06, 1717548, 41
3069, 26, 101, 102, 16, 0, 45.05%, 0, 0, 7, 778.73, 1721543, 41
3074, 26, 101, 102, 16, 0, 45.05%, 0, 0, 7, 698.45, 1724682, 41
3079, 27, 50, 102, 14, 0, 45.05%, 0, 0, 7, 855.86, 1729156, 41
3084, 27, 35, 102, 14, 0, 45.05%, 0, 0, 7, 870.52, 1733707, 41
3089, 27, 50, 102, 14, 0, 45.05%, 0, 0, 7, 894.98, 1738216, 41
3094, 27, 52, 102, 14, 0, 45.05%, 0, 0, 7, 895.07, 1742844, 41
3099, 27, 50, 102, 14, 0, 45.05%, 0, 0, 7, 897.87, 1747484, 41
3104, 27, 50, 102, 14, 0, 45.05%, 0, 0, 7, 901.36, 1752162, 41
3109, 27, 50, 102, 14, 0, 45.05%, 0, 0, 7, 896.01, 1756600, 41
3115, 27, 50, 102, 14, 0, 45.05%, 0, 0, 7, 900.97, 1761219, 41
3120, 27, 50, 102, 14, 0, 45.05%, 0, 0, 7, 902.10, 1765847, 41
3125, 27, 50, 102, 14, 0, 45.05%, 0, 0, 7, 896.67, 1770472, 41
3130, 27, 59, 102, 14, 0, 45.05%, 0, 0, 7, 910.77, 1775014, 41
3135, 27, 33, 102, 14, 0, 45.05%, 0, 0, 7, 885.16, 1779450, 41
3140, 27, 50, 102, 14, 0, 45.05%, 0, 0, 7, 848.80, 1783671, 41
3145, 28, 59, 102, 14, 0, 45.05%, 0, 0, 7, 889.43, 1788319, 41
3150, 28, 50, 102, 14, 0, 45.05%, 0, 0, 7, 899.79, 1792977, 41
3156, 28, 39, 102, 14, 0, 45.05%, 0, 0, 7, 877.30, 1797512, 41
3161, 28, 50, 102, 14, 0, 45.05%, 0, 0, 7, 883.48, 1802003, 41
3166, 28, 50, 102, 14, 0, 45.05%, 0, 0, 7, 881.63, 1806462, 41
3171, 28, 50, 102, 14, 0, 45.05%, 0, 0, 7, 878.37, 1810882, 41
3176, 28, 50, 102, 14, 0, 45.05%, 0, 0, 7, 880.10, 1815381, 41
3181, 28, 59, 102, 14, 0, 45.05%, 0, 0, 7, 888.55, 1819922, 41
3186, 28, 50, 102, 14, 0, 45.05%, 0, 0, 7, 891.71, 1824442, 41
3191, 28, 50, 102, 14, 0, 45.05%, 0, 0, 7, 893.17, 1829046, 41
3196, 28, 50, 102, 14, 0, 45.05%, 0, 0, 7, 884.24, 1833558, 41
3201, 28, 50, 102, 14, 0, 45.05%, 0, 0, 7, 881.66, 1838010, 41
3206, 28, 59, 102, 14, 0, 45.05%, 0, 0, 7, 874.93, 1842477, 41
3211, 29, 50, 102, 14, 0, 45.05%, 0, 0, 7, 882.39, 1847090, 41
3216, 29, 50, 102, 13, 0, 45.05%, 0, 0, 7, 846.92, 1851171, 41
3221, 29, 50, 102, 13, 0, 45.05%, 0, 0, 7, 875.85, 1855674, 41
3226, 29, 50, 102, 13, 0, 45.05%, 0, 0, 7, 885.03, 1860158, 41
3231, 29, 50, 102, 13, 0, 45.05%, 0, 0, 7, 884.96, 1864640, 41
3236, 29, 50, 102, 12, 0, 45.05%, 0, 0, 7, 883.94, 1869288, 41
3242, 29, 50, 102, 12, 0, 45.05%, 0, 0, 7, 894.88, 1873959, 41
3247, 29, 50, 103, 13, 0, 45.05%, 0, 0, 7, 868.35, 1878513, 41
3252, 29, 50, 103, 13, 0, 45.05%, 0, 0, 7, 878.34, 1883079, 41
3257, 29, 59, 103, 13, 0, 45.05%, 0, 0, 7, 882.11, 1887564, 41
3262, 29, 33, 103, 13, 0, 45.05%, 0, 0, 7, 902.85, 1892274, 41
3267, 29, 59, 103, 13, 0, 45.05%, 0, 0, 7, 888.89, 1896882, 41
3273, 29, 54, 103, 13, 0, 45.05%, 0, 0, 7, 898.52, 1901559, 41
3278, 30, 37, 103, 13, 0, 45.05%, 0, 0, 7, 885.92, 1906110, 41
3283, 30, 50, 103, 13, 0, 45.05%, 0, 0, 7, 898.53, 1910611, 41
3288, 30, 50, 103, 13, 0, 45.05%, 0, 0, 7, 895.76, 1915112, 41
3293, 30, 50, 103, 13, 0, 45.05%, 0, 0, 7, 887.07, 1919715, 41
3298, 30, 50, 103, 13, 0, 45.05%, 0, 0, 7, 894.60, 1924350, 41
3303, 30, 33, 103, 13, 0, 45.05%, 0, 0, 7, 895.78, 1928839, 41
3308, 30, 39, 103, 13, 0, 45.05%, 0, 0, 7, 891.53, 1933431, 41
3313, 30, 50, 103, 13, 0, 45.05%, 0, 0, 7, 879.32, 1937804, 41
3318, 30, 50, 103, 13, 0, 45.05%, 0, 0, 7, 903.93, 1942348, 41
3324, 30, 50, 103, 13, 0, 45.05%, 0, 0, 7, 904.90, 1946992, 41
3329, 30, 50, 103, 13, 0, 45.05%, 0, 0, 7, 916.86, 1951579, 41
3334, 30, 50, 103, 13, 0, 45.05%, 0, 0, 7, 895.93, 1956147, 41
3339, 30, 50, 103, 13, 0, 45.05%, 0, 0, 7, 891.13, 1960732, 41
3344, 31, 50, 103, 13, 0, 45.05%, 0, 0, 7, 910.39, 1965292, 41
3349, 31, 50, 103, 13, 0, 45.05%, 0, 0, 7, 890.15, 1969703, 41
3354, 31, 50, 103, 13, 0, 45.05%, 0, 0, 7, 890.84, 1974326, 41
3359, 31, 50, 103, 13, 0, 45.05%, 0, 0, 7, 901.93, 1978828, 41
3364, 31, 50, 103, 13, 0, 45.05%, 0, 0, 7, 900.98, 1983335, 41
3369, 31, 50, 103, 13, 0, 45.05%, 0, 0, 7, 901.47, 1987968, 41
3374, 31, 50, 103, 13, 0, 45.05%, 0, 0, 7, 898.76, 1992406, 41
3379, 31, 50, 103, 13, 0, 45.05%, 0, 0, 7, 899.94, 1996912, 41
3384, 31, 75, 103, 13, 0, 45.05%, 0, 0, 7, 886.50, 2001297, 41
3390, 31, 50, 103, 12, 0, 45.05%, 0, 0, 7, 895.23, 2005915, 41
3395, 31, 50, 103, 12, 0, 45.05%, 0, 0, 7, 919.59, 2010511, 41
3400, 31, 50, 103, 12, 0, 45.05%, 0, 0, 7, 886.90, 2014872, 41
3405, 31, 50, 103, 12, 0, 45.05%, 0, 0, 7, 883.37, 2019447, 41
3410, 31, 50, 103, 12, 0, 45.05%, 0, 0, 7, 893.72, 2024052, 41
3415, 32, 50, 103, 12, 0, 45.05%, 0, 0, 7, 896.31, 2028623, 41
3420, 32, 50, 103, 12, 0, 45.05%, 0, 0, 7, 902.56, 2033098, 41
3425, 32, 52, 103, 12, 0, 45.05%, 0, 0, 7, 902.24, 2037613, 41
3431, 32, 50, 103, 12, 0, 45.05%, 0, 0, 7, 863.33, 2042094, 41
3436, 32, 50, 103, 12, 0, 45.05%, 0, 0, 7, 877.15, 2046703, 41
3441, 32, 50, 103, 12, 0, 45.05%, 0, 0, 7, 895.63, 2051438, 41
3446, 32, 50, 103, 12, 0, 45.05%, 0, 0, 7, 891.01, 2055983, 41
3451, 32, 50, 103, 12, 0, 45.05%, 0, 0, 7, 872.10, 2060426, 41
3456, 32, 50, 103, 12, 0, 45.05%, 0, 0, 7, 887.60, 2065089, 41
3461, 32, 33, 103, 12, 0, 45.05%, 0, 0, 7, 889.20, 2069739, 41
3466, 32, 35, 103, 12, 0, 45.05%, 0, 0, 7, 888.94, 2074257, 41
3472, 32, 59, 103, 12, 0, 45.05%, 0, 0, 7, 873.85, 2078848, 41
3477, 32, 50, 103, 12, 0, 45.05%, 0, 0, 7, 882.05, 2083368, 41
3482, 33, 52, 103, 12, 0, 45.05%, 0, 0, 7, 884.37, 2088022, 41
3487, 33, 50, 103, 12, 0, 45.05%, 0, 0, 7, 884.67, 2092461, 41
3492, 33, 50, 103, 12, 0, 45.05%, 0, 0, 7, 895.28, 2097177, 41
3497, 33, 50, 103, 12, 0, 45.05%, 0, 0, 7, 894.07, 2101824, 41
3502, 33, 52, 103, 12, 0, 45.05%, 0, 0, 7, 897.28, 2106450, 41
3507, 33, 50, 103, 12, 0, 45.05%, 0, 0, 7, 887.40, 2110945, 41
3513, 33, 35, 103, 12, 0, 45.05%, 0, 0, 7, 899.34, 2115515, 41
3518, 33, 59, 103, 11, 0, 45.05%, 0, 0, 7, 889.77, 2119961, 41
3523, 33, 50, 103, 11, 0, 45.05%, 0, 0, 7, 898.86, 2124490, 41
3528, 33, 35, 103, 11, 0, 45.05%, 0, 0, 7, 901.54, 2129008, 41
3533, 33, 50, 103, 11, 0, 45.05%, 0, 0, 7, 899.44, 2133532, 41
3538, 33, 50, 103, 11, 0, 45.05%, 0, 0, 7, 896.79, 2138163, 41
3543, 33, 50, 103, 11, 0, 45.05%, 0, 0, 7, 892.90, 2142771, 41
3548, 34, 50, 103, 11, 0, 45.05%, 0, 0, 7, 891.34, 2147406, 41
3553, 34, 50, 103, 11, 0, 45.05%, 0, 0, 7, 906.92, 2151964, 41
3558, 34, 50, 103, 11, 0, 45.05%, 0, 0, 7, 897.50, 2156662, 41
3563, 34, 50, 103, 11, 0, 45.05%, 0, 0, 7, 889.39, 2161109, 41
3569, 34, 50, 103, 11, 0, 45.05%, 0, 0, 7, 895.32, 2165729, 41
3574, 34, 50, 103, 11, 0, 45.05%, 0, 0, 7, 907.57, 2170267, 41
3579, 34, 50, 103, 11, 0, 45.05%, 0, 0, 7, 891.27, 2174917, 41
3584, 34, 52, 103, 11, 0, 45.05%, 0, 0, 7, 889.30, 2179352, 41
3589, 34, 50, 103, 11, 0, 45.05%, 0, 0, 7, 899.90, 2183868, 41
3594, 34, 50, 103, 11, 0, 45.05%, 0, 0, 7, 899.47, 2188472, 41
3599, 34, 52, 103, 11, 0, 45.05%, 0, 0, 7, 888.67, 2193064, 41
3604, 34, 50, 103, 11, 0, 45.05%, 0, 0, 7, 883.22, 2197648, 41
3609, 34, 50, 103, 11, 0, 45.05%, 0, 0, 7, 884.06, 2202082, 41
3615, 35, 50, 103, 11, 0, 45.05%, 0, 0, 7, 890.23, 2206657, 41
3620, 35, 50, 103, 11, 0, 45.05%, 0, 0, 7, 904.21, 2211165, 41
3625, 35, 50, 103, 11, 0, 45.05%, 0, 0, 7, 906.74, 2215674, 41
3630, 35, 50, 103, 11, 0, 45.05%, 0, 0, 7, 899.00, 2220176, 41
3635, 35, 50, 103, 11, 0, 45.05%, 0, 0, 7, 900.69, 2224651, 41
3640, 35, 50, 103, 11, 0, 45.05%, 0, 0, 7, 864.37, 2229135, 41
3645, 35, 59, 103, 11, 0, 45.05%, 0, 0, 7, 900.92, 2233669, 41
3650, 35, 50, 103, 11, 0, 45.05%, 0, 0, 7, 889.81, 2238216, 41
3655, 35, 50, 103, 11, 0, 45.05%, 0, 0, 7, 899.37, 2242812, 41
3660, 35, 50, 103, 11, 0, 45.05%, 0, 0, 7, 903.60, 2247346, 41
3665, 35, 50, 103, 11, 0, 45.05%, 0, 0, 7, 899.07, 2251795, 41
3671, 35, 50, 103, 10, 0, 45.05%, 0, 0, 7, 901.42, 2256465, 41
3676, 35, 33, 103, 10, 0, 45.05%, 0, 0, 7, 874.32, 2260984, 41
3681, 36, 50, 103, 10, 0, 45.05%, 0, 0, 7, 874.78, 2265597, 41
3686, 36, 50, 103, 10, 0, 45.05%, 0, 0, 7, 881.99, 2270193, 41
3691, 36, 59, 103, 10, 0, 45.05%, 0, 0, 7, 880.98, 2274650, 41
3696, 36, 59, 103, 10, 0, 45.05%, 0, 0, 7, 868.53, 2279034, 41
3701, 36, 50, 103, 10, 0, 45.05%, 0, 0, 7, 873.62, 2283631, 41
3706, 36, 50, 103, 10, 0, 45.05%, 0, 0, 7, 885.24, 2288135, 41
3711, 36, 59, 103, 10, 0, 45.05%, 0, 0, 7, 895.60, 2292694, 41
3716, 36, 50, 103, 10, 0, 45.05%, 0, 0, 7, 880.82, 2297190, 41
3721, 36, 50, 103, 10, 0, 45.05%, 0, 0, 7, 890.54, 2301694, 41
3727, 36, 50, 103, 10, 0, 45.05%, 0, 0, 7, 884.82, 2306331, 41
3732, 36, 50, 103, 10, 0, 45.05%, 0, 0, 7, 895.35, 2310874, 41
3737, 36, 33, 103, 10, 0, 45.05%, 0, 0, 7, 893.17, 2315546, 41
3742, 36, 59, 103, 10, 0, 45.05%, 0, 0, 7, 902.66, 2320146, 41
3747, 37, 37, 103, 10, 0, 45.05%, 0, 0, 7, 893.87, 2324811, 41
3752, 37, 50, 103, 10, 0, 45.05%, 0, 0, 7, 883.54, 2329264, 41
3757, 37, 50, 103, 10, 0, 45.05%, 0, 0, 7, 890.08, 2333789, 41
3762, 37, 50, 103, 10, 0, 45.05%, 0, 0, 7, 863.75, 2338147, 41
3767, 37, 50, 103, 10, 0, 45.05%, 0, 0, 7, 881.88, 2342722, 41
3773, 37, 50, 103, 10, 0, 45.05%, 0, 0, 7, 893.26, 2347390, 41
3778, 37, 50, 103, 10, 0, 45.05%, 0, 0, 7, 895.82, 2351893, 41
3783, 37, 50, 103, 10, 0, 45.05%, 0, 0, 7, 892.61, 2356365, 41
3788, 37, 50, 103, 10, 0, 45.05%, 0, 0, 7, 889.36, 2360815, 41
3793, 37, 37, 103, 10, 0, 45.05%, 0, 0, 7, 883.95, 2365357, 41
3798, 37, 50, 103, 10, 0, 45.05%, 0, 0, 7, 885.95, 2369969, 41
3803, 37, 33, 103, 10, 0, 45.05%, 0, 0, 7, 890.71, 2374452, 41
3808, 37, 52, 103, 10, 0, 45.05%, 0, 0, 7, 886.36, 2378927, 41
3813, 37, 50, 103, 10, 0, 45.05%, 0, 0, 7, 873.31, 2383500, 41
3818, 38, 50, 103, 10, 0, 45.05%, 0, 0, 7, 893.06, 2388141, 41
3824, 38, 50, 103, 10, 0, 45.05%, 0, 0, 7, 894.47, 2392718, 41
3829, 38, 100, 103, 10, 0, 45.05%, 0, 0, 7, 814.05, 2396806, 41
3834, 38, 33, 103, 9, 0, 45.05%, 0, 0, 7, 882.09, 2401413, 41
3839, 38, 50, 103, 9, 0, 45.05%, 0, 0, 7, 892.32, 2406030, 41
3844, 38, 52, 103, 9, 0, 45.05%, 0, 0, 7, 889.98, 2410449, 41
3849, 38, 50, 103, 9, 0, 45.05%, 0, 0, 7, 907.37, 2414985, 41
3854, 38, 50, 103, 9, 0, 45.05%, 0, 0, 7, 889.83, 2419405, 41
3859, 38, 50, 103, 9, 0, 45.05%, 0, 0, 7, 908.61, 2423942, 41
3864, 38, 50, 103, 9, 0, 45.05%, 0, 0, 7, 896.59, 2428570, 41
3869, 38, 50, 103, 9, 0, 45.05%, 0, 0, 7, 897.31, 2433087, 41
3874, 38, 50, 103, 9, 0, 45.05%, 0, 0, 7, 902.18, 2437755, 41
3879, 38, 50, 103, 9, 0, 45.05%, 0, 0, 7, 910.63, 2442302, 41
3885, 39, 102, 103, 9, 0, 45.05%, 0, 0, 7, 666.60, 2445842, 41
3890, 39, 102, 103, 9, 0, 45.05%, 0, 0, 7, 643.81, 2448609, 41
3895, 39, 50, 103, 8, 0, 45.05%, 0, 0, 7, 853.43, 2453263, 41
3900, 39, 50, 103, 8, 0, 45.05%, 0, 0, 7, 879.04, 2457656, 41
3905, 39, 59, 103, 8, 0, 45.05%, 0, 0, 7, 892.85, 2462283, 41
3910, 39, 50, 103, 8, 0, 45.05%, 0, 0, 7, 898.55, 2466786, 41
3915, 39, 50, 103, 8, 0, 45.05%, 0, 0, 7, 888.27, 2471344, 41
3920, 39, 50, 103, 8, 0, 45.05%, 0, 0, 7, 898.07, 2475843, 41
3925, 39, 50, 103, 8, 0, 45.05%, 0, 0, 7, 902.76, 2480342, 41
3930, 39, 50, 103, 8, 0, 45.05%, 0, 0, 7, 906.92, 2484884, 41
3936, 39, 52, 103, 8, 0, 45.05%, 0, 0, 7, 912.67, 2489600, 41
3941, 39, 39, 103, 8, 0, 45.05%, 0, 0, 7, 899.53, 2494064, 41
3946, 39, 50, 103, 8, 0, 45.05%, 0, 0, 7, 891.54, 2498510, 41
3951, 39, 50, 103, 8, 0, 45.05%, 0, 0, 7, 898.74, 2502973, 41
3956, 39, 50, 103, 8, 0, 45.05%, 0, 0, 7, 913.31, 2507511, 41
3961, 40, 33, 103, 8, 0, 45.05%, 0, 0, 7, 868.34, 2512004, 41
3966, 40, 50, 103, 8, 0, 45.05%, 0, 0, 7, 884.28, 2516667, 41
3971, 40, 50, 103, 8, 0, 45.05%, 0, 0, 7, 880.04, 2521113, 41
3976, 40, 50, 103, 8, 0, 45.05%, 0, 0, 7, 883.44, 2525641, 41
3981, 40, 50, 103, 8, 0, 45.05%, 0, 0, 7, 902.54, 2530262, 41
3986, 40, 50, 103, 8, 0, 45.05%, 0, 0, 7, 888.06, 2534763, 41
3991, 40, 33, 103, 8, 0, 45.05%, 0, 0, 7, 894.33, 2539454, 41
3996, 40, 50, 103, 8, 0, 45.05%, 0, 0, 7, 887.42, 2543916, 41
4001, 40, 50, 103, 8, 0, 45.05%, 0, 0, 7, 894.63, 2548443, 41
4006, 40, 39, 103, 8, 0, 45.05%, 0, 0, 7, 898.04, 2552974, 41
4012, 40, 33, 103, 8, 0, 45.05%, 0, 0, 7, 897.57, 2557657, 41
4017, 40, 50, 103, 8, 0, 45.05%, 0, 0, 7, 887.39, 2562126, 41
4022, 41, 50, 103, 8, 0, 45.05%, 0, 0, 7, 895.98, 2566830, 41
4027, 41, 52, 103, 8, 0, 45.05%, 0, 0, 7, 895.56, 2571512, 41
4032, 41, 50, 103, 8, 0, 45.05%, 0, 0, 7, 889.82, 2576076, 41
4037, 41, 50, 103, 8, 0, 45.05%, 0, 0, 7, 871.15, 2580447, 41
4042, 41, 50, 103, 8, 0, 45.05%, 0, 0, 7, 888.13, 2584904, 41
4047, 41, 39, 103, 8, 0, 45.05%, 0, 0, 7, 888.99, 2589558, 41
4053, 41, 52, 103, 8, 0, 45.05%, 0, 0, 7, 892.94, 2594192, 41
4058, 41, 50, 103, 8, 0, 45.05%, 0, 0, 7, 903.77, 2598733, 41
4063, 41, 52, 103, 8, 0, 45.05%, 0, 0, 7, 873.96, 2603095, 41
4068, 41, 50, 103, 8, 0, 45.05%, 0, 0, 7, 889.09, 2607684, 41
4073, 41, 50, 103, 8, 0, 45.05%, 0, 0, 7, 895.37, 2612163, 41
4078, 41, 50, 103, 8, 0, 45.05%, 0, 0, 7, 895.56, 2616814, 41
4083, 41, 35, 103, 8, 0, 45.05%, 0, 0, 7, 893.36, 2621287, 41
4088, 42, 50, 103, 8, 0, 45.05%, 0, 0, 7, 902.42, 2625978, 41
4093, 42, 35, 103, 8, 0, 45.05%, 0, 0, 7, 890.12, 2630472, 41
4098, 42, 50, 103, 8, 0, 45.05%, 0, 0, 7, 901.73, 2635109, 41
4103, 42, 50, 103, 8, 0, 45.05%, 0, 0, 7, 897.34, 2639577, 41
4109, 42, 52, 103, 8, 0, 45.05%, 0, 0, 7, 884.63, 2644174, 41
4114, 42, 50, 103, 8, 0, 45.05%, 0, 0, 7, 878.31, 2648601, 41
4119, 42, 59, 103, 8, 0, 45.05%, 0, 0, 7, 891.37, 2653094, 41
4124, 42, 50, 103, 8, 0, 45.05%, 0, 0, 7, 893.89, 2657539, 41
4129, 42, 33, 103, 8, 0, 45.05%, 0, 0, 7, 897.05, 2662040, 41
4134, 42, 50, 103, 8, 0, 45.05%, 0, 0, 7, 900.12, 2666655, 41
4139, 42, 50, 103, 8, 0, 45.05%, 0, 0, 7, 896.27, 2671269, 41
4144, 42, 50, 103, 8, 0, 45.05%, 0, 0, 7, 904.65, 2675769, 41
4149, 42, 50, 103, 8, 0, 45.05%, 0, 0, 7, 890.18, 2680367, 41
4154, 43, 50, 103, 8, 0, 45.05%, 0, 0, 7, 874.24, 2684702, 41
4159, 43, 50, 103, 8, 0, 45.05%, 0, 0, 7, 890.77, 2689167, 41
4164, 43, 37, 103, 8, 0, 45.05%, 0, 0, 7, 894.32, 2693764, 41
4170, 43, 50, 103, 8, 0, 45.05%, 0, 0, 7, 892.87, 2698308, 41
4175, 43, 50, 103, 8, 0, 45.05%, 0, 0, 7, 898.65, 2702785, 41
4180, 43, 52, 103, 8, 0, 45.05%, 0, 0, 7, 891.54, 2707412, 41
4185, 43, 50, 103, 8, 0, 45.05%, 0, 0, 7, 899.23, 2712058, 41
4190, 43, 50, 103, 8, 0, 45.05%, 0, 0, 7, 891.86, 2716668, 41
4195, 43, 50, 103, 8, 0, 45.05%, 0, 0, 7, 898.16, 2721276, 41
4200, 43, 50, 103, 8, 0, 45.05%, 0, 0, 7, 911.01, 2725843, 41
4205, 43, 50, 103, 8, 0, 45.05%, 0, 0, 7, 909.57, 2730373, 41
4211, 43, 50, 103, 8, 0, 45.05%, 0, 0, 7, 884.19, 2734914, 41
4216, 43, 50, 103, 8, 0, 45.05%, 0, 0, 7, 897.62, 2739375, 41
4221, 44, 37, 103, 8, 0, 45.05%, 0, 0, 7, 902.88, 2743845, 41
4226, 44, 50, 103, 8, 0, 45.05%, 0, 0, 7, 888.08, 2748450, 41
4231, 44, 33, 103, 8, 0, 45.05%, 0, 0, 7, 878.94, 2752938, 41
4236, 44, 50, 103, 8, 0, 45.05%, 0, 0, 7, 890.79, 2757500, 41
4241, 44, 50, 103, 8, 0, 45.05%, 0, 0, 7, 884.95, 2761995, 41
4246, 44, 50, 103, 8, 0, 45.05%, 0, 0, 7, 881.01, 2766475, 41
4251, 44, 50, 103, 8, 0, 45.05%, 0, 0, 7, 875.78, 2771057, 41
4256, 44, 50, 103, 8, 0, 45.05%, 0, 0, 7, 884.90, 2775554, 41
4261, 44, 50, 103, 8, 0, 45.05%, 0, 0, 7, 895.97, 2780260, 41
4266, 44, 52, 103, 8, 0, 45.05%, 0, 0, 7, 890.28, 2784739, 41
4272, 44, 50, 103, 8, 0, 45.05%, 0, 0, 7, 885.64, 2789371, 41
4277, 44, 50, 103, 8, 0, 45.05%, 0, 0, 7, 885.28, 2793992, 41
4282, 44, 50, 103, 8, 0, 45.05%, 0, 0, 7, 873.35, 2798385, 41
4287, 45, 50, 103, 8, 0, 45.05%, 0, 0, 7, 887.91, 2803046, 41
4292, 45, 52, 103, 8, 0, 45.05%, 0, 0, 7, 893.86, 2807703, 41
4297, 45, 50, 103, 7, 0, 45.05%, 0, 0, 7, 900.17, 2812221, 41
4302, 45, 50, 103, 7, 0, 45.05%, 0, 0, 7, 894.15, 2816868, 41
4308, 45, 50, 103, 7, 0, 45.05%, 0, 0, 7, 877.74, 2821400, 41
4313, 45, 50, 103, 7, 0, 45.05%, 0, 0, 7, 893.72, 2825865, 41
4318, 45, 50, 103, 7, 0, 45.05%, 0, 0, 7, 883.86, 2830401, 41
4323, 45, 50, 103, 7, 0, 45.05%, 0, 0, 7, 883.32, 2834959, 41
4328, 45, 50, 103, 7, 0, 45.05%, 0, 0, 7, 880.66, 2839531, 41
4333, 45, 50, 103, 7, 0, 45.05%, 0, 0, 7, 903.53, 2844241, 41
4338, 45, 50, 103, 7, 0, 45.05%, 0, 0, 7, 909.32, 2848946, 41
4344, 45, 39, 103, 7, 0, 45.05%, 0, 0, 7, 899.19, 2853572, 41
4349, 46, 39, 103, 7, 0, 45.05%, 0, 0, 7, 891.43, 2858017, 41
4354, 46, 50, 103, 7, 0, 45.05%, 0, 0, 7, 901.61, 2862697, 41
4359, 46, 50, 103, 7, 0, 45.05%, 0, 0, 7, 902.54, 2867225, 41
4364, 46, 33, 103, 7, 0, 45.05%, 0, 0, 7, 899.35, 2871807, 41
4369, 46, 52, 103, 7, 0, 45.05%, 0, 0, 7, 906.36, 2876474, 41
4374, 46, 50, 103, 7, 0, 45.05%, 0, 0, 7, 895.58, 2880931, 41
4379, 46, 50, 103, 7, 0, 45.05%, 0, 0, 7, 900.22, 2885444, 41
4384, 46, 50, 103, 7, 0, 45.05%, 0, 0, 7, 900.97, 2890049, 41
4390, 46, 50, 103, 7, 0, 45.05%, 0, 0, 7, 882.67, 2894565, 41
4395, 46, 50, 103, 7, 0, 45.05%, 0, 0, 7, 892.25, 2899024, 41
4400, 46, 52, 103, 7, 0, 45.05%, 0, 0, 7, 899.99, 2903673, 41
4405, 46, 50, 103, 7, 0, 45.05%, 0, 0, 7, 899.27, 2908148, 41
4410, 46, 50, 103, 7, 0, 45.05%, 0, 0, 7, 894.94, 2912707, 41
4415, 47, 50, 103, 7, 0, 45.05%, 0, 0, 7, 885.83, 2917132, 41
4420, 47, 50, 103, 7, 0, 45.05%, 0, 0, 7, 888.26, 2921586, 41
4425, 47, 50, 103, 7, 0, 45.05%, 0, 0, 7, 882.96, 2925958, 41
4430, 47, 50, 103, 7, 0, 45.05%, 0, 0, 7, 889.93, 2930592, 41
4435, 47, 59, 103, 7, 0, 45.05%, 0, 0, 7, 899.68, 2935071, 41
4440, 47, 52, 103, 7, 0, 45.05%, 0, 0, 7, 893.86, 2939645, 41
4446, 47, 50, 103, 7, 0, 45.05%, 0, 0, 7, 878.56, 2944198, 41
4451, 47, 50, 103, 7, 0, 45.05%, 0, 0, 7, 880.49, 2948650, 41
4456, 47, 50, 103, 7, 0, 45.05%, 0, 0, 7, 860.25, 2953025, 41
4461, 47, 50, 103, 7, 0, 45.05%, 0, 0, 7, 876.22, 2957595, 41
4466, 47, 33, 103, 7, 0, 45.05%, 0, 0, 7, 866.32, 2962010, 41
4471, 47, 52, 103, 7, 0, 45.05%, 0, 0, 7, 878.40, 2966597, 41
4476, 47, 50, 103, 7, 0, 45.05%, 0, 0, 7, 886.48, 2971217, 41
4482, 47, 37, 103, 7, 0, 45.05%, 0, 0, 7, 885.17, 2975837, 41
4487, 48, 50, 103, 7, 0, 45.05%, 0, 0, 7, 873.69, 2980377, 41
4492, 48, 50, 103, 7, 0, 45.05%, 0, 0, 7, 893.49, 2984890, 41
4497, 48, 50, 103, 7, 0, 45.05%, 0, 0, 7, 887.03, 2989321, 41
4502, 48, 50, 103, 7, 0, 45.05%, 0, 0, 7, 879.68, 2993763, 41
4507, 48, 50, 103, 7, 0, 45.05%, 0, 0, 7, 888.20, 2998237, 41
4512, 48, 52, 103, 7, 0, 45.05%, 0, 0, 7, 885.78, 3002735, 41
4517, 48, 33, 103, 7, 0, 45.05%, 0, 0, 7, 892.50, 3007238, 41
4522, 48, 33, 103, 7, 0, 45.05%, 0, 0, 7, 868.56, 3011579, 41
4527, 48, 50, 103, 7, 0, 45.05%, 0, 0, 7, 887.36, 3016218, 41
4532, 48, 50, 103, 7, 0, 45.05%, 0, 0, 7, 884.97, 3020695, 41
4537, 48, 50, 103, 7, 0, 45.05%, 0, 0, 7, 886.38, 3025160, 41
4542, 48, 50, 103, 7, 0, 45.05%, 0, 0, 7, 893.32, 3029627, 41
4547, 48, 50, 103, 7, 0, 45.05%, 0, 0, 7, 883.80, 3034057, 41
4552, 49, 50, 103, 7, 0, 45.05%, 0, 0, 7, 884.47, 3038626, 41
4557, 49, 59, 103, 7, 0, 45.05%, 0, 0, 7, 883.99, 3043075, 41
4562, 49, 103, 104, 8, 0, 45.05%, 0, 0, 7, 895.84, 3047642, 41
4567, 49, 50, 104, 7, 0, 45.05%, 0, 0, 7, 818.60, 3051401, 41
4573, 49, 33, 104, 7, 0, 45.05%, 0, 0, 7, 872.34, 3056024, 41
4578, 49, 52, 104, 7, 0, 45.05%, 0, 0, 7, 889.23, 3060684, 41
4583, 49, 52, 104, 7, 0, 45.05%, 0, 0, 7, 897.72, 3065254, 41
4588, 49, 50, 104, 7, 0, 45.05%, 0, 0, 7, 894.48, 3069740, 41
4593, 49, 50, 104, 7, 0, 45.05%, 0, 0, 7, 897.18, 3074368, 41
4598, 49, 33, 104, 7, 0, 45.05%, 0, 0, 7, 882.86, 3078795, 41
4603, 49, 50, 104, 7, 0, 45.05%, 0, 0, 7, 904.05, 3083491, 41
4608, 49, 50, 104, 7, 0, 45.05%, 0, 0, 7, 886.51, 3088060, 41
4613, 49, 50, 104, 7, 0, 45.05%, 0, 0, 7, 892.85, 3092563, 41
4619, 49, 50, 104, 7, 0, 45.05%, 0, 0, 7, 879.65, 3097092, 41
4624, 50, 50, 104, 7, 0, 45.05%, 0, 0, 7, 890.39, 3101718, 41
4629, 50, 50, 104, 7, 0, 45.05%, 0, 0, 7, 887.93, 3106177, 41
4634, 50, 50, 104, 7, 0, 45.05%, 0, 0, 7, 893.33, 3110871, 41
4639, 50, 50, 104, 7, 0, 45.05%, 0, 0, 7, 889.24, 3115257, 41
4644, 50, 50, 104, 7, 0, 45.05%, 0, 0, 7, 897.78, 3119895, 41
4649, 50, 50, 104, 7, 0, 45.05%, 0, 0, 7, 899.60, 3124522, 41
4654, 50, 50, 104, 7, 0, 45.05%, 0, 0, 7, 897.96, 3128994, 41
4660, 50, 50, 104, 7, 0, 45.05%, 0, 0, 7, 882.84, 3133406, 41
4665, 50, 50, 104, 7, 0, 45.05%, 0, 0, 7, 882.30, 3137975, 41
4670, 50, 50, 104, 7, 0, 45.05%, 0, 0, 7, 902.71, 3142665, 41
4675, 50, 50, 104, 7, 0, 45.05%, 0, 0, 7, 918.64, 3147288, 41
4680, 50, 33, 104, 7, 0, 45.05%, 0, 0, 7, 909.55, 3151787, 41
4685, 50, 50, 104, 7, 0, 45.05%, 0, 0, 7, 912.99, 3156365, 41
4690, 51, 52, 104, 7, 0, 45.05%, 0, 0, 7, 907.74, 3160930, 41
4695, 51, 52, 104, 7, 0, 45.05%, 0, 0, 7, 870.88, 3165405, 41
4700, 51, 50, 104, 7, 0, 45.05%, 0, 0, 7, 893.49, 3169900, 41
4706, 51, 50, 104, 7, 0, 45.05%, 0, 0, 7, 904.31, 3174592, 41
4711, 51, 50, 104, 7, 0, 45.05%, 0, 0, 7, 886.90, 3179178, 41
4716, 51, 50, 104, 7, 0, 45.05%, 0, 0, 7, 883.19, 3183705, 41
4721, 51, 59, 104, 7, 0, 45.05%, 0, 0, 7, 881.26, 3188266, 41
4726, 51, 59, 104, 7, 0, 45.05%, 0, 0, 7, 897.75, 3192836, 41
4731, 51, 50, 104, 7, 0, 45.05%, 0, 0, 7, 894.59, 3197506, 41
4736, 51, 50, 104, 7, 0, 45.05%, 0, 0, 7, 891.69, 3201973, 41
4741, 51, 50, 104, 7, 0, 45.05%, 0, 0, 7, 887.81, 3206628, 41
4747, 51, 50, 104, 7, 0, 45.05%, 0, 0, 7, 888.84, 3211232, 41
4752, 51, 37, 104, 7, 0, 45.05%, 0, 0, 7, 884.53, 3215667, 41
4757, 52, 50, 104, 7, 0, 45.05%, 0, 0, 7, 869.34, 3220186, 41
4762, 52, 50, 104, 7, 0, 45.05%, 0, 0, 7, 880.29, 3224745, 41
4767, 52, 50, 104, 7, 0, 45.05%, 0, 0, 7, 882.29, 3229364, 41
4772, 52, 50, 104, 7, 0, 45.05%, 0, 0, 7, 881.08, 3233954, 41
4777, 52, 50, 104, 7, 0, 45.05%, 0, 0, 7, 888.76, 3238608, 41
4783, 52, 50, 104, 7, 0, 45.05%, 0, 0, 7, 880.28, 3243197, 41
4788, 52, 50, 104, 7, 0, 45.05%, 0, 0, 7, 879.09, 3247820, 41
4793, 52, 52, 104, 6, 0, 45.05%, 0, 0, 7, 897.63, 3252421, 41
4798, 52, 50, 104, 6, 0, 45.05%, 0, 0, 7, 901.20, 3256935, 41
4803, 52, 35, 104, 6, 0, 45.05%, 0, 0, 7, 901.34, 3261407, 41
4808, 52, 50, 104, 6, 0, 45.05%, 0, 0, 7, 892.48, 3266049, 41
4813, 52, 71, 104, 6, 0, 45.05%, 0, 0, 7, 885.28, 3270636, 41
4818, 52, 33, 104, 6, 0, 45.05%, 0, 0, 7, 894.62, 3275149, 41
4824, 53, 50, 104, 6, 0, 45.05%, 0, 0, 7, 887.94, 3279704, 41
4829, 53, 50, 104, 6, 0, 45.05%, 0, 0, 7, 911.25, 3284430, 41
4834, 53, 50, 104, 6, 0, 45.05%, 0, 0, 7, 917.39, 3289036, 41
4839, 53, 50, 104, 6, 0, 45.05%, 0, 0, 7, 911.72, 3293594, 41
4844, 53, 50, 104, 6, 0, 45.05%, 0, 0, 7, 894.90, 3298214, 41
4849, 53, 52, 104, 6, 0, 45.05%, 0, 0, 7, 893.24, 3302750, 41
4854, 53, 50, 104, 6, 0, 45.05%, 0, 0, 7, 892.04, 3307386, 41
4860, 53, 50, 104, 6, 0, 45.05%, 0, 0, 7, 890.91, 3312001, 41
4865, 53, 50, 104, 6, 0, 45.05%, 0, 0, 7, 903.37, 3316522, 41
4870, 53, 50, 104, 6, 0, 45.05%, 0, 0, 7, 892.66, 3321120, 41
4875, 53, 50, 104, 6, 0, 45.05%, 0, 0, 7, 900.57, 3325661, 41
4880, 53, 50, 104, 6, 0, 45.05%, 0, 0, 7, 904.37, 3330221, 41
4885, 53, 50, 104, 6, 0, 45.05%, 0, 0, 7, 904.45, 3334771, 41
4890, 54, 50, 104, 6, 0, 45.05%, 0, 0, 7, 906.37, 3339302, 41
4895, 54, 50, 104, 6, 0, 45.05%, 0, 0, 7, 919.09, 3344058, 41
4900, 54, 50, 104, 6, 0, 45.05%, 0, 0, 7, 916.13, 3348594, 41
4905, 54, 50, 104, 6, 0, 45.05%, 0, 0, 7, 903.49, 3353181, 41
4911, 54, 50, 104, 6, 0, 45.05%, 0, 0, 7, 906.94, 3357853, 41
4916, 54, 50, 104, 6, 0, 45.05%, 0, 0, 7, 881.56, 3362469, 41
4921, 54, 50, 104, 6, 0, 45.05%, 0, 0, 7, 865.45, 3367005, 41
4926, 54, 50, 104, 6, 0, 45.05%, 0, 0, 7, 881.64, 3371452, 41
4931, 54, 50, 104, 6, 0, 45.05%, 0, 0, 7, 888.52, 3376135, 41
4936, 54, 50, 104, 6, 0, 45.05%, 0, 0, 7, 888.22, 3380620, 41
4941, 54, 52, 104, 6, 0, 45.05%, 0, 0, 7, 898.32, 3385215, 41
4946, 54, 39, 104, 6, 0, 45.05%, 0, 0, 7, 868.97, 3389769, 41
4951, 54, 50, 104, 6, 0, 45.05%, 0, 0, 7, 894.92, 3394326, 41
4957, 55, 50, 104, 6, 0, 45.05%, 0, 0, 7, 895.10, 3399003, 41
4962, 55, 50, 104, 6, 0, 45.05%, 0, 0, 7, 885.19, 3403447, 41
4967, 55, 50, 104, 6, 0, 45.05%, 0, 0, 7, 891.58, 3408078, 41
4972, 55, 50, 104, 6, 0, 45.05%, 0, 0, 7, 878.90, 3412553, 41
4977, 55, 37, 104, 6, 0, 45.05%, 0, 0, 7, 884.74, 3417164, 41
4982, 55, 50, 104, 6, 0, 45.05%, 0, 0, 7, 901.64, 3421882, 41
4987, 55, 59, 104, 6, 0, 45.05%, 0, 0, 7, 894.74, 3426534, 41
4993, 55, 33, 104, 6, 0, 45.05%, 0, 0, 7, 887.86, 3431150, 41
4998, 55, 50, 104, 6, 0, 45.05%, 0, 0, 7, 904.87, 3435859, 41
5003, 55, 50, 104, 6, 0, 45.05%, 0, 0, 7, 894.09, 3440402, 41
5008, 55, 39, 104, 6, 0, 45.05%, 0, 0, 7, 895.69, 3445082, 41
5013, 55, 50, 104, 6, 0, 45.05%, 0, 0, 7, 885.15, 3449508, 41
5018, 55, 33, 104, 6, 0, 45.05%, 0, 0, 7, 894.06, 3454147, 41
5023, 56, 37, 104, 6, 0, 45.05%, 0, 0, 7, 885.70, 3458540, 41
5028, 56, 50, 104, 6, 0, 45.05%, 0, 0, 7, 880.97, 3462957, 41
5033, 56, 50, 104, 6, 0, 45.05%, 0, 0, 7, 888.98, 3467416, 41
5038, 56, 50, 104, 6, 0, 45.05%, 0, 0, 7, 899.81, 3471959, 41
5043, 56, 50, 104, 6, 0, 45.05%, 0, 0, 7, 898.18, 3476608, 41
5048, 56, 50, 104, 6, 0, 45.05%, 0, 0, 7, 895.26, 3481106, 41
5054, 56, 35, 104, 6, 0, 45.05%, 0, 0, 7, 890.65, 3485721, 41
5059, 56, 59, 104, 6, 0, 45.05%, 0, 0, 7, 891.39, 3490183, 41
5064, 56, 50, 104, 6, 0, 45.05%, 0, 0, 7, 892.44, 3494674, 41
5069, 56, 50, 104, 6, 0, 45.05%, 0, 0, 7, 893.51, 3499280, 41
5074, 56, 59, 104, 6, 0, 45.05%, 0, 0, 7, 887.60, 3503767, 41
5079, 56, 33, 104, 6, 0, 45.05%, 0, 0, 7, 898.76, 3508286, 41
5084, 56, 33, 104, 6, 0, 45.05%, 0, 0, 7, 887.76, 3512901, 41
5089, 57, 50, 104, 6, 0, 45.05%, 0, 0, 7, 877.86, 3517411, 41
5094, 57, 50, 104, 6, 0, 45.05%, 0, 0, 7, 891.73, 3521873, 41
5099, 57, 50, 104, 6, 0, 45.05%, 0, 0, 7, 896.18, 3526339, 41
5104, 57, 39, 104, 6, 0, 45.05%, 0, 0, 7, 901.51, 3530853, 41
5110, 57, 50, 104, 6, 0, 45.05%, 0, 0, 7, 895.89, 3535480, 41
5115, 57, 35, 104, 6, 0, 45.05%, 0, 0, 7, 903.05, 3540115, 41
5120, 57, 50, 104, 6, 0, 45.05%, 0, 0, 7, 905.10, 3544665, 41
5125, 57, 50, 104, 6, 0, 45.05%, 0, 0, 7, 896.79, 3549097, 41
5130, 57, 59, 104, 6, 0, 45.05%, 0, 0, 7, 890.43, 3553501, 41
5135, 57, 50, 104, 6, 0, 45.05%, 0, 0, 7, 890.42, 3558087, 41
5140, 57, 50, 104, 6, 0, 45.05%, 0, 0, 7, 874.51, 3562574, 41
5145, 57, 50, 104, 6, 0, 45.05%, 0, 0, 7, 907.53, 3567309, 41
5151, 57, 50, 104, 6, 0, 45.05%, 0, 0, 7, 912.06, 3572014, 41
5156, 58, 50, 104, 6, 0, 45.05%, 0, 0, 7, 886.76, 3576600, 41
5161, 58, 52, 104, 6, 0, 45.05%, 0, 0, 7, 893.36, 3581119, 41
5166, 58, 50, 104, 6, 0, 45.05%, 0, 0, 7, 889.56, 3585603, 41
5171, 58, 50, 104, 6, 0, 45.05%, 0, 0, 7, 899.14, 3590154, 41
5176, 58, 33, 104, 6, 0, 45.05%, 0, 0, 7, 888.80, 3594802, 41
5181, 58, 50, 104, 6, 0, 45.05%, 0, 0, 7, 877.27, 3599348, 41
5186, 58, 52, 104, 6, 0, 45.05%, 0, 0, 7, 901.01, 3603909, 41
5191, 58, 50, 104, 6, 0, 45.05%, 0, 0, 7, 895.22, 3608431, 41
5196, 58, 39, 104, 6, 0, 45.05%, 0, 0, 7, 889.99, 3612929, 41
5201, 58, 50, 104, 6, 0, 45.05%, 0, 0, 7, 885.14, 3617515, 41
5206, 58, 43, 104, 6, 0, 45.05%, 0, 0, 7, 875.19, 3621846, 41
5212, 58, 50, 104, 6, 0, 45.05%, 0, 0, 7, 894.96, 3626521, 41
5217, 58, 37, 104, 6, 0, 45.05%, 0, 0, 7, 892.36, 3631155, 41
5222, 58, 52, 104, 6, 0, 45.05%, 0, 0, 7, 896.24, 3635677, 41
5227, 59, 39, 104, 6, 0, 45.05%, 0, 0, 7, 886.69, 3640315, 41
5232, 59, 50, 104, 6, 0, 45.05%, 0, 0, 7, 893.44, 3644832, 41
5237, 59, 33, 104, 6, 0, 45.05%, 0, 0, 7, 868.68, 3649175, 41
5242, 59, 50, 104, 6, 0, 45.05%, 0, 0, 7, 879.60, 3653622, 41
5247, 59, 50, 104, 6, 0, 45.05%, 0, 0, 7, 904.73, 3658370, 41
5252, 59, 50, 104, 6, 0, 45.05%, 0, 0, 7, 883.05, 3662806, 41
5257, 59, 50, 104, 6, 0, 45.05%, 0, 0, 7, 884.55, 3667243, 41
5262, 59, 35, 104, 6, 0, 45.05%, 0, 0, 7, 892.38, 3671838, 41
5267, 59, 50, 104, 6, 0, 45.05%, 0, 0, 7, 901.06, 3676364, 41
5272, 59, 33, 104, 6, 0, 45.05%, 0, 0, 7, 896.22, 3680887, 41
5278, 59, 50, 104, 6, 0, 45.05%, 0, 0, 7, 895.17, 3685545, 41
5283, 59, 50, 104, 6, 0, 45.05%, 0, 0, 7, 895.45, 3690088, 41
5288, 59, 39, 104, 6, 0, 45.05%, 0, 0, 7, 871.58, 3694474, 41
5293, 60, 33, 104, 6, 0, 45.05%, 0, 0, 7, 890.26, 3699117, 41
5297, 60, 50, 104, 6, 0, 45.05%, 1, 0, 7, 0.00, 3702861, 41
