# relative_time, cycles_done, cur_item, corpus_count, pending_total, pending_favs, map_size, saved_crashes, saved_hangs, max_depth, execs_per_sec, total_execs, edges_found
73, 0, 1, 10, 8, 0, 31.52%, 0, 0, 3, 0.04, 1718, 29
78, 0, 1, 10, 8, 0, 31.52%, 0, 0, 3, 365.00, 1792, 29
89, 0, 1, 12, 10, 0, 31.52%, 0, 0, 3, 5.91, 3486, 29
122, 0, 1, 12, 10, 0, 31.52%, 0, 0, 3, 0.03, 3487, 29
127, 0, 11, 15, 12, 0, 33.70%, 0, 0, 4, 649.47, 4865, 31
170, 0, 11, 18, 15, 0, 34.78%, 0, 0, 4, 1.21, 6854, 32
176, 0, 11, 18, 15, 0, 34.78%, 0, 0, 4, 1.17, 6857, 32
181, 0, 11, 22, 19, 0, 35.87%, 0, 0, 4, 596.74, 9867, 33
222, 0, 11, 22, 19, 0, 35.87%, 0, 0, 4, 2.41, 10370, 33
264, 0, 14, 25, 19, 1, 39.13%, 0, 0, 5, 0.05, 11973, 36
269, 0, 22, 30, 22, 0, 40.22%, 0, 0, 6, 649.37, 15292, 37
306, 0, 22, 30, 22, 0, 40.22%, 0, 0, 6, 1.61, 15484, 37
346, 0, 22, 32, 24, 0, 42.39%, 0, 0, 6, 0.99, 17742, 39
351, 0, 31, 39, 29, 0, 44.57%, 0, 0, 7, 594.63, 20701, 41
384, 0, 31, 39, 29, 0, 44.57%, 0, 0, 7, 2.97, 21195, 41
420, 0, 31, 40, 30, 0, 44.57%, 0, 0, 7, 1.46, 22774, 41
455, 0, 31, 40, 30, 0, 44.57%, 0, 0, 7, 3.51, 25846, 41
487, 0, 31, 44, 34, 0, 45.65%, 0, 0, 7, 4.49, 26810, 42
492, 0, 14, 49, 36, 0, 45.65%, 0, 0, 7, 589.62, 29803, 42
522, 0, 14, 49, 36, 0, 45.65%, 0, 0, 7, 2.45, 30291, 42
527, 0, 40, 52, 39, 0, 45.65%, 0, 0, 8, 625.79, 33516, 42
557, 0, 40, 52, 39, 0, 45.65%, 0, 0, 8, 0.41, 34020, 42
592, 0, 40, 52, 39, 0, 45.65%, 0, 0, 8, 3.65, 35589, 42
597, 0, 18, 53, 40, 0, 45.65%, 0, 0, 8, 624.98, 38776, 42
625, 0, 18, 53, 40, 0, 45.65%, 0, 0, 8, 3.72, 39283, 42
656, 0, 38, 56, 43, 0, 45.65%, 0, 0, 8, 0.48, 42003, 42
665, 0, 38, 58, 45, 0, 45.65%, 0, 0, 8, 7.95, 44231, 42
680, 0, 38, 58, 45, 0, 45.65%, 0, 0, 8, 1.05, 44247, 42
713, 0, 40, 59, 43, 0, 48.91%, 0, 0, 8, 4.88, 46980, 45
713, 0, 58, 61, 45, 0, 48.91%, 1, 0, 9, 0.00, 47505, 45
