# relative_time, cycles_done, cur_item, corpus_count, pending_total, pending_favs, map_size, saved_crashes, saved_hangs, max_depth, execs_per_sec, total_execs, edges_found
74, 0, 0, 20, 20, 1, 52.56%, 0, 0, 2, 0.04, 1841, 41
79, 0, 0, 20, 20, 1, 52.56%, 0, 0, 2, 135.27, 1874, 41
123, 0, 0, 23, 23, 1, 53.85%, 0, 0, 2, 1.38, 3663, 42
128, 0, 0, 25, 25, 1, 55.13%, 0, 0, 2, 672.77, 5110, 43
171, 0, 0, 28, 28, 1, 56.41%, 0, 0, 2, 0.99, 7445, 44
176, 0, 0, 28, 28, 1, 56.41%, 0, 0, 2, 0.18, 7446, 44
181, 0, 0, 28, 28, 1, 56.41%, 0, 0, 2, 660.80, 10903, 44
223, 0, 0, 28, 28, 1, 56.41%, 0, 0, 2, 0.32, 11345, 44
264, 0, 0, 28, 28, 1, 56.41%, 0, 0, 2, 1.67, 13191, 44
269, 0, 0, 29, 29, 1, 57.69%, 0, 0, 2, 693.68, 16747, 45
307, 0, 0, 29, 29, 1, 57.69%, 0, 0, 2, 0.35, 16968, 45
347, 0, 0, 29, 29, 1, 57.69%, 0, 0, 2, 0.36, 19399, 45
352, 0, 0, 30, 30, 1, 57.69%, 0, 0, 2, 666.74, 22838, 45
385, 0, 0, 30, 30, 1, 57.69%, 0, 0, 2, 0.81, 23293, 45
420, 0, 0, 30, 30, 1, 57.69%, 0, 0, 2, 1.97, 25035, 45
423, 0, 0, 30, 30, 1, 57.69%, 1, 0, 2, 0.00, 26869, 45
