# relative_time, cycles_done, cur_item, corpus_count, pending_total, pending_favs, map_size, saved_crashes, saved_hangs, max_depth, execs_per_sec, total_execs, edges_found
74, 0, 0, 10, 9, 0, 24.21%, 0, 0, 2, 0.04, 1785, 23
79, 0, 0, 10, 9, 0, 24.21%, 0, 0, 2, 386.47, 1869, 23
123, 0, 0, 15, 14, 0, 25.26%, 0, 0, 2, 0.35, 3276, 24
128, 0, 0, 15, 14, 0, 25.26%, 0, 0, 2, 511.61, 4369, 24
176, 0, 0, 17, 16, 0, 25.26%, 0, 0, 2, 0.23, 5866, 24
176, 0, 0, 17, 16, 0, 25.26%, 0, 0, 2, 0.22, 5867, 24
181, 0, 10, 17, 15, 2, 25.26%, 0, 0, 2, 459.92, 8211, 24
223, 0, 13, 17, 14, 1, 25.26%, 0, 0, 2, 0.44, 8540, 24
264, 0, 10, 19, 15, 0, 25.26%, 0, 0, 3, 0.05, 9765, 24
269, 0, 10, 20, 16, 0, 26.32%, 0, 0, 3, 499.44, 12275, 25
307, 0, 10, 20, 16, 0, 26.32%, 0, 0, 3, 0.24, 12456, 25
347, 0, 10, 24, 19, 0, 31.58%, 0, 0, 3, 1.48, 14180, 30
352, 0, 10, 28, 23, 0, 33.68%, 0, 0, 3, 456.42, 16467, 32
385, 0, 10, 28, 23, 0, 33.68%, 0, 0, 3, 1.39, 16836, 32
420, 0, 10, 28, 23, 0, 33.68%, 0, 0, 3, 3.00, 18042, 32
456, 0, 10, 29, 24, 0, 33.68%, 0, 0, 3, 2.93, 20407, 32
487, 0, 10, 29, 24, 0, 33.68%, 0, 0, 3, 3.63, 21173, 32
492, 0, 10, 30, 25, 0, 33.68%, 0, 0, 3, 456.72, 23501, 32
523, 0, 10, 30, 25, 0, 33.68%, 0, 0, 3, 2.41, 23897, 32
528, 0, 34, 38, 27, 0, 34.74%, 0, 0, 5, 468.65, 26349, 33
558, 0, 34, 39, 28, 0, 34.74%, 0, 0, 5, 2.46, 26716, 33
592, 0, 34, 39, 28, 0, 34.74%, 0, 0, 5, 1.56, 27894, 33
597, 0, 34, 39, 28, 0, 34.74%, 0, 0, 5, 476.43, 30296, 33
626, 0, 34, 41, 30, 0, 35.79%, 0, 0, 5, 1.92, 30628, 34
657, 0, 41, 43, 31, 1, 36.84%, 0, 0, 5, 3.54, 32702, 35
665, 0, 42, 45, 32, 0, 36.84%, 0, 0, 6, 2.05, 34453, 35
680, 0, 42, 45, 32, 0, 36.84%, 0, 0, 6, 1.97, 34466, 35
713, 0, 42, 47, 34, 0, 36.84%, 0, 0, 6, 21.00, 36632, 35
713, 0, 42, 47, 34, 0, 36.84%, 0, 0, 6, 0.04, 36633, 35
718, 0, 41, 49, 36, 0, 36.84%, 0, 0, 6, 621.27, 39721, 35
740, 0, 41, 49, 36, 0, 36.84%, 0, 0, 6, 0.46, 39933, 35
762, 0, 41, 49, 36, 0, 36.84%, 0, 0, 6, 5.99, 41649, 35
789, 0, 19, 51, 38, 0, 36.84%, 0, 0, 6, 6.37, 44665, 35
794, 0, 25, 52, 39, 0, 36.84%, 0, 0, 6, 665.96, 47968, 35
817, 0, 25, 52, 39, 0, 36.84%, 0, 0, 6, 6.10, 48264, 35
837, 0, 41, 53, 40, 0, 36.84%, 0, 0, 6, 3.29, 50660, 35
842, 1, 53, 61, 47, 0, 36.84%, 0, 0, 6, 764.05, 54469, 35
864, 1, 34, 61, 46, 0, 36.84%, 0, 0, 6, 6.34, 54921, 35
893, 1, 52, 63, 47, 0, 36.84%, 0, 0, 7, 5.61, 58894, 35
898, 1, 19, 65, 46, 0, 37.89%, 0, 0, 7, 769.33, 62702, 36
916, 1, 63, 70, 51, 0, 48.42%, 0, 0, 7, 1.71, 63410, 46
916, 1, 63, 70, 51, 0, 48.42%, 1, 0, 7, 0.00, 63466, 46
