# relative_time, cycles_done, cur_item, corpus_count, pending_total, pending_favs, map_size, saved_crashes, saved_hangs, max_depth, execs_per_sec, total_execs, edges_found
73, 0, 2, 8, 6, 1, 29.03%, 0, 0, 3, 0.04, 1558, 27
78, 0, 2, 8, 6, 1, 29.03%, 0, 0, 3, 280.79, 1619, 27
122, 0, 1, 13, 9, 0, 31.18%, 0, 0, 3, 1.97, 3331, 29
127, 0, 1, 14, 10, 0, 31.18%, 0, 0, 3, 684.51, 4761, 29
170, 0, 12, 16, 9, 0, 33.33%, 0, 0, 4, 3.63, 6893, 31
175, 0, 12, 16, 9, 0, 33.33%, 0, 0, 4, 0.54, 6896, 31
180, 0, 14, 20, 12, 1, 33.33%, 0, 0, 5, 624.61, 10039, 31
222, 0, 9, 20, 11, 0, 33.33%, 0, 0, 5, 2.66, 10581, 31
263, 0, 9, 22, 13, 0, 36.56%, 0, 0, 5, 1.11, 12292, 34
268, 0, 21, 29, 19, 0, 38.71%, 0, 0, 5, 683.82, 15828, 36
306, 0, 21, 29, 19, 0, 38.71%, 0, 0, 5, 0.35, 15971, 36
346, 0, 21, 31, 21, 0, 39.78%, 0, 0, 5, 3.56, 18338, 37
351, 0, 12, 32, 19, 0, 39.78%, 0, 0, 5, 634.36, 21484, 37
384, 0, 26, 32, 19, 0, 39.78%, 0, 0, 5, 2.60, 22002, 37
419, 0, 12, 33, 20, 0, 39.78%, 0, 0, 6, 1.09, 23672, 37
455, 0, 29, 40, 27, 0, 40.86%, 0, 0, 6, 0.85, 26959, 38
486, 0, 29, 40, 27, 0, 40.86%, 0, 0, 6, 4.16, 27994, 38
491, 0, 12, 42, 28, 0, 40.86%, 0, 0, 6, 655.55, 31401, 38
522, 0, 36, 42, 28, 0, 40.86%, 0, 0, 6, 4.35, 31820, 38
527, 0, 21, 45, 30, 0, 41.94%, 0, 0, 7, 655.44, 35185, 39
557, 0, 12, 45, 30, 0, 41.94%, 0, 0, 7, 4.15, 35695, 39
591, 0, 27, 47, 32, 0, 41.94%, 0, 0, 7, 2.72, 37303, 39
596, 0, 12, 48, 33, 0, 41.94%, 0, 0, 7, 656.41, 40734, 39
625, 0, 12, 48, 33, 0, 41.94%, 0, 0, 7, 0.43, 41143, 39
656, 0, 43, 51, 36, 0, 43.01%, 0, 0, 8, 4.65, 43935, 40
664, 0, 43, 53, 38, 0, 44.09%, 0, 0, 8, 24.21, 46201, 41
679, 0, 43, 53, 38, 0, 44.09%, 0, 0, 8, 1.44, 46223, 41
712, 0, 27, 56, 38, 0, 44.09%, 0, 0, 9, 4.40, 49033, 41
717, 0, 55, 59, 41, 0, 45.16%, 0, 0, 10, 729.90, 52707, 42
739, 0, 55, 59, 41, 0, 45.16%, 0, 0, 10, 4.77, 53063, 42
761, 0, 55, 60, 42, 0, 47.31%, 0, 0, 10, 6.20, 54899, 44
788, 0, 60, 62, 41, 0, 48.39%, 0, 0, 11, 4.52, 58241, 45
793, 0, 12, 62, 41, 0, 48.39%, 0, 0, 11, 740.06, 62025, 45
816, 0, 12, 63, 42, 0, 48.39%, 0, 0, 11, 2.89, 62257, 45
836, 1, 12, 70, 48, 0, 48.39%, 0, 0, 11, 1.41, 64724, 45
841, 1, 59, 77, 53, 0, 48.39%, 0, 0, 11, 787.69, 68738, 45
863, 1, 62, 77, 53, 0, 48.39%, 0, 0, 11, 0.05, 69062, 45
892, 1, 60, 80, 54, 0, 48.39%, 0, 0, 11, 1.18, 73061, 45
897, 1, 12, 84, 57, 0, 48.39%, 0, 0, 11, 803.67, 77124, 45
915, 1, 12, 84, 57, 0, 48.39%, 0, 0, 11, 3.39, 77856, 45
933, 1, 12, 86, 59, 0, 48.39%, 0, 0, 11, 5.01, 80587, 45
945, 1, 12, 86, 58, 0, 48.39%, 0, 0, 11, 7.57, 83274, 45
953, 1, 12, 86, 58, 0, 48.39%, 0, 0, 11, 7.08, 83300, 45
958, 1, 14, 86, 57, 0, 48.39%, 0, 0, 11, 797.21, 87443, 45
968, 1, 59, 86, 57, 0, 48.39%, 0, 0, 11, 1.51, 88193, 45
973, 2, 60, 91, 61, 0, 48.39%, 0, 0, 11, 783.69, 92150, 45
980, 2, 60, 92, 62, 0, 48.39%, 0, 0, 11, 13.83, 92667, 45
990, 2, 60, 92, 62, 0, 48.39%, 0, 0, 11, 0.09, 92668, 45
1006, 2, 96, 97, 67, 0, 48.39%, 0, 0, 11, 1.24, 95495, 45
1026, 2, 96, 101, 71, 0, 48.39%, 0, 0, 11, 3.81, 98262, 45
1040, 2, 12, 105, 73, 0, 48.39%, 0, 0, 11, 9.45, 101858, 45
1045, 2, 57, 107, 75, 0, 48.39%, 0, 0, 11, 776.01, 105842, 45
1050, 2, 21, 107, 75, 0, 48.39%, 0, 0, 11, 9.81, 106211, 45
1063, 2, 21, 107, 75, 0, 48.39%, 0, 0, 11, 0.95, 106224, 45
1069, 2, 60, 110, 78, 0, 48.39%, 0, 0, 11, 781.74, 110239, 45
1078, 2, 12, 110, 78, 0, 48.39%, 0, 0, 11, 0.91, 110738, 45
1096, 2, 43, 111, 78, 0, 48.39%, 0, 0, 11, 7.40, 112831, 45
1101, 2, 43, 111, 78, 0, 48.39%, 0, 0, 11, 803.23, 116932, 45
1114, 2, 80, 111, 78, 0, 48.39%, 0, 0, 11, 12.00, 117846, 45
1119, 2, 43, 113, 79, 0, 48.39%, 0, 0, 11, 758.74, 121679, 45
1129, 2, 50, 113, 79, 0, 48.39%, 0, 0, 11, 0.54, 122171, 45
1146, 2, 50, 113, 79, 0, 48.39%, 0, 0, 11, 12.56, 125278, 45
1151, 2, 12, 113, 77, 0, 48.39%, 0, 0, 11, 759.04, 129217, 45
1156, 2, 12, 114, 77, 0, 48.39%, 0, 0, 11, 816.04, 131091, 45
1170, 3, 12, 114, 77, 0, 48.39%, 0, 0, 11, 9.25, 133015, 45
1175, 3, 60, 115, 78, 0, 48.39%, 0, 0, 11, 773.00, 137024, 45
1180, 3, 53, 115, 78, 0, 48.39%, 0, 0, 11, 686.41, 139351, 45
1189, 3, 53, 115, 78, 0, 48.39%, 0, 0, 11, 14.51, 139997, 45
1194, 3, 53, 115, 78, 0, 48.39%, 0, 0, 11, 782.89, 143951, 45
1204, 3, 12, 115, 77, 0, 48.39%, 0, 0, 11, 15.28, 145555, 45
1209, 3, 12, 115, 77, 0, 48.39%, 0, 0, 11, 744.90, 149446, 45
1218, 3, 60, 115, 77, 0, 48.39%, 0, 0, 11, 17.79, 150848, 45
1224, 3, 11, 115, 76, 0, 48.39%, 0, 0, 11, 756.82, 154740, 45
1229, 3, 15, 115, 75, 0, 48.39%, 0, 0, 11, 2.49, 155888, 45
1237, 3, 59, 115, 75, 0, 48.39%, 0, 0, 11, 26.55, 158602, 45
1242, 3, 57, 115, 75, 0, 48.39%, 0, 0, 11, 721.20, 162485, 45
1248, 3, 101, 115, 75, 0, 48.39%, 0, 0, 11, 569.30, 164289, 45
1253, 3, 12, 115, 74, 0, 48.39%, 0, 0, 11, 5.50, 164971, 45
1258, 3, 57, 115, 74, 0, 48.39%, 0, 0, 11, 772.48, 167825, 45
1263, 4, 12, 115, 74, 0, 48.39%, 0, 0, 11, 765.45, 171700, 45
1270, 4, 12, 115, 74, 0, 48.39%, 0, 0, 11, 2.20, 172498, 45
1275, 4, 12, 115, 74, 0, 48.39%, 0, 0, 11, 749.21, 176457, 45
1284, 4, 53, 115, 73, 0, 48.39%, 0, 0, 11, 8.05, 179457, 45
1289, 4, 15, 117, 75, 0, 48.39%, 0, 0, 11, 777.22, 183421, 45
1294, 4, 20, 117, 74, 0, 48.39%, 0, 0, 11, 747.09, 187305, 45
1300, 4, 12, 117, 73, 0, 48.39%, 0, 0, 11, 25.03, 188053, 45
1305, 4, 12, 117, 72, 0, 48.39%, 0, 0, 11, 680.27, 191860, 45
1310, 4, 57, 117, 71, 0, 48.39%, 0, 0, 11, 731.95, 195644, 45
1315, 4, 98, 117, 71, 0, 48.39%, 0, 0, 11, 633.72, 198945, 45
1320, 4, 43, 117, 70, 0, 48.39%, 0, 0, 11, 708.52, 202416, 45
1325, 4, 60, 117, 69, 0, 48.39%, 0, 0, 11, 743.53, 206215, 45
1330, 4, 29, 117, 68, 0, 48.39%, 0, 0, 11, 758.87, 210050, 45
1338, 5, 12, 117, 68, 0, 48.39%, 0, 0, 11, 11.20, 213515, 45
1343, 5, 12, 117, 67, 0, 48.39%, 0, 0, 11, 654.89, 217329, 45
1348, 5, 12, 117, 67, 0, 48.39%, 0, 0, 11, 765.38, 221456, 45
1353, 5, 15, 117, 67, 0, 48.39%, 0, 0, 11, 777.00, 225505, 45
1358, 5, 57, 117, 66, 0, 48.39%, 0, 0, 11, 790.27, 229465, 45
1364, 5, 60, 117, 66, 0, 48.39%, 0, 0, 11, 730.78, 233060, 45
1369, 5, 12, 117, 66, 0, 48.39%, 0, 0, 11, 740.55, 236698, 45
1374, 5, 59, 117, 66, 0, 48.39%, 0, 0, 11, 774.76, 240748, 45
1379, 5, 57, 117, 66, 0, 48.39%, 0, 0, 11, 750.65, 244610, 45
1384, 5, 14, 117, 66, 0, 48.39%, 0, 0, 11, 775.83, 248689, 45
1389, 6, 71, 117, 65, 0, 48.39%, 0, 0, 11, 776.20, 252597, 45
1394, 6, 12, 117, 63, 0, 48.39%, 0, 0, 11, 761.21, 256275, 45
1399, 6, 59, 117, 63, 0, 48.39%, 0, 0, 11, 780.21, 260277, 45
1404, 6, 14, 117, 61, 0, 48.39%, 0, 0, 11, 786.91, 264387, 45
1409, 6, 12, 117, 61, 0, 48.39%, 0, 0, 11, 768.68, 268232, 45
1415, 6, 60, 117, 61, 0, 48.39%, 0, 0, 11, 532.99, 271243, 45
1420, 6, 12, 117, 61, 0, 48.39%, 0, 0, 11, 734.56, 275332, 45
1425, 6, 12, 117, 60, 0, 48.39%, 0, 0, 11, 768.19, 279251, 45
1430, 6, 12, 117, 60, 0, 48.39%, 0, 0, 11, 844.82, 282864, 45
1435, 6, 12, 117, 59, 0, 48.39%, 0, 0, 11, 735.42, 286561, 45
1440, 6, 91, 117, 58, 0, 48.39%, 0, 0, 11, 770.10, 290558, 45
1445, 7, 12, 117, 56, 0, 48.39%, 0, 0, 11, 797.61, 294568, 45
1450, 7, 12, 117, 55, 0, 48.39%, 0, 0, 11, 796.99, 298577, 45
1455, 7, 59, 117, 55, 0, 48.39%, 0, 0, 11, 793.38, 302558, 45
1460, 7, 12, 117, 55, 0, 48.39%, 0, 0, 11, 782.24, 306577, 45
1465, 7, 12, 117, 55, 0, 48.39%, 0, 0, 11, 790.73, 310664, 45
1471, 7, 26, 117, 54, 0, 48.39%, 0, 0, 11, 801.20, 314779, 45
1476, 7, 12, 117, 54, 0, 48.39%, 0, 0, 11, 813.01, 319013, 45
1481, 7, 15, 117, 53, 0, 48.39%, 0, 0, 11, 807.96, 323028, 45
1486, 7, 104, 117, 53, 0, 48.39%, 0, 0, 11, 757.37, 326831, 45
1491, 8, 59, 117, 51, 0, 48.39%, 0, 0, 11, 755.94, 330573, 45
1496, 8, 11, 117, 49, 0, 48.39%, 0, 0, 11, 754.49, 334300, 45
1501, 8, 88, 117, 48, 0, 48.39%, 0, 0, 11, 787.67, 338368, 45
1506, 8, 12, 117, 46, 0, 48.39%, 0, 0, 11, 810.75, 342438, 45
1511, 8, 12, 117, 45, 0, 48.39%, 0, 0, 11, 787.62, 346535, 45
1516, 8, 60, 117, 43, 0, 48.39%, 0, 0, 11, 793.98, 350570, 45
1522, 8, 57, 117, 43, 0, 48.39%, 0, 0, 11, 802.30, 354710, 45
1527, 8, 12, 117, 41, 0, 48.39%, 0, 0, 11, 812.28, 358937, 45
1532, 8, 57, 117, 41, 0, 48.39%, 0, 0, 11, 811.36, 363154, 45
1537, 8, 12, 117, 41, 0, 48.39%, 0, 0, 11, 776.31, 366988, 45
1542, 9, 15, 117, 41, 0, 48.39%, 0, 0, 11, 787.17, 371130, 45
1547, 9, 11, 117, 41, 0, 48.39%, 0, 0, 11, 793.00, 375137, 45
1552, 9, 12, 117, 41, 0, 48.39%, 0, 0, 11, 786.85, 379191, 45
1557, 9, 11, 117, 41, 0, 48.39%, 0, 0, 11, 797.48, 383172, 45
1562, 9, 12, 119, 42, 0, 48.39%, 0, 0, 11, 783.09, 387034, 45
1568, 9, 11, 119, 42, 0, 48.39%, 0, 0, 11, 769.37, 390827, 45
1573, 9, 21, 119, 42, 0, 48.39%, 0, 0, 11, 774.22, 394876, 45
1578, 9, 43, 119, 42, 0, 48.39%, 0, 0, 11, 781.55, 398826, 45
1583, 9, 59, 119, 42, 0, 48.39%, 0, 0, 11, 799.01, 402963, 45
1588, 10, 12, 119, 42, 0, 48.39%, 0, 0, 11, 787.51, 407014, 45
1593, 10, 36, 119, 41, 0, 48.39%, 0, 0, 11, 770.92, 410859, 45
1598, 10, 12, 119, 41, 0, 48.39%, 0, 0, 11, 768.48, 414701, 45
1604, 10, 21, 119, 41, 0, 48.39%, 0, 0, 11, 769.49, 418694, 45
1609, 10, 53, 119, 41, 0, 48.39%, 0, 0, 11, 772.15, 422714, 45
1614, 10, 57, 120, 42, 0, 48.39%, 0, 0, 11, 773.37, 426723, 45
1619, 10, 36, 120, 42, 0, 48.39%, 0, 0, 11, 797.98, 430907, 45
1624, 10, 53, 120, 41, 0, 48.39%, 0, 0, 11, 797.24, 434892, 45
1629, 10, 119, 120, 41, 0, 48.39%, 0, 0, 11, 668.44, 438240, 45
1634, 10, 59, 120, 40, 0, 48.39%, 0, 0, 11, 750.83, 442258, 45
1640, 10, 59, 120, 40, 0, 48.39%, 0, 0, 11, 759.61, 446192, 45
1645, 11, 59, 120, 40, 0, 48.39%, 0, 0, 11, 785.34, 450266, 45
1650, 11, 36, 120, 39, 0, 48.39%, 0, 0, 11, 764.61, 454094, 45
1655, 11, 36, 120, 38, 0, 48.39%, 0, 0, 11, 786.46, 458047, 45
1660, 11, 12, 120, 38, 0, 48.39%, 0, 0, 11, 772.66, 462081, 45
1665, 11, 11, 120, 38, 0, 48.39%, 0, 0, 11, 754.40, 465871, 45
1670, 11, 53, 120, 38, 0, 48.39%, 0, 0, 11, 758.22, 469654, 45
1675, 11, 12, 120, 38, 0, 48.39%, 0, 0, 11, 791.10, 473732, 45
1680, 11, 12, 120, 38, 0, 48.39%, 0, 0, 11, 782.12, 477620, 45
1686, 11, 29, 120, 38, 0, 48.39%, 0, 0, 11, 773.57, 481628, 45
1691, 12, 115, 120, 37, 0, 48.39%, 0, 0, 11, 790.82, 485722, 45
1696, 12, 26, 120, 37, 0, 48.39%, 0, 0, 11, 787.36, 489772, 45
1701, 12, 57, 120, 37, 0, 48.39%, 0, 0, 11, 782.49, 493810, 45
1706, 12, 53, 120, 37, 0, 48.39%, 0, 0, 11, 755.82, 497526, 45
1711, 12, 12, 120, 37, 0, 48.39%, 0, 0, 11, 759.07, 501369, 45
1716, 12, 43, 120, 37, 0, 48.39%, 0, 0, 11, 760.11, 505351, 45
1721, 12, 12, 120, 37, 0, 48.39%, 0, 0, 11, 759.73, 509151, 45
1726, 12, 11, 120, 37, 0, 48.39%, 0, 0, 11, 761.49, 513099, 45
1732, 12, 14, 120, 37, 0, 48.39%, 0, 0, 11, 769.26, 516909, 45
1737, 13, 59, 120, 37, 0, 48.39%, 0, 0, 11, 740.15, 520540, 45
1742, 13, 26, 120, 37, 0, 48.39%, 0, 0, 11, 793.43, 524703, 45
1747, 13, 12, 120, 36, 0, 48.39%, 0, 0, 11, 777.17, 528705, 45
1752, 13, 53, 120, 35, 0, 48.39%, 0, 0, 11, 782.85, 532740, 45
1757, 13, 26, 120, 35, 0, 48.39%, 0, 0, 11, 777.21, 536633, 45
1762, 13, 12, 120, 35, 0, 48.39%, 0, 0, 11, 760.85, 540477, 45
1767, 13, 79, 120, 35, 0, 48.39%, 0, 0, 11, 792.11, 544563, 45
1772, 13, 90, 120, 34, 0, 48.39%, 0, 0, 11, 777.89, 548468, 45
1778, 13, 12, 120, 33, 0, 48.39%, 0, 0, 11, 796.41, 552641, 45
1783, 13, 59, 120, 33, 0, 48.39%, 0, 0, 11, 774.64, 556401, 45
1788, 14, 12, 120, 33, 0, 48.39%, 0, 0, 11, 775.74, 560339, 45
1793, 14, 12, 120, 33, 0, 48.39%, 0, 0, 11, 778.60, 564444, 45
1798, 14, 29, 120, 33, 0, 48.39%, 0, 0, 11, 776.84, 568410, 45
1803, 14, 26, 120, 33, 0, 48.39%, 0, 0, 11, 764.93, 572360, 45
1808, 14, 43, 120, 33, 0, 48.39%, 0, 0, 11, 765.40, 576207, 45
1814, 14, 12, 120, 33, 0, 48.39%, 0, 0, 11, 744.78, 580123, 45
1819, 14, 59, 120, 33, 0, 48.39%, 0, 0, 11, 769.51, 584141, 45
1824, 14, 53, 120, 32, 0, 48.39%, 0, 0, 11, 741.22, 587727, 45
1829, 14, 12, 120, 31, 0, 48.39%, 0, 0, 11, 772.92, 591721, 45
1834, 14, 12, 120, 31, 0, 48.39%, 0, 0, 11, 746.34, 595692, 45
1839, 15, 59, 120, 31, 0, 48.39%, 0, 0, 11, 774.51, 599774, 45
1845, 15, 26, 120, 31, 0, 48.39%, 0, 0, 11, 778.79, 603797, 45
1850, 15, 26, 120, 31, 0, 48.39%, 0, 0, 11, 764.31, 607723, 45
1855, 15, 12, 120, 31, 0, 48.39%, 0, 0, 11, 783.61, 611790, 45
1860, 15, 59, 120, 30, 0, 48.39%, 0, 0, 11, 811.72, 615982, 45
1865, 15, 60, 120, 29, 0, 48.39%, 0, 0, 11, 794.62, 620001, 45
1870, 15, 21, 120, 29, 0, 48.39%, 0, 0, 11, 794.01, 624090, 45
1876, 15, 11, 120, 29, 0, 48.39%, 0, 0, 11, 774.22, 628095, 45
1881, 15, 117, 120, 29, 0, 48.39%, 0, 0, 11, 502.78, 630625, 45
1886, 15, 12, 120, 28, 0, 48.39%, 0, 0, 11, 399.35, 632256, 45
1891, 16, 12, 120, 28, 0, 48.39%, 0, 0, 11, 671.33, 636088, 45
1896, 16, 12, 120, 28, 0, 48.39%, 0, 0, 11, 755.96, 640130, 45
1901, 16, 60, 120, 27, 0, 48.39%, 0, 0, 11, 801.52, 644276, 45
1906, 16, 57, 120, 27, 0, 48.39%, 0, 0, 11, 786.15, 648162, 45
1911, 16, 12, 120, 27, 0, 48.39%, 0, 0, 11, 784.83, 652051, 45
1916, 16, 11, 120, 26, 0, 48.39%, 0, 0, 11, 770.03, 656055, 45
1922, 16, 57, 120, 26, 0, 48.39%, 0, 0, 11, 789.86, 660189, 45
1927, 16, 14, 120, 25, 0, 48.39%, 0, 0, 11, 807.21, 664256, 45
1932, 16, 12, 120, 25, 0, 48.39%, 0, 0, 11, 796.49, 668208, 45
1937, 16, 26, 120, 25, 0, 48.39%, 0, 0, 11, 793.10, 672293, 45
1942, 17, 59, 120, 25, 0, 48.39%, 0, 0, 11, 811.08, 676507, 45
1947, 17, 60, 120, 25, 0, 48.39%, 0, 0, 11, 801.27, 680451, 45
1952, 17, 12, 120, 24, 0, 48.39%, 0, 0, 11, 796.93, 684545, 45
1957, 17, 57, 120, 24, 0, 48.39%, 0, 0, 11, 812.19, 688758, 45
1963, 17, 60, 120, 23, 0, 48.39%, 0, 0, 11, 811.71, 692953, 45
1968, 17, 43, 120, 23, 0, 48.39%, 0, 0, 11, 790.09, 697026, 45
1973, 17, 12, 120, 23, 0, 48.39%, 0, 0, 11, 770.15, 701019, 45
1978, 17, 12, 120, 23, 0, 48.39%, 0, 0, 11, 775.61, 705070, 45
1983, 17, 27, 120, 23, 0, 48.39%, 0, 0, 11, 776.44, 708968, 45
1988, 18, 59, 120, 23, 0, 48.39%, 0, 0, 11, 789.29, 713111, 45
1993, 18, 53, 120, 23, 0, 48.39%, 0, 0, 11, 790.37, 717072, 45
1999, 18, 21, 121, 24, 0, 48.39%, 0, 0, 11, 781.54, 721108, 45
2004, 18, 12, 121, 24, 0, 48.39%, 0, 0, 11, 758.37, 724859, 45
2009, 18, 14, 121, 23, 0, 48.39%, 0, 0, 11, 785.77, 728949, 45
2014, 18, 73, 121, 23, 0, 48.39%, 0, 0, 11, 791.89, 733043, 45
2019, 18, 12, 121, 22, 0, 48.39%, 0, 0, 11, 783.33, 737096, 45
2024, 18, 12, 122, 23, 0, 48.39%, 0, 0, 11, 788.42, 741050, 45
2029, 18, 12, 122, 23, 0, 48.39%, 0, 0, 11, 793.17, 745206, 45
2035, 18, 12, 122, 23, 0, 48.39%, 0, 0, 11, 794.75, 749303, 45
2040, 19, 53, 122, 23, 0, 48.39%, 0, 0, 11, 790.25, 753165, 45
2045, 19, 12, 122, 23, 0, 48.39%, 0, 0, 11, 767.34, 757073, 45
2050, 19, 121, 122, 23, 0, 48.39%, 0, 0, 11, 673.59, 760436, 45
2055, 19, 12, 122, 21, 0, 48.39%, 0, 0, 11, 756.48, 764457, 45
2060, 19, 53, 122, 20, 0, 48.39%, 0, 0, 11, 792.61, 768624, 45
2065, 19, 15, 122, 20, 0, 48.39%, 0, 0, 11, 772.61, 772557, 45
2070, 19, 87, 122, 20, 0, 48.39%, 0, 0, 11, 786.02, 776456, 45
2075, 19, 12, 122, 19, 0, 48.39%, 0, 0, 11, 780.10, 780318, 45
2080, 19, 12, 122, 19, 0, 48.39%, 0, 0, 11, 784.82, 784385, 45
2085, 19, 24, 122, 19, 0, 48.39%, 0, 0, 11, 787.98, 788286, 45
2091, 19, 118, 122, 18, 0, 48.39%, 0, 0, 11, 406.76, 790073, 45
2096, 20, 26, 122, 17, 0, 48.39%, 0, 0, 11, 499.28, 792219, 45
2101, 20, 12, 122, 17, 0, 48.39%, 0, 0, 11, 748.15, 796404, 45
2106, 20, 60, 122, 17, 0, 48.39%, 0, 0, 11, 788.93, 800495, 45
2111, 20, 12, 122, 17, 0, 48.39%, 0, 0, 11, 784.04, 804572, 45
2116, 20, 29, 122, 17, 0, 48.39%, 0, 0, 11, 799.28, 808705, 45
2121, 20, 110, 122, 17, 0, 48.39%, 0, 0, 11, 737.36, 812486, 45
2126, 20, 12, 122, 16, 0, 48.39%, 0, 0, 11, 783.07, 816496, 45
2131, 20, 12, 122, 16, 0, 48.39%, 0, 0, 11, 794.61, 820475, 45
2137, 20, 12, 122, 16, 0, 48.39%, 0, 0, 11, 787.45, 824424, 45
2142, 20, 12, 122, 16, 0, 48.39%, 0, 0, 11, 772.33, 828244, 45
2147, 21, 60, 122, 16, 0, 48.39%, 0, 0, 11, 796.22, 832377, 45
2152, 21, 12, 122, 16, 0, 48.39%, 0, 0, 11, 780.04, 836255, 45
2157, 21, 36, 122, 16, 0, 48.39%, 0, 0, 11, 791.08, 840258, 45
2162, 21, 12, 122, 15, 0, 48.39%, 0, 0, 11, 789.43, 844269, 45
2167, 21, 12, 122, 15, 0, 48.39%, 0, 0, 11, 806.82, 848278, 45
2172, 21, 59, 122, 15, 0, 48.39%, 0, 0, 11, 790.80, 852221, 45
2177, 21, 12, 122, 15, 0, 48.39%, 0, 0, 11, 771.69, 856093, 45
2182, 21, 12, 122, 15, 0, 48.39%, 0, 0, 11, 792.36, 860213, 45
2188, 21, 53, 122, 15, 0, 48.39%, 0, 0, 11, 791.37, 864271, 45
2193, 22, 11, 122, 15, 0, 48.39%, 0, 0, 11, 778.75, 868254, 45
2198, 22, 57, 122, 15, 0, 48.39%, 0, 0, 11, 797.39, 872368, 45
2203, 22, 43, 123, 16, 0, 48.39%, 0, 0, 11, 776.12, 876367, 45
2208, 22, 57, 123, 16, 0, 48.39%, 0, 0, 11, 795.91, 880531, 45
2213, 22, 59, 123, 16, 0, 48.39%, 0, 0, 11, 788.51, 884529, 45
2218, 22, 12, 123, 15, 0, 48.39%, 0, 0, 11, 762.63, 888464, 45
2223, 22, 81, 123, 15, 0, 48.39%, 0, 0, 11, 762.89, 892308, 45
2229, 22, 12, 123, 15, 0, 48.39%, 0, 0, 11, 787.44, 896444, 45
2234, 22, 21, 123, 15, 0, 48.39%, 0, 0, 11, 789.24, 900534, 45
2239, 22, 11, 123, 15, 0, 48.39%, 0, 0, 11, 772.89, 904356, 45
2244, 23, 43, 123, 15, 0, 48.39%, 0, 0, 11, 767.26, 908352, 45
2249, 23, 43, 123, 15, 0, 48.39%, 0, 0, 11, 757.07, 912192, 45
2254, 23, 12, 123, 15, 0, 48.39%, 0, 0, 11, 787.04, 916324, 45
2259, 23, 12, 123, 15, 0, 48.39%, 0, 0, 11, 793.72, 920457, 45
2264, 23, 12, 123, 15, 0, 48.39%, 0, 0, 11, 785.18, 924408, 45
2269, 23, 12, 123, 15, 0, 48.39%, 0, 0, 11, 746.10, 928153, 45
2275, 23, 14, 123, 15, 0, 48.39%, 0, 0, 11, 791.70, 932308, 45
2280, 23, 12, 123, 15, 0, 48.39%, 0, 0, 11, 772.35, 936166, 45
2285, 23, 11, 123, 15, 0, 48.39%, 0, 0, 11, 774.01, 940166, 45
2290, 24, 53, 123, 15, 0, 48.39%, 0, 0, 11, 763.99, 943944, 45
2295, 24, 12, 123, 15, 0, 48.39%, 0, 0, 11, 778.32, 947983, 45
2300, 24, 12, 123, 15, 0, 48.39%, 0, 0, 11, 805.24, 952209, 45
2305, 24, 57, 123, 15, 0, 48.39%, 0, 0, 11, 795.74, 956178, 45
2310, 24, 12, 123, 15, 0, 48.39%, 0, 0, 11, 782.45, 960064, 45
2315, 24, 56, 123, 15, 0, 48.39%, 0, 0, 11, 794.85, 964046, 45
2320, 24, 43, 123, 14, 0, 48.39%, 0, 0, 11, 774.83, 967903, 45
2326, 24, 12, 123, 14, 0, 48.39%, 0, 0, 11, 787.23, 972024, 45
2331, 24, 59, 123, 14, 0, 48.39%, 0, 0, 11, 818.81, 976290, 45
2336, 24, 59, 123, 14, 0, 48.39%, 0, 0, 11, 797.60, 980355, 45
2341, 25, 18, 123, 14, 0, 48.39%, 0, 0, 11, 791.78, 984325, 45
2346, 25, 60, 123, 14, 0, 48.39%, 0, 0, 11, 775.70, 988370, 45
2351, 25, 12, 123, 14, 0, 48.39%, 0, 0, 11, 785.96, 992486, 45
2357, 25, 12, 123, 14, 0, 48.39%, 0, 0, 11, 776.78, 996454, 45
2362, 25, 12, 123, 14, 0, 48.39%, 0, 0, 11, 785.52, 1000520, 45
2367, 25, 12, 123, 14, 0, 48.39%, 0, 0, 11, 793.87, 1004527, 45
2372, 25, 43, 123, 14, 0, 48.39%, 0, 0, 11, 791.21, 1008648, 45
2375, 25, 12, 123, 14, 0, 48.39%, 1, 0, 11, 0.00, 1010699, 45
