# relative_time, cycles_done, cur_item, corpus_count, pending_total, pending_favs, map_size, saved_crashes, saved_hangs, max_depth, execs_per_sec, total_execs, edges_found
67, 0, 6, 9, 6, 0, 29.03%, 0, 0, 3, 0.18, 2033, 18
73, 0, 1, 10, 7, 0, 29.03%, 0, 0, 4, 148.21, 2818, 18
93, 0, 10, 12, 8, 0, 30.65%, 0, 0, 5, 1.54, 3132, 19
99, 0, 10, 16, 12, 0, 38.71%, 0, 0, 5, 153.49, 3946, 24
119, 0, 10, 16, 12, 0, 38.71%, 0, 0, 5, 1.79, 4243, 24
124, 0, 13, 16, 11, 2, 38.71%, 0, 0, 5, 152.99, 5019, 24
136, 0, 13, 17, 12, 2, 38.71%, 0, 0, 6, 1.09, 5164, 24
153, 0, 6, 19, 12, 0, 38.71%, 0, 0, 6, 2.83, 5864, 24
158, 0, 13, 19, 12, 0, 38.71%, 0, 0, 6, 152.38, 6671, 24
174, 0, 13, 19, 12, 0, 38.71%, 0, 0, 6, 0.96, 7043, 24
179, 0, 6, 20, 13, 0, 38.71%, 0, 0, 6, 153.73, 7824, 24
188, 0, 13, 21, 14, 0, 40.32%, 0, 0, 6, 3.51, 8242, 25
196, 0, 13, 21, 14, 0, 40.32%, 0, 0, 6, 0.25, 8244, 25
201, 0, 13, 22, 15, 0, 40.32%, 0, 0, 6, 154.98, 9036, 25
210, 0, 13, 23, 15, 0, 41.94%, 0, 0, 6, 4.02, 9391, 26
223, 0, 22, 23, 14, 0, 41.94%, 0, 0, 6, 2.96, 10073, 26
228, 0, 22, 25, 16, 0, 41.94%, 0, 0, 7, 177.65, 10873, 26
237, 0, 22, 25, 16, 0, 41.94%, 0, 0, 7, 4.22, 11430, 26
249, 0, 15, 26, 17, 0, 41.94%, 0, 0, 7, 4.47, 12304, 26
255, 0, 15, 26, 17, 0, 41.94%, 0, 0, 7, 173.71, 13201, 26
261, 0, 13, 28, 19, 0, 43.55%, 0, 0, 7, 5.65, 13635, 27
267, 0, 27, 28, 18, 0, 43.55%, 0, 0, 7, 173.93, 14549, 27
277, 0, 27, 28, 18, 0, 43.55%, 0, 0, 7, 4.09, 15149, 27
282, 1, 27, 28, 18, 0, 43.55%, 0, 0, 7, 176.55, 16061, 27
297, 1, 13, 28, 18, 0, 43.55%, 0, 0, 7, 2.52, 16733, 27
302, 1, 14, 28, 18, 0, 43.55%, 0, 0, 7, 174.44, 17644, 27
308, 1, 27, 28, 18, 0, 43.55%, 0, 0, 7, 5.93, 18335, 27
313, 1, 6, 28, 18, 0, 43.55%, 0, 0, 7, 175.16, 19214, 27
321, 1, 27, 28, 18, 0, 43.55%, 0, 0, 7, 6.61, 19637, 27
326, 1, 0, 28, 18, 0, 43.55%, 0, 0, 7, 169.47, 20483, 27
331, 1, 15, 28, 18, 0, 43.55%, 0, 0, 7, 173.28, 21356, 27
336, 1, 6, 28, 18, 0, 43.55%, 0, 0, 7, 173.13, 22250, 27
342, 1, 23, 28, 18, 0, 43.55%, 0, 0, 7, 13.02, 22831, 27
347, 1, 27, 28, 17, 0, 43.55%, 0, 0, 7, 171.73, 23633, 27
352, 1, 6, 28, 17, 0, 43.55%, 0, 0, 7, 165.22, 24190, 27
357, 1, 22, 28, 17, 0, 43.55%, 0, 0, 7, 173.66, 25098, 27
363, 1, 13, 29, 18, 0, 43.55%, 0, 0, 7, 172.54, 25977, 27
368, 1, 20, 29, 17, 0, 43.55%, 0, 0, 7, 171.18, 26869, 27
373, 1, 20, 30, 18, 0, 45.16%, 0, 0, 7, 170.17, 27761, 28
381, 1, 29, 30, 17, 0, 45.16%, 0, 0, 7, 7.08, 28524, 28
387, 1, 29, 30, 17, 0, 45.16%, 0, 0, 7, 170.96, 29418, 28
392, 1, 29, 30, 17, 0, 45.16%, 0, 0, 7, 173.57, 30285, 28
397, 1, 29, 30, 17, 0, 45.16%, 0, 0, 7, 173.29, 31170, 28
402, 2, 29, 30, 17, 0, 45.16%, 0, 0, 7, 171.20, 32052, 28
408, 2, 29, 30, 17, 0, 45.16%, 0, 0, 7, 11.66, 32652, 28
413, 2, 29, 30, 17, 0, 45.16%, 0, 0, 7, 168.38, 33492, 28
418, 2, 29, 30, 17, 0, 45.16%, 0, 0, 7, 168.40, 34335, 28
423, 2, 6, 30, 17, 0, 45.16%, 0, 0, 7, 169.68, 35196, 28
428, 2, 20, 30, 17, 0, 45.16%, 0, 0, 7, 170.25, 36058, 28
435, 2, 22, 30, 17, 0, 45.16%, 0, 0, 7, 6.57, 36827, 28
440, 2, 29, 30, 17, 0, 45.16%, 0, 0, 7, 168.87, 37713, 28
445, 2, 29, 30, 17, 0, 45.16%, 0, 0, 7, 171.44, 38574, 28
450, 2, 29, 30, 17, 0, 45.16%, 0, 0, 7, 168.79, 39417, 28
455, 2, 20, 30, 17, 0, 45.16%, 0, 0, 7, 185.97, 40380, 28
462, 2, 20, 30, 17, 0, 45.16%, 0, 0, 7, 0.88, 41032, 28
468, 2, 13, 30, 16, 0, 45.16%, 0, 0, 7, 192.39, 42012, 28
473, 2, 14, 30, 16, 0, 45.16%, 0, 0, 7, 193.01, 43002, 28
478, 2, 15, 30, 16, 0, 45.16%, 0, 0, 7, 196.44, 44016, 28
483, 2, 29, 30, 16, 0, 45.16%, 0, 0, 7, 196.77, 45027, 28
488, 2, 20, 30, 16, 0, 45.16%, 0, 0, 7, 192.94, 45982, 28
493, 2, 6, 30, 16, 0, 45.16%, 0, 0, 7, 192.35, 46980, 28
498, 2, 22, 31, 17, 0, 45.16%, 0, 0, 7, 195.31, 47994, 28
504, 3, 14, 31, 17, 0, 45.16%, 0, 0, 7, 198.45, 49032, 28
509, 3, 31, 32, 17, 0, 46.77%, 0, 0, 7, 195.45, 50035, 29
514, 3, 31, 33, 18, 0, 48.39%, 0, 0, 8, 195.89, 51068, 30
519, 3, 31, 34, 19, 0, 48.39%, 0, 0, 8, 192.11, 52071, 30
524, 3, 31, 34, 19, 0, 48.39%, 0, 0, 8, 193.44, 53055, 30
529, 3, 31, 34, 19, 0, 48.39%, 0, 0, 8, 195.30, 54075, 30
535, 3, 34, 35, 19, 1, 50.00%, 0, 0, 8, 194.86, 55097, 31
540, 3, 32, 36, 19, 0, 50.00%, 0, 0, 9, 194.20, 56103, 31
545, 3, 32, 36, 19, 0, 50.00%, 1, 0, 9, 188.25, 57076, 31
545, 3, 32, 36, 19, 0, 50.00%, 1, 0, 9, 0.00, 57076, 31
