# relative_time, cycles_done, cur_item, corpus_count, pending_total, pending_favs, map_size, saved_crashes, saved_hangs, max_depth, execs_per_sec, total_execs, edges_found
78, 0, 1, 15, 13, 0, 33.33%, 0, 0, 3, 0.06, 1772, 26
90, 0, 1, 16, 14, 0, 33.33%, 0, 0, 3, 1.56, 2959, 26
122, 0, 1, 16, 14, 0, 33.33%, 0, 0, 3, 0.03, 2960, 26
128, 0, 1, 16, 14, 0, 33.33%, 0, 0, 3, 381.37, 3744, 26
176, 0, 1, 18, 16, 0, 35.90%, 0, 0, 3, 0.47, 4955, 28
181, 0, 1, 19, 17, 0, 37.18%, 0, 0, 3, 351.11, 6760, 29
215, 0, 1, 19, 17, 0, 37.18%, 0, 0, 3, 0.63, 7013, 29
222, 0, 1, 19, 17, 0, 37.18%, 0, 0, 3, 0.60, 7014, 29
264, 0, 1, 21, 19, 0, 37.18%, 0, 0, 3, 0.90, 7987, 29
269, 0, 17, 25, 21, 3, 42.31%, 0, 0, 4, 408.81, 10053, 33
307, 0, 17, 25, 21, 3, 42.31%, 0, 0, 4, 0.30, 10192, 33
347, 0, 21, 26, 20, 2, 42.31%, 0, 0, 4, 2.35, 11606, 33
352, 0, 23, 28, 20, 1, 43.59%, 0, 0, 5, 378.50, 13494, 34
385, 0, 23, 28, 20, 1, 43.59%, 0, 0, 5, 2.10, 13815, 34
420, 0, 0, 29, 19, 0, 44.87%, 0, 0, 5, 0.24, 14816, 35
428, 0, 18, 29, 18, 0, 44.87%, 0, 0, 5, 20.51, 16787, 35
456, 0, 18, 29, 18, 0, 44.87%, 0, 0, 5, 0.04, 16788, 35
487, 0, 18, 30, 19, 0, 46.15%, 0, 0, 5, 2.71, 17397, 36
492, 0, 28, 33, 21, 0, 46.15%, 0, 0, 6, 382.94, 19330, 36
523, 0, 28, 33, 21, 0, 46.15%, 0, 0, 6, 1.64, 19638, 36
528, 0, 28, 33, 21, 0, 46.15%, 0, 0, 6, 381.81, 21612, 36
558, 0, 28, 33, 21, 0, 46.15%, 0, 0, 6, 2.15, 21906, 36
592, 0, 28, 33, 21, 0, 46.15%, 0, 0, 6, 1.50, 22860, 36
597, 0, 28, 33, 21, 0, 46.15%, 0, 0, 6, 378.47, 24790, 36
626, 0, 28, 33, 21, 0, 46.15%, 0, 0, 6, 1.74, 25112, 36
657, 0, 28, 33, 21, 0, 46.15%, 0, 0, 6, 2.36, 26716, 36
665, 0, 28, 33, 21, 0, 46.15%, 0, 0, 6, 2.97, 28052, 36
680, 0, 28, 33, 21, 0, 46.15%, 0, 0, 6, 0.33, 28057, 36
713, 0, 28, 34, 22, 0, 46.15%, 0, 0, 6, 2.24, 29692, 36
718, 0, 28, 36, 24, 0, 46.15%, 0, 0, 6, 414.55, 31782, 36
740, 0, 28, 36, 24, 0, 46.15%, 0, 0, 6, 2.57, 31983, 36
748, 0, 28, 37, 25, 0, 46.15%, 0, 0, 6, 9.09, 32995, 36
762, 0, 28, 37, 25, 0, 46.15%, 0, 0, 6, 0.36, 33000, 36
788, 0, 28, 38, 26, 0, 47.44%, 0, 0, 6, 0.96, 34854, 37
794, 0, 26, 39, 26, 0, 47.44%, 0, 0, 6, 395.79, 36796, 37
817, 0, 26, 39, 26, 0, 47.44%, 0, 0, 6, 1.23, 37006, 37
837, 0, 26, 39, 26, 0, 47.44%, 0, 0, 6, 2.81, 38464, 37
842, 0, 26, 39, 26, 0, 47.44%, 0, 0, 6, 479.53, 40938, 37
864, 0, 26, 39, 26, 0, 47.44%, 0, 0, 6, 2.94, 41100, 37
893, 0, 26, 42, 29, 0, 48.72%, 0, 0, 6, 1.51, 43560, 38
898, 0, 26, 43, 30, 0, 48.72%, 0, 0, 6, 458.24, 45883, 38
916, 0, 26, 43, 30, 0, 48.72%, 0, 0, 6, 1.04, 46300, 38
934, 0, 26, 45, 32, 0, 50.00%, 0, 0, 6, 3.48, 47968, 39
947, 0, 26, 47, 34, 0, 50.00%, 0, 0, 6, 4.27, 49523, 39
954, 0, 26, 47, 34, 0, 50.00%, 0, 0, 6, 4.12, 49536, 39
959, 0, 44, 50, 36, 1, 52.56%, 0, 0, 6, 460.85, 51915, 41
969, 0, 44, 50, 36, 1, 52.56%, 0, 0, 6, 3.84, 52347, 41
974, 0, 44, 50, 36, 1, 52.56%, 0, 0, 6, 458.33, 54615, 41
991, 0, 44, 50, 36, 1, 52.56%, 0, 0, 6, 5.76, 55020, 41
1007, 0, 49, 52, 36, 1, 52.56%, 0, 0, 7, 0.80, 56899, 41
1027, 0, 0, 52, 35, 0, 52.56%, 0, 0, 7, 2.86, 59026, 41
1041, 0, 26, 52, 35, 0, 52.56%, 0, 0, 7, 2.99, 61321, 41
1046, 0, 24, 53, 36, 0, 52.56%, 0, 0, 7, 471.20, 63680, 41
1064, 0, 24, 53, 36, 0, 52.56%, 0, 0, 7, 4.41, 63977, 41
1070, 0, 24, 53, 36, 0, 52.56%, 0, 0, 7, 481.86, 66500, 41
1079, 0, 24, 53, 36, 0, 52.56%, 0, 0, 7, 11.30, 66812, 41
1097, 0, 24, 54, 37, 0, 52.56%, 0, 0, 7, 3.46, 68137, 41
1102, 0, 0, 55, 38, 0, 52.56%, 0, 0, 7, 541.97, 70928, 41
1115, 0, 0, 55, 38, 0, 52.56%, 0, 0, 7, 4.19, 71508, 41
1120, 0, 37, 56, 39, 0, 52.56%, 0, 0, 7, 555.78, 74413, 41
1130, 0, 37, 56, 39, 0, 52.56%, 0, 0, 7, 2.37, 74677, 41
1147, 0, 37, 56, 39, 0, 52.56%, 0, 0, 7, 5.58, 77039, 41
1152, 0, 37, 57, 40, 0, 52.56%, 0, 0, 7, 584.77, 79915, 41
1157, 0, 37, 57, 40, 0, 52.56%, 0, 0, 7, 654.04, 81369, 41
1171, 0, 37, 57, 40, 0, 52.56%, 0, 0, 7, 2.31, 83042, 41
1176, 0, 0, 57, 40, 0, 52.56%, 0, 0, 7, 676.95, 85710, 41
1181, 0, 0, 57, 40, 0, 52.56%, 0, 0, 7, 596.58, 87802, 41
1190, 0, 0, 57, 40, 0, 52.56%, 0, 0, 7, 14.36, 88542, 41
1195, 0, 48, 58, 41, 0, 52.56%, 0, 0, 7, 704.40, 92242, 41
1205, 0, 48, 58, 41, 0, 52.56%, 0, 0, 7, 3.24, 93467, 41
1210, 0, 48, 58, 41, 0, 52.56%, 0, 0, 7, 690.25, 97127, 41
1219, 0, 21, 58, 41, 0, 52.56%, 0, 0, 7, 11.82, 98224, 41
1225, 0, 41, 59, 42, 0, 52.56%, 0, 0, 7, 661.67, 101483, 41
1230, 0, 41, 59, 42, 0, 52.56%, 0, 0, 7, 13.84, 102627, 41
1238, 0, 41, 60, 43, 0, 52.56%, 0, 0, 7, 12.74, 105117, 41
1244, 0, 41, 60, 43, 0, 52.56%, 0, 0, 7, 588.81, 108238, 41
1249, 0, 41, 60, 43, 0, 52.56%, 0, 0, 7, 675.62, 110164, 41
1255, 0, 41, 60, 43, 0, 52.56%, 0, 0, 7, 27.84, 110919, 41
1260, 0, 41, 61, 44, 0, 52.56%, 0, 0, 7, 718.08, 114569, 41
1271, 0, 24, 62, 44, 0, 52.56%, 0, 0, 7, 4.79, 117893, 41
1276, 0, 0, 62, 44, 0, 52.56%, 0, 0, 7, 709.49, 121462, 41
1277, 0, 61, 62, 44, 0, 52.56%, 1, 0, 7, 0.00, 122507, 41
