# relative_time, cycles_done, cur_item, corpus_count, pending_total, pending_favs, map_size, saved_crashes, saved_hangs, max_depth, execs_per_sec, total_execs, edges_found
60, 0, 13, 16, 11, 0, 34.07%, 0, 0, 4, 855.92, 10549, 31
73, 0, 14, 17, 11, 0, 35.16%, 0, 0, 5, 11.73, 12180, 32
81, 0, 14, 17, 11, 0, 35.16%, 0, 0, 5, 8.70, 13160, 32
92, 0, 14, 17, 11, 0, 35.16%, 0, 0, 5, 0.28, 13163, 32
97, 1, 1, 17, 10, 0, 35.16%, 0, 0, 5, 869.87, 17701, 32
118, 1, 1, 17, 10, 0, 35.16%, 0, 0, 5, 5.11, 19271, 32
123, 1, 13, 18, 11, 0, 35.16%, 0, 0, 5, 833.82, 23596, 32
143, 2, 16, 18, 11, 0, 35.16%, 0, 0, 5, 2.45, 25232, 32
148, 3, 16, 18, 10, 0, 35.16%, 0, 0, 5, 849.97, 29511, 32
161, 3, 16, 18, 10, 0, 35.16%, 0, 0, 5, 3.85, 30278, 32
178, 4, 16, 18, 8, 0, 35.16%, 0, 0, 5, 9.91, 34145, 32
183, 5, 13, 18, 7, 0, 35.16%, 0, 0, 5, 857.92, 38701, 32
199, 5, 14, 18, 6, 0, 35.16%, 0, 0, 5, 4.13, 40734, 32
204, 6, 18, 22, 9, 0, 38.46%, 0, 0, 5, 850.14, 45176, 35
212, 6, 18, 23, 10, 0, 38.46%, 0, 0, 5, 30.86, 47343, 35
220, 6, 18, 23, 10, 0, 38.46%, 0, 0, 5, 3.78, 47373, 35
225, 6, 18, 26, 13, 0, 38.46%, 0, 0, 5, 853.73, 51802, 35
234, 6, 18, 28, 15, 0, 39.56%, 0, 0, 5, 4.98, 53703, 36
248, 6, 18, 32, 19, 0, 40.66%, 0, 0, 5, 15.79, 57437, 37
253, 6, 28, 39, 24, 1, 42.86%, 0, 0, 6, 851.06, 61767, 39
261, 6, 28, 40, 25, 1, 42.86%, 0, 0, 6, 18.01, 64103, 39
274, 6, 28, 40, 25, 1, 42.86%, 0, 0, 6, 10.98, 68421, 39
279, 6, 28, 43, 28, 1, 42.86%, 0, 0, 6, 849.43, 72848, 39
286, 6, 36, 44, 27, 1, 42.86%, 0, 0, 7, 21.63, 74903, 39
291, 6, 19, 45, 26, 0, 42.86%, 0, 0, 7, 855.67, 79193, 39
302, 6, 43, 48, 29, 0, 42.86%, 0, 0, 8, 24.72, 82203, 39
307, 6, 43, 49, 30, 0, 43.96%, 0, 0, 8, 853.98, 86497, 40
321, 6, 32, 51, 31, 0, 45.05%, 0, 0, 8, 14.08, 89801, 41
326, 6, 48, 51, 30, 0, 45.05%, 0, 0, 8, 860.51, 94095, 41
333, 6, 50, 53, 32, 0, 45.05%, 0, 0, 9, 8.08, 97644, 41
338, 6, 50, 53, 32, 0, 45.05%, 0, 0, 9, 842.04, 101976, 41
345, 6, 50, 53, 32, 0, 45.05%, 0, 0, 9, 32.14, 103937, 41
351, 6, 1, 53, 31, 0, 45.05%, 0, 0, 9, 828.65, 108244, 41
356, 6, 19, 54, 31, 0, 45.05%, 0, 0, 9, 839.55, 112602, 41
361, 6, 50, 54, 30, 0, 45.05%, 0, 0, 9, 834.56, 116772, 41
366, 7, 19, 54, 30, 0, 45.05%, 0, 0, 9, 47.25, 119295, 41
372, 7, 1, 55, 30, 0, 45.05%, 0, 0, 9, 819.95, 123540, 41
377, 7, 48, 55, 30, 0, 45.05%, 0, 0, 9, 842.74, 126220, 41
382, 7, 35, 55, 30, 0, 45.05%, 0, 0, 9, 835.97, 130423, 41
385, 7, 50, 55, 30, 0, 45.05%, 1, 0, 9, 0.00, 133013, 41
