# relative_time, cycles_done, cur_item, corpus_count, pending_total, pending_favs, map_size, saved_crashes, saved_hangs, max_depth, execs_per_sec, total_execs, edges_found
78, 0, 0, 23, 23, 1, 32.04%, 0, 0, 2, 0.04, 1792, 33
78, 0, 0, 23, 23, 1, 32.04%, 0, 0, 2, 475.00, 1889, 33
90, 0, 0, 25, 25, 1, 32.04%, 0, 0, 2, 0.91, 3090, 33
122, 0, 0, 25, 25, 1, 32.04%, 0, 0, 2, 0.12, 3094, 33
127, 0, 0, 25, 25, 1, 32.04%, 0, 0, 2, 372.90, 3874, 33
171, 0, 0, 25, 25, 1, 32.04%, 0, 0, 2, 1.51, 5032, 33
176, 0, 0, 25, 25, 1, 32.04%, 0, 0, 2, 0.18, 5033, 33
181, 0, 0, 25, 25, 1, 32.04%, 0, 0, 2, 342.48, 6748, 33
215, 0, 0, 25, 25, 1, 32.04%, 0, 0, 2, 1.44, 7030, 33
222, 0, 0, 25, 25, 1, 32.04%, 0, 0, 2, 1.38, 7034, 33
264, 0, 0, 25, 25, 1, 32.04%, 0, 0, 2, 0.77, 7978, 33
269, 0, 0, 27, 27, 1, 33.98%, 0, 0, 2, 401.63, 10002, 35
306, 0, 0, 27, 27, 1, 33.98%, 0, 0, 2, 0.22, 10146, 35
346, 0, 0, 27, 27, 1, 33.98%, 0, 0, 2, 1.10, 11538, 35
351, 0, 0, 27, 27, 1, 33.98%, 0, 0, 2, 372.37, 13387, 35
384, 0, 0, 27, 27, 1, 33.98%, 0, 0, 2, 1.95, 13702, 35
390, 0, 0, 27, 27, 1, 33.98%, 0, 0, 2, 2.44, 14675, 35
420, 0, 0, 27, 27, 1, 33.98%, 0, 0, 2, 0.03, 14676, 35
455, 0, 0, 27, 27, 1, 33.98%, 0, 0, 2, 2.28, 16607, 35
487, 0, 0, 27, 27, 1, 33.98%, 0, 0, 2, 2.38, 17202, 35
492, 0, 0, 27, 27, 1, 33.98%, 0, 0, 2, 375.05, 19113, 35
522, 0, 0, 27, 27, 1, 33.98%, 0, 0, 2, 0.71, 19386, 35
528, 0, 0, 28, 28, 1, 33.98%, 0, 0, 2, 370.96, 21339, 35
557, 0, 0, 28, 28, 1, 33.98%, 0, 0, 2, 0.96, 21598, 35
592, 0, 0, 28, 28, 1, 33.98%, 0, 0, 2, 1.53, 22529, 35
597, 0, 0, 28, 28, 1, 33.98%, 0, 0, 2, 369.99, 24447, 35
626, 0, 0, 28, 28, 1, 33.98%, 0, 0, 2, 0.75, 24720, 35
656, 0, 0, 28, 28, 1, 33.98%, 0, 0, 2, 2.36, 26297, 35
665, 0, 0, 28, 28, 1, 33.98%, 0, 0, 2, 14.42, 27601, 35
680, 0, 0, 28, 28, 1, 33.98%, 0, 0, 2, 0.39, 27607, 35
713, 0, 0, 28, 28, 1, 33.98%, 0, 0, 2, 1.12, 29209, 35
718, 0, 0, 28, 28, 1, 33.98%, 0, 0, 2, 396.46, 31265, 35
740, 0, 0, 28, 28, 1, 33.98%, 0, 0, 2, 1.29, 31447, 35
748, 0, 0, 28, 28, 1, 33.98%, 0, 0, 2, 5.86, 32441, 35
762, 0, 0, 28, 28, 1, 33.98%, 0, 0, 2, 0.36, 32446, 35
788, 0, 0, 28, 28, 1, 33.98%, 0, 0, 2, 2.24, 34261, 35
793, 0, 21, 31, 29, 10, 37.86%, 0, 0, 2, 385.79, 36184, 39
802, 0, 21, 31, 29, 10, 37.86%, 0, 0, 2, 10.49, 36353, 39
817, 0, 21, 31, 29, 10, 37.86%, 0, 0, 2, 0.07, 36354, 39
837, 0, 26, 37, 32, 8, 39.81%, 0, 0, 3, 0.06, 37781, 41
842, 0, 28, 41, 31, 6, 39.81%, 0, 0, 4, 467.74, 40121, 41
864, 0, 28, 42, 32, 6, 40.78%, 0, 0, 4, 2.52, 40371, 42
892, 0, 28, 46, 36, 6, 42.72%, 0, 0, 4, 0.75, 42784, 44
898, 0, 28, 47, 37, 6, 42.72%, 0, 0, 4, 451.13, 45082, 44
916, 0, 28, 48, 38, 6, 43.69%, 0, 0, 4, 5.14, 45471, 45
933, 0, 28, 48, 38, 6, 43.69%, 0, 0, 4, 1.40, 47117, 45
946, 0, 28, 48, 38, 6, 43.69%, 0, 0, 4, 2.22, 48633, 45
954, 0, 28, 48, 38, 6, 43.69%, 0, 0, 4, 2.50, 48652, 45
959, 0, 43, 52, 40, 8, 43.69%, 0, 0, 4, 455.14, 50923, 45
969, 0, 43, 52, 40, 8, 43.69%, 0, 0, 4, 2.88, 51436, 45
974, 0, 41, 59, 42, 4, 43.69%, 0, 0, 4, 449.02, 53665, 45
991, 0, 19, 59, 41, 3, 43.69%, 0, 0, 4, 4.85, 54051, 45
1006, 0, 58, 64, 43, 0, 44.66%, 0, 0, 5, 0.79, 55903, 46
1027, 0, 58, 64, 43, 0, 44.66%, 0, 0, 5, 4.56, 57997, 46
1040, 0, 58, 67, 46, 0, 46.60%, 0, 0, 5, 2.99, 60247, 48
1045, 0, 65, 71, 47, 1, 46.60%, 0, 0, 6, 464.77, 62556, 48
1064, 0, 65, 71, 47, 1, 46.60%, 0, 0, 6, 5.54, 62862, 48
1069, 0, 43, 71, 46, 0, 46.60%, 0, 0, 6, 470.85, 65324, 48
1078, 0, 43, 71, 46, 0, 46.60%, 0, 0, 6, 0.15, 65636, 48
1097, 0, 52, 71, 46, 0, 46.60%, 0, 0, 6, 4.92, 66935, 48
1102, 0, 58, 73, 48, 0, 46.60%, 0, 0, 6, 530.99, 69680, 48
1115, 0, 58, 73, 48, 0, 46.60%, 0, 0, 6, 3.68, 70239, 48
1120, 0, 19, 74, 48, 0, 46.60%, 0, 0, 6, 547.00, 73084, 48
1130, 0, 19, 74, 48, 0, 46.60%, 0, 0, 6, 4.61, 73364, 48
1147, 0, 42, 75, 49, 0, 46.60%, 0, 0, 6, 6.66, 75688, 48
1152, 0, 43, 75, 49, 0, 46.60%, 0, 0, 6, 582.73, 78535, 48
1157, 0, 21, 75, 49, 0, 46.60%, 0, 0, 6, 655.20, 79987, 48
1171, 0, 65, 75, 49, 0, 46.60%, 0, 0, 6, 2.66, 81653, 48
1176, 0, 67, 76, 50, 0, 46.60%, 0, 0, 7, 644.57, 84401, 48
1181, 0, 67, 76, 50, 0, 46.60%, 0, 0, 7, 579.01, 86522, 48
1190, 0, 67, 76, 50, 0, 46.60%, 0, 0, 7, 15.41, 87096, 48
1195, 0, 30, 76, 50, 0, 46.60%, 0, 0, 7, 689.68, 90723, 48
1205, 0, 52, 76, 50, 0, 46.60%, 0, 0, 7, 3.49, 91896, 48
1210, 0, 58, 76, 50, 0, 46.60%, 0, 0, 7, 678.92, 95544, 48
1219, 0, 30, 78, 52, 0, 46.60%, 0, 0, 7, 18.09, 96692, 48
1224, 0, 58, 78, 52, 0, 46.60%, 0, 0, 7, 648.51, 99908, 48
1230, 0, 58, 78, 52, 0, 46.60%, 0, 0, 7, 14.89, 101024, 48
1238, 0, 42, 78, 52, 0, 46.60%, 0, 0, 7, 11.59, 103437, 48
1243, 0, 47, 79, 53, 0, 46.60%, 0, 0, 7, 595.33, 106611, 48
1248, 0, 67, 79, 53, 0, 46.60%, 0, 0, 7, 665.83, 108526, 48
1255, 0, 58, 79, 53, 0, 46.60%, 0, 0, 7, 24.50, 109266, 48
1260, 0, 58, 79, 53, 0, 46.60%, 0, 0, 7, 718.81, 113001, 48
1270, 0, 58, 79, 53, 0, 46.60%, 0, 0, 7, 18.26, 116286, 48
1275, 0, 58, 79, 53, 0, 46.60%, 0, 0, 7, 734.73, 119934, 48
1285, 0, 58, 79, 53, 0, 46.60%, 0, 0, 7, 2.63, 122890, 48
1290, 1, 52, 82, 56, 0, 49.51%, 0, 0, 7, 743.32, 126775, 51
1295, 1, 57, 83, 55, 0, 49.51%, 0, 0, 7, 748.50, 130577, 51
1301, 1, 57, 83, 55, 0, 49.51%, 0, 0, 7, 1.03, 130782, 51
1306, 1, 57, 83, 55, 0, 49.51%, 0, 0, 7, 741.12, 134330, 51
1310, 1, 81, 84, 56, 0, 49.51%, 1, 0, 7, 0.00, 137126, 51
