# relative_time, cycles_done, cur_item, corpus_count, pending_total, pending_favs, map_size, saved_crashes, saved_hangs, max_depth, execs_per_sec, total_execs, edges_found
73, 0, 0, 12, 12, 1, 30.65%, 0, 0, 2, 0.04, 1694, 19
78, 0, 0, 12, 12, 1, 30.65%, 0, 0, 2, 310.34, 1761, 19
122, 0, 0, 13, 13, 1, 30.65%, 0, 0, 2, 1.18, 3389, 19
127, 0, 0, 13, 13, 1, 30.65%, 0, 0, 2, 641.88, 4725, 19
175, 0, 0, 13, 13, 1, 30.65%, 0, 0, 2, 0.24, 6693, 19
181, 0, 0, 14, 14, 1, 30.65%, 0, 0, 2, 586.57, 9714, 19
215, 0, 0, 14, 14, 1, 30.65%, 0, 0, 2, 0.66, 10132, 19
222, 0, 0, 14, 14, 1, 30.65%, 0, 0, 2, 0.65, 10136, 19
263, 0, 0, 14, 14, 1, 30.65%, 0, 0, 2, 0.05, 11729, 19
268, 0, 0, 15, 15, 1, 32.26%, 0, 0, 2, 645.08, 15023, 20
306, 0, 0, 15, 15, 1, 32.26%, 0, 0, 2, 0.22, 15199, 20
346, 0, 0, 15, 15, 1, 32.26%, 0, 0, 2, 0.66, 17435, 20
351, 0, 0, 15, 15, 1, 32.26%, 0, 0, 2, 591.81, 20424, 20
384, 0, 0, 15, 15, 1, 32.26%, 0, 0, 2, 1.08, 20855, 20
419, 0, 0, 15, 15, 1, 32.26%, 0, 0, 2, 1.09, 22415, 20
455, 0, 0, 16, 16, 1, 37.10%, 0, 0, 2, 0.39, 25518, 23
486, 0, 0, 20, 20, 1, 40.32%, 0, 0, 2, 4.29, 26519, 25
491, 0, 0, 22, 22, 1, 41.94%, 0, 0, 2, 617.60, 29640, 26
522, 0, 0, 22, 22, 1, 41.94%, 0, 0, 2, 2.81, 30156, 26
527, 0, 0, 23, 23, 1, 43.55%, 0, 0, 2, 612.80, 33439, 27
557, 0, 0, 23, 23, 1, 43.55%, 0, 0, 2, 0.41, 33859, 27
591, 0, 0, 24, 24, 1, 45.16%, 0, 0, 2, 2.84, 35400, 28
596, 0, 0, 29, 29, 1, 46.77%, 0, 0, 2, 620.96, 38545, 29
625, 0, 0, 29, 29, 1, 46.77%, 0, 0, 2, 3.82, 39049, 29
656, 0, 0, 29, 29, 1, 46.77%, 0, 0, 2, 5.27, 41727, 29
664, 0, 22, 34, 30, 5, 46.77%, 0, 0, 3, 4.27, 43942, 29
680, 0, 22, 34, 30, 5, 46.77%, 0, 0, 3, 0.85, 43955, 29
712, 0, 14, 38, 29, 0, 46.77%, 0, 0, 3, 0.46, 46674, 29
717, 0, 38, 40, 30, 0, 48.39%, 0, 0, 4, 696.25, 50330, 30
740, 0, 38, 40, 30, 0, 48.39%, 0, 0, 4, 1.20, 50697, 30
747, 0, 22, 41, 31, 0, 48.39%, 0, 0, 4, 20.24, 52540, 30
761, 0, 22, 41, 31, 0, 48.39%, 0, 0, 4, 0.07, 52541, 30
788, 0, 38, 42, 32, 0, 48.39%, 0, 0, 4, 0.60, 55947, 30
793, 0, 14, 45, 35, 0, 48.39%, 0, 0, 4, 719.85, 59512, 30
816, 0, 29, 46, 36, 0, 48.39%, 0, 0, 4, 2.32, 59883, 30
836, 1, 17, 51, 40, 0, 48.39%, 0, 0, 4, 0.06, 62316, 30
841, 1, 14, 54, 42, 0, 48.39%, 0, 0, 4, 765.81, 66266, 30
863, 1, 14, 54, 42, 0, 48.39%, 0, 0, 4, 7.27, 66592, 30
892, 1, 37, 55, 42, 0, 48.39%, 0, 0, 4, 5.22, 70467, 30
897, 1, 21, 58, 43, 0, 48.39%, 0, 0, 4, 783.63, 74466, 30
915, 1, 14, 58, 43, 0, 48.39%, 0, 0, 4, 1.72, 75146, 30
933, 2, 14, 58, 43, 0, 48.39%, 0, 0, 4, 9.20, 77755, 30
940, 2, 14, 62, 46, 0, 48.39%, 0, 0, 4, 14.71, 80323, 30
946, 2, 14, 62, 46, 0, 48.39%, 0, 0, 4, 0.78, 80325, 30
953, 2, 14, 62, 46, 0, 48.39%, 0, 0, 4, 11.87, 80354, 30
958, 2, 21, 65, 48, 0, 48.39%, 0, 0, 4, 760.57, 84257, 30
969, 2, 23, 68, 51, 0, 48.39%, 0, 0, 4, 0.32, 85011, 30
974, 2, 66, 71, 54, 0, 48.39%, 0, 0, 4, 767.31, 88981, 30
991, 2, 14, 71, 53, 0, 48.39%, 0, 0, 4, 7.05, 89398, 30
1006, 2, 14, 72, 54, 0, 48.39%, 0, 0, 4, 3.18, 92530, 30
1026, 2, 14, 75, 56, 0, 48.39%, 0, 0, 4, 8.66, 96082, 30
1040, 2, 23, 82, 62, 0, 48.39%, 0, 0, 4, 9.00, 99887, 30
1045, 3, 29, 85, 63, 0, 48.39%, 0, 0, 4, 772.11, 103843, 30
1050, 3, 22, 85, 63, 0, 48.39%, 0, 0, 4, 12.56, 104237, 30
1064, 3, 22, 85, 63, 0, 48.39%, 0, 0, 4, 0.44, 104243, 30
1069, 3, 22, 86, 62, 0, 48.39%, 0, 0, 4, 789.76, 108289, 30
1078, 3, 38, 86, 62, 0, 48.39%, 0, 0, 4, 1.80, 108778, 30
1096, 3, 15, 86, 62, 0, 48.39%, 0, 0, 4, 6.66, 110861, 30
1102, 3, 85, 86, 62, 0, 48.39%, 0, 0, 4, 787.79, 114942, 30
1114, 3, 85, 86, 62, 0, 48.39%, 0, 0, 4, 2.59, 115827, 30
1119, 3, 19, 86, 61, 0, 48.39%, 0, 0, 4, 763.66, 119703, 30
1129, 3, 48, 86, 61, 0, 48.39%, 0, 0, 4, 1.30, 120226, 30
1146, 3, 38, 86, 60, 0, 48.39%, 0, 0, 4, 2.34, 123303, 30
1151, 4, 14, 86, 60, 0, 48.39%, 0, 0, 4, 778.46, 127334, 30
1156, 4, 21, 86, 59, 0, 48.39%, 0, 0, 4, 816.65, 129199, 30
1170, 4, 38, 87, 60, 0, 48.39%, 0, 0, 4, 9.50, 131150, 30
1171, 4, 14, 87, 60, 0, 48.39%, 1, 0, 4, 0.00, 131565, 30
