# relative_time, cycles_done, cur_item, corpus_count, pending_total, pending_favs, map_size, saved_crashes, saved_hangs, max_depth, execs_per_sec, total_execs, edges_found
74, 0, 0, 13, 11, 0, 33.33%, 0, 0, 2, 0.04, 1806, 26
79, 0, 0, 13, 11, 0, 33.33%, 0, 0, 2, 270.83, 1875, 26
122, 0, 0, 13, 11, 0, 33.33%, 0, 0, 2, 0.59, 3070, 26
128, 0, 13, 14, 11, 2, 34.62%, 0, 0, 2, 405.78, 3937, 27
171, 0, 14, 18, 12, 0, 35.90%, 0, 0, 4, 0.88, 5173, 28
176, 0, 14, 18, 12, 0, 35.90%, 0, 0, 4, 0.85, 5175, 28
181, 0, 14, 19, 13, 0, 37.18%, 0, 0, 4, 402.85, 7244, 29
215, 0, 14, 19, 13, 0, 37.18%, 0, 0, 4, 0.96, 7564, 29
222, 0, 14, 19, 13, 0, 37.18%, 0, 0, 4, 0.93, 7567, 29
264, 0, 14, 20, 14, 0, 37.18%, 0, 0, 4, 0.62, 8691, 29
269, 0, 14, 21, 15, 0, 37.18%, 0, 0, 4, 441.45, 10956, 29
307, 0, 14, 21, 15, 0, 37.18%, 0, 0, 4, 0.08, 11069, 29
346, 0, 18, 22, 15, 0, 37.18%, 0, 0, 5, 1.75, 12599, 29
352, 0, 18, 23, 16, 0, 37.18%, 0, 0, 5, 411.24, 14702, 29
384, 0, 18, 23, 16, 0, 37.18%, 0, 0, 5, 2.71, 14966, 29
420, 0, 18, 24, 17, 0, 37.18%, 0, 0, 5, 0.49, 16045, 29
455, 0, 0, 24, 17, 0, 37.18%, 0, 0, 5, 2.86, 18166, 29
463, 0, 13, 24, 17, 0, 37.18%, 0, 0, 5, 15.10, 18812, 29
487, 0, 13, 24, 17, 0, 37.18%, 0, 0, 5, 0.42, 18822, 29
492, 0, 6, 25, 18, 0, 37.18%, 0, 0, 5, 411.15, 20956, 29
523, 1, 0, 25, 18, 0, 37.18%, 0, 0, 5, 2.67, 21225, 29
528, 1, 0, 25, 18, 0, 37.18%, 0, 0, 5, 410.14, 23350, 29
558, 1, 0, 25, 18, 0, 37.18%, 0, 0, 5, 2.18, 23662, 29
592, 1, 0, 25, 18, 0, 37.18%, 0, 0, 5, 2.00, 24679, 29
597, 1, 13, 25, 17, 0, 37.18%, 0, 0, 5, 405.46, 26731, 29
626, 1, 0, 25, 17, 0, 37.18%, 0, 0, 5, 2.83, 27091, 29
657, 1, 18, 27, 19, 0, 37.18%, 0, 0, 5, 3.10, 28816, 29
665, 2, 18, 32, 24, 0, 37.18%, 0, 0, 5, 3.34, 30253, 29
680, 2, 18, 32, 24, 0, 37.18%, 0, 0, 5, 0.39, 30259, 29
713, 2, 27, 37, 29, 0, 37.18%, 0, 0, 6, 1.96, 32017, 29
718, 2, 27, 38, 30, 0, 37.18%, 0, 0, 6, 433.48, 34264, 29
740, 2, 27, 38, 30, 0, 37.18%, 0, 0, 6, 1.48, 34464, 29
748, 2, 27, 38, 30, 0, 37.18%, 0, 0, 6, 7.31, 35552, 29
762, 2, 27, 38, 30, 0, 37.18%, 0, 0, 6, 0.29, 35556, 29
788, 2, 13, 39, 30, 0, 37.18%, 0, 0, 6, 0.55, 37539, 29
794, 2, 38, 41, 31, 0, 37.18%, 0, 0, 6, 414.88, 39681, 29
802, 2, 38, 41, 31, 0, 37.18%, 0, 0, 6, 5.12, 39817, 29
817, 2, 38, 41, 31, 0, 37.18%, 0, 0, 6, 0.33, 39822, 29
837, 2, 20, 41, 30, 0, 37.18%, 0, 0, 6, 1.59, 41259, 29
842, 2, 0, 42, 30, 0, 37.18%, 0, 0, 6, 488.19, 43691, 29
864, 2, 13, 42, 30, 0, 37.18%, 0, 0, 6, 4.44, 43888, 29
892, 3, 41, 42, 30, 0, 37.18%, 0, 0, 6, 1.51, 46196, 29
897, 3, 6, 42, 29, 0, 37.18%, 0, 0, 6, 475.97, 48433, 29
916, 3, 24, 42, 29, 0, 37.18%, 0, 0, 6, 0.69, 48932, 29
934, 3, 0, 42, 28, 0, 37.18%, 0, 0, 6, 6.42, 50503, 29
946, 3, 0, 42, 28, 0, 37.18%, 0, 0, 6, 5.13, 52012, 29
954, 3, 0, 42, 28, 0, 37.18%, 0, 0, 6, 4.85, 52028, 29
959, 3, 0, 42, 26, 0, 37.18%, 0, 0, 6, 450.95, 54271, 29
964, 4, 18, 42, 26, 0, 37.18%, 0, 0, 6, 9.91, 54800, 29
969, 4, 18, 42, 26, 0, 37.18%, 0, 0, 6, 9.78, 54842, 29
974, 4, 0, 42, 26, 0, 37.18%, 0, 0, 6, 447.25, 57069, 29
991, 4, 13, 42, 26, 0, 37.18%, 0, 0, 6, 5.34, 57450, 29
1007, 4, 0, 42, 26, 0, 37.18%, 0, 0, 6, 0.80, 59287, 29
1027, 4, 14, 42, 25, 0, 37.18%, 0, 0, 6, 4.18, 61366, 29
1041, 5, 18, 42, 25, 0, 37.18%, 0, 0, 6, 3.30, 63614, 29
1046, 5, 14, 42, 25, 0, 37.18%, 0, 0, 6, 466.25, 66019, 29
1064, 5, 0, 42, 25, 0, 37.18%, 0, 0, 6, 0.49, 66257, 29
1069, 5, 18, 42, 25, 0, 37.18%, 0, 0, 6, 511.20, 68851, 29
1078, 5, 14, 42, 25, 0, 37.18%, 0, 0, 6, 11.53, 69272, 29
1097, 5, 0, 42, 25, 0, 37.18%, 0, 0, 6, 4.43, 70689, 29
1102, 6, 13, 42, 24, 0, 37.18%, 0, 0, 6, 602.24, 73673, 29
1115, 6, 0, 42, 24, 0, 37.18%, 0, 0, 6, 4.53, 74433, 29
1120, 6, 0, 43, 24, 0, 41.03%, 0, 0, 6, 631.76, 77723, 32
1130, 6, 0, 43, 23, 0, 41.03%, 0, 0, 6, 4.50, 78021, 32
1147, 6, 42, 48, 28, 0, 43.59%, 0, 0, 6, 7.43, 80522, 34
1152, 6, 42, 54, 34, 0, 44.87%, 0, 0, 6, 615.34, 83544, 35
1157, 6, 48, 61, 40, 2, 46.15%, 0, 0, 6, 677.89, 85095, 36
1171, 6, 48, 64, 43, 2, 47.44%, 0, 0, 6, 1.16, 86806, 37
1176, 6, 48, 70, 49, 2, 47.44%, 0, 0, 6, 626.58, 89970, 37
1181, 6, 63, 72, 48, 1, 47.44%, 0, 0, 6, 676.71, 92177, 37
1190, 6, 63, 73, 49, 1, 47.44%, 0, 0, 6, 17.06, 92780, 37
1195, 6, 73, 77, 51, 0, 48.72%, 0, 0, 6, 696.91, 96456, 38
1205, 6, 73, 78, 52, 0, 48.72%, 0, 0, 6, 14.71, 97549, 38
1210, 6, 73, 80, 54, 0, 50.00%, 0, 0, 6, 684.34, 100911, 39
1219, 6, 73, 80, 54, 0, 50.00%, 0, 0, 6, 19.86, 102115, 39
1224, 6, 78, 83, 56, 0, 50.00%, 0, 0, 7, 642.24, 105224, 39
1230, 6, 78, 84, 57, 0, 50.00%, 0, 0, 7, 37.04, 106335, 39
1238, 6, 78, 86, 59, 0, 50.00%, 0, 0, 7, 11.80, 108653, 39
1243, 6, 78, 87, 60, 0, 52.56%, 0, 0, 7, 631.83, 112107, 41
1249, 6, 78, 89, 62, 0, 52.56%, 0, 0, 7, 643.86, 114128, 41
1255, 6, 87, 89, 62, 1, 52.56%, 0, 0, 7, 14.60, 114713, 41
1260, 6, 87, 91, 63, 0, 52.56%, 0, 0, 8, 689.48, 118198, 41
1271, 6, 87, 92, 64, 0, 52.56%, 0, 0, 8, 23.01, 121509, 41
1276, 6, 87, 94, 66, 0, 52.56%, 0, 0, 8, 678.91, 125084, 41
1285, 6, 59, 95, 67, 0, 52.56%, 0, 0, 8, 20.60, 127827, 41
1288, 6, 81, 95, 67, 0, 52.56%, 1, 0, 8, 0.00, 130078, 41
