# relative_time, cycles_done, cur_item, corpus_count, pending_total, pending_favs, map_size, saved_crashes, saved_hangs, max_depth, execs_per_sec, total_execs, edges_found
68, 0, 0, 20, 20, 1, 32.63%, 0, 0, 2, 0.28, 3770, 31
73, 0, 0, 20, 20, 1, 32.63%, 0, 0, 2, 272.80, 5187, 31
93, 0, 0, 20, 20, 1, 32.63%, 0, 0, 2, 3.18, 5762, 31
98, 0, 0, 20, 20, 1, 32.63%, 0, 0, 2, 268.27, 7167, 31
119, 0, 0, 20, 20, 1, 32.63%, 0, 0, 2, 2.71, 7747, 31
124, 0, 0, 20, 20, 1, 32.63%, 0, 0, 2, 272.92, 9142, 31
137, 0, 0, 20, 20, 1, 32.63%, 0, 0, 2, 4.97, 9382, 31
153, 0, 0, 20, 20, 1, 32.63%, 0, 0, 2, 1.64, 10622, 31
158, 0, 0, 20, 20, 1, 32.63%, 0, 0, 2, 316.80, 12302, 31
174, 0, 0, 20, 20, 1, 32.63%, 0, 0, 2, 3.09, 13136, 31
179, 0, 0, 21, 21, 1, 34.74%, 0, 0, 2, 341.12, 14853, 33
188, 0, 0, 21, 21, 1, 34.74%, 0, 0, 2, 1.03, 15789, 33
196, 0, 0, 21, 21, 1, 34.74%, 0, 0, 2, 1.05, 15800, 33
201, 0, 0, 21, 21, 1, 34.74%, 0, 0, 2, 343.02, 17583, 33
210, 0, 0, 22, 22, 1, 35.79%, 0, 0, 2, 6.93, 18352, 34
223, 0, 0, 22, 22, 1, 35.79%, 0, 0, 2, 7.85, 19852, 34
228, 0, 0, 23, 23, 1, 35.79%, 0, 0, 2, 343.96, 21431, 34
237, 0, 0, 23, 23, 1, 35.79%, 0, 0, 2, 3.22, 22511, 34
250, 0, 0, 23, 23, 1, 35.79%, 0, 0, 2, 8.44, 24221, 34
255, 0, 0, 23, 23, 1, 35.79%, 0, 0, 2, 338.73, 26003, 34
261, 0, 0, 23, 23, 1, 35.79%, 0, 0, 2, 9.53, 26843, 34
267, 0, 0, 23, 23, 1, 35.79%, 0, 0, 2, 341.28, 28637, 34
277, 0, 0, 23, 23, 1, 35.79%, 0, 0, 2, 8.98, 29837, 34
282, 0, 0, 23, 23, 1, 35.79%, 0, 0, 2, 346.85, 31643, 34
297, 0, 0, 24, 24, 1, 38.95%, 0, 0, 2, 4.49, 32964, 37
302, 0, 0, 24, 24, 1, 38.95%, 0, 0, 2, 344.81, 34692, 37
308, 0, 0, 24, 24, 1, 38.95%, 0, 0, 2, 6.02, 36108, 37
313, 0, 0, 24, 24, 1, 38.95%, 0, 0, 2, 344.18, 37902, 37
321, 0, 0, 24, 24, 1, 38.95%, 0, 0, 2, 11.84, 38682, 37
326, 0, 0, 24, 24, 1, 38.95%, 0, 0, 2, 328.57, 40302, 37
331, 0, 0, 25, 25, 1, 40.00%, 0, 0, 2, 339.28, 42079, 38
336, 0, 0, 25, 25, 1, 40.00%, 0, 0, 2, 342.83, 43855, 38
342, 0, 0, 25, 25, 1, 40.00%, 0, 0, 2, 15.66, 44887, 38
347, 0, 0, 25, 25, 1, 40.00%, 0, 0, 2, 334.94, 46531, 38
352, 0, 0, 25, 25, 1, 40.00%, 0, 0, 2, 328.98, 47653, 38
357, 0, 0, 25, 25, 1, 40.00%, 0, 0, 2, 344.99, 49447, 38
363, 0, 0, 25, 25, 1, 40.00%, 0, 0, 2, 345.40, 51229, 38
368, 0, 0, 26, 26, 1, 47.37%, 0, 0, 2, 334.95, 52916, 45
373, 0, 0, 26, 26, 1, 47.37%, 0, 0, 2, 335.01, 54608, 45
382, 0, 0, 26, 26, 1, 47.37%, 0, 0, 2, 4.37, 56198, 45
387, 0, 0, 26, 26, 1, 47.37%, 0, 0, 2, 338.18, 57914, 45
392, 0, 0, 26, 26, 1, 47.37%, 0, 0, 2, 339.53, 59612, 45
397, 0, 0, 26, 26, 1, 47.37%, 0, 0, 2, 344.58, 61334, 45
402, 0, 0, 26, 26, 1, 47.37%, 0, 0, 2, 337.99, 63014, 45
408, 0, 0, 26, 26, 1, 47.37%, 0, 0, 2, 13.10, 64346, 45
413, 0, 0, 26, 26, 1, 47.37%, 1, 0, 2, 0.00, 65805, 45
