# relative_time, cycles_done, cur_item, corpus_count, pending_total, pending_favs, map_size, saved_crashes, saved_hangs, max_depth, execs_per_sec, total_execs, edges_found
68, 0, 1, 19, 17, 0, 33.68%, 0, 0, 3, 0.65, 7087, 32
73, 0, 1, 19, 17, 0, 33.68%, 0, 0, 3, 470.12, 9555, 32
93, 0, 1, 19, 17, 0, 33.68%, 0, 0, 3, 3.83, 10464, 32
99, 0, 21, 22, 14, 0, 36.84%, 0, 0, 4, 451.31, 12846, 35
119, 0, 18, 23, 14, 0, 36.84%, 0, 0, 5, 0.49, 13777, 35
124, 0, 13, 26, 16, 0, 37.89%, 0, 0, 5, 463.93, 16128, 36
137, 0, 12, 27, 17, 0, 37.89%, 0, 0, 5, 0.76, 16545, 36
153, 0, 20, 31, 21, 0, 40.00%, 0, 0, 5, 5.87, 18665, 38
158, 0, 20, 33, 23, 0, 42.11%, 0, 0, 5, 462.49, 21100, 40
174, 0, 20, 33, 23, 0, 42.11%, 0, 0, 5, 6.57, 22234, 40
180, 0, 20, 34, 24, 0, 42.11%, 0, 0, 5, 464.78, 24662, 40
196, 0, 20, 34, 24, 0, 42.11%, 0, 0, 5, 1.31, 25868, 40
201, 0, 20, 35, 25, 0, 42.11%, 0, 0, 5, 474.11, 28311, 40
210, 0, 20, 36, 26, 0, 42.11%, 0, 0, 5, 7.91, 29363, 40
224, 0, 22, 38, 25, 1, 42.11%, 0, 0, 6, 9.38, 31413, 40
229, 0, 31, 40, 25, 0, 42.11%, 0, 0, 6, 464.18, 33839, 40
237, 0, 1, 44, 29, 0, 42.11%, 0, 0, 6, 0.18, 35008, 40
248, 0, 25, 44, 29, 0, 42.11%, 0, 0, 6, 8.66, 37329, 40
253, 0, 32, 46, 31, 0, 43.16%, 0, 0, 6, 457.74, 38706, 41
262, 0, 32, 48, 33, 0, 43.16%, 0, 0, 6, 4.17, 40835, 41
267, 0, 32, 48, 33, 0, 43.16%, 0, 0, 6, 458.36, 43166, 41
277, 0, 32, 48, 33, 0, 43.16%, 0, 0, 6, 4.97, 44831, 41
283, 0, 32, 49, 34, 0, 43.16%, 0, 0, 6, 470.16, 47250, 41
297, 0, 32, 51, 36, 0, 43.16%, 0, 0, 6, 4.71, 49027, 41
302, 0, 45, 51, 35, 0, 43.16%, 0, 0, 6, 466.61, 51370, 41
308, 0, 25, 52, 36, 0, 43.16%, 0, 0, 7, 23.72, 53350, 41
313, 0, 53, 54, 37, 0, 44.21%, 0, 0, 7, 447.21, 55721, 42
321, 0, 53, 55, 38, 0, 44.21%, 0, 0, 7, 11.31, 56772, 42
326, 0, 53, 56, 39, 0, 45.26%, 0, 0, 7, 467.66, 59186, 43
331, 0, 55, 58, 40, 0, 45.26%, 0, 0, 7, 452.95, 61471, 43
336, 0, 55, 58, 40, 0, 45.26%, 0, 0, 7, 463.21, 63790, 43
342, 0, 55, 58, 40, 0, 45.26%, 0, 0, 7, 10.29, 65252, 43
347, 0, 55, 58, 40, 0, 45.26%, 0, 0, 7, 465.93, 67587, 43
352, 0, 55, 58, 40, 0, 45.26%, 0, 0, 7, 450.88, 69061, 43
357, 0, 12, 58, 40, 0, 45.26%, 0, 0, 7, 465.61, 71408, 43
359, 0, 55, 58, 40, 0, 45.26%, 1, 0, 7, 0.00, 72174, 43
