# relative_time, cycles_done, cur_item, corpus_count, pending_total, pending_favs, map_size, saved_crashes, saved_hangs, max_depth, execs_per_sec, total_execs, edges_found
77, 0, 0, 18, 18, 1, 36.26%, 0, 0, 2, 0.25, 1812, 33
122, 0, 0, 18, 18, 1, 36.26%, 0, 0, 2, 0.99, 3154, 33
127, 0, 0, 20, 20, 1, 37.36%, 0, 0, 2, 393.33, 4000, 34
176, 0, 0, 22, 22, 1, 38.46%, 0, 0, 2, 1.70, 5267, 35
181, 0, 0, 23, 23, 1, 39.56%, 0, 0, 2, 402.92, 7341, 36
215, 0, 0, 23, 23, 1, 39.56%, 0, 0, 2, 0.96, 7661, 36
222, 0, 0, 23, 23, 1, 39.56%, 0, 0, 2, 0.14, 7662, 36
264, 0, 0, 23, 23, 1, 39.56%, 0, 0, 2, 0.62, 8789, 36
269, 0, 0, 23, 23, 1, 39.56%, 0, 0, 2, 443.88, 11077, 36
306, 0, 0, 23, 23, 1, 39.56%, 0, 0, 2, 0.22, 11181, 36
346, 0, 0, 23, 23, 1, 39.56%, 0, 0, 2, 1.32, 12717, 36
351, 0, 0, 25, 25, 1, 42.86%, 0, 0, 2, 411.36, 14779, 39
384, 0, 0, 25, 25, 1, 42.86%, 0, 0, 2, 1.24, 15099, 39
390, 0, 0, 25, 25, 1, 42.86%, 0, 0, 2, 26.32, 16171, 39
420, 0, 0, 25, 25, 1, 42.86%, 0, 0, 2, 0.03, 16172, 39
455, 0, 0, 25, 25, 1, 42.86%, 0, 0, 2, 2.08, 18307, 39
463, 0, 0, 25, 25, 1, 42.86%, 0, 0, 2, 11.09, 18958, 39
487, 0, 0, 25, 25, 1, 42.86%, 0, 0, 2, 0.25, 18964, 39
492, 0, 0, 25, 25, 1, 42.86%, 0, 0, 2, 412.81, 21067, 39
522, 0, 0, 25, 25, 1, 42.86%, 0, 0, 2, 0.54, 21371, 39
527, 0, 0, 25, 25, 1, 42.86%, 0, 0, 2, 409.11, 23539, 39
557, 0, 0, 25, 25, 1, 42.86%, 0, 0, 2, 0.27, 23819, 39
592, 0, 0, 25, 25, 1, 42.86%, 0, 0, 2, 1.25, 24843, 39
597, 0, 0, 26, 26, 1, 42.86%, 0, 0, 2, 410.42, 26986, 39
626, 0, 0, 26, 26, 1, 42.86%, 0, 0, 2, 3.11, 27266, 39
656, 0, 0, 26, 26, 1, 42.86%, 0, 0, 2, 2.07, 28994, 39
665, 0, 0, 27, 27, 1, 43.96%, 0, 0, 2, 14.66, 30438, 40
680, 0, 0, 27, 27, 1, 43.96%, 0, 0, 2, 0.52, 30446, 40
713, 0, 0, 28, 28, 1, 45.05%, 0, 0, 2, 2.52, 32218, 41
718, 0, 0, 28, 28, 1, 45.05%, 0, 0, 2, 437.93, 34480, 41
740, 0, 0, 28, 28, 1, 45.05%, 0, 0, 2, 1.48, 34688, 41
748, 0, 0, 28, 28, 1, 45.05%, 0, 0, 2, 7.31, 35776, 41
762, 0, 0, 28, 28, 1, 45.05%, 0, 0, 2, 0.58, 35784, 41
788, 0, 0, 28, 28, 1, 45.05%, 0, 0, 2, 2.92, 37784, 41
793, 0, 0, 29, 29, 1, 45.05%, 0, 0, 2, 426.24, 39911, 41
801, 0, 0, 29, 29, 1, 45.05%, 0, 0, 2, 12.09, 40103, 41
816, 0, 0, 29, 29, 1, 45.05%, 0, 0, 2, 0.86, 40116, 41
837, 0, 0, 29, 29, 1, 45.05%, 0, 0, 2, 5.78, 41594, 41
842, 0, 0, 29, 29, 1, 45.05%, 0, 0, 2, 494.78, 43988, 41
864, 0, 0, 29, 29, 1, 45.05%, 0, 0, 2, 2.92, 44249, 41
892, 0, 0, 29, 29, 1, 45.05%, 0, 0, 2, 3.77, 46616, 41
897, 0, 0, 29, 29, 1, 45.05%, 0, 0, 2, 492.23, 48929, 41
916, 0, 0, 29, 29, 1, 45.05%, 0, 0, 2, 5.11, 49415, 41
933, 0, 0, 29, 29, 1, 45.05%, 0, 0, 2, 5.61, 50990, 41
946, 0, 0, 29, 29, 1, 45.05%, 0, 0, 2, 4.72, 52520, 41
954, 0, 0, 29, 29, 1, 45.05%, 0, 0, 2, 4.38, 52535, 41
959, 0, 0, 29, 29, 1, 45.05%, 0, 0, 2, 456.05, 54806, 41
964, 0, 0, 29, 29, 1, 45.05%, 0, 0, 2, 0.33, 55329, 41
969, 0, 0, 29, 29, 1, 45.05%, 0, 0, 2, 8.77, 55376, 41
974, 0, 0, 29, 29, 1, 45.05%, 0, 0, 2, 448.39, 57623, 41
991, 0, 0, 29, 29, 1, 45.05%, 0, 0, 2, 4.43, 58001, 41
1006, 0, 0, 29, 29, 1, 45.05%, 0, 0, 2, 1.59, 59864, 41
1026, 0, 0, 29, 29, 1, 45.05%, 0, 0, 2, 5.69, 61961, 41
1040, 0, 0, 30, 30, 1, 45.05%, 0, 0, 2, 3.95, 64191, 41
1045, 0, 0, 30, 30, 1, 45.05%, 0, 0, 2, 467.45, 66531, 41
1064, 0, 0, 30, 30, 1, 45.05%, 0, 0, 2, 3.93, 66837, 41
1069, 0, 0, 30, 30, 1, 45.05%, 0, 0, 2, 515.11, 69458, 41
1078, 0, 0, 30, 30, 1, 45.05%, 0, 0, 2, 10.62, 69908, 41
1097, 0, 23, 40, 38, 7, 45.05%, 0, 0, 3, 4.43, 71318, 41
1102, 0, 24, 50, 39, 2, 45.05%, 0, 0, 4, 606.99, 74397, 41
1115, 0, 45, 51, 38, 0, 45.05%, 0, 0, 4, 6.13, 75099, 41
1120, 0, 49, 57, 42, 0, 45.05%, 0, 0, 5, 634.73, 78330, 41
1130, 0, 49, 57, 42, 0, 45.05%, 0, 0, 5, 10.21, 78702, 41
1147, 0, 52, 57, 42, 0, 45.05%, 0, 0, 5, 6.66, 81215, 41
1152, 0, 50, 57, 42, 0, 45.05%, 0, 0, 5, 632.45, 84350, 41
1157, 0, 52, 57, 41, 0, 45.05%, 0, 0, 5, 697.37, 85877, 41
1170, 0, 52, 58, 42, 0, 45.05%, 0, 0, 5, 4.95, 87631, 41
1176, 0, 49, 59, 43, 0, 45.05%, 0, 0, 5, 640.19, 90904, 41
1181, 0, 50, 59, 43, 0, 45.05%, 0, 0, 5, 683.61, 93130, 41
1190, 0, 50, 59, 43, 0, 45.05%, 0, 0, 5, 6.66, 93803, 41
1195, 0, 52, 59, 43, 0, 45.05%, 0, 0, 5, 735.20, 97629, 41
1205, 0, 30, 59, 43, 0, 45.05%, 0, 0, 5, 15.92, 98780, 41
1210, 0, 50, 59, 43, 0, 45.05%, 0, 0, 5, 713.83, 102223, 41
1219, 1, 50, 59, 43, 0, 45.05%, 0, 0, 5, 19.99, 103551, 41
1224, 1, 30, 63, 47, 0, 45.05%, 0, 0, 5, 701.48, 107131, 41
1229, 1, 50, 63, 47, 0, 45.05%, 0, 0, 5, 1.22, 108292, 41
1238, 1, 50, 64, 47, 0, 45.05%, 0, 0, 5, 15.09, 110821, 41
1243, 1, 50, 65, 48, 0, 45.05%, 0, 0, 5, 675.72, 114368, 41
1248, 1, 50, 66, 48, 0, 45.05%, 0, 0, 6, 708.66, 116497, 41
1255, 1, 50, 66, 48, 0, 45.05%, 0, 0, 6, 15.82, 117071, 41
1260, 1, 44, 69, 50, 0, 45.05%, 0, 0, 6, 740.14, 120781, 41
1270, 1, 52, 69, 49, 0, 45.05%, 0, 0, 6, 1.28, 124382, 41
1276, 1, 57, 71, 49, 0, 45.05%, 0, 0, 6, 758.43, 128310, 41
1285, 1, 18, 71, 48, 0, 45.05%, 0, 0, 6, 29.78, 131373, 41
1290, 1, 57, 71, 48, 0, 45.05%, 0, 0, 6, 800.47, 135332, 41
1295, 1, 33, 72, 49, 0, 45.05%, 0, 0, 6, 798.42, 139291, 41
1301, 2, 57, 73, 49, 0, 45.05%, 0, 0, 6, 35.62, 140270, 41
1306, 2, 50, 78, 54, 0, 45.05%, 0, 0, 6, 809.03, 144452, 41
1311, 2, 50, 82, 56, 0, 45.05%, 0, 0, 6, 776.76, 148492, 41
1316, 2, 63, 85, 58, 0, 45.05%, 0, 0, 6, 783.67, 152417, 41
1321, 2, 44, 89, 62, 0, 45.05%, 0, 0, 6, 764.72, 156263, 41
1326, 2, 33, 89, 62, 0, 45.05%, 0, 0, 6, 784.46, 160288, 41
1331, 2, 50, 90, 62, 0, 45.05%, 0, 0, 6, 787.71, 164227, 41
1339, 2, 65, 92, 64, 0, 45.05%, 0, 0, 6, 5.13, 167620, 41
1344, 2, 44, 93, 64, 0, 45.05%, 0, 0, 6, 649.33, 171431, 41
1349, 2, 50, 93, 63, 0, 45.05%, 0, 0, 6, 770.46, 175468, 41
1354, 2, 50, 93, 62, 0, 45.05%, 0, 0, 6, 809.13, 179617, 41
1359, 3, 50, 94, 62, 0, 45.05%, 0, 0, 6, 809.98, 183842, 41
1364, 3, 54, 94, 58, 0, 45.05%, 0, 0, 6, 791.42, 187801, 41
1369, 3, 50, 95, 57, 0, 45.05%, 0, 0, 6, 787.84, 191708, 41
1374, 3, 50, 96, 57, 0, 45.05%, 0, 0, 6, 794.31, 195810, 41
1379, 3, 50, 97, 58, 0, 45.05%, 0, 0, 6, 743.48, 199473, 41
1384, 3, 36, 97, 57, 0, 45.05%, 0, 0, 6, 784.86, 203416, 41
1389, 3, 50, 97, 57, 0, 45.05%, 0, 0, 6, 799.57, 207446, 41
1395, 4, 50, 97, 57, 0, 45.05%, 0, 0, 6, 810.70, 211669, 41
1400, 4, 50, 97, 56, 0, 45.05%, 0, 0, 6, 791.26, 215720, 41
1405, 4, 50, 97, 56, 0, 45.05%, 0, 0, 6, 788.84, 219840, 41
1410, 4, 50, 97, 56, 0, 45.05%, 0, 0, 6, 776.50, 223808, 41
1415, 4, 50, 97, 55, 0, 45.05%, 0, 0, 6, 519.80, 226762, 41
1420, 4, 54, 97, 54, 0, 45.05%, 0, 0, 6, 740.02, 230847, 41
1426, 4, 51, 97, 54, 0, 45.05%, 0, 0, 6, 781.97, 234939, 41
1431, 4, 59, 97, 52, 0, 45.05%, 0, 0, 6, 793.97, 238971, 41
1436, 4, 59, 97, 52, 0, 45.05%, 0, 0, 6, 750.54, 242757, 41
1441, 5, 50, 97, 51, 0, 45.05%, 0, 0, 6, 764.28, 246693, 41
1446, 5, 50, 97, 51, 0, 45.05%, 0, 0, 6, 793.90, 250721, 41
1451, 5, 64, 97, 50, 0, 45.05%, 0, 0, 6, 773.63, 254758, 41
1456, 5, 50, 97, 48, 0, 45.05%, 0, 0, 6, 792.31, 258899, 41
1462, 5, 59, 97, 47, 0, 45.05%, 0, 0, 6, 765.11, 262834, 41
1467, 5, 37, 97, 47, 0, 45.05%, 0, 0, 6, 793.49, 266926, 41
1472, 5, 50, 97, 47, 0, 45.05%, 0, 0, 6, 791.35, 270919, 41
1477, 5, 51, 97, 47, 0, 45.05%, 0, 0, 6, 801.70, 275111, 41
1482, 6, 50, 97, 46, 0, 45.05%, 0, 0, 6, 801.41, 279127, 41
1487, 6, 51, 97, 46, 0, 45.05%, 0, 0, 6, 783.77, 283149, 41
1492, 6, 50, 97, 46, 0, 45.05%, 0, 0, 6, 781.64, 286940, 41
1497, 6, 50, 97, 45, 0, 45.05%, 0, 0, 6, 779.43, 290843, 41
1503, 6, 59, 97, 45, 0, 45.05%, 0, 0, 6, 800.96, 294971, 41
1508, 6, 50, 97, 44, 0, 45.05%, 0, 0, 6, 804.92, 299050, 41
1513, 6, 50, 97, 44, 0, 45.05%, 0, 0, 6, 799.27, 303163, 41
1518, 6, 37, 97, 42, 0, 45.05%, 0, 0, 6, 796.97, 307257, 41
1523, 6, 50, 97, 42, 0, 45.05%, 0, 0, 6, 738.81, 310754, 41
1528, 7, 53, 97, 42, 0, 45.05%, 0, 0, 6, 812.93, 314882, 41
1533, 7, 50, 97, 42, 0, 45.05%, 0, 0, 6, 833.23, 319054, 41
1538, 7, 51, 97, 41, 0, 45.05%, 0, 0, 6, 808.62, 323233, 41
1543, 7, 53, 97, 38, 0, 45.05%, 0, 0, 6, 795.82, 327366, 41
1549, 7, 50, 97, 37, 0, 45.05%, 0, 0, 6, 822.60, 331706, 41
1554, 7, 50, 97, 37, 0, 45.05%, 0, 0, 6, 821.96, 335809, 41
1559, 7, 37, 97, 37, 0, 45.05%, 0, 0, 6, 821.95, 340096, 41
1564, 7, 59, 97, 37, 0, 45.05%, 0, 0, 6, 831.13, 344370, 41
1569, 8, 59, 97, 37, 0, 45.05%, 0, 0, 6, 849.85, 348779, 41
1574, 8, 50, 98, 38, 0, 45.05%, 0, 0, 6, 838.12, 353046, 41
1579, 8, 50, 99, 38, 0, 45.05%, 0, 0, 6, 834.00, 357210, 41
1584, 8, 37, 99, 38, 0, 45.05%, 0, 0, 6, 824.39, 361355, 41
1589, 8, 50, 99, 38, 0, 45.05%, 0, 0, 6, 823.36, 365646, 41
1594, 8, 49, 99, 38, 0, 45.05%, 0, 0, 6, 831.12, 369819, 41
1599, 8, 50, 99, 38, 0, 45.05%, 0, 0, 6, 830.73, 373946, 41
1605, 8, 79, 99, 38, 0, 45.05%, 0, 0, 6, 832.53, 378195, 41
1610, 9, 50, 99, 37, 0, 45.05%, 0, 0, 6, 820.31, 382450, 41
1615, 9, 89, 99, 37, 0, 45.05%, 0, 0, 6, 826.89, 386570, 41
1620, 9, 58, 99, 36, 0, 45.05%, 0, 0, 6, 843.58, 390890, 41
1625, 9, 59, 99, 35, 0, 45.05%, 0, 0, 6, 833.87, 395224, 41
1630, 9, 37, 99, 35, 0, 45.05%, 0, 0, 6, 840.99, 399471, 41
1635, 9, 50, 99, 35, 0, 45.05%, 0, 0, 6, 822.35, 403719, 41
1640, 9, 50, 99, 35, 0, 45.05%, 0, 0, 6, 843.47, 408140, 41
1645, 9, 50, 99, 35, 0, 45.05%, 0, 0, 6, 825.78, 412273, 41
1651, 10, 50, 99, 35, 0, 45.05%, 0, 0, 6, 835.78, 416589, 41
1656, 10, 59, 99, 34, 0, 45.05%, 0, 0, 6, 836.54, 420968, 41
1661, 10, 37, 99, 34, 0, 45.05%, 0, 0, 6, 840.76, 425272, 41
1666, 10, 50, 99, 34, 0, 45.05%, 0, 0, 6, 817.98, 429526, 41
1671, 10, 53, 99, 34, 0, 45.05%, 0, 0, 6, 816.27, 433632, 41
1676, 10, 51, 99, 34, 0, 45.05%, 0, 0, 6, 831.51, 437969, 41
1682, 10, 37, 99, 34, 0, 45.05%, 0, 0, 6, 837.69, 442350, 41
1687, 10, 50, 99, 34, 0, 45.05%, 0, 0, 6, 851.65, 446712, 41
1692, 11, 91, 99, 34, 0, 45.05%, 0, 0, 6, 835.38, 451063, 41
1697, 11, 37, 99, 33, 0, 45.05%, 0, 0, 6, 794.23, 454758, 41
1702, 11, 50, 99, 33, 0, 45.05%, 0, 0, 6, 816.75, 459063, 41
1707, 11, 50, 99, 33, 0, 45.05%, 0, 0, 6, 822.98, 463156, 41
1712, 11, 37, 99, 31, 0, 45.05%, 0, 0, 6, 801.31, 467165, 41
1718, 11, 50, 99, 31, 0, 45.05%, 0, 0, 6, 826.71, 471456, 41
1723, 11, 37, 99, 31, 0, 45.05%, 0, 0, 6, 781.40, 475138, 41
1728, 11, 50, 99, 31, 0, 45.05%, 0, 0, 6, 828.27, 479450, 41
1733, 12, 50, 99, 31, 0, 45.05%, 0, 0, 6, 820.31, 483692, 41
1738, 12, 50, 99, 31, 0, 45.05%, 0, 0, 6, 840.45, 487927, 41
1743, 12, 46, 99, 31, 0, 45.05%, 0, 0, 6, 847.19, 492335, 41
1748, 12, 50, 99, 31, 0, 45.05%, 0, 0, 6, 844.98, 496477, 41
1753, 12, 53, 99, 31, 0, 45.05%, 0, 0, 6, 843.00, 500688, 41
1758, 12, 50, 99, 31, 0, 45.05%, 0, 0, 6, 832.85, 504831, 41
1764, 12, 51, 99, 31, 0, 45.05%, 0, 0, 6, 833.37, 509122, 41
1769, 12, 49, 99, 31, 0, 45.05%, 0, 0, 6, 846.98, 513368, 41
1774, 13, 37, 99, 31, 0, 45.05%, 0, 0, 6, 833.96, 517682, 41
1779, 13, 51, 99, 31, 0, 45.05%, 0, 0, 6, 822.46, 521897, 41
1784, 13, 54, 99, 31, 0, 45.05%, 0, 0, 6, 808.95, 525980, 41
1789, 13, 51, 99, 30, 0, 45.05%, 0, 0, 6, 802.28, 529939, 41
1794, 13, 50, 99, 30, 0, 45.05%, 0, 0, 6, 830.33, 534240, 41
1799, 13, 50, 99, 30, 0, 45.05%, 0, 0, 6, 840.56, 538621, 41
1804, 13, 50, 99, 30, 0, 45.05%, 0, 0, 6, 831.71, 542942, 41
1810, 13, 55, 99, 29, 0, 45.05%, 0, 0, 6, 829.54, 547262, 41
1815, 14, 50, 99, 29, 0, 45.05%, 0, 0, 6, 838.04, 551621, 41
1820, 14, 46, 99, 29, 0, 45.05%, 0, 0, 6, 822.63, 555887, 41
1825, 14, 40, 99, 29, 0, 45.05%, 0, 0, 6, 825.35, 560200, 41
1830, 14, 51, 99, 28, 0, 45.05%, 0, 0, 6, 855.14, 564641, 41
1836, 14, 50, 99, 28, 0, 45.05%, 0, 0, 6, 838.49, 568992, 41
1841, 14, 54, 99, 28, 0, 45.05%, 0, 0, 6, 838.40, 573335, 41
1846, 14, 37, 99, 28, 0, 45.05%, 0, 0, 6, 833.55, 577509, 41
1851, 14, 94, 99, 28, 0, 45.05%, 0, 0, 6, 806.49, 581619, 41
1856, 15, 55, 99, 27, 0, 45.05%, 0, 0, 6, 723.81, 584828, 41
1861, 15, 50, 99, 27, 0, 45.05%, 0, 0, 6, 816.66, 589131, 41
1866, 15, 54, 99, 27, 0, 45.05%, 0, 0, 6, 842.01, 593389, 41
1871, 15, 37, 99, 27, 0, 45.05%, 0, 0, 6, 857.53, 597786, 41
1876, 15, 55, 99, 27, 0, 45.05%, 0, 0, 6, 840.13, 602081, 41
1881, 15, 54, 99, 27, 0, 45.05%, 0, 0, 6, 847.48, 606516, 41
1886, 15, 50, 99, 27, 0, 45.05%, 0, 0, 6, 853.63, 610782, 41
1892, 15, 55, 99, 26, 0, 45.05%, 0, 0, 6, 858.06, 615253, 41
1897, 16, 53, 99, 26, 0, 45.05%, 0, 0, 6, 846.94, 619477, 41
1902, 16, 50, 99, 26, 0, 45.05%, 0, 0, 6, 835.58, 623654, 41
1907, 16, 97, 99, 26, 0, 45.05%, 0, 0, 6, 679.23, 627119, 41
1912, 16, 50, 99, 25, 0, 45.05%, 0, 0, 6, 842.23, 631653, 41
1917, 16, 37, 99, 25, 0, 45.05%, 0, 0, 6, 853.24, 635958, 41
1922, 16, 50, 99, 25, 0, 45.05%, 0, 0, 6, 863.56, 640426, 41
1927, 16, 85, 99, 25, 0, 45.05%, 0, 0, 6, 786.68, 644356, 41
1932, 16, 55, 99, 24, 0, 45.05%, 0, 0, 6, 828.58, 648731, 41
1937, 16, 50, 99, 24, 0, 45.05%, 0, 0, 6, 865.43, 653242, 41
1943, 17, 50, 99, 24, 0, 45.05%, 0, 0, 6, 871.10, 657725, 41
1948, 17, 50, 99, 24, 0, 45.05%, 0, 0, 6, 871.90, 662245, 41
1953, 17, 53, 99, 24, 0, 45.05%, 0, 0, 6, 850.55, 666629, 41
1958, 17, 53, 99, 24, 0, 45.05%, 0, 0, 6, 863.81, 671104, 41
1963, 17, 50, 99, 24, 0, 45.05%, 0, 0, 6, 858.95, 675511, 41
1969, 17, 54, 99, 24, 0, 45.05%, 0, 0, 6, 886.35, 680091, 41
1974, 17, 46, 99, 24, 0, 45.05%, 0, 0, 6, 862.72, 684500, 41
1979, 18, 50, 99, 24, 0, 45.05%, 0, 0, 6, 866.11, 689018, 41
1984, 18, 74, 99, 24, 0, 45.05%, 0, 0, 6, 865.77, 693499, 41
1989, 18, 95, 99, 24, 0, 45.05%, 0, 0, 6, 855.49, 697948, 41
1995, 18, 50, 99, 23, 0, 45.05%, 0, 0, 6, 857.22, 702354, 41
2000, 18, 50, 99, 23, 0, 45.05%, 0, 0, 6, 859.25, 706670, 41
2005, 18, 50, 99, 23, 0, 45.05%, 0, 0, 6, 856.52, 711141, 41
2010, 18, 83, 99, 23, 0, 45.05%, 0, 0, 6, 839.01, 715412, 41
2015, 18, 51, 99, 22, 0, 45.05%, 0, 0, 6, 850.09, 719867, 41
2020, 18, 51, 99, 22, 0, 45.05%, 0, 0, 6, 877.69, 724291, 41
2025, 19, 51, 99, 22, 0, 45.05%, 0, 0, 6, 860.85, 728778, 41
2030, 19, 50, 99, 22, 0, 45.05%, 0, 0, 6, 868.93, 733289, 41
2035, 19, 46, 99, 22, 0, 45.05%, 0, 0, 6, 880.95, 737741, 41
2040, 19, 37, 99, 22, 0, 45.05%, 0, 0, 6, 870.57, 742116, 41
2046, 19, 54, 99, 21, 0, 45.05%, 0, 0, 6, 855.18, 746501, 41
2051, 19, 53, 99, 21, 0, 45.05%, 0, 0, 6, 864.25, 750972, 41
2056, 19, 50, 99, 21, 0, 45.05%, 0, 0, 6, 875.71, 755388, 41
2061, 20, 54, 99, 21, 0, 45.05%, 0, 0, 6, 862.34, 759721, 41
2066, 20, 55, 99, 21, 0, 45.05%, 0, 0, 6, 883.16, 764164, 41
2071, 20, 50, 99, 21, 0, 45.05%, 0, 0, 6, 873.16, 768651, 41
2076, 20, 50, 99, 21, 0, 45.05%, 0, 0, 6, 883.81, 773229, 41
2081, 20, 50, 99, 21, 0, 45.05%, 0, 0, 6, 883.96, 777835, 41
2087, 20, 54, 99, 21, 0, 45.05%, 0, 0, 6, 866.46, 782320, 41
2092, 20, 53, 99, 20, 0, 45.05%, 0, 0, 6, 857.98, 786692, 41
2097, 20, 50, 99, 19, 0, 45.05%, 0, 0, 6, 852.28, 790910, 41
2102, 21, 53, 99, 19, 0, 45.05%, 0, 0, 6, 886.66, 795503, 41
2107, 21, 83, 99, 19, 0, 45.05%, 0, 0, 6, 863.16, 799865, 41
2112, 21, 50, 99, 19, 0, 45.05%, 0, 0, 6, 895.01, 804545, 41
2117, 21, 50, 99, 19, 0, 45.05%, 0, 0, 6, 895.64, 809157, 41
2122, 21, 50, 99, 19, 0, 45.05%, 0, 0, 6, 889.94, 813605, 41
2127, 21, 50, 99, 19, 0, 45.05%, 0, 0, 6, 873.56, 818116, 41
2132, 21, 54, 99, 19, 0, 45.05%, 0, 0, 6, 888.15, 822535, 41
2138, 21, 50, 99, 19, 0, 45.05%, 0, 0, 6, 882.52, 827108, 41
2143, 22, 50, 99, 19, 0, 45.05%, 0, 0, 6, 890.04, 831724, 41
2148, 22, 50, 99, 19, 0, 45.05%, 0, 0, 6, 882.92, 836302, 41
2153, 22, 53, 99, 19, 0, 45.05%, 0, 0, 6, 895.35, 840934, 41
2158, 22, 37, 99, 19, 0, 45.05%, 0, 0, 6, 888.57, 845576, 41
2164, 22, 37, 99, 19, 0, 45.05%, 0, 0, 6, 880.96, 850082, 41
2169, 22, 55, 99, 19, 0, 45.05%, 0, 0, 6, 874.27, 854594, 41
2174, 22, 50, 99, 19, 0, 45.05%, 0, 0, 6, 875.90, 859202, 41
2179, 23, 46, 99, 18, 0, 45.05%, 0, 0, 6, 849.45, 863627, 41
2184, 23, 46, 99, 18, 0, 45.05%, 0, 0, 6, 870.80, 868179, 41
2190, 23, 50, 99, 18, 0, 45.05%, 0, 0, 6, 864.45, 872711, 41
2195, 23, 50, 99, 18, 0, 45.05%, 0, 0, 6, 889.53, 877372, 41
2200, 23, 37, 99, 18, 0, 45.05%, 0, 0, 6, 891.60, 881995, 41
2205, 23, 50, 99, 18, 0, 45.05%, 0, 0, 6, 896.58, 886685, 41
2210, 23, 50, 99, 18, 0, 45.05%, 0, 0, 6, 889.52, 891110, 41
2215, 24, 55, 99, 18, 0, 45.05%, 0, 0, 6, 893.42, 895732, 41
2220, 24, 50, 99, 18, 0, 45.05%, 0, 0, 6, 895.05, 900389, 41
2225, 24, 96, 99, 18, 0, 45.05%, 0, 0, 6, 612.87, 903554, 41
2231, 24, 51, 99, 17, 0, 45.05%, 0, 0, 6, 747.73, 907098, 41
2236, 24, 37, 99, 17, 0, 45.05%, 0, 0, 6, 861.71, 911680, 41
2241, 24, 50, 99, 17, 0, 45.05%, 0, 0, 6, 898.06, 916368, 41
2246, 24, 51, 99, 17, 0, 45.05%, 0, 0, 6, 900.34, 921022, 41
2251, 24, 55, 99, 17, 0, 45.05%, 0, 0, 6, 900.01, 925640, 41
2256, 24, 50, 99, 17, 0, 45.05%, 0, 0, 6, 895.34, 930272, 41
2261, 25, 50, 99, 17, 0, 45.05%, 0, 0, 6, 890.33, 934766, 41
2267, 25, 50, 99, 16, 0, 45.05%, 0, 0, 6, 887.78, 939348, 41
2272, 25, 50, 99, 16, 0, 45.05%, 0, 0, 6, 890.64, 943976, 41
2277, 25, 50, 99, 16, 0, 45.05%, 0, 0, 6, 863.16, 948438, 41
2282, 25, 50, 99, 16, 0, 45.05%, 0, 0, 6, 908.67, 953099, 41
2287, 25, 50, 99, 16, 0, 45.05%, 0, 0, 6, 900.75, 957763, 41
2292, 25, 50, 99, 16, 0, 45.05%, 0, 0, 6, 896.87, 962263, 41
2297, 26, 50, 99, 15, 0, 45.05%, 0, 0, 6, 794.34, 966038, 41
2303, 26, 37, 99, 14, 0, 45.05%, 0, 0, 6, 861.35, 970538, 41
2308, 26, 50, 99, 14, 0, 45.05%, 0, 0, 6, 897.37, 975195, 41
2313, 26, 50, 99, 14, 0, 45.05%, 0, 0, 6, 897.95, 979832, 41
2318, 26, 50, 99, 13, 0, 45.05%, 0, 0, 6, 877.38, 984228, 41
2323, 26, 50, 99, 13, 0, 45.05%, 0, 0, 6, 892.35, 988856, 41
2328, 26, 50, 99, 13, 0, 45.05%, 0, 0, 6, 891.12, 993497, 41
2333, 27, 50, 99, 13, 0, 45.05%, 0, 0, 6, 895.72, 998130, 41
2338, 27, 50, 99, 13, 0, 45.05%, 0, 0, 6, 891.84, 1002602, 41
2343, 27, 50, 99, 13, 0, 45.05%, 0, 0, 6, 888.42, 1007087, 41
2349, 27, 55, 99, 13, 0, 45.05%, 0, 0, 6, 858.93, 1011513, 41
2354, 27, 50, 99, 13, 0, 45.05%, 0, 0, 6, 885.06, 1016104, 41
2359, 27, 50, 99, 13, 0, 45.05%, 0, 0, 6, 907.26, 1020785, 41
2364, 27, 50, 99, 13, 0, 45.05%, 0, 0, 6, 913.33, 1025487, 41
2369, 27, 50, 99, 13, 0, 45.05%, 0, 0, 6, 912.86, 1030187, 41
2374, 28, 50, 99, 13, 0, 45.05%, 0, 0, 6, 903.90, 1034797, 41
2379, 28, 50, 99, 13, 0, 45.05%, 0, 0, 6, 891.44, 1039248, 41
2385, 28, 50, 99, 13, 0, 45.05%, 0, 0, 6, 893.46, 1043861, 41
2390, 28, 50, 99, 13, 0, 45.05%, 0, 0, 6, 887.03, 1048400, 41
2395, 28, 50, 99, 13, 0, 45.05%, 0, 0, 6, 867.50, 1052898, 41
2400, 28, 18, 99, 13, 0, 45.05%, 0, 0, 6, 850.62, 1057275, 41
2405, 28, 20, 99, 13, 0, 45.05%, 0, 0, 6, 874.35, 1061670, 41
2410, 29, 50, 99, 13, 0, 45.05%, 0, 0, 6, 897.76, 1066316, 41
2416, 29, 50, 99, 13, 0, 45.05%, 0, 0, 6, 890.99, 1070920, 41
2421, 29, 50, 99, 13, 0, 45.05%, 0, 0, 6, 889.32, 1075532, 41
2426, 29, 53, 99, 13, 0, 45.05%, 0, 0, 6, 885.69, 1079934, 41
2431, 29, 50, 99, 13, 0, 45.05%, 0, 0, 6, 892.86, 1084387, 41
2436, 29, 50, 99, 13, 0, 45.05%, 0, 0, 6, 907.22, 1089073, 41
2441, 29, 50, 99, 13, 0, 45.05%, 0, 0, 6, 904.60, 1093781, 41
2446, 30, 50, 99, 13, 0, 45.05%, 0, 0, 6, 911.21, 1098342, 41
2451, 30, 50, 99, 13, 0, 45.05%, 0, 0, 6, 901.94, 1102805, 41
2456, 30, 50, 99, 12, 0, 45.05%, 0, 0, 6, 891.03, 1107396, 41
2462, 30, 51, 99, 12, 0, 45.05%, 0, 0, 6, 863.78, 1111840, 41
2467, 30, 50, 99, 12, 0, 45.05%, 0, 0, 6, 888.47, 1116522, 41
2472, 30, 50, 99, 12, 0, 45.05%, 0, 0, 6, 885.47, 1121170, 41
2477, 30, 37, 99, 12, 0, 45.05%, 0, 0, 6, 854.66, 1125571, 41
2482, 31, 55, 99, 12, 0, 45.05%, 0, 0, 6, 880.41, 1130075, 41
2487, 31, 55, 99, 12, 0, 45.05%, 0, 0, 6, 855.74, 1134497, 41
2493, 31, 50, 99, 12, 0, 45.05%, 0, 0, 6, 876.38, 1139102, 41
2498, 31, 55, 99, 12, 0, 45.05%, 0, 0, 6, 901.78, 1143819, 41
2503, 31, 53, 99, 12, 0, 45.05%, 0, 0, 6, 881.82, 1148422, 41
2508, 31, 50, 99, 12, 0, 45.05%, 0, 0, 6, 889.97, 1152986, 41
2513, 31, 53, 99, 12, 0, 45.05%, 0, 0, 6, 877.61, 1157504, 41
2518, 31, 50, 99, 12, 0, 45.05%, 0, 0, 6, 872.00, 1161986, 41
2524, 32, 50, 99, 12, 0, 45.05%, 0, 0, 6, 896.29, 1166680, 41
2529, 32, 50, 99, 12, 0, 45.05%, 0, 0, 6, 900.27, 1171324, 41
2534, 32, 50, 99, 12, 0, 45.05%, 0, 0, 6, 891.05, 1175920, 41
2539, 32, 50, 99, 12, 0, 45.05%, 0, 0, 6, 882.24, 1180476, 41
2544, 32, 53, 99, 11, 0, 45.05%, 0, 0, 6, 890.57, 1185039, 41
2549, 32, 37, 99, 11, 0, 45.05%, 0, 0, 6, 892.10, 1189645, 41
2555, 32, 53, 99, 11, 0, 45.05%, 0, 0, 6, 870.71, 1194189, 41
2560, 33, 50, 99, 10, 0, 45.05%, 0, 0, 6, 884.53, 1198773, 41
2565, 33, 37, 99, 10, 0, 45.05%, 0, 0, 6, 881.86, 1203366, 41
2570, 33, 37, 99, 10, 0, 45.05%, 0, 0, 6, 876.42, 1207858, 41
2575, 33, 50, 99, 10, 0, 45.05%, 0, 0, 6, 852.98, 1212201, 41
2581, 33, 37, 99, 10, 0, 45.05%, 0, 0, 6, 876.84, 1216729, 41
2586, 33, 50, 99, 10, 0, 45.05%, 0, 0, 6, 884.42, 1221310, 41
2591, 33, 54, 99, 10, 0, 45.05%, 0, 0, 6, 885.76, 1225868, 41
2596, 34, 50, 99, 10, 0, 45.05%, 0, 0, 6, 867.45, 1230324, 41
2601, 34, 50, 99, 10, 0, 45.05%, 0, 0, 6, 871.36, 1234816, 41
2606, 34, 50, 99, 10, 0, 45.05%, 0, 0, 6, 890.84, 1239448, 41
2612, 34, 50, 99, 10, 0, 45.05%, 0, 0, 6, 870.02, 1243961, 41
2617, 34, 50, 99, 10, 0, 45.05%, 0, 0, 6, 873.11, 1248510, 41
2622, 34, 53, 99, 10, 0, 45.05%, 0, 0, 6, 888.23, 1253148, 41
2627, 34, 37, 99, 10, 0, 45.05%, 0, 0, 6, 893.54, 1257718, 41
2632, 35, 50, 99, 10, 0, 45.05%, 0, 0, 6, 888.02, 1262190, 41
2637, 35, 50, 99, 10, 0, 45.05%, 0, 0, 6, 881.82, 1266754, 41
2643, 35, 50, 99, 10, 0, 45.05%, 0, 0, 6, 888.19, 1271378, 41
2648, 35, 50, 99, 10, 0, 45.05%, 0, 0, 6, 863.92, 1275835, 41
2653, 35, 55, 99, 10, 0, 45.05%, 0, 0, 6, 858.73, 1280126, 41
2658, 35, 50, 99, 10, 0, 45.05%, 0, 0, 6, 874.93, 1284513, 41
2663, 35, 37, 99, 10, 0, 45.05%, 0, 0, 6, 873.09, 1289029, 41
2668, 35, 50, 99, 10, 0, 45.05%, 0, 0, 6, 861.43, 1293458, 41
2673, 36, 50, 99, 10, 0, 45.05%, 0, 0, 6, 861.20, 1297802, 41
2678, 36, 50, 99, 10, 0, 45.05%, 0, 0, 6, 856.45, 1302244, 41
2683, 36, 50, 99, 10, 0, 45.05%, 0, 0, 6, 870.36, 1306732, 41
2689, 36, 50, 99, 10, 0, 45.05%, 0, 0, 6, 867.92, 1311229, 41
2694, 36, 50, 99, 10, 0, 45.05%, 0, 0, 6, 852.69, 1315618, 41
2699, 36, 50, 99, 10, 0, 45.05%, 0, 0, 6, 867.21, 1320146, 41
2704, 36, 55, 99, 10, 0, 45.05%, 0, 0, 6, 855.89, 1324428, 41
2709, 37, 50, 99, 10, 0, 45.05%, 0, 0, 6, 853.58, 1328803, 41
2714, 37, 50, 99, 10, 0, 45.05%, 0, 0, 6, 858.33, 1333226, 41
2719, 37, 50, 99, 10, 0, 45.05%, 0, 0, 6, 867.84, 1337708, 41
2725, 37, 51, 99, 10, 0, 45.05%, 0, 0, 6, 868.81, 1342156, 41
2730, 37, 50, 99, 10, 0, 45.05%, 0, 0, 6, 863.74, 1346600, 41
2735, 37, 54, 99, 10, 0, 45.05%, 0, 0, 6, 873.30, 1351097, 41
2740, 37, 37, 99, 10, 0, 45.05%, 0, 0, 6, 873.94, 1355580, 41
2745, 37, 50, 99, 10, 0, 45.05%, 1, 0, 6, 0.00, 1359448, 41
