# relative_time, cycles_done, cur_item, corpus_count, pending_total, pending_favs, map_size, saved_crashes, saved_hangs, max_depth, execs_per_sec, total_execs, edges_found
68, 0, 0, 9, 8, 0, 27.00%, 0, 0, 2, 0.37, 3422, 27
73, 0, 0, 10, 9, 0, 28.00%, 0, 0, 2, 270.60, 4860, 28
93, 0, 0, 10, 9, 0, 28.00%, 0, 0, 2, 1.86, 5385, 28
99, 0, 0, 10, 9, 0, 28.00%, 0, 0, 2, 262.84, 6775, 28
119, 0, 0, 10, 9, 0, 28.00%, 0, 0, 2, 0.55, 7315, 28
124, 0, 0, 14, 9, 0, 29.00%, 0, 0, 3, 267.66, 8673, 29
136, 0, 4, 14, 9, 0, 29.00%, 0, 0, 3, 1.68, 8912, 29
153, 0, 13, 15, 9, 0, 30.00%, 0, 0, 3, 2.86, 10141, 30
158, 1, 4, 16, 10, 0, 30.00%, 0, 0, 4, 309.52, 11758, 30
174, 1, 14, 16, 10, 0, 30.00%, 0, 0, 4, 4.46, 12591, 30
179, 1, 0, 16, 10, 0, 30.00%, 0, 0, 4, 337.82, 14368, 30
196, 1, 9, 17, 11, 0, 33.00%, 0, 0, 4, 5.30, 15232, 33
201, 1, 16, 18, 11, 0, 33.00%, 0, 0, 4, 345.44, 17012, 33
210, 1, 16, 19, 12, 0, 33.00%, 0, 0, 4, 3.53, 17757, 33
224, 1, 16, 20, 13, 0, 33.00%, 0, 0, 4, 9.37, 19408, 33
229, 1, 16, 21, 14, 0, 33.00%, 0, 0, 4, 452.90, 21740, 33
237, 1, 16, 21, 14, 0, 33.00%, 0, 0, 4, 17.10, 22901, 33
247, 1, 16, 23, 16, 0, 33.00%, 0, 0, 4, 4.81, 25128, 33
253, 1, 13, 24, 16, 0, 34.00%, 0, 0, 4, 453.53, 26547, 34
261, 1, 14, 26, 17, 0, 35.00%, 0, 0, 4, 14.27, 28568, 35
267, 1, 0, 31, 21, 0, 36.00%, 0, 0, 4, 450.56, 30941, 36
277, 1, 28, 33, 23, 0, 37.00%, 0, 0, 5, 7.69, 32448, 37
282, 1, 4, 35, 23, 0, 37.00%, 0, 0, 5, 438.54, 34694, 37
297, 1, 32, 37, 25, 0, 37.00%, 0, 0, 6, 4.80, 36525, 37
302, 1, 32, 39, 27, 0, 38.00%, 0, 0, 6, 443.14, 38764, 38
308, 1, 31, 39, 26, 0, 38.00%, 0, 0, 6, 16.20, 40665, 38
313, 1, 38, 41, 27, 0, 38.00%, 0, 0, 7, 452.22, 43007, 38
321, 1, 38, 41, 27, 0, 38.00%, 0, 0, 7, 15.65, 44023, 38
326, 1, 38, 42, 28, 0, 38.00%, 0, 0, 7, 432.96, 46366, 38
331, 1, 38, 43, 29, 0, 39.00%, 0, 0, 7, 432.48, 48517, 39
336, 1, 38, 46, 32, 0, 39.00%, 0, 0, 7, 450.75, 50792, 39
342, 1, 0, 49, 34, 0, 39.00%, 0, 0, 7, 6.16, 52199, 39
347, 1, 27, 49, 33, 0, 39.00%, 0, 0, 7, 446.29, 54438, 39
352, 1, 42, 51, 35, 0, 39.00%, 0, 0, 7, 418.03, 55897, 39
357, 1, 42, 55, 39, 0, 42.00%, 0, 0, 8, 444.55, 58149, 42
362, 1, 42, 56, 40, 0, 42.00%, 0, 0, 8, 441.94, 60356, 42
367, 1, 42, 56, 40, 0, 42.00%, 0, 0, 8, 452.47, 62612, 42
373, 1, 42, 56, 40, 0, 42.00%, 0, 0, 8, 439.34, 64900, 42
382, 1, 42, 56, 40, 0, 42.00%, 0, 0, 8, 16.47, 67110, 42
387, 1, 55, 58, 41, 2, 43.00%, 0, 0, 9, 445.45, 69340, 43
392, 1, 55, 58, 41, 2, 43.00%, 0, 0, 9, 448.46, 71597, 43
397, 1, 54, 61, 42, 1, 47.00%, 0, 0, 9, 439.50, 73854, 47
402, 1, 57, 63, 42, 0, 48.00%, 0, 0, 10, 445.46, 76170, 48
408, 1, 57, 63, 42, 0, 48.00%, 0, 0, 10, 22.93, 77786, 48
413, 1, 57, 63, 42, 0, 48.00%, 0, 0, 10, 442.17, 80026, 48
418, 1, 57, 63, 42, 0, 48.00%, 0, 0, 10, 431.44, 82178, 48
423, 1, 59, 63, 41, 0, 48.00%, 0, 0, 10, 438.98, 84421, 48
428, 1, 41, 63, 41, 0, 48.00%, 0, 0, 10, 440.47, 86667, 48
435, 1, 62, 63, 40, 0, 48.00%, 0, 0, 10, 5.31, 88640, 48
440, 1, 30, 64, 41, 0, 48.00%, 0, 0, 11, 448.04, 90908, 48
445, 1, 59, 66, 41, 0, 48.00%, 0, 0, 11, 446.01, 93220, 48
450, 1, 23, 66, 41, 0, 48.00%, 0, 0, 11, 447.24, 95469, 48
455, 1, 42, 67, 42, 0, 48.00%, 0, 0, 11, 448.34, 97798, 48
462, 1, 62, 67, 41, 0, 48.00%, 0, 0, 11, 2.34, 99291, 48
468, 2, 62, 67, 41, 0, 48.00%, 0, 0, 11, 447.14, 101637, 48
473, 2, 4, 67, 40, 0, 48.00%, 0, 0, 11, 456.92, 103918, 48
478, 2, 51, 69, 41, 0, 48.00%, 0, 0, 11, 453.83, 106197, 48
483, 2, 51, 69, 41, 0, 48.00%, 0, 0, 11, 454.52, 108366, 48
488, 2, 51, 69, 41, 0, 48.00%, 0, 0, 11, 455.75, 110652, 48
493, 2, 51, 69, 41, 0, 48.00%, 0, 0, 11, 449.83, 112907, 48
498, 2, 61, 69, 40, 0, 48.00%, 0, 0, 11, 447.99, 115151, 48
503, 2, 59, 69, 39, 0, 48.00%, 0, 0, 11, 438.89, 117297, 48
508, 2, 59, 69, 39, 0, 48.00%, 0, 0, 11, 449.03, 119621, 48
513, 2, 51, 69, 39, 0, 48.00%, 0, 0, 11, 456.71, 121891, 48
518, 2, 59, 69, 39, 0, 48.00%, 0, 0, 11, 444.57, 124203, 48
524, 2, 59, 69, 39, 0, 48.00%, 0, 0, 11, 448.54, 126550, 48
529, 2, 26, 69, 39, 0, 48.00%, 0, 0, 11, 438.97, 128781, 48
534, 2, 50, 70, 38, 0, 48.00%, 0, 0, 12, 448.20, 131043, 48
539, 2, 63, 70, 37, 0, 48.00%, 0, 0, 12, 449.32, 133327, 48
544, 2, 57, 70, 37, 0, 48.00%, 0, 0, 12, 413.38, 135396, 48
549, 2, 67, 70, 37, 0, 48.00%, 0, 0, 12, 427.22, 137660, 48
554, 2, 59, 70, 36, 0, 48.00%, 0, 0, 12, 444.75, 139972, 48
559, 2, 56, 71, 37, 0, 48.00%, 0, 0, 12, 449.26, 142230, 48
564, 2, 63, 71, 36, 0, 48.00%, 0, 0, 12, 443.79, 144533, 48
570, 2, 23, 71, 36, 0, 48.00%, 0, 0, 12, 445.14, 146874, 48
575, 2, 57, 71, 36, 0, 48.00%, 0, 0, 12, 452.30, 149155, 48
580, 2, 46, 71, 35, 0, 48.00%, 0, 0, 12, 447.67, 151455, 48
585, 3, 59, 71, 35, 0, 48.00%, 0, 0, 12, 448.06, 153736, 48
590, 3, 67, 71, 35, 0, 48.00%, 0, 0, 12, 443.27, 155974, 48
595, 3, 57, 71, 35, 0, 48.00%, 0, 0, 12, 440.78, 158283, 48
600, 3, 67, 73, 37, 0, 48.00%, 0, 0, 12, 432.48, 160471, 48
605, 3, 67, 75, 39, 0, 48.00%, 0, 0, 12, 435.92, 162693, 48
610, 3, 67, 76, 40, 0, 48.00%, 0, 0, 12, 438.38, 164924, 48
615, 3, 67, 76, 40, 0, 48.00%, 0, 0, 12, 431.02, 167148, 48
621, 3, 67, 76, 40, 0, 48.00%, 0, 0, 12, 440.57, 169468, 48
626, 3, 67, 78, 42, 0, 48.00%, 0, 0, 12, 438.48, 171684, 48
631, 3, 41, 82, 46, 0, 48.00%, 0, 0, 12, 436.15, 173963, 48
636, 3, 59, 85, 49, 0, 48.00%, 0, 0, 12, 429.94, 176157, 48
641, 3, 59, 86, 50, 0, 48.00%, 0, 0, 12, 435.78, 178373, 48
646, 3, 59, 93, 57, 0, 48.00%, 0, 0, 12, 420.91, 180475, 48
651, 3, 71, 96, 60, 0, 48.00%, 0, 0, 12, 431.87, 182732, 48
656, 3, 88, 97, 60, 0, 48.00%, 0, 0, 12, 427.51, 184927, 48
661, 3, 57, 98, 60, 0, 48.00%, 0, 0, 12, 435.11, 187114, 48
666, 3, 57, 100, 62, 0, 48.00%, 0, 0, 12, 428.30, 189275, 48
671, 3, 99, 100, 62, 0, 48.00%, 0, 0, 12, 424.00, 191415, 48
677, 3, 99, 104, 66, 0, 48.00%, 0, 0, 12, 377.16, 193282, 48
682, 3, 99, 105, 67, 0, 48.00%, 0, 0, 12, 376.62, 195172, 48
687, 3, 99, 105, 67, 0, 48.00%, 0, 0, 12, 374.47, 197048, 48
692, 3, 99, 105, 67, 0, 48.00%, 0, 0, 12, 379.94, 198966, 48
697, 3, 99, 107, 69, 0, 48.00%, 0, 0, 12, 367.12, 200779, 48
702, 3, 99, 108, 70, 0, 49.00%, 0, 0, 12, 392.66, 202742, 49
707, 3, 107, 109, 69, 0, 49.00%, 0, 0, 12, 374.91, 204658, 49
712, 3, 107, 110, 70, 0, 49.00%, 0, 0, 12, 368.68, 206576, 49
717, 3, 107, 110, 70, 0, 49.00%, 0, 0, 12, 368.60, 208417, 49
723, 3, 107, 110, 70, 0, 49.00%, 0, 0, 12, 369.86, 210349, 49
728, 3, 107, 110, 70, 0, 49.00%, 0, 0, 12, 367.18, 212204, 49
733, 3, 107, 110, 70, 0, 49.00%, 0, 0, 12, 380.20, 214129, 49
738, 3, 107, 110, 70, 0, 49.00%, 0, 0, 12, 390.10, 216134, 49
743, 3, 107, 110, 70, 0, 49.00%, 0, 0, 12, 403.24, 218290, 49
748, 3, 107, 110, 70, 0, 49.00%, 0, 0, 12, 413.96, 220368, 49
753, 3, 84, 110, 70, 0, 49.00%, 0, 0, 12, 401.68, 222389, 49
758, 3, 84, 110, 70, 0, 49.00%, 0, 0, 12, 405.83, 224386, 49
764, 3, 59, 112, 71, 0, 49.00%, 0, 0, 12, 419.40, 226562, 49
769, 3, 46, 113, 72, 0, 49.00%, 0, 0, 12, 402.83, 228559, 49
774, 3, 24, 113, 71, 0, 49.00%, 0, 0, 12, 518.80, 231213, 49
779, 3, 31, 113, 71, 0, 49.00%, 0, 0, 12, 563.47, 234090, 49
784, 3, 63, 113, 71, 0, 49.00%, 0, 0, 12, 461.95, 236424, 49
789, 3, 85, 114, 72, 0, 49.00%, 0, 0, 12, 532.42, 239221, 49
794, 3, 107, 114, 70, 0, 49.00%, 0, 0, 12, 507.77, 241749, 49
799, 3, 107, 114, 70, 0, 49.00%, 0, 0, 12, 552.24, 244516, 49
804, 3, 59, 114, 70, 0, 49.00%, 0, 0, 12, 568.12, 247431, 49
809, 3, 59, 114, 70, 0, 49.00%, 0, 0, 12, 524.88, 249903, 49
814, 3, 14, 114, 69, 0, 49.00%, 0, 0, 12, 564.24, 252883, 49
820, 3, 67, 114, 69, 0, 49.00%, 0, 0, 12, 595.06, 255943, 49
825, 3, 23, 114, 69, 0, 49.00%, 0, 0, 12, 589.49, 258840, 49
830, 4, 63, 114, 67, 0, 49.00%, 0, 0, 12, 593.05, 261864, 49
835, 4, 59, 115, 68, 0, 49.00%, 0, 0, 12, 583.65, 264768, 49
840, 4, 59, 115, 68, 0, 49.00%, 0, 0, 12, 595.26, 267857, 49
845, 4, 100, 115, 68, 0, 49.00%, 0, 0, 12, 506.50, 270372, 49
850, 4, 63, 115, 67, 0, 49.00%, 0, 0, 12, 550.95, 273321, 49
855, 4, 9, 115, 67, 0, 49.00%, 0, 0, 12, 573.52, 275858, 49
860, 4, 83, 115, 67, 0, 49.00%, 0, 0, 12, 566.52, 278757, 49
865, 4, 107, 117, 67, 0, 49.00%, 0, 0, 12, 527.30, 281352, 49
871, 4, 98, 118, 68, 0, 49.00%, 0, 0, 12, 549.92, 284160, 49
876, 4, 67, 118, 67, 0, 49.00%, 0, 0, 12, 562.62, 286966, 49
881, 4, 27, 118, 67, 0, 49.00%, 0, 0, 12, 578.50, 289981, 49
886, 4, 113, 118, 67, 0, 49.00%, 0, 0, 12, 483.30, 292312, 49
891, 4, 27, 119, 67, 0, 49.00%, 0, 0, 12, 511.76, 294919, 49
896, 4, 59, 119, 67, 0, 49.00%, 0, 0, 12, 526.70, 297632, 49
901, 4, 67, 119, 66, 0, 49.00%, 0, 0, 12, 556.89, 300532, 49
906, 4, 67, 119, 66, 0, 49.00%, 0, 0, 12, 579.57, 303395, 49
911, 4, 107, 119, 66, 0, 49.00%, 0, 0, 12, 569.67, 306290, 49
916, 4, 59, 119, 66, 0, 49.00%, 0, 0, 12, 602.19, 309464, 49
921, 4, 23, 119, 66, 0, 49.00%, 0, 0, 12, 567.49, 312234, 49
926, 4, 67, 119, 65, 0, 49.00%, 0, 0, 12, 575.81, 315065, 49
931, 4, 59, 119, 65, 0, 49.00%, 0, 0, 12, 586.20, 317998, 49
936, 4, 40, 119, 65, 0, 49.00%, 0, 0, 12, 582.23, 320887, 49
942, 4, 59, 119, 63, 0, 49.00%, 0, 0, 12, 585.70, 323787, 49
947, 4, 97, 119, 63, 0, 49.00%, 0, 0, 12, 570.52, 326650, 49
952, 4, 59, 119, 62, 0, 49.00%, 0, 0, 12, 555.01, 329413, 49
957, 4, 63, 119, 60, 0, 49.00%, 0, 0, 12, 510.99, 331981, 49
962, 4, 59, 119, 60, 0, 49.00%, 0, 0, 12, 567.92, 334927, 49
967, 5, 59, 119, 60, 0, 49.00%, 0, 0, 12, 564.66, 337686, 49
972, 5, 59, 119, 60, 0, 49.00%, 0, 0, 12, 527.47, 340395, 49
977, 5, 4, 119, 60, 0, 49.00%, 0, 0, 12, 537.07, 343103, 49
982, 5, 63, 119, 60, 0, 49.00%, 0, 0, 12, 548.84, 345887, 49
987, 5, 109, 119, 60, 0, 49.00%, 0, 0, 12, 408.79, 347917, 49
992, 5, 59, 120, 60, 0, 49.00%, 0, 0, 13, 352.00, 349590, 49
998, 5, 67, 120, 60, 0, 49.00%, 0, 0, 13, 543.51, 352649, 49
1003, 5, 46, 120, 60, 0, 49.00%, 0, 0, 13, 532.31, 355217, 49
1008, 5, 14, 121, 60, 0, 49.00%, 0, 0, 13, 566.82, 358138, 49
1013, 5, 59, 121, 60, 0, 49.00%, 0, 0, 13, 566.97, 360971, 49
1018, 5, 107, 122, 61, 0, 49.00%, 0, 0, 13, 527.86, 363799, 49
1023, 5, 22, 122, 61, 0, 49.00%, 0, 0, 13, 550.31, 366536, 49
1028, 5, 101, 122, 60, 0, 49.00%, 0, 0, 13, 500.95, 368958, 49
1033, 5, 27, 122, 59, 0, 49.00%, 0, 0, 13, 559.81, 371885, 49
1038, 5, 107, 122, 58, 0, 49.00%, 0, 0, 13, 546.77, 374572, 49
1043, 5, 59, 122, 58, 0, 49.00%, 0, 0, 13, 586.19, 377512, 49
1048, 5, 59, 123, 59, 0, 49.00%, 0, 0, 13, 535.60, 380130, 49
1054, 5, 4, 123, 58, 0, 49.00%, 0, 0, 13, 529.78, 382722, 49
1059, 5, 59, 124, 59, 0, 49.00%, 0, 0, 13, 548.03, 385480, 49
1064, 5, 67, 124, 59, 0, 49.00%, 0, 0, 13, 578.11, 388397, 49
1069, 5, 59, 124, 59, 0, 49.00%, 0, 0, 13, 563.92, 391188, 49
1074, 5, 59, 124, 59, 0, 49.00%, 0, 0, 13, 549.96, 393856, 49
1079, 5, 59, 124, 58, 0, 49.00%, 0, 0, 13, 538.00, 396558, 49
1084, 5, 106, 124, 58, 0, 49.00%, 0, 0, 13, 492.42, 399057, 49
1089, 5, 107, 124, 57, 0, 49.00%, 0, 0, 13, 487.26, 401533, 49
1094, 6, 57, 125, 58, 0, 49.00%, 0, 0, 13, 524.93, 404177, 49
1099, 6, 9, 125, 57, 0, 49.00%, 0, 0, 13, 560.56, 407017, 49
1104, 6, 59, 125, 57, 0, 49.00%, 0, 0, 13, 550.66, 409753, 49
1109, 6, 63, 125, 57, 0, 49.00%, 0, 0, 13, 548.96, 412526, 49
1114, 6, 67, 125, 56, 0, 49.00%, 0, 0, 13, 582.13, 415445, 49
1119, 6, 23, 125, 56, 0, 49.00%, 0, 0, 13, 596.79, 418508, 49
1125, 6, 53, 126, 57, 0, 49.00%, 0, 0, 13, 551.70, 421201, 49
1130, 6, 63, 126, 56, 0, 49.00%, 0, 0, 13, 537.70, 423879, 49
1135, 6, 23, 126, 56, 0, 49.00%, 0, 0, 13, 506.71, 426337, 49
1140, 6, 63, 126, 56, 0, 49.00%, 0, 0, 13, 534.77, 429066, 49
1145, 6, 107, 126, 56, 0, 49.00%, 0, 0, 13, 539.26, 431777, 49
1150, 6, 107, 126, 56, 0, 49.00%, 0, 0, 13, 543.82, 434566, 49
1155, 6, 59, 126, 56, 0, 49.00%, 0, 0, 13, 556.71, 437349, 49
1160, 6, 23, 126, 56, 0, 49.00%, 0, 0, 13, 530.59, 439958, 49
1165, 6, 24, 126, 56, 0, 49.00%, 0, 0, 13, 574.41, 442868, 49
1170, 6, 14, 126, 56, 0, 49.00%, 0, 0, 13, 557.27, 445662, 49
1175, 6, 115, 126, 56, 0, 49.00%, 0, 0, 13, 463.42, 448112, 49
1180, 6, 115, 126, 56, 0, 49.00%, 0, 0, 13, 240.22, 449004, 49
1185, 6, 115, 126, 56, 0, 49.00%, 0, 0, 13, 188.61, 449888, 49
1191, 6, 59, 126, 55, 0, 49.00%, 0, 0, 13, 415.84, 452468, 49
1196, 6, 63, 126, 55, 0, 49.00%, 0, 0, 13, 508.41, 455103, 49
1201, 6, 105, 126, 55, 0, 49.00%, 0, 0, 13, 432.73, 457315, 49
1206, 6, 23, 126, 54, 0, 49.00%, 0, 0, 13, 442.06, 459370, 49
1211, 6, 59, 126, 54, 0, 49.00%, 0, 0, 13, 463.56, 461658, 49
1216, 6, 108, 126, 54, 0, 49.00%, 0, 0, 13, 481.46, 464192, 49
1221, 6, 59, 126, 53, 0, 49.00%, 0, 0, 13, 510.91, 466745, 49
1226, 6, 59, 126, 53, 0, 49.00%, 0, 0, 13, 490.42, 469138, 49
1231, 6, 118, 126, 53, 0, 49.00%, 0, 0, 13, 455.04, 471621, 49
1236, 6, 107, 126, 52, 0, 49.00%, 0, 0, 13, 482.95, 473934, 49
1241, 6, 67, 126, 52, 0, 49.00%, 0, 0, 13, 516.33, 476604, 49
1246, 6, 23, 126, 52, 0, 49.00%, 0, 0, 13, 500.57, 479196, 49
1252, 7, 23, 126, 52, 0, 49.00%, 0, 0, 13, 519.10, 481896, 49
1257, 7, 107, 126, 52, 0, 49.00%, 0, 0, 13, 486.72, 484387, 49
1262, 7, 59, 126, 52, 0, 49.00%, 0, 0, 13, 463.53, 486844, 49
1267, 7, 59, 126, 52, 0, 49.00%, 0, 0, 13, 551.55, 489689, 49
1272, 7, 27, 126, 52, 0, 49.00%, 0, 0, 13, 535.32, 492400, 49
1277, 7, 59, 126, 52, 0, 49.00%, 0, 0, 13, 465.47, 494767, 49
1282, 7, 107, 126, 52, 0, 49.00%, 0, 0, 13, 490.65, 497290, 49
1287, 7, 67, 126, 52, 0, 49.00%, 0, 0, 13, 551.01, 500190, 49
1292, 7, 9, 126, 52, 0, 49.00%, 0, 0, 13, 504.32, 502763, 49
1298, 7, 96, 126, 52, 0, 49.00%, 0, 0, 13, 534.30, 505544, 49
1303, 7, 59, 126, 51, 0, 49.00%, 0, 0, 13, 537.36, 508253, 49
1308, 7, 23, 126, 51, 0, 49.00%, 0, 0, 13, 537.67, 510947, 49
1313, 7, 107, 126, 51, 0, 49.00%, 0, 0, 13, 519.65, 513676, 49
1318, 7, 46, 126, 51, 0, 49.00%, 0, 0, 13, 511.66, 516332, 49
1323, 7, 59, 126, 51, 0, 49.00%, 0, 0, 13, 540.24, 519072, 49
1328, 7, 67, 126, 51, 0, 49.00%, 0, 0, 13, 555.05, 521823, 49
1333, 7, 107, 126, 51, 0, 49.00%, 0, 0, 13, 544.37, 524527, 49
1338, 7, 59, 126, 51, 0, 49.00%, 0, 0, 13, 516.78, 527047, 49
1343, 7, 63, 126, 51, 0, 49.00%, 0, 0, 13, 524.47, 529775, 49
1348, 7, 107, 126, 51, 0, 49.00%, 0, 0, 13, 537.51, 532489, 49
1353, 7, 14, 126, 51, 0, 49.00%, 0, 0, 13, 518.83, 535141, 49
1358, 7, 59, 126, 50, 0, 49.00%, 0, 0, 13, 546.41, 537864, 49
1363, 7, 59, 126, 50, 0, 49.00%, 0, 0, 13, 563.47, 540595, 49
1368, 7, 27, 126, 50, 0, 49.00%, 0, 0, 13, 537.36, 543200, 49
1373, 7, 59, 126, 50, 0, 49.00%, 0, 0, 13, 552.78, 545999, 49
1378, 7, 59, 126, 50, 0, 49.00%, 0, 0, 13, 495.97, 548406, 49
1383, 8, 46, 126, 50, 0, 49.00%, 0, 0, 13, 495.69, 550908, 49
1389, 8, 107, 126, 50, 0, 49.00%, 0, 0, 13, 546.31, 553753, 49
1394, 8, 27, 126, 50, 0, 49.00%, 0, 0, 13, 512.71, 556295, 49
1399, 8, 63, 126, 50, 0, 49.00%, 0, 0, 13, 548.25, 559151, 49
1404, 8, 46, 126, 50, 0, 49.00%, 0, 0, 13, 497.18, 561666, 49
1409, 8, 59, 126, 50, 0, 49.00%, 0, 0, 13, 520.96, 564262, 49
1414, 8, 59, 126, 50, 0, 49.00%, 0, 0, 13, 527.57, 566951, 49
1419, 8, 46, 126, 50, 0, 49.00%, 0, 0, 13, 522.14, 569584, 49
1424, 8, 27, 126, 50, 0, 49.00%, 0, 0, 13, 543.38, 572311, 49
1429, 8, 107, 126, 50, 0, 49.00%, 0, 0, 13, 515.30, 574823, 49
1434, 8, 59, 126, 50, 0, 49.00%, 0, 0, 13, 519.37, 577355, 49
1439, 8, 107, 126, 50, 0, 49.00%, 0, 0, 13, 516.73, 580025, 49
1444, 8, 20, 126, 50, 0, 49.00%, 0, 0, 13, 532.54, 582773, 49
1449, 8, 59, 126, 49, 0, 49.00%, 0, 0, 13, 531.53, 585393, 49
1455, 8, 23, 126, 48, 0, 49.00%, 0, 0, 13, 557.91, 588153, 49
1460, 8, 107, 126, 48, 0, 49.00%, 0, 0, 13, 503.26, 590602, 49
1465, 8, 107, 126, 48, 0, 49.00%, 0, 0, 13, 507.45, 593167, 49
1470, 8, 59, 126, 48, 0, 49.00%, 0, 0, 13, 521.77, 595739, 49
1475, 8, 9, 126, 48, 0, 49.00%, 0, 0, 13, 548.90, 598623, 49
1480, 8, 107, 126, 48, 0, 49.00%, 0, 0, 13, 523.36, 601271, 49
1485, 8, 27, 126, 48, 0, 49.00%, 0, 0, 13, 516.56, 603730, 49
1490, 8, 59, 126, 48, 0, 49.00%, 0, 0, 13, 552.53, 606538, 49
1495, 8, 63, 126, 48, 0, 49.00%, 0, 0, 13, 543.63, 609222, 49
1500, 9, 63, 126, 47, 0, 49.00%, 0, 0, 13, 526.68, 611839, 49
1505, 9, 67, 126, 47, 0, 49.00%, 0, 0, 13, 512.71, 614583, 49
1510, 9, 59, 126, 47, 0, 49.00%, 0, 0, 13, 519.77, 617220, 49
1515, 9, 94, 126, 47, 0, 49.00%, 0, 0, 13, 495.86, 619664, 49
1521, 9, 59, 126, 46, 0, 49.00%, 0, 0, 13, 502.02, 622361, 49
1526, 9, 59, 126, 46, 0, 49.00%, 0, 0, 13, 542.47, 625148, 49
1531, 9, 120, 126, 46, 0, 49.00%, 0, 0, 13, 367.07, 626958, 49
1536, 9, 107, 126, 45, 0, 49.00%, 0, 0, 13, 447.33, 629307, 49
1541, 9, 59, 126, 44, 0, 49.00%, 0, 0, 13, 470.64, 631679, 49
1546, 9, 27, 126, 43, 0, 49.00%, 0, 0, 13, 501.61, 634336, 49
1551, 9, 67, 126, 43, 0, 49.00%, 0, 0, 13, 531.31, 637094, 49
1556, 9, 4, 126, 43, 0, 49.00%, 0, 0, 13, 553.34, 639970, 49
1561, 9, 24, 126, 43, 0, 49.00%, 0, 0, 13, 522.22, 642536, 49
1566, 9, 107, 126, 43, 0, 49.00%, 0, 0, 13, 464.60, 644909, 49
1572, 9, 67, 126, 43, 0, 49.00%, 0, 0, 13, 549.85, 647885, 49
1577, 9, 74, 126, 42, 0, 49.00%, 0, 0, 13, 516.45, 650473, 49
1582, 9, 122, 126, 41, 0, 49.00%, 0, 0, 13, 492.19, 652957, 49
1587, 9, 122, 126, 41, 0, 49.00%, 0, 0, 13, 283.90, 654132, 49
1592, 9, 59, 126, 40, 0, 49.00%, 0, 0, 13, 484.47, 656694, 49
1597, 9, 59, 126, 40, 0, 49.00%, 0, 0, 13, 500.12, 659236, 49
1602, 9, 90, 126, 40, 0, 49.00%, 0, 0, 13, 506.20, 661660, 49
1607, 9, 107, 126, 39, 0, 49.00%, 0, 0, 13, 527.11, 664354, 49
1612, 9, 107, 126, 38, 0, 49.00%, 0, 0, 13, 535.64, 667044, 49
1617, 9, 59, 126, 38, 0, 49.00%, 0, 0, 13, 507.27, 669560, 49
1622, 9, 27, 126, 38, 0, 49.00%, 0, 0, 13, 527.10, 672221, 49
1628, 9, 63, 126, 38, 0, 49.00%, 0, 0, 13, 530.34, 674950, 49
1633, 9, 84, 126, 38, 0, 49.00%, 0, 0, 13, 503.46, 677298, 49
1638, 9, 107, 126, 38, 0, 49.00%, 0, 0, 13, 532.18, 679937, 49
1643, 9, 59, 126, 38, 0, 49.00%, 0, 0, 13, 501.04, 682303, 49
1648, 9, 78, 126, 38, 0, 49.00%, 0, 0, 13, 514.18, 684862, 49
1653, 9, 63, 126, 37, 0, 49.00%, 0, 0, 13, 482.78, 687194, 49
1658, 9, 59, 126, 37, 0, 49.00%, 0, 0, 13, 526.59, 689877, 49
1663, 10, 59, 126, 37, 0, 49.00%, 0, 0, 13, 476.09, 692335, 49
1668, 10, 59, 126, 37, 0, 49.00%, 0, 0, 13, 486.09, 694908, 49
1673, 10, 23, 126, 37, 0, 49.00%, 0, 0, 13, 486.95, 697278, 49
1678, 10, 63, 126, 37, 0, 49.00%, 0, 0, 13, 487.06, 699700, 49
1683, 10, 63, 126, 37, 0, 49.00%, 0, 0, 13, 438.55, 701888, 49
1689, 10, 59, 126, 36, 0, 49.00%, 0, 0, 13, 489.59, 704451, 49
1694, 10, 67, 126, 36, 0, 49.00%, 0, 0, 13, 467.85, 706841, 49
1699, 10, 59, 126, 36, 0, 49.00%, 0, 0, 13, 539.75, 709692, 49
1704, 10, 4, 126, 35, 0, 49.00%, 0, 0, 13, 445.47, 711932, 49
1709, 10, 9, 126, 35, 0, 49.00%, 0, 0, 13, 464.41, 714220, 49
1714, 10, 63, 126, 35, 0, 49.00%, 0, 0, 13, 497.34, 716856, 49
1719, 10, 59, 126, 35, 0, 49.00%, 0, 0, 13, 503.20, 719377, 49
1724, 10, 59, 126, 35, 0, 49.00%, 0, 0, 13, 484.75, 721793, 49
1729, 10, 59, 126, 35, 0, 49.00%, 0, 0, 13, 511.64, 724372, 49
1734, 10, 59, 126, 35, 0, 49.00%, 0, 0, 13, 368.26, 726259, 49
1739, 10, 4, 126, 35, 0, 49.00%, 0, 0, 13, 379.97, 727908, 49
1745, 10, 59, 126, 34, 0, 49.00%, 0, 0, 13, 507.40, 730593, 49
1750, 10, 59, 126, 34, 0, 49.00%, 0, 0, 13, 559.39, 733565, 49
1755, 10, 59, 126, 34, 0, 49.00%, 0, 0, 13, 532.80, 736140, 49
1760, 10, 63, 126, 34, 0, 49.00%, 0, 0, 13, 494.55, 738620, 49
1765, 10, 59, 126, 34, 0, 49.00%, 0, 0, 13, 500.19, 741290, 49
1770, 10, 27, 126, 34, 0, 49.00%, 0, 0, 13, 495.37, 743834, 49
1775, 10, 107, 126, 34, 0, 49.00%, 0, 0, 13, 476.27, 746301, 49
1780, 10, 59, 126, 34, 0, 49.00%, 0, 0, 13, 482.28, 748824, 49
1785, 10, 24, 126, 34, 0, 49.00%, 0, 0, 13, 504.17, 751406, 49
1790, 10, 63, 126, 34, 0, 49.00%, 0, 0, 13, 504.35, 754026, 49
1795, 10, 67, 126, 34, 0, 49.00%, 0, 0, 13, 481.67, 756431, 49
1801, 10, 59, 126, 34, 0, 49.00%, 0, 0, 13, 499.65, 759026, 49
1806, 10, 59, 126, 34, 0, 49.00%, 0, 0, 13, 514.91, 761738, 49
1811, 10, 125, 126, 34, 0, 49.00%, 0, 0, 13, 309.92, 763295, 49
1816, 10, 125, 126, 34, 0, 49.00%, 0, 0, 13, 191.14, 764132, 49
1821, 10, 23, 126, 33, 0, 49.00%, 0, 0, 13, 296.58, 765464, 49
1826, 11, 59, 126, 33, 0, 49.00%, 0, 0, 13, 477.13, 768116, 49
1831, 11, 59, 126, 33, 0, 49.00%, 0, 0, 13, 517.10, 770748, 49
1837, 11, 23, 126, 33, 0, 49.00%, 0, 0, 13, 498.64, 773384, 49
1842, 11, 46, 126, 33, 0, 49.00%, 0, 0, 13, 512.74, 775991, 49
1847, 11, 27, 126, 33, 0, 49.00%, 0, 0, 13, 470.18, 778358, 49
1852, 11, 23, 126, 33, 0, 49.00%, 0, 0, 13, 525.82, 781009, 49
1857, 11, 63, 126, 33, 0, 49.00%, 0, 0, 13, 466.29, 783282, 49
1862, 11, 67, 126, 33, 0, 49.00%, 0, 0, 13, 492.91, 785833, 49
1867, 11, 104, 126, 33, 0, 49.00%, 0, 0, 13, 467.86, 788227, 49
1872, 11, 59, 126, 32, 0, 49.00%, 0, 0, 13, 505.77, 790908, 49
1877, 11, 67, 126, 32, 0, 49.00%, 0, 0, 13, 524.29, 793623, 49
1882, 11, 59, 126, 32, 0, 49.00%, 0, 0, 13, 515.53, 796211, 49
1888, 11, 107, 126, 32, 0, 49.00%, 0, 0, 13, 530.69, 798968, 49
1893, 11, 59, 126, 32, 0, 49.00%, 0, 0, 13, 533.24, 801702, 49
1898, 11, 124, 126, 32, 0, 49.00%, 0, 0, 13, 428.56, 804130, 49
1903, 11, 124, 126, 32, 0, 49.00%, 0, 0, 13, 238.74, 805058, 49
1908, 11, 67, 126, 31, 0, 49.00%, 0, 0, 13, 355.27, 806582, 49
1913, 11, 59, 126, 31, 0, 49.00%, 0, 0, 13, 645.11, 810315, 49
1918, 11, 46, 126, 31, 0, 49.00%, 0, 0, 13, 692.62, 813776, 49
1923, 11, 107, 126, 31, 0, 49.00%, 0, 0, 13, 688.64, 817274, 49
1928, 11, 59, 126, 30, 0, 49.00%, 0, 0, 13, 748.12, 821092, 49
1933, 11, 59, 126, 30, 0, 49.00%, 0, 0, 13, 700.00, 824573, 49
1938, 11, 63, 126, 29, 0, 49.00%, 0, 0, 13, 735.33, 828237, 49
1943, 11, 110, 126, 29, 0, 49.00%, 0, 0, 13, 476.46, 830652, 49
1949, 11, 27, 126, 28, 0, 49.00%, 0, 0, 13, 574.69, 833363, 49
1954, 11, 63, 126, 28, 0, 49.00%, 0, 0, 13, 696.28, 836993, 49
1959, 11, 23, 126, 28, 0, 49.00%, 0, 0, 13, 691.42, 840419, 49
1964, 12, 46, 126, 28, 0, 49.00%, 0, 0, 13, 706.81, 843850, 49
1969, 12, 59, 126, 28, 0, 49.00%, 0, 0, 13, 704.67, 847484, 49
1974, 12, 59, 126, 28, 0, 49.00%, 0, 0, 13, 731.03, 851207, 49
1979, 12, 59, 126, 28, 0, 49.00%, 0, 0, 13, 751.92, 855119, 49
1984, 12, 23, 126, 28, 0, 49.00%, 0, 0, 13, 671.99, 858466, 49
1989, 12, 4, 126, 28, 0, 49.00%, 0, 0, 13, 677.03, 861832, 49
1994, 12, 67, 126, 27, 0, 49.00%, 0, 0, 13, 776.06, 865872, 49
1999, 12, 67, 126, 27, 0, 49.00%, 0, 0, 13, 733.22, 869442, 49
2004, 12, 59, 126, 27, 0, 49.00%, 0, 0, 13, 745.75, 873108, 49
2009, 12, 59, 127, 27, 0, 49.00%, 0, 0, 13, 696.76, 876560, 49
2015, 12, 67, 127, 27, 0, 49.00%, 0, 0, 13, 631.50, 879654, 49
2020, 12, 23, 127, 27, 0, 49.00%, 0, 0, 13, 669.37, 882895, 49
2025, 12, 121, 127, 27, 0, 49.00%, 0, 0, 13, 483.95, 885453, 49
2030, 12, 59, 127, 26, 0, 49.00%, 0, 0, 13, 484.22, 887497, 49
2035, 12, 59, 127, 25, 0, 49.00%, 0, 0, 13, 658.24, 891051, 49
2040, 12, 63, 127, 25, 0, 49.00%, 0, 0, 13, 683.35, 894490, 49
2045, 12, 59, 127, 24, 0, 49.00%, 0, 0, 13, 624.20, 897537, 49
2050, 12, 116, 127, 24, 0, 49.00%, 0, 0, 13, 410.91, 899846, 49
2055, 12, 116, 127, 24, 0, 49.00%, 0, 0, 13, 217.99, 900702, 49
2060, 12, 116, 127, 24, 0, 49.00%, 0, 0, 13, 176.89, 901549, 49
2066, 12, 107, 127, 23, 0, 49.00%, 0, 0, 13, 578.04, 904972, 49
2071, 12, 9, 127, 23, 0, 49.00%, 0, 0, 13, 580.50, 908067, 49
2076, 12, 59, 127, 23, 0, 49.00%, 0, 0, 13, 612.88, 911342, 49
2081, 13, 107, 127, 23, 0, 49.00%, 0, 0, 13, 680.32, 914906, 49
2086, 13, 59, 127, 23, 0, 49.00%, 0, 0, 13, 693.24, 918457, 49
2091, 13, 23, 127, 23, 0, 49.00%, 0, 0, 13, 642.50, 921574, 49
2096, 13, 27, 127, 23, 0, 49.00%, 0, 0, 13, 703.22, 925334, 49
2101, 13, 46, 128, 24, 0, 49.00%, 0, 0, 13, 695.30, 928991, 49
2106, 13, 52, 128, 24, 0, 49.00%, 0, 0, 13, 717.59, 932627, 49
2111, 13, 107, 128, 23, 0, 49.00%, 0, 0, 13, 732.93, 936392, 49
2116, 13, 107, 128, 23, 0, 49.00%, 0, 0, 13, 666.16, 939661, 49
2121, 13, 119, 128, 23, 0, 49.00%, 0, 0, 13, 404.83, 941683, 49
2126, 13, 119, 128, 23, 0, 49.00%, 0, 0, 13, 232.82, 942607, 49
2132, 13, 63, 128, 21, 0, 49.00%, 0, 0, 13, 541.48, 945374, 49
2137, 13, 59, 128, 21, 0, 49.00%, 0, 0, 13, 658.28, 948824, 49
2142, 13, 63, 128, 21, 0, 49.00%, 0, 0, 13, 612.86, 951792, 49
2147, 13, 89, 128, 21, 0, 49.00%, 0, 0, 13, 680.22, 955278, 49
2152, 13, 59, 128, 20, 0, 49.00%, 0, 0, 13, 642.79, 958634, 49
2157, 13, 4, 128, 20, 0, 49.00%, 0, 0, 13, 633.61, 961802, 49
2162, 13, 63, 128, 20, 0, 49.00%, 0, 0, 13, 742.65, 965614, 49
2167, 13, 67, 128, 20, 0, 49.00%, 0, 0, 13, 686.04, 968834, 49
2172, 13, 59, 128, 20, 0, 49.00%, 0, 0, 13, 670.06, 972200, 49
2177, 13, 63, 128, 20, 0, 49.00%, 0, 0, 13, 651.18, 975524, 49
2183, 13, 63, 128, 20, 0, 49.00%, 0, 0, 13, 655.76, 978857, 49
2188, 14, 59, 128, 20, 0, 49.00%, 0, 0, 13, 689.96, 982430, 49
2193, 14, 59, 128, 20, 0, 49.00%, 0, 0, 13, 749.57, 986282, 49
2198, 14, 59, 128, 20, 0, 49.00%, 0, 0, 13, 760.95, 990061, 49
2203, 14, 14, 128, 20, 0, 49.00%, 0, 0, 13, 766.34, 993824, 49
2208, 14, 23, 128, 20, 0, 49.00%, 0, 0, 13, 693.38, 997233, 49
2213, 14, 91, 128, 20, 0, 49.00%, 0, 0, 13, 701.01, 1000754, 49
2218, 14, 63, 128, 19, 0, 49.00%, 0, 0, 13, 674.29, 1004093, 49
2223, 14, 23, 128, 19, 0, 49.00%, 0, 0, 13, 638.09, 1007180, 49
2229, 14, 59, 128, 19, 0, 49.00%, 0, 0, 13, 667.68, 1010642, 49
2234, 14, 27, 128, 19, 0, 49.00%, 0, 0, 13, 722.74, 1014364, 49
2239, 14, 107, 128, 19, 0, 49.00%, 0, 0, 13, 708.49, 1018038, 49
2244, 14, 127, 128, 19, 0, 49.00%, 0, 0, 13, 302.60, 1019077, 49
2249, 14, 127, 128, 19, 0, 49.00%, 0, 0, 13, 196.27, 1019923, 49
2254, 14, 59, 128, 18, 0, 49.00%, 0, 0, 13, 473.23, 1022145, 49
2259, 14, 67, 128, 18, 0, 49.00%, 0, 0, 13, 654.96, 1025683, 49
2264, 14, 59, 128, 17, 0, 49.00%, 0, 0, 13, 683.89, 1029055, 49
2270, 14, 59, 128, 17, 0, 49.00%, 0, 0, 13, 689.00, 1032650, 49
2275, 14, 64, 128, 17, 0, 49.00%, 0, 0, 13, 677.57, 1036049, 49
2280, 14, 59, 128, 17, 0, 49.00%, 0, 0, 13, 699.27, 1039584, 49
2285, 14, 24, 128, 17, 0, 49.00%, 0, 0, 13, 646.55, 1042838, 49
2290, 14, 59, 128, 17, 0, 49.00%, 0, 0, 13, 646.69, 1046181, 49
2295, 15, 67, 128, 17, 0, 49.00%, 0, 0, 13, 751.61, 1050076, 49
2300, 15, 107, 128, 17, 0, 49.00%, 0, 0, 13, 665.00, 1053248, 49
2305, 15, 59, 128, 17, 0, 49.00%, 0, 0, 13, 662.67, 1056515, 49
2310, 15, 126, 128, 17, 0, 49.00%, 0, 0, 13, 654.02, 1060057, 49
2315, 15, 126, 128, 17, 0, 49.00%, 0, 0, 13, 317.44, 1061163, 49
2320, 15, 59, 128, 16, 0, 49.00%, 0, 0, 13, 560.54, 1063973, 49
2326, 15, 59, 128, 16, 0, 49.00%, 0, 0, 13, 623.05, 1067304, 49
2331, 15, 59, 128, 15, 0, 49.00%, 0, 0, 13, 702.39, 1070854, 49
2336, 15, 117, 128, 15, 0, 49.00%, 0, 0, 13, 603.92, 1074007, 49
2341, 15, 117, 128, 15, 0, 49.00%, 0, 0, 13, 441.60, 1076028, 49
2346, 15, 59, 128, 13, 0, 49.00%, 0, 0, 13, 618.63, 1079259, 49
2351, 15, 107, 128, 13, 0, 49.00%, 0, 0, 13, 651.88, 1082585, 49
2356, 15, 59, 128, 13, 0, 49.00%, 0, 0, 13, 654.82, 1085920, 49
2361, 15, 59, 128, 13, 0, 49.00%, 0, 0, 13, 598.02, 1088913, 49
2367, 15, 59, 128, 13, 0, 49.00%, 0, 0, 13, 668.35, 1092473, 49
2372, 15, 24, 128, 13, 0, 49.00%, 0, 0, 13, 673.97, 1096004, 49
2377, 15, 59, 128, 13, 0, 49.00%, 0, 0, 13, 330.32, 1099429, 49
2382, 15, 23, 128, 13, 0, 49.00%, 0, 0, 13, 591.23, 1102804, 49
2387, 15, 23, 128, 13, 0, 49.00%, 0, 0, 13, 681.58, 1106577, 49
2392, 15, 59, 128, 13, 0, 49.00%, 1, 0, 13, 0.00, 1109344, 49
