# relative_time, cycles_done, cur_item, corpus_count, pending_total, pending_favs, map_size, saved_crashes, saved_hangs, max_depth, execs_per_sec, total_execs, edges_found
73, 0, 0, 18, 18, 1, 26.21%, 0, 0, 2, 0.15, 1748, 27
78, 0, 0, 18, 18, 1, 26.21%, 0, 0, 2, 341.46, 1821, 27
89, 0, 0, 19, 19, 1, 29.13%, 0, 0, 2, 3.87, 3028, 30
122, 0, 0, 19, 19, 1, 29.13%, 0, 0, 2, 0.06, 3030, 30
127, 0, 0, 20, 20, 1, 29.13%, 0, 0, 2, 374.35, 3811, 30
176, 0, 0, 20, 20, 1, 29.13%, 0, 0, 2, 1.46, 4979, 30
181, 0, 0, 23, 23, 1, 31.07%, 0, 0, 2, 344.32, 6704, 32
215, 0, 0, 23, 23, 1, 31.07%, 0, 0, 2, 1.62, 6992, 32
222, 0, 0, 23, 23, 1, 31.07%, 0, 0, 2, 1.55, 6996, 32
264, 0, 0, 24, 24, 1, 32.04%, 0, 0, 2, 0.93, 7947, 33
269, 0, 0, 25, 25, 1, 33.01%, 0, 0, 2, 404.07, 10028, 34
306, 0, 0, 25, 25, 1, 33.01%, 0, 0, 2, 0.24, 10125, 34
346, 0, 0, 26, 26, 1, 33.98%, 0, 0, 2, 0.66, 11523, 35
351, 0, 0, 26, 26, 1, 33.98%, 0, 0, 2, 374.26, 13401, 35
384, 0, 0, 26, 26, 1, 33.98%, 0, 0, 2, 1.30, 13695, 35
420, 0, 0, 28, 28, 1, 35.92%, 0, 0, 2, 0.43, 14675, 37
455, 0, 0, 29, 29, 1, 35.92%, 0, 0, 2, 2.50, 16614, 37
463, 0, 0, 29, 29, 1, 35.92%, 0, 0, 2, 11.06, 17208, 37
487, 0, 0, 29, 29, 1, 35.92%, 0, 0, 2, 0.34, 17216, 37
492, 0, 0, 29, 29, 1, 35.92%, 0, 0, 2, 377.17, 19148, 37
522, 0, 0, 29, 29, 1, 35.92%, 0, 0, 2, 0.47, 19414, 37
527, 0, 0, 29, 29, 1, 35.92%, 0, 0, 2, 373.79, 21381, 37
557, 0, 0, 29, 29, 1, 35.92%, 0, 0, 2, 0.72, 21640, 37
592, 0, 0, 29, 29, 1, 35.92%, 0, 0, 2, 1.69, 22576, 37
597, 0, 0, 29, 29, 1, 35.92%, 0, 0, 2, 370.27, 24468, 37
626, 0, 0, 29, 29, 1, 35.92%, 0, 0, 2, 2.23, 24783, 37
656, 0, 0, 29, 29, 1, 35.92%, 0, 0, 2, 2.07, 26360, 37
665, 0, 0, 29, 29, 1, 35.92%, 0, 0, 2, 15.82, 27672, 37
680, 0, 0, 29, 29, 1, 35.92%, 0, 0, 2, 0.52, 27680, 37
713, 0, 0, 29, 29, 1, 35.92%, 0, 0, 2, 1.68, 29296, 37
718, 0, 0, 30, 30, 1, 36.89%, 0, 0, 2, 398.99, 31359, 38
740, 0, 0, 30, 30, 1, 36.89%, 0, 0, 2, 1.61, 31545, 38
748, 0, 0, 30, 30, 1, 36.89%, 0, 0, 2, 7.30, 32543, 38
762, 0, 0, 30, 30, 1, 36.89%, 0, 0, 2, 0.29, 32547, 38
788, 0, 0, 30, 30, 1, 36.89%, 0, 0, 2, 0.96, 34380, 38
793, 0, 30, 32, 31, 11, 37.86%, 0, 0, 2, 425.74, 36527, 39
817, 0, 26, 32, 30, 10, 37.86%, 0, 0, 2, 3.27, 36698, 39
837, 0, 29, 36, 32, 10, 37.86%, 0, 0, 3, 1.64, 38176, 39
842, 0, 25, 46, 39, 8, 39.81%, 0, 0, 3, 472.45, 40554, 41
864, 0, 25, 47, 40, 8, 40.78%, 0, 0, 3, 1.27, 40777, 42
892, 0, 25, 53, 46, 8, 44.66%, 0, 0, 3, 0.75, 43222, 46
898, 0, 25, 53, 46, 8, 44.66%, 0, 0, 3, 456.60, 45553, 46
916, 0, 25, 53, 46, 8, 44.66%, 0, 0, 3, 5.11, 45940, 46
933, 0, 25, 53, 46, 8, 44.66%, 0, 0, 3, 1.26, 47533, 46
942, 0, 25, 53, 46, 8, 44.66%, 0, 0, 3, 9.23, 49063, 46
947, 0, 25, 53, 46, 8, 44.66%, 0, 0, 3, 10.71, 49070, 46
954, 0, 25, 53, 46, 8, 44.66%, 0, 0, 3, 2.01, 49084, 46
959, 0, 41, 56, 46, 13, 45.63%, 0, 0, 4, 459.43, 51446, 47
969, 0, 42, 59, 47, 12, 45.63%, 0, 0, 4, 5.41, 51897, 47
974, 0, 50, 60, 45, 9, 45.63%, 0, 0, 4, 454.13, 54151, 47
991, 0, 47, 61, 45, 8, 45.63%, 0, 0, 4, 4.42, 54528, 47
1006, 0, 27, 63, 44, 5, 45.63%, 0, 0, 4, 1.60, 56395, 47
1027, 0, 45, 65, 42, 1, 45.63%, 0, 0, 4, 5.69, 58554, 47
1040, 0, 49, 66, 42, 0, 45.63%, 0, 0, 4, 5.08, 60829, 47
1045, 0, 50, 66, 42, 0, 45.63%, 0, 0, 4, 469.62, 63154, 47
1064, 0, 42, 66, 42, 0, 45.63%, 0, 0, 4, 5.38, 63463, 47
1069, 0, 51, 67, 43, 0, 45.63%, 0, 0, 4, 478.06, 65972, 47
1078, 0, 51, 68, 44, 0, 46.60%, 0, 0, 4, 10.94, 66281, 48
1097, 0, 57, 68, 43, 0, 46.60%, 0, 0, 4, 4.31, 67667, 48
1102, 0, 30, 69, 44, 0, 46.60%, 0, 0, 4, 583.40, 70582, 48
1115, 0, 26, 69, 43, 0, 46.60%, 0, 0, 4, 5.62, 71285, 48
1120, 0, 67, 71, 45, 0, 46.60%, 0, 0, 5, 592.15, 74363, 48
1130, 0, 67, 71, 45, 0, 46.60%, 0, 0, 5, 3.57, 74638, 48
1147, 0, 67, 71, 45, 0, 46.60%, 0, 0, 5, 9.55, 77015, 48
1152, 0, 45, 73, 46, 0, 46.60%, 0, 0, 5, 585.62, 79876, 48
1157, 0, 57, 75, 47, 0, 46.60%, 0, 0, 5, 651.30, 81320, 48
1170, 0, 27, 76, 48, 0, 46.60%, 0, 0, 5, 1.16, 82993, 48
1175, 0, 54, 77, 49, 0, 46.60%, 0, 0, 5, 645.28, 86112, 48
1181, 0, 70, 78, 48, 0, 46.60%, 0, 0, 5, 601.71, 88180, 48
1190, 0, 70, 78, 48, 0, 46.60%, 0, 0, 5, 12.94, 88920, 48
1195, 0, 57, 78, 48, 0, 46.60%, 0, 0, 5, 669.83, 92568, 48
1205, 0, 77, 79, 49, 0, 46.60%, 0, 0, 6, 4.85, 93842, 48
1210, 0, 77, 79, 49, 0, 46.60%, 0, 0, 6, 742.97, 97382, 48
1219, 0, 70, 79, 49, 0, 46.60%, 0, 0, 6, 17.46, 98631, 48
1224, 0, 47, 79, 49, 0, 46.60%, 0, 0, 6, 656.31, 101957, 48
1229, 0, 24, 80, 49, 0, 46.60%, 0, 0, 6, 1.52, 103115, 48
1238, 0, 76, 80, 49, 0, 46.60%, 0, 0, 6, 16.41, 105702, 48
1243, 0, 76, 80, 49, 0, 46.60%, 0, 0, 6, 699.62, 109378, 48
1248, 0, 76, 80, 49, 0, 46.60%, 0, 0, 6, 684.70, 111480, 48
1255, 0, 76, 80, 49, 0, 46.60%, 0, 0, 6, 23.11, 112236, 48
1260, 0, 76, 81, 50, 0, 46.60%, 0, 0, 6, 743.51, 115991, 48
1270, 0, 79, 82, 50, 0, 46.60%, 0, 0, 6, 24.73, 119553, 48
1276, 0, 68, 82, 50, 0, 46.60%, 0, 0, 6, 665.34, 123274, 48
1285, 0, 68, 82, 50, 0, 46.60%, 0, 0, 6, 15.94, 126185, 48
1290, 0, 70, 82, 50, 0, 46.60%, 0, 0, 6, 771.73, 130104, 48
1295, 0, 80, 83, 51, 0, 46.60%, 0, 0, 6, 773.56, 133979, 48
1301, 0, 80, 83, 51, 0, 46.60%, 0, 0, 6, 34.06, 134938, 48
1306, 0, 57, 83, 50, 0, 46.60%, 0, 0, 6, 739.55, 138717, 48
1311, 0, 76, 83, 50, 0, 46.60%, 0, 0, 6, 758.75, 142663, 48
1316, 0, 82, 83, 50, 0, 46.60%, 0, 0, 6, 785.52, 146589, 48
1321, 0, 57, 83, 50, 0, 46.60%, 0, 0, 6, 749.80, 150368, 48
1326, 0, 57, 84, 51, 0, 46.60%, 0, 0, 6, 769.04, 154204, 48
1331, 1, 43, 86, 52, 0, 46.60%, 0, 0, 6, 768.98, 157990, 48
1339, 1, 82, 87, 53, 0, 46.60%, 0, 0, 6, 4.34, 161411, 48
1344, 1, 79, 87, 53, 0, 46.60%, 0, 0, 6, 790.43, 165062, 48
1349, 1, 86, 88, 54, 0, 46.60%, 0, 0, 6, 799.42, 169093, 48
1354, 1, 76, 88, 53, 0, 46.60%, 0, 0, 6, 792.50, 173124, 48
1359, 1, 70, 88, 53, 0, 46.60%, 0, 0, 6, 860.36, 176985, 48
1364, 1, 57, 88, 53, 0, 46.60%, 0, 0, 6, 791.31, 180922, 48
1369, 1, 76, 89, 53, 0, 46.60%, 0, 0, 6, 730.94, 184628, 48
1372, 1, 18, 90, 54, 0, 46.60%, 1, 0, 6, 0.00, 186444, 48
