# relative_time, cycles_done, cur_item, corpus_count, pending_total, pending_favs, map_size, saved_crashes, saved_hangs, max_depth, execs_per_sec, total_execs, edges_found
73, 0, 0, 17, 17, 1, 29.47%, 0, 0, 2, 0.04, 1711, 28
78, 0, 0, 17, 17, 1, 29.47%, 0, 0, 2, 308.06, 1780, 28
122, 0, 0, 19, 19, 1, 29.47%, 0, 0, 2, 0.44, 2959, 28
127, 0, 0, 19, 19, 1, 29.47%, 0, 0, 2, 409.76, 3841, 28
176, 0, 0, 19, 19, 1, 29.47%, 0, 0, 2, 0.78, 5099, 28
181, 0, 0, 19, 19, 1, 29.47%, 0, 0, 2, 376.95, 7010, 28
215, 0, 0, 19, 19, 1, 29.47%, 0, 0, 2, 1.26, 7304, 28
222, 0, 0, 19, 19, 1, 29.47%, 0, 0, 2, 0.14, 7305, 28
263, 0, 0, 19, 19, 1, 29.47%, 0, 0, 2, 0.36, 8333, 28
269, 0, 0, 20, 20, 1, 30.53%, 0, 0, 2, 405.96, 10424, 29
306, 0, 0, 20, 20, 1, 30.53%, 0, 0, 2, 0.14, 10517, 29
346, 0, 0, 22, 22, 1, 33.68%, 0, 0, 2, 0.66, 11918, 32
351, 0, 0, 23, 23, 1, 36.84%, 0, 0, 2, 376.10, 13821, 35
384, 0, 0, 23, 23, 1, 36.84%, 0, 0, 2, 0.87, 14101, 35
419, 0, 0, 23, 23, 1, 36.84%, 0, 0, 2, 0.40, 15101, 35
455, 0, 0, 23, 23, 1, 36.84%, 0, 0, 2, 2.08, 17245, 35
486, 0, 0, 23, 23, 1, 36.84%, 0, 0, 2, 2.38, 17900, 35
492, 0, 0, 23, 23, 1, 36.84%, 0, 0, 2, 416.78, 20053, 35
522, 0, 0, 23, 23, 1, 36.84%, 0, 0, 2, 2.67, 20325, 35
527, 0, 0, 24, 24, 1, 37.89%, 0, 0, 2, 409.57, 22492, 36
557, 0, 0, 24, 24, 1, 37.89%, 0, 0, 2, 1.09, 22788, 36
591, 0, 0, 24, 24, 1, 37.89%, 0, 0, 2, 1.25, 23812, 36
596, 0, 0, 24, 24, 1, 37.89%, 0, 0, 2, 413.01, 25964, 36
625, 0, 0, 24, 24, 1, 37.89%, 0, 0, 2, 3.40, 26252, 36
656, 0, 0, 24, 24, 1, 37.89%, 0, 0, 2, 2.07, 27996, 36
665, 0, 0, 24, 24, 1, 37.89%, 0, 0, 2, 0.89, 29447, 36
680, 0, 0, 24, 24, 1, 37.89%, 0, 0, 2, 0.88, 29460, 36
712, 0, 0, 24, 24, 1, 37.89%, 0, 0, 2, 0.95, 31236, 36
714, 0, 0, 24, 24, 1, 37.89%, 1, 0, 2, 0.00, 31993, 36
