# relative_time, cycles_done, cur_item, corpus_count, pending_total, pending_favs, map_size, saved_crashes, saved_hangs, max_depth, execs_per_sec, total_execs, edges_found
77, 0, 2, 12, 10, 0, 31.52%, 0, 0, 3, 0.13, 1555, 29
122, 0, 2, 12, 10, 0, 31.52%, 0, 0, 3, 0.79, 3059, 29
127, 0, 2, 12, 10, 0, 31.52%, 0, 0, 3, 453.90, 4009, 29
170, 0, 2, 13, 11, 0, 31.52%, 0, 0, 3, 1.82, 5434, 29
175, 0, 2, 13, 11, 0, 31.52%, 0, 0, 3, 0.18, 5435, 29
181, 0, 2, 13, 11, 0, 31.52%, 0, 0, 3, 422.85, 7586, 29
215, 0, 2, 13, 11, 0, 31.52%, 0, 0, 3, 0.72, 7898, 29
222, 0, 2, 13, 11, 0, 31.52%, 0, 0, 3, 0.72, 7903, 29
263, 0, 2, 13, 11, 0, 31.52%, 0, 0, 3, 0.03, 9051, 29
268, 0, 2, 13, 11, 0, 31.52%, 0, 0, 3, 454.87, 11387, 29
306, 0, 2, 14, 12, 0, 32.61%, 0, 0, 3, 0.24, 11502, 30
346, 0, 2, 14, 12, 0, 32.61%, 0, 0, 3, 0.99, 13070, 30
351, 0, 13, 17, 13, 0, 32.61%, 0, 0, 4, 415.95, 15159, 30
384, 0, 13, 17, 13, 0, 32.61%, 0, 0, 4, 1.98, 15511, 30
419, 0, 13, 17, 13, 0, 32.61%, 0, 0, 4, 0.24, 16615, 30
455, 0, 13, 18, 14, 0, 35.87%, 0, 0, 4, 3.41, 18839, 33
463, 0, 13, 18, 14, 0, 35.87%, 0, 0, 4, 13.83, 19576, 33
486, 0, 13, 18, 14, 0, 35.87%, 0, 0, 4, 0.51, 19588, 33
491, 0, 13, 20, 16, 0, 36.96%, 0, 0, 4, 467.11, 21987, 34
522, 0, 13, 21, 17, 0, 36.96%, 0, 0, 4, 0.30, 22312, 34
527, 0, 17, 23, 16, 0, 38.04%, 0, 0, 5, 461.46, 24720, 35
557, 0, 17, 23, 16, 0, 38.04%, 0, 0, 5, 2.08, 25066, 35
591, 0, 0, 24, 17, 0, 38.04%, 0, 0, 5, 1.97, 26219, 35
596, 0, 19, 27, 20, 0, 40.22%, 0, 0, 5, 461.99, 28634, 37
625, 0, 19, 27, 20, 0, 40.22%, 0, 0, 5, 3.82, 28958, 37
656, 0, 19, 27, 20, 0, 40.22%, 0, 0, 5, 2.59, 30930, 37
664, 0, 19, 27, 20, 0, 40.22%, 0, 0, 5, 18.03, 32560, 37
680, 0, 19, 27, 20, 0, 40.22%, 0, 0, 5, 0.59, 32569, 37
712, 0, 19, 27, 20, 0, 40.22%, 0, 0, 5, 2.93, 34576, 37
717, 0, 0, 29, 19, 0, 40.22%, 0, 0, 6, 510.33, 37146, 37
740, 0, 0, 29, 19, 0, 40.22%, 0, 0, 6, 2.89, 37373, 37
747, 0, 24, 30, 20, 0, 40.22%, 0, 0, 6, 10.91, 38630, 37
761, 0, 24, 30, 20, 0, 40.22%, 0, 0, 6, 0.43, 38636, 37
788, 0, 24, 33, 23, 0, 41.30%, 0, 0, 6, 1.05, 41051, 38
793, 0, 24, 34, 24, 0, 42.39%, 0, 0, 6, 546.37, 43748, 39
816, 0, 24, 34, 24, 0, 42.39%, 0, 0, 6, 1.75, 44028, 39
836, 0, 24, 34, 24, 0, 42.39%, 0, 0, 6, 3.86, 45909, 39
841, 0, 24, 34, 24, 0, 42.39%, 0, 0, 6, 607.26, 49024, 39
863, 0, 24, 34, 24, 0, 42.39%, 0, 0, 6, 4.48, 49252, 39
892, 0, 0, 34, 23, 1, 42.39%, 0, 0, 6, 5.52, 52349, 39
897, 0, 33, 37, 25, 0, 43.48%, 0, 0, 7, 604.87, 55242, 40
915, 0, 33, 39, 27, 0, 43.48%, 0, 0, 7, 6.84, 55880, 40
933, 0, 33, 39, 27, 0, 43.48%, 0, 0, 7, 1.81, 57980, 40
946, 0, 33, 39, 27, 0, 43.48%, 0, 0, 7, 1.17, 59916, 40
953, 0, 33, 39, 27, 0, 43.48%, 0, 0, 7, 8.62, 59939, 40
958, 0, 33, 41, 29, 0, 44.57%, 0, 0, 7, 583.69, 62878, 41
969, 0, 33, 41, 29, 0, 44.57%, 0, 0, 7, 11.58, 63516, 41
974, 0, 33, 42, 30, 0, 44.57%, 0, 0, 7, 570.20, 66363, 41
991, 0, 33, 42, 30, 0, 44.57%, 0, 0, 7, 4.73, 66806, 41
1006, 0, 39, 43, 30, 1, 44.57%, 0, 0, 8, 3.26, 69146, 41
1017, 0, 36, 44, 30, 0, 44.57%, 0, 0, 8, 10.98, 71794, 41
1026, 0, 36, 44, 30, 0, 44.57%, 0, 0, 8, 1.60, 71808, 41
1040, 0, 39, 47, 33, 0, 44.57%, 0, 0, 8, 10.15, 74682, 41
1045, 0, 30, 48, 34, 0, 44.57%, 0, 0, 8, 597.29, 77695, 41
1064, 0, 30, 48, 34, 0, 44.57%, 0, 0, 8, 6.59, 78103, 41
1069, 0, 0, 48, 33, 0, 44.57%, 0, 0, 8, 639.85, 81360, 41
1078, 0, 0, 48, 33, 0, 44.57%, 0, 0, 8, 0.15, 81862, 41
1096, 0, 39, 48, 33, 0, 44.57%, 0, 0, 8, 5.31, 83594, 41
1102, 0, 48, 53, 37, 0, 45.65%, 0, 0, 8, 712.94, 87279, 42
1114, 0, 48, 54, 38, 0, 46.74%, 0, 0, 8, 8.36, 88084, 43
1120, 0, 48, 54, 38, 0, 46.74%, 0, 0, 8, 721.64, 91850, 43
1129, 0, 48, 54, 38, 0, 46.74%, 0, 0, 8, 1.51, 92172, 43
1146, 0, 48, 55, 39, 0, 46.74%, 0, 0, 8, 10.79, 95063, 43
1151, 0, 48, 55, 39, 0, 46.74%, 0, 0, 8, 718.25, 98627, 43
1156, 0, 53, 58, 41, 1, 50.00%, 1, 0, 9, 743.73, 100280, 46
1156, 0, 53, 58, 41, 1, 50.00%, 1, 0, 9, 0.00, 100280, 46
