# relative_time, cycles_done, cur_item, corpus_count, pending_total, pending_favs, map_size, saved_crashes, saved_hangs, max_depth, execs_per_sec, total_execs, edges_found
71, 0, 0, 13, 13, 1, 36.26%, 0, 0, 2, 0.04, 1060, 33
72, 0, 0, 15, 15, 1, 36.26%, 0, 0, 2, 390.00, 1141, 33
116, 0, 0, 16, 16, 1, 36.26%, 0, 0, 2, 0.59, 2699, 33
121, 0, 0, 16, 16, 1, 36.26%, 0, 0, 2, 555.14, 3882, 33
170, 0, 0, 16, 16, 1, 36.26%, 0, 0, 2, 1.11, 5609, 33
175, 0, 0, 16, 16, 1, 36.26%, 0, 0, 2, 515.70, 8229, 33
216, 0, 0, 16, 16, 1, 36.26%, 0, 0, 2, 0.49, 8599, 33
258, 0, 0, 16, 16, 1, 36.26%, 0, 0, 2, 0.03, 10001, 33
263, 0, 0, 17, 17, 1, 36.26%, 0, 0, 2, 551.22, 12822, 33
300, 0, 0, 17, 17, 1, 36.26%, 0, 0, 2, 0.22, 12973, 33
340, 0, 0, 17, 17, 1, 36.26%, 0, 0, 2, 1.92, 14887, 33
345, 0, 0, 17, 17, 1, 36.26%, 0, 0, 2, 512.28, 17417, 33
378, 0, 0, 17, 17, 1, 36.26%, 0, 0, 2, 2.47, 17857, 33
414, 0, 0, 17, 17, 1, 36.26%, 0, 0, 2, 0.30, 19197, 33
449, 0, 0, 17, 17, 1, 36.26%, 0, 0, 2, 2.60, 21857, 33
481, 0, 0, 17, 17, 1, 36.26%, 0, 0, 2, 3.27, 22667, 33
486, 0, 0, 17, 17, 1, 36.26%, 0, 0, 2, 513.66, 25307, 33
516, 0, 0, 17, 17, 1, 36.26%, 0, 0, 2, 4.01, 25667, 33
521, 0, 0, 17, 17, 1, 36.26%, 0, 0, 2, 510.01, 28367, 33
551, 0, 0, 17, 17, 1, 36.26%, 0, 0, 2, 0.34, 28707, 33
586, 0, 0, 17, 17, 1, 36.26%, 0, 0, 2, 1.56, 29987, 33
591, 0, 0, 17, 17, 1, 36.26%, 0, 0, 2, 512.94, 32657, 33
619, 0, 0, 17, 17, 1, 36.26%, 0, 0, 2, 3.89, 33007, 33
650, 0, 0, 17, 17, 1, 36.26%, 0, 0, 2, 2.44, 35163, 33
659, 0, 0, 17, 17, 1, 36.26%, 0, 0, 2, 17.93, 36945, 33
674, 0, 0, 17, 17, 1, 36.26%, 0, 0, 2, 0.98, 36960, 33
706, 0, 0, 17, 17, 1, 36.26%, 0, 0, 2, 1.54, 39156, 33
712, 0, 0, 17, 17, 1, 36.26%, 0, 0, 2, 551.19, 41983, 33
734, 0, 0, 17, 17, 1, 36.26%, 0, 0, 2, 1.85, 42237, 33
742, 0, 0, 17, 17, 1, 36.26%, 0, 0, 2, 10.03, 43611, 33
756, 0, 0, 17, 17, 1, 36.26%, 0, 0, 2, 0.51, 43618, 33
782, 0, 0, 18, 18, 1, 36.26%, 0, 0, 2, 3.65, 46164, 33
787, 0, 0, 18, 18, 1, 36.26%, 0, 0, 2, 591.80, 49118, 33
810, 0, 0, 18, 18, 1, 36.26%, 0, 0, 2, 0.48, 49393, 33
831, 0, 0, 18, 18, 1, 36.26%, 0, 0, 2, 2.82, 51414, 33
836, 0, 0, 18, 18, 1, 36.26%, 0, 0, 2, 656.47, 54704, 33
857, 0, 0, 18, 18, 1, 36.26%, 0, 0, 2, 1.22, 55016, 33
886, 0, 0, 18, 18, 1, 36.26%, 0, 0, 2, 1.64, 58279, 33
891, 0, 0, 18, 18, 1, 36.26%, 0, 0, 2, 644.10, 61398, 33
910, 0, 0, 19, 19, 1, 37.36%, 0, 0, 2, 0.69, 62077, 34
927, 0, 0, 19, 19, 1, 37.36%, 0, 0, 2, 8.98, 64292, 34
941, 0, 0, 19, 19, 1, 37.36%, 0, 0, 2, 7.13, 66373, 34
948, 0, 0, 19, 19, 1, 37.36%, 0, 0, 2, 6.85, 66392, 34
953, 0, 0, 19, 19, 1, 37.36%, 0, 0, 2, 616.55, 69469, 34
963, 0, 0, 19, 19, 1, 37.36%, 0, 0, 2, 5.12, 70177, 34
968, 0, 0, 19, 19, 1, 37.36%, 0, 0, 2, 611.05, 73285, 34
985, 0, 0, 19, 19, 1, 37.36%, 0, 0, 2, 2.22, 73681, 34
1000, 0, 0, 19, 19, 1, 37.36%, 0, 0, 2, 12.52, 76189, 34
1020, 0, 0, 20, 20, 1, 37.36%, 0, 0, 2, 4.57, 79028, 34
1034, 0, 0, 20, 20, 1, 37.36%, 0, 0, 2, 10.53, 82076, 34
1039, 0, 0, 21, 21, 1, 38.46%, 0, 0, 2, 617.93, 85179, 35
1044, 0, 0, 21, 21, 1, 38.46%, 0, 0, 2, 27.78, 85575, 35
1058, 0, 0, 21, 21, 1, 38.46%, 0, 0, 2, 0.37, 85580, 35
1063, 0, 0, 21, 21, 1, 38.46%, 0, 0, 2, 632.45, 88755, 35
1072, 0, 0, 21, 21, 1, 38.46%, 0, 0, 2, 12.74, 89283, 35
1091, 0, 0, 21, 21, 1, 38.46%, 0, 0, 2, 5.45, 90983, 35
1096, 0, 0, 21, 21, 1, 38.46%, 0, 0, 2, 685.03, 94323, 35
1109, 0, 0, 21, 21, 1, 38.46%, 0, 0, 2, 7.74, 95207, 35
1114, 0, 0, 21, 21, 1, 38.46%, 0, 0, 2, 663.07, 98665, 35
1124, 0, 0, 21, 21, 1, 38.46%, 0, 0, 2, 4.19, 98990, 35
1140, 0, 0, 21, 21, 1, 38.46%, 0, 0, 2, 1.02, 101681, 35
1146, 0, 0, 21, 21, 1, 38.46%, 0, 0, 2, 664.48, 105061, 35
1151, 0, 0, 21, 21, 1, 38.46%, 0, 0, 2, 722.03, 106697, 35
1164, 0, 0, 21, 21, 1, 38.46%, 0, 0, 2, 2.49, 108363, 35
1169, 0, 0, 22, 22, 1, 40.66%, 0, 0, 2, 681.93, 111716, 37
1175, 0, 0, 22, 22, 1, 40.66%, 0, 0, 2, 678.18, 113934, 37
1184, 0, 0, 22, 22, 1, 40.66%, 0, 0, 2, 14.01, 114675, 37
1189, 0, 0, 22, 22, 1, 40.66%, 0, 0, 2, 710.92, 118422, 37
1199, 0, 0, 22, 22, 1, 40.66%, 0, 0, 2, 12.56, 119784, 37
1204, 0, 0, 22, 22, 1, 40.66%, 0, 0, 2, 729.93, 123574, 37
1213, 0, 0, 22, 22, 1, 40.66%, 0, 0, 2, 19.10, 124834, 37
1218, 0, 0, 22, 22, 1, 40.66%, 0, 0, 2, 708.25, 128376, 37
1223, 0, 0, 22, 22, 1, 40.66%, 0, 0, 2, 0.95, 129625, 37
1232, 0, 0, 22, 22, 1, 40.66%, 0, 0, 2, 2.80, 132324, 37
1237, 0, 0, 22, 22, 1, 40.66%, 0, 0, 2, 698.61, 136062, 37
1242, 0, 0, 22, 22, 1, 40.66%, 0, 0, 2, 705.16, 138134, 37
1249, 0, 0, 22, 22, 1, 40.66%, 0, 0, 2, 2.47, 138932, 37
1254, 0, 0, 23, 23, 1, 41.76%, 0, 0, 2, 754.08, 142709, 38
1264, 0, 0, 23, 23, 1, 41.76%, 0, 0, 2, 20.19, 146135, 38
1269, 0, 0, 23, 23, 1, 41.76%, 0, 0, 2, 758.16, 149834, 38
1279, 0, 0, 23, 23, 1, 41.76%, 0, 0, 2, 20.24, 152909, 38
1284, 0, 0, 23, 23, 1, 41.76%, 0, 0, 2, 758.21, 156749, 38
1289, 0, 0, 23, 23, 1, 41.76%, 0, 0, 2, 778.10, 160664, 38
1294, 0, 0, 23, 23, 1, 41.76%, 0, 0, 2, 35.71, 161654, 38
1300, 0, 0, 23, 23, 1, 41.76%, 0, 0, 2, 785.98, 165659, 38
1305, 0, 0, 23, 23, 1, 41.76%, 0, 0, 2, 797.20, 169725, 38
1310, 0, 0, 23, 23, 1, 41.76%, 0, 0, 2, 764.93, 173534, 38
1315, 0, 0, 23, 23, 1, 41.76%, 0, 0, 2, 776.82, 177404, 38
1320, 0, 0, 23, 23, 1, 41.76%, 0, 0, 2, 761.60, 181214, 38
1325, 0, 0, 23, 23, 1, 41.76%, 0, 0, 2, 783.63, 185144, 38
1333, 0, 0, 23, 23, 1, 41.76%, 0, 0, 2, 31.27, 188894, 38
1338, 0, 0, 23, 23, 1, 41.76%, 0, 0, 2, 803.48, 193053, 38
1343, 0, 0, 23, 23, 1, 41.76%, 0, 0, 2, 801.70, 197114, 38
1348, 0, 0, 23, 23, 1, 41.76%, 0, 0, 2, 798.83, 201229, 38
1353, 0, 0, 23, 23, 1, 41.76%, 0, 0, 2, 791.16, 205244, 38
1358, 0, 0, 23, 23, 1, 41.76%, 0, 0, 2, 782.23, 209189, 38
1363, 0, 0, 23, 23, 1, 41.76%, 0, 0, 2, 806.88, 213277, 38
1368, 0, 0, 23, 23, 1, 41.76%, 0, 0, 2, 800.14, 217289, 38
1373, 0, 0, 23, 23, 1, 41.76%, 0, 0, 2, 787.28, 221234, 38
1379, 0, 0, 23, 23, 1, 41.76%, 0, 0, 2, 803.52, 225419, 38
1384, 0, 0, 23, 23, 1, 41.76%, 0, 0, 2, 810.09, 229501, 38
1389, 0, 0, 23, 23, 1, 41.76%, 0, 0, 2, 816.47, 233757, 38
1394, 0, 0, 23, 23, 1, 41.76%, 0, 0, 2, 792.84, 237734, 38
1399, 0, 0, 23, 23, 1, 41.76%, 0, 0, 2, 779.96, 241724, 38
1404, 0, 0, 23, 23, 1, 41.76%, 0, 0, 2, 800.55, 245759, 38
1409, 0, 0, 23, 23, 1, 41.76%, 0, 0, 2, 534.56, 248909, 38
1414, 0, 0, 23, 23, 1, 41.76%, 0, 0, 2, 761.55, 253169, 38
1419, 0, 0, 23, 23, 1, 41.76%, 0, 0, 2, 804.91, 257325, 38
1425, 0, 0, 23, 23, 1, 41.76%, 0, 0, 2, 807.57, 261565, 38
1430, 0, 0, 23, 23, 1, 41.76%, 0, 0, 2, 784.16, 265559, 38
1435, 0, 0, 23, 23, 1, 41.76%, 0, 0, 2, 803.26, 269629, 38
1440, 0, 0, 23, 23, 1, 41.76%, 0, 0, 2, 832.48, 273933, 38
1445, 0, 0, 23, 23, 1, 41.76%, 0, 0, 2, 834.22, 278221, 38
1450, 0, 0, 23, 23, 1, 41.76%, 0, 0, 2, 827.67, 282349, 38
1455, 0, 0, 23, 23, 1, 41.76%, 0, 0, 2, 827.00, 286477, 38
1460, 0, 0, 23, 23, 1, 41.76%, 0, 0, 2, 809.96, 290525, 38
1465, 0, 0, 23, 23, 1, 41.76%, 0, 0, 2, 831.38, 294845, 38
1470, 0, 0, 23, 23, 1, 41.76%, 0, 0, 2, 825.64, 298957, 38
1475, 0, 0, 23, 23, 1, 41.76%, 0, 0, 2, 834.06, 303133, 38
1480, 0, 0, 23, 23, 1, 41.76%, 0, 0, 2, 815.94, 307197, 38
1485, 0, 0, 23, 23, 1, 41.76%, 0, 0, 2, 829.49, 311389, 38
1490, 0, 0, 23, 23, 1, 41.76%, 0, 0, 2, 837.11, 315613, 38
1495, 0, 0, 23, 23, 1, 41.76%, 0, 0, 2, 835.82, 319757, 38
1501, 0, 0, 23, 23, 1, 41.76%, 0, 0, 2, 846.24, 324141, 38
1506, 0, 0, 23, 23, 1, 41.76%, 0, 0, 2, 848.21, 328437, 38
1511, 0, 0, 23, 23, 1, 41.76%, 0, 0, 2, 842.18, 332765, 38
1516, 0, 0, 23, 23, 1, 41.76%, 0, 0, 2, 837.89, 337085, 38
1521, 0, 0, 23, 23, 1, 41.76%, 0, 0, 2, 845.32, 341309, 38
1526, 0, 0, 23, 23, 1, 41.76%, 0, 0, 2, 852.51, 345556, 38
1531, 0, 0, 23, 23, 1, 41.76%, 0, 0, 2, 854.40, 349823, 38
1536, 0, 0, 23, 23, 1, 41.76%, 0, 0, 2, 860.11, 354141, 38
1541, 0, 0, 23, 23, 1, 41.76%, 0, 0, 2, 866.55, 358476, 38
1546, 0, 0, 23, 23, 1, 41.76%, 0, 0, 2, 830.30, 362637, 38
1551, 0, 0, 23, 23, 1, 41.76%, 0, 0, 2, 856.27, 366942, 38
1556, 0, 0, 23, 23, 1, 41.76%, 0, 0, 2, 864.77, 371277, 38
1561, 0, 0, 23, 23, 1, 41.76%, 0, 0, 2, 873.13, 375663, 38
1567, 0, 0, 23, 23, 1, 41.76%, 0, 0, 2, 872.27, 380032, 38
1572, 0, 0, 23, 23, 1, 41.76%, 0, 0, 2, 863.22, 384316, 38
1577, 0, 0, 23, 23, 1, 41.76%, 0, 0, 2, 876.08, 388702, 38
1582, 0, 0, 23, 23, 1, 41.76%, 0, 0, 2, 874.68, 393071, 38
1587, 0, 0, 23, 23, 1, 41.76%, 0, 0, 2, 865.71, 397406, 38
1592, 0, 0, 23, 23, 1, 41.76%, 0, 0, 2, 862.65, 401741, 38
1597, 0, 0, 23, 23, 1, 41.76%, 0, 0, 2, 873.46, 406110, 38
1602, 0, 0, 23, 23, 1, 41.76%, 0, 0, 2, 876.89, 410496, 38
1607, 0, 0, 23, 23, 1, 41.76%, 0, 0, 2, 876.62, 414899, 38
1612, 0, 0, 23, 23, 1, 41.76%, 0, 0, 2, 868.36, 419234, 38
1617, 0, 0, 23, 23, 1, 41.76%, 0, 0, 2, 875.02, 423620, 38
1622, 0, 0, 23, 23, 1, 41.76%, 0, 0, 2, 875.60, 428023, 38
1627, 0, 0, 23, 23, 1, 41.76%, 0, 0, 2, 877.58, 432443, 38
1632, 0, 0, 23, 23, 1, 41.76%, 0, 0, 2, 871.82, 436846, 38
1637, 0, 0, 23, 23, 1, 41.76%, 0, 0, 2, 884.81, 441249, 38
1642, 0, 0, 23, 23, 1, 41.76%, 0, 0, 2, 874.88, 445652, 38
1647, 0, 0, 23, 23, 1, 41.76%, 0, 0, 2, 869.53, 450004, 38
1652, 0, 0, 23, 23, 1, 41.76%, 0, 0, 2, 861.54, 454271, 38
1657, 0, 0, 23, 23, 1, 41.76%, 0, 0, 2, 873.58, 458674, 38
1662, 0, 0, 23, 23, 1, 41.76%, 0, 0, 2, 865.62, 463196, 38
1667, 0, 0, 23, 23, 1, 41.76%, 0, 0, 2, 872.43, 467565, 38
1672, 0, 0, 23, 23, 1, 41.76%, 0, 0, 2, 876.67, 471968, 38
1678, 0, 0, 23, 23, 1, 41.76%, 0, 0, 2, 856.98, 476337, 38
1683, 0, 0, 23, 23, 1, 41.76%, 0, 0, 2, 865.69, 480757, 38
1688, 0, 0, 23, 23, 1, 41.76%, 0, 0, 2, 869.14, 485347, 38
1693, 0, 0, 23, 23, 1, 41.76%, 0, 0, 2, 866.92, 489886, 38
1698, 0, 0, 23, 23, 1, 41.76%, 0, 0, 2, 860.67, 494221, 38
1703, 0, 0, 23, 23, 1, 41.76%, 0, 0, 2, 865.57, 498641, 38
1708, 0, 0, 23, 23, 1, 41.76%, 0, 0, 2, 869.23, 503078, 38
1713, 0, 0, 23, 23, 1, 41.76%, 0, 0, 2, 867.52, 507481, 38
1718, 0, 0, 23, 23, 1, 41.76%, 0, 0, 2, 871.51, 512037, 38
1724, 0, 0, 23, 23, 1, 41.76%, 0, 0, 2, 872.05, 516627, 38
1729, 0, 0, 23, 23, 1, 41.76%, 0, 0, 2, 846.78, 520941, 38
1734, 0, 0, 23, 23, 1, 41.76%, 0, 0, 2, 871.02, 525365, 38
1739, 0, 0, 23, 23, 1, 41.76%, 0, 0, 2, 875.12, 529768, 38
1744, 0, 0, 23, 23, 1, 41.76%, 0, 0, 2, 884.35, 534375, 38
1749, 0, 0, 23, 23, 1, 41.76%, 0, 0, 2, 880.72, 538948, 38
1754, 0, 0, 23, 23, 1, 41.76%, 0, 0, 2, 864.94, 543436, 38
1759, 0, 0, 23, 23, 1, 41.76%, 0, 0, 2, 878.73, 547890, 38
1764, 0, 0, 23, 23, 1, 41.76%, 0, 0, 2, 884.40, 552497, 38
1770, 0, 0, 23, 23, 1, 41.76%, 0, 0, 2, 874.42, 556917, 38
1775, 0, 0, 23, 23, 1, 41.76%, 0, 0, 2, 874.37, 561303, 38
1780, 0, 0, 23, 23, 1, 41.76%, 0, 0, 2, 884.06, 565893, 38
1785, 0, 0, 23, 23, 1, 41.76%, 0, 0, 2, 886.77, 570500, 38
1790, 0, 0, 23, 23, 1, 41.76%, 0, 0, 2, 888.77, 575107, 38
1795, 0, 0, 23, 23, 1, 41.76%, 0, 0, 2, 882.36, 579544, 38
1800, 0, 0, 23, 23, 1, 41.76%, 0, 0, 2, 886.65, 584168, 38
1806, 0, 0, 23, 23, 1, 41.76%, 0, 0, 2, 883.51, 588741, 38
1811, 0, 0, 23, 23, 1, 41.76%, 0, 0, 2, 873.34, 593161, 38
1816, 0, 0, 23, 23, 1, 41.76%, 0, 0, 2, 881.22, 597751, 38
1821, 0, 0, 23, 23, 1, 41.76%, 0, 0, 2, 876.19, 602307, 38
1826, 0, 0, 23, 23, 1, 41.76%, 0, 0, 2, 888.67, 606914, 38
1831, 0, 0, 23, 23, 1, 41.76%, 0, 0, 2, 895.11, 611538, 38
1837, 0, 0, 23, 23, 1, 41.76%, 0, 0, 2, 895.99, 616162, 38
1842, 0, 0, 23, 23, 1, 41.76%, 0, 0, 2, 893.78, 620599, 38
1847, 0, 0, 23, 23, 1, 41.76%, 0, 0, 2, 895.40, 625070, 38
1852, 0, 0, 23, 23, 1, 41.76%, 0, 0, 2, 890.53, 629677, 38
1857, 0, 0, 23, 23, 1, 41.76%, 0, 0, 2, 886.93, 634148, 38
1862, 0, 0, 23, 23, 1, 41.76%, 0, 0, 2, 898.99, 638755, 38
1867, 0, 0, 23, 23, 1, 41.76%, 0, 0, 2, 899.98, 643260, 38
1872, 0, 0, 23, 23, 1, 41.76%, 0, 0, 2, 890.62, 647867, 38
1877, 0, 0, 23, 23, 1, 41.76%, 0, 0, 2, 903.71, 652553, 38
1882, 0, 0, 23, 23, 1, 41.76%, 0, 0, 2, 900.37, 657064, 38
1888, 0, 0, 23, 23, 1, 41.76%, 0, 0, 2, 882.87, 661654, 38
1893, 0, 0, 23, 23, 1, 41.76%, 0, 0, 2, 875.62, 666278, 38
1898, 0, 0, 23, 23, 1, 41.76%, 0, 0, 2, 879.13, 670902, 38
1903, 0, 0, 23, 23, 1, 41.76%, 0, 0, 2, 879.49, 675339, 38
1908, 0, 0, 23, 23, 1, 41.76%, 0, 0, 2, 883.65, 679963, 38
1913, 0, 0, 23, 23, 1, 41.76%, 0, 0, 2, 891.68, 684451, 38
1918, 0, 0, 23, 23, 1, 41.76%, 0, 0, 2, 891.20, 688939, 38
1923, 0, 0, 23, 23, 1, 41.76%, 0, 0, 2, 892.49, 693461, 38
1928, 0, 0, 23, 23, 1, 41.76%, 0, 0, 2, 891.23, 698085, 38
1934, 0, 0, 23, 23, 1, 41.76%, 0, 0, 2, 880.93, 702556, 38
1939, 0, 0, 23, 23, 1, 41.76%, 0, 0, 2, 891.89, 707214, 38
1944, 0, 0, 23, 23, 1, 41.76%, 0, 0, 2, 886.28, 711838, 38
1949, 0, 0, 23, 23, 1, 41.76%, 0, 0, 2, 913.10, 715877, 38
1954, 0, 0, 23, 23, 1, 41.76%, 0, 0, 2, 885.42, 720406, 38
1959, 0, 0, 23, 23, 1, 41.76%, 0, 0, 2, 890.88, 725064, 38
1964, 0, 0, 23, 23, 1, 41.76%, 0, 0, 2, 885.15, 729637, 38
1970, 0, 0, 23, 23, 1, 41.76%, 0, 0, 2, 897.06, 734142, 38
1975, 0, 0, 23, 23, 1, 41.76%, 0, 0, 2, 884.60, 738528, 38
1980, 0, 0, 23, 23, 1, 41.76%, 0, 0, 2, 889.25, 742965, 38
1985, 0, 0, 23, 23, 1, 41.76%, 0, 0, 2, 883.32, 747385, 38
1990, 0, 0, 23, 23, 1, 41.76%, 0, 0, 2, 891.14, 752026, 38
1995, 0, 0, 23, 23, 1, 41.76%, 0, 0, 2, 893.89, 756667, 38
2000, 0, 0, 23, 23, 1, 41.76%, 0, 0, 2, 886.71, 761104, 38
2005, 0, 0, 23, 23, 1, 41.76%, 0, 0, 2, 895.54, 765728, 38
2010, 0, 0, 23, 23, 1, 41.76%, 0, 0, 2, 899.21, 770216, 38
2015, 0, 0, 23, 23, 1, 41.76%, 0, 0, 2, 900.27, 774721, 38
2020, 0, 0, 23, 23, 1, 41.76%, 0, 0, 2, 897.58, 779226, 38
2025, 0, 0, 23, 23, 1, 41.76%, 0, 0, 2, 898.90, 783867, 38
2030, 0, 0, 23, 23, 1, 41.76%, 0, 0, 2, 901.00, 788372, 38
2035, 0, 0, 23, 23, 1, 41.76%, 0, 0, 2, 898.90, 792877, 38
2041, 0, 0, 23, 23, 1, 41.76%, 0, 0, 2, 901.74, 797525, 38
2046, 0, 0, 23, 23, 1, 41.76%, 0, 0, 2, 899.56, 802040, 38
2051, 0, 0, 23, 23, 1, 41.76%, 0, 0, 2, 896.55, 806647, 38
2056, 0, 0, 23, 23, 1, 41.76%, 0, 0, 2, 903.15, 811313, 38
2061, 0, 0, 23, 23, 1, 41.76%, 0, 0, 2, 900.90, 815810, 38
2066, 0, 0, 23, 23, 1, 41.76%, 0, 0, 2, 900.20, 820315, 38
2071, 0, 0, 23, 23, 1, 41.76%, 0, 0, 2, 899.48, 824956, 38
2076, 0, 0, 23, 23, 1, 41.76%, 0, 0, 2, 896.59, 829546, 38
2081, 0, 0, 23, 23, 1, 41.76%, 0, 0, 2, 898.45, 834153, 38
2087, 0, 0, 23, 23, 1, 41.76%, 0, 0, 2, 899.26, 838777, 38
2092, 0, 0, 23, 23, 1, 41.76%, 0, 0, 2, 899.86, 843435, 38
2097, 0, 0, 23, 23, 1, 41.76%, 0, 0, 2, 883.04, 847940, 38
2102, 0, 0, 23, 23, 1, 41.76%, 0, 0, 2, 897.35, 852547, 38
2107, 0, 0, 23, 23, 1, 41.76%, 0, 0, 2, 898.01, 857018, 38
2112, 0, 0, 23, 23, 1, 41.76%, 0, 0, 2, 903.59, 861677, 38
2117, 0, 0, 23, 23, 1, 41.76%, 0, 0, 2, 898.80, 866148, 38
2123, 0, 0, 23, 23, 1, 41.76%, 0, 0, 2, 900.58, 870768, 38
2128, 0, 0, 23, 23, 1, 41.76%, 0, 0, 2, 881.76, 875328, 38
2133, 0, 0, 23, 23, 1, 41.76%, 0, 0, 2, 884.92, 879952, 38
2138, 0, 0, 23, 23, 1, 41.76%, 0, 0, 2, 881.10, 884542, 38
2143, 0, 0, 23, 23, 1, 41.76%, 0, 0, 2, 882.12, 889149, 38
2148, 0, 0, 23, 23, 1, 41.76%, 0, 0, 2, 876.16, 893739, 38
2153, 0, 0, 23, 23, 1, 41.76%, 0, 0, 2, 887.32, 898210, 38
2159, 0, 0, 23, 23, 1, 41.76%, 0, 0, 2, 884.81, 902834, 38
2164, 0, 0, 23, 23, 1, 41.76%, 0, 0, 2, 889.24, 907305, 38
2169, 0, 0, 23, 23, 1, 41.76%, 0, 0, 2, 890.41, 911963, 38
2174, 0, 0, 23, 23, 1, 41.76%, 0, 0, 2, 888.38, 916587, 38
2179, 0, 0, 23, 23, 1, 41.76%, 0, 0, 2, 890.90, 921194, 38
2184, 0, 0, 23, 23, 1, 41.76%, 0, 0, 2, 887.16, 925631, 38
2189, 0, 0, 23, 23, 1, 41.76%, 0, 0, 2, 893.52, 930289, 38
2195, 0, 0, 23, 23, 1, 41.76%, 0, 0, 2, 891.31, 934896, 38
2200, 0, 0, 23, 23, 1, 41.76%, 0, 0, 2, 894.48, 939504, 38
2205, 0, 0, 23, 23, 1, 41.76%, 0, 0, 2, 894.04, 943975, 38
2210, 0, 0, 23, 23, 1, 41.76%, 0, 0, 2, 893.55, 948480, 38
2215, 0, 0, 23, 23, 1, 41.76%, 0, 0, 2, 894.57, 953104, 38
2220, 0, 0, 23, 23, 1, 41.76%, 0, 0, 2, 893.56, 957745, 38
2225, 0, 0, 23, 23, 1, 41.76%, 0, 0, 2, 897.97, 962233, 38
2230, 0, 0, 23, 23, 1, 41.76%, 0, 0, 2, 895.31, 966687, 38
2235, 0, 0, 23, 23, 1, 41.76%, 0, 0, 2, 895.62, 971277, 38
2240, 0, 0, 23, 23, 1, 41.76%, 0, 0, 2, 894.28, 975867, 38
2246, 0, 0, 23, 23, 1, 41.76%, 0, 0, 2, 897.74, 980474, 38
2251, 0, 0, 23, 23, 1, 41.76%, 0, 0, 2, 895.22, 985064, 38
2256, 0, 0, 23, 23, 1, 41.76%, 0, 0, 2, 893.66, 989671, 38
2261, 0, 0, 23, 23, 1, 41.76%, 0, 0, 2, 898.77, 994347, 38
2266, 0, 0, 23, 23, 1, 41.76%, 0, 0, 2, 898.53, 998835, 38
2271, 0, 0, 23, 23, 1, 41.76%, 0, 0, 2, 903.60, 1003358, 38
2276, 0, 0, 23, 23, 1, 41.76%, 0, 0, 2, 891.55, 1007794, 38
2281, 0, 0, 23, 23, 1, 41.76%, 0, 0, 2, 900.98, 1012448, 38
2287, 0, 0, 23, 23, 1, 41.76%, 0, 0, 2, 899.82, 1017059, 38
2292, 0, 0, 23, 23, 1, 41.76%, 0, 0, 2, 888.55, 1021479, 38
2297, 0, 0, 23, 23, 1, 41.76%, 0, 0, 2, 903.12, 1025984, 38
2302, 0, 0, 23, 23, 1, 41.76%, 0, 0, 2, 903.09, 1030466, 38
2307, 0, 0, 23, 23, 1, 41.76%, 0, 0, 2, 889.90, 1035074, 38
2312, 0, 0, 23, 23, 1, 41.76%, 0, 0, 2, 886.99, 1039533, 38
2317, 0, 0, 23, 23, 1, 41.76%, 0, 0, 2, 888.46, 1044004, 38
2322, 0, 0, 23, 23, 1, 41.76%, 0, 0, 2, 880.39, 1048441, 38
2327, 0, 0, 23, 23, 1, 41.76%, 0, 0, 2, 884.05, 1053065, 38
2332, 0, 0, 23, 23, 1, 41.76%, 0, 0, 2, 885.98, 1057553, 38
2337, 0, 0, 23, 23, 1, 41.76%, 0, 0, 2, 894.47, 1062160, 38
2342, 0, 0, 23, 23, 1, 41.76%, 0, 0, 2, 893.93, 1066767, 38
2348, 0, 0, 23, 23, 1, 41.76%, 0, 0, 2, 891.49, 1071357, 38
2353, 0, 0, 23, 23, 1, 41.76%, 0, 0, 2, 893.88, 1075964, 38
2358, 0, 0, 24, 24, 1, 41.76%, 0, 0, 2, 899.23, 1080612, 38
2363, 0, 0, 24, 24, 1, 41.76%, 0, 0, 2, 901.76, 1085283, 38
2368, 0, 0, 24, 24, 1, 41.76%, 0, 0, 2, 898.62, 1089775, 38
2373, 0, 0, 24, 24, 1, 41.76%, 0, 0, 2, 892.34, 1094212, 38
2378, 0, 0, 24, 24, 1, 41.76%, 0, 0, 2, 902.24, 1098873, 38
2383, 0, 0, 24, 24, 1, 41.76%, 0, 0, 2, 898.08, 1103358, 38
2389, 0, 0, 24, 24, 1, 41.76%, 0, 0, 2, 900.82, 1108017, 38
2394, 0, 0, 24, 24, 1, 41.76%, 0, 0, 2, 899.75, 1112504, 38
2399, 0, 0, 24, 24, 1, 41.76%, 0, 0, 2, 903.08, 1117017, 38
2404, 0, 0, 24, 24, 1, 41.76%, 0, 0, 2, 901.91, 1121535, 38
2409, 0, 0, 24, 24, 1, 41.76%, 0, 0, 2, 901.10, 1126035, 38
2414, 0, 0, 24, 24, 1, 41.76%, 0, 0, 2, 903.57, 1130571, 38
2419, 0, 0, 25, 25, 1, 41.76%, 0, 0, 2, 894.29, 1135155, 38
2424, 0, 0, 25, 25, 1, 41.76%, 0, 0, 2, 902.93, 1139812, 38
2429, 0, 0, 25, 25, 1, 41.76%, 0, 0, 2, 889.88, 1144267, 38
2434, 0, 0, 25, 25, 1, 41.76%, 0, 0, 2, 896.34, 1148857, 38
2439, 0, 0, 25, 25, 1, 41.76%, 0, 0, 2, 901.02, 1153475, 38
2444, 0, 0, 25, 25, 1, 41.76%, 0, 0, 2, 898.48, 1158089, 38
2450, 0, 0, 25, 25, 1, 41.76%, 0, 0, 2, 904.14, 1162781, 38
2455, 0, 0, 25, 25, 1, 41.76%, 0, 0, 2, 905.88, 1167335, 38
2460, 0, 0, 25, 25, 1, 41.76%, 0, 0, 2, 907.83, 1171889, 38
2465, 0, 0, 25, 25, 1, 41.76%, 0, 0, 2, 898.42, 1176381, 38
2470, 0, 0, 25, 25, 1, 41.76%, 0, 0, 2, 903.10, 1180997, 38
2475, 0, 0, 25, 25, 1, 41.76%, 0, 0, 2, 906.51, 1185551, 38
2480, 0, 0, 25, 25, 1, 41.76%, 0, 0, 2, 905.46, 1190105, 38
2485, 0, 0, 25, 25, 1, 41.76%, 0, 0, 2, 902.30, 1194605, 38
2490, 0, 0, 25, 25, 1, 41.76%, 0, 0, 2, 885.55, 1199161, 38
2495, 0, 0, 25, 25, 1, 41.76%, 0, 0, 2, 885.33, 1203785, 38
2500, 0, 0, 25, 25, 1, 41.76%, 0, 0, 2, 888.36, 1208307, 38
2506, 0, 0, 25, 25, 1, 41.76%, 0, 0, 2, 889.91, 1212880, 38
2511, 0, 0, 25, 25, 1, 41.76%, 0, 0, 2, 881.84, 1217504, 38
2516, 0, 0, 25, 25, 1, 41.76%, 0, 0, 2, 883.51, 1222111, 38
2521, 0, 0, 25, 25, 1, 41.76%, 0, 0, 2, 881.31, 1226718, 38
2526, 0, 0, 25, 25, 1, 41.76%, 0, 0, 2, 883.32, 1231342, 38
2531, 0, 0, 25, 25, 1, 41.76%, 0, 0, 2, 893.97, 1236017, 38
2536, 0, 0, 25, 25, 1, 41.76%, 0, 0, 2, 884.82, 1240471, 38
2542, 0, 0, 25, 25, 1, 41.76%, 0, 0, 2, 890.52, 1245112, 38
2547, 0, 0, 25, 25, 1, 41.76%, 0, 0, 2, 893.54, 1249617, 38
2552, 0, 0, 25, 25, 1, 41.76%, 0, 0, 2, 895.91, 1254122, 38
2557, 0, 0, 25, 25, 1, 41.76%, 0, 0, 2, 894.72, 1258661, 38
2562, 0, 0, 25, 25, 1, 41.76%, 0, 0, 2, 892.30, 1263268, 38
2567, 0, 0, 25, 25, 1, 41.76%, 0, 0, 2, 895.13, 1267892, 38
2572, 0, 0, 25, 25, 1, 41.76%, 0, 0, 2, 895.31, 1272380, 38
2577, 0, 0, 25, 25, 1, 41.76%, 0, 0, 2, 898.01, 1277055, 38
2582, 0, 0, 25, 25, 1, 41.76%, 0, 0, 2, 896.72, 1281560, 38
2587, 0, 0, 25, 25, 1, 41.76%, 0, 0, 2, 901.70, 1286081, 38
2592, 0, 0, 25, 25, 1, 41.76%, 0, 0, 2, 905.24, 1290689, 38
2598, 0, 0, 25, 25, 1, 41.76%, 0, 0, 2, 907.02, 1295351, 38
2603, 0, 0, 25, 25, 1, 41.76%, 0, 0, 2, 902.00, 1299869, 38
2608, 0, 0, 25, 25, 1, 41.76%, 0, 0, 2, 888.81, 1304357, 38
2613, 0, 0, 25, 25, 1, 41.76%, 0, 0, 2, 898.45, 1308964, 38
2618, 0, 0, 25, 25, 1, 41.76%, 0, 0, 2, 902.10, 1313477, 38
2623, 0, 0, 25, 25, 1, 41.76%, 0, 0, 2, 899.67, 1318110, 38
2628, 0, 0, 25, 25, 1, 41.76%, 0, 0, 2, 903.15, 1322801, 38
2633, 0, 0, 25, 25, 1, 41.76%, 0, 0, 2, 898.86, 1327324, 38
2638, 0, 0, 25, 25, 1, 41.76%, 0, 0, 2, 900.19, 1331948, 38
2643, 0, 0, 25, 25, 1, 41.76%, 0, 0, 2, 904.72, 1336499, 38
2649, 0, 0, 25, 25, 1, 41.76%, 0, 0, 2, 906.33, 1341071, 38
2654, 0, 0, 25, 25, 1, 41.76%, 0, 0, 2, 903.05, 1345643, 38
2659, 0, 0, 25, 25, 1, 41.76%, 0, 0, 2, 900.77, 1350233, 38
2664, 0, 0, 25, 25, 1, 41.76%, 0, 0, 2, 907.24, 1354805, 38
2669, 0, 0, 25, 25, 1, 41.76%, 0, 0, 2, 904.61, 1359395, 38
2674, 0, 0, 25, 25, 1, 41.76%, 0, 0, 2, 899.25, 1363925, 38
2679, 0, 0, 25, 25, 1, 41.76%, 0, 0, 2, 899.09, 1368566, 38
2684, 0, 0, 25, 25, 1, 41.76%, 0, 0, 2, 901.52, 1373237, 38
2689, 0, 0, 25, 25, 1, 41.76%, 0, 0, 2, 904.68, 1377755, 38
2694, 0, 0, 25, 25, 1, 41.76%, 0, 0, 2, 905.47, 1382273, 38
2700, 0, 0, 25, 25, 1, 41.76%, 0, 0, 2, 899.73, 1386892, 38
2705, 0, 0, 25, 25, 1, 41.76%, 0, 0, 2, 903.43, 1391381, 38
2710, 0, 0, 25, 25, 1, 41.76%, 0, 0, 2, 899.29, 1396025, 38
2715, 0, 0, 25, 25, 1, 41.76%, 0, 0, 2, 904.12, 1400525, 38
2720, 0, 0, 25, 25, 1, 41.76%, 0, 0, 2, 904.89, 1405025, 38
2725, 0, 0, 25, 25, 1, 41.76%, 0, 0, 2, 900.65, 1409651, 38
2730, 0, 0, 26, 26, 1, 41.76%, 0, 0, 2, 893.33, 1414082, 38
2735, 0, 0, 26, 26, 1, 41.76%, 0, 0, 2, 890.34, 1418748, 38
2740, 0, 0, 26, 26, 1, 41.76%, 0, 0, 2, 887.08, 1423381, 38
2745, 0, 0, 26, 26, 1, 41.76%, 0, 0, 2, 885.48, 1427886, 38
2751, 0, 0, 26, 26, 1, 41.76%, 0, 0, 2, 893.60, 1432442, 38
2756, 0, 0, 26, 26, 1, 41.76%, 0, 0, 2, 886.95, 1436930, 38
2761, 0, 0, 26, 26, 1, 41.76%, 0, 0, 2, 889.82, 1441452, 38
2766, 0, 0, 26, 26, 1, 41.76%, 0, 0, 2, 888.38, 1445974, 38
2771, 0, 0, 26, 26, 1, 41.76%, 0, 0, 2, 885.89, 1450615, 38
2776, 0, 0, 26, 26, 1, 41.76%, 0, 0, 2, 892.52, 1455273, 38
2781, 0, 0, 26, 26, 1, 41.76%, 0, 0, 2, 895.81, 1459846, 38
2786, 0, 0, 26, 26, 1, 41.76%, 0, 0, 2, 893.54, 1464402, 38
2791, 0, 0, 26, 26, 1, 41.76%, 0, 0, 2, 895.63, 1468958, 38
2796, 0, 0, 26, 26, 1, 41.76%, 0, 0, 2, 892.75, 1473599, 38
2802, 0, 0, 26, 26, 1, 41.76%, 0, 0, 2, 886.11, 1478223, 38
2807, 0, 0, 26, 26, 1, 41.76%, 0, 0, 2, 891.08, 1482813, 38
2812, 0, 0, 26, 26, 1, 41.76%, 0, 0, 2, 896.84, 1487471, 38
2817, 0, 0, 26, 26, 1, 41.76%, 0, 0, 2, 875.56, 1491891, 38
2822, 0, 0, 26, 26, 1, 41.76%, 0, 0, 2, 851.33, 1496118, 38
2827, 0, 0, 26, 26, 1, 41.76%, 0, 0, 2, 857.52, 1500527, 38
2832, 0, 0, 26, 26, 1, 41.76%, 0, 0, 2, 862.49, 1504947, 38
2837, 0, 0, 26, 26, 1, 41.76%, 0, 0, 2, 866.78, 1509384, 38
2842, 0, 0, 26, 26, 1, 41.76%, 0, 0, 2, 873.52, 1513821, 38
2847, 0, 0, 26, 26, 1, 41.76%, 0, 0, 2, 869.87, 1518241, 38
2852, 0, 0, 26, 26, 1, 41.76%, 0, 0, 2, 871.08, 1522695, 38
2858, 0, 0, 26, 26, 1, 41.76%, 0, 0, 2, 872.13, 1527149, 38
2863, 0, 0, 26, 26, 1, 41.76%, 0, 0, 2, 867.91, 1531586, 38
2868, 0, 0, 26, 26, 1, 41.76%, 0, 0, 2, 878.27, 1535989, 38
2873, 0, 0, 26, 26, 1, 41.76%, 0, 0, 2, 860.71, 1540307, 38
2878, 0, 0, 26, 26, 1, 41.76%, 0, 0, 2, 855.37, 1544642, 38
2883, 0, 0, 26, 26, 1, 41.76%, 0, 0, 2, 856.27, 1548977, 38
2888, 0, 0, 26, 26, 1, 41.76%, 0, 0, 2, 849.75, 1553261, 38
2893, 0, 0, 26, 26, 1, 41.76%, 0, 0, 2, 863.13, 1557579, 38
2898, 0, 0, 26, 26, 1, 41.76%, 0, 0, 2, 870.13, 1562016, 38
2903, 0, 0, 26, 26, 1, 41.76%, 0, 0, 2, 872.75, 1566453, 38
2908, 0, 0, 26, 26, 1, 41.76%, 0, 0, 2, 869.79, 1570907, 38
2913, 0, 0, 26, 26, 1, 41.76%, 0, 0, 2, 869.35, 1575310, 38
2919, 0, 0, 26, 26, 1, 41.76%, 0, 0, 2, 873.63, 1579764, 38
2924, 0, 0, 26, 26, 1, 41.76%, 0, 0, 2, 890.21, 1584388, 38
2929, 0, 0, 26, 26, 1, 41.76%, 0, 0, 2, 886.13, 1588825, 38
2934, 0, 0, 26, 26, 1, 41.76%, 0, 0, 2, 878.77, 1593228, 38
2939, 0, 0, 26, 26, 1, 41.76%, 0, 0, 2, 880.94, 1597665, 38
2944, 0, 0, 26, 26, 1, 41.76%, 0, 0, 2, 881.21, 1602102, 38
2949, 0, 0, 26, 26, 1, 41.76%, 0, 0, 2, 881.88, 1606539, 38
2954, 0, 0, 26, 26, 1, 41.76%, 0, 0, 2, 882.70, 1610959, 38
2959, 0, 0, 26, 26, 1, 41.76%, 0, 0, 2, 882.57, 1615396, 38
2964, 0, 0, 26, 26, 1, 41.76%, 0, 0, 2, 876.70, 1619816, 38
2969, 0, 0, 26, 26, 1, 41.76%, 0, 0, 2, 882.54, 1624270, 38
2974, 0, 0, 26, 26, 1, 41.76%, 0, 0, 2, 880.00, 1628741, 38
2979, 0, 0, 26, 26, 1, 41.76%, 0, 0, 2, 883.31, 1633195, 38
2984, 0, 0, 26, 26, 1, 41.76%, 0, 0, 2, 882.92, 1637632, 38
2989, 0, 0, 26, 26, 1, 41.76%, 0, 0, 2, 880.05, 1642086, 38
2994, 0, 0, 26, 26, 1, 41.76%, 0, 0, 2, 880.33, 1646523, 38
3000, 0, 0, 26, 26, 1, 41.76%, 0, 0, 2, 878.31, 1650977, 38
3005, 0, 0, 26, 26, 1, 41.76%, 0, 0, 2, 878.57, 1655414, 38
3010, 0, 0, 26, 26, 1, 41.76%, 0, 0, 2, 880.45, 1659851, 38
3015, 0, 0, 26, 26, 1, 41.76%, 0, 0, 2, 877.59, 1664288, 38
3020, 0, 0, 26, 26, 1, 41.76%, 0, 0, 2, 870.68, 1668725, 38
3025, 0, 0, 26, 26, 1, 41.76%, 0, 0, 2, 875.06, 1673162, 38
3030, 0, 0, 26, 26, 1, 41.76%, 0, 0, 2, 877.27, 1677616, 38
3035, 0, 0, 26, 26, 1, 41.76%, 0, 0, 2, 879.41, 1682070, 38
3040, 0, 0, 26, 26, 1, 41.76%, 0, 0, 2, 865.93, 1686456, 38
3045, 0, 0, 26, 26, 1, 41.76%, 0, 0, 2, 861.92, 1690876, 38
3050, 0, 0, 26, 26, 1, 41.76%, 0, 0, 2, 858.65, 1695313, 38
3056, 0, 0, 26, 26, 1, 41.76%, 0, 0, 2, 867.64, 1699767, 38
3061, 0, 0, 26, 26, 1, 41.76%, 0, 0, 2, 868.67, 1704204, 38
3066, 0, 0, 26, 26, 1, 41.76%, 0, 0, 2, 873.31, 1708641, 38
3071, 0, 0, 26, 26, 1, 41.76%, 0, 0, 2, 876.14, 1713095, 38
3076, 0, 0, 26, 26, 1, 41.76%, 0, 0, 2, 872.39, 1717549, 38
3081, 0, 0, 26, 26, 1, 41.76%, 0, 0, 2, 871.38, 1721986, 38
3086, 0, 0, 26, 26, 1, 41.76%, 0, 0, 2, 873.37, 1726440, 38
3091, 0, 0, 26, 26, 1, 41.76%, 0, 0, 2, 868.76, 1730877, 38
3096, 0, 0, 26, 26, 1, 41.76%, 0, 0, 2, 870.33, 1735297, 38
3101, 0, 0, 26, 26, 1, 41.76%, 0, 0, 2, 872.59, 1739734, 38
3106, 0, 0, 26, 26, 1, 41.76%, 0, 0, 2, 873.30, 1744188, 38
3111, 0, 0, 27, 27, 1, 42.86%, 0, 0, 2, 861.23, 1748581, 39
3116, 0, 0, 27, 27, 1, 42.86%, 0, 0, 2, 863.10, 1753018, 39
3122, 0, 0, 27, 27, 1, 42.86%, 0, 0, 2, 867.55, 1757455, 39
3127, 0, 0, 27, 27, 1, 42.86%, 0, 0, 2, 869.50, 1761892, 39
3132, 0, 0, 27, 27, 1, 42.86%, 0, 0, 2, 868.88, 1766312, 39
3137, 0, 0, 27, 27, 1, 42.86%, 0, 0, 2, 894.83, 1770970, 39
3142, 0, 0, 28, 28, 1, 43.96%, 0, 0, 2, 884.00, 1775431, 40
3147, 0, 0, 28, 28, 1, 43.96%, 0, 0, 2, 880.41, 1779885, 40
3152, 0, 0, 28, 28, 1, 43.96%, 0, 0, 2, 875.58, 1784339, 40
3157, 0, 0, 28, 28, 1, 43.96%, 0, 0, 2, 876.14, 1788776, 40
3162, 0, 0, 28, 28, 1, 43.96%, 0, 0, 2, 874.70, 1793213, 40
3167, 0, 0, 28, 28, 1, 43.96%, 0, 0, 2, 880.46, 1797667, 40
3172, 0, 0, 28, 28, 1, 43.96%, 0, 0, 2, 878.25, 1802138, 40
3177, 0, 0, 28, 28, 1, 43.96%, 0, 0, 2, 875.63, 1806592, 40
3183, 0, 0, 28, 28, 1, 43.96%, 0, 0, 2, 872.55, 1811046, 40
3188, 0, 0, 28, 28, 1, 43.96%, 0, 0, 2, 874.48, 1815466, 40
3193, 0, 0, 28, 28, 1, 43.96%, 0, 0, 2, 875.46, 1819920, 40
3198, 0, 0, 28, 28, 1, 43.96%, 0, 0, 2, 875.03, 1824374, 40
3203, 0, 0, 28, 28, 1, 43.96%, 0, 0, 2, 873.79, 1828794, 40
3208, 0, 0, 28, 28, 1, 43.96%, 0, 0, 2, 877.31, 1833231, 40
3213, 0, 0, 28, 28, 1, 43.96%, 0, 0, 2, 879.10, 1837668, 40
3218, 0, 0, 28, 28, 1, 43.96%, 0, 0, 2, 886.81, 1842122, 40
3223, 0, 0, 28, 28, 1, 43.96%, 0, 0, 2, 879.69, 1846542, 40
3228, 0, 0, 28, 28, 1, 43.96%, 0, 0, 2, 875.24, 1850979, 40
3233, 0, 0, 28, 28, 1, 43.96%, 0, 0, 2, 878.89, 1855416, 40
3238, 0, 0, 28, 28, 1, 43.96%, 0, 0, 2, 864.34, 1859819, 40
3243, 0, 0, 28, 28, 1, 43.96%, 0, 0, 2, 871.65, 1864239, 40
3249, 0, 0, 28, 28, 1, 43.96%, 0, 0, 2, 874.12, 1868676, 40
3254, 0, 0, 28, 28, 1, 43.96%, 0, 0, 2, 877.98, 1873147, 40
3259, 0, 0, 28, 28, 1, 43.96%, 0, 0, 2, 872.51, 1877584, 40
3264, 0, 0, 28, 28, 1, 43.96%, 0, 0, 2, 876.26, 1882038, 40
3269, 0, 0, 28, 28, 1, 43.96%, 0, 0, 2, 879.16, 1886475, 40
3274, 0, 0, 28, 28, 1, 43.96%, 0, 0, 2, 877.21, 1890912, 40
3279, 0, 0, 28, 28, 1, 43.96%, 0, 0, 2, 877.76, 1895383, 40
3284, 0, 0, 28, 28, 1, 43.96%, 0, 0, 2, 877.49, 1899837, 40
3289, 0, 0, 28, 28, 1, 43.96%, 0, 0, 2, 876.40, 1904291, 40
3294, 0, 0, 28, 28, 1, 43.96%, 0, 0, 2, 874.93, 1908728, 40
3299, 0, 0, 28, 28, 1, 43.96%, 0, 0, 2, 874.20, 1913165, 40
3305, 0, 0, 28, 28, 1, 43.96%, 0, 0, 2, 874.04, 1917585, 40
3310, 0, 0, 28, 28, 1, 43.96%, 0, 0, 2, 873.22, 1922022, 40
3315, 0, 0, 28, 28, 1, 43.96%, 0, 0, 2, 875.26, 1926476, 40
3320, 0, 0, 28, 28, 1, 43.96%, 0, 0, 2, 877.91, 1930913, 40
3325, 0, 0, 28, 28, 1, 43.96%, 0, 0, 2, 882.32, 1935367, 40
3330, 0, 0, 28, 28, 1, 43.96%, 0, 0, 2, 878.48, 1939838, 40
3335, 0, 0, 28, 28, 1, 43.96%, 0, 0, 2, 878.25, 1944292, 40
3340, 0, 0, 28, 28, 1, 43.96%, 0, 0, 2, 881.87, 1948746, 40
3345, 0, 0, 28, 28, 1, 43.96%, 0, 0, 2, 874.75, 1953166, 40
3350, 0, 0, 28, 28, 1, 43.96%, 0, 0, 2, 873.77, 1957603, 40
3355, 0, 0, 28, 28, 1, 43.96%, 0, 0, 2, 867.76, 1962040, 40
3360, 0, 0, 28, 28, 1, 43.96%, 0, 0, 2, 869.49, 1966511, 40
3366, 0, 0, 28, 28, 1, 43.96%, 0, 0, 2, 874.81, 1970965, 40
3371, 0, 0, 28, 28, 1, 43.96%, 0, 0, 2, 872.00, 1975402, 40
3376, 0, 0, 28, 28, 1, 43.96%, 0, 0, 2, 869.99, 1979856, 40
3381, 0, 0, 28, 28, 1, 43.96%, 0, 0, 2, 865.05, 1984310, 40
3386, 0, 0, 28, 28, 1, 43.96%, 0, 0, 2, 869.67, 1988747, 40
3391, 0, 0, 28, 28, 1, 43.96%, 0, 0, 2, 870.71, 1993167, 40
3396, 0, 0, 28, 28, 1, 43.96%, 0, 0, 2, 873.34, 1997621, 40
3401, 0, 0, 28, 28, 1, 43.96%, 0, 0, 2, 878.49, 2002075, 40
3406, 0, 0, 28, 28, 1, 43.96%, 0, 0, 2, 875.26, 2006512, 40
3411, 0, 0, 28, 28, 1, 43.96%, 0, 0, 2, 875.52, 2010966, 40
3416, 0, 0, 28, 28, 1, 43.96%, 0, 0, 2, 876.69, 2015403, 40
3421, 0, 0, 28, 28, 1, 43.96%, 0, 0, 2, 879.96, 2019840, 40
3426, 0, 0, 28, 28, 1, 43.96%, 0, 0, 2, 878.12, 2024277, 40
3431, 0, 0, 28, 28, 1, 43.96%, 0, 0, 2, 875.13, 2028714, 40
3436, 0, 0, 28, 28, 1, 43.96%, 0, 0, 2, 874.58, 2033168, 40
3442, 0, 0, 28, 28, 1, 43.96%, 0, 0, 2, 872.10, 2037622, 40
3447, 0, 0, 28, 28, 1, 43.96%, 0, 0, 2, 878.29, 2042076, 40
3452, 0, 0, 28, 28, 1, 43.96%, 0, 0, 2, 878.56, 2046530, 40
3457, 0, 0, 28, 28, 1, 43.96%, 0, 0, 2, 876.72, 2050984, 40
3462, 0, 0, 28, 28, 1, 43.96%, 0, 0, 2, 879.83, 2055438, 40
3467, 0, 0, 28, 28, 1, 43.96%, 0, 0, 2, 877.60, 2059892, 40
3472, 0, 0, 28, 28, 1, 43.96%, 0, 0, 2, 876.60, 2064312, 40
3477, 0, 0, 28, 28, 1, 43.96%, 0, 0, 2, 882.04, 2068766, 40
3482, 0, 0, 28, 28, 1, 43.96%, 0, 0, 2, 880.64, 2073220, 40
3487, 0, 0, 28, 28, 1, 43.96%, 0, 0, 2, 874.90, 2077657, 40
3492, 0, 0, 28, 28, 1, 43.96%, 0, 0, 2, 874.40, 2082111, 40
3497, 0, 0, 28, 28, 1, 43.96%, 0, 0, 2, 876.80, 2086565, 40
3502, 0, 0, 28, 28, 1, 43.96%, 0, 0, 2, 872.60, 2091019, 40
3507, 0, 0, 28, 28, 1, 43.96%, 0, 0, 2, 877.98, 2095473, 40
3512, 0, 0, 28, 28, 1, 43.96%, 0, 0, 2, 877.15, 2099927, 40
3518, 0, 0, 28, 28, 1, 43.96%, 0, 0, 2, 872.90, 2104381, 40
3523, 0, 0, 28, 28, 1, 43.96%, 0, 0, 2, 874.83, 2108835, 40
3528, 0, 0, 28, 28, 1, 43.96%, 0, 0, 2, 874.75, 2113272, 40
3533, 0, 0, 28, 28, 1, 43.96%, 0, 0, 2, 870.41, 2117726, 40
3538, 0, 0, 28, 28, 1, 43.96%, 0, 0, 2, 868.45, 2122180, 40
3543, 0, 0, 28, 28, 1, 43.96%, 0, 0, 2, 871.74, 2126634, 40
3548, 0, 0, 28, 28, 1, 43.96%, 0, 0, 2, 877.84, 2131088, 40
3553, 0, 0, 28, 28, 1, 43.96%, 0, 0, 2, 866.18, 2135457, 40
3558, 0, 0, 28, 28, 1, 43.96%, 0, 0, 2, 869.97, 2139894, 40
3564, 0, 0, 28, 28, 1, 43.96%, 0, 0, 2, 872.74, 2144348, 40
3569, 0, 0, 28, 28, 1, 43.96%, 0, 0, 2, 868.25, 2148768, 40
3574, 0, 0, 28, 28, 1, 43.96%, 0, 0, 2, 874.20, 2153222, 40
3579, 0, 0, 28, 28, 1, 43.96%, 0, 0, 2, 872.80, 2157693, 40
3584, 0, 0, 28, 28, 1, 43.96%, 0, 0, 2, 876.74, 2162147, 40
3589, 0, 0, 28, 28, 1, 43.96%, 0, 0, 2, 878.24, 2166618, 40
3594, 0, 0, 28, 28, 1, 43.96%, 0, 0, 2, 877.61, 2171055, 40
3599, 0, 0, 28, 28, 1, 43.96%, 0, 0, 2, 877.10, 2175509, 40
3604, 0, 0, 28, 28, 1, 43.96%, 0, 0, 2, 879.52, 2179946, 40
3609, 0, 0, 28, 28, 1, 43.96%, 0, 0, 2, 876.53, 2184400, 40
3614, 0, 0, 28, 28, 1, 43.96%, 0, 0, 2, 872.61, 2188837, 40
3620, 0, 0, 28, 28, 1, 43.96%, 0, 0, 2, 875.34, 2193274, 40
3625, 0, 0, 28, 28, 1, 43.96%, 0, 0, 2, 874.11, 2197711, 40
3630, 0, 0, 28, 28, 1, 43.96%, 0, 0, 2, 878.84, 2202182, 40
3635, 0, 0, 28, 28, 1, 43.96%, 0, 0, 2, 876.47, 2206636, 40
3640, 0, 0, 28, 28, 1, 43.96%, 0, 0, 2, 885.79, 2211107, 40
3645, 0, 0, 28, 28, 1, 43.96%, 0, 0, 2, 881.70, 2215561, 40
3650, 0, 0, 28, 28, 1, 43.96%, 0, 0, 2, 881.16, 2219998, 40
3655, 0, 0, 28, 28, 1, 43.96%, 0, 0, 2, 880.26, 2224452, 40
3660, 0, 0, 28, 28, 1, 43.96%, 0, 0, 2, 875.35, 2228872, 40
3665, 0, 0, 28, 28, 1, 43.96%, 0, 0, 2, 871.08, 2233292, 40
3670, 0, 0, 28, 28, 1, 43.96%, 0, 0, 2, 866.37, 2237729, 40
3675, 0, 0, 28, 28, 1, 43.96%, 0, 0, 2, 866.17, 2242183, 40
3681, 0, 0, 28, 28, 1, 43.96%, 0, 0, 2, 867.22, 2246637, 40
3686, 0, 0, 28, 28, 1, 43.96%, 0, 0, 2, 867.39, 2251091, 40
3691, 0, 0, 28, 28, 1, 43.96%, 0, 0, 2, 875.16, 2255545, 40
3696, 0, 0, 28, 28, 1, 43.96%, 0, 0, 2, 872.92, 2259999, 40
3701, 0, 0, 28, 28, 1, 43.96%, 0, 0, 2, 876.35, 2264453, 40
3706, 0, 0, 28, 28, 1, 43.96%, 0, 0, 2, 874.20, 2268890, 40
3711, 0, 0, 28, 28, 1, 43.96%, 0, 0, 2, 867.03, 2273327, 40
3716, 0, 0, 28, 28, 1, 43.96%, 0, 0, 2, 868.77, 2277747, 40
3721, 0, 0, 28, 28, 1, 43.96%, 0, 0, 2, 864.34, 2282184, 40
3726, 0, 0, 28, 28, 1, 43.96%, 0, 0, 2, 866.74, 2286638, 40
3731, 0, 0, 28, 28, 1, 43.96%, 0, 0, 2, 872.02, 2291075, 40
3737, 0, 0, 28, 28, 1, 43.96%, 0, 0, 2, 890.05, 2295716, 40
3742, 0, 0, 28, 28, 1, 43.96%, 0, 0, 2, 884.29, 2300170, 40
3747, 0, 0, 28, 28, 1, 43.96%, 0, 0, 2, 873.03, 2304607, 40
3752, 0, 0, 28, 28, 1, 43.96%, 0, 0, 2, 875.52, 2309078, 40
3757, 0, 0, 28, 28, 1, 43.96%, 0, 0, 2, 876.57, 2313532, 40
3762, 0, 0, 28, 28, 1, 43.96%, 0, 0, 2, 877.11, 2317986, 40
3767, 0, 0, 28, 28, 1, 43.96%, 0, 0, 2, 876.05, 2322440, 40
3772, 0, 0, 28, 28, 1, 43.96%, 0, 0, 2, 871.45, 2326877, 40
3777, 0, 0, 28, 28, 1, 43.96%, 0, 0, 2, 873.64, 2331331, 40
3782, 0, 0, 28, 28, 1, 43.96%, 0, 0, 2, 873.10, 2335751, 40
3787, 0, 0, 28, 28, 1, 43.96%, 0, 0, 2, 872.52, 2340205, 40
3793, 0, 0, 28, 28, 1, 43.96%, 0, 0, 2, 875.74, 2344659, 40
3798, 0, 0, 28, 28, 1, 43.96%, 0, 0, 2, 879.91, 2349113, 40
3803, 0, 0, 28, 28, 1, 43.96%, 0, 0, 2, 881.11, 2353567, 40
3808, 0, 0, 28, 28, 1, 43.96%, 0, 0, 2, 877.30, 2358004, 40
3813, 0, 0, 28, 28, 1, 43.96%, 0, 0, 2, 877.76, 2362458, 40
3818, 0, 0, 28, 28, 1, 43.96%, 0, 0, 2, 874.42, 2366878, 40
3823, 0, 0, 28, 28, 1, 43.96%, 0, 0, 2, 871.81, 2371315, 40
3828, 0, 0, 28, 28, 1, 43.96%, 0, 0, 2, 877.32, 2375769, 40
3833, 0, 0, 28, 28, 1, 43.96%, 0, 0, 2, 881.26, 2380206, 40
3838, 0, 0, 28, 28, 1, 43.96%, 0, 0, 2, 878.43, 2384643, 40
3843, 0, 0, 28, 28, 1, 43.96%, 0, 0, 2, 883.20, 2389097, 40
3848, 0, 0, 28, 28, 1, 43.96%, 0, 0, 2, 885.50, 2393551, 40
3853, 0, 0, 28, 28, 1, 43.96%, 0, 0, 2, 887.60, 2398005, 40
3858, 0, 0, 28, 28, 1, 43.96%, 0, 0, 2, 881.88, 2402459, 40
3863, 0, 0, 28, 28, 1, 43.96%, 0, 0, 2, 883.09, 2406913, 40
3868, 0, 0, 28, 28, 1, 43.96%, 0, 0, 2, 884.59, 2411367, 40
3873, 0, 0, 28, 28, 1, 43.96%, 0, 0, 2, 885.35, 2415821, 40
3878, 0, 0, 28, 28, 1, 43.96%, 0, 0, 2, 887.58, 2420275, 40
3884, 0, 0, 28, 28, 1, 43.96%, 0, 0, 2, 885.19, 2424729, 40
3889, 0, 0, 28, 28, 1, 43.96%, 0, 0, 2, 879.64, 2429183, 40
3894, 0, 0, 28, 28, 1, 43.96%, 0, 0, 2, 881.69, 2433637, 40
3899, 0, 0, 28, 28, 1, 43.96%, 0, 0, 2, 878.45, 2438074, 40
3904, 0, 0, 28, 28, 1, 43.96%, 0, 0, 2, 880.47, 2442528, 40
3909, 0, 0, 28, 28, 1, 43.96%, 0, 0, 2, 878.57, 2446948, 40
3914, 0, 0, 28, 28, 1, 43.96%, 0, 0, 2, 878.28, 2451402, 40
3919, 0, 0, 28, 28, 1, 43.96%, 0, 0, 2, 883.35, 2455839, 40
3924, 0, 0, 28, 28, 1, 43.96%, 0, 0, 2, 882.93, 2460293, 40
3929, 0, 0, 28, 28, 1, 43.96%, 0, 0, 2, 884.40, 2464747, 40
3934, 0, 0, 28, 28, 1, 43.96%, 0, 0, 2, 884.18, 2469201, 40
3939, 0, 0, 28, 28, 1, 43.96%, 0, 0, 2, 885.83, 2473655, 40
3944, 0, 0, 28, 28, 1, 43.96%, 0, 0, 2, 885.72, 2478126, 40
3949, 0, 0, 28, 28, 1, 43.96%, 0, 0, 2, 885.24, 2482580, 40
3954, 0, 0, 28, 28, 1, 43.96%, 0, 0, 2, 884.75, 2487034, 40
3959, 0, 0, 28, 28, 1, 43.96%, 0, 0, 2, 888.99, 2491488, 40
3964, 0, 0, 28, 28, 1, 43.96%, 0, 0, 2, 882.49, 2495925, 40
3970, 0, 0, 28, 28, 1, 43.96%, 0, 0, 2, 882.42, 2500413, 40
3975, 0, 0, 28, 28, 1, 43.96%, 0, 0, 2, 888.15, 2504867, 40
3980, 0, 0, 28, 28, 1, 43.96%, 0, 0, 2, 885.09, 2509321, 40
3985, 0, 0, 28, 28, 1, 43.96%, 0, 0, 2, 882.55, 2513758, 40
3990, 0, 0, 28, 28, 1, 43.96%, 0, 0, 2, 883.85, 2518212, 40
3995, 0, 0, 28, 28, 1, 43.96%, 0, 0, 2, 879.86, 2522666, 40
4000, 0, 0, 28, 28, 1, 43.96%, 0, 0, 2, 881.11, 2527120, 40
4005, 0, 0, 28, 28, 1, 43.96%, 0, 0, 2, 886.91, 2531608, 40
4010, 0, 0, 28, 28, 1, 43.96%, 0, 0, 2, 883.56, 2536062, 40
4015, 0, 0, 28, 28, 1, 43.96%, 0, 0, 2, 887.15, 2540516, 40
4020, 0, 0, 28, 28, 1, 43.96%, 0, 0, 2, 891.79, 2544970, 40
4025, 0, 0, 28, 28, 1, 43.96%, 0, 0, 2, 889.45, 2549407, 40
4030, 0, 0, 28, 28, 1, 43.96%, 0, 0, 2, 882.85, 2553861, 40
4035, 0, 0, 28, 28, 1, 43.96%, 0, 0, 2, 891.50, 2558315, 40
4040, 0, 0, 28, 28, 1, 43.96%, 0, 0, 2, 885.62, 2562769, 40
4045, 0, 0, 28, 28, 1, 43.96%, 0, 0, 2, 891.57, 2567223, 40
4050, 0, 0, 29, 29, 1, 45.05%, 0, 0, 2, 893.46, 2571684, 41
4055, 0, 0, 29, 29, 1, 45.05%, 0, 0, 2, 886.65, 2576138, 41
4060, 0, 0, 29, 29, 1, 45.05%, 0, 0, 2, 878.02, 2580558, 41
4065, 0, 0, 29, 29, 1, 45.05%, 0, 0, 2, 872.30, 2584978, 41
4070, 0, 0, 29, 29, 1, 45.05%, 0, 0, 2, 875.44, 2589415, 41
4075, 0, 0, 29, 29, 1, 45.05%, 0, 0, 2, 875.14, 2593869, 41
4080, 0, 0, 29, 29, 1, 45.05%, 0, 0, 2, 876.76, 2598323, 41
4086, 0, 0, 29, 29, 1, 45.05%, 0, 0, 2, 876.30, 2602794, 41
4091, 0, 0, 29, 29, 1, 45.05%, 0, 0, 2, 879.42, 2607248, 41
4096, 0, 0, 29, 29, 1, 45.05%, 0, 0, 2, 873.47, 2611685, 41
4101, 0, 0, 29, 29, 1, 45.05%, 0, 0, 2, 877.44, 2616139, 41
4106, 0, 0, 29, 29, 1, 45.05%, 0, 0, 2, 878.75, 2620593, 41
4111, 0, 0, 29, 29, 1, 45.05%, 0, 0, 2, 878.62, 2625047, 41
4116, 0, 0, 29, 29, 1, 45.05%, 0, 0, 2, 868.66, 2629467, 41
4121, 0, 0, 29, 29, 1, 45.05%, 0, 0, 2, 873.67, 2633921, 41
4126, 0, 0, 29, 29, 1, 45.05%, 0, 0, 2, 880.40, 2638375, 41
4131, 0, 0, 29, 29, 1, 45.05%, 0, 0, 2, 877.68, 2642812, 41
4136, 0, 0, 29, 29, 1, 45.05%, 0, 0, 2, 874.32, 2647266, 41
4141, 0, 0, 29, 29, 1, 45.05%, 0, 0, 2, 875.50, 2651720, 41
4146, 0, 0, 29, 29, 1, 45.05%, 0, 0, 2, 871.92, 2656174, 41
4151, 0, 0, 29, 29, 1, 45.05%, 0, 0, 2, 872.18, 2660611, 41
4156, 0, 0, 29, 29, 1, 45.05%, 0, 0, 2, 878.06, 2665065, 41
4161, 0, 0, 29, 29, 1, 45.05%, 0, 0, 2, 880.39, 2669502, 41
4166, 0, 0, 29, 29, 1, 45.05%, 0, 0, 2, 881.07, 2673973, 41
4171, 0, 0, 29, 29, 1, 45.05%, 0, 0, 2, 878.03, 2678410, 41
4176, 0, 0, 29, 29, 1, 45.05%, 0, 0, 2, 878.30, 2682847, 41
4181, 0, 0, 29, 29, 1, 45.05%, 0, 0, 2, 879.50, 2687284, 41
4187, 0, 0, 29, 29, 1, 45.05%, 0, 0, 2, 883.11, 2691738, 41
4192, 0, 0, 29, 29, 1, 45.05%, 0, 0, 2, 881.88, 2696209, 41
4197, 0, 0, 29, 29, 1, 45.05%, 0, 0, 2, 877.44, 2700663, 41
4202, 0, 0, 29, 29, 1, 45.05%, 0, 0, 2, 873.30, 2705100, 41
4207, 0, 0, 29, 29, 1, 45.05%, 0, 0, 2, 872.16, 2709554, 41
4212, 0, 0, 29, 29, 1, 45.05%, 0, 0, 2, 875.03, 2713991, 41
4217, 0, 0, 29, 29, 1, 45.05%, 0, 0, 2, 879.02, 2718445, 41
4222, 0, 0, 29, 29, 1, 45.05%, 0, 0, 2, 875.99, 2722899, 41
4227, 0, 0, 29, 29, 1, 45.05%, 0, 0, 2, 876.04, 2727353, 41
4232, 0, 0, 29, 29, 1, 45.05%, 0, 0, 2, 874.95, 2731790, 41
4237, 0, 0, 29, 29, 1, 45.05%, 0, 0, 2, 875.27, 2736244, 41
4242, 0, 0, 29, 29, 1, 45.05%, 0, 0, 2, 874.16, 2740681, 41
4247, 0, 0, 29, 29, 1, 45.05%, 0, 0, 2, 865.75, 2745118, 41
4253, 0, 0, 29, 29, 1, 45.05%, 0, 0, 2, 868.43, 2749538, 41
4258, 0, 0, 29, 29, 1, 45.05%, 0, 0, 2, 875.12, 2753992, 41
4263, 0, 0, 29, 29, 1, 45.05%, 0, 0, 2, 878.06, 2758429, 41
4268, 0, 0, 29, 29, 1, 45.05%, 0, 0, 2, 873.43, 2762866, 41
4273, 0, 0, 29, 29, 1, 45.05%, 0, 0, 2, 870.68, 2767337, 41
4278, 0, 0, 29, 29, 1, 45.05%, 0, 0, 2, 875.03, 2771774, 41
4283, 0, 0, 29, 29, 1, 45.05%, 0, 0, 2, 882.44, 2776245, 41
4288, 0, 0, 29, 29, 1, 45.05%, 0, 0, 2, 880.05, 2780699, 41
4293, 0, 0, 29, 29, 1, 45.05%, 0, 0, 2, 883.08, 2785153, 41
4298, 0, 0, 29, 29, 1, 45.05%, 0, 0, 2, 879.48, 2789590, 41
4303, 0, 0, 29, 29, 1, 45.05%, 0, 0, 2, 883.97, 2794044, 41
4308, 0, 0, 29, 29, 1, 45.05%, 0, 0, 2, 877.07, 2798498, 41
4313, 0, 0, 29, 29, 1, 45.05%, 0, 0, 2, 881.71, 2802935, 41
4318, 0, 0, 29, 29, 1, 45.05%, 0, 0, 2, 877.22, 2807372, 41
4324, 0, 0, 29, 29, 1, 45.05%, 0, 0, 2, 878.64, 2811826, 41
4329, 0, 0, 29, 29, 1, 45.05%, 0, 0, 2, 877.18, 2816280, 41
4334, 0, 0, 29, 29, 1, 45.05%, 0, 0, 2, 895.36, 2820751, 41
4339, 0, 0, 29, 29, 1, 45.05%, 0, 0, 2, 900.82, 2825415, 41
4344, 0, 0, 29, 29, 1, 45.05%, 0, 0, 2, 886.49, 2829880, 41
4349, 0, 0, 29, 29, 1, 45.05%, 0, 0, 2, 881.12, 2834334, 41
4354, 0, 0, 29, 29, 1, 45.05%, 0, 0, 2, 887.90, 2838788, 41
4359, 0, 0, 29, 29, 1, 45.05%, 0, 0, 2, 890.11, 2843242, 41
4364, 0, 0, 29, 29, 1, 45.05%, 0, 0, 2, 878.92, 2847645, 41
4369, 0, 0, 29, 29, 1, 45.05%, 0, 0, 2, 877.88, 2852116, 41
4374, 0, 0, 29, 29, 1, 45.05%, 0, 0, 2, 880.88, 2856553, 41
4379, 0, 0, 29, 29, 1, 45.05%, 0, 0, 2, 879.79, 2861007, 41
4384, 0, 0, 29, 29, 1, 45.05%, 0, 0, 2, 875.02, 2865427, 41
4389, 0, 0, 29, 29, 1, 45.05%, 0, 0, 2, 870.46, 2869864, 41
4394, 0, 0, 29, 29, 1, 45.05%, 0, 0, 2, 890.57, 2874335, 41
4400, 0, 0, 29, 29, 1, 45.05%, 0, 0, 2, 885.81, 2878823, 41
4405, 0, 0, 29, 29, 1, 45.05%, 0, 0, 2, 886.30, 2883277, 41
4410, 0, 0, 29, 29, 1, 45.05%, 0, 0, 2, 885.59, 2887731, 41
4415, 0, 0, 29, 29, 1, 45.05%, 0, 0, 2, 889.87, 2892185, 41
4420, 0, 0, 29, 29, 1, 45.05%, 0, 0, 2, 877.78, 2896605, 41
4425, 0, 0, 29, 29, 1, 45.05%, 0, 0, 2, 882.63, 2901042, 41
4430, 0, 0, 29, 29, 1, 45.05%, 0, 0, 2, 884.47, 2905496, 41
4435, 0, 0, 29, 29, 1, 45.05%, 0, 0, 2, 884.16, 2909950, 41
4440, 0, 0, 29, 29, 1, 45.05%, 0, 0, 2, 879.66, 2914387, 41
4445, 0, 0, 29, 29, 1, 45.05%, 0, 0, 2, 881.27, 2918841, 41
4450, 0, 0, 30, 30, 1, 45.05%, 0, 0, 2, 883.85, 2923302, 41
4455, 0, 0, 30, 30, 1, 45.05%, 0, 0, 2, 887.19, 2927739, 41
4460, 0, 0, 30, 30, 1, 45.05%, 0, 0, 2, 888.34, 2932193, 41
4465, 0, 0, 30, 30, 1, 45.05%, 0, 0, 2, 884.41, 2936647, 41
4470, 0, 0, 30, 30, 1, 45.05%, 0, 0, 2, 885.72, 2941118, 41
4475, 0, 0, 30, 30, 1, 45.05%, 0, 0, 2, 883.29, 2945555, 41
4480, 0, 0, 30, 30, 1, 45.05%, 0, 0, 2, 885.29, 2949992, 41
4485, 0, 0, 30, 30, 1, 45.05%, 0, 0, 2, 870.93, 2954378, 41
4490, 0, 0, 30, 30, 1, 45.05%, 0, 0, 2, 872.18, 2958832, 41
4495, 0, 0, 30, 30, 1, 45.05%, 0, 0, 2, 870.29, 2963269, 41
4500, 0, 0, 30, 30, 1, 45.05%, 0, 0, 2, 875.92, 2967706, 41
4506, 0, 0, 30, 30, 1, 45.05%, 0, 0, 2, 870.99, 2972160, 41
4511, 0, 0, 30, 30, 1, 45.05%, 0, 0, 2, 877.40, 2976614, 41
4516, 0, 0, 30, 30, 1, 45.05%, 0, 0, 2, 873.59, 2981051, 41
4521, 0, 0, 30, 30, 1, 45.05%, 0, 0, 2, 874.28, 2985488, 41
4526, 0, 0, 30, 30, 1, 45.05%, 0, 0, 2, 874.96, 2989908, 41
4531, 0, 0, 30, 30, 1, 45.05%, 0, 0, 2, 875.17, 2994362, 41
4536, 0, 0, 30, 30, 1, 45.05%, 0, 0, 2, 881.22, 2998816, 41
4541, 0, 0, 30, 30, 1, 45.05%, 0, 0, 2, 878.70, 3003253, 41
4546, 0, 0, 30, 30, 1, 45.05%, 0, 0, 2, 876.91, 3007707, 41
4551, 0, 0, 30, 30, 1, 45.05%, 0, 0, 2, 873.92, 3012144, 41
4556, 0, 0, 30, 30, 1, 45.05%, 0, 0, 2, 875.23, 3016564, 41
4561, 0, 0, 30, 30, 1, 45.05%, 0, 0, 2, 879.76, 3021035, 41
4566, 0, 0, 30, 30, 1, 45.05%, 0, 0, 2, 881.83, 3025489, 41
4571, 0, 0, 30, 30, 1, 45.05%, 0, 0, 2, 880.03, 3029943, 41
4576, 0, 0, 30, 30, 1, 45.05%, 0, 0, 2, 881.06, 3034414, 41
4581, 0, 0, 30, 30, 1, 45.05%, 0, 0, 2, 874.80, 3038834, 41
4586, 0, 0, 30, 30, 1, 45.05%, 0, 0, 2, 882.72, 3043288, 41
4591, 0, 0, 30, 30, 1, 45.05%, 0, 0, 2, 880.79, 3047742, 41
4596, 0, 0, 30, 30, 1, 45.05%, 0, 0, 2, 883.56, 3052179, 41
4601, 0, 0, 30, 30, 1, 45.05%, 0, 0, 2, 879.97, 3056633, 41
4606, 0, 0, 30, 30, 1, 45.05%, 0, 0, 2, 877.90, 3061087, 41
4611, 0, 0, 30, 30, 1, 45.05%, 0, 0, 2, 876.38, 3065541, 41
4616, 0, 0, 30, 30, 1, 45.05%, 0, 0, 2, 877.93, 3069978, 41
4622, 0, 0, 30, 30, 1, 45.05%, 0, 0, 2, 875.25, 3074415, 41
4627, 0, 0, 30, 30, 1, 45.05%, 0, 0, 2, 881.13, 3078886, 41
4632, 0, 0, 30, 30, 1, 45.05%, 0, 0, 2, 874.01, 3083323, 41
4637, 0, 0, 30, 30, 1, 45.05%, 0, 0, 2, 880.47, 3087777, 41
4642, 0, 0, 30, 30, 1, 45.05%, 0, 0, 2, 880.63, 3092231, 41
4647, 0, 0, 30, 30, 1, 45.05%, 0, 0, 2, 875.21, 3096685, 41
4652, 0, 0, 30, 30, 1, 45.05%, 0, 0, 2, 874.91, 3101122, 41
4657, 0, 0, 30, 30, 1, 45.05%, 0, 0, 2, 887.32, 3105763, 41
4662, 0, 0, 30, 30, 1, 45.05%, 0, 0, 2, 881.09, 3110217, 41
4667, 0, 0, 30, 30, 1, 45.05%, 0, 0, 2, 880.63, 3114688, 41
4672, 0, 29, 41, 39, 8, 45.05%, 0, 0, 3, 871.43, 3119017, 41
4677, 0, 29, 43, 41, 8, 45.05%, 0, 0, 3, 868.70, 3123434, 41
4679, 0, 29, 44, 42, 8, 45.05%, 1, 0, 3, 0.00, 3124853, 41
