# relative_time, cycles_done, cur_item, corpus_count, pending_total, pending_favs, map_size, saved_crashes, saved_hangs, max_depth, execs_per_sec, total_execs, edges_found
73, 0, 0, 18, 18, 1, 27.18%, 0, 0, 2, 0.04, 1864, 28
78, 0, 0, 18, 18, 1, 27.18%, 0, 0, 2, 291.67, 1931, 28
89, 0, 0, 21, 21, 1, 31.07%, 0, 0, 2, 3.62, 3391, 32
122, 0, 0, 21, 21, 1, 31.07%, 0, 0, 2, 0.12, 3395, 32
127, 0, 0, 22, 22, 1, 31.07%, 0, 0, 2, 506.10, 4477, 32
176, 0, 0, 22, 22, 1, 31.07%, 0, 0, 2, 1.59, 5983, 32
181, 0, 0, 22, 22, 1, 31.07%, 0, 0, 2, 462.20, 8350, 32
222, 0, 0, 22, 22, 1, 31.07%, 0, 0, 2, 0.22, 8683, 32
264, 0, 0, 22, 22, 1, 31.07%, 0, 0, 2, 0.70, 9916, 32
269, 0, 0, 22, 22, 1, 31.07%, 0, 0, 2, 503.33, 12477, 32
306, 0, 0, 22, 22, 1, 31.07%, 0, 0, 2, 0.22, 12625, 32
346, 0, 0, 22, 22, 1, 31.07%, 0, 0, 2, 1.37, 14367, 32
351, 0, 0, 22, 22, 1, 31.07%, 0, 0, 2, 461.86, 16675, 32
384, 0, 0, 22, 22, 1, 31.07%, 0, 0, 2, 0.84, 17026, 32
420, 0, 0, 22, 22, 1, 31.07%, 0, 0, 2, 3.27, 18241, 32
455, 0, 0, 23, 23, 1, 32.04%, 0, 0, 2, 0.29, 20624, 33
487, 0, 0, 23, 23, 1, 32.04%, 0, 0, 2, 3.63, 21394, 33
492, 0, 0, 26, 26, 1, 33.98%, 0, 0, 2, 461.01, 23741, 35
522, 0, 0, 27, 27, 1, 34.95%, 0, 0, 2, 2.04, 24126, 36
527, 0, 0, 27, 27, 1, 34.95%, 0, 0, 2, 478.70, 26592, 36
557, 0, 0, 27, 27, 1, 34.95%, 0, 0, 2, 3.37, 26979, 36
592, 0, 0, 27, 27, 1, 34.95%, 0, 0, 2, 1.25, 28152, 36
597, 0, 0, 27, 27, 1, 34.95%, 0, 0, 2, 476.86, 30561, 36
626, 0, 0, 27, 27, 1, 34.95%, 0, 0, 2, 2.23, 30912, 36
656, 0, 0, 27, 27, 1, 34.95%, 0, 0, 2, 3.69, 33002, 36
665, 0, 0, 27, 27, 1, 34.95%, 0, 0, 2, 19.83, 34766, 36
680, 0, 0, 27, 27, 1, 34.95%, 0, 0, 2, 0.65, 34776, 36
713, 0, 0, 27, 27, 1, 34.95%, 0, 0, 2, 3.46, 36966, 36
718, 0, 0, 27, 27, 1, 34.95%, 0, 0, 2, 592.77, 40074, 36
740, 0, 0, 27, 27, 1, 34.95%, 0, 0, 2, 0.74, 40282, 36
748, 0, 0, 28, 28, 1, 35.92%, 0, 0, 2, 10.25, 42003, 37
762, 0, 0, 28, 28, 1, 35.92%, 0, 0, 2, 0.22, 42006, 37
788, 0, 0, 29, 29, 1, 36.89%, 0, 0, 2, 2.20, 45044, 38
793, 0, 0, 30, 30, 1, 37.86%, 0, 0, 2, 667.43, 48341, 39
817, 0, 0, 30, 30, 1, 37.86%, 0, 0, 2, 0.57, 48666, 39
837, 0, 0, 30, 30, 1, 37.86%, 0, 0, 2, 4.11, 51075, 39
842, 0, 16, 31, 29, 10, 38.83%, 0, 0, 2, 773.76, 54939, 40
864, 0, 16, 37, 35, 10, 38.83%, 0, 0, 3, 4.53, 55380, 40
892, 0, 42, 44, 34, 6, 39.81%, 0, 0, 4, 2.50, 59393, 41
897, 0, 45, 53, 34, 0, 39.81%, 0, 0, 4, 784.95, 63245, 41
916, 0, 45, 54, 35, 0, 40.78%, 0, 0, 4, 3.41, 63972, 42
933, 0, 45, 58, 39, 0, 43.69%, 0, 0, 4, 2.86, 66560, 45
946, 0, 53, 59, 36, 1, 44.66%, 0, 0, 5, 3.80, 69049, 46
954, 0, 53, 59, 36, 1, 44.66%, 0, 0, 5, 3.94, 69073, 46
959, 0, 47, 66, 42, 0, 44.66%, 0, 0, 5, 760.87, 72857, 46
969, 0, 46, 66, 41, 0, 44.66%, 0, 0, 5, 4.60, 73749, 46
974, 0, 61, 68, 43, 0, 44.66%, 0, 0, 5, 762.45, 77550, 46
980, 0, 61, 68, 43, 0, 44.66%, 0, 0, 5, 18.34, 78120, 46
991, 0, 61, 68, 43, 0, 44.66%, 0, 0, 5, 0.66, 78127, 46
1006, 0, 58, 70, 44, 0, 45.63%, 0, 0, 6, 3.95, 81206, 47
1026, 0, 58, 71, 45, 0, 46.60%, 0, 0, 6, 5.46, 84713, 48
1040, 0, 70, 75, 45, 0, 46.60%, 0, 0, 7, 6.63, 88493, 48
1045, 0, 25, 75, 45, 0, 46.60%, 0, 0, 7, 753.83, 92332, 48
1051, 0, 67, 75, 45, 0, 46.60%, 0, 0, 7, 35.78, 92843, 48
1064, 0, 67, 75, 45, 0, 46.60%, 0, 0, 7, 0.07, 92844, 48
1069, 0, 67, 77, 47, 0, 46.60%, 0, 0, 7, 828.50, 97090, 48
1078, 0, 65, 77, 47, 0, 46.60%, 0, 0, 7, 18.67, 97600, 48
1097, 0, 69, 78, 48, 0, 46.60%, 0, 0, 7, 6.50, 99797, 48
1102, 0, 42, 78, 48, 0, 46.60%, 0, 0, 7, 835.59, 104084, 48
1115, 0, 27, 78, 48, 0, 46.60%, 0, 0, 7, 9.47, 105019, 48
1120, 0, 42, 78, 47, 0, 46.60%, 0, 0, 7, 799.49, 109183, 48
1130, 0, 67, 78, 47, 0, 46.60%, 0, 0, 7, 7.53, 109607, 48
1147, 0, 38, 80, 49, 0, 46.60%, 0, 0, 7, 1.25, 112821, 48
1152, 0, 27, 81, 50, 0, 46.60%, 0, 0, 7, 806.62, 116951, 48
1157, 0, 38, 81, 50, 0, 46.60%, 0, 0, 7, 835.14, 118897, 48
1170, 0, 70, 81, 50, 0, 46.60%, 0, 0, 7, 7.42, 120895, 48
1176, 1, 53, 86, 55, 0, 46.60%, 0, 0, 7, 797.39, 125151, 48
1181, 1, 67, 86, 55, 0, 46.60%, 0, 0, 7, 824.22, 127710, 48
1190, 1, 56, 86, 55, 0, 46.60%, 0, 0, 7, 5.82, 128366, 48
1195, 1, 14, 87, 56, 0, 46.60%, 0, 0, 7, 824.51, 132664, 48
1205, 1, 67, 87, 54, 0, 46.60%, 0, 0, 7, 9.91, 134222, 48
1210, 1, 16, 88, 54, 0, 46.60%, 0, 0, 7, 827.64, 138487, 48
1219, 1, 67, 88, 54, 0, 46.60%, 0, 0, 7, 19.65, 139914, 48
1224, 1, 53, 89, 55, 0, 46.60%, 0, 0, 7, 819.27, 144138, 48
1229, 1, 27, 89, 55, 0, 46.60%, 0, 0, 7, 0.92, 145290, 48
1238, 1, 70, 89, 55, 0, 46.60%, 0, 0, 7, 16.50, 148083, 48
1240, 1, 40, 89, 55, 0, 46.60%, 1, 0, 7, 0.00, 149586, 48
