# relative_time, cycles_done, cur_item, corpus_count, pending_total, pending_favs, map_size, saved_crashes, saved_hangs, max_depth, execs_per_sec, total_execs, edges_found
77, 0, 0, 8, 6, 0, 29.47%, 0, 0, 2, 0.25, 1684, 28
78, 0, 0, 8, 6, 0, 29.47%, 0, 0, 2, 280.63, 1758, 28
89, 0, 0, 8, 6, 0, 29.47%, 0, 0, 2, 8.89, 3154, 28
122, 0, 0, 8, 6, 0, 29.47%, 0, 0, 2, 0.18, 3160, 28
127, 0, 0, 9, 7, 0, 29.47%, 0, 0, 2, 506.09, 4235, 28
170, 0, 3, 9, 6, 1, 29.47%, 0, 0, 2, 1.21, 5817, 28
175, 0, 3, 9, 6, 1, 29.47%, 0, 0, 2, 1.16, 5819, 28
180, 0, 7, 14, 10, 0, 31.58%, 0, 0, 3, 497.74, 8295, 30
222, 0, 7, 14, 10, 0, 31.58%, 0, 0, 3, 2.46, 8745, 30
263, 0, 7, 14, 10, 0, 31.58%, 0, 0, 3, 0.08, 10198, 30
268, 0, 9, 14, 7, 0, 31.58%, 0, 0, 3, 588.39, 13151, 30
306, 0, 13, 14, 7, 0, 31.58%, 0, 0, 3, 0.57, 13373, 30
346, 0, 13, 17, 10, 0, 32.63%, 0, 0, 4, 3.15, 15409, 31
351, 0, 13, 18, 10, 0, 33.68%, 0, 0, 4, 540.74, 18066, 32
384, 0, 13, 18, 10, 0, 33.68%, 0, 0, 4, 3.36, 18539, 32
419, 0, 17, 18, 9, 0, 33.68%, 0, 0, 4, 1.00, 19966, 32
455, 0, 17, 21, 11, 0, 36.84%, 0, 0, 5, 3.58, 22735, 35
486, 0, 17, 21, 11, 0, 36.84%, 0, 0, 5, 3.96, 23618, 35
491, 0, 20, 23, 12, 0, 37.89%, 0, 0, 6, 536.16, 26350, 36
522, 0, 20, 23, 12, 0, 37.89%, 0, 0, 6, 2.01, 26790, 36
527, 0, 20, 23, 12, 0, 37.89%, 0, 0, 6, 553.44, 29606, 36
557, 0, 20, 25, 14, 0, 38.95%, 0, 0, 6, 3.98, 30040, 37
591, 0, 20, 31, 20, 0, 42.11%, 0, 0, 6, 2.06, 31382, 40
596, 0, 24, 36, 23, 2, 42.11%, 0, 0, 7, 542.93, 34169, 40
625, 0, 24, 36, 23, 2, 42.11%, 0, 0, 7, 1.78, 34539, 40
656, 0, 24, 36, 23, 2, 42.11%, 0, 0, 7, 3.18, 36909, 40
664, 0, 33, 38, 23, 0, 43.16%, 0, 0, 8, 2.23, 38885, 41
680, 0, 33, 38, 23, 0, 43.16%, 0, 0, 8, 2.14, 38895, 41
712, 0, 33, 39, 24, 0, 43.16%, 0, 0, 8, 4.19, 41388, 41
717, 0, 33, 39, 24, 0, 43.16%, 0, 0, 8, 664.53, 44818, 41
740, 0, 30, 40, 24, 0, 43.16%, 0, 0, 8, 1.11, 45100, 41
747, 0, 30, 40, 24, 0, 43.16%, 0, 0, 8, 12.77, 46848, 41
761, 0, 30, 40, 24, 0, 43.16%, 0, 0, 8, 0.51, 46855, 41
769, 0, 30, 41, 25, 0, 43.16%, 0, 0, 8, 42.24, 50025, 41
788, 0, 30, 41, 25, 0, 43.16%, 0, 0, 8, 0.25, 50027, 41
793, 0, 17, 44, 28, 0, 43.16%, 0, 0, 8, 679.03, 53382, 41
801, 0, 17, 45, 29, 0, 43.16%, 0, 0, 8, 5.52, 53733, 41
816, 0, 17, 45, 29, 0, 43.16%, 0, 0, 8, 0.47, 53740, 41
836, 0, 17, 46, 30, 0, 43.16%, 0, 0, 8, 1.70, 56079, 41
841, 0, 21, 47, 31, 0, 43.16%, 0, 0, 8, 737.81, 59774, 41
863, 0, 21, 47, 31, 0, 43.16%, 0, 0, 8, 2.81, 60146, 41
892, 0, 17, 47, 31, 0, 43.16%, 0, 0, 8, 1.80, 63993, 41
897, 0, 37, 49, 33, 0, 43.16%, 0, 0, 9, 757.25, 67762, 41
915, 0, 37, 49, 33, 0, 43.16%, 0, 0, 9, 4.28, 68495, 41
921, 0, 17, 49, 33, 0, 43.16%, 0, 0, 9, 40.57, 71026, 41
933, 0, 17, 49, 33, 0, 43.16%, 0, 0, 9, 0.08, 71027, 41
946, 0, 14, 52, 36, 0, 43.16%, 0, 0, 9, 4.19, 73497, 41
953, 0, 14, 52, 36, 0, 43.16%, 0, 0, 9, 4.11, 73517, 41
958, 0, 14, 52, 36, 0, 43.16%, 0, 0, 9, 728.14, 77272, 41
969, 0, 17, 52, 36, 0, 43.16%, 0, 0, 9, 9.87, 78004, 41
974, 0, 17, 52, 36, 0, 43.16%, 0, 0, 9, 746.76, 81857, 41
980, 0, 17, 52, 36, 0, 43.16%, 0, 0, 9, 0.18, 82251, 41
991, 0, 17, 52, 36, 0, 43.16%, 0, 0, 9, 0.17, 82252, 41
1006, 0, 17, 53, 37, 0, 43.16%, 0, 0, 9, 14.78, 85210, 41
1026, 0, 30, 53, 37, 0, 43.16%, 0, 0, 9, 6.21, 88641, 41
1040, 1, 17, 53, 37, 0, 43.16%, 0, 0, 9, 6.59, 92301, 41
1045, 1, 17, 59, 43, 0, 43.16%, 0, 0, 9, 744.10, 96155, 41
1064, 1, 17, 59, 43, 0, 43.16%, 0, 0, 9, 0.77, 96499, 41
1069, 1, 17, 61, 44, 0, 43.16%, 0, 0, 9, 775.21, 100480, 41
1078, 1, 17, 61, 44, 0, 43.16%, 0, 0, 9, 17.63, 100963, 41
1097, 1, 17, 63, 46, 0, 43.16%, 0, 0, 9, 5.55, 103028, 41
1102, 1, 17, 65, 48, 0, 43.16%, 0, 0, 9, 787.04, 107114, 41
1114, 1, 14, 65, 48, 0, 43.16%, 0, 0, 9, 9.98, 107947, 41
1120, 1, 21, 67, 49, 0, 43.16%, 0, 0, 9, 750.93, 111765, 41
1129, 1, 21, 67, 49, 0, 43.16%, 0, 0, 9, 12.35, 112211, 41
1146, 1, 17, 68, 50, 0, 43.16%, 0, 0, 9, 8.80, 115259, 41
1151, 1, 51, 68, 50, 0, 43.16%, 0, 0, 9, 754.20, 119004, 41
1156, 1, 37, 69, 51, 0, 43.16%, 0, 0, 9, 776.24, 120789, 41
1164, 1, 68, 71, 53, 0, 44.21%, 0, 0, 10, 5.44, 122778, 42
1170, 1, 68, 71, 53, 0, 44.21%, 0, 0, 10, 0.87, 122783, 42
1175, 1, 71, 72, 52, 1, 45.26%, 0, 0, 10, 771.38, 126491, 43
1175, 1, 71, 73, 53, 1, 45.26%, 1, 0, 11, 0.00, 126712, 43
