# relative_time, cycles_done, cur_item, corpus_count, pending_total, pending_favs, map_size, saved_crashes, saved_hangs, max_depth, execs_per_sec, total_execs, edges_found
73, 0, 0, 10, 8, 0, 24.21%, 0, 0, 2, 0.04, 1774, 23
79, 0, 0, 10, 8, 0, 24.21%, 0, 0, 2, 480.00, 1873, 23
90, 0, 0, 10, 8, 0, 24.21%, 0, 0, 2, 1.82, 3030, 23
122, 0, 0, 10, 8, 0, 24.21%, 0, 0, 2, 0.15, 3035, 23
128, 0, 0, 10, 8, 0, 24.21%, 0, 0, 2, 372.42, 3814, 23
176, 0, 0, 10, 8, 0, 24.21%, 0, 0, 2, 1.20, 4975, 23
181, 0, 0, 14, 12, 0, 25.26%, 0, 0, 2, 343.76, 6701, 24
215, 0, 0, 14, 12, 0, 25.26%, 0, 0, 2, 1.44, 6983, 24
222, 0, 0, 14, 12, 0, 25.26%, 0, 0, 2, 1.38, 6987, 24
264, 0, 10, 17, 14, 2, 27.37%, 0, 0, 3, 0.03, 7931, 26
269, 0, 16, 19, 13, 0, 31.58%, 0, 0, 4, 402.73, 9971, 30
307, 0, 16, 19, 13, 0, 31.58%, 0, 0, 4, 0.24, 10107, 30
346, 0, 17, 19, 12, 1, 31.58%, 0, 0, 4, 1.59, 11499, 30
352, 0, 13, 19, 11, 0, 31.58%, 0, 0, 4, 374.10, 13380, 30
384, 0, 13, 19, 11, 0, 31.58%, 0, 0, 4, 1.08, 13673, 30
420, 0, 13, 19, 11, 0, 31.58%, 0, 0, 4, 0.21, 14651, 30
455, 0, 18, 24, 16, 0, 32.63%, 0, 0, 5, 2.73, 16590, 31
487, 0, 18, 26, 18, 0, 33.68%, 0, 0, 5, 2.38, 17186, 32
492, 0, 18, 28, 20, 0, 34.74%, 0, 0, 5, 375.61, 19103, 33
522, 0, 18, 29, 21, 0, 34.74%, 0, 0, 5, 0.70, 19376, 33
528, 0, 18, 30, 22, 0, 34.74%, 0, 0, 5, 372.44, 21336, 33
557, 0, 18, 30, 22, 0, 34.74%, 0, 0, 5, 0.96, 21602, 33
592, 0, 18, 30, 22, 0, 34.74%, 0, 0, 5, 1.09, 22526, 33
597, 0, 18, 31, 23, 0, 34.74%, 0, 0, 5, 370.39, 24416, 33
626, 0, 18, 31, 23, 0, 34.74%, 0, 0, 5, 2.23, 24731, 33
657, 0, 18, 33, 25, 0, 35.79%, 0, 0, 5, 2.07, 26307, 34
665, 0, 18, 33, 25, 0, 35.79%, 0, 0, 5, 1.49, 27613, 34
680, 0, 18, 33, 25, 0, 35.79%, 0, 0, 5, 1.43, 27621, 34
713, 0, 24, 39, 29, 2, 35.79%, 0, 0, 6, 2.51, 29228, 34
718, 0, 17, 43, 31, 0, 35.79%, 0, 0, 6, 394.01, 31296, 34
740, 0, 17, 43, 31, 0, 35.79%, 0, 0, 6, 0.97, 31468, 34
746, 0, 13, 44, 32, 0, 35.79%, 0, 0, 6, 14.42, 32458, 34
762, 0, 13, 44, 32, 0, 35.79%, 0, 0, 6, 0.65, 32466, 34
788, 0, 17, 44, 32, 0, 35.79%, 0, 0, 6, 2.56, 34283, 34
794, 0, 26, 44, 32, 0, 35.79%, 0, 0, 6, 381.88, 36259, 34
817, 0, 26, 44, 32, 0, 35.79%, 0, 0, 6, 1.84, 36387, 34
837, 0, 13, 44, 32, 0, 35.79%, 0, 0, 6, 2.17, 37820, 34
842, 0, 24, 45, 33, 0, 35.79%, 0, 0, 6, 468.37, 40170, 34
864, 0, 24, 45, 33, 0, 35.79%, 0, 0, 6, 1.31, 40403, 34
892, 0, 31, 45, 33, 0, 35.79%, 0, 0, 6, 0.75, 42831, 34
897, 0, 14, 45, 33, 0, 35.79%, 0, 0, 6, 452.09, 45063, 34
916, 0, 18, 45, 33, 0, 35.79%, 0, 0, 6, 4.63, 45535, 34
933, 0, 13, 45, 33, 0, 35.79%, 0, 0, 6, 2.72, 47177, 34
942, 1, 14, 47, 34, 0, 36.84%, 0, 0, 6, 4.37, 48694, 35
947, 1, 14, 47, 34, 0, 36.84%, 0, 0, 6, 8.93, 48700, 35
954, 1, 14, 47, 34, 0, 36.84%, 0, 0, 6, 8.50, 48714, 35
959, 1, 45, 53, 40, 0, 36.84%, 0, 0, 7, 455.72, 51060, 35
969, 1, 45, 53, 40, 0, 36.84%, 0, 0, 7, 4.78, 51501, 35
974, 1, 45, 54, 41, 0, 36.84%, 0, 0, 7, 452.12, 53761, 35
991, 1, 45, 54, 41, 0, 36.84%, 0, 0, 7, 4.43, 54136, 35
1006, 1, 45, 54, 41, 0, 36.84%, 0, 0, 7, 2.38, 55990, 35
1027, 1, 45, 54, 41, 0, 36.84%, 0, 0, 7, 2.29, 58080, 35
1040, 1, 16, 54, 40, 0, 36.84%, 0, 0, 7, 6.49, 60345, 35
1046, 1, 17, 56, 42, 0, 36.84%, 0, 0, 7, 467.59, 62660, 35
1064, 1, 12, 56, 42, 0, 36.84%, 0, 0, 7, 5.28, 62963, 35
1069, 1, 20, 60, 45, 0, 36.84%, 0, 0, 7, 467.38, 65347, 35
1078, 1, 20, 60, 45, 0, 36.84%, 0, 0, 7, 7.47, 65734, 35
1097, 1, 20, 60, 45, 0, 36.84%, 0, 0, 7, 5.17, 67036, 35
1102, 1, 13, 60, 44, 0, 36.84%, 0, 0, 7, 531.62, 69767, 35
1115, 1, 13, 61, 45, 0, 36.84%, 0, 0, 7, 4.77, 70342, 35
1120, 1, 45, 64, 47, 0, 36.84%, 0, 0, 7, 549.57, 73141, 35
1130, 1, 45, 64, 47, 0, 36.84%, 0, 0, 7, 10.71, 73466, 35
1147, 1, 45, 65, 48, 0, 36.84%, 0, 0, 7, 7.81, 75761, 35
1152, 1, 24, 66, 49, 0, 36.84%, 0, 0, 7, 584.36, 78659, 35
1157, 1, 17, 67, 50, 0, 36.84%, 0, 0, 7, 648.89, 80053, 35
1171, 1, 0, 67, 50, 0, 36.84%, 0, 0, 7, 5.30, 81721, 35
1176, 1, 13, 67, 49, 0, 36.84%, 0, 0, 7, 658.99, 84475, 35
1181, 1, 17, 67, 49, 0, 36.84%, 0, 0, 7, 579.95, 86520, 35
1190, 1, 26, 67, 49, 0, 36.84%, 0, 0, 7, 5.82, 87136, 35
1195, 2, 13, 69, 49, 0, 36.84%, 0, 0, 7, 683.05, 90718, 35
1205, 2, 13, 73, 53, 0, 36.84%, 0, 0, 7, 5.21, 91920, 35
1210, 2, 13, 74, 53, 0, 36.84%, 0, 0, 7, 672.27, 95510, 35
1219, 2, 65, 75, 54, 0, 36.84%, 0, 0, 8, 13.16, 96582, 35
1224, 2, 17, 79, 57, 0, 36.84%, 0, 0, 8, 639.70, 99735, 35
1230, 2, 13, 80, 58, 0, 36.84%, 0, 0, 8, 25.62, 100913, 35
1238, 2, 18, 81, 58, 0, 36.84%, 0, 0, 8, 14.24, 103222, 35
1243, 2, 78, 81, 57, 0, 36.84%, 0, 0, 8, 604.47, 106374, 35
1249, 2, 47, 82, 57, 0, 36.84%, 0, 0, 8, 627.84, 108259, 35
1255, 2, 20, 82, 56, 0, 36.84%, 0, 0, 8, 19.68, 108981, 35
1260, 2, 13, 83, 56, 0, 36.84%, 0, 0, 8, 707.84, 112544, 35
1270, 2, 83, 84, 57, 1, 37.89%, 0, 0, 8, 21.04, 115884, 36
1276, 2, 83, 88, 60, 0, 41.05%, 0, 0, 8, 697.14, 119282, 39
1285, 2, 83, 88, 60, 0, 41.05%, 0, 0, 8, 12.07, 122025, 39
1290, 2, 87, 89, 61, 2, 44.21%, 0, 0, 8, 701.18, 125579, 42
1295, 2, 87, 90, 60, 0, 44.21%, 0, 0, 8, 708.94, 129317, 42
1301, 2, 87, 90, 60, 0, 44.21%, 0, 0, 8, 0.42, 129392, 42
1306, 2, 87, 90, 60, 0, 44.21%, 0, 0, 8, 720.17, 132873, 42
1311, 2, 20, 91, 61, 0, 44.21%, 0, 0, 8, 735.04, 136559, 42
1316, 2, 20, 94, 64, 0, 44.21%, 0, 0, 8, 733.16, 140265, 42
1321, 2, 87, 95, 65, 0, 44.21%, 0, 0, 8, 726.92, 143937, 42
1326, 2, 13, 95, 65, 0, 44.21%, 0, 0, 8, 739.26, 147571, 42
1331, 2, 87, 95, 65, 0, 44.21%, 0, 0, 8, 721.68, 151182, 42
1339, 2, 88, 95, 65, 0, 44.21%, 0, 0, 8, 4.30, 154617, 42
1344, 2, 87, 95, 65, 0, 44.21%, 0, 0, 8, 753.64, 158432, 42
1349, 2, 88, 95, 65, 0, 44.21%, 0, 0, 8, 760.95, 162347, 42
1351, 3, 88, 95, 65, 0, 44.21%, 1, 0, 8, 0.00, 163248, 42
