# relative_time, cycles_done, cur_item, corpus_count, pending_total, pending_favs, map_size, saved_crashes, saved_hangs, max_depth, execs_per_sec, total_execs, edges_found
73, 0, 0, 23, 23, 1, 41.94%, 0, 0, 2, 0.04, 1783, 39
78, 0, 0, 23, 23, 1, 41.94%, 0, 0, 2, 355.45, 1861, 39
89, 0, 0, 23, 23, 1, 41.94%, 0, 0, 2, 3.10, 2968, 39
122, 0, 0, 23, 23, 1, 41.94%, 0, 0, 2, 0.12, 2972, 39
127, 0, 0, 23, 23, 1, 41.94%, 0, 0, 2, 357.18, 3671, 39
170, 0, 0, 27, 27, 1, 44.09%, 0, 0, 2, 1.06, 4838, 41
176, 0, 0, 27, 27, 1, 44.09%, 0, 0, 2, 0.18, 4839, 41
181, 0, 0, 28, 28, 1, 45.16%, 0, 0, 2, 330.75, 6513, 42
215, 0, 0, 28, 28, 1, 45.16%, 0, 0, 2, 0.72, 6759, 42
222, 0, 0, 28, 28, 1, 45.16%, 0, 0, 2, 0.71, 6763, 42
264, 0, 0, 28, 28, 1, 45.16%, 0, 0, 2, 0.03, 7672, 42
269, 0, 0, 30, 30, 1, 46.24%, 0, 0, 2, 388.66, 9670, 43
306, 0, 0, 30, 30, 1, 46.24%, 0, 0, 2, 0.08, 9771, 43
346, 0, 29, 33, 31, 7, 46.24%, 0, 0, 3, 1.34, 11115, 43
351, 0, 29, 34, 32, 7, 46.24%, 0, 0, 3, 362.24, 12928, 43
384, 0, 29, 34, 32, 7, 46.24%, 0, 0, 3, 1.08, 13215, 43
390, 0, 29, 34, 32, 7, 46.24%, 0, 0, 3, 27.34, 14167, 43
420, 0, 29, 34, 32, 7, 46.24%, 0, 0, 3, 0.03, 14168, 43
455, 0, 29, 35, 33, 7, 47.31%, 0, 0, 3, 2.05, 16050, 44
463, 0, 29, 35, 33, 7, 47.31%, 0, 0, 3, 11.79, 16624, 44
487, 0, 29, 35, 33, 7, 47.31%, 0, 0, 3, 0.08, 16626, 44
492, 0, 29, 35, 33, 7, 47.31%, 0, 0, 3, 360.91, 18457, 44
522, 0, 29, 36, 34, 7, 47.31%, 0, 0, 3, 1.54, 18750, 44
527, 0, 29, 40, 38, 7, 47.31%, 0, 0, 3, 361.38, 20616, 44
557, 0, 32, 40, 38, 9, 47.31%, 0, 0, 3, 1.91, 20893, 44
592, 0, 13, 41, 37, 8, 47.31%, 0, 0, 3, 1.56, 21784, 44
597, 0, 24, 44, 38, 6, 47.31%, 0, 0, 3, 356.38, 23593, 44
625, 0, 34, 44, 36, 5, 47.31%, 0, 0, 3, 2.30, 23911, 44
656, 0, 28, 45, 35, 3, 47.31%, 0, 0, 4, 2.58, 25425, 44
665, 0, 40, 45, 33, 1, 47.31%, 0, 0, 4, 3.34, 26687, 44
680, 0, 40, 45, 33, 1, 47.31%, 0, 0, 4, 0.46, 26694, 44
713, 0, 45, 48, 34, 0, 47.31%, 0, 0, 5, 2.20, 28244, 44
718, 0, 45, 48, 34, 0, 47.31%, 0, 0, 5, 386.50, 30239, 44
740, 0, 45, 48, 34, 0, 47.31%, 0, 0, 5, 1.29, 30414, 44
746, 0, 45, 48, 34, 0, 47.31%, 0, 0, 5, 12.25, 31380, 44
762, 0, 45, 48, 34, 0, 47.31%, 0, 0, 5, 0.65, 31387, 44
769, 0, 45, 48, 34, 0, 47.31%, 0, 0, 5, 27.92, 33153, 44
788, 0, 45, 48, 34, 0, 47.31%, 0, 0, 5, 0.25, 33155, 44
793, 0, 45, 50, 36, 0, 47.31%, 0, 0, 5, 411.89, 35263, 44
816, 0, 45, 50, 36, 0, 47.31%, 0, 0, 5, 1.75, 35395, 44
837, 0, 50, 52, 37, 0, 47.31%, 0, 0, 6, 0.06, 36803, 44
842, 0, 50, 53, 38, 0, 47.31%, 0, 0, 6, 451.60, 39086, 44
863, 0, 50, 53, 38, 0, 47.31%, 0, 0, 6, 0.84, 39302, 44
892, 0, 50, 53, 38, 0, 47.31%, 0, 0, 6, 2.25, 41618, 44
897, 0, 50, 55, 40, 0, 47.31%, 0, 0, 6, 433.45, 43771, 44
916, 0, 50, 55, 40, 0, 47.31%, 0, 0, 6, 3.19, 44211, 44
933, 0, 40, 57, 39, 0, 47.31%, 0, 0, 7, 5.33, 45711, 44
946, 0, 40, 61, 43, 0, 47.31%, 0, 0, 7, 2.85, 47167, 44
954, 0, 40, 61, 43, 0, 47.31%, 0, 0, 7, 2.72, 47181, 44
959, 0, 56, 62, 43, 0, 47.31%, 0, 0, 8, 431.63, 49365, 44
969, 0, 56, 63, 44, 0, 47.31%, 0, 0, 8, 0.86, 49848, 44
974, 0, 56, 64, 45, 0, 47.31%, 0, 0, 8, 427.72, 51987, 44
991, 0, 56, 64, 45, 0, 47.31%, 0, 0, 8, 4.79, 52355, 44
1006, 0, 56, 64, 45, 0, 47.31%, 0, 0, 8, 2.92, 54133, 44
1026, 0, 57, 65, 46, 0, 47.31%, 0, 0, 8, 5.12, 56169, 44
1040, 0, 57, 65, 46, 0, 47.31%, 0, 0, 8, 1.78, 58322, 44
1045, 0, 51, 65, 45, 0, 47.31%, 0, 0, 8, 434.30, 60513, 44
1064, 0, 51, 65, 45, 0, 47.31%, 0, 0, 8, 5.38, 60812, 44
1069, 0, 56, 65, 45, 0, 47.31%, 0, 0, 8, 446.16, 63151, 44
1078, 0, 56, 65, 45, 0, 47.31%, 0, 0, 8, 12.41, 63464, 44
1079, 0, 28, 65, 45, 0, 47.31%, 1, 0, 8, 0.00, 63861, 44
