# relative_time, cycles_done, cur_item, corpus_count, pending_total, pending_favs, map_size, saved_crashes, saved_hangs, max_depth, execs_per_sec, total_execs, edges_found
77, 0, 0, 6, 5, 0, 31.52%, 0, 0, 2, 0.04, 1707, 29
78, 0, 0, 6, 5, 0, 31.52%, 0, 0, 2, 233.33, 1778, 29
122, 0, 0, 6, 5, 0, 31.52%, 0, 0, 2, 1.62, 2966, 29
127, 0, 0, 9, 8, 0, 31.52%, 0, 0, 2, 403.40, 3829, 29
170, 0, 0, 9, 8, 0, 31.52%, 0, 0, 2, 1.24, 5089, 29
176, 0, 0, 9, 8, 0, 31.52%, 0, 0, 2, 0.18, 5090, 29
181, 0, 0, 11, 10, 0, 32.61%, 0, 0, 2, 377.72, 7014, 30
215, 0, 0, 11, 10, 0, 32.61%, 0, 0, 2, 0.63, 7287, 30
222, 0, 0, 11, 10, 0, 32.61%, 0, 0, 2, 0.63, 7291, 30
263, 0, 11, 15, 11, 0, 33.70%, 0, 0, 4, 0.36, 8316, 31
269, 0, 11, 16, 12, 0, 34.78%, 0, 0, 4, 404.65, 10400, 32
306, 0, 11, 16, 12, 0, 34.78%, 0, 0, 4, 0.14, 10493, 32
346, 0, 11, 17, 13, 0, 35.87%, 0, 0, 4, 1.10, 11895, 33
351, 0, 11, 17, 13, 0, 35.87%, 0, 0, 4, 373.99, 13755, 33
384, 0, 11, 17, 13, 0, 35.87%, 0, 0, 4, 1.73, 14063, 33
419, 0, 11, 17, 13, 0, 35.87%, 0, 0, 4, 0.40, 15063, 33
455, 0, 14, 17, 12, 2, 35.87%, 0, 0, 4, 1.92, 17189, 33
463, 0, 15, 17, 11, 1, 35.87%, 0, 0, 4, 0.19, 17841, 33
486, 0, 15, 17, 11, 1, 35.87%, 0, 0, 4, 0.18, 17842, 33
491, 0, 16, 18, 11, 0, 35.87%, 0, 0, 5, 411.03, 19912, 33
522, 0, 15, 18, 11, 0, 35.87%, 0, 0, 5, 2.14, 20258, 33
527, 0, 15, 18, 11, 0, 35.87%, 0, 0, 5, 410.38, 22415, 33
557, 0, 15, 18, 11, 0, 35.87%, 0, 0, 5, 1.09, 22708, 33
591, 0, 16, 19, 12, 0, 35.87%, 0, 0, 5, 1.56, 23720, 33
596, 0, 16, 19, 12, 0, 35.87%, 0, 0, 5, 408.34, 25859, 33
625, 0, 16, 19, 12, 0, 35.87%, 0, 0, 5, 0.28, 26152, 33
656, 0, 10, 20, 13, 0, 39.13%, 0, 0, 5, 2.80, 27878, 36
664, 0, 19, 20, 12, 0, 39.13%, 0, 0, 5, 3.34, 29316, 36
680, 0, 19, 20, 12, 0, 39.13%, 0, 0, 5, 0.65, 29326, 36
693, 0, 16, 20, 12, 0, 39.13%, 0, 0, 5, 15.47, 31088, 36
712, 0, 16, 20, 12, 0, 39.13%, 0, 0, 5, 0.04, 31089, 36
717, 0, 14, 23, 15, 0, 39.13%, 0, 0, 5, 470.92, 33524, 36
740, 0, 14, 24, 16, 0, 39.13%, 0, 0, 5, 1.43, 33748, 36
747, 0, 16, 24, 16, 0, 39.13%, 0, 0, 5, 16.93, 35084, 36
761, 0, 16, 24, 16, 0, 39.13%, 0, 0, 5, 0.22, 35087, 36
788, 1, 16, 24, 16, 0, 39.13%, 0, 0, 5, 0.92, 37568, 36
793, 1, 19, 33, 25, 0, 44.57%, 0, 0, 5, 531.50, 40190, 41
816, 1, 19, 33, 25, 0, 44.57%, 0, 0, 5, 0.88, 40450, 41
836, 1, 19, 35, 27, 0, 44.57%, 0, 0, 5, 0.06, 42267, 41
841, 1, 19, 36, 28, 0, 44.57%, 0, 0, 5, 628.04, 45501, 41
863, 1, 19, 36, 28, 0, 44.57%, 0, 0, 5, 6.12, 45765, 41
892, 1, 32, 42, 32, 3, 45.65%, 0, 0, 5, 4.02, 48970, 42
897, 1, 29, 46, 35, 3, 45.65%, 0, 0, 5, 646.14, 52072, 42
915, 1, 29, 47, 36, 3, 45.65%, 0, 0, 5, 2.06, 52763, 42
933, 1, 29, 49, 38, 3, 45.65%, 0, 0, 5, 4.52, 54920, 42
946, 1, 29, 49, 38, 3, 45.65%, 0, 0, 5, 7.54, 56989, 42
953, 1, 29, 49, 38, 3, 45.65%, 0, 0, 5, 7.01, 57010, 42
958, 1, 29, 52, 41, 3, 45.65%, 0, 0, 5, 617.79, 60154, 42
969, 1, 29, 52, 41, 3, 45.65%, 0, 0, 5, 13.87, 60814, 42
974, 1, 31, 58, 46, 3, 46.74%, 0, 0, 5, 613.87, 63956, 43
991, 1, 31, 59, 47, 3, 46.74%, 0, 0, 5, 0.99, 64315, 43
1006, 1, 29, 62, 47, 0, 46.74%, 0, 0, 6, 2.12, 66812, 43
1026, 1, 59, 64, 49, 0, 46.74%, 0, 0, 7, 5.95, 69650, 43
1040, 1, 65, 67, 51, 0, 46.74%, 0, 0, 7, 2.65, 72693, 43
1045, 1, 16, 68, 50, 0, 46.74%, 0, 0, 7, 612.57, 75762, 43
1050, 1, 16, 68, 50, 0, 46.74%, 0, 0, 7, 26.19, 76163, 43
1064, 1, 16, 68, 50, 0, 46.74%, 0, 0, 7, 0.07, 76164, 43
1069, 1, 67, 75, 56, 0, 55.43%, 0, 0, 7, 631.44, 79345, 51
1078, 1, 67, 75, 56, 0, 55.43%, 0, 0, 7, 12.76, 79885, 51
1097, 1, 67, 76, 57, 0, 55.43%, 0, 0, 7, 7.08, 81692, 51
1102, 1, 67, 76, 57, 0, 55.43%, 0, 0, 7, 708.74, 85256, 51
1115, 1, 67, 76, 57, 0, 55.43%, 0, 0, 7, 1.12, 86104, 51
1117, 1, 74, 78, 58, 1, 57.61%, 1, 0, 7, 0.00, 87555, 53
