# relative_time, cycles_done, cur_item, corpus_count, pending_total, pending_favs, map_size, saved_crashes, saved_hangs, max_depth, execs_per_sec, total_execs, edges_found
73, 0, 0, 21, 21, 1, 32.91%, 0, 0, 2, 0.04, 1659, 26
78, 0, 0, 22, 22, 1, 32.91%, 0, 0, 2, 244.02, 1714, 26
121, 0, 0, 24, 24, 1, 35.44%, 0, 0, 2, 2.17, 3556, 28
127, 0, 0, 25, 25, 1, 36.71%, 0, 0, 2, 666.94, 4963, 29
170, 0, 0, 28, 28, 1, 39.24%, 0, 0, 2, 2.60, 7036, 31
175, 0, 0, 28, 28, 1, 39.24%, 0, 0, 2, 2.48, 7040, 31
180, 0, 0, 28, 28, 1, 39.24%, 0, 0, 2, 611.23, 10204, 31
214, 0, 0, 28, 28, 1, 39.24%, 0, 0, 2, 4.31, 10636, 31
221, 0, 0, 28, 28, 1, 39.24%, 0, 0, 2, 0.69, 10641, 31
263, 0, 0, 29, 29, 1, 41.77%, 0, 0, 2, 0.08, 12326, 33
268, 0, 29, 35, 31, 5, 44.30%, 0, 0, 3, 669.28, 15676, 35
306, 0, 25, 35, 29, 5, 44.30%, 0, 0, 3, 0.32, 15923, 35
345, 0, 24, 41, 33, 4, 44.30%, 0, 0, 3, 3.12, 18238, 35
351, 0, 43, 47, 32, 1, 45.57%, 0, 0, 4, 616.42, 21298, 36
384, 0, 43, 47, 32, 1, 45.57%, 0, 0, 4, 3.58, 21846, 36
419, 0, 40, 48, 31, 0, 45.57%, 0, 0, 4, 0.40, 23480, 36
421, 0, 23, 49, 32, 0, 45.57%, 1, 0, 4, 0.00, 24890, 36
