# relative_time, cycles_done, cur_item, corpus_count, pending_total, pending_favs, map_size, saved_crashes, saved_hangs, max_depth, execs_per_sec, total_execs, edges_found
73, 0, 0, 18, 18, 1, 43.59%, 0, 0, 2, 0.04, 1667, 34
78, 0, 0, 19, 19, 1, 43.59%, 0, 0, 2, 265.00, 1723, 34
89, 0, 0, 23, 23, 1, 52.56%, 0, 0, 2, 7.16, 3146, 41
122, 0, 0, 23, 23, 1, 52.56%, 0, 0, 2, 0.06, 3148, 41
127, 0, 0, 24, 24, 1, 52.56%, 0, 0, 2, 507.10, 4197, 41
176, 0, 0, 25, 25, 1, 53.85%, 0, 0, 2, 0.46, 5799, 42
176, 0, 0, 25, 25, 1, 53.85%, 0, 0, 2, 0.44, 5800, 42
181, 0, 0, 27, 27, 1, 55.13%, 0, 0, 2, 488.96, 8324, 43
222, 0, 0, 27, 27, 1, 55.13%, 0, 0, 2, 0.81, 8708, 43
264, 0, 0, 28, 28, 1, 55.13%, 0, 0, 2, 0.03, 10156, 43
269, 0, 0, 29, 29, 1, 56.41%, 0, 0, 2, 588.63, 13177, 44
306, 0, 0, 29, 29, 1, 56.41%, 0, 0, 2, 0.27, 13319, 44
346, 0, 0, 29, 29, 1, 56.41%, 0, 0, 2, 0.60, 15355, 44
351, 0, 0, 29, 29, 1, 56.41%, 0, 0, 2, 540.46, 18082, 44
384, 0, 0, 29, 29, 1, 56.41%, 0, 0, 2, 1.24, 18482, 44
419, 0, 0, 29, 29, 1, 56.41%, 0, 0, 2, 1.34, 19909, 44
455, 0, 0, 29, 29, 1, 56.41%, 0, 0, 2, 3.22, 22681, 44
487, 0, 0, 29, 29, 1, 56.41%, 0, 0, 2, 3.57, 23572, 44
492, 0, 0, 29, 29, 1, 56.41%, 0, 0, 2, 541.71, 26372, 44
522, 0, 0, 29, 29, 1, 56.41%, 0, 0, 2, 4.01, 26742, 44
527, 0, 0, 30, 30, 1, 57.69%, 0, 0, 2, 545.33, 29596, 45
557, 0, 0, 30, 30, 1, 57.69%, 0, 0, 2, 3.41, 30019, 45
591, 0, 0, 30, 30, 1, 57.69%, 0, 0, 2, 2.62, 31379, 45
596, 0, 0, 30, 30, 1, 57.69%, 0, 0, 2, 550.53, 34189, 45
625, 0, 0, 30, 30, 1, 57.69%, 0, 0, 2, 1.78, 34559, 45
656, 0, 0, 30, 30, 1, 57.69%, 0, 0, 2, 3.10, 36947, 45
665, 0, 0, 30, 30, 1, 57.69%, 0, 0, 2, 4.45, 38951, 45
680, 0, 0, 30, 30, 1, 57.69%, 0, 0, 2, 0.85, 38964, 45
712, 0, 0, 30, 30, 1, 57.69%, 0, 0, 2, 2.94, 41483, 45
717, 0, 0, 30, 30, 1, 57.69%, 0, 0, 2, 692.98, 44952, 45
740, 0, 0, 30, 30, 1, 57.69%, 0, 0, 2, 3.86, 45251, 45
748, 0, 0, 30, 30, 1, 57.69%, 0, 0, 2, 15.28, 47029, 45
761, 0, 0, 30, 30, 1, 57.69%, 0, 0, 2, 0.36, 47034, 45
788, 0, 0, 30, 30, 1, 57.69%, 0, 0, 2, 4.16, 50243, 45
793, 0, 0, 30, 30, 1, 57.69%, 0, 0, 2, 692.00, 53766, 45
801, 0, 0, 30, 30, 1, 57.69%, 0, 0, 2, 8.31, 53987, 45
816, 0, 0, 30, 30, 1, 57.69%, 0, 0, 2, 0.60, 53996, 45
836, 0, 0, 30, 30, 1, 57.69%, 0, 0, 2, 0.06, 56385, 45
842, 0, 0, 30, 30, 1, 57.69%, 0, 0, 2, 756.94, 60254, 45
863, 0, 0, 30, 30, 1, 57.69%, 0, 0, 2, 5.60, 60539, 45
892, 0, 0, 30, 30, 1, 57.69%, 0, 0, 2, 5.62, 64454, 45
897, 0, 0, 30, 30, 1, 57.69%, 0, 0, 2, 769.85, 68279, 45
916, 0, 0, 30, 30, 1, 57.69%, 0, 0, 2, 5.13, 69029, 45
933, 0, 0, 30, 30, 1, 57.69%, 0, 0, 2, 6.25, 71579, 45
941, 0, 0, 30, 30, 1, 57.69%, 0, 0, 2, 11.59, 74077, 45
946, 0, 0, 30, 30, 1, 57.69%, 0, 0, 2, 8.91, 74083, 45
953, 0, 0, 30, 30, 1, 57.69%, 0, 0, 2, 8.56, 74106, 45
958, 0, 0, 30, 30, 1, 57.69%, 0, 0, 2, 732.96, 77801, 45
969, 0, 0, 30, 30, 1, 57.69%, 0, 0, 2, 1.50, 78655, 45
974, 0, 0, 30, 30, 1, 57.69%, 0, 0, 2, 757.97, 82424, 45
991, 0, 0, 30, 30, 1, 57.69%, 0, 0, 2, 5.71, 82967, 45
1006, 0, 0, 30, 30, 1, 57.69%, 0, 0, 2, 14.36, 85964, 45
1026, 0, 0, 30, 30, 1, 57.69%, 0, 0, 2, 8.53, 89444, 45
1040, 0, 0, 30, 30, 1, 57.69%, 0, 0, 2, 8.22, 93179, 45
1045, 0, 0, 30, 30, 1, 57.69%, 0, 0, 2, 750.88, 96953, 45
1064, 0, 0, 30, 30, 1, 57.69%, 0, 0, 2, 8.17, 97439, 45
1069, 0, 0, 30, 30, 1, 57.69%, 0, 0, 2, 790.09, 101489, 45
1078, 0, 0, 30, 30, 1, 57.69%, 0, 0, 2, 19.35, 101984, 45
1097, 0, 0, 30, 30, 1, 57.69%, 0, 0, 2, 6.47, 104069, 45
1102, 0, 0, 30, 30, 1, 57.69%, 0, 0, 2, 803.83, 108175, 45
1115, 0, 0, 30, 30, 1, 57.69%, 0, 0, 2, 11.57, 109079, 45
1120, 0, 0, 30, 30, 1, 57.69%, 0, 0, 2, 757.11, 113024, 45
1130, 0, 0, 30, 30, 1, 57.69%, 0, 0, 2, 6.43, 113414, 45
1146, 0, 0, 30, 30, 1, 57.69%, 0, 0, 2, 10.42, 116504, 45
1151, 0, 0, 30, 30, 1, 57.69%, 0, 0, 2, 768.49, 120329, 45
1156, 0, 0, 30, 30, 1, 57.69%, 0, 0, 2, 807.88, 122111, 45
1164, 0, 0, 30, 30, 1, 57.69%, 0, 0, 2, 5.80, 124175, 45
1170, 0, 0, 30, 30, 1, 57.69%, 0, 0, 2, 0.70, 124179, 45
1175, 0, 0, 30, 30, 1, 57.69%, 0, 0, 2, 761.04, 128009, 45
1180, 0, 0, 30, 30, 1, 57.69%, 0, 0, 2, 800.07, 130495, 45
1190, 0, 0, 30, 30, 1, 57.69%, 0, 0, 2, 16.16, 131294, 45
1195, 0, 0, 30, 30, 1, 57.69%, 0, 0, 2, 806.60, 135455, 45
1205, 0, 0, 30, 30, 1, 57.69%, 0, 0, 2, 5.60, 136859, 45
1210, 0, 0, 30, 30, 1, 57.69%, 0, 0, 2, 631.73, 140807, 45
1219, 0, 0, 30, 30, 1, 57.69%, 0, 0, 2, 1.81, 142231, 45
1224, 0, 21, 37, 35, 7, 57.69%, 0, 0, 3, 775.75, 146049, 45
1229, 0, 21, 38, 36, 7, 57.69%, 0, 0, 3, 8.15, 147361, 45
1238, 0, 21, 38, 36, 7, 57.69%, 0, 0, 3, 19.13, 150050, 45
1243, 0, 21, 38, 36, 7, 57.69%, 0, 0, 3, 711.89, 153872, 45
1248, 0, 21, 38, 36, 7, 57.69%, 0, 0, 3, 777.02, 156226, 45
1255, 0, 22, 40, 37, 7, 57.69%, 0, 0, 3, 28.26, 157059, 45
1260, 0, 26, 47, 37, 3, 57.69%, 0, 0, 3, 772.90, 160917, 45
1270, 0, 47, 56, 42, 0, 58.97%, 0, 0, 4, 24.09, 164590, 46
1275, 0, 47, 57, 43, 0, 58.97%, 0, 0, 4, 779.57, 168542, 46
1285, 0, 47, 58, 44, 0, 58.97%, 0, 0, 4, 23.50, 171641, 46
1287, 0, 54, 60, 45, 1, 58.97%, 1, 0, 5, 0.00, 172940, 46
