# relative_time, cycles_done, cur_item, corpus_count, pending_total, pending_favs, map_size, saved_crashes, saved_hangs, max_depth, execs_per_sec, total_execs, edges_found
68, 0, 0, 25, 25, 1, 32.04%, 0, 0, 2, 1.48, 3769, 33
73, 0, 0, 26, 26, 1, 32.04%, 0, 0, 2, 273.08, 5175, 33
93, 0, 0, 26, 26, 1, 32.04%, 0, 0, 2, 2.92, 5760, 33
98, 0, 0, 26, 26, 1, 32.04%, 0, 0, 2, 276.51, 7176, 33
119, 0, 0, 27, 27, 1, 32.04%, 0, 0, 2, 2.44, 7763, 33
124, 0, 0, 28, 28, 1, 32.04%, 0, 0, 2, 272.25, 9135, 33
137, 0, 0, 28, 28, 1, 32.04%, 0, 0, 2, 1.68, 9395, 33
153, 0, 0, 29, 29, 1, 33.01%, 0, 0, 2, 1.23, 10652, 34
155, 0, 0, 29, 29, 1, 33.01%, 1, 0, 2, 0.00, 11043, 34
