# relative_time, cycles_done, cur_item, corpus_count, pending_total, pending_favs, map_size, saved_crashes, saved_hangs, max_depth, execs_per_sec, total_execs, edges_found
67, 0, 0, 14, 14, 1, 31.87%, 0, 0, 2, 0.04, 1120, 29
72, 0, 0, 14, 14, 1, 31.87%, 0, 0, 2, 380.00, 1200, 29
116, 0, 0, 16, 16, 1, 34.07%, 0, 0, 2, 1.38, 2698, 31
122, 0, 0, 16, 16, 1, 34.07%, 0, 0, 2, 560.90, 3909, 31
170, 0, 0, 17, 17, 1, 34.07%, 0, 0, 2, 0.44, 5631, 31
175, 0, 0, 17, 17, 1, 34.07%, 0, 0, 2, 522.85, 8291, 31
216, 0, 0, 18, 18, 1, 37.36%, 0, 0, 2, 0.49, 8668, 34
258, 0, 0, 18, 18, 1, 37.36%, 0, 0, 2, 0.03, 10079, 34
263, 0, 0, 18, 18, 1, 37.36%, 0, 0, 2, 559.20, 12954, 34
301, 0, 0, 18, 18, 1, 37.36%, 0, 0, 2, 0.30, 13086, 34
340, 0, 0, 18, 18, 1, 37.36%, 0, 0, 2, 0.91, 15011, 34
345, 0, 0, 20, 20, 1, 38.46%, 0, 0, 2, 516.76, 17632, 35
378, 0, 0, 20, 20, 1, 38.46%, 0, 0, 2, 0.93, 18012, 35
414, 0, 0, 20, 20, 1, 38.46%, 0, 0, 2, 3.00, 19370, 35
449, 0, 0, 22, 22, 1, 39.56%, 0, 0, 2, 1.63, 22046, 36
481, 0, 0, 22, 22, 1, 39.56%, 0, 0, 2, 3.63, 22871, 36
486, 0, 0, 24, 24, 1, 40.66%, 0, 0, 2, 522.13, 25560, 37
516, 0, 0, 24, 24, 1, 40.66%, 0, 0, 2, 3.34, 25900, 37
522, 0, 0, 24, 24, 1, 40.66%, 0, 0, 2, 515.71, 28620, 37
551, 0, 0, 24, 24, 1, 40.66%, 0, 0, 2, 0.68, 28970, 37
586, 0, 0, 24, 24, 1, 40.66%, 0, 0, 2, 1.41, 30255, 37
591, 0, 0, 25, 25, 1, 40.66%, 0, 0, 2, 511.42, 32877, 37
620, 0, 0, 25, 25, 1, 40.66%, 0, 0, 2, 2.48, 33307, 37
650, 0, 0, 25, 25, 1, 40.66%, 0, 0, 2, 2.03, 35487, 37
659, 0, 0, 25, 25, 1, 40.66%, 0, 0, 2, 0.28, 37292, 37
674, 0, 0, 25, 25, 1, 40.66%, 0, 0, 2, 0.33, 37308, 37
707, 0, 0, 26, 26, 1, 41.76%, 0, 0, 2, 2.30, 39531, 38
712, 0, 0, 26, 26, 1, 41.76%, 0, 0, 2, 545.05, 42347, 38
734, 0, 0, 26, 26, 1, 41.76%, 0, 0, 2, 0.92, 42574, 38
742, 0, 0, 26, 26, 1, 41.76%, 0, 0, 2, 12.00, 43964, 38
756, 0, 0, 26, 26, 1, 41.76%, 0, 0, 2, 0.29, 43968, 38
782, 0, 0, 26, 26, 1, 41.76%, 0, 0, 2, 3.65, 46544, 38
787, 0, 0, 26, 26, 1, 41.76%, 0, 0, 2, 597.02, 49486, 38
811, 0, 0, 26, 26, 1, 41.76%, 0, 0, 2, 2.36, 49804, 38
831, 0, 0, 26, 26, 1, 41.76%, 0, 0, 2, 4.23, 51856, 38
836, 0, 0, 26, 26, 1, 41.76%, 0, 0, 2, 664.31, 55213, 38
858, 0, 0, 26, 26, 1, 41.76%, 0, 0, 2, 6.65, 55499, 38
886, 0, 0, 26, 26, 1, 41.76%, 0, 0, 2, 1.64, 58801, 38
891, 0, 0, 26, 26, 1, 41.76%, 0, 0, 2, 651.61, 61960, 38
910, 0, 0, 26, 26, 1, 41.76%, 0, 0, 2, 5.21, 62623, 38
927, 0, 0, 26, 26, 1, 41.76%, 0, 0, 2, 0.56, 64872, 38
940, 0, 0, 26, 26, 1, 41.76%, 0, 0, 2, 11.22, 66976, 38
948, 0, 0, 26, 26, 1, 41.76%, 0, 0, 2, 10.45, 66999, 38
953, 0, 0, 26, 26, 1, 41.76%, 0, 0, 2, 626.71, 70180, 38
963, 0, 0, 26, 26, 1, 41.76%, 0, 0, 2, 8.90, 70828, 38
968, 0, 0, 27, 27, 1, 41.76%, 0, 0, 2, 618.01, 73979, 38
975, 0, 0, 27, 27, 1, 41.76%, 0, 0, 2, 4.25, 74375, 38
985, 0, 0, 27, 27, 1, 41.76%, 0, 0, 2, 0.10, 74376, 38
1000, 0, 0, 27, 27, 1, 41.76%, 0, 0, 2, 1.06, 76919, 38
1021, 0, 0, 27, 27, 1, 41.76%, 0, 0, 2, 2.29, 79799, 38
1034, 0, 0, 30, 30, 1, 42.86%, 0, 0, 2, 3.99, 82892, 39
1040, 0, 5, 31, 29, 9, 42.86%, 0, 0, 2, 625.63, 86065, 39
1045, 0, 21, 33, 30, 8, 42.86%, 0, 0, 3, 19.21, 86425, 39
1058, 0, 21, 33, 30, 8, 42.86%, 0, 0, 3, 0.15, 86427, 39
1063, 0, 22, 39, 28, 0, 42.86%, 0, 0, 3, 638.94, 89635, 39
1072, 0, 22, 40, 29, 0, 42.86%, 0, 0, 3, 12.98, 90167, 39
1091, 0, 17, 44, 33, 0, 42.86%, 0, 0, 3, 5.14, 91898, 39
1096, 0, 29, 48, 37, 0, 42.86%, 0, 0, 3, 689.87, 95281, 39
1109, 0, 22, 48, 37, 0, 42.86%, 0, 0, 3, 7.74, 96170, 39
1114, 0, 22, 50, 39, 0, 42.86%, 0, 0, 3, 676.34, 99598, 39
1124, 0, 21, 50, 39, 0, 42.86%, 0, 0, 3, 14.21, 100017, 39
1141, 1, 16, 54, 43, 0, 42.86%, 0, 0, 3, 11.77, 102717, 39
1146, 1, 16, 56, 45, 0, 42.86%, 0, 0, 3, 673.01, 106145, 39
1151, 1, 16, 57, 46, 0, 42.86%, 0, 0, 3, 738.81, 107816, 39
1165, 1, 22, 57, 45, 0, 42.86%, 0, 0, 3, 4.25, 109505, 39
1170, 1, 22, 58, 45, 0, 42.86%, 0, 0, 3, 683.41, 112980, 39
1175, 1, 14, 59, 44, 0, 42.86%, 0, 0, 3, 688.84, 115269, 39
1184, 1, 22, 59, 44, 0, 42.86%, 0, 0, 3, 15.08, 115856, 39
1189, 2, 22, 60, 45, 0, 42.86%, 0, 0, 3, 746.81, 119701, 39
1199, 2, 17, 61, 46, 0, 42.86%, 0, 0, 3, 9.65, 121063, 39
1204, 2, 22, 63, 48, 0, 42.86%, 0, 0, 3, 733.34, 124910, 39
1213, 2, 22, 63, 47, 0, 42.86%, 0, 0, 3, 20.96, 126184, 39
1218, 2, 64, 65, 47, 0, 43.96%, 0, 0, 3, 711.65, 129757, 40
1223, 2, 64, 68, 50, 0, 43.96%, 0, 0, 4, 44.59, 131024, 40
1232, 2, 64, 68, 50, 0, 43.96%, 0, 0, 4, 5.76, 133754, 40
1237, 2, 17, 68, 50, 0, 43.96%, 0, 0, 4, 709.20, 137404, 40
1242, 2, 14, 68, 49, 0, 43.96%, 0, 0, 4, 746.33, 139603, 40
1249, 3, 22, 68, 49, 0, 43.96%, 0, 0, 4, 2.12, 140414, 40
1254, 3, 22, 71, 52, 0, 43.96%, 0, 0, 4, 742.54, 144115, 40
1264, 3, 22, 71, 51, 0, 43.96%, 0, 0, 4, 22.26, 147721, 40
1270, 3, 22, 76, 54, 0, 43.96%, 0, 0, 5, 748.30, 151522, 40
1279, 3, 48, 76, 52, 0, 43.96%, 0, 0, 5, 13.58, 154533, 40
1284, 3, 64, 79, 53, 0, 43.96%, 0, 0, 5, 764.59, 158420, 40
1289, 4, 17, 82, 54, 0, 45.05%, 0, 0, 5, 796.36, 162451, 41
1295, 4, 79, 83, 55, 0, 45.05%, 0, 0, 5, 0.51, 163281, 41
1300, 4, 22, 87, 59, 0, 45.05%, 0, 0, 5, 795.09, 167382, 41
1305, 4, 22, 88, 60, 0, 45.05%, 0, 0, 5, 789.09, 171441, 41
1310, 4, 22, 89, 60, 0, 45.05%, 0, 0, 5, 779.57, 175328, 41
1315, 4, 74, 89, 59, 0, 45.05%, 0, 0, 5, 719.32, 178958, 41
1320, 4, 62, 90, 58, 0, 45.05%, 0, 0, 5, 748.13, 182707, 41
1325, 4, 64, 91, 57, 0, 45.05%, 0, 0, 5, 787.87, 186768, 41
1333, 5, 64, 92, 58, 0, 45.05%, 0, 0, 5, 30.54, 190131, 41
1338, 5, 22, 92, 57, 0, 45.05%, 0, 0, 5, 676.44, 194053, 41
1343, 5, 17, 92, 57, 0, 45.05%, 0, 0, 5, 770.09, 198193, 41
1348, 5, 22, 93, 57, 0, 45.05%, 0, 0, 5, 801.63, 202391, 41
1354, 5, 64, 94, 58, 0, 45.05%, 0, 0, 5, 795.05, 206523, 41
1359, 5, 22, 96, 59, 0, 45.05%, 0, 0, 5, 775.78, 210372, 41
1364, 6, 22, 97, 60, 0, 45.05%, 0, 0, 5, 794.48, 214463, 41
1369, 6, 25, 97, 58, 0, 45.05%, 0, 0, 5, 798.34, 218506, 41
1374, 6, 17, 97, 58, 0, 45.05%, 0, 0, 5, 802.79, 222679, 41
1379, 6, 22, 98, 59, 0, 45.05%, 0, 0, 5, 804.96, 226778, 41
1384, 6, 55, 99, 59, 0, 45.05%, 0, 0, 5, 807.90, 230831, 41
1389, 6, 22, 99, 58, 0, 45.05%, 0, 0, 5, 803.93, 235031, 41
1394, 7, 25, 99, 58, 0, 45.05%, 0, 0, 5, 784.69, 238976, 41
1400, 7, 22, 99, 57, 0, 45.05%, 0, 0, 5, 795.64, 243096, 41
1405, 7, 22, 99, 56, 0, 45.05%, 0, 0, 5, 805.48, 247244, 41
1410, 7, 22, 99, 56, 0, 45.05%, 0, 0, 5, 832.61, 250360, 41
1415, 7, 22, 99, 54, 0, 45.05%, 0, 0, 5, 828.06, 254615, 41
1420, 7, 22, 99, 54, 0, 45.05%, 0, 0, 5, 822.64, 258868, 41
1425, 7, 22, 99, 53, 0, 45.05%, 0, 0, 5, 811.76, 263039, 41
1431, 8, 29, 99, 53, 0, 45.05%, 0, 0, 5, 796.88, 267145, 41
1436, 8, 22, 99, 52, 0, 45.05%, 0, 0, 5, 817.00, 271349, 41
1441, 8, 17, 99, 50, 0, 45.05%, 0, 0, 5, 805.60, 275360, 41
1446, 8, 19, 99, 48, 0, 45.05%, 0, 0, 5, 810.52, 279558, 41
1451, 8, 22, 99, 47, 0, 45.05%, 0, 0, 5, 817.43, 283617, 41
1456, 8, 64, 99, 45, 0, 45.05%, 0, 0, 5, 809.48, 287802, 41
1461, 9, 14, 99, 44, 0, 45.05%, 0, 0, 5, 824.86, 291894, 41
1466, 9, 22, 99, 44, 0, 45.05%, 0, 0, 5, 839.93, 296264, 41
1471, 9, 22, 99, 41, 0, 45.05%, 0, 0, 5, 837.45, 300423, 41
1477, 9, 17, 99, 41, 0, 45.05%, 0, 0, 5, 840.29, 304730, 41
1482, 9, 79, 99, 40, 0, 45.05%, 0, 0, 5, 842.88, 308886, 41
1487, 9, 22, 99, 40, 0, 45.05%, 0, 0, 5, 805.95, 312874, 41
1492, 10, 22, 99, 39, 0, 45.05%, 0, 0, 5, 823.55, 317116, 41
1497, 10, 14, 99, 39, 0, 45.05%, 0, 0, 5, 828.92, 321329, 41
1502, 10, 16, 99, 39, 0, 45.05%, 0, 0, 5, 830.20, 325591, 41
1507, 10, 17, 100, 39, 0, 45.05%, 0, 0, 5, 832.32, 329906, 41
1512, 10, 97, 100, 39, 0, 45.05%, 0, 0, 5, 824.82, 334036, 41
1517, 10, 79, 100, 38, 0, 45.05%, 0, 0, 5, 833.92, 338280, 41
1522, 11, 29, 100, 36, 0, 45.05%, 0, 0, 5, 828.77, 342335, 41
1528, 11, 21, 100, 35, 0, 45.05%, 0, 0, 5, 843.98, 346542, 41
1533, 11, 22, 100, 35, 0, 45.05%, 0, 0, 5, 834.85, 350885, 41
1538, 11, 89, 100, 35, 0, 45.05%, 0, 0, 5, 837.83, 355132, 41
1543, 11, 14, 100, 33, 0, 45.05%, 0, 0, 5, 828.34, 359269, 41
1548, 11, 84, 100, 33, 0, 45.05%, 0, 0, 5, 817.08, 363553, 41
1553, 12, 22, 100, 32, 0, 45.05%, 0, 0, 5, 829.33, 367757, 41
1558, 12, 22, 100, 32, 0, 45.05%, 0, 0, 5, 824.30, 372026, 41
1563, 12, 73, 101, 33, 0, 45.05%, 0, 0, 5, 813.94, 376312, 41
1568, 12, 22, 101, 31, 0, 45.05%, 0, 0, 5, 817.86, 380486, 41
1574, 12, 16, 101, 31, 0, 45.05%, 0, 0, 5, 828.77, 384803, 41
1579, 12, 29, 101, 30, 0, 45.05%, 0, 0, 5, 848.19, 389214, 41
1584, 13, 79, 101, 30, 0, 45.05%, 0, 0, 5, 842.15, 393617, 41
1589, 13, 22, 101, 30, 0, 45.05%, 0, 0, 5, 842.96, 397989, 41
1594, 13, 22, 101, 29, 0, 45.05%, 0, 0, 5, 847.73, 402394, 41
1599, 13, 22, 101, 29, 0, 45.05%, 0, 0, 5, 852.19, 406825, 41
1604, 13, 64, 101, 29, 0, 45.05%, 0, 0, 5, 845.45, 411075, 41
1610, 13, 22, 101, 29, 0, 45.05%, 0, 0, 5, 854.85, 415434, 41
1615, 14, 5, 101, 29, 0, 45.05%, 0, 0, 5, 854.18, 419796, 41
1620, 14, 19, 101, 29, 0, 45.05%, 0, 0, 5, 855.27, 424196, 41
1625, 14, 22, 101, 29, 0, 45.05%, 0, 0, 5, 842.79, 428515, 41
1630, 14, 22, 101, 29, 0, 45.05%, 0, 0, 5, 859.53, 433002, 41
1635, 14, 22, 101, 28, 0, 45.05%, 0, 0, 5, 831.75, 437053, 41
1640, 14, 25, 101, 27, 0, 45.05%, 0, 0, 5, 798.97, 440999, 41
1645, 15, 22, 101, 26, 0, 45.05%, 0, 0, 5, 854.58, 445469, 41
1650, 15, 22, 101, 25, 0, 45.05%, 0, 0, 5, 845.28, 449698, 41
1656, 15, 16, 101, 25, 0, 45.05%, 0, 0, 5, 852.81, 454058, 41
1661, 15, 29, 101, 24, 0, 45.05%, 0, 0, 5, 870.57, 458423, 41
1666, 15, 79, 101, 24, 0, 45.05%, 0, 0, 5, 858.57, 462796, 41
1671, 15, 22, 102, 25, 0, 45.05%, 0, 0, 5, 856.88, 467132, 41
1676, 16, 22, 102, 25, 0, 45.05%, 0, 0, 5, 848.30, 471506, 41
1681, 16, 22, 102, 25, 0, 45.05%, 0, 0, 5, 858.25, 475877, 41
1686, 16, 16, 102, 25, 0, 45.05%, 0, 0, 5, 867.10, 480323, 41
1692, 16, 19, 102, 24, 0, 45.05%, 0, 0, 5, 876.48, 484859, 41
1697, 16, 22, 102, 24, 0, 45.05%, 0, 0, 5, 849.20, 489176, 41
1702, 16, 22, 102, 23, 0, 45.05%, 0, 0, 5, 859.81, 493577, 41
1707, 17, 22, 102, 23, 0, 45.05%, 0, 0, 5, 862.05, 497993, 41
1712, 17, 14, 102, 22, 0, 45.05%, 0, 0, 5, 869.11, 502453, 41
1717, 17, 22, 102, 22, 0, 45.05%, 0, 0, 5, 871.04, 506880, 41
1723, 17, 16, 102, 20, 0, 45.05%, 0, 0, 5, 876.61, 511374, 41
1728, 17, 14, 102, 19, 0, 45.05%, 0, 0, 5, 855.25, 515612, 41
1733, 18, 17, 102, 19, 0, 45.05%, 0, 0, 5, 869.96, 519924, 41
1738, 18, 101, 102, 19, 0, 45.05%, 0, 0, 5, 765.72, 523884, 41
1743, 18, 64, 102, 18, 0, 45.05%, 0, 0, 5, 799.67, 527861, 41
1748, 18, 22, 102, 18, 0, 45.05%, 0, 0, 5, 840.80, 532259, 41
1753, 18, 22, 102, 18, 0, 45.05%, 0, 0, 5, 827.36, 536501, 41
1758, 18, 22, 102, 18, 0, 45.05%, 0, 0, 5, 852.58, 540946, 41
1763, 19, 25, 102, 17, 0, 45.05%, 0, 0, 5, 859.75, 545400, 41
1768, 19, 17, 102, 16, 0, 45.05%, 0, 0, 5, 809.93, 549281, 41
1773, 19, 64, 102, 16, 0, 45.05%, 0, 0, 5, 847.21, 553608, 41
1779, 19, 14, 102, 16, 0, 45.05%, 0, 0, 5, 846.02, 558002, 41
1784, 19, 22, 102, 16, 0, 45.05%, 0, 0, 5, 867.89, 562409, 41
1789, 19, 22, 102, 16, 0, 45.05%, 0, 0, 5, 873.80, 566939, 41
1794, 20, 64, 102, 15, 0, 45.05%, 0, 0, 5, 866.71, 571433, 41
1799, 20, 22, 102, 14, 0, 45.05%, 0, 0, 5, 859.33, 575750, 41
1804, 20, 87, 102, 14, 0, 45.05%, 0, 0, 5, 862.19, 580236, 41
1809, 20, 22, 102, 13, 0, 45.05%, 0, 0, 5, 817.55, 584099, 41
1814, 20, 22, 103, 14, 0, 45.05%, 0, 0, 5, 847.38, 588492, 41
1820, 20, 22, 103, 14, 0, 45.05%, 0, 0, 5, 855.55, 592933, 41
1825, 20, 22, 103, 13, 0, 45.05%, 0, 0, 5, 661.56, 595829, 41
1830, 21, 79, 103, 13, 0, 45.05%, 0, 0, 5, 811.76, 600265, 41
1835, 21, 22, 103, 13, 0, 45.05%, 0, 0, 5, 863.77, 604790, 41
1840, 21, 22, 103, 13, 0, 45.05%, 0, 0, 5, 874.02, 609298, 41
1845, 21, 17, 103, 11, 0, 45.05%, 0, 0, 5, 808.16, 613246, 41
1850, 21, 22, 103, 11, 0, 45.05%, 0, 0, 5, 858.99, 617719, 41
1855, 21, 29, 103, 11, 0, 45.05%, 0, 0, 5, 857.32, 622168, 41
1861, 21, 64, 103, 11, 0, 45.05%, 0, 0, 5, 857.10, 626609, 41
1866, 22, 22, 103, 11, 0, 45.05%, 0, 0, 5, 860.62, 630904, 41
1871, 22, 22, 103, 11, 0, 45.05%, 0, 0, 5, 859.23, 635371, 41
1876, 22, 21, 103, 11, 0, 45.05%, 0, 0, 5, 873.17, 639855, 41
1881, 22, 22, 103, 11, 0, 45.05%, 0, 0, 5, 879.95, 644246, 41
1886, 22, 22, 104, 12, 0, 45.05%, 0, 0, 5, 857.93, 648636, 41
1892, 23, 22, 104, 12, 0, 45.05%, 0, 0, 5, 861.60, 653066, 41
1897, 23, 22, 104, 12, 0, 45.05%, 0, 0, 5, 861.82, 657349, 41
1902, 23, 25, 104, 11, 0, 45.05%, 0, 0, 5, 867.60, 661672, 41
1907, 23, 22, 104, 11, 0, 45.05%, 0, 0, 5, 858.78, 666097, 41
1912, 23, 22, 105, 12, 0, 45.05%, 0, 0, 5, 879.87, 670636, 41
1917, 23, 22, 105, 12, 0, 45.05%, 0, 0, 5, 870.37, 675093, 41
1922, 24, 64, 105, 12, 0, 45.05%, 0, 0, 5, 865.83, 679515, 41
1927, 24, 22, 105, 12, 0, 45.05%, 0, 0, 5, 853.81, 683886, 41
1933, 24, 64, 105, 12, 0, 45.05%, 0, 0, 5, 861.23, 688322, 41
1938, 24, 22, 105, 12, 0, 45.05%, 0, 0, 5, 863.78, 692837, 41
1943, 24, 22, 105, 12, 0, 45.05%, 0, 0, 5, 851.44, 697273, 41
1948, 24, 22, 105, 12, 0, 45.05%, 0, 0, 5, 831.61, 701222, 41
1953, 25, 22, 105, 12, 0, 45.05%, 0, 0, 5, 836.66, 705604, 41
1958, 25, 19, 105, 12, 0, 45.05%, 0, 0, 5, 859.77, 709924, 41
1963, 25, 103, 105, 12, 0, 45.05%, 0, 0, 5, 563.09, 712550, 41
1968, 25, 22, 105, 11, 0, 45.05%, 0, 0, 5, 786.56, 716899, 41
1974, 25, 75, 105, 11, 0, 45.05%, 0, 0, 5, 822.91, 721267, 41
1979, 25, 22, 105, 10, 0, 45.05%, 0, 0, 5, 841.21, 725677, 41
1984, 25, 64, 105, 10, 0, 45.05%, 0, 0, 5, 862.61, 730027, 41
1989, 26, 25, 105, 10, 0, 45.05%, 0, 0, 5, 863.30, 734371, 41
1994, 26, 22, 105, 10, 0, 45.05%, 0, 0, 5, 865.47, 738859, 41
1999, 26, 22, 105, 10, 0, 45.05%, 0, 0, 5, 844.81, 743254, 41
2004, 26, 22, 105, 10, 0, 45.05%, 0, 0, 5, 856.21, 747649, 41
2009, 26, 22, 105, 10, 0, 45.05%, 0, 0, 5, 841.01, 751896, 41
2015, 27, 17, 105, 9, 0, 45.05%, 0, 0, 5, 859.43, 756397, 41
2020, 27, 22, 105, 9, 0, 45.05%, 0, 0, 5, 861.99, 760875, 41
2025, 27, 22, 105, 9, 0, 45.05%, 0, 0, 5, 866.86, 765309, 41
2030, 27, 22, 105, 9, 0, 45.05%, 0, 0, 5, 868.41, 769805, 41
2035, 27, 17, 105, 9, 0, 45.05%, 0, 0, 5, 864.84, 774262, 41
2040, 27, 22, 105, 8, 0, 45.05%, 0, 0, 5, 866.71, 778691, 41
2046, 28, 22, 105, 8, 0, 45.05%, 0, 0, 5, 869.50, 783016, 41
2051, 28, 22, 105, 8, 0, 45.05%, 0, 0, 5, 855.93, 787397, 41
2056, 28, 22, 105, 8, 0, 45.05%, 0, 0, 5, 862.01, 791852, 41
2058, 28, 22, 105, 8, 0, 45.05%, 1, 0, 5, 0.00, 793304, 41
