# relative_time, cycles_done, cur_item, corpus_count, pending_total, pending_favs, map_size, saved_crashes, saved_hangs, max_depth, execs_per_sec, total_execs, edges_found
60, 0, 0, 12, 9, 0, 24.21%, 0, 0, 2, 714.82, 8826, 23
73, 0, 0, 12, 9, 0, 24.21%, 0, 0, 2, 9.67, 10200, 23
81, 0, 0, 12, 9, 0, 24.21%, 0, 0, 2, 8.28, 11054, 23
92, 0, 0, 12, 9, 0, 24.21%, 0, 0, 2, 0.09, 11055, 23
97, 0, 0, 15, 11, 0, 25.26%, 0, 0, 2, 758.68, 14870, 24
118, 1, 0, 15, 11, 0, 25.26%, 0, 0, 2, 3.46, 16201, 24
123, 1, 0, 17, 12, 0, 27.37%, 0, 0, 2, 741.73, 20008, 26
143, 1, 0, 17, 11, 0, 27.37%, 0, 0, 2, 6.08, 21459, 26
148, 1, 13, 17, 11, 0, 27.37%, 0, 0, 2, 746.01, 25255, 26
161, 1, 13, 17, 11, 0, 27.37%, 0, 0, 2, 1.26, 25897, 26
178, 2, 17, 23, 16, 0, 32.63%, 0, 0, 4, 8.53, 29351, 31
183, 2, 17, 24, 17, 0, 32.63%, 0, 0, 4, 757.83, 33273, 31
199, 2, 17, 26, 19, 0, 34.74%, 0, 0, 4, 4.42, 35147, 33
204, 2, 27, 34, 26, 4, 35.79%, 0, 0, 5, 762.82, 39046, 34
212, 2, 27, 35, 27, 4, 35.79%, 0, 0, 5, 22.42, 41108, 34
220, 2, 27, 35, 27, 4, 35.79%, 0, 0, 5, 0.63, 41113, 34
225, 2, 27, 38, 30, 4, 35.79%, 0, 0, 5, 794.96, 45149, 34
234, 2, 27, 41, 33, 4, 35.79%, 0, 0, 5, 21.75, 46970, 34
248, 2, 27, 42, 34, 4, 35.79%, 0, 0, 5, 7.80, 50487, 34
253, 2, 0, 44, 33, 1, 35.79%, 0, 0, 5, 790.87, 54642, 34
261, 2, 0, 46, 34, 0, 35.79%, 0, 0, 5, 28.61, 56616, 34
274, 2, 0, 50, 38, 0, 35.79%, 0, 0, 5, 18.44, 60715, 34
279, 2, 0, 50, 38, 0, 35.79%, 0, 0, 5, 794.51, 64724, 34
286, 2, 0, 50, 37, 0, 35.79%, 0, 0, 5, 10.27, 66715, 34
291, 2, 18, 52, 38, 0, 35.79%, 0, 0, 6, 788.52, 70658, 34
302, 2, 0, 52, 38, 0, 35.79%, 0, 0, 6, 8.28, 73541, 34
307, 2, 25, 52, 38, 0, 35.79%, 0, 0, 6, 808.31, 77560, 34
321, 2, 0, 52, 38, 0, 35.79%, 0, 0, 6, 4.25, 80746, 34
326, 3, 0, 52, 38, 0, 35.79%, 0, 0, 6, 789.71, 84749, 34
333, 3, 0, 52, 37, 0, 35.79%, 0, 0, 6, 22.31, 87994, 34
338, 3, 0, 52, 37, 0, 35.79%, 0, 0, 6, 742.47, 91890, 34
345, 3, 0, 52, 37, 0, 35.79%, 0, 0, 6, 7.71, 93600, 34
350, 3, 25, 52, 37, 0, 35.79%, 0, 0, 6, 766.34, 97474, 34
355, 3, 28, 52, 37, 0, 35.79%, 0, 0, 6, 743.95, 101231, 34
360, 3, 15, 52, 36, 0, 35.79%, 0, 0, 6, 736.94, 104930, 34
367, 3, 0, 52, 36, 0, 35.79%, 0, 0, 6, 26.23, 107503, 34
372, 4, 0, 52, 36, 0, 35.79%, 0, 0, 6, 735.23, 111309, 34
377, 4, 0, 52, 36, 0, 35.79%, 0, 0, 6, 728.77, 113903, 34
382, 4, 25, 52, 36, 0, 35.79%, 0, 0, 6, 753.53, 117752, 34
387, 4, 0, 52, 36, 0, 35.79%, 0, 0, 6, 782.51, 121704, 34
392, 4, 0, 52, 36, 0, 35.79%, 0, 0, 6, 770.54, 125680, 34
397, 4, 17, 52, 36, 0, 35.79%, 0, 0, 6, 781.02, 129721, 34
406, 5, 0, 52, 36, 0, 35.79%, 0, 0, 6, 35.71, 133228, 34
411, 5, 0, 52, 36, 0, 35.79%, 0, 0, 6, 759.85, 137119, 34
416, 5, 0, 52, 36, 0, 35.79%, 0, 0, 6, 775.38, 141035, 34
421, 5, 36, 52, 36, 0, 35.79%, 0, 0, 6, 781.39, 144963, 34
426, 5, 0, 53, 34, 0, 36.84%, 0, 0, 6, 766.75, 148797, 35
433, 5, 0, 53, 34, 0, 36.84%, 0, 0, 6, 22.34, 151860, 35
438, 5, 0, 53, 34, 0, 36.84%, 0, 0, 6, 691.71, 155753, 35
443, 6, 52, 54, 35, 0, 36.84%, 0, 0, 6, 749.31, 159638, 35
448, 6, 13, 56, 37, 0, 36.84%, 0, 0, 6, 766.73, 163555, 35
453, 6, 0, 56, 37, 0, 36.84%, 0, 0, 6, 760.82, 167400, 35
459, 6, 0, 56, 37, 0, 36.84%, 0, 0, 6, 40.08, 170628, 35
464, 6, 0, 56, 37, 0, 36.84%, 0, 0, 6, 776.72, 174510, 35
469, 6, 0, 56, 37, 0, 36.84%, 0, 0, 6, 778.34, 178410, 35
474, 6, 24, 56, 37, 0, 36.84%, 0, 0, 6, 782.88, 182373, 35
479, 6, 0, 56, 37, 0, 36.84%, 0, 0, 6, 781.57, 186320, 35
487, 7, 52, 56, 37, 0, 36.84%, 0, 0, 6, 3.81, 189137, 35
492, 7, 0, 56, 37, 0, 36.84%, 0, 0, 6, 780.39, 193087, 35
497, 7, 18, 56, 37, 0, 36.84%, 0, 0, 6, 797.32, 197200, 35
502, 7, 0, 56, 37, 0, 36.84%, 0, 0, 6, 798.28, 201181, 35
507, 7, 0, 56, 37, 0, 36.84%, 0, 0, 6, 794.50, 205307, 35
512, 7, 25, 56, 36, 0, 36.84%, 0, 0, 6, 775.58, 209177, 35
517, 7, 0, 56, 36, 0, 36.84%, 0, 0, 6, 746.44, 212898, 35
523, 7, 0, 56, 36, 0, 36.84%, 0, 0, 6, 768.13, 216889, 35
528, 8, 0, 56, 35, 0, 36.84%, 0, 0, 6, 766.05, 220720, 35
533, 8, 0, 56, 34, 0, 36.84%, 0, 0, 6, 780.58, 224648, 35
538, 8, 0, 56, 34, 0, 36.84%, 0, 0, 6, 776.89, 228540, 35
543, 8, 0, 56, 34, 0, 36.84%, 0, 0, 6, 761.24, 232492, 35
548, 8, 0, 56, 34, 0, 36.84%, 0, 0, 6, 778.52, 236539, 35
553, 8, 0, 56, 34, 0, 36.84%, 0, 0, 6, 787.82, 240547, 35
558, 8, 0, 56, 34, 0, 36.84%, 0, 0, 6, 779.31, 244424, 35
563, 9, 0, 56, 34, 0, 36.84%, 0, 0, 6, 780.40, 248296, 35
568, 9, 24, 56, 34, 0, 36.84%, 0, 0, 6, 784.95, 252373, 35
573, 9, 0, 56, 34, 0, 36.84%, 0, 0, 6, 799.71, 256515, 35
579, 9, 13, 56, 33, 0, 36.84%, 0, 0, 6, 787.19, 260607, 35
584, 9, 52, 56, 32, 0, 36.84%, 0, 0, 6, 778.26, 264538, 35
589, 9, 0, 56, 32, 0, 36.84%, 0, 0, 6, 770.95, 268406, 35
594, 9, 24, 56, 32, 0, 36.84%, 0, 0, 6, 779.48, 272312, 35
599, 10, 0, 56, 32, 0, 36.84%, 0, 0, 6, 804.02, 276510, 35
604, 10, 0, 75, 51, 0, 36.84%, 0, 0, 6, 790.52, 280477, 35
609, 10, 68, 78, 54, 0, 36.84%, 0, 0, 6, 780.45, 284407, 35
614, 10, 24, 81, 55, 0, 36.84%, 0, 0, 6, 761.46, 288302, 35
619, 10, 0, 82, 55, 0, 36.84%, 0, 0, 7, 780.60, 292384, 35
624, 10, 0, 82, 55, 0, 36.84%, 0, 0, 7, 774.30, 296311, 35
630, 10, 64, 82, 55, 0, 36.84%, 0, 0, 7, 786.21, 300298, 35
635, 10, 0, 87, 58, 0, 37.89%, 0, 0, 7, 808.44, 304352, 36
640, 10, 83, 89, 60, 0, 44.21%, 0, 0, 7, 779.88, 308268, 42
640, 10, 83, 89, 60, 0, 44.21%, 1, 0, 7, 0.00, 308839, 42
