# relative_time, cycles_done, cur_item, corpus_count, pending_total, pending_favs, map_size, saved_crashes, saved_hangs, max_depth, execs_per_sec, total_execs, edges_found
73, 0, 1, 9, 7, 0, 29.03%, 0, 0, 3, 0.04, 1724, 18
78, 0, 1, 9, 7, 0, 29.03%, 0, 0, 3, 360.00, 1800, 18
122, 0, 1, 11, 9, 0, 29.03%, 0, 0, 3, 0.89, 2995, 18
127, 0, 1, 12, 10, 0, 30.65%, 0, 0, 3, 407.19, 3782, 19
170, 0, 3, 16, 12, 0, 30.65%, 0, 0, 4, 11.19, 5092, 19
170, 0, 3, 16, 12, 0, 30.65%, 0, 0, 4, 0.03, 5093, 19
175, 0, 3, 16, 12, 0, 30.65%, 0, 0, 4, 0.36, 5095, 19
181, 0, 16, 20, 14, 0, 40.32%, 0, 0, 5, 371.29, 7031, 25
214, 0, 16, 21, 15, 0, 40.32%, 0, 0, 5, 2.10, 7269, 25
222, 0, 16, 21, 15, 0, 40.32%, 0, 0, 5, 0.14, 7270, 25
263, 0, 16, 22, 16, 0, 41.94%, 0, 0, 5, 0.90, 8284, 26
268, 0, 16, 22, 16, 0, 41.94%, 0, 0, 5, 401.74, 10321, 26
306, 0, 16, 22, 16, 0, 41.94%, 0, 0, 5, 0.19, 10440, 26
346, 0, 16, 22, 16, 0, 41.94%, 0, 0, 5, 2.11, 11830, 26
351, 0, 19, 25, 17, 1, 41.94%, 0, 0, 6, 372.59, 13693, 26
384, 0, 21, 25, 16, 0, 41.94%, 0, 0, 6, 0.87, 13973, 26
419, 0, 21, 27, 18, 0, 41.94%, 0, 0, 6, 0.21, 14962, 26
455, 0, 17, 30, 21, 0, 43.55%, 0, 0, 6, 2.05, 17079, 27
486, 0, 17, 34, 25, 0, 45.16%, 0, 0, 6, 2.64, 17723, 28
491, 0, 18, 36, 25, 0, 45.16%, 0, 0, 6, 410.91, 19811, 28
522, 0, 31, 36, 25, 0, 45.16%, 0, 0, 6, 0.81, 20111, 28
527, 0, 30, 40, 29, 0, 46.77%, 0, 0, 6, 404.52, 22219, 29
557, 0, 3, 40, 28, 0, 46.77%, 0, 0, 6, 2.35, 22530, 29
591, 0, 21, 41, 28, 0, 46.77%, 0, 0, 6, 2.18, 23543, 29
596, 0, 39, 43, 30, 0, 46.77%, 0, 0, 7, 402.48, 25609, 29
625, 0, 39, 43, 30, 0, 46.77%, 0, 0, 7, 1.74, 25946, 29
656, 0, 41, 45, 31, 0, 46.77%, 0, 0, 8, 2.36, 27667, 29
664, 0, 41, 45, 31, 0, 46.77%, 0, 0, 8, 1.49, 29090, 29
680, 0, 41, 45, 31, 0, 46.77%, 0, 0, 8, 1.44, 29100, 29
712, 0, 11, 47, 33, 0, 46.77%, 0, 0, 8, 1.75, 30856, 29
717, 0, 47, 49, 34, 0, 48.39%, 0, 0, 8, 461.67, 33283, 30
739, 0, 47, 49, 34, 0, 48.39%, 0, 0, 8, 0.74, 33491, 30
740, 0, 47, 49, 34, 0, 48.39%, 1, 0, 8, 0.00, 33842, 30
