# relative_time, cycles_done, cur_item, corpus_count, pending_total, pending_favs, map_size, saved_crashes, saved_hangs, max_depth, execs_per_sec, total_execs, edges_found
60, 0, 2, 12, 8, 0, 30.11%, 0, 0, 3, 735.41, 8904, 28
73, 0, 2, 13, 9, 0, 30.11%, 0, 0, 3, 12.90, 10389, 28
81, 0, 2, 13, 9, 0, 30.11%, 0, 0, 3, 6.23, 11259, 28
92, 0, 2, 13, 9, 0, 30.11%, 0, 0, 3, 0.46, 11264, 28
97, 0, 2, 15, 11, 0, 32.26%, 0, 0, 3, 792.41, 15383, 30
118, 0, 2, 15, 11, 0, 32.26%, 0, 0, 3, 0.06, 16612, 30
123, 0, 13, 16, 8, 0, 33.33%, 0, 0, 3, 738.23, 20575, 31
143, 0, 0, 17, 9, 0, 33.33%, 0, 0, 3, 6.83, 21951, 31
148, 1, 14, 18, 10, 0, 33.33%, 0, 0, 4, 734.69, 25755, 31
161, 1, 14, 18, 10, 0, 33.33%, 0, 0, 4, 14.12, 26389, 31
178, 1, 14, 19, 11, 0, 33.33%, 0, 0, 4, 7.56, 29812, 31
183, 1, 23, 27, 15, 0, 39.78%, 0, 0, 5, 722.19, 33805, 37
199, 1, 23, 29, 17, 0, 40.86%, 0, 0, 5, 4.42, 35621, 38
204, 1, 23, 31, 19, 0, 40.86%, 0, 0, 5, 758.15, 39730, 38
220, 1, 23, 34, 22, 0, 40.86%, 0, 0, 5, 2.18, 41682, 38
225, 1, 29, 37, 23, 0, 40.86%, 0, 0, 6, 813.11, 45905, 38
234, 1, 15, 37, 23, 0, 40.86%, 0, 0, 6, 8.51, 47688, 38
248, 1, 13, 41, 25, 0, 40.86%, 0, 0, 6, 9.87, 51157, 38
253, 2, 0, 42, 25, 0, 40.86%, 0, 0, 6, 820.63, 55410, 38
261, 2, 24, 44, 26, 0, 41.94%, 0, 0, 6, 5.69, 57482, 39
274, 2, 44, 49, 29, 0, 43.01%, 0, 0, 7, 13.15, 61672, 40
279, 2, 44, 49, 29, 0, 43.01%, 0, 0, 7, 804.57, 65727, 40
286, 2, 44, 49, 29, 0, 43.01%, 0, 0, 7, 7.28, 67808, 40
291, 2, 14, 51, 31, 0, 43.01%, 0, 0, 7, 856.89, 72212, 40
302, 2, 0, 52, 31, 0, 43.01%, 0, 0, 7, 17.29, 74997, 40
307, 2, 44, 53, 31, 0, 43.01%, 0, 0, 7, 830.60, 79137, 40
321, 2, 46, 53, 30, 0, 43.01%, 0, 0, 7, 6.57, 82501, 40
326, 2, 46, 54, 29, 0, 43.01%, 0, 0, 7, 855.80, 86798, 40
332, 2, 0, 55, 29, 0, 43.01%, 0, 0, 7, 23.73, 90307, 40
338, 3, 46, 56, 30, 0, 43.01%, 0, 0, 7, 810.51, 94569, 40
345, 3, 43, 56, 29, 0, 43.01%, 0, 0, 7, 3.12, 96481, 40
351, 3, 40, 56, 28, 0, 43.01%, 0, 0, 7, 858.24, 100908, 40
356, 3, 2, 56, 27, 0, 43.01%, 0, 0, 7, 788.19, 104762, 40
361, 3, 13, 56, 27, 0, 43.01%, 0, 0, 7, 817.20, 108962, 40
366, 3, 13, 56, 27, 0, 43.01%, 0, 0, 7, 26.48, 111431, 40
371, 4, 0, 56, 26, 0, 43.01%, 0, 0, 7, 841.21, 115635, 40
377, 4, 44, 57, 27, 0, 44.09%, 0, 0, 7, 862.24, 118495, 41
382, 4, 56, 59, 28, 0, 45.16%, 0, 0, 8, 843.53, 122709, 42
387, 4, 56, 60, 29, 0, 45.16%, 0, 0, 8, 841.32, 127040, 42
392, 4, 56, 60, 29, 0, 45.16%, 0, 0, 8, 826.18, 131331, 42
397, 4, 58, 62, 30, 0, 47.31%, 0, 0, 9, 825.63, 135514, 44
406, 4, 58, 63, 31, 0, 48.39%, 0, 0, 9, 19.28, 139473, 45
411, 4, 62, 63, 30, 1, 48.39%, 0, 0, 9, 810.28, 143669, 45
416, 4, 61, 64, 30, 0, 48.39%, 1, 0, 10, 0.00, 147737, 45
