# relative_time, cycles_done, cur_item, corpus_count, pending_total, pending_favs, map_size, saved_crashes, saved_hangs, max_depth, execs_per_sec, total_execs, edges_found
73, 0, 0, 4, 2, 0, 29.47%, 0, 0, 2, 0.07, 1770, 28
78, 0, 0, 4, 2, 0, 29.47%, 0, 0, 2, 465.75, 1873, 28
122, 0, 0, 10, 7, 0, 29.47%, 0, 0, 2, 1.33, 3552, 28
127, 0, 0, 11, 8, 0, 29.47%, 0, 0, 2, 642.03, 4891, 28
176, 0, 0, 13, 10, 0, 30.53%, 0, 0, 2, 2.92, 6870, 29
181, 0, 11, 17, 13, 1, 33.68%, 0, 0, 3, 585.91, 9894, 32
215, 0, 11, 18, 14, 1, 33.68%, 0, 0, 3, 0.66, 10319, 32
222, 0, 11, 18, 14, 1, 33.68%, 0, 0, 3, 0.66, 10324, 32
264, 0, 11, 18, 14, 1, 33.68%, 0, 0, 3, 1.42, 11925, 32
269, 0, 11, 22, 18, 1, 34.74%, 0, 0, 3, 646.20, 15236, 33
306, 0, 11, 22, 18, 1, 34.74%, 0, 0, 3, 0.16, 15410, 33
346, 0, 11, 23, 19, 1, 34.74%, 0, 0, 3, 0.99, 17655, 33
352, 0, 11, 25, 21, 1, 35.79%, 0, 0, 3, 593.12, 20686, 34
384, 0, 11, 26, 22, 1, 36.84%, 0, 0, 3, 3.92, 21084, 35
390, 0, 22, 28, 22, 3, 37.89%, 0, 0, 4, 8.63, 22643, 36
420, 0, 22, 28, 22, 3, 37.89%, 0, 0, 4, 0.03, 22644, 36
455, 0, 27, 34, 24, 0, 38.95%, 0, 0, 5, 4.13, 25682, 37
487, 0, 27, 34, 24, 0, 38.95%, 0, 0, 5, 0.27, 26642, 37
492, 0, 27, 35, 25, 0, 40.00%, 0, 0, 5, 585.19, 29688, 38
522, 0, 27, 35, 25, 0, 40.00%, 0, 0, 5, 4.77, 30106, 38
527, 0, 32, 38, 27, 1, 40.00%, 0, 0, 5, 610.75, 33307, 38
557, 0, 32, 39, 27, 0, 40.00%, 0, 0, 6, 3.82, 33794, 38
592, 0, 32, 40, 28, 0, 40.00%, 0, 0, 6, 2.68, 35341, 38
597, 0, 34, 43, 31, 0, 41.05%, 0, 0, 6, 622.76, 38506, 39
626, 0, 34, 43, 31, 0, 41.05%, 0, 0, 6, 3.40, 39010, 39
656, 0, 34, 45, 33, 0, 41.05%, 0, 0, 6, 3.62, 41694, 39
665, 0, 41, 46, 33, 0, 41.05%, 0, 0, 7, 14.28, 43914, 39
680, 0, 41, 46, 33, 0, 41.05%, 0, 0, 7, 0.78, 43926, 39
713, 0, 25, 46, 33, 0, 41.05%, 0, 0, 7, 0.49, 46648, 39
718, 0, 41, 49, 36, 0, 41.05%, 0, 0, 7, 690.69, 50326, 39
740, 0, 4, 49, 36, 0, 41.05%, 0, 0, 7, 1.25, 50635, 39
748, 0, 4, 49, 36, 0, 41.05%, 0, 0, 7, 22.87, 52455, 39
762, 0, 4, 49, 36, 0, 41.05%, 0, 0, 7, 0.29, 52459, 39
788, 0, 34, 49, 36, 0, 41.05%, 0, 0, 7, 6.87, 55784, 39
793, 0, 23, 50, 36, 0, 42.11%, 0, 0, 7, 706.41, 59292, 40
817, 0, 16, 50, 36, 0, 42.11%, 0, 0, 7, 2.50, 59659, 40
837, 1, 49, 56, 42, 0, 43.16%, 0, 0, 7, 3.69, 62098, 41
842, 1, 56, 65, 50, 0, 43.16%, 0, 0, 7, 768.42, 65958, 41
864, 1, 49, 65, 49, 0, 43.16%, 0, 0, 7, 1.77, 66321, 41
892, 1, 53, 72, 55, 0, 44.21%, 0, 0, 7, 5.01, 70192, 42
898, 1, 4, 75, 57, 0, 45.26%, 0, 0, 7, 786.09, 74223, 43
916, 1, 72, 77, 59, 0, 45.26%, 0, 0, 7, 8.51, 74876, 43
921, 1, 72, 79, 61, 0, 45.26%, 0, 0, 7, 68.97, 77500, 43
933, 1, 72, 79, 61, 0, 45.26%, 0, 0, 7, 0.08, 77501, 43
946, 1, 72, 81, 63, 0, 45.26%, 0, 0, 7, 8.50, 80115, 43
954, 1, 72, 81, 63, 0, 45.26%, 0, 0, 7, 7.75, 80135, 43
959, 1, 76, 81, 62, 0, 45.26%, 0, 0, 7, 773.28, 84152, 43
969, 1, 76, 81, 62, 0, 45.26%, 0, 0, 7, 9.56, 84902, 43
971, 1, 76, 81, 62, 0, 45.26%, 1, 0, 7, 0.00, 86503, 43
