# relative_time, cycles_done, cur_item, corpus_count, pending_total, pending_favs, map_size, saved_crashes, saved_hangs, max_depth, execs_per_sec, total_execs, edges_found
77, 0, 0, 20, 20, 1, 36.26%, 0, 0, 2, 0.04, 1717, 33
78, 0, 0, 20, 20, 1, 36.26%, 0, 0, 2, 398.15, 1806, 33
122, 0, 0, 22, 22, 1, 36.26%, 0, 0, 2, 1.28, 3446, 33
127, 0, 0, 24, 24, 1, 37.36%, 0, 0, 2, 627.96, 4764, 34
176, 0, 0, 24, 24, 1, 37.36%, 0, 0, 2, 0.56, 6733, 34
176, 0, 0, 24, 24, 1, 37.36%, 0, 0, 2, 0.53, 6734, 34
181, 0, 0, 24, 24, 1, 37.36%, 0, 0, 2, 577.08, 9637, 34
222, 0, 0, 24, 24, 1, 37.36%, 0, 0, 2, 2.98, 10154, 34
264, 0, 0, 26, 26, 1, 38.46%, 0, 0, 2, 1.13, 11730, 35
269, 0, 0, 26, 26, 1, 38.46%, 0, 0, 2, 636.25, 15014, 35
306, 0, 0, 26, 26, 1, 38.46%, 0, 0, 2, 0.27, 15168, 35
346, 0, 0, 27, 27, 1, 38.46%, 0, 0, 2, 3.61, 17373, 35
351, 0, 0, 30, 30, 1, 42.86%, 0, 0, 2, 578.66, 20338, 39
384, 0, 0, 30, 30, 1, 42.86%, 0, 0, 2, 0.68, 20756, 39
420, 0, 0, 30, 30, 1, 42.86%, 0, 0, 2, 0.73, 22302, 39
455, 0, 38, 40, 35, 5, 45.05%, 0, 0, 3, 3.77, 25286, 41
487, 0, 29, 42, 36, 4, 45.05%, 0, 0, 4, 3.73, 26219, 41
492, 0, 37, 48, 37, 0, 45.05%, 0, 0, 4, 572.17, 29141, 41
522, 0, 37, 48, 37, 0, 45.05%, 0, 0, 4, 3.31, 29636, 41
527, 0, 45, 51, 39, 0, 45.05%, 0, 0, 4, 604.52, 32800, 41
557, 0, 45, 51, 39, 0, 45.05%, 0, 0, 4, 3.61, 33280, 41
591, 0, 45, 51, 39, 0, 45.05%, 0, 0, 4, 2.03, 34809, 41
597, 0, 37, 54, 42, 0, 45.05%, 0, 0, 4, 610.90, 37952, 41
625, 0, 45, 54, 42, 0, 45.05%, 0, 0, 4, 3.01, 38406, 41
656, 0, 23, 55, 43, 0, 45.05%, 0, 0, 4, 4.90, 41068, 41
665, 0, 49, 57, 45, 0, 45.05%, 0, 0, 5, 9.59, 43250, 41
680, 0, 49, 57, 45, 0, 45.05%, 0, 0, 5, 0.92, 43264, 41
712, 0, 49, 57, 45, 0, 45.05%, 0, 0, 5, 4.54, 45941, 41
718, 0, 49, 57, 45, 0, 45.05%, 0, 0, 5, 679.14, 49567, 41
740, 0, 49, 57, 45, 0, 45.05%, 0, 0, 5, 1.39, 49879, 41
746, 0, 28, 57, 45, 0, 45.05%, 0, 0, 5, 0.48, 51660, 41
761, 0, 28, 57, 45, 0, 45.05%, 0, 0, 5, 0.54, 51670, 41
788, 0, 28, 57, 45, 0, 45.05%, 0, 0, 5, 1.19, 54946, 41
793, 0, 37, 57, 44, 0, 45.05%, 0, 0, 5, 694.15, 58401, 41
816, 0, 28, 57, 44, 0, 45.05%, 0, 0, 5, 1.88, 58763, 41
837, 0, 37, 58, 45, 0, 45.05%, 0, 0, 5, 3.45, 61169, 41
842, 0, 37, 58, 45, 0, 45.05%, 0, 0, 5, 763.30, 65128, 41
863, 0, 37, 58, 45, 0, 45.05%, 0, 0, 5, 5.01, 65399, 41
892, 0, 30, 58, 44, 0, 45.05%, 0, 0, 5, 1.80, 69210, 41
897, 0, 30, 58, 44, 0, 45.05%, 0, 0, 5, 780.07, 73111, 41
916, 0, 37, 58, 44, 0, 45.05%, 0, 0, 5, 7.05, 73869, 41
933, 1, 49, 59, 45, 0, 45.05%, 0, 0, 5, 8.31, 76462, 41
941, 1, 37, 61, 47, 0, 45.05%, 0, 0, 5, 5.64, 79025, 41
947, 1, 37, 61, 47, 0, 45.05%, 0, 0, 5, 8.90, 79031, 41
954, 1, 37, 61, 47, 0, 45.05%, 0, 0, 5, 8.49, 79048, 41
959, 1, 37, 62, 48, 0, 45.05%, 0, 0, 5, 764.90, 83044, 41
969, 1, 37, 62, 48, 0, 45.05%, 0, 0, 5, 7.98, 83771, 41
974, 1, 37, 62, 48, 0, 45.05%, 0, 0, 5, 768.04, 87751, 41
991, 1, 30, 62, 48, 0, 45.05%, 0, 0, 5, 1.30, 88190, 41
1006, 1, 41, 63, 48, 0, 45.05%, 0, 0, 5, 5.28, 91325, 41
1018, 1, 37, 65, 50, 0, 45.05%, 0, 0, 5, 16.19, 94889, 41
1026, 1, 37, 65, 50, 0, 45.05%, 0, 0, 5, 0.12, 94890, 41
1040, 1, 61, 67, 52, 0, 45.05%, 0, 0, 5, 7.47, 98740, 41
1043, 1, 49, 68, 52, 0, 45.05%, 1, 0, 5, 0.00, 100698, 41
