# relative_time, cycles_done, cur_item, corpus_count, pending_total, pending_favs, map_size, saved_crashes, saved_hangs, max_depth, execs_per_sec, total_execs, edges_found
78, 0, 0, 9, 8, 0, 30.77%, 0, 0, 2, 0.04, 1863, 28
79, 0, 0, 9, 8, 0, 30.77%, 0, 0, 2, 415.00, 1948, 28
90, 0, 0, 9, 8, 0, 30.77%, 0, 0, 2, 2.72, 3087, 28
122, 0, 0, 9, 8, 0, 30.77%, 0, 0, 2, 0.09, 3090, 28
128, 0, 0, 9, 8, 0, 30.77%, 0, 0, 2, 370.18, 3864, 28
171, 0, 0, 9, 8, 0, 30.77%, 0, 0, 2, 1.51, 5039, 28
176, 0, 0, 9, 8, 0, 30.77%, 0, 0, 2, 0.18, 5040, 28
181, 0, 0, 9, 8, 0, 30.77%, 0, 0, 2, 344.20, 6761, 28
222, 0, 0, 9, 8, 0, 30.77%, 0, 0, 2, 1.48, 7055, 28
264, 0, 6, 12, 9, 0, 30.77%, 0, 0, 3, 0.05, 7998, 28
269, 0, 6, 14, 11, 0, 32.97%, 0, 0, 3, 402.49, 10058, 30
307, 0, 6, 14, 11, 0, 32.97%, 0, 0, 3, 0.19, 10169, 30
346, 0, 12, 14, 10, 2, 32.97%, 0, 0, 3, 2.00, 11560, 30
352, 0, 12, 15, 9, 0, 32.97%, 0, 0, 4, 371.68, 13422, 30
385, 0, 12, 15, 9, 0, 32.97%, 0, 0, 4, 1.73, 13730, 30
390, 0, 12, 15, 9, 0, 32.97%, 0, 0, 4, 25.57, 14707, 30
420, 0, 12, 15, 9, 0, 32.97%, 0, 0, 4, 0.03, 14708, 30
455, 0, 13, 18, 12, 0, 38.46%, 0, 0, 4, 2.50, 16642, 35
487, 0, 13, 18, 12, 0, 38.46%, 0, 0, 4, 2.38, 17233, 35
492, 0, 16, 21, 14, 2, 38.46%, 0, 0, 5, 374.51, 19178, 35
523, 0, 16, 21, 14, 2, 38.46%, 0, 0, 5, 2.57, 19423, 35
528, 0, 17, 24, 16, 1, 38.46%, 0, 0, 5, 372.27, 21352, 35
558, 0, 17, 24, 16, 1, 38.46%, 0, 0, 5, 2.15, 21639, 35
592, 0, 17, 26, 18, 1, 38.46%, 0, 0, 5, 1.53, 22570, 35
597, 0, 17, 27, 19, 1, 38.46%, 0, 0, 5, 366.35, 24446, 35
626, 0, 17, 27, 19, 1, 38.46%, 0, 0, 5, 2.73, 24775, 35
657, 0, 17, 28, 20, 1, 39.56%, 0, 0, 5, 2.07, 26349, 36
665, 0, 17, 30, 22, 1, 40.66%, 0, 0, 5, 13.03, 27651, 37
680, 0, 17, 30, 22, 1, 40.66%, 0, 0, 5, 0.39, 27657, 37
713, 0, 17, 30, 22, 1, 40.66%, 0, 0, 5, 4.29, 29259, 37
713, 0, 17, 30, 22, 1, 40.66%, 0, 0, 5, 0.05, 29260, 37
718, 0, 28, 34, 24, 1, 40.66%, 0, 0, 6, 399.63, 31314, 37
740, 0, 28, 35, 25, 1, 40.66%, 0, 0, 6, 1.47, 31502, 37
748, 0, 36, 40, 28, 0, 42.86%, 0, 0, 6, 8.73, 32484, 39
762, 0, 36, 40, 28, 0, 42.86%, 0, 0, 6, 0.51, 32491, 39
770, 0, 36, 40, 28, 0, 42.86%, 0, 0, 6, 7.00, 34295, 39
788, 0, 36, 40, 28, 0, 42.86%, 0, 0, 6, 0.24, 34297, 39
794, 0, 36, 41, 29, 0, 42.86%, 0, 0, 6, 390.06, 36220, 39
817, 0, 36, 41, 29, 0, 42.86%, 0, 0, 6, 0.31, 36409, 39
837, 0, 36, 41, 29, 0, 42.86%, 0, 0, 6, 1.41, 37835, 39
842, 0, 36, 41, 29, 0, 42.86%, 0, 0, 6, 465.54, 40175, 39
864, 0, 36, 41, 29, 0, 42.86%, 0, 0, 6, 1.97, 40421, 39
893, 0, 39, 44, 30, 0, 42.86%, 0, 0, 6, 3.75, 42831, 39
898, 0, 39, 44, 30, 0, 42.86%, 0, 0, 6, 451.57, 45143, 39
916, 0, 39, 44, 30, 0, 42.86%, 0, 0, 6, 4.63, 45522, 39
934, 0, 39, 44, 30, 0, 42.86%, 0, 0, 6, 7.17, 47173, 39
946, 0, 44, 46, 31, 1, 43.96%, 0, 0, 7, 3.58, 48690, 40
954, 0, 44, 46, 31, 1, 43.96%, 0, 0, 7, 3.48, 48706, 40
959, 0, 44, 49, 33, 0, 45.05%, 0, 0, 8, 454.17, 51054, 41
969, 0, 44, 50, 34, 0, 45.05%, 0, 0, 8, 3.62, 51484, 41
974, 0, 44, 50, 34, 0, 45.05%, 0, 0, 8, 452.03, 53745, 41
991, 0, 44, 50, 34, 0, 45.05%, 0, 0, 8, 3.33, 54112, 41
1007, 0, 44, 50, 34, 0, 45.05%, 0, 0, 8, 3.95, 55966, 41
1027, 0, 27, 50, 33, 0, 45.05%, 0, 0, 8, 2.86, 58057, 41
1041, 0, 27, 50, 33, 0, 45.05%, 0, 0, 8, 3.98, 60290, 41
1046, 0, 48, 52, 35, 0, 45.05%, 0, 0, 9, 462.48, 62592, 41
1064, 0, 48, 52, 35, 0, 45.05%, 0, 0, 9, 4.41, 62889, 41
1070, 0, 48, 53, 36, 0, 45.05%, 0, 0, 9, 471.23, 65366, 41
1079, 0, 48, 53, 36, 0, 45.05%, 0, 0, 9, 9.67, 65665, 41
1097, 0, 48, 54, 37, 0, 45.05%, 0, 0, 9, 4.44, 66956, 41
1102, 0, 1, 54, 37, 0, 45.05%, 0, 0, 9, 525.96, 69582, 41
1115, 0, 17, 56, 39, 0, 45.05%, 0, 0, 9, 4.27, 70246, 41
1120, 0, 27, 57, 40, 0, 45.05%, 0, 0, 9, 540.88, 72992, 41
1130, 0, 27, 57, 40, 0, 45.05%, 0, 0, 9, 11.13, 73338, 41
1147, 0, 48, 57, 40, 0, 45.05%, 0, 0, 9, 10.31, 75649, 41
1152, 1, 38, 59, 42, 0, 45.05%, 0, 0, 9, 590.16, 78644, 41
1157, 1, 1, 59, 42, 0, 45.05%, 0, 0, 9, 651.47, 80100, 41
1165, 1, 39, 59, 42, 0, 45.05%, 0, 0, 9, 2.15, 81606, 41
1171, 1, 39, 59, 42, 0, 45.05%, 0, 0, 9, 0.18, 81607, 41
1176, 1, 39, 60, 42, 0, 45.05%, 0, 0, 9, 581.52, 84263, 41
1181, 1, 57, 61, 42, 0, 45.05%, 0, 0, 9, 582.31, 86332, 41
1190, 1, 18, 62, 42, 0, 45.05%, 0, 0, 9, 13.66, 87022, 41
1195, 1, 48, 62, 40, 0, 45.05%, 0, 0, 9, 674.60, 90627, 41
1205, 1, 62, 64, 42, 0, 45.05%, 0, 0, 10, 3.24, 91821, 41
1210, 1, 60, 64, 41, 0, 45.05%, 0, 0, 10, 651.33, 95253, 41
1219, 1, 12, 64, 40, 0, 45.05%, 0, 0, 10, 11.55, 96489, 41
1224, 1, 48, 65, 40, 0, 45.05%, 0, 0, 10, 632.78, 99588, 41
1230, 1, 1, 65, 40, 0, 45.05%, 0, 0, 10, 13.06, 100701, 41
1238, 1, 44, 65, 40, 0, 45.05%, 0, 0, 10, 8.10, 103148, 41
1243, 1, 27, 66, 41, 0, 45.05%, 0, 0, 10, 597.48, 106317, 41
1249, 1, 1, 67, 42, 0, 45.05%, 0, 0, 10, 665.19, 108285, 41
1255, 1, 44, 67, 42, 0, 45.05%, 0, 0, 10, 26.84, 109036, 41
1260, 1, 48, 68, 42, 0, 45.05%, 0, 0, 10, 711.95, 112610, 41
1270, 2, 48, 69, 42, 0, 45.05%, 0, 0, 10, 10.76, 116023, 41
1276, 2, 63, 76, 49, 0, 45.05%, 0, 0, 11, 687.85, 119501, 41
1285, 2, 48, 79, 51, 0, 45.05%, 0, 0, 11, 10.79, 122477, 41
1290, 2, 76, 79, 49, 0, 45.05%, 0, 0, 11, 737.73, 126163, 41
1295, 2, 1, 82, 51, 0, 45.05%, 0, 0, 11, 711.05, 129713, 41
1301, 2, 1, 82, 51, 0, 45.05%, 0, 0, 11, 0.42, 129814, 41
1306, 2, 17, 82, 50, 0, 45.05%, 0, 0, 11, 727.65, 133312, 41
1311, 2, 1, 84, 51, 0, 45.05%, 0, 0, 11, 790.38, 136899, 41
1316, 2, 12, 84, 50, 0, 45.05%, 0, 0, 11, 771.92, 140830, 41
1321, 2, 58, 86, 52, 0, 45.05%, 0, 0, 11, 751.62, 144568, 41
1326, 2, 1, 86, 49, 0, 45.05%, 0, 0, 11, 738.94, 148200, 41
1331, 2, 1, 86, 47, 0, 45.05%, 0, 0, 11, 693.43, 151667, 41
1339, 2, 39, 87, 48, 0, 45.05%, 0, 0, 11, 33.21, 155045, 41
1344, 2, 83, 87, 47, 0, 45.05%, 0, 0, 11, 738.05, 158745, 41
1349, 2, 28, 88, 46, 0, 45.05%, 0, 0, 11, 760.17, 162588, 41
1354, 3, 29, 88, 45, 0, 45.05%, 0, 0, 11, 765.04, 166584, 41
1359, 3, 84, 89, 45, 0, 45.05%, 0, 0, 11, 784.69, 170637, 41
1365, 3, 44, 89, 44, 0, 45.05%, 0, 0, 11, 810.99, 174263, 41
1370, 3, 88, 90, 45, 0, 45.05%, 0, 0, 11, 779.81, 178093, 41
1375, 3, 44, 92, 46, 0, 45.05%, 0, 0, 11, 787.09, 182037, 41
1380, 3, 87, 92, 46, 0, 45.05%, 0, 0, 11, 727.23, 185655, 41
1385, 3, 12, 92, 44, 0, 45.05%, 0, 0, 11, 773.08, 189788, 41
1390, 3, 1, 92, 43, 0, 45.05%, 0, 0, 11, 788.86, 193801, 41
1395, 3, 44, 92, 42, 0, 45.05%, 0, 0, 11, 777.23, 197753, 41
1400, 3, 48, 92, 41, 0, 45.05%, 0, 0, 11, 764.01, 201638, 41
1405, 3, 27, 92, 40, 0, 45.05%, 0, 0, 11, 768.41, 205685, 41
1410, 4, 56, 92, 40, 0, 45.05%, 0, 0, 11, 763.58, 209568, 41
1416, 4, 81, 92, 40, 0, 45.05%, 0, 0, 11, 746.75, 212467, 41
1421, 4, 1, 92, 39, 0, 45.05%, 0, 0, 11, 796.73, 216434, 41
1426, 4, 1, 92, 39, 0, 45.05%, 0, 0, 11, 797.93, 220447, 41
1431, 4, 82, 92, 39, 0, 45.05%, 0, 0, 11, 774.39, 224306, 41
1436, 4, 48, 92, 38, 0, 45.05%, 0, 0, 11, 746.32, 228077, 41
1441, 4, 27, 93, 38, 0, 45.05%, 0, 0, 11, 778.06, 231974, 41
1446, 4, 28, 93, 38, 0, 45.05%, 0, 0, 11, 788.14, 236099, 41
1451, 4, 56, 93, 38, 0, 45.05%, 0, 0, 11, 799.77, 240241, 41
1456, 4, 56, 93, 36, 0, 45.05%, 0, 0, 11, 768.78, 244245, 41
1462, 5, 56, 93, 34, 0, 45.05%, 0, 0, 11, 777.51, 248093, 41
1467, 5, 56, 95, 36, 0, 45.05%, 0, 0, 11, 778.37, 251983, 41
1472, 5, 48, 95, 36, 0, 45.05%, 0, 0, 11, 802.90, 256126, 41
1477, 5, 79, 95, 36, 0, 45.05%, 0, 0, 11, 786.06, 260066, 41
1482, 5, 28, 95, 35, 0, 45.05%, 0, 0, 11, 822.24, 264338, 41
1487, 5, 28, 95, 35, 0, 45.05%, 0, 0, 11, 796.67, 268241, 41
1492, 5, 31, 95, 35, 0, 45.05%, 0, 0, 11, 801.97, 272287, 41
1497, 5, 13, 95, 34, 0, 45.05%, 0, 0, 11, 806.70, 276300, 41
1502, 5, 92, 95, 34, 0, 45.05%, 0, 0, 11, 645.31, 279401, 41
1507, 6, 17, 95, 33, 0, 45.05%, 0, 0, 11, 795.04, 283578, 41
1512, 6, 28, 95, 32, 0, 45.05%, 0, 0, 11, 689.58, 286749, 41
1517, 6, 27, 95, 31, 0, 45.05%, 0, 0, 11, 628.27, 290539, 41
1523, 6, 44, 95, 31, 0, 45.05%, 0, 0, 11, 747.19, 294565, 41
1528, 6, 1, 95, 31, 0, 45.05%, 0, 0, 11, 791.72, 298615, 41
1533, 6, 39, 95, 30, 0, 45.05%, 0, 0, 11, 810.93, 302732, 41
1538, 6, 48, 95, 29, 0, 45.05%, 0, 0, 11, 747.09, 306331, 41
1543, 6, 39, 95, 29, 0, 45.05%, 0, 0, 11, 772.70, 310235, 41
1548, 6, 39, 95, 29, 0, 45.05%, 0, 0, 11, 804.79, 314338, 41
1553, 6, 48, 95, 28, 0, 45.05%, 0, 0, 11, 805.02, 318422, 41
1558, 7, 1, 95, 28, 0, 45.05%, 0, 0, 11, 813.07, 322591, 41
1563, 7, 56, 95, 27, 0, 45.05%, 0, 0, 11, 812.28, 326664, 41
1568, 7, 28, 95, 27, 0, 45.05%, 0, 0, 11, 821.37, 330834, 41
1574, 7, 56, 95, 26, 0, 45.05%, 0, 0, 11, 845.42, 335099, 41
1579, 7, 12, 95, 26, 0, 45.05%, 0, 0, 11, 847.28, 339141, 41
1584, 7, 12, 95, 25, 0, 45.05%, 0, 0, 11, 844.87, 343298, 41
1589, 7, 72, 95, 24, 0, 45.05%, 0, 0, 11, 845.93, 347524, 41
1594, 7, 27, 95, 23, 0, 45.05%, 0, 0, 11, 844.07, 351697, 41
1599, 7, 17, 95, 21, 0, 45.05%, 0, 0, 11, 832.67, 355830, 41
1604, 8, 24, 95, 21, 0, 45.05%, 0, 0, 11, 809.18, 359915, 41
1609, 8, 56, 95, 21, 0, 45.05%, 0, 0, 11, 810.99, 364121, 41
1614, 8, 56, 95, 21, 0, 45.05%, 0, 0, 11, 803.76, 368183, 41
1619, 8, 56, 95, 20, 0, 45.05%, 0, 0, 11, 793.50, 372234, 41
1624, 8, 39, 95, 20, 0, 45.05%, 0, 0, 11, 826.78, 376598, 41
1629, 8, 17, 95, 20, 0, 45.05%, 0, 0, 11, 808.22, 380721, 41
1634, 8, 94, 95, 20, 0, 45.05%, 0, 0, 11, 511.60, 383321, 41
1639, 8, 17, 95, 19, 0, 45.05%, 0, 0, 11, 614.48, 386140, 41
1644, 8, 13, 95, 19, 0, 45.05%, 0, 0, 11, 790.94, 390367, 41
1650, 8, 27, 95, 19, 0, 45.05%, 0, 0, 11, 822.85, 394527, 41
1655, 9, 1, 95, 19, 0, 45.05%, 0, 0, 11, 827.75, 398688, 41
1660, 9, 27, 95, 18, 0, 45.05%, 0, 0, 11, 821.97, 402850, 41
1665, 9, 76, 95, 18, 0, 45.05%, 0, 0, 11, 809.86, 406966, 41
1670, 9, 48, 95, 18, 0, 45.05%, 0, 0, 11, 830.33, 411189, 41
1675, 9, 56, 96, 19, 0, 45.05%, 0, 0, 11, 821.30, 415521, 41
1680, 9, 39, 96, 19, 0, 45.05%, 0, 0, 11, 835.87, 419746, 41
1685, 9, 96, 97, 19, 0, 45.05%, 0, 0, 11, 776.27, 423658, 41
1690, 9, 1, 97, 18, 0, 45.05%, 0, 0, 11, 823.14, 427817, 41
1695, 9, 56, 97, 18, 0, 45.05%, 0, 0, 11, 824.75, 432158, 41
1700, 9, 48, 97, 18, 0, 45.05%, 0, 0, 11, 810.74, 436357, 41
1705, 10, 48, 97, 18, 0, 45.05%, 0, 0, 11, 837.67, 440553, 41
1711, 10, 48, 97, 16, 0, 45.05%, 0, 0, 11, 831.04, 444734, 41
1711, 10, 48, 97, 16, 0, 45.05%, 1, 0, 11, 0.00, 444864, 41
