# relative_time, cycles_done, cur_item, corpus_count, pending_total, pending_favs, map_size, saved_crashes, saved_hangs, max_depth, execs_per_sec, total_execs, edges_found
73, 0, 0, 9, 8, 0, 32.05%, 0, 1, 2, 0.50, 1682, 25
78, 0, 0, 9, 8, 0, 32.05%, 0, 1, 2, 427.27, 1780, 25
122, 0, 0, 10, 9, 0, 32.05%, 0, 1, 2, 0.69, 3073, 25
127, 0, 0, 11, 10, 0, 32.05%, 0, 1, 2, 436.38, 3971, 25
170, 0, 0, 11, 10, 0, 32.05%, 0, 1, 2, 0.61, 5363, 25
176, 0, 0, 11, 10, 0, 32.05%, 0, 1, 2, 0.59, 5365, 25
181, 0, 3, 11, 9, 1, 32.05%, 0, 1, 2, 401.31, 7450, 25
215, 0, 0, 12, 9, 0, 32.05%, 0, 1, 3, 0.27, 7731, 25
222, 0, 0, 12, 9, 0, 32.05%, 0, 1, 3, 0.27, 7733, 25
263, 0, 0, 13, 10, 0, 33.33%, 0, 1, 3, 0.82, 8837, 26
269, 0, 12, 15, 11, 0, 35.90%, 0, 1, 3, 435.76, 11042, 28
306, 0, 12, 15, 11, 0, 35.90%, 0, 1, 3, 0.22, 11186, 28
346, 0, 12, 15, 11, 0, 35.90%, 0, 1, 3, 0.44, 12690, 28
351, 0, 15, 16, 11, 2, 39.74%, 0, 1, 3, 402.95, 14682, 31
384, 0, 15, 17, 12, 2, 39.74%, 0, 1, 4, 2.47, 15025, 31
419, 0, 14, 18, 11, 0, 39.74%, 0, 1, 4, 0.49, 16080, 31
455, 0, 14, 19, 12, 0, 41.03%, 0, 1, 4, 0.42, 18238, 32
463, 0, 0, 19, 11, 0, 41.03%, 0, 1, 4, 15.31, 18980, 32
486, 0, 0, 19, 11, 0, 41.03%, 0, 1, 4, 0.46, 18991, 32
492, 0, 14, 19, 11, 0, 41.03%, 0, 1, 4, 470.42, 21437, 32
522, 0, 14, 19, 11, 0, 41.03%, 0, 1, 4, 3.11, 21741, 32
527, 0, 14, 20, 12, 0, 41.03%, 0, 1, 4, 467.11, 24141, 32
557, 0, 12, 20, 12, 0, 41.03%, 0, 1, 4, 2.86, 24511, 32
591, 1, 14, 20, 12, 0, 41.03%, 0, 1, 4, 1.69, 25665, 32
596, 1, 18, 22, 14, 0, 42.31%, 0, 1, 5, 462.70, 28038, 33
625, 1, 18, 22, 14, 0, 42.31%, 0, 1, 5, 2.24, 28425, 33
656, 1, 18, 26, 18, 0, 42.31%, 0, 1, 5, 2.48, 30390, 33
665, 1, 18, 28, 20, 0, 43.59%, 0, 1, 5, 1.49, 32024, 34
680, 1, 18, 28, 20, 0, 43.59%, 0, 1, 5, 1.44, 32034, 34
712, 1, 21, 30, 21, 1, 43.59%, 0, 1, 6, 5.35, 34033, 34
712, 1, 21, 30, 21, 1, 43.59%, 0, 1, 6, 0.05, 34034, 34
717, 1, 21, 37, 28, 1, 46.15%, 0, 1, 6, 495.13, 36602, 36
740, 1, 21, 38, 29, 1, 47.44%, 0, 1, 6, 1.66, 36832, 37
747, 1, 21, 40, 31, 1, 47.44%, 0, 1, 6, 9.13, 38083, 37
761, 1, 21, 40, 31, 1, 47.44%, 0, 1, 6, 0.58, 38091, 37
764, 1, 37, 44, 33, 1, 51.28%, 1, 1, 7, 0.00, 39125, 40
