# relative_time, cycles_done, cur_item, corpus_count, pending_total, pending_favs, map_size, saved_crashes, saved_hangs, max_depth, execs_per_sec, total_execs, edges_found
77, 0, 0, 17, 17, 1, 39.74%, 0, 1, 2, 0.06, 1630, 31
78, 0, 0, 17, 17, 1, 39.74%, 0, 1, 2, 455.00, 1724, 31
122, 0, 0, 20, 20, 1, 46.15%, 0, 1, 2, 0.86, 2971, 36
127, 0, 0, 21, 21, 1, 46.15%, 0, 1, 2, 447.77, 3928, 36
176, 0, 0, 21, 21, 1, 46.15%, 0, 1, 2, 0.81, 5312, 36
176, 0, 0, 21, 21, 1, 46.15%, 0, 1, 2, 0.77, 5313, 36
181, 0, 0, 24, 24, 1, 47.44%, 0, 1, 2, 417.86, 7445, 37
215, 0, 0, 24, 24, 1, 47.44%, 0, 1, 2, 0.24, 7741, 37
222, 0, 0, 24, 24, 1, 47.44%, 0, 1, 2, 0.23, 7742, 37
264, 0, 0, 25, 25, 1, 53.85%, 0, 1, 2, 0.08, 8871, 42
269, 0, 0, 25, 25, 1, 53.85%, 0, 1, 2, 446.25, 11156, 42
306, 0, 0, 25, 25, 1, 53.85%, 0, 1, 2, 0.22, 11276, 42
346, 0, 0, 25, 25, 1, 53.85%, 0, 1, 2, 1.32, 12828, 42
351, 0, 0, 25, 25, 1, 53.85%, 0, 1, 2, 412.97, 14900, 42
384, 0, 0, 25, 25, 1, 53.85%, 0, 1, 2, 0.99, 15220, 42
389, 0, 0, 25, 25, 1, 53.85%, 0, 1, 2, 28.81, 16300, 42
419, 0, 0, 25, 25, 1, 53.85%, 0, 1, 2, 0.03, 16301, 42
455, 0, 0, 26, 26, 1, 53.85%, 0, 1, 2, 2.86, 18499, 42
463, 0, 0, 26, 26, 1, 53.85%, 0, 1, 2, 13.82, 19221, 42
487, 0, 0, 26, 26, 1, 53.85%, 0, 1, 2, 0.42, 19231, 42
492, 0, 0, 26, 26, 1, 53.85%, 0, 1, 2, 458.84, 21574, 42
522, 0, 0, 26, 26, 1, 53.85%, 0, 1, 2, 0.60, 21916, 42
527, 0, 0, 26, 26, 1, 53.85%, 0, 1, 2, 453.19, 24319, 42
557, 0, 0, 26, 26, 1, 53.85%, 0, 1, 2, 0.92, 24634, 42
591, 0, 0, 26, 26, 1, 53.85%, 0, 1, 2, 1.13, 25768, 42
596, 0, 0, 26, 26, 1, 53.85%, 0, 1, 2, 454.12, 28054, 42
625, 0, 0, 26, 26, 1, 53.85%, 0, 1, 2, 3.19, 28468, 42
656, 0, 0, 26, 26, 1, 53.85%, 0, 1, 2, 2.66, 30403, 42
665, 0, 0, 26, 26, 1, 53.85%, 0, 1, 2, 14.53, 32011, 42
680, 0, 0, 26, 26, 1, 53.85%, 0, 1, 2, 0.78, 32023, 42
712, 0, 0, 26, 26, 1, 53.85%, 0, 1, 2, 5.36, 33991, 42
712, 0, 0, 26, 26, 1, 53.85%, 0, 1, 2, 0.05, 33992, 42
717, 0, 0, 26, 26, 1, 53.85%, 0, 1, 2, 487.23, 36541, 42
740, 0, 0, 26, 26, 1, 53.85%, 0, 1, 2, 1.25, 36757, 42
746, 0, 0, 26, 26, 1, 53.85%, 0, 1, 2, 0.48, 37982, 42
761, 0, 0, 26, 26, 1, 53.85%, 0, 1, 2, 0.49, 37991, 42
788, 0, 0, 26, 26, 1, 53.85%, 0, 1, 2, 3.70, 40366, 42
793, 0, 0, 26, 26, 1, 53.85%, 0, 1, 2, 536.76, 43031, 42
801, 0, 0, 26, 26, 1, 53.85%, 0, 1, 2, 2.56, 43291, 42
816, 0, 0, 26, 26, 1, 53.85%, 0, 1, 2, 0.07, 43292, 42
836, 0, 0, 26, 26, 1, 53.85%, 0, 1, 2, 3.22, 45155, 42
842, 0, 0, 26, 26, 1, 53.85%, 0, 1, 2, 595.14, 48191, 42
863, 0, 0, 26, 26, 1, 53.85%, 0, 1, 2, 0.52, 48444, 42
892, 0, 0, 26, 26, 1, 53.85%, 0, 1, 2, 3.02, 51487, 42
897, 0, 0, 27, 27, 1, 55.13%, 0, 1, 2, 597.61, 54413, 43
915, 0, 0, 27, 27, 1, 55.13%, 0, 1, 2, 3.78, 54963, 43
933, 0, 0, 27, 27, 1, 55.13%, 0, 1, 2, 7.60, 57014, 43
946, 0, 0, 27, 27, 1, 55.13%, 0, 1, 2, 1.17, 58923, 43
953, 0, 0, 27, 27, 1, 55.13%, 0, 1, 2, 1.40, 58943, 43
959, 0, 0, 27, 27, 1, 55.13%, 0, 1, 2, 576.61, 61904, 43
969, 0, 0, 27, 27, 1, 55.13%, 0, 1, 2, 5.85, 62454, 43
974, 0, 0, 27, 27, 1, 55.13%, 0, 1, 2, 561.84, 65292, 43
991, 0, 0, 27, 27, 1, 55.13%, 0, 1, 2, 2.71, 65688, 43
1006, 0, 0, 27, 27, 1, 55.13%, 0, 1, 2, 10.54, 68020, 43
1017, 0, 0, 27, 27, 1, 55.13%, 0, 1, 2, 9.43, 70627, 43
1026, 0, 0, 27, 27, 1, 55.13%, 0, 1, 2, 1.14, 70637, 43
1040, 0, 0, 27, 27, 1, 55.13%, 0, 1, 2, 13.12, 73465, 43
1045, 0, 0, 27, 27, 1, 55.13%, 0, 1, 2, 591.49, 76446, 43
1064, 0, 0, 27, 27, 1, 55.13%, 0, 1, 2, 7.18, 76842, 43
1069, 0, 0, 27, 27, 1, 55.13%, 0, 1, 2, 633.19, 80102, 43
1078, 0, 0, 27, 27, 1, 55.13%, 0, 1, 2, 1.44, 80534, 43
1097, 0, 0, 27, 27, 1, 55.13%, 0, 1, 2, 5.43, 82243, 43
1102, 0, 0, 27, 27, 1, 55.13%, 0, 1, 2, 697.16, 85725, 43
1115, 0, 0, 27, 27, 1, 55.13%, 0, 1, 2, 2.24, 86648, 43
1120, 0, 0, 28, 28, 1, 56.41%, 0, 1, 2, 708.59, 90247, 44
1130, 0, 0, 28, 28, 1, 56.41%, 0, 1, 2, 10.46, 90653, 44
1146, 0, 0, 28, 28, 1, 56.41%, 0, 1, 2, 7.59, 93481, 44
1151, 0, 0, 28, 28, 1, 56.41%, 0, 1, 2, 701.02, 96977, 44
1156, 0, 0, 28, 28, 1, 56.41%, 0, 1, 2, 748.95, 98661, 44
1170, 0, 0, 28, 28, 1, 56.41%, 0, 1, 2, 8.63, 100593, 44
1175, 0, 0, 28, 28, 1, 56.41%, 0, 1, 2, 735.77, 104280, 44
1180, 0, 0, 28, 28, 1, 56.41%, 0, 1, 2, 723.28, 106585, 44
1190, 0, 0, 28, 28, 1, 56.41%, 0, 1, 2, 1.71, 107355, 44
1195, 0, 0, 28, 28, 1, 56.41%, 0, 1, 2, 748.90, 111163, 44
1205, 0, 0, 28, 28, 1, 56.41%, 0, 1, 2, 13.80, 112647, 44
1210, 0, 0, 28, 28, 1, 56.41%, 0, 1, 2, 752.20, 116415, 44
1219, 0, 0, 28, 28, 1, 56.41%, 0, 1, 2, 13.48, 117813, 44
1224, 0, 0, 29, 29, 1, 57.69%, 0, 1, 2, 705.46, 121362, 45
1229, 0, 0, 29, 29, 1, 57.69%, 0, 1, 2, 3.10, 122646, 45
1238, 0, 0, 29, 29, 1, 57.69%, 0, 1, 2, 24.40, 125366, 45
1243, 0, 0, 29, 29, 1, 57.69%, 0, 1, 2, 722.76, 129090, 45
1248, 0, 0, 29, 29, 1, 57.69%, 0, 1, 2, 660.73, 131252, 45
1253, 0, 0, 29, 29, 1, 57.69%, 0, 1, 2, 20.50, 131915, 45
1258, 0, 0, 29, 29, 1, 57.69%, 0, 1, 2, 716.66, 134676, 45
1264, 0, 0, 29, 29, 1, 57.69%, 0, 1, 2, 739.23, 138414, 45
1270, 0, 0, 29, 29, 1, 57.69%, 0, 1, 2, 5.12, 139226, 45
1275, 0, 0, 29, 29, 1, 57.69%, 0, 1, 2, 702.57, 142887, 45
1285, 0, 0, 29, 29, 1, 57.69%, 0, 1, 2, 18.15, 145932, 45
1290, 0, 0, 29, 29, 1, 57.69%, 0, 1, 2, 768.42, 149947, 45
1295, 0, 0, 29, 29, 1, 57.69%, 0, 1, 2, 769.48, 153787, 45
1300, 0, 0, 29, 29, 1, 57.69%, 0, 1, 2, 6.73, 154642, 45
1305, 0, 0, 29, 29, 1, 57.69%, 0, 1, 2, 780.98, 158587, 45
1310, 0, 0, 29, 29, 1, 57.69%, 0, 1, 2, 771.02, 162442, 45
1315, 0, 0, 29, 29, 1, 57.69%, 0, 1, 2, 775.53, 166312, 45
1320, 0, 0, 29, 29, 1, 57.69%, 0, 1, 2, 751.68, 170092, 45
1326, 0, 0, 29, 29, 1, 57.69%, 0, 1, 2, 765.02, 174052, 45
1331, 0, 0, 29, 29, 1, 57.69%, 0, 1, 2, 777.96, 178087, 45
1338, 0, 0, 29, 29, 1, 57.69%, 0, 1, 2, 23.58, 181627, 45
1344, 0, 0, 29, 29, 1, 57.69%, 0, 1, 2, 648.32, 185464, 45
1349, 0, 0, 29, 29, 1, 57.69%, 0, 1, 2, 760.40, 189517, 45
1354, 0, 0, 29, 29, 1, 57.69%, 0, 1, 2, 766.77, 193237, 45
1359, 0, 0, 29, 29, 1, 57.69%, 0, 1, 2, 769.43, 197212, 45
1364, 0, 0, 29, 29, 1, 57.69%, 0, 1, 2, 745.29, 200994, 45
1369, 0, 0, 29, 29, 1, 57.69%, 0, 1, 2, 750.49, 204886, 45
1374, 0, 0, 30, 30, 1, 57.69%, 0, 1, 2, 783.65, 208814, 45
1379, 0, 0, 30, 30, 1, 57.69%, 0, 1, 2, 782.87, 212759, 45
1384, 0, 0, 30, 30, 1, 57.69%, 0, 1, 2, 795.42, 216824, 45
1389, 0, 0, 30, 30, 1, 57.69%, 0, 1, 2, 786.35, 220829, 45
1394, 0, 0, 30, 30, 1, 57.69%, 0, 1, 2, 793.92, 224879, 45
1400, 0, 0, 30, 30, 1, 57.69%, 0, 1, 2, 787.61, 228869, 45
1405, 0, 0, 30, 30, 1, 57.69%, 0, 1, 2, 794.06, 232874, 45
1410, 0, 0, 30, 30, 1, 57.69%, 0, 1, 2, 796.52, 236849, 45
1415, 0, 0, 30, 30, 1, 57.69%, 0, 1, 2, 823.79, 239903, 45
1420, 0, 0, 30, 30, 1, 57.69%, 0, 1, 2, 830.46, 244079, 45
1425, 0, 0, 30, 30, 1, 57.69%, 0, 1, 2, 816.25, 248319, 45
1430, 0, 0, 30, 30, 1, 57.69%, 0, 1, 2, 808.26, 252367, 45
1435, 0, 0, 30, 30, 1, 57.69%, 0, 1, 2, 857.33, 256091, 45
1440, 0, 0, 30, 30, 1, 57.69%, 0, 1, 2, 812.12, 260159, 45
1445, 0, 17, 38, 33, 7, 60.26%, 0, 1, 3, 803.14, 264313, 47
1450, 0, 27, 46, 39, 5, 61.54%, 0, 1, 3, 809.68, 268401, 48
1451, 0, 27, 51, 44, 5, 61.54%, 1, 1, 3, 0.00, 268943, 48
