# relative_time, cycles_done, cur_item, corpus_count, pending_total, pending_favs, map_size, saved_crashes, saved_hangs, max_depth, execs_per_sec, total_execs, edges_found
67, 0, 0, 17, 17, 1, 36.26%, 0, 0, 2, 0.68, 2058, 33
73, 0, 0, 17, 17, 1, 36.26%, 0, 0, 2, 150.52, 2846, 33
93, 0, 0, 19, 19, 1, 38.46%, 0, 0, 2, 1.44, 3160, 35
98, 0, 0, 19, 19, 1, 38.46%, 0, 0, 2, 155.16, 3976, 35
119, 0, 0, 19, 19, 1, 38.46%, 0, 0, 2, 0.65, 4285, 35
124, 0, 0, 19, 19, 1, 38.46%, 0, 0, 2, 153.72, 5065, 35
136, 0, 0, 20, 20, 1, 38.46%, 0, 0, 2, 1.01, 5210, 35
153, 0, 0, 20, 20, 1, 38.46%, 0, 0, 2, 1.95, 5915, 35
158, 0, 0, 20, 20, 1, 38.46%, 0, 0, 2, 152.42, 6723, 35
174, 0, 0, 20, 20, 1, 38.46%, 0, 0, 2, 0.89, 7098, 35
179, 0, 0, 20, 20, 1, 38.46%, 0, 0, 2, 154.19, 7878, 35
188, 0, 0, 20, 20, 1, 38.46%, 0, 0, 2, 5.48, 8307, 35
196, 0, 0, 20, 20, 1, 38.46%, 0, 0, 2, 0.63, 8312, 35
201, 0, 0, 20, 20, 1, 38.46%, 0, 0, 2, 157.38, 9096, 35
210, 0, 0, 20, 20, 1, 38.46%, 0, 0, 2, 1.75, 9471, 35
224, 0, 0, 20, 20, 1, 38.46%, 0, 0, 2, 3.40, 10149, 35
229, 0, 0, 20, 20, 1, 38.46%, 0, 0, 2, 173.89, 11049, 35
237, 0, 0, 20, 20, 1, 38.46%, 0, 0, 2, 2.66, 11505, 35
249, 0, 0, 20, 20, 1, 38.46%, 0, 0, 2, 4.59, 12381, 35
255, 0, 0, 20, 20, 1, 38.46%, 0, 0, 2, 172.42, 13281, 35
261, 0, 0, 20, 20, 1, 38.46%, 0, 0, 2, 6.10, 13716, 35
267, 0, 0, 21, 21, 1, 38.46%, 0, 0, 2, 177.87, 14644, 35
277, 0, 0, 21, 21, 1, 38.46%, 0, 0, 2, 3.69, 15250, 35
282, 0, 0, 22, 22, 1, 39.56%, 0, 0, 2, 175.89, 16139, 36
297, 0, 0, 22, 22, 1, 39.56%, 0, 0, 2, 1.97, 16838, 36
302, 0, 0, 23, 23, 1, 39.56%, 0, 0, 2, 176.85, 17766, 36
308, 0, 0, 23, 23, 1, 39.56%, 0, 0, 2, 10.07, 18477, 36
313, 0, 0, 23, 23, 1, 39.56%, 0, 0, 2, 176.12, 19404, 36
321, 0, 0, 23, 23, 1, 39.56%, 0, 0, 2, 5.92, 19797, 36
326, 0, 0, 23, 23, 1, 39.56%, 0, 0, 2, 164.14, 20631, 36
331, 0, 0, 23, 23, 1, 39.56%, 0, 0, 2, 174.72, 21537, 36
336, 0, 0, 23, 23, 1, 39.56%, 0, 0, 2, 175.74, 22446, 36
342, 0, 0, 23, 23, 1, 39.56%, 0, 0, 2, 5.67, 23010, 36
347, 0, 0, 23, 23, 1, 39.56%, 0, 0, 2, 172.60, 23835, 36
352, 0, 0, 23, 23, 1, 39.56%, 0, 0, 2, 167.07, 24396, 36
357, 0, 0, 23, 23, 1, 39.56%, 0, 0, 2, 174.81, 25308, 36
362, 0, 0, 23, 23, 1, 39.56%, 0, 0, 2, 175.74, 26187, 36
368, 0, 0, 23, 23, 1, 39.56%, 0, 0, 2, 174.94, 27087, 36
373, 0, 0, 23, 23, 1, 39.56%, 0, 0, 2, 170.32, 27969, 36
381, 0, 0, 23, 23, 1, 39.56%, 0, 0, 2, 4.32, 28803, 36
387, 0, 0, 23, 23, 1, 39.56%, 0, 0, 2, 174.90, 29706, 36
392, 0, 0, 23, 23, 1, 39.56%, 0, 0, 2, 172.25, 30561, 36
397, 0, 0, 23, 23, 1, 39.56%, 0, 0, 2, 173.14, 31452, 36
402, 0, 0, 23, 23, 1, 39.56%, 0, 0, 2, 174.67, 32364, 36
408, 0, 0, 23, 23, 1, 39.56%, 0, 0, 2, 11.65, 32973, 36
413, 0, 0, 23, 23, 1, 39.56%, 0, 0, 2, 173.66, 33849, 36
418, 0, 0, 23, 23, 1, 39.56%, 0, 0, 2, 172.97, 34725, 36
423, 0, 0, 23, 23, 1, 39.56%, 0, 0, 2, 172.75, 35598, 36
428, 0, 0, 23, 23, 1, 39.56%, 0, 0, 2, 171.45, 36495, 36
435, 0, 0, 23, 23, 1, 39.56%, 0, 0, 2, 7.04, 37242, 36
440, 0, 0, 23, 23, 1, 39.56%, 0, 0, 2, 169.87, 38127, 36
445, 0, 0, 24, 24, 1, 40.66%, 0, 0, 2, 169.29, 39004, 37
450, 0, 0, 24, 24, 1, 40.66%, 0, 0, 2, 172.50, 39880, 37
455, 0, 0, 24, 24, 1, 40.66%, 0, 0, 2, 189.32, 40864, 37
462, 0, 0, 24, 24, 1, 40.66%, 0, 0, 2, 0.88, 41479, 37
467, 0, 0, 24, 24, 1, 40.66%, 0, 0, 2, 194.71, 42475, 37
472, 0, 0, 24, 24, 1, 40.66%, 0, 0, 2, 194.60, 43447, 37
478, 0, 0, 24, 24, 1, 40.66%, 0, 0, 2, 197.44, 44473, 37
483, 0, 0, 24, 24, 1, 40.66%, 0, 0, 2, 199.21, 45505, 37
488, 0, 0, 24, 24, 1, 40.66%, 0, 0, 2, 189.56, 46408, 37
493, 0, 0, 24, 24, 1, 40.66%, 0, 0, 2, 194.98, 47416, 37
498, 0, 0, 24, 24, 1, 40.66%, 0, 0, 2, 199.00, 48409, 37
503, 0, 0, 24, 24, 1, 40.66%, 0, 0, 2, 191.47, 49375, 37
508, 0, 0, 24, 24, 1, 40.66%, 0, 0, 2, 196.95, 50371, 37
513, 0, 0, 24, 24, 1, 40.66%, 0, 0, 2, 200.21, 51369, 37
518, 0, 0, 24, 24, 1, 40.66%, 0, 0, 2, 197.57, 52384, 37
523, 0, 0, 24, 24, 1, 40.66%, 0, 0, 2, 196.15, 53377, 37
529, 0, 0, 24, 24, 1, 40.66%, 0, 0, 2, 198.55, 54415, 37
534, 0, 0, 24, 24, 1, 40.66%, 0, 0, 2, 195.34, 55435, 37
539, 0, 0, 24, 24, 1, 40.66%, 0, 0, 2, 198.11, 56464, 37
544, 0, 0, 24, 24, 1, 40.66%, 0, 0, 2, 196.55, 57457, 37
549, 0, 0, 24, 24, 1, 40.66%, 0, 0, 2, 223.89, 58641, 37
554, 0, 0, 24, 24, 1, 40.66%, 0, 0, 2, 229.49, 59845, 37
560, 0, 0, 24, 24, 1, 40.66%, 0, 0, 2, 229.77, 61045, 37
565, 0, 0, 24, 24, 1, 40.66%, 0, 0, 2, 234.19, 62233, 37
570, 0, 0, 24, 24, 1, 40.66%, 0, 0, 2, 233.40, 63409, 37
575, 0, 0, 24, 24, 1, 40.66%, 0, 0, 2, 231.48, 64597, 37
580, 0, 0, 24, 24, 1, 40.66%, 0, 0, 2, 231.91, 65801, 37
585, 0, 0, 24, 24, 1, 40.66%, 0, 0, 2, 233.52, 67005, 37
590, 0, 0, 24, 24, 1, 40.66%, 0, 0, 2, 230.92, 68209, 37
595, 0, 0, 24, 24, 1, 40.66%, 0, 0, 2, 234.76, 69437, 37
601, 0, 0, 24, 24, 1, 40.66%, 0, 0, 2, 233.44, 70649, 37
606, 0, 0, 24, 24, 1, 40.66%, 0, 0, 2, 218.53, 71713, 37
611, 0, 0, 24, 24, 1, 40.66%, 0, 0, 2, 222.10, 72861, 37
616, 0, 0, 24, 24, 1, 40.66%, 0, 0, 2, 226.63, 74049, 37
621, 0, 0, 24, 24, 1, 40.66%, 0, 0, 2, 226.83, 75233, 37
627, 0, 0, 24, 24, 1, 40.66%, 0, 0, 2, 226.84, 76409, 37
632, 0, 0, 24, 24, 1, 40.66%, 0, 0, 2, 217.32, 77501, 37
637, 0, 0, 24, 24, 1, 40.66%, 0, 0, 2, 223.23, 78525, 37
642, 0, 0, 24, 24, 1, 40.66%, 0, 0, 2, 203.95, 79621, 37
647, 0, 0, 24, 24, 1, 40.66%, 0, 0, 2, 186.39, 80407, 37
652, 0, 0, 24, 24, 1, 40.66%, 0, 0, 2, 204.73, 81513, 37
657, 0, 0, 24, 24, 1, 40.66%, 0, 0, 2, 201.56, 82585, 37
662, 0, 0, 24, 24, 1, 40.66%, 0, 0, 2, 217.05, 83701, 37
667, 0, 0, 24, 24, 1, 40.66%, 0, 0, 2, 218.49, 84837, 37
672, 0, 0, 24, 24, 1, 40.66%, 0, 0, 2, 213.10, 85817, 37
677, 0, 0, 24, 24, 1, 40.66%, 0, 0, 2, 222.87, 86937, 37
683, 0, 0, 25, 25, 1, 40.66%, 0, 0, 2, 190.62, 87872, 37
688, 0, 0, 26, 26, 1, 41.76%, 0, 0, 2, 245.38, 89147, 38
693, 0, 0, 26, 26, 1, 41.76%, 0, 0, 2, 252.58, 90461, 38
698, 0, 0, 26, 26, 1, 41.76%, 0, 0, 2, 241.19, 91595, 38
703, 0, 0, 26, 26, 1, 41.76%, 0, 0, 2, 233.95, 92755, 38
708, 0, 0, 26, 26, 1, 41.76%, 0, 0, 2, 235.04, 93931, 38
713, 0, 0, 26, 26, 1, 41.76%, 0, 0, 2, 227.53, 95115, 38
718, 0, 0, 26, 26, 1, 41.76%, 0, 0, 2, 218.93, 96207, 38
723, 0, 0, 26, 26, 1, 41.76%, 0, 0, 2, 218.66, 97331, 38
729, 0, 0, 26, 26, 1, 41.76%, 0, 0, 2, 241.22, 98579, 38
734, 0, 0, 26, 26, 1, 41.76%, 0, 0, 2, 237.33, 99775, 38
739, 0, 0, 26, 26, 1, 41.76%, 0, 0, 2, 237.67, 101007, 38
744, 0, 0, 26, 26, 1, 41.76%, 0, 0, 2, 235.86, 102223, 38
749, 0, 0, 26, 26, 1, 41.76%, 0, 0, 2, 232.39, 103431, 38
755, 0, 0, 26, 26, 1, 41.76%, 0, 0, 2, 230.21, 104651, 38
760, 0, 0, 26, 26, 1, 41.76%, 0, 0, 2, 230.39, 105847, 38
765, 0, 0, 26, 26, 1, 41.76%, 0, 0, 2, 258.44, 107136, 38
770, 0, 0, 26, 26, 1, 41.76%, 0, 0, 2, 245.74, 108327, 38
775, 0, 0, 26, 26, 1, 41.76%, 0, 0, 2, 259.52, 109636, 38
780, 0, 0, 27, 27, 1, 42.86%, 0, 0, 2, 240.99, 110846, 39
785, 0, 0, 27, 27, 1, 42.86%, 0, 0, 2, 231.25, 111978, 39
790, 0, 0, 27, 27, 1, 42.86%, 0, 0, 2, 246.25, 113278, 39
795, 0, 0, 27, 27, 1, 42.86%, 0, 0, 2, 248.82, 114586, 39
800, 0, 0, 27, 27, 1, 42.86%, 0, 0, 2, 248.73, 115798, 39
805, 0, 0, 27, 27, 1, 42.86%, 0, 0, 2, 255.43, 117068, 39
810, 0, 0, 27, 27, 1, 42.86%, 0, 0, 2, 253.29, 118398, 39
816, 0, 0, 27, 27, 1, 42.86%, 0, 0, 2, 220.37, 119494, 39
821, 0, 0, 27, 27, 1, 42.86%, 0, 0, 2, 224.10, 120622, 39
826, 0, 0, 27, 27, 1, 42.86%, 0, 0, 2, 231.18, 121842, 39
831, 0, 0, 27, 27, 1, 42.86%, 0, 0, 2, 223.60, 122906, 39
836, 0, 0, 27, 27, 1, 42.86%, 0, 0, 2, 230.20, 124154, 39
841, 0, 0, 27, 27, 1, 42.86%, 0, 0, 2, 242.56, 125438, 39
846, 0, 0, 27, 27, 1, 42.86%, 0, 0, 2, 250.78, 126742, 39
852, 0, 0, 27, 27, 1, 42.86%, 0, 0, 2, 219.66, 127862, 39
857, 0, 0, 27, 27, 1, 42.86%, 0, 0, 2, 233.23, 129058, 39
862, 0, 0, 27, 27, 1, 42.86%, 0, 0, 2, 252.85, 130378, 39
867, 0, 0, 27, 27, 1, 42.86%, 0, 0, 2, 237.90, 131550, 39
872, 0, 0, 27, 27, 1, 42.86%, 0, 0, 2, 234.80, 132766, 39
877, 0, 0, 27, 27, 1, 42.86%, 0, 0, 2, 239.54, 133994, 39
882, 0, 0, 27, 27, 1, 42.86%, 0, 0, 2, 233.16, 135134, 39
887, 0, 0, 27, 27, 1, 42.86%, 0, 0, 2, 266.44, 136503, 39
892, 0, 0, 27, 27, 1, 42.86%, 0, 0, 2, 297.65, 138073, 39
897, 0, 0, 27, 27, 1, 42.86%, 0, 0, 2, 282.89, 139493, 39
903, 0, 0, 27, 27, 1, 42.86%, 0, 0, 2, 275.64, 140868, 39
908, 0, 0, 27, 27, 1, 42.86%, 0, 0, 2, 265.82, 142248, 39
913, 0, 0, 27, 27, 1, 42.86%, 0, 0, 2, 256.94, 143523, 39
918, 0, 0, 27, 27, 1, 42.86%, 0, 0, 2, 222.99, 144566, 39
923, 0, 0, 27, 27, 1, 42.86%, 0, 0, 2, 220.96, 145686, 39
928, 0, 0, 27, 27, 1, 42.86%, 0, 0, 2, 248.88, 146966, 39
933, 0, 0, 27, 27, 1, 42.86%, 0, 0, 2, 238.04, 148210, 39
938, 0, 0, 27, 27, 1, 42.86%, 0, 0, 2, 217.22, 149302, 39
943, 0, 0, 27, 27, 1, 42.86%, 0, 0, 2, 252.31, 150613, 39
948, 0, 0, 27, 27, 1, 42.86%, 0, 0, 2, 249.48, 151814, 39
954, 0, 0, 27, 27, 1, 42.86%, 0, 0, 2, 254.53, 153138, 39
959, 0, 0, 27, 27, 1, 42.86%, 0, 0, 2, 290.79, 154633, 39
964, 0, 0, 27, 27, 1, 42.86%, 0, 0, 2, 155.24, 155347, 39
969, 0, 0, 27, 27, 1, 42.86%, 0, 0, 2, 101.54, 155784, 39
974, 0, 0, 27, 27, 1, 42.86%, 0, 0, 2, 89.96, 156240, 39
979, 0, 0, 27, 27, 1, 42.86%, 0, 0, 2, 100.82, 156756, 39
984, 0, 0, 27, 27, 1, 42.86%, 0, 0, 2, 105.86, 157284, 39
989, 0, 0, 27, 27, 1, 42.86%, 0, 0, 2, 171.10, 158149, 39
994, 0, 0, 27, 27, 1, 42.86%, 0, 0, 2, 264.26, 159658, 39
999, 0, 0, 27, 27, 1, 42.86%, 0, 0, 2, 285.73, 161143, 39
1004, 0, 0, 27, 27, 1, 42.86%, 0, 0, 2, 286.86, 162583, 39
1009, 0, 0, 27, 27, 1, 42.86%, 0, 0, 2, 273.94, 163918, 39
1015, 0, 0, 27, 27, 1, 42.86%, 0, 0, 2, 263.29, 165238, 39
1020, 0, 0, 27, 27, 1, 42.86%, 0, 0, 2, 255.95, 166553, 39
1025, 0, 0, 27, 27, 1, 42.86%, 0, 0, 2, 249.98, 167813, 39
1030, 0, 0, 27, 27, 1, 42.86%, 0, 0, 2, 267.38, 169213, 39
1035, 0, 0, 27, 27, 1, 42.86%, 0, 0, 2, 256.61, 170548, 39
1040, 0, 0, 27, 27, 1, 42.86%, 0, 0, 2, 262.55, 171853, 39
1045, 0, 0, 27, 27, 1, 42.86%, 0, 0, 2, 282.08, 173268, 39
1050, 0, 0, 27, 27, 1, 42.86%, 0, 0, 2, 273.54, 174638, 39
1055, 0, 0, 27, 27, 1, 42.86%, 0, 0, 2, 309.45, 176248, 39
1060, 0, 0, 27, 27, 1, 42.86%, 0, 0, 2, 266.60, 177533, 39
1065, 0, 0, 27, 27, 1, 42.86%, 0, 0, 2, 277.52, 178963, 39
1071, 0, 0, 27, 27, 1, 42.86%, 0, 0, 2, 279.97, 180363, 39
1076, 0, 0, 27, 27, 1, 42.86%, 0, 0, 2, 268.46, 181733, 39
1081, 0, 0, 27, 27, 1, 42.86%, 0, 0, 2, 256.26, 183023, 39
1086, 0, 0, 27, 27, 1, 42.86%, 0, 0, 2, 268.40, 184403, 39
1091, 0, 0, 27, 27, 1, 42.86%, 0, 0, 2, 281.27, 185818, 39
1096, 0, 0, 27, 27, 1, 42.86%, 0, 0, 2, 224.17, 186970, 39
1101, 0, 0, 27, 27, 1, 42.86%, 0, 0, 2, 198.51, 187930, 39
1106, 0, 0, 27, 27, 1, 42.86%, 0, 0, 2, 243.23, 189254, 39
1111, 0, 0, 27, 27, 1, 42.86%, 0, 0, 2, 265.64, 190598, 39
1116, 0, 0, 27, 27, 1, 42.86%, 0, 0, 2, 251.40, 191850, 39
1121, 0, 0, 27, 27, 1, 42.86%, 0, 0, 2, 261.07, 193103, 39
1126, 0, 0, 27, 27, 1, 42.86%, 0, 0, 2, 263.11, 194458, 39
1131, 0, 0, 27, 27, 1, 42.86%, 0, 0, 2, 292.62, 195933, 39
1136, 0, 0, 28, 28, 1, 42.86%, 0, 0, 2, 295.60, 197420, 39
1141, 0, 0, 28, 28, 1, 42.86%, 0, 0, 2, 265.20, 198705, 39
1146, 0, 0, 29, 29, 1, 43.96%, 0, 0, 2, 272.46, 200092, 40
1152, 0, 0, 29, 29, 1, 43.96%, 0, 0, 2, 272.69, 201452, 40
1157, 0, 0, 29, 29, 1, 43.96%, 0, 0, 2, 270.39, 202812, 40
1162, 0, 0, 29, 29, 1, 43.96%, 0, 0, 2, 307.51, 204438, 40
1167, 0, 0, 29, 29, 1, 43.96%, 0, 0, 2, 288.67, 205877, 40
1172, 0, 0, 29, 29, 1, 43.96%, 0, 0, 2, 278.48, 207272, 40
1177, 0, 0, 29, 29, 1, 43.96%, 0, 0, 2, 290.22, 208802, 40
1182, 0, 0, 29, 29, 1, 43.96%, 0, 0, 2, 307.87, 210378, 40
1187, 0, 0, 29, 29, 1, 43.96%, 0, 0, 2, 239.06, 211448, 40
1192, 0, 0, 29, 29, 1, 43.96%, 0, 0, 2, 351.62, 213138, 40
1198, 0, 0, 29, 29, 1, 43.96%, 0, 0, 2, 402.06, 215226, 40
1203, 0, 0, 29, 29, 1, 43.96%, 0, 0, 2, 436.85, 217480, 40
1208, 0, 0, 29, 29, 1, 43.96%, 0, 0, 2, 446.24, 219776, 40
1213, 0, 0, 29, 29, 1, 43.96%, 0, 0, 2, 456.85, 222081, 40
1218, 0, 0, 29, 29, 1, 43.96%, 0, 0, 2, 446.41, 224312, 40
1223, 0, 0, 29, 29, 1, 43.96%, 0, 0, 2, 385.22, 226293, 40
1228, 0, 0, 29, 29, 1, 43.96%, 0, 0, 2, 427.79, 228464, 40
1233, 0, 0, 29, 29, 1, 43.96%, 0, 0, 2, 435.72, 230688, 40
1238, 0, 0, 29, 29, 1, 43.96%, 0, 0, 2, 457.18, 233070, 40
1243, 0, 0, 29, 29, 1, 43.96%, 0, 0, 2, 443.23, 235280, 40
1248, 0, 0, 30, 30, 1, 43.96%, 0, 0, 2, 444.97, 237511, 40
1253, 0, 0, 30, 30, 1, 43.96%, 0, 0, 2, 456.19, 239818, 40
1258, 0, 0, 30, 30, 1, 43.96%, 0, 0, 2, 455.75, 242131, 40
1263, 0, 0, 30, 30, 1, 43.96%, 0, 0, 2, 451.67, 244417, 40
1268, 0, 30, 35, 33, 6, 43.96%, 0, 0, 3, 417.58, 246469, 40
1273, 0, 30, 39, 37, 6, 45.05%, 0, 0, 3, 433.90, 248641, 41
1278, 0, 30, 40, 38, 6, 45.05%, 0, 0, 3, 429.47, 250704, 41
1284, 0, 25, 46, 41, 4, 45.05%, 0, 0, 4, 446.82, 253061, 41
1289, 0, 35, 50, 41, 0, 45.05%, 0, 0, 4, 390.31, 255016, 41
1294, 0, 29, 52, 43, 0, 45.05%, 0, 0, 4, 415.22, 257121, 41
1299, 0, 51, 52, 42, 0, 45.05%, 0, 0, 4, 427.54, 259280, 41
1304, 0, 51, 52, 42, 0, 45.05%, 0, 0, 4, 430.32, 261525, 41
1309, 0, 45, 54, 44, 0, 45.05%, 0, 0, 5, 433.45, 263683, 41
1314, 0, 45, 55, 45, 0, 45.05%, 0, 0, 5, 449.13, 266002, 41
1319, 0, 32, 56, 45, 0, 45.05%, 0, 0, 5, 432.60, 268150, 41
1325, 0, 54, 56, 45, 0, 45.05%, 0, 0, 5, 437.79, 270422, 41
1330, 0, 54, 57, 46, 0, 45.05%, 0, 0, 5, 454.00, 272779, 41
1335, 0, 57, 60, 48, 0, 45.05%, 0, 0, 7, 449.32, 275026, 41
1340, 0, 57, 60, 48, 0, 45.05%, 0, 0, 7, 437.20, 277266, 41
1345, 0, 58, 63, 50, 0, 45.05%, 0, 0, 8, 434.15, 279543, 41
1350, 0, 58, 63, 50, 0, 45.05%, 0, 0, 8, 452.55, 281846, 41
1355, 0, 58, 63, 50, 0, 45.05%, 0, 0, 8, 432.93, 284060, 41
1361, 0, 58, 63, 50, 0, 45.05%, 0, 0, 8, 442.20, 286369, 41
1366, 0, 36, 63, 50, 0, 45.05%, 0, 0, 8, 458.34, 288793, 41
1371, 0, 58, 63, 49, 0, 45.05%, 0, 0, 8, 443.80, 291023, 41
1376, 1, 58, 63, 49, 0, 45.05%, 0, 0, 8, 440.06, 293256, 41
1381, 1, 58, 65, 51, 0, 45.05%, 0, 0, 8, 436.80, 295489, 41
1386, 1, 58, 67, 53, 0, 45.05%, 0, 0, 8, 413.73, 297531, 41
1391, 1, 58, 67, 52, 0, 45.05%, 0, 0, 8, 386.37, 299581, 41
1396, 1, 58, 67, 52, 0, 45.05%, 0, 0, 8, 198.04, 300342, 41
1401, 1, 58, 67, 52, 0, 45.05%, 0, 0, 8, 157.41, 301080, 41
1406, 1, 32, 68, 53, 0, 45.05%, 0, 0, 8, 323.11, 302635, 41
1412, 1, 58, 68, 53, 0, 45.05%, 0, 0, 8, 413.58, 304942, 41
1417, 1, 58, 69, 54, 0, 45.05%, 0, 0, 8, 440.58, 307232, 41
1422, 1, 58, 69, 54, 0, 45.05%, 0, 0, 8, 437.28, 309424, 41
1427, 1, 54, 69, 53, 0, 45.05%, 0, 0, 8, 445.13, 311664, 41
1432, 1, 36, 69, 53, 0, 45.05%, 0, 0, 8, 433.69, 313903, 41
1437, 1, 58, 69, 52, 0, 45.05%, 0, 0, 8, 492.21, 316402, 41
1442, 1, 58, 69, 52, 0, 45.05%, 0, 0, 8, 620.84, 319766, 41
1448, 1, 58, 69, 50, 0, 45.05%, 0, 0, 8, 646.46, 323156, 41
1453, 2, 41, 75, 56, 0, 45.05%, 0, 0, 8, 643.68, 326496, 41
1458, 2, 52, 76, 56, 0, 45.05%, 0, 0, 8, 650.91, 329760, 41
1463, 2, 58, 80, 60, 0, 45.05%, 0, 0, 8, 648.07, 333105, 41
1468, 2, 32, 83, 63, 0, 45.05%, 0, 0, 8, 614.96, 336186, 41
1473, 2, 58, 84, 63, 0, 45.05%, 0, 0, 8, 634.27, 339371, 41
1478, 2, 58, 84, 62, 0, 45.05%, 0, 0, 8, 621.55, 342588, 41
1483, 2, 58, 86, 64, 0, 45.05%, 0, 0, 8, 636.46, 345863, 41
1488, 2, 84, 89, 67, 0, 45.05%, 0, 0, 9, 611.86, 348948, 41
1493, 2, 84, 89, 67, 0, 45.05%, 0, 0, 9, 624.45, 352060, 41
1498, 2, 86, 90, 67, 0, 45.05%, 0, 0, 9, 599.78, 355113, 41
1504, 2, 36, 91, 67, 0, 45.05%, 0, 0, 9, 608.04, 358133, 41
1509, 2, 41, 92, 67, 0, 45.05%, 0, 0, 9, 635.97, 361334, 41
1514, 3, 36, 92, 66, 0, 45.05%, 0, 0, 9, 619.82, 364429, 41
1519, 3, 58, 92, 64, 0, 45.05%, 0, 0, 9, 636.95, 367765, 41
1524, 3, 52, 92, 64, 0, 45.05%, 0, 0, 9, 628.48, 371026, 41
1529, 3, 58, 92, 63, 0, 45.05%, 0, 0, 9, 626.88, 374297, 41
1534, 3, 77, 93, 63, 0, 45.05%, 0, 0, 9, 497.40, 376644, 41
1539, 3, 53, 93, 62, 0, 45.05%, 0, 0, 9, 585.48, 379710, 41
1544, 3, 41, 93, 61, 0, 45.05%, 0, 0, 9, 596.95, 382704, 41
1550, 3, 53, 93, 60, 0, 45.05%, 0, 0, 9, 623.63, 385962, 41
1555, 3, 36, 93, 60, 0, 45.05%, 0, 0, 9, 627.30, 389204, 41
1560, 3, 78, 93, 59, 0, 45.05%, 0, 0, 9, 614.86, 392331, 41
1565, 3, 91, 93, 58, 0, 45.05%, 0, 0, 9, 594.00, 395172, 41
1570, 3, 52, 93, 57, 0, 45.05%, 0, 0, 9, 621.05, 398420, 41
1575, 4, 61, 93, 56, 0, 45.05%, 0, 0, 9, 648.12, 401674, 41
1580, 4, 58, 93, 55, 0, 45.05%, 0, 0, 9, 635.55, 404945, 41
1585, 4, 58, 93, 55, 0, 45.05%, 0, 0, 9, 609.97, 408097, 41
1590, 4, 58, 93, 54, 0, 45.05%, 0, 0, 9, 618.85, 411243, 41
1596, 4, 61, 93, 54, 0, 45.05%, 0, 0, 9, 643.74, 414662, 41
1601, 4, 56, 93, 53, 0, 45.05%, 0, 0, 9, 635.40, 417899, 41
1606, 4, 52, 93, 52, 0, 45.05%, 0, 0, 9, 653.19, 421371, 41
1611, 4, 61, 93, 51, 0, 45.05%, 0, 0, 9, 631.96, 424568, 41
1616, 4, 61, 93, 51, 0, 45.05%, 0, 0, 9, 647.91, 427947, 41
1621, 4, 53, 93, 50, 0, 45.05%, 0, 0, 9, 654.30, 431243, 41
1626, 5, 58, 93, 50, 0, 45.05%, 0, 0, 9, 647.36, 434517, 41
1631, 5, 58, 93, 50, 0, 45.05%, 0, 0, 9, 632.29, 437679, 41
1636, 5, 71, 93, 48, 0, 45.05%, 0, 0, 9, 630.63, 440838, 41
1641, 5, 58, 93, 47, 0, 45.05%, 0, 0, 9, 631.76, 444117, 41
1646, 5, 52, 93, 46, 0, 45.05%, 0, 0, 9, 622.87, 447231, 41
1651, 5, 58, 93, 45, 0, 45.05%, 0, 0, 9, 617.81, 450332, 41
1656, 5, 58, 93, 45, 0, 45.05%, 0, 0, 9, 622.79, 453509, 41
1662, 5, 52, 93, 44, 0, 45.05%, 0, 0, 9, 635.38, 456812, 41
1667, 5, 58, 93, 44, 0, 45.05%, 0, 0, 9, 638.11, 460119, 41
1672, 5, 58, 93, 44, 0, 45.05%, 0, 0, 9, 631.43, 463415, 41
1677, 6, 58, 93, 44, 0, 45.05%, 0, 0, 9, 543.30, 466196, 41
1682, 6, 58, 93, 44, 0, 45.05%, 0, 0, 9, 594.91, 469224, 41
1687, 6, 58, 93, 44, 0, 45.05%, 0, 0, 9, 623.32, 472392, 41
1692, 6, 61, 93, 44, 0, 45.05%, 0, 0, 9, 628.66, 475550, 41
1697, 6, 53, 93, 44, 0, 45.05%, 0, 0, 9, 633.13, 478748, 41
1702, 6, 58, 93, 44, 0, 45.05%, 0, 0, 9, 620.58, 481955, 41
1707, 6, 61, 93, 44, 0, 45.05%, 0, 0, 9, 615.30, 485024, 41
1712, 6, 58, 93, 44, 0, 45.05%, 0, 0, 9, 623.51, 488172, 41
1717, 6, 58, 93, 44, 0, 45.05%, 0, 0, 9, 643.08, 491413, 41
1723, 6, 79, 93, 43, 0, 45.05%, 0, 0, 9, 577.37, 494348, 41
1728, 7, 53, 94, 42, 0, 45.05%, 0, 0, 9, 615.10, 497542, 41
1733, 7, 92, 94, 42, 0, 45.05%, 0, 0, 9, 581.30, 500632, 41
1738, 7, 51, 94, 40, 0, 45.05%, 0, 0, 9, 561.50, 503250, 41
1743, 7, 53, 94, 40, 0, 45.05%, 0, 0, 9, 613.74, 506464, 41
1748, 7, 58, 94, 40, 0, 45.05%, 0, 0, 9, 625.00, 509695, 41
1753, 7, 58, 94, 39, 0, 45.05%, 0, 0, 9, 606.50, 512645, 41
1759, 7, 61, 94, 38, 0, 45.05%, 0, 0, 9, 626.56, 515917, 41
1764, 7, 64, 94, 38, 0, 45.05%, 0, 0, 9, 602.70, 519080, 41
1769, 7, 93, 94, 37, 0, 45.05%, 0, 0, 9, 553.26, 521738, 41
1774, 7, 32, 94, 36, 0, 45.05%, 0, 0, 9, 604.91, 524828, 41
1779, 7, 58, 94, 36, 0, 45.05%, 0, 0, 9, 631.31, 527994, 41
1784, 7, 58, 94, 36, 0, 45.05%, 0, 0, 9, 636.93, 531217, 41
1789, 8, 58, 94, 35, 0, 45.05%, 0, 0, 9, 640.17, 534433, 41
1794, 8, 85, 94, 35, 0, 45.05%, 0, 0, 9, 625.93, 537574, 41
1799, 8, 58, 94, 34, 0, 45.05%, 0, 0, 9, 647.75, 540822, 41
1804, 8, 58, 94, 33, 0, 45.05%, 0, 0, 9, 644.56, 544063, 41
1809, 8, 52, 94, 31, 0, 45.05%, 0, 0, 9, 642.26, 547367, 41
1814, 8, 58, 94, 31, 0, 45.05%, 0, 0, 9, 631.68, 550626, 41
1819, 8, 58, 94, 31, 0, 45.05%, 0, 0, 9, 636.44, 553832, 41
1824, 8, 58, 94, 30, 0, 45.05%, 0, 0, 9, 627.03, 556944, 41
1830, 8, 24, 94, 30, 0, 45.05%, 0, 0, 9, 638.31, 560262, 41
1835, 9, 58, 94, 29, 0, 45.05%, 0, 0, 9, 652.26, 563542, 41
1840, 9, 58, 94, 29, 0, 45.05%, 0, 0, 9, 653.26, 566903, 41
1845, 9, 50, 94, 29, 0, 45.05%, 0, 0, 9, 646.02, 570101, 41
1850, 9, 90, 94, 28, 0, 45.05%, 0, 0, 9, 540.32, 572725, 41
1855, 9, 58, 94, 27, 0, 45.05%, 0, 0, 9, 623.37, 575904, 41
1860, 9, 58, 94, 26, 0, 45.05%, 0, 0, 9, 653.97, 579222, 41
1865, 9, 61, 94, 26, 0, 45.05%, 0, 0, 9, 655.27, 582475, 41
1870, 9, 93, 94, 26, 0, 45.05%, 0, 0, 9, 640.47, 585791, 41
1875, 9, 32, 94, 26, 0, 45.05%, 0, 0, 9, 637.92, 588994, 41
1880, 9, 58, 94, 26, 0, 45.05%, 0, 0, 9, 642.34, 592362, 41
1885, 9, 76, 94, 26, 0, 45.05%, 0, 0, 9, 600.86, 595396, 41
1891, 10, 58, 94, 25, 0, 45.05%, 0, 0, 9, 613.33, 598542, 41
1896, 10, 58, 94, 25, 0, 45.05%, 0, 0, 9, 631.62, 601878, 41
1901, 10, 58, 94, 25, 0, 45.05%, 0, 0, 9, 631.76, 605060, 41
1906, 10, 61, 94, 25, 0, 45.05%, 0, 0, 9, 624.60, 608295, 41
1911, 10, 58, 94, 25, 0, 45.05%, 0, 0, 9, 630.93, 611599, 41
1916, 10, 51, 94, 25, 0, 45.05%, 0, 0, 9, 636.23, 614838, 41
1921, 10, 61, 94, 25, 0, 45.05%, 0, 0, 9, 636.17, 618044, 41
1926, 10, 36, 94, 25, 0, 45.05%, 0, 0, 9, 631.86, 621231, 41
1931, 10, 73, 94, 25, 0, 45.05%, 0, 0, 9, 637.31, 624568, 41
1936, 10, 58, 94, 25, 0, 45.05%, 0, 0, 9, 635.35, 627767, 41
1942, 11, 58, 94, 25, 0, 45.05%, 0, 0, 9, 647.19, 631137, 41
1947, 11, 51, 94, 25, 0, 45.05%, 0, 0, 9, 639.47, 634380, 41
1952, 11, 58, 94, 25, 0, 45.05%, 0, 0, 9, 644.70, 637735, 41
1953, 11, 58, 94, 25, 0, 45.05%, 1, 0, 9, 0.00, 638412, 41
