# relative_time, cycles_done, cur_item, corpus_count, pending_total, pending_favs, map_size, saved_crashes, saved_hangs, max_depth, execs_per_sec, total_execs, edges_found
68, 0, 0, 9, 8, 0, 29.03%, 0, 0, 2, 0.28, 3419, 18
73, 0, 7, 13, 11, 0, 30.65%, 0, 0, 3, 270.65, 4844, 19
93, 0, 7, 13, 11, 0, 30.65%, 0, 0, 3, 0.06, 5371, 19
99, 0, 7, 15, 13, 0, 30.65%, 0, 0, 3, 262.24, 6759, 19
119, 0, 7, 15, 13, 0, 30.65%, 0, 0, 3, 0.55, 7299, 19
124, 0, 7, 15, 13, 0, 30.65%, 0, 0, 3, 265.83, 8670, 19
137, 0, 7, 15, 13, 0, 30.65%, 0, 0, 3, 4.56, 8895, 19
153, 0, 11, 17, 14, 0, 33.87%, 0, 0, 4, 2.46, 10118, 21
158, 0, 16, 25, 18, 0, 41.94%, 0, 0, 6, 302.31, 11737, 26
174, 0, 16, 25, 18, 0, 41.94%, 0, 0, 6, 2.21, 12559, 26
179, 0, 24, 26, 18, 0, 41.94%, 0, 0, 6, 339.32, 14322, 26
188, 0, 15, 27, 19, 0, 41.94%, 0, 0, 6, 3.73, 15203, 26
196, 0, 15, 27, 19, 0, 41.94%, 0, 0, 6, 0.25, 15205, 26
201, 0, 34, 35, 24, 1, 46.77%, 0, 0, 6, 343.73, 16984, 29
210, 0, 34, 40, 29, 1, 46.77%, 0, 0, 7, 3.54, 17733, 29
213, 0, 34, 41, 30, 1, 46.77%, 1, 0, 7, 0.00, 18767, 29
