# relative_time, cycles_done, cur_item, corpus_count, pending_total, pending_favs, map_size, saved_crashes, saved_hangs, max_depth, execs_per_sec, total_execs, edges_found
68, 0, 1, 14, 12, 0, 29.47%, 0, 0, 3, 0.37, 3765, 28
73, 0, 1, 14, 12, 0, 29.47%, 0, 0, 3, 268.76, 5151, 28
93, 0, 1, 14, 12, 0, 29.47%, 0, 0, 3, 2.92, 5736, 28
98, 0, 1, 14, 12, 0, 29.47%, 0, 0, 3, 274.61, 7146, 28
119, 0, 1, 14, 12, 0, 29.47%, 0, 0, 3, 2.82, 7723, 28
124, 0, 1, 17, 14, 0, 30.53%, 0, 0, 3, 273.41, 9092, 29
137, 0, 1, 17, 14, 0, 30.53%, 0, 0, 3, 1.93, 9352, 29
153, 0, 14, 18, 15, 0, 30.53%, 0, 0, 3, 3.98, 10597, 29
158, 0, 1, 19, 16, 0, 30.53%, 0, 0, 4, 314.89, 12267, 29
174, 0, 1, 20, 16, 0, 31.58%, 0, 0, 4, 3.01, 13100, 30
179, 0, 19, 23, 19, 0, 32.63%, 0, 0, 4, 341.02, 14879, 31
188, 0, 19, 24, 20, 0, 32.63%, 0, 0, 4, 2.05, 15756, 31
196, 0, 19, 24, 20, 0, 32.63%, 0, 0, 4, 1.99, 15765, 31
201, 0, 19, 26, 22, 0, 32.63%, 0, 0, 4, 341.43, 17486, 31
210, 0, 19, 27, 23, 0, 33.68%, 0, 0, 4, 3.50, 18303, 32
224, 0, 19, 27, 23, 0, 33.68%, 0, 0, 4, 0.63, 19803, 32
229, 0, 19, 27, 23, 0, 33.68%, 0, 0, 4, 341.32, 21573, 32
237, 0, 19, 27, 23, 0, 33.68%, 0, 0, 4, 4.27, 22455, 32
244, 0, 19, 28, 24, 0, 33.68%, 0, 0, 4, 25.51, 24166, 32
250, 0, 19, 28, 24, 0, 33.68%, 0, 0, 4, 0.31, 24168, 32
255, 0, 14, 29, 23, 0, 33.68%, 0, 0, 4, 340.74, 25881, 32
261, 0, 26, 29, 23, 0, 33.68%, 0, 0, 4, 8.44, 26772, 32
267, 0, 23, 29, 23, 0, 33.68%, 0, 0, 4, 340.92, 28546, 32
277, 0, 22, 30, 23, 0, 33.68%, 0, 0, 5, 8.18, 29744, 32
282, 0, 22, 30, 23, 0, 33.68%, 0, 0, 5, 345.35, 31480, 32
297, 0, 22, 30, 23, 0, 33.68%, 0, 0, 5, 3.28, 32830, 32
302, 0, 1, 31, 24, 0, 33.68%, 0, 0, 5, 345.57, 34604, 32
308, 1, 6, 31, 24, 0, 33.68%, 0, 0, 5, 28.10, 36008, 32
313, 1, 1, 32, 24, 0, 33.68%, 0, 0, 5, 339.33, 37797, 32
321, 1, 19, 32, 24, 0, 33.68%, 0, 0, 5, 12.86, 38572, 32
326, 1, 22, 32, 24, 0, 33.68%, 0, 0, 5, 339.30, 40255, 32
331, 1, 1, 32, 23, 0, 33.68%, 0, 0, 5, 344.06, 42030, 32
336, 1, 1, 32, 23, 0, 33.68%, 0, 0, 5, 341.27, 43738, 32
342, 1, 22, 32, 23, 0, 33.68%, 0, 0, 5, 12.78, 44882, 32
347, 1, 13, 32, 23, 0, 33.68%, 0, 0, 5, 331.96, 46476, 32
352, 1, 19, 32, 22, 0, 33.68%, 0, 0, 5, 331.34, 47586, 32
357, 2, 26, 32, 21, 0, 33.68%, 0, 0, 5, 341.98, 49354, 32
363, 2, 1, 32, 21, 0, 33.68%, 0, 0, 5, 335.36, 51079, 32
368, 2, 26, 32, 21, 0, 33.68%, 0, 0, 5, 337.03, 52834, 32
373, 2, 19, 33, 22, 0, 33.68%, 0, 0, 5, 329.21, 54512, 32
382, 2, 22, 33, 22, 0, 33.68%, 0, 0, 5, 11.88, 56114, 32
387, 2, 14, 33, 21, 0, 33.68%, 0, 0, 5, 338.13, 57896, 32
392, 2, 1, 33, 21, 0, 33.68%, 0, 0, 5, 342.56, 59673, 32
397, 2, 26, 33, 21, 0, 33.68%, 0, 0, 5, 340.43, 61358, 32
402, 2, 33, 36, 23, 0, 36.84%, 0, 0, 5, 338.88, 63052, 35
408, 2, 33, 37, 24, 0, 36.84%, 0, 0, 6, 13.33, 64289, 35
413, 2, 33, 39, 26, 0, 38.95%, 0, 0, 6, 340.07, 66103, 37
418, 2, 33, 39, 26, 0, 38.95%, 0, 0, 6, 420.28, 68313, 37
423, 2, 33, 39, 26, 0, 38.95%, 0, 0, 6, 438.85, 70561, 37
429, 2, 33, 40, 27, 0, 40.00%, 0, 0, 6, 436.01, 72848, 38
435, 2, 33, 41, 28, 0, 40.00%, 0, 0, 6, 32.33, 74725, 38
440, 2, 37, 43, 29, 2, 40.00%, 0, 0, 6, 437.28, 77044, 38
445, 2, 37, 45, 29, 0, 40.00%, 0, 0, 7, 443.00, 79354, 38
449, 2, 43, 46, 30, 0, 40.00%, 1, 0, 8, 0.00, 81081, 38
