# relative_time, cycles_done, cur_item, corpus_count, pending_total, pending_favs, map_size, saved_crashes, saved_hangs, max_depth, execs_per_sec, total_execs, edges_found
77, 0, 0, 17, 17, 1, 29.11%, 0, 0, 2, 0.25, 1595, 23
78, 0, 0, 17, 17, 1, 29.11%, 0, 0, 2, 311.32, 1663, 23
122, 0, 0, 18, 18, 1, 29.11%, 0, 0, 2, 0.35, 2985, 23
127, 0, 0, 19, 19, 1, 29.11%, 0, 0, 2, 436.74, 3881, 23
176, 0, 0, 19, 19, 1, 29.11%, 0, 0, 2, 0.81, 5281, 23
176, 0, 0, 19, 19, 1, 29.11%, 0, 0, 2, 0.77, 5282, 23
181, 0, 0, 19, 19, 1, 29.11%, 0, 0, 2, 407.23, 7361, 23
215, 0, 0, 19, 19, 1, 29.11%, 0, 0, 2, 0.72, 7649, 23
222, 0, 0, 19, 19, 1, 29.11%, 0, 0, 2, 0.69, 7651, 23
263, 0, 0, 19, 19, 1, 29.11%, 0, 0, 2, 0.08, 8756, 23
269, 0, 0, 19, 19, 1, 29.11%, 0, 0, 2, 435.46, 10969, 23
306, 0, 0, 20, 20, 1, 32.91%, 0, 0, 2, 0.22, 11104, 26
346, 0, 0, 20, 20, 1, 32.91%, 0, 0, 2, 0.66, 12608, 26
351, 0, 0, 20, 20, 1, 32.91%, 0, 0, 2, 404.58, 14680, 26
384, 0, 0, 20, 20, 1, 32.91%, 0, 0, 2, 0.25, 14952, 26
419, 0, 0, 20, 20, 1, 32.91%, 0, 0, 2, 0.97, 16008, 26
424, 0, 0, 21, 21, 1, 35.44%, 1, 0, 2, 0.00, 17664, 28
