# relative_time, cycles_done, cur_item, corpus_count, pending_total, pending_favs, map_size, saved_crashes, saved_hangs, max_depth, execs_per_sec, total_execs, edges_found
68, 0, 1, 10, 8, 0, 33.33%, 0, 0, 3, 0.18, 3423, 26
73, 0, 8, 14, 10, 0, 33.33%, 0, 0, 4, 271.05, 4852, 26
93, 0, 10, 14, 10, 0, 33.33%, 0, 0, 4, 2.23, 5380, 26
98, 0, 8, 14, 10, 0, 33.33%, 0, 0, 4, 261.73, 6727, 26
119, 0, 8, 14, 10, 0, 33.33%, 0, 0, 4, 0.27, 7312, 26
124, 1, 14, 17, 12, 1, 37.18%, 0, 0, 5, 272.20, 8684, 29
137, 1, 14, 17, 12, 1, 37.18%, 0, 0, 5, 1.68, 8924, 29
153, 1, 15, 17, 10, 0, 37.18%, 0, 0, 5, 2.62, 10158, 29
158, 1, 15, 17, 10, 0, 37.18%, 0, 0, 5, 309.19, 11725, 29
174, 1, 15, 17, 10, 0, 37.18%, 0, 0, 5, 1.77, 12607, 29
179, 1, 15, 17, 10, 0, 37.18%, 0, 0, 5, 339.24, 14318, 29
188, 1, 16, 17, 10, 0, 37.18%, 0, 0, 5, 11.43, 15244, 29
196, 1, 16, 17, 10, 0, 37.18%, 0, 0, 5, 0.76, 15250, 29
201, 1, 15, 17, 10, 0, 37.18%, 0, 0, 5, 344.60, 17035, 29
210, 1, 15, 17, 10, 0, 37.18%, 0, 0, 5, 4.56, 17790, 29
224, 1, 16, 19, 12, 0, 41.03%, 0, 0, 6, 8.76, 19423, 32
229, 1, 15, 20, 12, 0, 41.03%, 0, 0, 6, 449.56, 21783, 32
237, 1, 18, 22, 14, 0, 41.03%, 0, 0, 7, 1.61, 22928, 32
247, 1, 18, 23, 15, 0, 42.31%, 0, 0, 7, 4.81, 25167, 33
252, 1, 22, 23, 14, 0, 42.31%, 0, 0, 7, 444.67, 26501, 33
261, 1, 22, 23, 14, 0, 42.31%, 0, 0, 7, 12.74, 28581, 33
267, 2, 15, 25, 16, 0, 42.31%, 0, 0, 8, 442.36, 30928, 33
277, 2, 18, 28, 19, 0, 43.59%, 0, 0, 8, 8.48, 32471, 34
282, 2, 23, 28, 18, 0, 43.59%, 0, 0, 8, 440.68, 34792, 34
297, 2, 27, 31, 20, 0, 44.87%, 0, 0, 8, 4.52, 36537, 35
302, 2, 27, 33, 22, 0, 44.87%, 0, 0, 8, 448.47, 38807, 35
308, 2, 22, 33, 21, 0, 44.87%, 0, 0, 8, 23.15, 40728, 35
313, 2, 22, 36, 24, 0, 44.87%, 0, 0, 8, 428.60, 42885, 35
321, 2, 22, 37, 24, 0, 44.87%, 0, 0, 8, 15.81, 43960, 35
326, 2, 30, 38, 25, 0, 46.15%, 0, 0, 9, 455.38, 46188, 36
331, 2, 0, 39, 25, 0, 46.15%, 0, 0, 9, 434.49, 48311, 36
336, 2, 37, 41, 27, 0, 46.15%, 0, 0, 10, 443.05, 50607, 36
342, 2, 37, 41, 27, 0, 46.15%, 0, 0, 10, 9.16, 52039, 36
347, 2, 37, 41, 27, 0, 46.15%, 0, 0, 10, 444.72, 54287, 36
352, 2, 37, 41, 27, 0, 46.15%, 0, 0, 10, 444.74, 55735, 36
357, 2, 30, 42, 27, 0, 46.15%, 0, 0, 10, 443.03, 57954, 36
362, 3, 16, 42, 26, 0, 46.15%, 0, 0, 10, 440.96, 60153, 36
367, 3, 8, 44, 28, 0, 46.15%, 0, 0, 10, 433.86, 62340, 36
372, 3, 22, 45, 27, 0, 46.15%, 0, 0, 10, 445.84, 64559, 36
382, 3, 37, 45, 26, 0, 46.15%, 0, 0, 10, 17.74, 66787, 36
387, 3, 18, 45, 25, 0, 46.15%, 0, 0, 10, 445.97, 69106, 36
392, 3, 44, 45, 25, 0, 46.15%, 0, 0, 10, 449.96, 71432, 36
397, 3, 22, 45, 24, 0, 46.15%, 0, 0, 10, 445.00, 73650, 36
402, 3, 22, 46, 24, 0, 46.15%, 0, 0, 10, 451.91, 75986, 36
408, 4, 43, 49, 26, 0, 46.15%, 0, 0, 10, 23.43, 77514, 36
413, 4, 22, 49, 25, 0, 46.15%, 0, 0, 10, 413.79, 79812, 36
419, 4, 22, 49, 25, 0, 46.15%, 0, 0, 10, 407.15, 81919, 36
424, 4, 22, 50, 25, 0, 47.44%, 0, 0, 10, 431.54, 84206, 37
429, 4, 49, 53, 28, 0, 50.00%, 0, 0, 10, 432.47, 86497, 39
435, 4, 49, 53, 28, 0, 50.00%, 0, 0, 10, 7.69, 88161, 39
440, 4, 49, 54, 29, 0, 50.00%, 0, 0, 10, 448.53, 90456, 39
445, 4, 52, 55, 29, 1, 50.00%, 0, 0, 10, 446.56, 92777, 39
450, 4, 52, 57, 31, 1, 52.56%, 0, 0, 10, 444.21, 95031, 41
455, 4, 52, 58, 32, 1, 52.56%, 0, 0, 10, 447.15, 97366, 41
463, 4, 55, 59, 31, 1, 52.56%, 0, 0, 11, 4.58, 98752, 41
468, 4, 55, 60, 32, 1, 52.56%, 0, 0, 11, 451.86, 101022, 41
473, 4, 56, 60, 31, 0, 52.56%, 0, 0, 11, 457.91, 103383, 41
478, 4, 51, 62, 33, 0, 52.56%, 0, 0, 11, 451.54, 105689, 41
483, 4, 56, 62, 33, 0, 52.56%, 0, 0, 11, 457.09, 107886, 41
488, 4, 22, 63, 33, 0, 52.56%, 0, 0, 11, 454.59, 110171, 41
493, 4, 49, 63, 33, 0, 52.56%, 0, 0, 11, 466.41, 112527, 41
498, 4, 27, 63, 33, 0, 52.56%, 0, 0, 11, 445.44, 114825, 41
503, 4, 22, 63, 33, 0, 52.56%, 0, 0, 11, 422.64, 116854, 41
509, 5, 60, 64, 34, 0, 52.56%, 0, 0, 11, 438.56, 119165, 41
514, 5, 22, 65, 34, 0, 52.56%, 0, 0, 11, 446.85, 121482, 41
519, 5, 16, 66, 34, 0, 52.56%, 0, 0, 11, 442.27, 123713, 41
524, 5, 56, 66, 34, 0, 52.56%, 0, 0, 11, 446.88, 126050, 41
529, 5, 30, 67, 35, 0, 52.56%, 0, 0, 11, 439.44, 128271, 41
534, 5, 22, 67, 35, 0, 52.56%, 0, 0, 11, 442.21, 130514, 41
539, 5, 51, 67, 35, 0, 52.56%, 0, 0, 11, 447.32, 132789, 41
544, 5, 51, 67, 35, 0, 52.56%, 0, 0, 11, 435.92, 135015, 41
549, 5, 27, 67, 34, 0, 52.56%, 0, 0, 11, 435.25, 137290, 41
555, 5, 66, 67, 34, 0, 52.56%, 0, 0, 11, 449.95, 139644, 41
560, 5, 56, 67, 33, 0, 52.56%, 0, 0, 11, 450.46, 141983, 41
565, 6, 37, 67, 33, 0, 52.56%, 0, 0, 11, 436.70, 144259, 41
570, 6, 22, 67, 32, 0, 52.56%, 0, 0, 11, 442.81, 146577, 41
575, 6, 22, 67, 32, 0, 52.56%, 0, 0, 11, 441.58, 148796, 41
580, 6, 22, 67, 32, 0, 52.56%, 0, 0, 11, 444.46, 151110, 41
585, 6, 55, 67, 32, 0, 52.56%, 0, 0, 11, 449.97, 153371, 41
591, 6, 27, 67, 31, 0, 52.56%, 0, 0, 11, 454.37, 155753, 41
596, 6, 51, 67, 31, 0, 52.56%, 0, 0, 11, 444.76, 157993, 41
601, 6, 30, 67, 31, 0, 52.56%, 0, 0, 11, 439.68, 160186, 41
606, 6, 22, 78, 42, 0, 52.56%, 0, 0, 11, 443.82, 162429, 41
611, 6, 51, 80, 44, 0, 52.56%, 0, 0, 11, 443.26, 164750, 41
616, 6, 22, 81, 45, 0, 52.56%, 0, 0, 11, 444.46, 166991, 41
621, 6, 55, 84, 48, 0, 52.56%, 0, 0, 11, 445.63, 169240, 41
626, 6, 55, 94, 57, 0, 52.56%, 0, 0, 11, 441.31, 171540, 41
631, 6, 22, 95, 58, 0, 52.56%, 0, 0, 11, 440.31, 173852, 41
637, 6, 22, 98, 60, 0, 52.56%, 0, 0, 11, 433.22, 176060, 41
642, 6, 16, 100, 62, 0, 52.56%, 0, 0, 11, 439.51, 178356, 41
647, 7, 22, 101, 63, 0, 52.56%, 0, 0, 11, 426.95, 180479, 41
652, 7, 22, 104, 66, 0, 52.56%, 0, 0, 11, 434.01, 182756, 41
657, 7, 22, 105, 67, 0, 52.56%, 0, 0, 11, 424.86, 184875, 41
662, 7, 22, 105, 67, 0, 52.56%, 0, 0, 11, 440.43, 187103, 41
667, 7, 51, 105, 67, 0, 52.56%, 0, 0, 11, 428.37, 189319, 41
672, 7, 22, 108, 69, 0, 52.56%, 0, 0, 11, 408.49, 191382, 41
677, 7, 22, 109, 69, 0, 52.56%, 0, 0, 11, 379.07, 193232, 41
682, 7, 22, 109, 69, 0, 52.56%, 0, 0, 11, 368.03, 195029, 41
687, 7, 88, 109, 69, 0, 52.56%, 0, 0, 11, 373.16, 196986, 41
693, 7, 22, 110, 69, 0, 52.56%, 0, 0, 11, 381.99, 198963, 41
698, 7, 86, 113, 71, 0, 52.56%, 0, 0, 12, 377.61, 200815, 41
703, 7, 49, 113, 70, 0, 52.56%, 0, 0, 12, 405.19, 202891, 41
708, 7, 22, 113, 70, 0, 52.56%, 0, 0, 12, 380.69, 204777, 41
713, 7, 95, 113, 70, 0, 52.56%, 0, 0, 12, 367.61, 206695, 41
718, 7, 22, 113, 69, 0, 52.56%, 0, 0, 12, 375.74, 208583, 41
723, 7, 22, 113, 68, 0, 52.56%, 0, 0, 12, 381.51, 210555, 41
728, 7, 22, 114, 68, 0, 52.56%, 0, 0, 12, 384.92, 212500, 41
733, 7, 22, 115, 69, 0, 52.56%, 0, 0, 12, 385.13, 214488, 41
738, 7, 22, 115, 68, 0, 52.56%, 0, 0, 12, 401.22, 216461, 41
743, 7, 112, 115, 68, 0, 52.56%, 0, 0, 12, 399.93, 218502, 41
749, 7, 102, 115, 67, 0, 52.56%, 0, 0, 12, 410.18, 220547, 41
754, 7, 22, 115, 66, 0, 52.56%, 0, 0, 12, 401.50, 222510, 41
759, 7, 22, 115, 66, 0, 52.56%, 0, 0, 12, 409.88, 224496, 41
764, 7, 18, 116, 66, 0, 52.56%, 0, 0, 12, 414.70, 226556, 41
769, 8, 71, 116, 66, 0, 52.56%, 0, 0, 12, 402.41, 228541, 41
770, 8, 55, 116, 65, 0, 52.56%, 1, 0, 12, 0.00, 229150, 41
