# relative_time, cycles_done, cur_item, corpus_count, pending_total, pending_favs, map_size, saved_crashes, saved_hangs, max_depth, execs_per_sec, total_execs, edges_found
67, 0, 1, 12, 10, 0, 27.00%, 0, 0, 3, 0.28, 2057, 27
73, 0, 1, 13, 11, 0, 27.00%, 0, 0, 3, 149.83, 2847, 27
93, 0, 1, 13, 11, 0, 27.00%, 0, 0, 3, 1.59, 3161, 27
98, 0, 1, 13, 11, 0, 27.00%, 0, 0, 3, 152.88, 3972, 27
119, 0, 11, 14, 11, 0, 28.00%, 0, 0, 4, 0.66, 4284, 28
124, 0, 1, 14, 10, 0, 28.00%, 0, 0, 4, 154.90, 5092, 28
136, 0, 1, 14, 10, 0, 28.00%, 0, 0, 4, 1.42, 5208, 28
153, 0, 11, 14, 10, 0, 28.00%, 0, 0, 4, 2.43, 5914, 28
158, 0, 1, 14, 10, 0, 28.00%, 0, 0, 4, 156.31, 6706, 28
174, 0, 1, 15, 11, 0, 28.00%, 0, 0, 4, 0.88, 7107, 28
179, 0, 1, 16, 12, 0, 28.00%, 0, 0, 4, 154.73, 7888, 28
188, 1, 1, 16, 12, 0, 28.00%, 0, 0, 4, 5.64, 8314, 28
196, 1, 1, 16, 12, 0, 28.00%, 0, 0, 4, 0.76, 8320, 28
201, 1, 1, 16, 12, 0, 28.00%, 0, 0, 4, 157.16, 9136, 28
210, 1, 12, 16, 12, 0, 28.00%, 0, 0, 4, 1.75, 9477, 28
223, 1, 1, 17, 12, 0, 28.00%, 0, 0, 4, 2.64, 10165, 28
228, 1, 1, 18, 12, 0, 28.00%, 0, 0, 4, 176.72, 10969, 28
237, 1, 1, 18, 12, 0, 28.00%, 0, 0, 4, 2.14, 11524, 28
247, 1, 1, 18, 11, 0, 28.00%, 0, 0, 4, 0.36, 12397, 28
253, 1, 18, 19, 11, 0, 29.00%, 0, 0, 4, 173.79, 12941, 29
261, 1, 18, 20, 12, 0, 30.00%, 0, 0, 4, 1.16, 13739, 30
267, 1, 5, 20, 11, 0, 30.00%, 0, 0, 4, 177.17, 14667, 30
277, 2, 19, 20, 10, 0, 30.00%, 0, 0, 4, 0.83, 15282, 30
282, 2, 19, 20, 10, 0, 30.00%, 0, 0, 4, 178.16, 16209, 30
297, 2, 19, 20, 10, 0, 30.00%, 0, 0, 4, 1.97, 16884, 30
302, 2, 19, 20, 10, 0, 30.00%, 0, 0, 4, 178.12, 17799, 30
308, 2, 19, 20, 10, 0, 30.00%, 0, 0, 4, 12.74, 18516, 30
313, 2, 19, 20, 10, 0, 30.00%, 0, 0, 4, 176.48, 19440, 30
321, 2, 19, 20, 10, 0, 30.00%, 0, 0, 4, 1.65, 19842, 30
326, 2, 1, 20, 10, 0, 30.00%, 0, 0, 4, 170.53, 20685, 30
331, 2, 19, 20, 10, 0, 30.00%, 0, 0, 4, 175.56, 21573, 30
336, 2, 13, 20, 10, 0, 30.00%, 0, 0, 4, 176.72, 22455, 30
342, 2, 19, 20, 10, 0, 30.00%, 0, 0, 4, 6.75, 23061, 30
347, 2, 19, 20, 10, 0, 30.00%, 0, 0, 4, 172.96, 23907, 30
352, 2, 19, 20, 10, 0, 30.00%, 0, 0, 4, 171.33, 24465, 30
357, 2, 1, 20, 10, 0, 30.00%, 0, 0, 4, 177.32, 25389, 30
362, 2, 1, 20, 10, 0, 30.00%, 0, 0, 4, 173.33, 26241, 30
368, 2, 19, 20, 10, 0, 30.00%, 0, 0, 4, 175.79, 27150, 30
373, 2, 19, 21, 11, 0, 31.00%, 0, 0, 5, 171.34, 28033, 31
382, 2, 19, 21, 9, 0, 31.00%, 0, 0, 5, 5.67, 28840, 31
387, 3, 20, 21, 9, 0, 31.00%, 0, 0, 5, 173.82, 29710, 31
392, 3, 20, 21, 9, 0, 31.00%, 0, 0, 5, 175.70, 30617, 31
397, 3, 20, 21, 9, 0, 31.00%, 0, 0, 5, 175.44, 31514, 31
402, 3, 20, 21, 9, 0, 31.00%, 0, 0, 5, 175.66, 32420, 31
408, 3, 20, 21, 9, 0, 31.00%, 0, 0, 5, 10.89, 33036, 31
413, 3, 20, 21, 9, 0, 31.00%, 0, 0, 5, 162.43, 33927, 31
419, 3, 20, 21, 9, 0, 31.00%, 0, 0, 5, 169.55, 34827, 31
424, 3, 20, 21, 9, 0, 31.00%, 0, 0, 5, 171.08, 35727, 31
429, 3, 20, 21, 9, 0, 31.00%, 0, 0, 5, 169.50, 36580, 31
435, 3, 20, 21, 9, 0, 31.00%, 0, 0, 5, 8.37, 37291, 31
440, 3, 20, 21, 9, 0, 31.00%, 0, 0, 5, 170.67, 38176, 31
445, 3, 20, 21, 9, 0, 31.00%, 0, 0, 5, 173.04, 39050, 31
450, 3, 20, 22, 10, 0, 31.00%, 0, 0, 6, 175.56, 39969, 31
455, 3, 1, 22, 10, 0, 31.00%, 0, 0, 6, 185.99, 40911, 31
462, 3, 11, 23, 11, 0, 31.00%, 0, 0, 6, 1.75, 41572, 31
468, 3, 1, 24, 12, 0, 31.00%, 0, 0, 6, 198.89, 42605, 31
473, 3, 19, 24, 12, 0, 31.00%, 0, 0, 6, 197.25, 43620, 31
478, 3, 1, 24, 12, 0, 31.00%, 0, 0, 6, 198.16, 44644, 31
483, 4, 1, 25, 13, 0, 31.00%, 0, 0, 6, 199.45, 45663, 31
488, 4, 1, 25, 13, 0, 31.00%, 0, 0, 6, 203.90, 46679, 31
493, 4, 8, 25, 13, 0, 31.00%, 0, 0, 6, 197.70, 47701, 31
498, 4, 1, 26, 13, 0, 31.00%, 0, 0, 6, 198.98, 48708, 31
503, 4, 19, 27, 13, 0, 31.00%, 0, 0, 6, 202.91, 49739, 31
508, 4, 18, 27, 12, 0, 31.00%, 0, 0, 6, 195.78, 50652, 31
514, 4, 20, 27, 11, 0, 31.00%, 0, 0, 6, 198.06, 51698, 31
519, 5, 11, 27, 11, 0, 31.00%, 0, 0, 6, 188.37, 52651, 31
524, 5, 1, 27, 11, 0, 31.00%, 0, 0, 6, 193.97, 53650, 31
529, 5, 13, 27, 11, 0, 31.00%, 0, 0, 6, 195.06, 54667, 31
534, 5, 14, 27, 11, 0, 31.00%, 0, 0, 6, 196.06, 55696, 31
539, 5, 1, 27, 10, 0, 31.00%, 0, 0, 6, 199.14, 56734, 31
544, 5, 13, 27, 10, 0, 31.00%, 0, 0, 6, 195.33, 57721, 31
550, 5, 1, 27, 10, 0, 31.00%, 0, 0, 6, 223.53, 58920, 31
555, 6, 4, 27, 9, 0, 31.00%, 0, 0, 6, 228.70, 60074, 31
560, 6, 18, 27, 8, 0, 31.00%, 0, 0, 6, 233.21, 61285, 31
565, 6, 1, 27, 7, 0, 31.00%, 0, 0, 6, 231.25, 62496, 31
570, 6, 13, 27, 7, 0, 31.00%, 0, 0, 6, 229.85, 63655, 31
575, 6, 1, 27, 7, 0, 31.00%, 0, 0, 6, 232.29, 64859, 31
580, 6, 19, 28, 6, 0, 34.00%, 0, 0, 6, 233.18, 66075, 34
586, 6, 27, 30, 8, 0, 35.00%, 0, 0, 7, 233.71, 67277, 35
591, 6, 27, 30, 8, 0, 35.00%, 0, 0, 7, 233.51, 68453, 35
596, 6, 27, 31, 9, 0, 36.00%, 0, 0, 7, 234.65, 69680, 36
601, 6, 27, 33, 11, 0, 37.00%, 0, 0, 7, 231.33, 70850, 37
606, 6, 27, 35, 13, 0, 38.00%, 0, 0, 7, 219.47, 71922, 38
611, 6, 29, 42, 19, 2, 38.00%, 0, 0, 8, 219.95, 73027, 38
616, 6, 29, 44, 21, 2, 38.00%, 0, 0, 8, 227.31, 74221, 38
621, 6, 29, 45, 22, 2, 38.00%, 0, 0, 8, 228.81, 75368, 38
626, 6, 29, 48, 25, 2, 38.00%, 0, 0, 8, 227.03, 76509, 38
631, 6, 29, 48, 25, 2, 38.00%, 0, 0, 8, 219.21, 77629, 38
636, 6, 29, 48, 25, 2, 38.00%, 0, 0, 8, 221.09, 78653, 38
641, 6, 29, 54, 31, 2, 38.00%, 0, 0, 8, 210.97, 79741, 38
647, 6, 29, 57, 34, 2, 38.00%, 0, 0, 8, 182.74, 80502, 38
652, 6, 31, 58, 34, 1, 38.00%, 0, 0, 8, 211.09, 81651, 38
657, 6, 33, 62, 37, 0, 38.00%, 0, 0, 8, 199.79, 82671, 38
662, 6, 33, 62, 37, 0, 38.00%, 0, 0, 8, 216.61, 83829, 38
667, 6, 33, 62, 37, 0, 38.00%, 0, 0, 8, 217.77, 84961, 38
672, 6, 33, 62, 37, 0, 38.00%, 0, 0, 8, 213.78, 85953, 38
677, 6, 33, 63, 38, 0, 38.00%, 0, 0, 8, 220.29, 87092, 38
682, 6, 60, 63, 38, 0, 38.00%, 0, 0, 8, 187.94, 88013, 38
688, 6, 60, 65, 40, 0, 38.00%, 0, 0, 9, 244.91, 89321, 38
693, 6, 20, 68, 42, 0, 38.00%, 0, 0, 9, 251.68, 90627, 38
698, 6, 33, 69, 43, 0, 38.00%, 0, 0, 9, 233.86, 91673, 38
703, 6, 20, 70, 44, 0, 38.00%, 0, 0, 9, 235.73, 92909, 38
708, 6, 36, 72, 46, 0, 38.00%, 0, 0, 9, 234.46, 94085, 38
713, 6, 72, 73, 45, 0, 38.00%, 0, 0, 9, 226.89, 95262, 38
718, 6, 72, 73, 45, 0, 38.00%, 0, 0, 9, 217.84, 96346, 38
724, 6, 72, 73, 45, 0, 38.00%, 0, 0, 9, 218.06, 97464, 38
729, 6, 27, 74, 45, 0, 38.00%, 0, 0, 10, 240.83, 98676, 38
734, 6, 64, 75, 46, 0, 38.00%, 0, 0, 10, 237.58, 99884, 38
739, 6, 20, 75, 45, 0, 38.00%, 0, 0, 10, 235.04, 101100, 38
744, 6, 33, 75, 45, 0, 38.00%, 0, 0, 10, 235.29, 102312, 38
749, 6, 60, 75, 45, 0, 38.00%, 0, 0, 10, 229.99, 103512, 38
754, 6, 57, 75, 45, 0, 38.00%, 0, 0, 10, 234.18, 104719, 38
759, 6, 19, 76, 45, 0, 38.00%, 0, 0, 10, 232.26, 105881, 38
764, 6, 20, 76, 45, 0, 38.00%, 0, 0, 10, 246.26, 107126, 38
770, 6, 27, 76, 45, 0, 38.00%, 0, 0, 10, 243.08, 108391, 38
775, 7, 1, 77, 45, 0, 38.00%, 0, 0, 10, 258.09, 109745, 38
780, 7, 56, 77, 44, 0, 38.00%, 0, 0, 10, 239.31, 110942, 38
785, 7, 35, 77, 43, 0, 38.00%, 0, 0, 10, 228.97, 112112, 38
790, 7, 63, 77, 41, 0, 38.00%, 0, 0, 10, 246.90, 113384, 38
795, 7, 19, 77, 40, 0, 38.00%, 0, 0, 10, 251.01, 114704, 38
800, 7, 1, 78, 40, 0, 38.00%, 0, 0, 10, 249.35, 115917, 38
805, 7, 27, 78, 40, 0, 38.00%, 0, 0, 10, 244.53, 117177, 38
810, 7, 1, 78, 40, 0, 38.00%, 0, 0, 10, 250.23, 118461, 38
816, 7, 20, 78, 40, 0, 38.00%, 0, 0, 10, 219.97, 119586, 38
821, 7, 1, 78, 40, 0, 38.00%, 0, 0, 10, 224.43, 120713, 38
826, 7, 77, 78, 40, 0, 38.00%, 0, 0, 10, 222.58, 121859, 38
831, 7, 77, 78, 40, 0, 38.00%, 0, 0, 10, 220.25, 122957, 38
836, 7, 27, 79, 39, 0, 38.00%, 0, 0, 10, 227.46, 124139, 38
841, 7, 1, 79, 39, 0, 38.00%, 0, 0, 10, 247.04, 125433, 38
846, 7, 27, 79, 38, 0, 38.00%, 0, 0, 10, 252.04, 126743, 38
852, 7, 33, 79, 37, 0, 38.00%, 0, 0, 10, 218.45, 127853, 38
857, 7, 1, 79, 36, 0, 38.00%, 0, 0, 10, 234.87, 129051, 38
862, 7, 1, 80, 36, 0, 39.00%, 0, 0, 10, 251.23, 130398, 39
867, 7, 79, 81, 37, 0, 39.00%, 0, 0, 10, 235.89, 131560, 39
872, 7, 79, 81, 37, 0, 39.00%, 0, 0, 10, 231.60, 132760, 39
877, 7, 79, 81, 37, 0, 39.00%, 0, 0, 10, 238.97, 133948, 39
882, 7, 79, 83, 39, 0, 39.00%, 0, 0, 10, 230.79, 135090, 39
887, 7, 79, 83, 39, 0, 39.00%, 0, 0, 10, 264.33, 136493, 39
893, 7, 79, 83, 38, 0, 39.00%, 0, 0, 10, 298.04, 138055, 39
898, 7, 79, 83, 38, 0, 39.00%, 0, 0, 10, 289.56, 139540, 39
903, 7, 66, 83, 38, 0, 39.00%, 0, 0, 10, 272.24, 140871, 39
908, 7, 1, 84, 37, 0, 39.00%, 0, 0, 10, 271.01, 142247, 39
913, 7, 29, 84, 37, 0, 39.00%, 0, 0, 10, 254.36, 143507, 39
918, 7, 33, 84, 37, 0, 39.00%, 0, 0, 10, 230.56, 144661, 39
923, 8, 29, 84, 37, 0, 39.00%, 0, 0, 10, 220.40, 145753, 39
928, 8, 31, 85, 38, 0, 39.00%, 0, 0, 10, 256.43, 147115, 39
933, 8, 31, 86, 38, 0, 40.00%, 0, 0, 10, 236.08, 148340, 40
938, 8, 85, 89, 41, 0, 40.00%, 0, 0, 10, 224.04, 149423, 40
943, 8, 85, 89, 41, 0, 40.00%, 0, 0, 10, 253.53, 150723, 40
948, 8, 85, 89, 41, 0, 40.00%, 0, 0, 10, 246.15, 151831, 40
954, 8, 85, 90, 42, 0, 41.00%, 0, 0, 10, 248.57, 153114, 41
959, 8, 85, 90, 42, 0, 41.00%, 0, 0, 10, 290.91, 154621, 41
964, 8, 85, 91, 43, 0, 41.00%, 0, 0, 10, 156.44, 155364, 41
969, 8, 85, 91, 43, 0, 41.00%, 0, 0, 10, 100.51, 155798, 41
974, 8, 85, 91, 43, 0, 41.00%, 0, 0, 10, 95.53, 156272, 41
979, 8, 85, 91, 43, 0, 41.00%, 0, 0, 10, 101.34, 156785, 41
984, 8, 85, 91, 43, 0, 41.00%, 0, 0, 10, 105.24, 157318, 41
989, 8, 85, 91, 43, 0, 41.00%, 0, 0, 10, 188.16, 158292, 41
995, 8, 85, 91, 42, 0, 41.00%, 0, 0, 10, 273.72, 159817, 41
1000, 8, 89, 94, 45, 0, 41.00%, 0, 0, 10, 280.04, 161216, 41
1005, 8, 89, 94, 45, 0, 41.00%, 0, 0, 10, 280.36, 162626, 41
1010, 8, 89, 95, 46, 0, 41.00%, 0, 0, 10, 276.32, 164039, 41
1015, 8, 33, 96, 47, 0, 41.00%, 0, 0, 10, 270.91, 165383, 41
1020, 8, 33, 96, 47, 0, 41.00%, 0, 0, 10, 247.14, 166644, 41
1025, 8, 27, 96, 47, 0, 41.00%, 0, 0, 10, 247.99, 167927, 41
1030, 8, 84, 96, 47, 0, 41.00%, 0, 0, 10, 267.02, 169341, 41
1036, 8, 1, 96, 46, 0, 41.00%, 0, 0, 10, 253.43, 170665, 41
1041, 8, 33, 97, 47, 0, 41.00%, 0, 0, 10, 248.96, 171937, 41
1046, 8, 20, 97, 47, 0, 41.00%, 0, 0, 10, 284.50, 173450, 41
1051, 8, 89, 97, 47, 0, 41.00%, 0, 0, 10, 287.20, 174845, 41
1056, 8, 85, 97, 47, 0, 41.00%, 0, 0, 10, 313.22, 176449, 41
1061, 8, 33, 98, 48, 0, 41.00%, 0, 0, 10, 269.30, 177695, 41
1066, 8, 27, 98, 48, 0, 41.00%, 0, 0, 10, 272.39, 179103, 41
1071, 8, 97, 98, 48, 0, 41.00%, 0, 0, 10, 282.03, 180576, 41
1076, 8, 97, 98, 48, 0, 41.00%, 0, 0, 10, 262.20, 181896, 41
1081, 8, 97, 98, 48, 0, 41.00%, 0, 0, 10, 261.63, 183203, 41
1086, 8, 1, 99, 48, 0, 41.00%, 0, 0, 10, 269.14, 184564, 41
1092, 8, 1, 101, 50, 0, 41.00%, 0, 0, 10, 280.69, 186034, 41
1097, 8, 81, 101, 50, 0, 41.00%, 0, 0, 10, 215.38, 187096, 41
1102, 8, 85, 101, 49, 0, 41.00%, 0, 0, 10, 204.29, 188058, 41
1107, 8, 20, 101, 49, 0, 41.00%, 0, 0, 10, 249.40, 189439, 41
1112, 8, 83, 101, 49, 0, 41.00%, 0, 0, 10, 268.59, 190787, 41
1117, 8, 83, 101, 49, 0, 41.00%, 0, 0, 10, 248.56, 192002, 41
1122, 8, 33, 102, 49, 0, 41.00%, 0, 0, 10, 264.54, 193277, 41
1127, 8, 33, 102, 49, 0, 41.00%, 0, 0, 10, 260.32, 194616, 41
1132, 8, 20, 102, 49, 0, 41.00%, 0, 0, 10, 296.39, 196161, 41
1137, 8, 1, 102, 48, 0, 41.00%, 0, 0, 10, 286.82, 197654, 41
1142, 8, 1, 102, 48, 0, 41.00%, 0, 0, 10, 264.59, 198952, 41
1147, 8, 33, 102, 48, 0, 41.00%, 0, 0, 10, 271.63, 200350, 41
1153, 9, 96, 102, 48, 0, 41.00%, 0, 0, 10, 275.24, 201714, 41
1158, 9, 20, 102, 47, 0, 41.00%, 0, 0, 10, 288.80, 203125, 41
1163, 9, 85, 103, 47, 0, 42.00%, 0, 0, 10, 297.67, 204681, 42
1168, 9, 102, 104, 48, 0, 42.00%, 0, 0, 10, 286.48, 206127, 42
1173, 9, 106, 108, 52, 1, 43.00%, 0, 0, 10, 280.52, 207537, 43
1178, 9, 19, 109, 52, 0, 43.00%, 0, 0, 10, 292.91, 209091, 43
1183, 9, 106, 109, 51, 0, 43.00%, 0, 0, 10, 289.82, 210568, 43
1188, 9, 106, 110, 52, 0, 43.00%, 0, 0, 10, 251.25, 211681, 43
1193, 9, 107, 110, 52, 0, 43.00%, 0, 0, 10, 355.07, 213419, 43
1198, 9, 1, 110, 51, 0, 43.00%, 0, 0, 10, 410.74, 215526, 43
1203, 9, 102, 112, 53, 0, 43.00%, 0, 0, 10, 431.56, 217743, 43
1209, 9, 112, 113, 54, 1, 47.00%, 0, 0, 10, 451.07, 220087, 47
1214, 9, 112, 113, 53, 0, 47.00%, 0, 0, 10, 458.45, 222390, 47
1219, 9, 112, 113, 53, 0, 47.00%, 0, 0, 10, 440.08, 224585, 47
1224, 9, 112, 114, 54, 0, 47.00%, 0, 0, 10, 381.63, 226513, 47
1229, 9, 89, 114, 54, 0, 47.00%, 0, 0, 10, 433.87, 228838, 47
1234, 9, 89, 114, 54, 0, 47.00%, 0, 0, 10, 444.12, 231154, 47
1239, 9, 92, 115, 55, 0, 48.00%, 0, 0, 11, 445.47, 233488, 48
1245, 9, 112, 116, 54, 0, 48.00%, 0, 0, 11, 444.04, 235798, 48
1250, 9, 114, 119, 57, 0, 48.00%, 0, 0, 12, 446.01, 238005, 48
1255, 9, 114, 119, 57, 0, 48.00%, 0, 0, 12, 458.20, 240331, 48
1260, 9, 114, 119, 57, 0, 48.00%, 0, 0, 12, 454.49, 242653, 48
1265, 9, 114, 119, 57, 0, 48.00%, 0, 0, 12, 432.92, 244925, 48
1270, 9, 114, 119, 57, 0, 48.00%, 0, 0, 12, 420.16, 247029, 48
1275, 9, 114, 119, 57, 0, 48.00%, 0, 0, 12, 394.61, 249085, 48
1280, 9, 112, 119, 57, 0, 48.00%, 0, 0, 12, 437.29, 251367, 48
1285, 9, 120, 121, 59, 0, 48.00%, 0, 0, 12, 419.63, 253527, 48
1290, 9, 120, 123, 61, 0, 48.00%, 0, 0, 12, 378.95, 255394, 48
1295, 9, 1, 123, 60, 0, 48.00%, 0, 0, 12, 417.21, 257591, 48
1301, 9, 116, 123, 60, 0, 48.00%, 0, 0, 12, 430.75, 259831, 48
1306, 9, 1, 124, 60, 0, 48.00%, 0, 0, 12, 415.39, 261952, 48
1311, 9, 85, 124, 60, 0, 48.00%, 0, 0, 12, 427.86, 264223, 48
1316, 9, 104, 124, 60, 0, 48.00%, 0, 0, 12, 441.98, 266550, 48
1321, 9, 1, 124, 59, 0, 48.00%, 0, 0, 12, 429.10, 268751, 48
1326, 9, 114, 125, 60, 0, 48.00%, 0, 0, 12, 437.26, 271053, 48
1332, 9, 1, 125, 59, 0, 48.00%, 0, 0, 12, 445.79, 273390, 48
1337, 9, 1, 125, 59, 0, 48.00%, 0, 0, 12, 438.18, 275680, 48
1342, 9, 33, 125, 59, 0, 48.00%, 0, 0, 12, 442.47, 277961, 48
1347, 9, 112, 125, 59, 0, 48.00%, 0, 0, 12, 440.84, 280269, 48
1352, 10, 34, 125, 59, 0, 48.00%, 0, 0, 12, 438.55, 282507, 48
1357, 10, 1, 125, 58, 0, 48.00%, 0, 0, 12, 445.60, 284788, 48
1362, 10, 78, 125, 58, 0, 48.00%, 0, 0, 12, 454.27, 287050, 48
1368, 10, 112, 125, 56, 0, 48.00%, 0, 0, 12, 454.68, 289412, 48
1373, 10, 1, 125, 56, 0, 48.00%, 0, 0, 12, 431.50, 291647, 48
1378, 10, 38, 125, 56, 0, 48.00%, 0, 0, 12, 439.86, 293927, 48
1383, 10, 85, 126, 56, 0, 48.00%, 0, 0, 12, 419.01, 296081, 48
1388, 10, 33, 126, 56, 0, 48.00%, 0, 0, 12, 433.77, 298303, 48
1393, 10, 125, 126, 56, 0, 48.00%, 0, 0, 12, 265.50, 299674, 48
1398, 10, 125, 126, 56, 0, 48.00%, 0, 0, 12, 171.43, 300409, 48
1404, 10, 125, 126, 56, 0, 48.00%, 0, 0, 12, 149.17, 301151, 48
1409, 10, 112, 126, 54, 0, 48.00%, 0, 0, 12, 390.20, 303392, 48
1414, 10, 89, 126, 54, 0, 48.00%, 0, 0, 12, 431.72, 305660, 48
1419, 10, 1, 126, 53, 0, 48.00%, 0, 0, 12, 447.77, 307978, 48
1424, 10, 33, 126, 52, 0, 48.00%, 0, 0, 12, 437.44, 310224, 48
1429, 10, 108, 126, 52, 0, 48.00%, 0, 0, 12, 433.99, 312429, 48
1434, 10, 19, 126, 51, 0, 48.00%, 0, 0, 12, 437.48, 314623, 48
1436, 10, 114, 126, 51, 0, 48.00%, 1, 0, 12, 0.00, 315433, 48
