# relative_time, cycles_done, cur_item, corpus_count, pending_total, pending_favs, map_size, saved_crashes, saved_hangs, max_depth, execs_per_sec, total_execs, edges_found
77, 0, 1, 12, 10, 0, 31.52%, 0, 0, 3, 0.06, 1580, 29
78, 0, 1, 12, 10, 0, 31.52%, 0, 0, 3, 146.83, 1618, 29
89, 0, 1, 16, 14, 0, 33.70%, 0, 0, 3, 2.46, 2666, 31
122, 0, 1, 16, 14, 0, 33.70%, 0, 0, 3, 0.03, 2667, 31
127, 0, 1, 16, 14, 0, 33.70%, 0, 0, 3, 342.77, 3396, 31
175, 0, 0, 16, 12, 0, 33.70%, 0, 0, 3, 0.13, 4534, 31
180, 0, 0, 16, 12, 0, 33.70%, 0, 0, 3, 348.42, 6340, 31
221, 0, 0, 16, 12, 0, 33.70%, 0, 0, 3, 1.89, 6577, 31
263, 0, 0, 16, 12, 0, 33.70%, 0, 0, 3, 0.77, 7528, 31
268, 0, 13, 17, 13, 0, 33.70%, 0, 0, 3, 377.22, 9458, 31
306, 0, 13, 17, 13, 0, 33.70%, 0, 0, 3, 0.16, 9558, 31
346, 0, 13, 17, 13, 0, 33.70%, 0, 0, 3, 0.19, 10863, 31
351, 0, 13, 19, 15, 0, 34.78%, 0, 0, 4, 347.62, 12587, 32
384, 0, 0, 19, 14, 0, 34.78%, 0, 0, 4, 1.95, 12886, 32
419, 0, 0, 23, 18, 0, 39.13%, 0, 0, 4, 0.85, 13803, 36
455, 0, 0, 24, 19, 0, 39.13%, 0, 0, 4, 0.46, 15609, 36
462, 0, 0, 24, 19, 0, 39.13%, 0, 0, 4, 0.19, 16163, 36
486, 0, 0, 24, 19, 0, 39.13%, 0, 0, 4, 0.20, 16174, 36
491, 0, 0, 24, 19, 0, 39.13%, 0, 0, 4, 359.03, 17968, 36
522, 0, 0, 24, 19, 0, 39.13%, 0, 0, 4, 1.87, 18276, 36
527, 0, 22, 26, 19, 0, 39.13%, 0, 0, 4, 375.61, 20275, 36
557, 0, 22, 26, 19, 0, 39.13%, 0, 0, 4, 0.24, 20526, 36
591, 0, 22, 28, 21, 0, 39.13%, 0, 0, 4, 1.53, 21459, 36
596, 0, 21, 32, 23, 0, 40.22%, 0, 0, 4, 372.89, 23342, 37
625, 0, 22, 32, 22, 0, 40.22%, 0, 0, 4, 2.73, 23688, 37
656, 0, 22, 33, 23, 0, 40.22%, 0, 0, 4, 2.58, 25282, 37
664, 0, 28, 34, 24, 0, 40.22%, 0, 0, 4, 0.28, 26611, 37
679, 0, 28, 34, 24, 0, 40.22%, 0, 0, 4, 0.31, 26623, 37
712, 0, 22, 35, 24, 0, 41.30%, 0, 0, 4, 2.06, 28246, 38
717, 0, 39, 44, 31, 0, 43.48%, 0, 0, 4, 396.60, 30344, 40
739, 0, 39, 44, 31, 0, 43.48%, 0, 0, 4, 0.97, 30511, 40
747, 0, 39, 44, 31, 0, 43.48%, 0, 0, 4, 8.73, 31528, 40
761, 0, 39, 44, 31, 0, 43.48%, 0, 0, 4, 0.51, 31535, 40
788, 0, 39, 44, 31, 0, 43.48%, 0, 0, 4, 0.41, 33433, 40
793, 0, 34, 46, 33, 0, 44.57%, 0, 0, 5, 430.07, 35556, 41
816, 0, 34, 47, 34, 0, 45.65%, 0, 0, 5, 1.40, 35779, 42
836, 0, 34, 47, 34, 0, 45.65%, 0, 0, 5, 0.53, 37269, 42
841, 0, 34, 49, 36, 0, 45.65%, 0, 0, 5, 499.58, 39753, 42
863, 0, 34, 49, 36, 0, 45.65%, 0, 0, 5, 4.33, 39944, 42
868, 0, 46, 51, 36, 0, 45.65%, 0, 0, 6, 501.59, 42394, 42
892, 0, 46, 51, 36, 0, 45.65%, 0, 0, 6, 0.42, 42404, 42
897, 0, 46, 52, 37, 0, 46.74%, 0, 0, 6, 461.64, 44734, 43
915, 0, 46, 52, 37, 0, 46.74%, 0, 0, 6, 1.04, 45154, 43
933, 0, 46, 52, 37, 0, 46.74%, 0, 0, 6, 0.70, 46821, 43
945, 0, 51, 53, 37, 0, 46.74%, 0, 0, 6, 4.72, 48364, 43
953, 0, 51, 53, 37, 0, 46.74%, 0, 0, 6, 4.49, 48380, 43
958, 0, 51, 57, 41, 0, 50.00%, 0, 0, 7, 493.82, 50921, 46
968, 0, 51, 57, 41, 0, 50.00%, 0, 0, 7, 6.36, 51422, 46
969, 0, 51, 57, 41, 0, 50.00%, 1, 0, 7, 0.00, 51813, 46
