# relative_time, cycles_done, cur_item, corpus_count, pending_total, pending_favs, map_size, saved_crashes, saved_hangs, max_depth, execs_per_sec, total_execs, edges_found
77, 0, 0, 18, 18, 1, 44.00%, 0, 0, 2, 0.04, 1601, 44
78, 0, 0, 18, 18, 1, 44.00%, 0, 0, 2, 387.85, 1686, 44
89, 0, 0, 20, 20, 1, 45.00%, 0, 0, 2, 3.09, 2656, 45
122, 0, 0, 20, 20, 1, 45.00%, 0, 0, 2, 0.18, 2662, 45
127, 0, 0, 21, 21, 1, 45.00%, 0, 0, 2, 323.28, 3365, 45
175, 0, 0, 21, 21, 1, 45.00%, 0, 0, 2, 1.46, 4475, 45
180, 0, 0, 21, 21, 1, 45.00%, 0, 0, 2, 339.92, 6209, 45
222, 0, 0, 22, 22, 1, 46.00%, 0, 0, 2, 0.74, 6462, 46
263, 0, 0, 23, 23, 1, 46.00%, 0, 0, 2, 0.08, 7384, 46
268, 0, 0, 23, 23, 1, 46.00%, 0, 0, 2, 363.70, 9221, 46
306, 0, 0, 23, 23, 1, 46.00%, 0, 0, 2, 0.24, 9349, 46
346, 0, 0, 23, 23, 1, 46.00%, 0, 0, 2, 1.53, 10607, 46
351, 0, 0, 23, 23, 1, 46.00%, 0, 0, 2, 338.90, 12307, 46
384, 0, 0, 23, 23, 1, 46.00%, 0, 0, 2, 1.11, 12571, 46
419, 0, 0, 24, 24, 1, 47.00%, 0, 0, 2, 0.43, 13463, 47
455, 0, 0, 24, 24, 1, 47.00%, 0, 0, 2, 2.05, 15220, 47
462, 0, 0, 24, 24, 1, 47.00%, 0, 0, 2, 11.78, 15759, 47
486, 0, 0, 24, 24, 1, 47.00%, 0, 0, 2, 0.25, 15765, 47
491, 0, 0, 24, 24, 1, 47.00%, 1, 0, 2, 0.00, 17187, 47
