# relative_time, cycles_done, cur_item, corpus_count, pending_total, pending_favs, map_size, saved_crashes, saved_hangs, max_depth, execs_per_sec, total_execs, edges_found
72, 0, 0, 10, 9, 0, 24.05%, 0, 0, 2, 0.25, 1726, 19
77, 0, 0, 10, 9, 0, 24.05%, 0, 0, 2, 414.10, 1824, 19
121, 0, 0, 10, 9, 0, 24.05%, 0, 0, 2, 1.55, 3441, 19
127, 0, 0, 11, 10, 0, 24.05%, 0, 0, 2, 652.19, 4797, 19
175, 0, 0, 12, 11, 0, 24.05%, 0, 0, 2, 2.68, 6786, 19
180, 0, 10, 17, 15, 1, 26.58%, 0, 0, 3, 593.56, 9847, 21
221, 0, 10, 18, 16, 1, 27.85%, 0, 0, 3, 3.42, 10250, 22
263, 0, 10, 18, 16, 1, 27.85%, 0, 0, 3, 1.83, 11856, 22
268, 0, 10, 20, 18, 1, 31.65%, 0, 0, 3, 647.55, 15159, 25
306, 0, 10, 20, 18, 1, 31.65%, 0, 0, 3, 0.16, 15333, 25
345, 0, 10, 24, 22, 1, 32.91%, 0, 0, 3, 0.66, 17574, 26
351, 0, 19, 31, 26, 4, 35.44%, 0, 0, 4, 595.58, 20595, 28
383, 0, 19, 32, 27, 4, 36.71%, 0, 0, 4, 0.37, 21011, 29
419, 0, 19, 33, 28, 4, 36.71%, 0, 0, 4, 1.09, 22578, 29
454, 0, 19, 38, 33, 4, 37.97%, 0, 0, 4, 3.90, 25685, 30
486, 0, 19, 40, 35, 4, 37.97%, 0, 0, 4, 4.72, 26690, 30
491, 0, 31, 42, 35, 5, 37.97%, 0, 0, 5, 624.80, 29950, 30
521, 0, 31, 42, 35, 5, 37.97%, 0, 0, 5, 3.71, 30344, 30
526, 0, 31, 44, 32, 0, 37.97%, 0, 0, 5, 624.58, 33562, 30
556, 0, 31, 45, 33, 0, 37.97%, 0, 0, 5, 3.98, 34050, 30
591, 0, 17, 47, 35, 0, 37.97%, 0, 0, 5, 2.72, 35599, 30
596, 0, 35, 50, 38, 0, 37.97%, 0, 0, 5, 629.34, 38809, 30
625, 0, 35, 50, 38, 0, 37.97%, 0, 0, 5, 2.56, 39265, 30
655, 0, 45, 53, 40, 1, 39.24%, 0, 0, 6, 4.79, 41949, 31
664, 0, 51, 54, 39, 0, 39.24%, 0, 0, 6, 9.59, 44174, 31
679, 0, 51, 54, 39, 0, 39.24%, 0, 0, 6, 1.18, 44192, 31
712, 0, 51, 54, 39, 0, 39.24%, 0, 0, 6, 4.64, 46926, 31
715, 0, 51, 55, 40, 0, 43.04%, 1, 0, 6, 0.00, 48815, 34
