# relative_time, cycles_done, cur_item, corpus_count, pending_total, pending_favs, map_size, saved_crashes, saved_hangs, max_depth, execs_per_sec, total_execs, edges_found
77, 0, 0, 11, 11, 1, 30.11%, 0, 0, 2, 0.13, 1694, 28
122, 0, 0, 11, 11, 1, 30.11%, 0, 0, 2, 1.21, 3208, 28
127, 0, 0, 12, 12, 1, 30.11%, 0, 0, 2, 508.59, 4196, 28
170, 0, 0, 12, 12, 1, 30.11%, 0, 0, 2, 0.68, 5783, 28
176, 0, 0, 12, 12, 1, 30.11%, 0, 0, 2, 0.65, 5784, 28
181, 0, 0, 12, 12, 1, 30.11%, 0, 0, 2, 456.81, 8078, 28
222, 0, 0, 12, 12, 1, 30.11%, 0, 0, 2, 1.33, 8456, 28
264, 0, 0, 12, 12, 1, 30.11%, 0, 0, 2, 0.05, 9682, 28
269, 0, 0, 12, 12, 1, 30.11%, 0, 0, 2, 499.69, 12236, 28
306, 0, 0, 12, 12, 1, 30.11%, 0, 0, 2, 0.19, 12369, 28
346, 0, 0, 12, 12, 1, 30.11%, 0, 0, 2, 0.99, 14099, 28
351, 0, 0, 12, 12, 1, 30.11%, 0, 0, 2, 458.11, 16367, 28
384, 0, 0, 12, 12, 1, 30.11%, 0, 0, 2, 1.67, 16745, 28
420, 0, 0, 12, 12, 1, 30.11%, 0, 0, 2, 0.27, 17942, 28
455, 0, 0, 12, 12, 1, 30.11%, 0, 0, 2, 2.93, 20300, 28
487, 0, 0, 12, 12, 1, 30.11%, 0, 0, 2, 3.63, 21066, 28
492, 0, 0, 12, 12, 1, 30.11%, 0, 0, 2, 458.58, 23405, 28
522, 0, 0, 12, 12, 1, 30.11%, 0, 0, 2, 1.81, 23783, 28
527, 0, 0, 13, 10, 0, 30.11%, 0, 0, 3, 458.61, 26265, 28
557, 0, 0, 13, 10, 0, 30.11%, 0, 0, 3, 3.98, 26598, 28
592, 0, 11, 19, 16, 0, 33.33%, 0, 0, 3, 1.38, 27763, 31
597, 0, 16, 20, 16, 0, 33.33%, 0, 0, 4, 469.47, 30154, 31
625, 0, 16, 20, 16, 0, 33.33%, 0, 0, 4, 1.81, 30475, 31
656, 0, 0, 20, 16, 0, 33.33%, 0, 0, 4, 4.24, 32542, 31
665, 0, 20, 21, 16, 0, 34.41%, 0, 0, 4, 10.08, 34294, 32
680, 0, 20, 21, 16, 0, 34.41%, 0, 0, 4, 0.46, 34301, 32
713, 0, 20, 23, 18, 0, 35.48%, 0, 0, 5, 3.84, 36464, 33
718, 0, 20, 26, 21, 0, 37.63%, 0, 0, 5, 587.31, 39544, 35
740, 0, 20, 26, 21, 0, 37.63%, 0, 0, 5, 3.03, 39741, 35
762, 0, 20, 26, 21, 0, 37.63%, 0, 0, 5, 2.90, 41448, 35
788, 0, 20, 28, 23, 0, 39.78%, 0, 0, 5, 1.10, 44442, 37
793, 0, 20, 30, 25, 0, 39.78%, 0, 0, 5, 656.99, 47699, 37
816, 0, 20, 30, 25, 0, 39.78%, 0, 0, 5, 6.92, 48017, 37
837, 0, 22, 33, 27, 4, 40.86%, 0, 0, 6, 3.29, 50371, 38
842, 0, 23, 35, 24, 1, 40.86%, 0, 0, 6, 761.83, 54294, 38
863, 0, 23, 36, 25, 1, 40.86%, 0, 0, 6, 7.67, 54616, 38
892, 0, 27, 39, 25, 0, 41.94%, 0, 0, 6, 6.84, 58531, 39
897, 0, 35, 43, 29, 0, 41.94%, 0, 0, 7, 768.39, 62316, 39
916, 0, 35, 43, 29, 0, 41.94%, 0, 0, 7, 3.41, 63036, 39
933, 0, 35, 45, 31, 0, 41.94%, 0, 0, 7, 2.09, 65586, 39
947, 0, 26, 46, 32, 0, 41.94%, 0, 0, 7, 4.19, 68009, 39
954, 0, 26, 46, 32, 0, 41.94%, 0, 0, 7, 4.10, 68028, 39
959, 0, 30, 46, 32, 0, 41.94%, 0, 0, 7, 743.77, 71795, 39
969, 0, 30, 47, 33, 0, 43.01%, 0, 0, 7, 16.52, 72618, 40
974, 0, 31, 50, 33, 0, 44.09%, 0, 0, 8, 743.81, 76335, 41
991, 0, 31, 50, 33, 0, 44.09%, 0, 0, 8, 5.28, 76861, 41
1006, 0, 38, 51, 34, 0, 44.09%, 0, 0, 8, 13.03, 79877, 41
1026, 0, 49, 55, 37, 0, 45.16%, 0, 0, 9, 4.77, 83316, 42
1040, 0, 49, 55, 37, 0, 45.16%, 0, 0, 9, 15.09, 87054, 42
1046, 0, 53, 56, 38, 0, 47.31%, 0, 0, 9, 740.98, 90949, 44
1064, 0, 53, 56, 38, 0, 47.31%, 0, 0, 9, 2.03, 91322, 44
1069, 0, 53, 57, 39, 0, 48.39%, 0, 0, 9, 802.85, 95334, 45
1078, 0, 53, 58, 40, 0, 48.39%, 0, 0, 9, 11.37, 95949, 45
1097, 0, 53, 58, 40, 0, 48.39%, 0, 0, 9, 2.80, 98101, 45
1102, 0, 53, 58, 40, 0, 48.39%, 0, 0, 9, 819.46, 102181, 45
1115, 0, 53, 59, 41, 0, 48.39%, 0, 0, 9, 9.22, 103197, 45
1120, 0, 47, 61, 41, 0, 48.39%, 0, 0, 9, 782.12, 107206, 45
1130, 0, 47, 62, 42, 0, 48.39%, 0, 0, 9, 10.40, 107663, 45
1147, 0, 47, 62, 42, 0, 48.39%, 0, 0, 9, 11.55, 110813, 45
1152, 0, 47, 64, 44, 0, 48.39%, 0, 0, 9, 786.36, 114728, 45
1157, 0, 55, 65, 45, 0, 48.39%, 0, 0, 9, 815.97, 116593, 45
1165, 0, 55, 65, 45, 0, 48.39%, 0, 0, 9, 2.91, 118715, 45
1170, 0, 55, 65, 45, 0, 48.39%, 0, 0, 9, 0.35, 118717, 45
1175, 0, 56, 67, 47, 0, 48.39%, 0, 0, 9, 782.45, 122741, 45
1181, 0, 56, 67, 47, 0, 48.39%, 0, 0, 9, 810.64, 125234, 45
1190, 0, 56, 67, 47, 0, 48.39%, 0, 0, 9, 15.43, 125985, 45
1195, 0, 53, 67, 47, 0, 48.39%, 0, 0, 9, 811.65, 130032, 45
1205, 0, 55, 67, 47, 0, 48.39%, 0, 0, 9, 3.74, 131690, 45
1210, 0, 27, 67, 46, 0, 48.39%, 0, 0, 9, 803.28, 135713, 45
1219, 0, 0, 67, 45, 0, 48.39%, 0, 0, 9, 2.09, 137240, 45
1224, 0, 35, 67, 45, 0, 48.39%, 0, 0, 9, 741.95, 141254, 45
1229, 0, 53, 67, 45, 0, 48.39%, 0, 0, 9, 3.65, 142372, 45
1238, 0, 47, 67, 45, 0, 48.39%, 0, 0, 9, 20.34, 145073, 45
1243, 1, 37, 70, 48, 0, 48.39%, 0, 0, 9, 723.31, 148682, 45
1248, 1, 53, 71, 48, 0, 48.39%, 0, 0, 9, 783.40, 151092, 45
1255, 1, 56, 71, 48, 0, 48.39%, 0, 0, 9, 2.65, 151964, 45
1260, 1, 66, 71, 47, 0, 48.39%, 0, 0, 9, 673.80, 155680, 45
1270, 1, 56, 73, 48, 0, 48.39%, 0, 0, 9, 14.08, 159259, 45
1275, 1, 31, 75, 49, 0, 48.39%, 0, 0, 9, 797.12, 163253, 45
1285, 1, 71, 78, 51, 0, 48.39%, 0, 0, 9, 23.58, 166547, 45
1290, 1, 35, 78, 50, 0, 48.39%, 0, 0, 9, 811.83, 170548, 45
1295, 1, 31, 79, 51, 0, 48.39%, 0, 0, 9, 790.08, 174527, 45
1301, 1, 56, 79, 51, 0, 48.39%, 0, 0, 9, 33.79, 175441, 45
1306, 1, 0, 80, 50, 0, 48.39%, 0, 0, 10, 799.55, 179458, 45
1311, 1, 35, 80, 49, 0, 48.39%, 0, 0, 10, 794.67, 183621, 45
1316, 1, 55, 80, 48, 0, 48.39%, 0, 0, 10, 763.75, 187453, 45
1321, 1, 35, 80, 47, 0, 48.39%, 0, 0, 10, 768.51, 191349, 45
1326, 1, 55, 80, 47, 0, 48.39%, 0, 0, 10, 779.45, 195245, 45
1327, 1, 55, 80, 47, 0, 48.39%, 1, 0, 10, 0.00, 195720, 45
