# relative_time, cycles_done, cur_item, corpus_count, pending_total, pending_favs, map_size, saved_crashes, saved_hangs, max_depth, execs_per_sec, total_execs, edges_found
77, 0, 0, 9, 8, 0, 29.03%, 0, 0, 2, 0.06, 1650, 27
78, 0, 0, 9, 8, 0, 29.03%, 0, 0, 2, 267.33, 1705, 27
89, 0, 0, 9, 8, 0, 29.03%, 0, 0, 2, 7.16, 3101, 27
122, 0, 0, 9, 8, 0, 29.03%, 0, 0, 2, 0.09, 3104, 27
127, 0, 0, 9, 8, 0, 29.03%, 0, 0, 2, 520.97, 4217, 27
170, 0, 0, 10, 9, 0, 30.11%, 0, 0, 2, 1.36, 5835, 28
176, 0, 0, 10, 9, 0, 30.11%, 0, 0, 2, 0.18, 5836, 28
181, 0, 9, 14, 11, 1, 32.26%, 0, 0, 3, 508.53, 8418, 30
222, 0, 9, 14, 11, 1, 32.26%, 0, 0, 3, 0.99, 8818, 30
263, 0, 9, 15, 12, 1, 33.33%, 0, 0, 3, 0.11, 10309, 31
269, 0, 9, 15, 12, 1, 33.33%, 0, 0, 3, 604.53, 13413, 31
306, 0, 9, 15, 12, 1, 33.33%, 0, 0, 3, 0.11, 13561, 31
346, 0, 9, 15, 12, 1, 33.33%, 0, 0, 3, 1.81, 15665, 31
351, 0, 14, 19, 12, 0, 33.33%, 0, 0, 4, 552.31, 18393, 31
384, 0, 14, 19, 12, 0, 33.33%, 0, 0, 4, 2.66, 18867, 31
419, 0, 9, 19, 12, 0, 33.33%, 0, 0, 4, 0.97, 20327, 31
455, 0, 14, 19, 12, 0, 33.33%, 0, 0, 4, 4.19, 23164, 31
486, 0, 14, 19, 12, 0, 33.33%, 0, 0, 4, 0.40, 24082, 31
492, 0, 0, 20, 12, 0, 36.56%, 0, 0, 4, 553.14, 26889, 34
522, 0, 15, 20, 12, 0, 36.56%, 0, 0, 4, 2.41, 27339, 34
527, 0, 19, 24, 15, 0, 37.63%, 0, 0, 5, 566.30, 30252, 35
557, 0, 19, 24, 15, 0, 37.63%, 0, 0, 5, 3.75, 30692, 35
591, 0, 19, 25, 16, 0, 38.71%, 0, 0, 5, 2.25, 32079, 36
596, 0, 19, 25, 16, 0, 38.71%, 0, 0, 5, 566.76, 34923, 36
625, 0, 19, 25, 16, 0, 38.71%, 0, 0, 5, 3.12, 35341, 36
656, 0, 19, 26, 17, 0, 39.78%, 0, 0, 5, 4.43, 37798, 37
665, 0, 19, 26, 17, 0, 39.78%, 0, 0, 5, 8.85, 39850, 37
680, 0, 19, 26, 17, 0, 39.78%, 0, 0, 5, 1.11, 39867, 37
712, 0, 25, 29, 19, 2, 39.78%, 0, 0, 6, 4.71, 42460, 37
717, 0, 24, 33, 22, 2, 41.94%, 0, 0, 6, 681.77, 46048, 39
740, 0, 24, 35, 24, 2, 41.94%, 0, 0, 6, 0.56, 46330, 39
748, 0, 24, 35, 24, 2, 41.94%, 0, 0, 6, 13.68, 48166, 39
761, 0, 24, 35, 24, 2, 41.94%, 0, 0, 6, 0.80, 48177, 39
788, 0, 24, 38, 27, 2, 41.94%, 0, 0, 6, 8.38, 51487, 39
788, 0, 24, 38, 27, 2, 41.94%, 0, 0, 6, 0.07, 51488, 39
793, 0, 26, 45, 31, 1, 43.01%, 0, 0, 7, 706.08, 54951, 40
801, 0, 26, 45, 31, 1, 43.01%, 0, 0, 7, 7.17, 55329, 40
816, 0, 26, 45, 31, 1, 43.01%, 0, 0, 7, 0.27, 55333, 40
836, 0, 26, 45, 31, 1, 43.01%, 0, 0, 7, 9.59, 57783, 40
841, 0, 30, 47, 31, 0, 45.16%, 0, 0, 7, 782.11, 61676, 42
863, 0, 30, 47, 31, 0, 45.16%, 0, 0, 7, 3.51, 62081, 42
892, 0, 30, 48, 32, 0, 45.16%, 0, 0, 7, 1.34, 66126, 42
897, 0, 48, 54, 35, 0, 47.31%, 0, 0, 9, 795.34, 70058, 44
915, 0, 48, 55, 36, 0, 48.39%, 0, 0, 9, 7.67, 70860, 45
933, 0, 48, 55, 36, 0, 48.39%, 0, 0, 9, 3.35, 73521, 45
946, 0, 48, 55, 36, 0, 48.39%, 0, 0, 9, 1.59, 76095, 45
953, 0, 48, 55, 36, 0, 48.39%, 0, 0, 9, 13.55, 76126, 45
958, 0, 48, 56, 37, 0, 48.39%, 0, 0, 9, 766.37, 79975, 45
969, 0, 48, 56, 37, 0, 48.39%, 0, 0, 9, 3.21, 80842, 45
974, 0, 14, 57, 37, 0, 48.39%, 0, 0, 9, 758.17, 84685, 45
991, 0, 54, 57, 37, 0, 48.39%, 0, 0, 9, 6.44, 85270, 45
1006, 0, 54, 58, 38, 0, 48.39%, 0, 0, 10, 1.33, 88361, 45
1026, 0, 54, 58, 38, 0, 48.39%, 0, 0, 10, 7.91, 91949, 45
1040, 0, 45, 59, 39, 0, 48.39%, 0, 0, 10, 4.30, 95766, 45
1045, 0, 45, 59, 39, 0, 48.39%, 0, 0, 10, 741.09, 99781, 45
1064, 0, 45, 59, 39, 0, 48.39%, 0, 0, 10, 1.76, 100155, 45
1069, 0, 54, 59, 39, 0, 48.39%, 0, 0, 10, 814.43, 104352, 45
1078, 0, 54, 60, 40, 0, 48.39%, 0, 0, 10, 16.84, 104854, 45
1097, 0, 45, 60, 40, 0, 48.39%, 0, 0, 10, 5.92, 107004, 45
1102, 1, 14, 62, 42, 0, 48.39%, 0, 0, 10, 833.56, 111277, 45
1115, 1, 45, 62, 42, 0, 48.39%, 0, 0, 10, 12.42, 112193, 45
1120, 1, 52, 63, 43, 0, 48.39%, 0, 0, 10, 790.15, 116213, 45
1130, 1, 52, 65, 45, 0, 48.39%, 0, 0, 10, 13.09, 116669, 45
1146, 1, 62, 65, 44, 0, 48.39%, 0, 0, 10, 8.67, 119848, 45
1151, 1, 54, 68, 46, 0, 48.39%, 0, 0, 11, 791.77, 123815, 45
1156, 1, 14, 69, 46, 0, 48.39%, 0, 0, 11, 825.44, 125699, 45
1164, 1, 48, 71, 48, 0, 48.39%, 0, 0, 11, 8.67, 127852, 45
1170, 1, 48, 71, 48, 0, 48.39%, 0, 0, 11, 0.70, 127856, 45
1175, 1, 30, 73, 50, 0, 48.39%, 0, 0, 11, 811.71, 131899, 45
1180, 1, 72, 75, 51, 0, 48.39%, 0, 0, 11, 796.01, 134421, 45
1189, 1, 72, 75, 51, 0, 48.39%, 0, 0, 11, 6.79, 135143, 45
1195, 1, 54, 80, 55, 0, 48.39%, 0, 0, 11, 823.62, 139382, 45
1205, 1, 9, 80, 55, 0, 48.39%, 0, 0, 11, 11.26, 140943, 45
1210, 1, 49, 80, 55, 0, 48.39%, 0, 0, 11, 826.45, 144968, 45
1219, 1, 14, 81, 55, 0, 48.39%, 0, 0, 11, 15.38, 146563, 45
1224, 1, 48, 81, 55, 0, 48.39%, 0, 0, 11, 768.90, 150514, 45
1229, 1, 54, 81, 55, 0, 48.39%, 0, 0, 11, 20.10, 151757, 45
1238, 1, 14, 81, 55, 0, 48.39%, 0, 0, 11, 8.93, 154530, 45
1243, 1, 57, 81, 55, 0, 48.39%, 0, 0, 11, 772.53, 158444, 45
1248, 1, 11, 81, 54, 0, 48.39%, 0, 0, 11, 727.04, 160754, 45
1255, 1, 14, 81, 54, 0, 48.39%, 0, 0, 11, 31.43, 161770, 45
1260, 2, 54, 84, 57, 0, 48.39%, 0, 0, 11, 826.86, 165578, 45
1270, 2, 14, 88, 61, 0, 48.39%, 0, 0, 11, 28.58, 169431, 45
1275, 2, 22, 90, 63, 0, 48.39%, 0, 0, 11, 810.48, 173575, 45
1284, 2, 54, 91, 63, 0, 48.39%, 0, 0, 11, 8.07, 176664, 45
1289, 2, 85, 95, 67, 0, 48.39%, 0, 0, 11, 808.55, 180705, 45
1295, 2, 45, 97, 67, 0, 48.39%, 0, 0, 11, 798.93, 184613, 45
1300, 2, 14, 98, 68, 0, 48.39%, 0, 0, 11, 1.81, 185550, 45
1305, 2, 48, 100, 70, 0, 48.39%, 0, 0, 11, 801.86, 189718, 45
1311, 2, 21, 101, 70, 0, 48.39%, 0, 0, 11, 792.45, 193795, 45
1316, 2, 14, 101, 70, 0, 48.39%, 0, 0, 11, 796.37, 197822, 45
1317, 2, 14, 101, 70, 0, 48.39%, 1, 0, 11, 0.00, 198623, 45
