# relative_time, cycles_done, cur_item, corpus_count, pending_total, pending_favs, map_size, saved_crashes, saved_hangs, max_depth, execs_per_sec, total_execs, edges_found
73, 0, 1, 8, 6, 0, 27.00%, 0, 0, 3, 0.04, 1705, 27
78, 0, 1, 8, 6, 0, 27.00%, 0, 0, 3, 276.70, 1766, 27
122, 0, 1, 9, 7, 0, 27.00%, 0, 0, 3, 0.59, 3037, 27
127, 0, 1, 9, 7, 0, 27.00%, 0, 0, 3, 403.47, 3819, 27
176, 0, 1, 9, 7, 0, 27.00%, 0, 0, 3, 0.88, 5131, 27
176, 0, 1, 9, 7, 0, 27.00%, 0, 0, 3, 0.84, 5132, 27
181, 0, 1, 9, 7, 0, 27.00%, 0, 0, 3, 373.91, 7021, 27
222, 0, 1, 9, 7, 0, 27.00%, 0, 0, 3, 0.86, 7308, 27
263, 0, 0, 10, 7, 0, 28.00%, 0, 0, 3, 0.90, 8322, 28
269, 0, 9, 13, 9, 0, 28.00%, 0, 0, 3, 400.03, 10401, 28
306, 0, 9, 13, 9, 0, 28.00%, 0, 0, 3, 0.22, 10478, 28
346, 0, 9, 14, 10, 0, 29.00%, 0, 0, 3, 1.92, 11864, 29
351, 0, 9, 14, 10, 0, 29.00%, 0, 0, 3, 371.54, 13712, 29
384, 0, 9, 14, 10, 0, 29.00%, 0, 0, 3, 1.73, 14020, 29
389, 0, 9, 14, 10, 0, 29.00%, 0, 0, 3, 7.23, 15007, 29
419, 0, 9, 14, 10, 0, 29.00%, 0, 0, 3, 0.03, 15008, 29
455, 0, 9, 16, 12, 0, 30.00%, 0, 0, 3, 2.08, 17131, 30
463, 0, 9, 16, 12, 0, 30.00%, 0, 0, 3, 11.04, 17776, 30
486, 0, 9, 16, 12, 0, 30.00%, 0, 0, 3, 0.04, 17777, 30
492, 0, 9, 17, 13, 0, 30.00%, 0, 0, 3, 412.19, 19906, 30
522, 0, 9, 17, 13, 0, 30.00%, 0, 0, 3, 2.94, 20186, 30
527, 0, 9, 17, 11, 0, 30.00%, 0, 0, 3, 407.36, 22297, 30
557, 0, 9, 17, 11, 0, 30.00%, 0, 0, 3, 2.39, 22616, 30
591, 0, 0, 17, 11, 0, 30.00%, 0, 0, 3, 1.50, 23628, 30
596, 0, 9, 18, 12, 0, 30.00%, 0, 0, 3, 405.27, 25686, 30
625, 0, 9, 18, 12, 0, 30.00%, 0, 0, 3, 2.30, 26043, 30
656, 1, 0, 19, 13, 0, 30.00%, 0, 0, 3, 2.66, 27772, 30
665, 1, 9, 22, 16, 0, 30.00%, 0, 0, 3, 2.60, 29207, 30
680, 1, 9, 22, 16, 0, 30.00%, 0, 0, 3, 0.39, 29213, 30
712, 1, 19, 22, 16, 0, 30.00%, 0, 0, 3, 0.28, 30974, 30
717, 1, 13, 27, 19, 0, 33.00%, 0, 0, 4, 459.58, 33411, 33
740, 1, 9, 27, 19, 0, 33.00%, 0, 0, 4, 0.74, 33614, 33
746, 1, 26, 28, 20, 0, 33.00%, 0, 0, 4, 17.47, 34930, 33
761, 1, 26, 28, 20, 0, 33.00%, 0, 0, 4, 1.29, 34941, 33
788, 1, 9, 28, 19, 0, 33.00%, 0, 0, 4, 2.42, 37402, 33
793, 2, 9, 31, 22, 0, 33.00%, 0, 0, 4, 525.54, 39994, 33
801, 2, 9, 31, 22, 0, 33.00%, 0, 0, 4, 5.34, 40266, 33
816, 2, 9, 31, 22, 0, 33.00%, 0, 0, 4, 0.07, 40267, 33
836, 2, 31, 34, 24, 0, 34.00%, 0, 0, 5, 0.13, 42080, 34
842, 2, 31, 39, 29, 0, 36.00%, 0, 0, 5, 625.02, 45325, 36
863, 2, 31, 39, 29, 0, 36.00%, 0, 0, 5, 4.46, 45553, 36
892, 2, 31, 40, 30, 0, 36.00%, 0, 0, 5, 1.01, 48740, 36
897, 2, 31, 44, 34, 0, 37.00%, 0, 0, 5, 641.15, 51912, 37
915, 2, 31, 44, 34, 0, 37.00%, 0, 0, 5, 4.17, 52512, 37
933, 2, 31, 49, 39, 0, 38.00%, 0, 0, 5, 8.09, 54654, 38
946, 2, 31, 53, 43, 0, 38.00%, 0, 0, 5, 5.36, 56681, 38
953, 2, 31, 53, 43, 0, 38.00%, 0, 0, 5, 5.17, 56697, 38
958, 2, 40, 58, 47, 2, 38.00%, 0, 0, 6, 603.50, 59723, 38
963, 2, 40, 58, 47, 2, 38.00%, 0, 0, 6, 8.86, 60419, 38
969, 2, 40, 58, 47, 2, 38.00%, 0, 0, 6, 0.19, 60420, 38
974, 2, 40, 61, 50, 2, 39.00%, 0, 0, 6, 603.63, 63416, 39
991, 2, 40, 61, 50, 2, 39.00%, 0, 0, 6, 0.37, 63902, 39
1006, 2, 40, 63, 52, 2, 39.00%, 0, 0, 6, 4.23, 66370, 39
1026, 2, 40, 65, 54, 2, 39.00%, 0, 0, 6, 8.33, 69168, 39
1040, 2, 45, 70, 58, 2, 39.00%, 0, 0, 6, 9.94, 72144, 39
1045, 2, 24, 70, 55, 0, 39.00%, 0, 0, 6, 605.03, 75186, 39
1050, 2, 24, 71, 56, 0, 39.00%, 0, 0, 6, 22.42, 75569, 39
1064, 2, 24, 71, 56, 0, 39.00%, 0, 0, 6, 0.07, 75570, 39
1069, 2, 38, 72, 57, 0, 39.00%, 0, 0, 6, 623.98, 78705, 39
1078, 2, 38, 72, 57, 0, 39.00%, 0, 0, 6, 13.44, 79257, 39
1097, 2, 73, 74, 59, 1, 40.00%, 0, 0, 6, 4.45, 80958, 40
1102, 2, 73, 75, 59, 0, 40.00%, 0, 0, 6, 711.06, 84462, 40
1115, 2, 73, 77, 61, 0, 41.00%, 0, 0, 6, 5.57, 85339, 41
1120, 2, 73, 77, 61, 0, 41.00%, 0, 0, 6, 713.34, 88956, 41
1129, 2, 73, 77, 61, 0, 41.00%, 0, 0, 6, 13.40, 89387, 41
1146, 2, 73, 77, 61, 0, 41.00%, 0, 0, 6, 12.23, 92252, 41
1151, 2, 75, 79, 62, 0, 41.00%, 0, 0, 6, 717.75, 95791, 41
1156, 2, 75, 79, 62, 0, 41.00%, 0, 0, 6, 780.47, 97500, 41
1170, 2, 75, 79, 62, 0, 41.00%, 0, 0, 6, 3.99, 99420, 41
1175, 2, 75, 82, 65, 0, 41.00%, 0, 0, 6, 687.25, 102827, 41
1180, 2, 59, 82, 65, 0, 41.00%, 0, 0, 6, 737.09, 105135, 41
1189, 2, 59, 82, 65, 0, 41.00%, 0, 0, 6, 13.64, 105851, 41
1194, 2, 73, 83, 66, 0, 41.00%, 0, 0, 6, 725.40, 109495, 41
1205, 2, 18, 84, 66, 0, 42.00%, 0, 0, 6, 1.75, 110959, 42
1210, 2, 66, 85, 66, 0, 42.00%, 0, 0, 6, 715.40, 114611, 42
1219, 2, 40, 85, 65, 0, 42.00%, 0, 0, 6, 18.82, 115874, 42
1224, 2, 83, 89, 68, 0, 42.00%, 0, 0, 6, 664.40, 119237, 42
1229, 2, 83, 90, 69, 0, 42.00%, 0, 0, 6, 37.46, 120362, 42
1238, 2, 45, 91, 70, 0, 42.00%, 0, 0, 6, 18.20, 122898, 42
1243, 2, 9, 91, 69, 0, 42.00%, 0, 0, 6, 711.96, 126466, 42
1248, 2, 75, 91, 68, 0, 42.00%, 0, 0, 6, 723.29, 128661, 42
1253, 2, 83, 92, 69, 0, 42.00%, 0, 0, 6, 15.81, 129331, 42
1258, 2, 51, 93, 69, 0, 42.00%, 0, 0, 6, 731.22, 132059, 42
1264, 2, 82, 95, 69, 0, 42.00%, 0, 0, 7, 706.62, 135622, 42
1270, 2, 83, 96, 69, 0, 43.00%, 0, 0, 7, 23.60, 136317, 43
1275, 2, 97, 102, 74, 1, 48.00%, 0, 0, 7, 677.39, 139813, 48
1284, 2, 97, 102, 74, 1, 48.00%, 0, 0, 7, 21.45, 142582, 48
1290, 2, 97, 103, 75, 1, 48.00%, 0, 0, 7, 708.86, 146096, 48
1295, 2, 96, 104, 74, 0, 48.00%, 0, 0, 7, 701.03, 149577, 48
1300, 2, 96, 105, 75, 0, 48.00%, 0, 0, 7, 31.20, 150382, 48
1305, 2, 100, 106, 76, 0, 48.00%, 0, 0, 7, 741.37, 154035, 48
1310, 2, 100, 106, 76, 0, 48.00%, 0, 0, 7, 644.96, 157579, 48
1316, 2, 9, 108, 78, 0, 48.00%, 0, 0, 7, 716.74, 161292, 48
1321, 2, 100, 109, 79, 0, 48.00%, 0, 0, 7, 718.69, 164940, 48
1326, 2, 100, 109, 79, 0, 48.00%, 0, 0, 7, 694.40, 168354, 48
1331, 2, 100, 110, 80, 0, 48.00%, 0, 0, 8, 724.49, 172023, 48
1338, 2, 100, 110, 80, 0, 48.00%, 0, 0, 8, 4.49, 175343, 48
1344, 2, 96, 110, 80, 0, 48.00%, 0, 0, 8, 584.94, 178825, 48
1349, 2, 59, 110, 80, 0, 48.00%, 0, 0, 8, 721.80, 182672, 48
1354, 2, 38, 111, 81, 0, 48.00%, 0, 0, 8, 768.80, 186704, 48
1359, 2, 38, 114, 84, 0, 48.00%, 0, 0, 8, 726.53, 190226, 48
1364, 2, 73, 114, 84, 0, 48.00%, 0, 0, 8, 725.07, 193973, 48
1369, 2, 9, 115, 85, 0, 48.00%, 0, 0, 8, 782.08, 196972, 48
1374, 2, 75, 115, 84, 0, 48.00%, 0, 0, 8, 738.83, 200677, 48
1379, 2, 38, 115, 84, 0, 48.00%, 0, 0, 8, 740.19, 204328, 48
1384, 2, 91, 115, 84, 0, 48.00%, 0, 0, 8, 734.01, 208162, 48
1390, 2, 75, 116, 84, 0, 48.00%, 0, 0, 8, 715.03, 211675, 48
1395, 2, 75, 117, 85, 0, 48.00%, 0, 0, 8, 702.90, 215138, 48
1400, 3, 59, 118, 86, 0, 48.00%, 0, 0, 8, 730.71, 218919, 48
1405, 3, 9, 118, 85, 0, 48.00%, 0, 0, 8, 727.98, 222551, 48
1410, 3, 97, 119, 86, 0, 48.00%, 0, 0, 8, 743.23, 226303, 48
1415, 3, 75, 120, 87, 0, 48.00%, 0, 0, 8, 426.45, 228950, 48
1420, 3, 75, 120, 87, 0, 48.00%, 0, 0, 8, 689.26, 232794, 48
1425, 3, 96, 120, 87, 0, 48.00%, 0, 0, 8, 684.04, 236339, 48
1430, 3, 97, 121, 88, 0, 48.00%, 0, 0, 8, 670.16, 239819, 48
1435, 3, 90, 121, 88, 0, 48.00%, 0, 0, 8, 692.28, 243396, 48
1440, 3, 9, 122, 88, 0, 48.00%, 0, 0, 8, 699.85, 246781, 48
1446, 3, 97, 122, 88, 0, 48.00%, 0, 0, 8, 743.69, 250747, 48
1451, 3, 61, 122, 88, 0, 48.00%, 0, 0, 8, 720.83, 254482, 48
1456, 3, 9, 122, 86, 0, 48.00%, 0, 0, 8, 668.00, 257810, 48
1461, 3, 75, 122, 86, 0, 48.00%, 0, 0, 8, 728.62, 261648, 48
1466, 3, 100, 122, 86, 0, 48.00%, 0, 0, 8, 679.50, 265149, 48
1471, 3, 59, 122, 86, 0, 48.00%, 0, 0, 8, 676.60, 268639, 48
1476, 3, 97, 122, 86, 0, 48.00%, 0, 0, 8, 756.49, 272618, 48
1482, 3, 45, 122, 86, 0, 48.00%, 0, 0, 8, 734.54, 276226, 48
1487, 3, 75, 122, 86, 0, 48.00%, 0, 0, 8, 694.06, 279701, 48
1492, 3, 102, 122, 86, 0, 48.00%, 0, 0, 8, 704.65, 283297, 48
1497, 3, 100, 122, 85, 0, 48.00%, 0, 0, 8, 743.78, 287037, 48
1502, 3, 97, 122, 85, 0, 48.00%, 0, 0, 8, 710.60, 290623, 48
1507, 3, 75, 122, 85, 0, 48.00%, 0, 0, 8, 783.05, 294599, 48
1512, 3, 67, 122, 85, 0, 48.00%, 0, 0, 8, 733.11, 298141, 48
1517, 3, 100, 122, 84, 0, 48.00%, 0, 0, 8, 712.99, 301790, 48
1522, 3, 97, 123, 85, 0, 48.00%, 0, 0, 8, 688.96, 304917, 48
1527, 3, 52, 124, 86, 0, 48.00%, 0, 0, 8, 726.77, 308238, 48
1532, 3, 96, 124, 85, 0, 48.00%, 0, 0, 8, 714.91, 311954, 48
1537, 3, 75, 124, 85, 0, 48.00%, 0, 0, 8, 766.38, 315832, 48
1542, 3, 45, 124, 85, 0, 48.00%, 0, 0, 8, 792.61, 319977, 48
1547, 3, 100, 124, 85, 0, 48.00%, 0, 0, 8, 763.03, 323836, 48
1552, 3, 45, 124, 85, 0, 48.00%, 0, 0, 8, 738.99, 327426, 48
1558, 3, 38, 124, 85, 0, 48.00%, 0, 0, 8, 785.28, 331402, 48
1563, 3, 59, 124, 85, 0, 48.00%, 0, 0, 8, 736.59, 335002, 48
1568, 3, 72, 124, 84, 0, 48.00%, 0, 0, 8, 768.41, 339012, 48
1573, 3, 96, 124, 83, 0, 48.00%, 0, 0, 8, 733.70, 342764, 48
1578, 3, 97, 124, 83, 0, 48.00%, 0, 0, 8, 758.13, 346508, 48
1583, 3, 9, 124, 83, 0, 48.00%, 0, 0, 8, 685.72, 350035, 48
1588, 3, 73, 124, 83, 0, 48.00%, 0, 0, 8, 745.23, 354002, 48
1593, 3, 75, 124, 83, 0, 48.00%, 0, 0, 8, 768.09, 358061, 48
1599, 3, 9, 124, 83, 0, 48.00%, 0, 0, 8, 800.01, 362152, 48
1604, 3, 73, 124, 83, 0, 48.00%, 0, 0, 8, 766.89, 366049, 48
1609, 3, 49, 124, 83, 0, 48.00%, 0, 0, 8, 724.07, 369868, 48
1614, 3, 117, 124, 82, 0, 48.00%, 0, 0, 8, 644.08, 373288, 48
1619, 3, 88, 124, 81, 0, 48.00%, 0, 0, 8, 679.15, 376616, 48
1624, 3, 96, 124, 80, 0, 48.00%, 0, 0, 8, 730.66, 380301, 48
1629, 3, 73, 124, 80, 0, 48.00%, 0, 0, 8, 773.43, 384365, 48
1634, 3, 96, 124, 80, 0, 48.00%, 0, 0, 8, 748.45, 388152, 48
1639, 3, 100, 124, 80, 0, 48.00%, 0, 0, 8, 755.70, 392041, 48
1645, 3, 9, 124, 80, 0, 48.00%, 0, 0, 8, 806.21, 396262, 48
1650, 3, 45, 124, 80, 0, 48.00%, 0, 0, 8, 760.15, 400081, 48
1655, 4, 75, 124, 80, 0, 48.00%, 0, 0, 8, 777.15, 403914, 48
1660, 4, 75, 124, 80, 0, 48.00%, 0, 0, 8, 749.54, 407571, 48
1665, 4, 100, 124, 80, 0, 48.00%, 0, 0, 8, 744.86, 411305, 48
1670, 4, 75, 124, 80, 0, 48.00%, 0, 0, 8, 771.24, 415067, 48
1675, 4, 81, 124, 80, 0, 48.00%, 0, 0, 8, 669.68, 418353, 48
1680, 4, 100, 124, 79, 0, 48.00%, 0, 0, 8, 753.64, 422407, 48
1685, 4, 75, 124, 79, 0, 48.00%, 0, 0, 8, 751.75, 426263, 48
1690, 4, 38, 124, 79, 0, 48.00%, 0, 0, 8, 794.77, 430298, 48
1695, 4, 59, 124, 79, 0, 48.00%, 0, 0, 8, 727.50, 433978, 48
1700, 4, 75, 124, 78, 0, 48.00%, 0, 0, 8, 769.28, 437939, 48
1705, 4, 9, 124, 78, 0, 48.00%, 0, 0, 8, 764.62, 441876, 48
1710, 4, 109, 124, 78, 0, 48.00%, 0, 0, 8, 704.50, 445481, 48
1716, 4, 75, 124, 77, 0, 48.00%, 0, 0, 8, 779.24, 449630, 48
1721, 4, 115, 124, 77, 0, 48.00%, 0, 0, 8, 578.80, 452582, 48
1726, 4, 35, 124, 76, 0, 48.00%, 0, 0, 8, 689.68, 455698, 48
1731, 4, 100, 124, 75, 0, 48.00%, 0, 0, 8, 747.50, 459491, 48
1736, 4, 100, 124, 75, 0, 48.00%, 0, 0, 8, 777.26, 463603, 48
1741, 4, 100, 124, 75, 0, 48.00%, 0, 0, 8, 736.45, 467281, 48
1746, 4, 85, 124, 75, 0, 48.00%, 0, 0, 8, 667.68, 470750, 48
1751, 4, 118, 124, 74, 0, 48.00%, 0, 0, 8, 573.77, 473645, 48
1756, 4, 97, 124, 73, 0, 48.00%, 0, 0, 8, 682.21, 476950, 48
1761, 4, 38, 124, 72, 0, 48.00%, 0, 0, 8, 770.03, 481040, 48
1766, 4, 38, 124, 72, 0, 48.00%, 0, 0, 8, 805.99, 485135, 48
1771, 4, 97, 124, 72, 0, 48.00%, 0, 0, 8, 805.91, 489186, 48
1777, 4, 96, 124, 72, 0, 48.00%, 0, 0, 8, 767.49, 493040, 48
1782, 4, 38, 124, 72, 0, 48.00%, 0, 0, 8, 791.45, 497106, 48
1787, 4, 100, 124, 72, 0, 48.00%, 0, 0, 8, 661.97, 500345, 48
1792, 4, 73, 124, 72, 0, 48.00%, 0, 0, 8, 777.84, 504368, 48
1797, 4, 48, 124, 72, 0, 48.00%, 0, 0, 8, 790.27, 508272, 48
1802, 4, 97, 124, 71, 0, 48.00%, 0, 0, 8, 728.51, 511901, 48
1807, 4, 113, 124, 71, 0, 48.00%, 0, 0, 8, 637.77, 515200, 48
1812, 4, 96, 124, 70, 0, 48.00%, 0, 0, 8, 713.28, 518755, 48
1817, 4, 38, 124, 70, 0, 48.00%, 0, 0, 8, 755.05, 522533, 48
1822, 4, 96, 124, 70, 0, 48.00%, 0, 0, 8, 725.78, 526274, 48
1827, 4, 101, 124, 70, 0, 48.00%, 0, 0, 8, 726.19, 529813, 48
1832, 4, 96, 124, 69, 0, 48.00%, 0, 0, 8, 727.06, 533460, 48
1837, 4, 75, 124, 69, 0, 48.00%, 0, 0, 8, 826.31, 537855, 48
1843, 4, 96, 124, 69, 0, 48.00%, 0, 0, 8, 756.45, 541742, 48
1848, 4, 100, 124, 68, 0, 48.00%, 0, 0, 8, 791.15, 545702, 48
1853, 4, 75, 124, 68, 0, 48.00%, 0, 0, 8, 815.20, 549861, 48
1858, 4, 87, 124, 68, 0, 48.00%, 0, 0, 8, 768.05, 553663, 48
1863, 4, 45, 124, 67, 0, 48.00%, 0, 0, 8, 802.75, 557651, 48
1868, 4, 75, 124, 67, 0, 48.00%, 0, 0, 8, 775.03, 561522, 48
1873, 4, 96, 124, 67, 0, 48.00%, 0, 0, 8, 746.41, 565415, 48
1878, 4, 75, 124, 67, 0, 48.00%, 0, 0, 8, 793.71, 569375, 48
1883, 4, 93, 124, 67, 0, 48.00%, 0, 0, 8, 745.52, 573263, 48
1888, 4, 59, 124, 66, 0, 48.00%, 0, 0, 8, 805.84, 577292, 48
1893, 4, 59, 124, 66, 0, 48.00%, 0, 0, 8, 788.70, 581221, 48
1898, 4, 100, 124, 66, 0, 48.00%, 0, 0, 8, 773.35, 585240, 48
1903, 5, 97, 124, 66, 0, 48.00%, 0, 0, 8, 774.40, 589156, 48
1909, 5, 100, 124, 66, 0, 48.00%, 0, 0, 8, 758.69, 593172, 48
1914, 5, 100, 124, 66, 0, 48.00%, 0, 0, 8, 761.68, 596990, 48
1919, 5, 45, 124, 66, 0, 48.00%, 0, 0, 8, 801.45, 601253, 48
1924, 5, 73, 124, 66, 0, 48.00%, 0, 0, 8, 800.71, 605296, 48
1929, 5, 45, 124, 66, 0, 48.00%, 0, 0, 8, 804.67, 609472, 48
1934, 5, 97, 124, 66, 0, 48.00%, 0, 0, 8, 776.69, 613410, 48
1939, 5, 73, 124, 66, 0, 48.00%, 0, 0, 8, 789.24, 617571, 48
1944, 5, 73, 124, 66, 0, 48.00%, 0, 0, 8, 785.99, 621580, 48
1949, 5, 75, 124, 66, 0, 48.00%, 0, 0, 8, 797.73, 625589, 48
1954, 5, 59, 124, 66, 0, 48.00%, 0, 0, 8, 757.32, 628804, 48
1959, 5, 75, 124, 66, 0, 48.00%, 0, 0, 8, 791.70, 632779, 48
1965, 5, 9, 124, 66, 0, 48.00%, 0, 0, 8, 798.11, 636951, 48
1970, 5, 75, 124, 66, 0, 48.00%, 0, 0, 8, 808.26, 640929, 48
1975, 5, 75, 124, 65, 0, 48.00%, 0, 0, 8, 816.10, 645090, 48
1980, 5, 100, 124, 65, 0, 48.00%, 0, 0, 8, 785.33, 649005, 48
1985, 5, 65, 124, 65, 0, 48.00%, 0, 0, 8, 679.87, 652412, 48
1990, 5, 97, 124, 64, 0, 48.00%, 0, 0, 8, 794.23, 656560, 48
1995, 5, 89, 124, 64, 0, 48.00%, 0, 0, 8, 764.05, 660558, 48
2000, 5, 97, 124, 63, 0, 48.00%, 0, 0, 8, 720.21, 664131, 48
2005, 5, 97, 124, 63, 0, 48.00%, 0, 0, 8, 795.13, 668266, 48
2010, 5, 96, 124, 63, 0, 48.00%, 0, 0, 8, 787.50, 672299, 48
2016, 5, 9, 124, 63, 0, 48.00%, 0, 0, 8, 796.52, 676392, 48
2021, 5, 76, 124, 63, 0, 48.00%, 0, 0, 8, 810.93, 680463, 48
2026, 5, 73, 124, 62, 0, 48.00%, 0, 0, 8, 820.80, 684504, 48
2031, 5, 103, 124, 62, 0, 48.00%, 0, 0, 8, 754.82, 688321, 48
2036, 5, 9, 124, 61, 0, 48.00%, 0, 0, 8, 770.06, 692021, 48
2041, 5, 75, 124, 61, 0, 48.00%, 0, 0, 8, 767.23, 695812, 48
2046, 5, 100, 124, 61, 0, 48.00%, 0, 0, 8, 696.75, 699446, 48
2051, 5, 100, 124, 61, 0, 48.00%, 0, 0, 8, 762.61, 703468, 48
2056, 5, 75, 124, 61, 0, 48.00%, 0, 0, 8, 803.75, 707536, 48
2061, 5, 9, 124, 61, 0, 48.00%, 0, 0, 8, 792.06, 711482, 48
2066, 5, 59, 124, 61, 0, 48.00%, 0, 0, 8, 794.80, 715445, 48
2071, 5, 96, 124, 61, 0, 48.00%, 0, 0, 8, 792.06, 719433, 48
2076, 5, 100, 124, 61, 0, 48.00%, 0, 0, 8, 720.61, 722920, 48
2081, 5, 97, 124, 61, 0, 48.00%, 0, 0, 8, 786.91, 726916, 48
2086, 5, 38, 124, 61, 0, 48.00%, 0, 0, 8, 724.00, 730556, 48
2091, 5, 100, 124, 61, 0, 48.00%, 0, 0, 8, 767.74, 734533, 48
2096, 5, 73, 124, 61, 0, 48.00%, 0, 0, 8, 820.15, 738682, 48
2102, 5, 75, 124, 61, 0, 48.00%, 0, 0, 8, 803.98, 742685, 48
2107, 5, 97, 124, 61, 0, 48.00%, 0, 0, 8, 807.50, 746758, 48
2112, 5, 116, 124, 61, 0, 48.00%, 0, 0, 8, 641.22, 749909, 48
2117, 5, 96, 124, 60, 0, 48.00%, 0, 0, 8, 722.80, 753746, 48
2122, 5, 99, 124, 60, 0, 48.00%, 0, 0, 8, 737.10, 757552, 48
2127, 5, 96, 124, 59, 0, 48.00%, 0, 0, 8, 742.19, 761284, 48
2132, 5, 100, 124, 59, 0, 48.00%, 0, 0, 8, 785.46, 765348, 48
2137, 5, 75, 124, 59, 0, 48.00%, 0, 0, 8, 809.59, 769471, 48
2142, 5, 96, 124, 59, 0, 48.00%, 0, 0, 8, 776.56, 773345, 48
2147, 5, 119, 124, 59, 0, 48.00%, 0, 0, 8, 537.86, 776055, 48
2152, 5, 97, 124, 58, 0, 48.00%, 0, 0, 8, 631.30, 779077, 48
2157, 6, 100, 124, 58, 0, 48.00%, 0, 0, 8, 754.22, 783072, 48
2162, 6, 9, 124, 58, 0, 48.00%, 0, 0, 8, 784.86, 787072, 48
2167, 6, 96, 124, 58, 0, 48.00%, 0, 0, 8, 760.24, 790887, 48
2172, 6, 9, 124, 58, 0, 48.00%, 0, 0, 8, 769.19, 794680, 48
2177, 6, 38, 124, 58, 0, 48.00%, 0, 0, 8, 770.09, 798617, 48
2182, 6, 59, 125, 58, 0, 48.00%, 0, 0, 8, 757.67, 802503, 48
2187, 6, 97, 125, 58, 0, 48.00%, 0, 0, 8, 801.77, 806618, 48
2192, 6, 59, 125, 58, 0, 48.00%, 0, 0, 8, 801.39, 810406, 48
2197, 6, 75, 125, 58, 0, 48.00%, 0, 0, 8, 805.74, 814291, 48
2203, 6, 75, 125, 58, 0, 48.00%, 0, 0, 8, 702.11, 817861, 48
2204, 6, 96, 125, 58, 0, 48.00%, 1, 0, 8, 0.00, 818382, 48
