# relative_time, cycles_done, cur_item, corpus_count, pending_total, pending_favs, map_size, saved_crashes, saved_hangs, max_depth, execs_per_sec, total_execs, edges_found
73, 0, 0, 10, 8, 0, 17.48%, 0, 1, 2, 0.24, 1815, 18
78, 0, 0, 10, 8, 0, 17.48%, 0, 1, 2, 391.30, 1900, 18
90, 0, 0, 10, 8, 0, 17.48%, 0, 1, 2, 4.13, 3392, 18
122, 0, 0, 10, 8, 0, 17.48%, 0, 1, 2, 0.03, 3393, 18
127, 0, 0, 10, 8, 0, 17.48%, 0, 1, 2, 510.97, 4446, 18
171, 0, 0, 10, 8, 0, 17.48%, 0, 1, 2, 2.27, 6000, 18
176, 0, 0, 10, 8, 0, 17.48%, 0, 1, 2, 2.16, 6003, 18
181, 0, 4, 13, 10, 0, 18.45%, 0, 1, 3, 466.96, 8397, 19
222, 0, 4, 14, 11, 0, 18.45%, 0, 1, 3, 2.43, 8710, 19
264, 0, 4, 14, 11, 0, 18.45%, 0, 1, 3, 1.85, 9952, 19
269, 0, 12, 14, 10, 0, 18.45%, 0, 1, 3, 506.08, 12534, 19
306, 0, 12, 14, 10, 0, 18.45%, 0, 1, 3, 0.14, 12668, 19
346, 0, 12, 15, 10, 0, 19.42%, 0, 1, 4, 2.30, 14421, 20
351, 0, 14, 18, 13, 0, 20.39%, 0, 1, 5, 463.97, 16754, 21
384, 0, 14, 18, 13, 0, 20.39%, 0, 1, 5, 0.56, 17096, 21
420, 0, 14, 18, 13, 0, 20.39%, 0, 1, 5, 3.27, 18320, 21
455, 0, 14, 19, 14, 0, 21.36%, 0, 1, 5, 2.05, 20712, 22
487, 0, 14, 19, 14, 0, 21.36%, 0, 1, 5, 3.63, 21485, 22
492, 0, 14, 19, 14, 0, 21.36%, 0, 1, 5, 466.69, 23844, 22
522, 0, 14, 19, 14, 0, 21.36%, 0, 1, 5, 2.11, 24231, 22
527, 0, 14, 19, 14, 0, 21.36%, 0, 1, 5, 479.90, 26709, 22
557, 0, 14, 19, 14, 0, 21.36%, 0, 1, 5, 3.37, 27098, 22
592, 0, 14, 22, 17, 0, 24.27%, 0, 1, 5, 2.18, 28286, 25
597, 0, 23, 27, 21, 3, 27.18%, 0, 1, 6, 477.08, 30698, 28
626, 0, 23, 27, 21, 3, 27.18%, 0, 1, 6, 2.23, 31049, 28
656, 0, 25, 29, 21, 3, 27.18%, 0, 1, 7, 3.95, 33153, 28
665, 0, 23, 30, 19, 0, 27.18%, 0, 1, 7, 4.08, 34908, 28
680, 0, 23, 30, 19, 0, 27.18%, 0, 1, 7, 3.88, 34921, 28
713, 0, 29, 37, 26, 0, 29.13%, 0, 1, 8, 3.08, 37112, 30
718, 0, 29, 41, 30, 0, 31.07%, 0, 1, 8, 594.64, 40240, 32
740, 0, 29, 41, 30, 0, 31.07%, 0, 1, 8, 2.53, 40429, 32
746, 0, 29, 41, 30, 0, 31.07%, 0, 1, 8, 14.15, 42152, 32
762, 0, 29, 41, 30, 0, 31.07%, 0, 1, 8, 1.28, 42163, 32
788, 0, 29, 41, 30, 0, 31.07%, 0, 1, 8, 3.29, 45220, 32
793, 0, 29, 43, 32, 0, 31.07%, 0, 1, 8, 666.14, 48536, 32
817, 0, 29, 43, 32, 0, 31.07%, 0, 1, 8, 6.79, 48851, 32
837, 0, 39, 44, 31, 1, 31.07%, 0, 1, 9, 0.06, 51243, 32
842, 0, 37, 49, 35, 0, 32.04%, 0, 1, 9, 778.81, 55152, 33
864, 0, 37, 49, 35, 0, 32.04%, 0, 1, 9, 4.90, 55587, 33
892, 0, 37, 51, 37, 0, 32.04%, 0, 1, 9, 2.50, 59617, 33
898, 0, 48, 54, 38, 0, 32.04%, 0, 1, 10, 790.47, 63524, 33
916, 0, 48, 54, 38, 0, 32.04%, 0, 1, 10, 4.26, 64259, 33
921, 0, 48, 57, 41, 0, 36.89%, 0, 1, 10, 7.81, 66859, 38
933, 0, 48, 57, 41, 0, 36.89%, 0, 1, 10, 0.08, 66860, 38
947, 0, 58, 61, 44, 2, 39.81%, 0, 1, 11, 5.57, 69350, 41
954, 0, 58, 61, 44, 2, 39.81%, 0, 1, 11, 5.40, 69370, 41
959, 0, 58, 63, 46, 2, 41.75%, 0, 1, 11, 768.90, 73213, 43
969, 0, 58, 64, 47, 2, 42.72%, 0, 1, 11, 18.91, 74105, 44
974, 0, 63, 70, 51, 5, 47.57%, 0, 1, 12, 765.26, 77921, 49
981, 0, 63, 71, 52, 5, 48.54%, 0, 1, 12, 15.80, 78468, 50
991, 0, 63, 71, 52, 5, 48.54%, 0, 1, 12, 0.09, 78469, 50
1006, 0, 63, 72, 53, 5, 49.51%, 0, 1, 12, 14.31, 81595, 51
1027, 0, 63, 72, 53, 5, 49.51%, 0, 1, 12, 3.56, 85140, 51
1040, 0, 56, 74, 49, 4, 52.43%, 0, 1, 13, 8.28, 88943, 54
1045, 0, 62, 76, 48, 1, 52.43%, 0, 1, 13, 763.39, 92824, 54
1064, 0, 62, 76, 48, 1, 52.43%, 0, 1, 13, 9.14, 93351, 54
1069, 0, 55, 78, 49, 0, 54.37%, 0, 1, 13, 830.32, 97614, 56
1078, 0, 55, 78, 49, 0, 54.37%, 0, 1, 13, 19.03, 98130, 56
1097, 0, 55, 78, 49, 0, 54.37%, 0, 1, 13, 5.95, 100354, 56
1102, 0, 58, 78, 47, 0, 54.37%, 0, 1, 13, 844.23, 104577, 56
1115, 0, 68, 78, 47, 0, 54.37%, 0, 1, 13, 10.56, 105663, 56
1117, 0, 68, 80, 49, 0, 56.31%, 1, 1, 13, 0.00, 106974, 58
