# relative_time, cycles_done, cur_item, corpus_count, pending_total, pending_favs, map_size, saved_crashes, saved_hangs, max_depth, execs_per_sec, total_execs, edges_found
67, 0, 0, 15, 15, 1, 29.47%, 0, 0, 2, 0.04, 1055, 28
72, 0, 0, 16, 16, 1, 29.47%, 0, 0, 2, 295.00, 1118, 28
116, 0, 0, 18, 18, 1, 29.47%, 0, 0, 2, 0.52, 2536, 28
121, 0, 0, 18, 18, 1, 29.47%, 0, 0, 2, 555.37, 3720, 28
164, 0, 0, 18, 18, 1, 29.47%, 0, 0, 2, 1.01, 5423, 28
169, 0, 0, 18, 18, 1, 29.47%, 0, 0, 2, 0.18, 5424, 28
175, 0, 0, 19, 19, 1, 36.84%, 0, 0, 2, 515.58, 8060, 35
216, 0, 0, 19, 19, 1, 36.84%, 0, 0, 2, 0.25, 8430, 35
257, 0, 0, 19, 19, 1, 36.84%, 0, 0, 2, 0.52, 9830, 35
262, 0, 0, 19, 19, 1, 36.84%, 0, 0, 2, 551.48, 12670, 35
300, 0, 0, 19, 19, 1, 36.84%, 0, 0, 2, 0.19, 12798, 35
340, 0, 0, 19, 19, 1, 36.84%, 0, 0, 2, 1.51, 14716, 35
345, 0, 0, 20, 20, 1, 40.00%, 0, 0, 2, 513.24, 17287, 38
378, 0, 0, 20, 20, 1, 40.00%, 0, 0, 2, 1.86, 17677, 38
413, 0, 0, 20, 20, 1, 40.00%, 0, 0, 2, 0.30, 19027, 38
449, 0, 0, 20, 20, 1, 40.00%, 0, 0, 2, 2.60, 21677, 38
480, 0, 0, 20, 20, 1, 40.00%, 0, 0, 2, 3.27, 22489, 38
485, 0, 0, 20, 20, 1, 40.00%, 0, 0, 2, 514.52, 25137, 38
516, 0, 0, 21, 21, 1, 40.00%, 0, 0, 2, 3.58, 25484, 38
521, 0, 0, 21, 21, 1, 40.00%, 0, 0, 2, 509.79, 28174, 38
551, 0, 0, 21, 21, 1, 40.00%, 0, 0, 2, 0.68, 28524, 38
585, 0, 0, 21, 21, 1, 40.00%, 0, 0, 2, 0.94, 29784, 38
590, 0, 0, 22, 22, 1, 43.16%, 0, 0, 2, 509.96, 32451, 41
619, 0, 0, 22, 22, 1, 43.16%, 0, 0, 2, 4.24, 32811, 41
650, 0, 0, 22, 22, 1, 43.16%, 0, 0, 2, 2.44, 34966, 41
658, 0, 0, 22, 22, 1, 43.16%, 0, 0, 2, 19.85, 36759, 41
674, 0, 0, 22, 22, 1, 43.16%, 0, 0, 2, 1.05, 36775, 41
706, 0, 0, 22, 22, 1, 43.16%, 0, 0, 2, 1.93, 38970, 41
711, 0, 0, 22, 22, 1, 43.16%, 0, 0, 2, 551.70, 41808, 41
733, 0, 0, 22, 22, 1, 43.16%, 0, 0, 2, 1.85, 42051, 41
741, 0, 0, 22, 22, 1, 43.16%, 0, 0, 2, 10.04, 43425, 41
755, 0, 0, 22, 22, 1, 43.16%, 0, 0, 2, 0.29, 43429, 41
782, 0, 0, 22, 22, 1, 43.16%, 0, 0, 2, 8.64, 45971, 41
782, 0, 0, 22, 22, 1, 43.16%, 0, 0, 2, 0.07, 45972, 41
787, 0, 0, 22, 22, 1, 43.16%, 0, 0, 2, 593.60, 48925, 41
810, 0, 0, 22, 22, 1, 43.16%, 0, 0, 2, 0.48, 49200, 41
830, 0, 0, 22, 22, 1, 43.16%, 0, 0, 2, 2.82, 51225, 41
835, 0, 0, 22, 22, 1, 43.16%, 0, 0, 2, 659.30, 54562, 41
857, 0, 0, 22, 22, 1, 43.16%, 0, 0, 2, 0.61, 54848, 41
886, 0, 0, 22, 22, 1, 43.16%, 0, 0, 2, 5.44, 58124, 41
891, 0, 0, 22, 22, 1, 43.16%, 0, 0, 2, 647.46, 61257, 41
909, 0, 0, 22, 22, 1, 43.16%, 0, 0, 2, 0.69, 61929, 41
927, 0, 0, 22, 22, 1, 43.16%, 0, 0, 2, 9.86, 64156, 41
940, 0, 0, 22, 22, 1, 43.16%, 0, 0, 2, 1.20, 66237, 41
947, 0, 0, 22, 22, 1, 43.16%, 0, 0, 2, 1.29, 66255, 41
952, 0, 0, 22, 22, 1, 43.16%, 0, 0, 2, 617.99, 69369, 41
963, 0, 0, 22, 22, 1, 43.16%, 0, 0, 2, 2.57, 70053, 41
968, 0, 0, 22, 22, 1, 43.16%, 0, 0, 2, 617.89, 73221, 41
974, 0, 0, 22, 22, 1, 43.16%, 0, 0, 2, 14.55, 73557, 41
984, 0, 0, 22, 22, 1, 43.16%, 0, 0, 2, 0.10, 73558, 41
1000, 0, 0, 22, 22, 1, 43.16%, 0, 0, 2, 11.49, 76077, 41
1020, 0, 0, 22, 22, 1, 43.16%, 0, 0, 2, 3.81, 78921, 41
1034, 0, 0, 22, 22, 1, 43.16%, 0, 0, 2, 13.10, 81969, 41
1039, 0, 0, 22, 22, 1, 43.16%, 0, 0, 2, 623.06, 85089, 41
1058, 0, 0, 22, 22, 1, 43.16%, 0, 0, 2, 6.54, 85485, 41
1063, 0, 0, 22, 22, 1, 43.16%, 0, 0, 2, 635.06, 88689, 41
1072, 0, 0, 22, 22, 1, 43.16%, 0, 0, 2, 9.95, 89205, 41
1090, 0, 0, 22, 22, 1, 43.16%, 0, 0, 2, 4.77, 90912, 41
1095, 0, 0, 22, 22, 1, 43.16%, 0, 0, 2, 688.74, 94264, 41
1108, 0, 0, 22, 22, 1, 43.16%, 0, 0, 2, 7.73, 95148, 41
1114, 0, 0, 22, 22, 1, 43.16%, 0, 0, 2, 661.85, 98606, 41
1123, 0, 0, 22, 22, 1, 43.16%, 0, 0, 2, 5.58, 98944, 41
1140, 0, 0, 22, 22, 1, 43.16%, 0, 0, 2, 10.18, 101663, 41
1145, 0, 0, 22, 22, 1, 43.16%, 0, 0, 2, 658.79, 104924, 41
1150, 0, 0, 22, 22, 1, 43.16%, 0, 0, 2, 730.00, 106535, 41
1164, 0, 0, 22, 22, 1, 43.16%, 0, 0, 2, 2.49, 108369, 41
1169, 0, 0, 22, 22, 1, 43.16%, 0, 0, 2, 683.94, 111715, 41
1174, 0, 0, 22, 22, 1, 43.16%, 0, 0, 2, 677.35, 113947, 41
1183, 0, 0, 22, 22, 1, 43.16%, 0, 0, 2, 13.98, 114675, 41
1186, 0, 0, 22, 22, 1, 43.16%, 1, 0, 2, 0.00, 116295, 41
