# relative_time, cycles_done, cur_item, corpus_count, pending_total, pending_favs, map_size, saved_crashes, saved_hangs, max_depth, execs_per_sec, total_execs, edges_found
73, 0, 0, 7, 5, 0, 17.48%, 0, 0, 2, 0.04, 1784, 18
78, 0, 0, 7, 5, 0, 17.48%, 0, 0, 2, 365.00, 1860, 18
90, 0, 0, 9, 7, 0, 17.48%, 0, 0, 2, 3.87, 2922, 18
122, 0, 0, 9, 7, 0, 17.48%, 0, 0, 2, 0.09, 2925, 18
127, 0, 0, 10, 8, 0, 17.48%, 0, 0, 2, 375.25, 3709, 18
176, 0, 0, 10, 8, 0, 17.48%, 0, 0, 2, 1.46, 4891, 18
181, 0, 0, 10, 8, 0, 17.48%, 0, 0, 2, 344.28, 6619, 18
215, 0, 0, 10, 8, 0, 17.48%, 0, 0, 2, 1.80, 6913, 18
222, 0, 0, 10, 8, 0, 17.48%, 0, 0, 2, 0.28, 6915, 18
264, 0, 0, 10, 7, 0, 17.48%, 0, 0, 2, 0.11, 7865, 18
269, 0, 0, 10, 6, 0, 17.48%, 0, 0, 2, 405.79, 9934, 18
307, 0, 8, 10, 6, 0, 17.48%, 0, 0, 2, 0.32, 10052, 18
346, 0, 0, 12, 7, 0, 17.48%, 0, 0, 2, 1.53, 11453, 18
352, 0, 0, 14, 9, 0, 18.45%, 0, 0, 2, 375.70, 13388, 19
384, 0, 0, 14, 9, 0, 18.45%, 0, 0, 2, 2.16, 13626, 19
390, 0, 0, 14, 9, 0, 18.45%, 0, 0, 2, 7.22, 14613, 19
420, 0, 0, 14, 9, 0, 18.45%, 0, 0, 2, 0.03, 14614, 19
455, 0, 0, 14, 9, 0, 18.45%, 0, 0, 2, 2.28, 16559, 19
487, 0, 0, 14, 9, 0, 18.45%, 0, 0, 2, 2.38, 17155, 19
492, 0, 12, 15, 9, 0, 18.45%, 0, 0, 3, 375.80, 19057, 19
522, 0, 12, 16, 10, 0, 18.45%, 0, 0, 3, 1.64, 19358, 19
528, 0, 12, 21, 15, 0, 24.27%, 0, 0, 3, 374.29, 21346, 25
557, 0, 12, 21, 15, 0, 24.27%, 0, 0, 3, 2.86, 21591, 25
592, 0, 12, 21, 15, 0, 24.27%, 0, 0, 3, 1.44, 22519, 25
597, 0, 12, 21, 15, 0, 24.27%, 0, 0, 3, 373.34, 24433, 25
626, 0, 12, 21, 15, 0, 24.27%, 0, 0, 3, 1.99, 24741, 25
656, 0, 12, 23, 17, 0, 25.24%, 0, 0, 3, 1.48, 26317, 26
665, 0, 12, 23, 17, 0, 25.24%, 0, 0, 3, 1.49, 27637, 26
680, 0, 12, 23, 17, 0, 25.24%, 0, 0, 3, 1.42, 27643, 26
713, 0, 12, 25, 19, 0, 25.24%, 0, 0, 3, 1.96, 29259, 26
718, 0, 21, 25, 18, 4, 25.24%, 0, 0, 3, 408.68, 31315, 26
740, 0, 17, 25, 17, 3, 25.24%, 0, 0, 3, 0.37, 31508, 26
748, 0, 0, 26, 15, 0, 25.24%, 0, 0, 4, 11.56, 32511, 26
762, 0, 0, 26, 15, 0, 25.24%, 0, 0, 4, 0.07, 32512, 26
788, 0, 21, 30, 19, 0, 27.18%, 0, 0, 4, 0.32, 34336, 28
793, 0, 21, 31, 20, 0, 27.18%, 0, 0, 4, 389.60, 36254, 28
817, 0, 21, 32, 21, 0, 27.18%, 0, 0, 4, 0.92, 36450, 28
837, 0, 21, 32, 21, 0, 27.18%, 0, 0, 4, 2.34, 37890, 28
842, 0, 21, 34, 23, 0, 28.16%, 0, 0, 4, 472.37, 40245, 29
864, 0, 21, 34, 23, 0, 28.16%, 0, 0, 4, 2.52, 40497, 29
892, 0, 21, 34, 23, 0, 28.16%, 0, 0, 4, 1.51, 42936, 29
898, 0, 33, 36, 24, 2, 28.16%, 0, 0, 5, 453.64, 45255, 29
916, 0, 29, 38, 25, 1, 28.16%, 0, 0, 5, 5.14, 45640, 29
933, 0, 17, 38, 24, 0, 28.16%, 0, 0, 5, 1.81, 47291, 29
946, 0, 27, 39, 25, 0, 28.16%, 0, 0, 5, 3.26, 48824, 29
954, 0, 27, 39, 25, 0, 28.16%, 0, 0, 5, 3.22, 48841, 29
959, 0, 18, 40, 26, 0, 28.16%, 0, 0, 5, 459.06, 51212, 29
969, 0, 21, 40, 26, 0, 28.16%, 0, 0, 5, 2.88, 51649, 29
974, 0, 27, 42, 28, 0, 28.16%, 0, 0, 5, 455.36, 53901, 29
981, 0, 0, 42, 28, 0, 28.16%, 0, 0, 5, 12.99, 54274, 29
991, 0, 0, 42, 28, 0, 28.16%, 0, 0, 5, 0.10, 54275, 29
1006, 0, 0, 43, 29, 0, 28.16%, 0, 0, 5, 3.17, 56141, 29
1027, 0, 16, 44, 30, 0, 28.16%, 0, 0, 5, 5.00, 58249, 29
1040, 1, 0, 48, 34, 0, 28.16%, 0, 0, 5, 3.98, 60504, 29
1045, 1, 21, 51, 36, 0, 28.16%, 0, 0, 5, 467.27, 62801, 29
1064, 1, 0, 51, 36, 0, 28.16%, 0, 0, 5, 0.99, 63127, 29
1069, 1, 27, 53, 37, 0, 28.16%, 0, 0, 6, 472.38, 65515, 29
1078, 1, 0, 53, 37, 0, 28.16%, 0, 0, 6, 10.03, 65921, 29
1097, 1, 18, 54, 38, 0, 28.16%, 0, 0, 6, 4.92, 67237, 29
1102, 1, 19, 56, 40, 0, 28.16%, 0, 0, 6, 533.87, 69915, 29
1115, 1, 18, 56, 40, 0, 28.16%, 0, 0, 6, 4.77, 70562, 29
1120, 1, 16, 56, 40, 0, 28.16%, 0, 0, 6, 553.56, 73381, 29
1130, 1, 0, 56, 40, 0, 28.16%, 0, 0, 6, 11.13, 73723, 29
1147, 1, 29, 56, 39, 0, 28.16%, 0, 0, 6, 0.08, 76067, 29
1152, 1, 27, 58, 39, 0, 29.13%, 0, 0, 6, 590.35, 78977, 30
1157, 1, 56, 61, 42, 0, 30.10%, 0, 0, 6, 663.17, 80437, 31
1171, 1, 56, 62, 43, 0, 30.10%, 0, 0, 6, 1.16, 82108, 31
1176, 1, 56, 62, 43, 0, 30.10%, 0, 0, 6, 572.81, 84849, 31
1181, 1, 56, 62, 43, 0, 30.10%, 0, 0, 6, 593.60, 87003, 31
1190, 1, 56, 63, 44, 0, 30.10%, 0, 0, 6, 2.92, 87629, 31
1195, 1, 60, 66, 46, 0, 30.10%, 0, 0, 7, 698.62, 91189, 31
1205, 1, 60, 66, 46, 0, 30.10%, 0, 0, 7, 4.85, 92541, 31
1210, 1, 60, 66, 46, 0, 30.10%, 0, 0, 7, 693.41, 96168, 31
1219, 1, 60, 66, 46, 0, 30.10%, 0, 0, 7, 11.55, 97275, 31
1224, 1, 60, 66, 46, 0, 30.10%, 0, 0, 7, 645.87, 100455, 31
1230, 1, 60, 66, 46, 0, 30.10%, 0, 0, 7, 20.54, 101600, 31
1238, 1, 60, 66, 46, 0, 30.10%, 0, 0, 7, 7.90, 104061, 31
1243, 1, 18, 66, 46, 0, 30.10%, 0, 0, 7, 620.32, 107328, 31
1248, 1, 49, 66, 46, 0, 30.10%, 0, 0, 7, 672.57, 109321, 31
1255, 1, 17, 66, 45, 0, 30.10%, 0, 0, 7, 19.69, 110049, 31
1260, 2, 60, 69, 48, 0, 30.10%, 0, 0, 7, 742.18, 113736, 31
1270, 2, 56, 78, 57, 0, 30.10%, 0, 0, 7, 15.22, 117142, 31
1275, 2, 18, 80, 58, 0, 30.10%, 0, 0, 7, 702.97, 120664, 31
1285, 2, 0, 81, 58, 0, 30.10%, 0, 0, 7, 27.98, 123663, 31
1290, 2, 60, 83, 59, 0, 30.10%, 0, 0, 7, 741.69, 127479, 31
1295, 2, 0, 83, 59, 0, 30.10%, 0, 0, 7, 745.53, 131360, 31
1301, 2, 0, 83, 59, 0, 30.10%, 0, 0, 7, 0.42, 131433, 31
1306, 2, 33, 83, 58, 0, 30.10%, 0, 0, 7, 740.43, 134980, 31
1311, 2, 83, 86, 59, 0, 32.04%, 0, 0, 7, 716.14, 138481, 33
1316, 2, 83, 93, 66, 0, 39.81%, 0, 0, 7, 769.07, 142427, 41
1321, 2, 83, 94, 67, 0, 40.78%, 0, 0, 7, 761.96, 146322, 42
1326, 2, 83, 97, 70, 0, 43.69%, 0, 0, 7, 720.35, 149826, 45
1331, 2, 96, 103, 74, 8, 44.66%, 0, 0, 7, 705.37, 153445, 46
1339, 2, 94, 104, 72, 5, 44.66%, 0, 0, 7, 35.03, 156850, 46
1344, 2, 97, 107, 70, 0, 44.66%, 0, 0, 7, 632.04, 160591, 46
1349, 2, 97, 108, 71, 0, 44.66%, 0, 0, 8, 698.03, 164406, 46
1354, 2, 88, 108, 71, 0, 44.66%, 0, 0, 8, 762.80, 168513, 46
1359, 2, 88, 108, 71, 0, 44.66%, 0, 0, 8, 769.82, 172401, 46
1365, 2, 46, 108, 71, 0, 44.66%, 0, 0, 8, 736.83, 175896, 46
1370, 2, 33, 108, 69, 0, 44.66%, 0, 0, 8, 764.00, 179740, 46
1375, 2, 88, 110, 69, 0, 45.63%, 0, 0, 8, 750.66, 183479, 47
1380, 2, 91, 111, 70, 0, 45.63%, 0, 0, 8, 735.62, 187031, 47
1385, 2, 109, 112, 71, 0, 45.63%, 0, 0, 8, 770.37, 190954, 47
1390, 2, 88, 112, 71, 0, 45.63%, 0, 0, 8, 763.05, 194794, 47
1395, 2, 109, 112, 71, 0, 45.63%, 0, 0, 8, 804.49, 198917, 47
1400, 2, 88, 112, 71, 0, 45.63%, 0, 0, 8, 744.09, 202756, 47
1405, 2, 29, 114, 73, 0, 45.63%, 0, 0, 8, 739.68, 206542, 47
1410, 2, 88, 114, 73, 0, 45.63%, 0, 0, 8, 762.54, 210356, 47
1415, 2, 114, 115, 73, 0, 48.54%, 0, 0, 8, 844.73, 213344, 50
1420, 2, 114, 115, 73, 0, 48.54%, 0, 0, 8, 840.75, 217653, 50
1425, 2, 114, 116, 74, 0, 48.54%, 0, 0, 8, 699.98, 220933, 50
1430, 2, 97, 116, 74, 0, 48.54%, 0, 0, 8, 754.95, 224883, 50
1435, 2, 93, 117, 75, 0, 48.54%, 0, 0, 8, 791.61, 228202, 50
1441, 2, 33, 117, 75, 0, 48.54%, 0, 0, 8, 742.46, 231957, 50
1446, 2, 91, 117, 75, 0, 48.54%, 0, 0, 8, 715.40, 235450, 50
1451, 3, 109, 117, 75, 0, 48.54%, 0, 0, 8, 723.89, 239098, 50
1456, 3, 114, 117, 75, 0, 48.54%, 0, 0, 8, 765.44, 242680, 50
1461, 3, 85, 118, 76, 0, 48.54%, 0, 0, 8, 757.25, 246394, 50
1466, 3, 114, 119, 77, 0, 48.54%, 0, 0, 8, 780.21, 250061, 50
1471, 3, 94, 119, 76, 0, 48.54%, 0, 0, 8, 788.03, 254082, 50
1476, 3, 109, 121, 77, 0, 49.51%, 0, 0, 8, 816.74, 258177, 51
1481, 3, 121, 122, 77, 0, 50.49%, 1, 0, 8, 0.00, 261514, 52
