# relative_time, cycles_done, cur_item, corpus_count, pending_total, pending_favs, map_size, saved_crashes, saved_hangs, max_depth, execs_per_sec, total_execs, edges_found
72, 0, 0, 10, 9, 0, 31.52%, 0, 0, 2, 0.04, 1628, 29
78, 0, 0, 10, 9, 0, 31.52%, 0, 0, 2, 131.09, 1667, 29
121, 0, 0, 10, 9, 0, 31.52%, 0, 0, 2, 0.52, 3297, 29
127, 0, 7, 15, 11, 0, 32.61%, 0, 0, 3, 651.42, 4657, 30
175, 0, 12, 17, 13, 0, 32.61%, 0, 0, 4, 2.79, 6639, 30
180, 0, 7, 18, 14, 0, 32.61%, 0, 0, 4, 593.37, 9704, 30
214, 0, 7, 18, 14, 0, 32.61%, 0, 0, 4, 3.77, 10096, 30
221, 0, 7, 18, 14, 0, 32.61%, 0, 0, 4, 3.59, 10102, 30
263, 1, 12, 18, 14, 0, 32.61%, 0, 0, 4, 1.42, 11703, 30
268, 1, 18, 20, 15, 0, 33.70%, 0, 0, 4, 647.28, 15030, 31
306, 1, 18, 20, 15, 0, 33.70%, 0, 0, 4, 0.03, 15185, 31
345, 1, 7, 20, 15, 0, 33.70%, 0, 0, 4, 2.96, 17424, 31
350, 2, 7, 23, 17, 0, 34.78%, 0, 0, 4, 592.72, 20343, 32
383, 2, 19, 25, 19, 0, 35.87%, 0, 0, 5, 3.92, 20863, 33
419, 2, 20, 26, 18, 0, 35.87%, 0, 0, 5, 0.73, 22420, 33
454, 2, 24, 28, 20, 0, 35.87%, 0, 0, 6, 3.51, 25536, 33
486, 2, 24, 28, 20, 0, 35.87%, 0, 0, 6, 4.62, 26536, 33
491, 2, 24, 28, 20, 0, 35.87%, 0, 0, 6, 624.49, 29796, 33
521, 2, 24, 28, 20, 0, 35.87%, 0, 0, 6, 4.01, 30200, 33
527, 2, 7, 28, 20, 0, 35.87%, 0, 0, 6, 609.02, 33484, 33
556, 2, 7, 29, 21, 0, 35.87%, 0, 0, 6, 0.38, 33904, 33
591, 2, 7, 29, 20, 0, 35.87%, 0, 0, 6, 2.75, 35457, 33
596, 3, 24, 29, 20, 0, 35.87%, 0, 0, 6, 626.72, 38727, 33
625, 3, 7, 29, 20, 0, 35.87%, 0, 0, 6, 0.71, 39112, 33
656, 3, 7, 34, 22, 0, 35.87%, 0, 0, 7, 4.13, 41793, 33
664, 3, 24, 38, 26, 0, 35.87%, 0, 0, 7, 7.76, 43989, 33
679, 3, 24, 38, 26, 0, 35.87%, 0, 0, 7, 1.18, 44007, 33
712, 3, 24, 39, 27, 0, 35.87%, 0, 0, 7, 0.49, 46701, 33
717, 4, 20, 40, 28, 0, 35.87%, 0, 0, 7, 689.97, 50326, 33
739, 4, 7, 40, 28, 0, 35.87%, 0, 0, 7, 1.89, 50703, 33
747, 4, 41, 44, 31, 0, 39.13%, 0, 0, 7, 20.24, 52505, 36
761, 4, 41, 44, 31, 0, 39.13%, 0, 0, 7, 0.80, 52516, 36
787, 4, 41, 50, 37, 0, 40.22%, 0, 0, 7, 5.11, 55879, 37
793, 4, 50, 53, 39, 1, 41.30%, 0, 0, 7, 712.73, 59541, 38
816, 4, 7, 53, 38, 0, 41.30%, 0, 0, 7, 3.02, 59760, 38
836, 4, 44, 57, 42, 0, 44.57%, 0, 0, 7, 0.88, 62201, 41
841, 4, 44, 58, 43, 0, 45.65%, 0, 0, 7, 765.55, 66122, 42
863, 4, 44, 58, 43, 0, 45.65%, 0, 0, 7, 2.10, 66481, 42
891, 4, 55, 65, 49, 3, 45.65%, 0, 0, 7, 5.01, 70343, 42
896, 4, 56, 67, 50, 2, 45.65%, 0, 0, 7, 774.85, 74176, 42
915, 4, 56, 67, 50, 2, 45.65%, 0, 0, 7, 6.83, 74957, 42
920, 4, 54, 71, 53, 1, 45.65%, 0, 0, 7, 55.79, 77560, 42
932, 4, 54, 71, 53, 1, 45.65%, 0, 0, 7, 0.08, 77561, 42
946, 4, 54, 74, 56, 1, 45.65%, 0, 0, 7, 7.45, 80146, 42
953, 4, 54, 74, 56, 1, 45.65%, 0, 0, 7, 7.16, 80166, 42
958, 4, 57, 77, 58, 0, 45.65%, 0, 0, 7, 755.26, 83927, 42
968, 4, 55, 78, 58, 0, 46.74%, 0, 0, 7, 6.40, 84781, 43
973, 4, 77, 82, 61, 0, 50.00%, 0, 0, 7, 760.85, 88546, 46
990, 4, 77, 83, 62, 0, 50.00%, 0, 0, 7, 6.44, 89093, 46
991, 4, 77, 83, 62, 0, 50.00%, 1, 0, 7, 0.00, 89379, 46
