# relative_time, cycles_done, cur_item, corpus_count, pending_total, pending_favs, map_size, saved_crashes, saved_hangs, max_depth, execs_per_sec, total_execs, edges_found
73, 0, 0, 20, 20, 1, 32.91%, 0, 1, 2, 0.21, 1615, 26
78, 0, 0, 20, 20, 1, 32.91%, 0, 1, 2, 350.88, 1699, 26
89, 0, 0, 25, 25, 1, 34.18%, 0, 1, 2, 2.71, 2964, 27
122, 0, 0, 25, 25, 1, 34.18%, 0, 1, 2, 0.03, 2965, 27
127, 0, 0, 26, 26, 1, 36.71%, 0, 1, 2, 408.67, 3850, 29
170, 0, 0, 26, 26, 1, 36.71%, 0, 1, 2, 0.88, 5106, 29
175, 0, 0, 26, 26, 1, 36.71%, 0, 1, 2, 0.85, 5108, 29
181, 0, 0, 27, 27, 1, 36.71%, 0, 1, 2, 380.24, 7045, 29
214, 0, 0, 27, 27, 1, 36.71%, 0, 1, 2, 0.84, 7325, 29
222, 0, 0, 27, 27, 1, 36.71%, 0, 1, 2, 0.81, 7327, 29
263, 0, 0, 27, 27, 1, 36.71%, 0, 1, 2, 0.11, 8358, 29
268, 0, 0, 27, 27, 1, 36.71%, 0, 1, 2, 406.61, 10441, 29
306, 0, 0, 28, 28, 1, 37.97%, 0, 1, 2, 0.62, 10552, 30
346, 0, 0, 28, 28, 1, 37.97%, 0, 1, 2, 0.88, 11960, 30
351, 0, 0, 29, 29, 1, 37.97%, 0, 1, 2, 376.28, 13898, 30
384, 0, 0, 29, 29, 1, 37.97%, 0, 1, 2, 2.59, 14150, 30
386, 0, 0, 29, 29, 1, 37.97%, 1, 1, 2, 0.00, 14984, 30
