# relative_time, cycles_done, cur_item, corpus_count, pending_total, pending_favs, map_size, saved_crashes, saved_hangs, max_depth, execs_per_sec, total_execs, edges_found
73, 0, 0, 10, 8, 0, 31.52%, 0, 0, 2, 0.04, 1685, 29
78, 0, 0, 10, 8, 0, 31.52%, 0, 0, 2, 330.00, 1755, 29
89, 0, 0, 10, 8, 0, 31.52%, 0, 0, 2, 4.51, 3198, 29
122, 0, 0, 10, 8, 0, 31.52%, 0, 0, 2, 0.06, 3200, 29
127, 0, 0, 10, 8, 0, 31.52%, 0, 0, 2, 516.90, 4287, 29
175, 0, 0, 10, 8, 0, 31.52%, 0, 0, 2, 1.00, 5893, 29
181, 0, 0, 10, 7, 0, 31.52%, 0, 0, 2, 504.09, 8459, 29
222, 0, 0, 10, 7, 0, 31.52%, 0, 0, 2, 0.96, 8848, 29
263, 0, 0, 10, 7, 0, 31.52%, 0, 0, 2, 0.05, 10327, 29
268, 1, 10, 14, 10, 0, 36.96%, 0, 0, 4, 600.96, 13339, 34
306, 1, 10, 14, 10, 0, 36.96%, 0, 0, 4, 0.27, 13553, 34
346, 1, 10, 18, 14, 0, 39.13%, 0, 0, 4, 2.96, 15623, 36
351, 1, 10, 19, 15, 0, 39.13%, 0, 0, 4, 552.47, 18438, 36
384, 1, 10, 20, 16, 0, 39.13%, 0, 0, 4, 3.73, 18809, 36
419, 1, 10, 21, 17, 0, 40.22%, 0, 0, 4, 1.34, 20257, 37
455, 1, 10, 21, 17, 0, 40.22%, 0, 0, 4, 3.93, 23095, 37
486, 1, 10, 22, 18, 0, 40.22%, 0, 0, 4, 4.36, 24003, 37
491, 1, 10, 27, 23, 0, 41.30%, 0, 0, 4, 550.61, 26884, 38
522, 1, 10, 27, 23, 0, 41.30%, 0, 0, 4, 3.31, 27235, 38
527, 1, 10, 32, 28, 0, 43.48%, 0, 0, 4, 560.86, 30140, 40
557, 1, 10, 32, 28, 0, 43.48%, 0, 0, 4, 3.75, 30580, 40
591, 1, 10, 32, 28, 0, 43.48%, 0, 0, 4, 1.13, 31951, 40
596, 1, 27, 35, 30, 6, 44.57%, 0, 0, 5, 558.64, 34784, 41
625, 1, 27, 35, 30, 6, 44.57%, 0, 0, 5, 2.34, 35180, 41
656, 1, 27, 36, 31, 6, 44.57%, 0, 0, 5, 4.43, 37629, 41
664, 1, 27, 37, 32, 6, 45.65%, 0, 0, 5, 11.02, 39664, 42
680, 1, 27, 37, 32, 6, 45.65%, 0, 0, 5, 1.11, 39681, 42
712, 1, 27, 39, 34, 6, 46.74%, 0, 0, 5, 4.78, 42265, 43
716, 1, 36, 45, 38, 6, 48.91%, 1, 0, 6, 0.00, 45158, 45
