# relative_time, cycles_done, cur_item, corpus_count, pending_total, pending_favs, map_size, saved_crashes, saved_hangs, max_depth, execs_per_sec, total_execs, edges_found
76, 0, 0, 9, 7, 0, 29.03%, 0, 0, 2, 0.04, 1612, 27
77, 0, 0, 9, 7, 0, 29.03%, 0, 0, 2, 209.52, 1657, 27
89, 0, 0, 9, 7, 0, 29.03%, 0, 0, 2, 3.22, 2640, 27
121, 0, 0, 9, 7, 0, 29.03%, 0, 0, 2, 0.18, 2646, 27
126, 0, 0, 9, 7, 0, 29.03%, 0, 0, 2, 336.02, 3366, 27
170, 0, 0, 11, 9, 0, 30.11%, 0, 0, 2, 0.91, 4472, 28
175, 0, 0, 11, 9, 0, 30.11%, 0, 0, 2, 0.87, 4474, 28
180, 0, 0, 12, 10, 0, 30.11%, 0, 0, 2, 338.62, 6183, 28
221, 0, 0, 14, 12, 0, 32.26%, 0, 0, 2, 1.35, 6473, 30
263, 0, 0, 14, 12, 0, 32.26%, 0, 0, 2, 0.05, 7399, 30
268, 0, 12, 19, 16, 2, 36.56%, 0, 0, 3, 361.05, 9235, 34
305, 0, 12, 19, 16, 2, 36.56%, 0, 0, 3, 0.16, 9367, 34
345, 0, 12, 21, 18, 2, 38.71%, 0, 0, 3, 1.34, 10628, 36
350, 0, 12, 24, 21, 2, 38.71%, 0, 0, 3, 338.99, 12342, 36
383, 0, 12, 24, 21, 2, 38.71%, 0, 0, 3, 0.56, 12594, 36
389, 0, 12, 25, 22, 2, 38.71%, 0, 0, 3, 2.43, 13477, 36
419, 0, 12, 25, 22, 2, 38.71%, 0, 0, 3, 0.03, 13478, 36
454, 0, 12, 25, 22, 2, 38.71%, 0, 0, 3, 2.28, 15234, 36
462, 0, 12, 25, 22, 2, 38.71%, 0, 0, 3, 11.78, 15773, 36
486, 0, 12, 25, 22, 2, 38.71%, 0, 0, 3, 0.42, 15783, 36
491, 0, 19, 27, 22, 5, 39.78%, 0, 0, 4, 353.04, 17592, 37
521, 0, 19, 27, 22, 5, 39.78%, 0, 0, 4, 2.01, 17821, 37
526, 0, 20, 33, 23, 1, 39.78%, 0, 0, 5, 369.25, 19727, 37
556, 0, 0, 34, 23, 0, 39.78%, 0, 0, 5, 2.38, 20015, 37
591, 0, 9, 35, 24, 0, 39.78%, 0, 0, 5, 1.53, 20932, 37
596, 0, 17, 37, 26, 0, 39.78%, 0, 0, 5, 366.38, 22792, 37
625, 0, 26, 38, 27, 0, 39.78%, 0, 0, 5, 2.73, 23121, 37
655, 0, 26, 41, 30, 0, 41.94%, 0, 0, 5, 1.77, 24670, 39
664, 0, 9, 43, 30, 0, 41.94%, 0, 0, 5, 4.26, 25967, 39
679, 0, 9, 43, 30, 0, 41.94%, 0, 0, 5, 0.46, 25974, 39
712, 0, 44, 46, 32, 0, 43.01%, 0, 0, 5, 1.68, 27558, 40
717, 0, 44, 47, 33, 0, 43.01%, 0, 0, 5, 390.87, 29605, 40
739, 0, 44, 47, 33, 0, 43.01%, 0, 0, 5, 1.29, 29783, 40
747, 0, 44, 47, 33, 0, 43.01%, 0, 0, 5, 7.30, 30773, 40
761, 0, 44, 47, 33, 0, 43.01%, 0, 0, 5, 0.51, 30780, 40
787, 0, 44, 49, 35, 0, 43.01%, 0, 0, 5, 0.32, 32633, 40
792, 0, 40, 50, 36, 0, 43.01%, 0, 0, 6, 424.06, 34747, 40
816, 0, 40, 50, 36, 0, 43.01%, 0, 0, 6, 0.35, 34951, 40
836, 0, 40, 50, 36, 0, 43.01%, 0, 0, 6, 1.06, 36411, 40
841, 0, 38, 51, 37, 0, 43.01%, 0, 0, 6, 495.05, 38785, 40
863, 0, 38, 51, 37, 0, 43.01%, 0, 0, 6, 3.36, 39061, 40
891, 0, 0, 52, 38, 0, 43.01%, 0, 0, 6, 0.38, 41492, 40
896, 0, 16, 52, 38, 0, 43.01%, 0, 0, 6, 452.12, 43717, 40
915, 0, 44, 52, 38, 0, 43.01%, 0, 0, 6, 4.29, 44189, 40
920, 0, 17, 52, 37, 0, 43.01%, 0, 0, 6, 1.49, 45832, 40
932, 0, 17, 52, 37, 0, 43.01%, 0, 0, 6, 0.08, 45833, 40
945, 0, 0, 52, 37, 0, 43.01%, 0, 0, 6, 2.85, 47362, 40
953, 0, 0, 52, 37, 0, 43.01%, 0, 0, 6, 3.06, 47381, 40
958, 1, 20, 55, 39, 0, 43.01%, 0, 0, 6, 484.37, 49875, 40
968, 1, 38, 55, 39, 0, 43.01%, 0, 0, 6, 0.12, 50369, 40
973, 1, 0, 61, 45, 0, 43.01%, 0, 0, 6, 565.53, 53197, 40
990, 1, 0, 61, 45, 0, 43.01%, 0, 0, 6, 0.68, 53677, 40
1005, 1, 40, 62, 45, 0, 43.01%, 0, 0, 6, 11.49, 56156, 40
1026, 1, 44, 63, 46, 0, 43.01%, 0, 0, 6, 4.51, 58971, 40
1039, 1, 0, 63, 46, 0, 43.01%, 0, 0, 6, 3.97, 62000, 40
1045, 1, 42, 64, 46, 0, 43.01%, 0, 0, 6, 602.12, 65157, 40
1063, 1, 9, 64, 45, 0, 43.01%, 0, 0, 6, 7.34, 65432, 40
1068, 1, 61, 66, 47, 0, 43.01%, 0, 0, 7, 628.43, 68686, 40
1077, 1, 61, 66, 47, 0, 43.01%, 0, 0, 7, 1.44, 69105, 40
1096, 1, 55, 66, 46, 0, 43.01%, 0, 0, 7, 6.16, 70786, 40
1101, 1, 0, 66, 45, 0, 43.01%, 0, 0, 7, 684.52, 74168, 40
1114, 2, 40, 66, 45, 0, 43.01%, 0, 0, 7, 4.80, 75059, 40
1119, 2, 0, 68, 46, 0, 43.01%, 0, 0, 7, 677.41, 78580, 40
1129, 2, 63, 69, 47, 0, 43.01%, 0, 0, 7, 2.80, 78897, 40
1146, 2, 0, 71, 48, 0, 43.01%, 0, 0, 7, 9.03, 81659, 40
1151, 2, 0, 72, 49, 0, 43.01%, 0, 0, 7, 688.65, 85094, 40
1156, 2, 0, 74, 51, 0, 43.01%, 0, 0, 7, 719.97, 86687, 40
1170, 2, 73, 76, 53, 0, 43.01%, 0, 0, 7, 2.49, 88453, 40
1175, 2, 40, 76, 51, 0, 43.01%, 0, 0, 7, 677.54, 91794, 40
1180, 2, 0, 77, 52, 0, 43.01%, 0, 0, 7, 696.66, 93933, 40
1189, 2, 18, 77, 52, 0, 43.01%, 0, 0, 7, 3.41, 94688, 40
1194, 2, 0, 81, 55, 0, 43.01%, 0, 0, 7, 707.05, 98243, 40
1204, 2, 0, 81, 55, 0, 43.01%, 0, 0, 7, 16.90, 99693, 40
1209, 2, 82, 84, 56, 0, 44.09%, 0, 0, 7, 712.42, 103287, 41
1218, 2, 82, 88, 60, 0, 47.31%, 0, 0, 7, 21.20, 104549, 44
1223, 2, 82, 89, 61, 0, 48.39%, 0, 0, 7, 694.88, 108066, 45
1228, 2, 82, 89, 61, 0, 48.39%, 0, 0, 7, 11.32, 109202, 45
1237, 2, 82, 90, 62, 0, 48.39%, 0, 0, 7, 19.10, 111771, 45
1242, 2, 82, 90, 62, 0, 48.39%, 0, 0, 7, 646.58, 115221, 45
1247, 2, 82, 92, 64, 0, 48.39%, 0, 0, 7, 613.49, 117079, 45
1253, 2, 82, 92, 64, 0, 48.39%, 0, 0, 7, 18.05, 117451, 45
1258, 2, 82, 94, 66, 0, 48.39%, 0, 0, 7, 702.17, 120095, 45
1263, 2, 88, 95, 65, 1, 48.39%, 0, 0, 7, 701.72, 123652, 45
1269, 2, 88, 96, 66, 1, 48.39%, 0, 0, 7, 24.52, 124404, 45
1274, 2, 84, 96, 65, 0, 48.39%, 0, 0, 7, 710.71, 127922, 45
1284, 2, 84, 97, 66, 0, 48.39%, 0, 0, 7, 22.23, 130759, 45
1289, 2, 88, 98, 67, 0, 48.39%, 0, 0, 7, 747.55, 134413, 45
1294, 2, 90, 101, 70, 0, 48.39%, 0, 0, 7, 675.82, 137780, 45
1300, 2, 9, 101, 68, 0, 48.39%, 0, 0, 7, 8.72, 138744, 45
1305, 2, 40, 102, 69, 0, 48.39%, 0, 0, 7, 738.25, 142314, 45
1310, 2, 86, 103, 70, 0, 48.39%, 0, 0, 7, 724.34, 145964, 45
1315, 2, 100, 103, 70, 0, 48.39%, 0, 0, 7, 657.13, 149414, 45
1320, 2, 80, 103, 68, 0, 48.39%, 0, 0, 7, 687.61, 152974, 45
1325, 3, 98, 103, 66, 0, 48.39%, 0, 0, 7, 712.87, 156548, 45
1330, 3, 88, 104, 66, 0, 48.39%, 0, 0, 7, 735.46, 160266, 45
1338, 3, 38, 105, 67, 0, 48.39%, 0, 0, 7, 21.58, 163529, 45
1343, 3, 84, 105, 67, 0, 48.39%, 0, 0, 7, 637.56, 167286, 45
1348, 3, 92, 105, 66, 0, 48.39%, 0, 0, 7, 712.18, 171137, 45
1353, 3, 84, 108, 67, 0, 48.39%, 0, 0, 7, 760.13, 175008, 45
1358, 3, 18, 108, 66, 0, 48.39%, 0, 0, 7, 729.04, 178735, 45
1363, 3, 106, 109, 67, 0, 48.39%, 0, 0, 8, 685.89, 182054, 45
1368, 3, 84, 111, 68, 0, 48.39%, 0, 0, 8, 697.28, 185658, 45
1374, 3, 72, 111, 68, 0, 48.39%, 0, 0, 8, 720.24, 189339, 45
1379, 3, 84, 112, 67, 0, 48.39%, 0, 0, 8, 730.77, 193071, 45
1384, 3, 0, 112, 66, 0, 48.39%, 0, 0, 8, 740.77, 196851, 45
1389, 3, 105, 112, 66, 0, 48.39%, 0, 0, 8, 715.88, 200523, 45
1394, 3, 38, 112, 65, 0, 48.39%, 0, 0, 8, 770.02, 204419, 45
1399, 3, 84, 112, 64, 0, 48.39%, 0, 0, 8, 744.94, 208247, 45
1404, 3, 95, 112, 64, 0, 48.39%, 0, 0, 8, 748.05, 212166, 45
1409, 3, 0, 113, 63, 0, 48.39%, 0, 0, 8, 587.47, 215663, 45
1414, 3, 84, 113, 63, 0, 48.39%, 0, 0, 8, 535.16, 218646, 45
1420, 4, 86, 113, 63, 0, 48.39%, 0, 0, 8, 750.12, 222740, 45
1425, 4, 88, 113, 63, 0, 48.39%, 0, 0, 8, 770.90, 226686, 45
1430, 4, 16, 113, 62, 0, 48.39%, 0, 0, 8, 764.90, 230555, 45
1435, 4, 40, 113, 62, 0, 48.39%, 0, 0, 8, 742.80, 234357, 45
1440, 4, 0, 113, 62, 0, 48.39%, 0, 0, 8, 780.81, 238309, 45
1445, 4, 109, 113, 62, 0, 48.39%, 0, 0, 8, 782.96, 242218, 45
1450, 4, 84, 113, 60, 0, 48.39%, 0, 0, 8, 778.52, 246214, 45
1455, 4, 0, 113, 60, 0, 48.39%, 0, 0, 8, 774.57, 250260, 45
1460, 4, 38, 113, 60, 0, 48.39%, 0, 0, 8, 775.34, 254173, 45
1465, 4, 88, 113, 60, 0, 48.39%, 0, 0, 8, 786.30, 258207, 45
1470, 4, 84, 113, 59, 0, 48.39%, 0, 0, 8, 779.86, 262081, 45
1475, 4, 99, 113, 59, 0, 48.39%, 0, 0, 8, 774.32, 265960, 45
1481, 4, 88, 113, 57, 0, 48.39%, 0, 0, 8, 791.65, 270067, 45
1486, 4, 0, 113, 56, 0, 48.39%, 0, 0, 8, 773.53, 273919, 45
1491, 5, 113, 114, 57, 0, 48.39%, 0, 0, 8, 751.75, 277709, 45
1496, 5, 65, 114, 56, 0, 48.39%, 0, 0, 8, 711.12, 281023, 45
1501, 5, 88, 114, 55, 0, 48.39%, 0, 0, 8, 780.72, 284980, 45
1506, 5, 84, 114, 55, 0, 48.39%, 0, 0, 8, 799.66, 289028, 45
1511, 5, 93, 114, 55, 0, 48.39%, 0, 0, 8, 758.06, 292835, 45
1516, 5, 84, 114, 54, 0, 48.39%, 0, 0, 8, 775.56, 296788, 45
1521, 5, 0, 114, 53, 0, 48.39%, 0, 0, 8, 762.78, 300678, 45
1526, 5, 0, 114, 52, 0, 48.39%, 0, 0, 8, 796.29, 304711, 45
1531, 5, 18, 114, 50, 0, 48.39%, 0, 0, 8, 782.97, 308609, 45
1536, 5, 78, 114, 50, 0, 48.39%, 0, 0, 8, 786.16, 312763, 45
1538, 5, 84, 114, 49, 0, 48.39%, 1, 0, 8, 0.00, 313538, 45
