# relative_time, cycles_done, cur_item, corpus_count, pending_total, pending_favs, map_size, saved_crashes, saved_hangs, max_depth, execs_per_sec, total_execs, edges_found
77, 0, 0, 10, 9, 0, 29.03%, 0, 0, 2, 0.04, 1728, 18
122, 0, 0, 12, 11, 0, 29.03%, 0, 0, 2, 1.04, 3362, 18
127, 0, 0, 12, 11, 0, 29.03%, 0, 0, 2, 611.51, 4682, 18
170, 0, 0, 12, 11, 0, 29.03%, 0, 0, 2, 1.39, 6599, 18
176, 0, 0, 12, 11, 0, 29.03%, 0, 0, 2, 1.34, 6602, 18
181, 0, 0, 15, 13, 0, 35.48%, 0, 0, 2, 576.37, 9564, 22
215, 0, 0, 15, 13, 0, 35.48%, 0, 0, 2, 0.66, 9982, 22
222, 0, 0, 15, 13, 0, 35.48%, 0, 0, 2, 0.64, 9984, 22
264, 0, 14, 17, 14, 0, 35.48%, 0, 0, 3, 0.11, 11538, 22
269, 0, 14, 20, 17, 0, 37.10%, 0, 0, 3, 616.97, 14666, 23
306, 0, 14, 20, 17, 0, 37.10%, 0, 0, 3, 2.57, 14894, 23
346, 0, 14, 21, 18, 0, 38.71%, 0, 0, 3, 2.63, 17049, 24
351, 0, 14, 21, 18, 0, 38.71%, 0, 0, 3, 567.98, 19878, 24
384, 0, 14, 21, 18, 0, 38.71%, 0, 0, 3, 2.72, 20362, 24
420, 0, 14, 23, 20, 0, 38.71%, 0, 0, 3, 4.08, 21879, 24
455, 0, 14, 27, 24, 0, 41.94%, 0, 0, 3, 3.45, 24809, 26
487, 0, 14, 27, 24, 0, 41.94%, 0, 0, 3, 3.57, 25723, 26
492, 0, 20, 32, 27, 2, 43.55%, 0, 0, 4, 565.54, 28713, 27
522, 0, 20, 32, 27, 2, 43.55%, 0, 0, 4, 3.01, 29058, 27
524, 0, 28, 34, 27, 0, 43.55%, 1, 0, 5, 0.00, 29870, 27
