# relative_time, cycles_done, cur_item, corpus_count, pending_total, pending_favs, map_size, saved_crashes, saved_hangs, max_depth, execs_per_sec, total_execs, edges_found
77, 0, 0, 16, 16, 1, 32.91%, 0, 0, 2, 0.04, 1707, 26
78, 0, 0, 16, 16, 1, 32.91%, 0, 0, 2, 140.78, 1737, 26
89, 0, 0, 16, 16, 1, 32.91%, 0, 0, 2, 3.10, 2816, 26
122, 0, 0, 16, 16, 1, 32.91%, 0, 0, 2, 0.15, 2821, 26
127, 0, 0, 16, 16, 1, 32.91%, 0, 0, 2, 369.65, 3601, 26
176, 0, 0, 16, 16, 1, 32.91%, 0, 0, 2, 1.33, 4750, 26
181, 0, 0, 16, 16, 1, 32.91%, 0, 0, 2, 338.55, 6460, 26
222, 0, 0, 16, 16, 1, 32.91%, 0, 0, 2, 1.18, 6742, 26
264, 0, 0, 16, 16, 1, 32.91%, 0, 0, 2, 0.05, 7680, 26
269, 0, 0, 17, 17, 1, 32.91%, 0, 0, 2, 400.65, 9699, 26
306, 0, 0, 17, 17, 1, 32.91%, 0, 0, 2, 0.27, 9845, 26
346, 0, 0, 18, 18, 1, 32.91%, 0, 0, 2, 1.92, 11224, 26
351, 0, 0, 18, 18, 1, 32.91%, 0, 0, 2, 370.29, 13072, 26
384, 0, 0, 18, 18, 1, 32.91%, 0, 0, 2, 1.73, 13380, 26
420, 0, 0, 18, 18, 1, 32.91%, 0, 0, 2, 0.43, 14353, 26
455, 0, 0, 18, 18, 1, 32.91%, 0, 0, 2, 0.23, 16278, 26
487, 0, 0, 18, 18, 1, 32.91%, 0, 0, 2, 2.38, 16866, 26
492, 0, 0, 18, 18, 1, 32.91%, 0, 0, 2, 371.68, 18770, 26
522, 0, 0, 18, 18, 1, 32.91%, 0, 0, 2, 0.70, 19043, 26
527, 0, 0, 18, 18, 1, 32.91%, 0, 0, 2, 369.42, 20996, 26
557, 0, 0, 18, 18, 1, 32.91%, 0, 0, 2, 0.72, 21255, 26
592, 0, 0, 18, 18, 1, 32.91%, 0, 0, 2, 1.31, 22172, 26
597, 0, 0, 18, 18, 1, 32.91%, 0, 0, 2, 369.28, 24090, 26
625, 0, 0, 18, 18, 1, 32.91%, 0, 0, 2, 0.75, 24363, 26
656, 0, 0, 19, 19, 1, 35.44%, 0, 0, 2, 2.95, 25929, 28
665, 0, 0, 19, 19, 1, 35.44%, 0, 0, 2, 13.03, 27225, 28
680, 0, 0, 19, 19, 1, 35.44%, 0, 0, 2, 0.72, 27236, 28
712, 0, 0, 19, 19, 1, 35.44%, 0, 0, 2, 6.70, 28833, 28
713, 0, 0, 19, 19, 1, 35.44%, 0, 0, 2, 0.04, 28834, 28
718, 0, 0, 19, 19, 1, 35.44%, 0, 0, 2, 396.21, 30889, 28
740, 0, 0, 19, 19, 1, 35.44%, 0, 0, 2, 1.29, 31069, 28
746, 0, 0, 19, 19, 1, 35.44%, 0, 0, 2, 0.48, 32058, 28
762, 0, 0, 19, 19, 1, 35.44%, 0, 0, 2, 0.49, 32066, 28
788, 0, 0, 19, 19, 1, 35.44%, 0, 0, 2, 1.92, 33869, 28
793, 0, 0, 19, 19, 1, 35.44%, 0, 0, 2, 379.81, 35822, 28
816, 0, 0, 19, 19, 1, 35.44%, 0, 0, 2, 2.45, 35962, 28
818, 0, 0, 19, 19, 1, 35.44%, 1, 0, 2, 0.00, 36338, 28
