# relative_time, cycles_done, cur_item, corpus_count, pending_total, pending_favs, map_size, saved_crashes, saved_hangs, max_depth, execs_per_sec, total_execs, edges_found
78, 0, 0, 17, 17, 1, 30.10%, 0, 0, 2, 0.07, 1784, 31
79, 0, 0, 17, 17, 1, 30.10%, 0, 0, 2, 373.33, 1871, 31
122, 0, 0, 19, 19, 1, 31.07%, 0, 0, 2, 0.35, 3188, 32
128, 0, 0, 24, 24, 1, 33.98%, 0, 0, 2, 406.35, 4045, 35
176, 0, 0, 25, 25, 1, 33.98%, 0, 0, 2, 0.88, 5316, 35
176, 0, 0, 25, 25, 1, 33.98%, 0, 0, 2, 0.84, 5317, 35
181, 0, 0, 26, 26, 1, 35.92%, 0, 0, 2, 405.60, 7403, 37
215, 0, 0, 26, 26, 1, 35.92%, 0, 0, 2, 0.96, 7723, 37
222, 0, 0, 26, 26, 1, 35.92%, 0, 0, 2, 0.94, 7728, 37
264, 0, 0, 26, 26, 1, 35.92%, 0, 0, 2, 0.82, 8859, 37
269, 0, 0, 26, 26, 1, 35.92%, 0, 0, 2, 443.81, 11147, 37
307, 0, 0, 26, 26, 1, 35.92%, 0, 0, 2, 0.22, 11251, 37
346, 0, 0, 26, 26, 1, 35.92%, 0, 0, 2, 0.88, 12787, 37
351, 0, 0, 26, 26, 1, 35.92%, 0, 0, 2, 412.23, 14859, 37
384, 0, 0, 27, 27, 1, 36.89%, 0, 0, 2, 0.99, 15178, 38
420, 0, 0, 27, 27, 1, 36.89%, 0, 0, 2, 2.90, 16266, 38
455, 0, 0, 28, 28, 1, 37.86%, 0, 0, 2, 2.08, 18409, 39
463, 0, 0, 29, 29, 1, 38.83%, 0, 0, 2, 11.09, 19055, 40
487, 0, 0, 29, 29, 1, 38.83%, 0, 0, 2, 0.42, 19065, 40
492, 0, 0, 29, 29, 1, 38.83%, 0, 0, 2, 416.21, 21216, 40
522, 0, 0, 29, 29, 1, 38.83%, 0, 0, 2, 2.67, 21488, 40
528, 0, 0, 29, 29, 1, 38.83%, 0, 0, 2, 410.27, 23656, 40
557, 0, 0, 29, 29, 1, 38.83%, 0, 0, 2, 0.82, 23944, 40
592, 0, 0, 29, 29, 1, 38.83%, 0, 0, 2, 1.25, 24968, 40
597, 0, 0, 29, 29, 1, 38.83%, 0, 0, 2, 410.70, 27112, 40
626, 0, 0, 29, 29, 1, 38.83%, 0, 0, 2, 3.40, 27400, 40
656, 0, 0, 29, 29, 1, 38.83%, 0, 0, 2, 2.07, 29136, 40
665, 0, 0, 29, 29, 1, 38.83%, 0, 0, 2, 13.06, 30584, 40
680, 0, 0, 29, 29, 1, 38.83%, 0, 0, 2, 0.39, 30590, 40
713, 0, 0, 29, 29, 1, 38.83%, 0, 0, 2, 1.58, 32366, 40
718, 0, 0, 29, 29, 1, 38.83%, 0, 0, 2, 438.31, 34634, 40
740, 0, 0, 29, 29, 1, 38.83%, 0, 0, 2, 1.48, 34840, 40
748, 0, 0, 29, 29, 1, 38.83%, 0, 0, 2, 8.21, 35939, 40
762, 0, 0, 29, 29, 1, 38.83%, 0, 0, 2, 0.43, 35945, 40
770, 0, 0, 29, 29, 1, 38.83%, 0, 0, 2, 20.73, 37952, 40
788, 0, 0, 29, 29, 1, 38.83%, 0, 0, 2, 0.24, 37954, 40
793, 0, 0, 29, 29, 1, 38.83%, 0, 0, 2, 428.32, 40088, 40
802, 0, 0, 29, 29, 1, 38.83%, 0, 0, 2, 1.03, 40288, 40
817, 0, 0, 29, 29, 1, 38.83%, 0, 0, 2, 1.00, 40295, 40
837, 0, 0, 29, 29, 1, 38.83%, 0, 0, 2, 0.53, 41780, 40
842, 0, 0, 29, 29, 1, 38.83%, 0, 0, 2, 491.73, 44165, 40
864, 0, 0, 29, 29, 1, 38.83%, 0, 0, 2, 3.34, 44435, 40
892, 0, 0, 29, 29, 1, 38.83%, 0, 0, 2, 3.39, 46793, 40
897, 0, 0, 29, 29, 1, 38.83%, 0, 0, 2, 492.45, 49115, 40
916, 0, 0, 29, 29, 1, 38.83%, 0, 0, 2, 5.11, 49601, 40
933, 0, 0, 30, 30, 1, 39.81%, 0, 0, 2, 5.61, 51165, 41
946, 0, 0, 30, 30, 1, 39.81%, 0, 0, 2, 5.65, 52695, 41
954, 0, 0, 30, 30, 1, 39.81%, 0, 0, 2, 5.30, 52711, 41
959, 0, 16, 39, 37, 12, 40.78%, 0, 0, 3, 457.92, 55061, 42
969, 0, 16, 39, 37, 12, 40.78%, 0, 0, 3, 10.90, 55552, 42
974, 0, 16, 41, 39, 12, 42.72%, 0, 0, 3, 451.49, 57820, 44
991, 0, 16, 41, 39, 12, 42.72%, 0, 0, 3, 4.43, 58198, 44
1006, 0, 16, 41, 39, 12, 42.72%, 0, 0, 3, 1.59, 60061, 44
1027, 0, 16, 41, 39, 12, 42.72%, 0, 0, 3, 3.99, 62158, 44
1041, 0, 16, 41, 39, 12, 42.72%, 0, 0, 3, 4.93, 64417, 44
1046, 0, 40, 44, 40, 16, 45.63%, 0, 0, 4, 471.41, 66819, 47
1064, 0, 40, 44, 40, 16, 45.63%, 0, 0, 4, 1.54, 67083, 47
1070, 0, 27, 50, 39, 9, 45.63%, 0, 0, 4, 522.98, 69830, 47
1078, 0, 27, 51, 40, 9, 45.63%, 0, 0, 4, 11.31, 70151, 47
1097, 0, 39, 51, 36, 6, 45.63%, 0, 0, 4, 5.59, 71602, 47
1102, 0, 54, 57, 34, 0, 45.63%, 0, 0, 4, 606.51, 74690, 47
1115, 0, 54, 57, 34, 0, 45.63%, 0, 0, 4, 5.29, 75388, 47
1120, 0, 42, 58, 34, 0, 45.63%, 0, 0, 4, 640.79, 78621, 47
1130, 0, 26, 58, 33, 0, 45.63%, 0, 0, 4, 12.40, 78994, 47
1147, 0, 56, 58, 33, 0, 45.63%, 0, 0, 4, 8.04, 81572, 47
1152, 0, 56, 61, 36, 0, 46.60%, 0, 0, 5, 614.46, 84663, 48
1157, 0, 60, 62, 36, 1, 46.60%, 0, 0, 6, 685.24, 86176, 48
1171, 0, 28, 62, 35, 0, 46.60%, 0, 0, 6, 3.46, 87950, 48
1172, 0, 17, 62, 35, 0, 46.60%, 1, 0, 6, 0.00, 88846, 48
