# relative_time, cycles_done, cur_item, corpus_count, pending_total, pending_favs, map_size, saved_crashes, saved_hangs, max_depth, execs_per_sec, total_execs, edges_found
67, 0, 7, 12, 9, 0, 32.05%, 0, 0, 4, 0.18, 2052, 25
73, 0, 7, 13, 10, 0, 33.33%, 0, 0, 4, 150.32, 2847, 26
93, 0, 7, 13, 10, 0, 33.33%, 0, 0, 4, 1.12, 3154, 26
99, 0, 7, 13, 10, 0, 33.33%, 0, 0, 4, 154.68, 3973, 26
119, 0, 7, 14, 11, 0, 34.62%, 0, 0, 4, 0.16, 4274, 27
124, 0, 12, 14, 10, 1, 34.62%, 0, 0, 4, 153.82, 5052, 27
136, 0, 7, 14, 9, 0, 34.62%, 0, 0, 4, 1.01, 5196, 27
153, 0, 13, 15, 10, 0, 35.90%, 0, 0, 5, 2.43, 5899, 28
158, 0, 13, 16, 11, 0, 37.18%, 0, 0, 5, 156.75, 6689, 29
174, 0, 13, 16, 11, 0, 37.18%, 0, 0, 5, 0.88, 7088, 29
179, 0, 13, 17, 12, 0, 37.18%, 0, 0, 5, 155.38, 7875, 29
188, 0, 14, 17, 11, 1, 37.18%, 0, 0, 5, 4.83, 8300, 29
196, 0, 14, 17, 11, 1, 37.18%, 0, 0, 5, 0.76, 8306, 29
201, 0, 15, 18, 11, 0, 37.18%, 0, 0, 5, 157.11, 9096, 29
210, 0, 15, 19, 12, 0, 41.03%, 0, 0, 6, 0.44, 9469, 32
223, 0, 12, 19, 11, 0, 41.03%, 0, 0, 6, 3.07, 10157, 32
228, 0, 14, 20, 12, 0, 41.03%, 0, 0, 6, 177.67, 10966, 32
237, 0, 14, 20, 12, 0, 41.03%, 0, 0, 6, 1.61, 11525, 32
249, 1, 15, 21, 13, 0, 41.03%, 0, 0, 6, 3.85, 12402, 32
255, 1, 12, 22, 14, 0, 41.03%, 0, 0, 6, 174.41, 13312, 32
261, 1, 18, 24, 16, 0, 41.03%, 0, 0, 7, 4.12, 13738, 32
267, 1, 7, 24, 16, 0, 41.03%, 0, 0, 7, 178.02, 14670, 32
277, 1, 14, 24, 16, 0, 41.03%, 0, 0, 7, 3.83, 15277, 32
282, 1, 14, 28, 20, 0, 43.59%, 0, 0, 7, 177.99, 16203, 34
297, 1, 25, 30, 21, 1, 44.87%, 0, 0, 7, 2.52, 16876, 35
302, 1, 15, 30, 19, 0, 44.87%, 0, 0, 7, 175.80, 17793, 35
308, 1, 18, 31, 20, 0, 44.87%, 0, 0, 7, 5.91, 18499, 35
313, 1, 29, 33, 21, 0, 46.15%, 0, 0, 8, 173.00, 19407, 36
321, 1, 29, 33, 21, 0, 46.15%, 0, 0, 8, 1.65, 19806, 36
326, 1, 29, 34, 22, 0, 46.15%, 0, 0, 8, 167.55, 20644, 36
331, 1, 13, 37, 25, 0, 46.15%, 0, 0, 8, 174.49, 21519, 36
336, 1, 31, 38, 25, 0, 47.44%, 0, 0, 8, 176.29, 22401, 37
342, 1, 31, 39, 26, 0, 47.44%, 0, 0, 8, 4.56, 22996, 37
347, 1, 31, 40, 27, 0, 47.44%, 0, 0, 8, 171.10, 23849, 37
352, 1, 31, 41, 28, 0, 47.44%, 0, 0, 8, 173.33, 24414, 37
357, 1, 31, 42, 29, 0, 48.72%, 0, 0, 8, 176.27, 25327, 38
362, 1, 31, 42, 29, 0, 48.72%, 0, 0, 8, 175.59, 26203, 38
368, 1, 41, 44, 30, 1, 48.72%, 0, 0, 9, 172.79, 27106, 38
373, 1, 41, 45, 31, 1, 48.72%, 0, 0, 9, 169.87, 27968, 38
382, 1, 41, 46, 32, 1, 48.72%, 0, 0, 9, 7.75, 28800, 38
387, 1, 41, 46, 32, 1, 48.72%, 0, 0, 9, 174.98, 29694, 38
392, 1, 41, 46, 32, 1, 48.72%, 0, 0, 9, 174.21, 30564, 38
397, 1, 41, 47, 33, 1, 48.72%, 0, 0, 9, 175.03, 31468, 38
402, 1, 45, 48, 32, 0, 48.72%, 0, 0, 10, 173.99, 32333, 38
408, 1, 45, 49, 33, 0, 48.72%, 0, 0, 10, 11.87, 32973, 38
413, 1, 45, 49, 33, 0, 48.72%, 0, 0, 10, 156.61, 33849, 38
418, 1, 45, 49, 33, 0, 48.72%, 0, 0, 10, 169.67, 34755, 38
424, 1, 45, 50, 34, 0, 48.72%, 0, 0, 10, 171.02, 35656, 38
429, 1, 18, 50, 34, 0, 48.72%, 0, 0, 10, 167.35, 36500, 38
435, 1, 45, 51, 35, 0, 48.72%, 0, 0, 10, 8.22, 37213, 38
440, 1, 41, 51, 35, 0, 48.72%, 0, 0, 10, 168.24, 38099, 38
445, 1, 29, 52, 36, 0, 50.00%, 0, 0, 10, 176.46, 39007, 39
450, 1, 29, 53, 36, 0, 50.00%, 0, 0, 10, 174.17, 39881, 39
452, 1, 51, 54, 37, 0, 50.00%, 1, 0, 10, 0.00, 40122, 39
