# relative_time, cycles_done, cur_item, corpus_count, pending_total, pending_favs, map_size, saved_crashes, saved_hangs, max_depth, execs_per_sec, total_execs, edges_found
73, 0, 0, 7, 5, 0, 29.03%, 0, 0, 2, 0.04, 1767, 18
78, 0, 0, 7, 5, 0, 29.03%, 0, 0, 2, 334.95, 1837, 18
122, 0, 0, 9, 7, 0, 29.03%, 0, 0, 2, 0.86, 3170, 18
127, 0, 0, 10, 8, 0, 29.03%, 0, 0, 2, 409.79, 4033, 18
170, 0, 0, 10, 8, 0, 29.03%, 0, 0, 2, 1.06, 5291, 18
176, 0, 0, 10, 8, 0, 29.03%, 0, 0, 2, 1.02, 5293, 18
181, 0, 0, 10, 8, 0, 29.03%, 0, 0, 2, 406.23, 7385, 18
215, 0, 9, 10, 6, 0, 29.03%, 0, 0, 2, 1.08, 7694, 18
222, 0, 9, 10, 6, 0, 29.03%, 0, 0, 2, 1.05, 7698, 18
264, 0, 4, 12, 6, 0, 30.65%, 0, 0, 3, 0.62, 8824, 19
269, 0, 10, 15, 7, 0, 32.26%, 0, 0, 4, 442.64, 11094, 20
306, 0, 10, 15, 7, 0, 32.26%, 0, 0, 4, 0.05, 11216, 20
346, 0, 10, 15, 7, 0, 32.26%, 0, 0, 4, 1.75, 12760, 20
351, 0, 16, 18, 8, 1, 38.71%, 0, 0, 5, 411.43, 14808, 24
384, 0, 16, 19, 9, 1, 40.32%, 0, 0, 5, 1.48, 15143, 25
420, 0, 16, 21, 11, 1, 41.94%, 0, 0, 5, 2.66, 16221, 26
455, 0, 16, 23, 13, 1, 43.55%, 0, 0, 5, 2.08, 18355, 27
463, 0, 16, 23, 13, 1, 43.55%, 0, 0, 5, 13.79, 19015, 27
487, 0, 16, 23, 13, 1, 43.55%, 0, 0, 5, 0.17, 19019, 27
492, 0, 16, 25, 15, 1, 43.55%, 0, 0, 5, 413.99, 21153, 27
522, 0, 16, 26, 16, 1, 43.55%, 0, 0, 5, 2.94, 21432, 27
527, 0, 16, 26, 16, 1, 43.55%, 0, 0, 5, 409.10, 23592, 27
557, 0, 16, 26, 16, 1, 43.55%, 0, 0, 5, 0.82, 23880, 27
592, 0, 16, 26, 16, 1, 43.55%, 0, 0, 5, 1.65, 24902, 27
597, 0, 20, 31, 17, 0, 45.16%, 0, 0, 6, 405.06, 26962, 28
625, 0, 20, 31, 17, 0, 45.16%, 0, 0, 6, 2.83, 27330, 28
656, 0, 20, 33, 19, 0, 46.77%, 0, 0, 6, 2.36, 29064, 29
665, 0, 20, 33, 19, 0, 46.77%, 0, 0, 6, 13.07, 30507, 29
680, 0, 20, 33, 19, 0, 46.77%, 0, 0, 6, 0.46, 30514, 29
713, 0, 20, 34, 20, 0, 46.77%, 0, 0, 6, 1.89, 32287, 29
718, 0, 20, 34, 20, 0, 46.77%, 0, 0, 6, 438.62, 34557, 29
740, 0, 20, 34, 20, 0, 46.77%, 0, 0, 6, 1.15, 34760, 29
748, 0, 32, 36, 21, 1, 46.77%, 0, 0, 7, 8.21, 35860, 29
762, 0, 32, 36, 21, 1, 46.77%, 0, 0, 7, 0.36, 35865, 29
788, 0, 15, 40, 24, 0, 46.77%, 0, 0, 7, 0.37, 37870, 29
793, 0, 18, 42, 26, 0, 46.77%, 0, 0, 7, 426.28, 39970, 29
801, 0, 18, 42, 26, 0, 46.77%, 0, 0, 7, 5.12, 40198, 29
816, 0, 18, 42, 26, 0, 46.77%, 0, 0, 7, 0.40, 40204, 29
837, 0, 30, 44, 28, 0, 46.77%, 0, 0, 7, 2.12, 41689, 29
842, 0, 30, 44, 28, 0, 46.77%, 0, 0, 7, 493.62, 44076, 29
864, 0, 30, 44, 28, 0, 46.77%, 0, 0, 7, 2.79, 44346, 29
892, 0, 14, 44, 28, 0, 46.77%, 0, 0, 7, 1.14, 46702, 29
897, 0, 30, 46, 29, 0, 46.77%, 0, 0, 7, 493.94, 48986, 29
916, 0, 30, 46, 29, 0, 46.77%, 0, 0, 7, 1.09, 49507, 29
933, 0, 10, 46, 29, 0, 46.77%, 0, 0, 7, 6.02, 51095, 29
947, 0, 32, 47, 30, 0, 46.77%, 0, 0, 7, 2.39, 52614, 29
954, 0, 32, 47, 30, 0, 46.77%, 0, 0, 7, 2.37, 52628, 29
959, 0, 30, 48, 31, 0, 46.77%, 0, 0, 7, 456.46, 54915, 29
964, 0, 30, 48, 31, 0, 46.77%, 0, 0, 7, 2.27, 55434, 29
969, 0, 30, 48, 31, 0, 46.77%, 0, 0, 7, 2.60, 55474, 29
974, 0, 4, 49, 32, 0, 46.77%, 0, 0, 7, 453.22, 57722, 29
991, 1, 15, 49, 32, 0, 46.77%, 0, 0, 7, 4.97, 58118, 29
1006, 1, 43, 53, 36, 0, 46.77%, 0, 0, 8, 3.17, 59994, 29
1026, 1, 38, 55, 37, 0, 46.77%, 0, 0, 8, 4.56, 62094, 29
1040, 1, 15, 56, 37, 0, 46.77%, 0, 0, 8, 7.09, 64338, 29
1045, 1, 30, 60, 40, 0, 46.77%, 0, 0, 8, 463.94, 66658, 29
1064, 1, 30, 61, 41, 0, 46.77%, 0, 0, 8, 4.47, 66976, 29
1069, 1, 23, 61, 41, 0, 46.77%, 0, 0, 8, 517.43, 69604, 29
1078, 1, 39, 61, 40, 0, 46.77%, 0, 0, 8, 11.77, 70033, 29
1097, 1, 18, 61, 39, 0, 46.77%, 0, 0, 8, 4.98, 71471, 29
1102, 1, 21, 63, 41, 0, 46.77%, 0, 0, 8, 611.10, 74519, 29
1115, 1, 14, 63, 41, 0, 46.77%, 0, 0, 8, 7.13, 75298, 29
1120, 1, 21, 63, 39, 0, 46.77%, 0, 0, 8, 637.77, 78520, 29
1130, 1, 18, 63, 39, 0, 46.77%, 0, 0, 8, 14.07, 78924, 29
1147, 1, 18, 63, 39, 0, 46.77%, 0, 0, 8, 5.97, 81475, 29
1152, 1, 18, 64, 40, 0, 46.77%, 0, 0, 8, 634.56, 84571, 29
1157, 1, 14, 64, 40, 0, 46.77%, 0, 0, 8, 690.66, 86149, 29
1170, 1, 63, 64, 40, 0, 46.77%, 0, 0, 8, 3.46, 87894, 29
1175, 1, 33, 64, 39, 0, 46.77%, 0, 0, 8, 654.20, 91048, 29
1181, 1, 18, 64, 38, 0, 46.77%, 0, 0, 8, 694.84, 93311, 29
1190, 2, 15, 64, 38, 0, 46.77%, 0, 0, 8, 15.55, 94074, 29
1195, 2, 30, 64, 36, 0, 46.77%, 0, 0, 8, 742.19, 97938, 29
1205, 2, 32, 67, 39, 0, 46.77%, 0, 0, 8, 17.11, 99111, 29
1210, 2, 18, 68, 39, 0, 46.77%, 0, 0, 8, 718.04, 102561, 29
1219, 2, 32, 70, 41, 0, 46.77%, 0, 0, 8, 20.92, 103846, 29
1224, 2, 21, 71, 42, 0, 46.77%, 0, 0, 8, 716.63, 107379, 29
1229, 2, 21, 72, 43, 0, 46.77%, 0, 0, 8, 39.80, 108660, 29
1238, 2, 11, 73, 44, 0, 46.77%, 0, 0, 8, 16.61, 111198, 29
1243, 2, 11, 74, 45, 0, 46.77%, 0, 0, 8, 680.79, 114817, 29
1248, 2, 18, 74, 45, 0, 46.77%, 0, 0, 8, 675.12, 116935, 29
1255, 2, 14, 74, 45, 0, 46.77%, 0, 0, 8, 17.01, 117543, 29
1260, 2, 73, 76, 46, 0, 46.77%, 0, 0, 8, 744.01, 121227, 29
1270, 2, 4, 76, 44, 0, 46.77%, 0, 0, 8, 19.66, 124774, 29
1276, 2, 18, 76, 43, 0, 46.77%, 0, 0, 8, 755.99, 128666, 29
1276, 2, 11, 76, 43, 0, 46.77%, 1, 0, 8, 0.00, 129159, 29
