# relative_time, cycles_done, cur_item, corpus_count, pending_total, pending_favs, map_size, saved_crashes, saved_hangs, max_depth, execs_per_sec, total_execs, edges_found
74, 0, 0, 16, 16, 1, 48.72%, 0, 0, 2, 0.04, 1741, 38
79, 0, 0, 16, 16, 1, 48.72%, 0, 0, 2, 254.07, 1823, 38
123, 0, 0, 20, 20, 1, 52.56%, 0, 0, 2, 1.33, 2953, 41
128, 0, 0, 21, 21, 1, 52.56%, 0, 0, 2, 401.73, 3816, 41
171, 0, 0, 23, 23, 1, 52.56%, 0, 0, 2, 1.06, 5064, 41
176, 0, 0, 23, 23, 1, 52.56%, 0, 0, 2, 0.18, 5065, 41
181, 0, 0, 24, 24, 1, 52.56%, 0, 0, 2, 402.94, 7133, 41
223, 0, 0, 24, 24, 1, 52.56%, 0, 0, 2, 0.99, 7461, 41
264, 0, 0, 24, 24, 1, 52.56%, 0, 0, 2, 1.03, 8581, 41
269, 0, 0, 25, 25, 1, 53.85%, 0, 0, 2, 439.96, 10812, 42
307, 0, 0, 25, 25, 1, 53.85%, 0, 0, 2, 0.22, 10948, 42
347, 0, 0, 25, 25, 1, 53.85%, 0, 0, 2, 2.19, 12476, 42
352, 0, 0, 25, 25, 1, 53.85%, 0, 0, 2, 407.81, 14540, 42
385, 0, 0, 25, 25, 1, 53.85%, 0, 0, 2, 1.24, 14844, 42
420, 0, 0, 25, 25, 1, 53.85%, 0, 0, 2, 0.49, 15916, 42
456, 0, 0, 25, 25, 1, 53.85%, 0, 0, 2, 1.56, 18028, 42
463, 0, 0, 25, 25, 1, 53.85%, 0, 0, 2, 12.29, 18676, 42
487, 0, 0, 25, 25, 1, 53.85%, 0, 0, 2, 0.29, 18683, 42
492, 0, 0, 25, 25, 1, 53.85%, 0, 0, 2, 411.33, 20796, 42
523, 0, 0, 25, 25, 1, 53.85%, 0, 0, 2, 3.21, 21084, 42
528, 0, 0, 27, 27, 1, 56.41%, 0, 0, 2, 407.66, 23202, 44
558, 0, 0, 27, 27, 1, 56.41%, 0, 0, 2, 1.91, 23514, 44
592, 0, 0, 27, 27, 1, 56.41%, 0, 0, 2, 1.25, 24530, 44
597, 0, 0, 27, 27, 1, 56.41%, 0, 0, 2, 407.08, 26658, 44
626, 0, 0, 27, 27, 1, 56.41%, 0, 0, 2, 3.40, 26946, 44
657, 0, 0, 27, 27, 1, 56.41%, 0, 0, 2, 1.48, 28658, 44
665, 0, 0, 27, 27, 1, 56.41%, 0, 0, 2, 1.49, 30090, 44
680, 0, 0, 27, 27, 1, 56.41%, 0, 0, 2, 1.43, 30097, 44
713, 0, 0, 27, 27, 1, 56.41%, 0, 0, 2, 1.96, 31858, 44
718, 0, 0, 28, 28, 1, 57.69%, 0, 0, 2, 433.54, 34113, 45
740, 0, 0, 28, 28, 1, 57.69%, 0, 0, 2, 1.48, 34313, 45
748, 0, 0, 28, 28, 1, 57.69%, 0, 0, 2, 7.31, 35401, 45
762, 0, 0, 28, 28, 1, 57.69%, 0, 0, 2, 0.29, 35405, 45
789, 0, 0, 28, 28, 1, 57.69%, 0, 0, 2, 2.92, 37385, 45
794, 0, 0, 28, 28, 1, 57.69%, 0, 0, 2, 422.33, 39505, 45
802, 0, 0, 28, 28, 1, 57.69%, 0, 0, 2, 1.03, 39705, 45
817, 0, 0, 28, 28, 1, 57.69%, 0, 0, 2, 1.00, 39712, 45
837, 0, 0, 28, 28, 1, 57.69%, 0, 0, 2, 5.26, 41181, 45
842, 0, 0, 28, 28, 1, 57.69%, 0, 0, 2, 485.71, 43566, 45
864, 0, 0, 28, 28, 1, 57.69%, 0, 0, 2, 1.68, 43800, 45
892, 0, 0, 28, 28, 1, 57.69%, 0, 0, 2, 3.02, 46131, 45
898, 0, 0, 28, 28, 1, 57.69%, 0, 0, 2, 482.73, 48408, 45
916, 0, 0, 28, 28, 1, 57.69%, 0, 0, 2, 5.11, 48894, 45
934, 0, 0, 28, 28, 1, 57.69%, 0, 0, 2, 4.99, 50442, 45
946, 0, 0, 28, 28, 1, 57.69%, 0, 0, 2, 3.58, 51961, 45
954, 0, 0, 28, 28, 1, 57.69%, 0, 0, 2, 3.69, 51979, 45
959, 0, 0, 28, 28, 1, 57.69%, 0, 0, 2, 451.91, 54231, 45
964, 0, 0, 28, 28, 1, 57.69%, 0, 0, 2, 6.73, 54753, 45
969, 0, 0, 28, 28, 1, 57.69%, 0, 0, 2, 6.83, 54797, 45
974, 0, 0, 28, 28, 1, 57.69%, 0, 0, 2, 445.99, 57041, 45
991, 0, 0, 28, 28, 1, 57.69%, 0, 0, 2, 3.88, 57408, 45
1007, 0, 0, 28, 28, 1, 57.69%, 0, 0, 2, 3.95, 59262, 45
1027, 0, 0, 28, 28, 1, 57.69%, 0, 0, 2, 4.56, 61341, 45
1041, 0, 0, 29, 29, 1, 58.97%, 0, 0, 2, 4.93, 63571, 46
1046, 0, 0, 29, 29, 1, 58.97%, 0, 0, 2, 471.61, 65992, 46
1064, 0, 0, 29, 29, 1, 58.97%, 0, 0, 2, 0.99, 66235, 46
1069, 0, 0, 29, 29, 1, 58.97%, 0, 0, 2, 519.31, 68872, 46
1079, 0, 0, 29, 29, 1, 58.97%, 0, 0, 2, 9.45, 69302, 46
1097, 0, 0, 29, 29, 1, 58.97%, 0, 0, 2, 3.88, 70726, 46
1102, 0, 0, 29, 29, 1, 58.97%, 0, 0, 2, 599.45, 73699, 46
1115, 0, 0, 29, 29, 1, 58.97%, 0, 0, 2, 0.95, 74469, 46
1120, 0, 0, 29, 29, 1, 58.97%, 0, 0, 2, 617.66, 77620, 46
1130, 0, 0, 29, 29, 1, 58.97%, 0, 0, 2, 8.95, 77980, 46
1147, 0, 0, 29, 29, 1, 58.97%, 0, 0, 2, 0.17, 80466, 46
1152, 0, 0, 29, 29, 1, 58.97%, 0, 0, 2, 622.03, 83512, 46
1157, 0, 0, 29, 29, 1, 58.97%, 0, 0, 2, 682.52, 85050, 46
1171, 0, 0, 29, 29, 1, 58.97%, 0, 0, 2, 3.46, 86766, 46
1176, 0, 0, 29, 29, 1, 58.97%, 0, 0, 2, 643.12, 89951, 46
1181, 0, 0, 29, 29, 1, 58.97%, 0, 0, 2, 674.57, 92135, 46
1190, 0, 0, 29, 29, 1, 58.97%, 0, 0, 2, 14.01, 92850, 46
1195, 0, 0, 29, 29, 1, 58.97%, 0, 0, 2, 715.99, 96568, 46
1205, 0, 0, 29, 29, 1, 58.97%, 0, 0, 2, 15.91, 97673, 46
1210, 0, 0, 29, 29, 1, 58.97%, 0, 0, 2, 700.54, 101053, 46
1219, 0, 0, 29, 29, 1, 58.97%, 0, 0, 2, 19.45, 102301, 46
1224, 0, 0, 29, 29, 1, 58.97%, 0, 0, 2, 691.72, 105720, 46
1230, 0, 0, 29, 29, 1, 58.97%, 0, 0, 2, 3.94, 106890, 46
1238, 0, 0, 29, 29, 1, 58.97%, 0, 0, 2, 12.01, 109252, 46
1243, 0, 0, 29, 29, 1, 58.97%, 0, 0, 2, 650.29, 112753, 46
1249, 0, 0, 29, 29, 1, 58.97%, 0, 0, 2, 710.60, 114810, 46
1255, 0, 0, 29, 29, 1, 58.97%, 0, 0, 2, 15.81, 115392, 46
1260, 0, 0, 29, 29, 1, 58.97%, 0, 0, 2, 727.70, 119024, 46
1271, 0, 0, 29, 29, 1, 58.97%, 0, 0, 2, 20.01, 122482, 46
1276, 0, 0, 29, 29, 1, 58.97%, 0, 0, 2, 727.79, 126108, 46
1285, 0, 0, 29, 29, 1, 58.97%, 0, 0, 2, 20.64, 129230, 46
1290, 0, 0, 29, 29, 1, 58.97%, 0, 0, 2, 738.69, 133066, 46
1295, 0, 0, 29, 29, 1, 58.97%, 0, 0, 2, 783.27, 137017, 46
1301, 0, 0, 29, 29, 1, 58.97%, 0, 0, 2, 3.38, 138007, 46
1306, 0, 0, 29, 29, 1, 58.97%, 0, 0, 2, 765.56, 141892, 46
1311, 0, 0, 29, 29, 1, 58.97%, 0, 0, 2, 779.09, 145822, 46
1316, 0, 0, 29, 29, 1, 58.97%, 0, 0, 2, 776.81, 149752, 46
1321, 0, 0, 29, 29, 1, 58.97%, 0, 0, 2, 769.65, 153637, 46
1326, 0, 0, 29, 29, 1, 58.97%, 0, 0, 2, 761.46, 157432, 46
1331, 0, 0, 29, 29, 1, 58.97%, 0, 0, 2, 786.27, 161482, 46
1339, 0, 0, 29, 29, 1, 58.97%, 0, 0, 2, 37.08, 165157, 46
1344, 0, 0, 29, 29, 1, 58.97%, 0, 0, 2, 613.22, 168760, 46
1349, 0, 0, 29, 29, 1, 58.97%, 0, 0, 2, 746.12, 172762, 46
1354, 0, 0, 29, 29, 1, 58.97%, 0, 0, 2, 780.02, 176827, 46
1359, 0, 0, 29, 29, 1, 58.97%, 0, 0, 2, 783.04, 180907, 46
1365, 0, 0, 29, 29, 1, 58.97%, 0, 0, 2, 798.95, 184942, 46
1370, 0, 0, 29, 29, 1, 58.97%, 0, 0, 2, 796.13, 188902, 46
1375, 0, 0, 29, 29, 1, 58.97%, 0, 0, 2, 800.92, 192952, 46
1380, 0, 0, 29, 29, 1, 58.97%, 0, 0, 2, 766.43, 196762, 46
1385, 0, 0, 29, 29, 1, 58.97%, 0, 0, 2, 775.08, 200782, 46
1390, 0, 0, 29, 29, 1, 58.97%, 0, 0, 2, 783.23, 204742, 46
1395, 0, 0, 29, 29, 1, 58.97%, 0, 0, 2, 803.67, 208852, 46
1400, 0, 0, 29, 29, 1, 58.97%, 0, 0, 2, 786.06, 212872, 46
1405, 0, 0, 29, 29, 1, 58.97%, 0, 0, 2, 787.39, 216832, 46
1410, 0, 0, 29, 29, 1, 58.97%, 0, 0, 2, 777.86, 220822, 46
1415, 0, 0, 30, 30, 1, 58.97%, 0, 0, 2, 512.50, 223841, 46
1420, 0, 0, 30, 30, 1, 58.97%, 0, 0, 2, 729.03, 227769, 46
1425, 0, 0, 30, 30, 1, 58.97%, 0, 0, 2, 784.33, 231764, 46
1430, 0, 0, 30, 30, 1, 58.97%, 0, 0, 2, 791.98, 235839, 46
1436, 0, 0, 30, 30, 1, 58.97%, 0, 0, 2, 761.07, 239639, 46
1441, 0, 0, 30, 30, 1, 58.97%, 0, 0, 2, 771.60, 243509, 46
1446, 0, 17, 36, 34, 10, 58.97%, 0, 0, 3, 782.83, 247488, 46
1451, 0, 35, 48, 42, 7, 58.97%, 0, 0, 4, 784.34, 251556, 46
1456, 0, 47, 59, 50, 6, 58.97%, 0, 0, 5, 809.38, 255636, 46
1458, 0, 47, 59, 50, 6, 58.97%, 1, 0, 5, 0.00, 257237, 46
