# relative_time, cycles_done, cur_item, corpus_count, pending_total, pending_favs, map_size, saved_crashes, saved_hangs, max_depth, execs_per_sec, total_execs, edges_found
72, 0, 0, 7, 5, 0, 29.03%, 0, 0, 2, 0.04, 1092, 18
73, 0, 0, 7, 5, 0, 29.03%, 0, 0, 2, 41.38, 1106, 18
117, 0, 0, 10, 8, 0, 29.03%, 0, 0, 2, 1.72, 2569, 18
122, 0, 0, 10, 8, 0, 29.03%, 0, 0, 2, 560.93, 3772, 18
165, 0, 0, 10, 8, 0, 29.03%, 0, 0, 2, 1.01, 5488, 18
170, 0, 0, 10, 8, 0, 29.03%, 0, 0, 2, 0.97, 5490, 18
176, 0, 0, 10, 6, 0, 29.03%, 0, 0, 2, 520.41, 8144, 18
217, 0, 0, 11, 7, 0, 29.03%, 0, 0, 2, 0.25, 8511, 18
258, 0, 10, 17, 12, 0, 38.71%, 0, 0, 3, 0.08, 9916, 24
263, 0, 10, 19, 14, 0, 41.94%, 0, 0, 3, 555.72, 12774, 26
301, 0, 10, 19, 14, 0, 41.94%, 0, 0, 3, 0.19, 12913, 26
341, 0, 10, 22, 17, 0, 45.16%, 0, 0, 3, 0.30, 14830, 28
346, 0, 10, 22, 17, 0, 45.16%, 0, 0, 3, 516.56, 17448, 28
379, 0, 10, 23, 18, 0, 45.16%, 0, 0, 3, 0.62, 17825, 28
414, 0, 10, 24, 19, 0, 46.77%, 0, 0, 3, 3.03, 19172, 29
422, 0, 10, 27, 22, 0, 46.77%, 0, 0, 3, 26.11, 21831, 29
450, 0, 10, 27, 22, 0, 46.77%, 0, 0, 3, 0.04, 21832, 29
481, 0, 10, 27, 22, 0, 46.77%, 0, 0, 3, 3.99, 22655, 29
486, 0, 19, 29, 20, 5, 46.77%, 0, 0, 4, 515.77, 25258, 29
517, 0, 12, 29, 19, 4, 46.77%, 0, 0, 4, 1.68, 25661, 29
522, 0, 17, 29, 15, 0, 46.77%, 0, 0, 4, 516.21, 28313, 29
552, 0, 17, 29, 15, 0, 46.77%, 0, 0, 4, 3.37, 28710, 29
586, 0, 23, 30, 16, 0, 46.77%, 0, 0, 4, 1.25, 29984, 29
591, 0, 17, 33, 19, 0, 46.77%, 0, 0, 4, 508.21, 32570, 29
620, 0, 17, 33, 19, 0, 46.77%, 0, 0, 4, 3.37, 33016, 29
651, 0, 17, 37, 23, 0, 46.77%, 0, 0, 4, 3.87, 35184, 29
659, 0, 15, 38, 24, 0, 46.77%, 0, 0, 4, 2.05, 36989, 29
675, 0, 15, 38, 24, 0, 46.77%, 0, 0, 4, 1.97, 37002, 29
707, 0, 38, 41, 27, 0, 46.77%, 0, 0, 5, 3.94, 39213, 29
712, 0, 23, 42, 27, 0, 46.77%, 0, 0, 5, 555.30, 42054, 29
734, 0, 23, 42, 27, 0, 46.77%, 0, 0, 5, 1.89, 42297, 29
742, 0, 0, 43, 28, 0, 46.77%, 0, 0, 5, 17.81, 43686, 29
756, 0, 0, 43, 28, 0, 46.77%, 0, 0, 5, 0.14, 43688, 29
761, 0, 17, 44, 29, 0, 46.77%, 1, 0, 5, 0.00, 45468, 29
