# relative_time, cycles_done, cur_item, corpus_count, pending_total, pending_favs, map_size, saved_crashes, saved_hangs, max_depth, execs_per_sec, total_execs, edges_found
74, 0, 0, 15, 15, 1, 36.26%, 0, 0, 2, 0.04, 1762, 33
79, 0, 0, 15, 15, 1, 36.26%, 0, 0, 2, 462.69, 1858, 33
122, 0, 0, 16, 16, 1, 36.26%, 0, 0, 2, 0.86, 2929, 33
128, 0, 0, 16, 16, 1, 36.26%, 0, 0, 2, 385.70, 3755, 33
176, 0, 0, 16, 16, 1, 36.26%, 0, 0, 2, 1.55, 4959, 33
181, 0, 0, 16, 16, 1, 36.26%, 0, 0, 2, 356.39, 6758, 33
215, 0, 0, 16, 16, 1, 36.26%, 0, 0, 2, 1.26, 7045, 33
222, 0, 0, 16, 16, 1, 36.26%, 0, 0, 2, 0.14, 7046, 33
264, 0, 0, 16, 16, 1, 36.26%, 0, 0, 2, 0.08, 8028, 33
269, 0, 0, 16, 16, 1, 36.26%, 0, 0, 2, 415.41, 10124, 33
307, 0, 0, 16, 16, 1, 36.26%, 0, 0, 2, 0.32, 10272, 33
346, 0, 0, 16, 16, 1, 36.26%, 0, 0, 2, 1.32, 11708, 33
351, 0, 0, 16, 16, 1, 36.26%, 0, 0, 2, 386.12, 13625, 33
384, 0, 0, 16, 16, 1, 36.26%, 0, 0, 2, 2.16, 13947, 33
420, 0, 0, 16, 16, 1, 36.26%, 0, 0, 2, 0.49, 14956, 33
455, 0, 0, 16, 16, 1, 36.26%, 0, 0, 2, 2.60, 16956, 33
487, 0, 0, 16, 16, 1, 36.26%, 0, 0, 2, 2.90, 17564, 33
492, 0, 0, 16, 16, 1, 36.26%, 0, 0, 2, 384.44, 19498, 33
522, 0, 0, 16, 16, 1, 36.26%, 0, 0, 2, 1.87, 19820, 33
527, 0, 0, 18, 18, 1, 36.26%, 0, 0, 2, 383.32, 21794, 33
557, 0, 0, 18, 18, 1, 36.26%, 0, 0, 2, 2.62, 22102, 33
592, 0, 0, 18, 18, 1, 36.26%, 0, 0, 2, 1.50, 23058, 33
597, 0, 0, 18, 18, 1, 36.26%, 0, 0, 2, 379.91, 24979, 33
626, 0, 0, 18, 18, 1, 36.26%, 0, 0, 2, 2.73, 25329, 33
657, 0, 0, 18, 18, 1, 36.26%, 0, 0, 2, 2.95, 26954, 33
665, 0, 0, 18, 18, 1, 36.26%, 0, 0, 2, 4.44, 28298, 33
680, 0, 0, 18, 18, 1, 36.26%, 0, 0, 2, 0.65, 28308, 33
713, 0, 0, 18, 18, 1, 36.26%, 0, 0, 2, 7.65, 29954, 33
713, 0, 0, 18, 18, 1, 36.26%, 0, 0, 2, 0.05, 29955, 33
718, 0, 0, 18, 18, 1, 36.26%, 0, 0, 2, 404.93, 32098, 33
740, 0, 0, 18, 18, 1, 36.26%, 0, 0, 2, 2.57, 32266, 33
747, 0, 0, 18, 18, 1, 36.26%, 0, 0, 2, 0.48, 33283, 33
762, 0, 0, 18, 18, 1, 36.26%, 0, 0, 2, 0.49, 33291, 33
773, 0, 0, 18, 18, 1, 36.26%, 0, 0, 2, 2.04, 35157, 33
788, 0, 0, 18, 18, 1, 36.26%, 0, 0, 2, 0.07, 35158, 33
793, 0, 0, 18, 18, 1, 36.26%, 0, 0, 2, 398.94, 37138, 33
817, 0, 0, 18, 18, 1, 36.26%, 0, 0, 2, 0.35, 37330, 33
837, 0, 0, 18, 18, 1, 36.26%, 0, 0, 2, 3.27, 38786, 33
842, 0, 0, 18, 18, 1, 36.26%, 0, 0, 2, 476.32, 41256, 33
864, 0, 0, 18, 18, 1, 36.26%, 0, 0, 2, 2.94, 41418, 33
893, 0, 0, 18, 18, 1, 36.26%, 0, 0, 2, 1.51, 43857, 33
898, 0, 0, 18, 18, 1, 36.26%, 0, 0, 2, 458.68, 46179, 33
916, 0, 0, 18, 18, 1, 36.26%, 0, 0, 2, 1.04, 46593, 33
934, 0, 0, 18, 18, 1, 36.26%, 0, 0, 2, 2.09, 48244, 33
940, 0, 0, 18, 18, 1, 36.26%, 0, 0, 2, 14.69, 49779, 33
946, 0, 0, 18, 18, 1, 36.26%, 0, 0, 2, 0.78, 49781, 33
954, 0, 0, 18, 18, 1, 36.26%, 0, 0, 2, 2.01, 49801, 33
959, 0, 0, 18, 18, 1, 36.26%, 0, 0, 2, 459.53, 52173, 33
969, 0, 0, 18, 18, 1, 36.26%, 0, 0, 2, 3.83, 52614, 33
974, 0, 0, 18, 18, 1, 36.26%, 0, 0, 2, 456.82, 54900, 33
991, 0, 0, 18, 18, 1, 36.26%, 0, 0, 2, 3.33, 55269, 33
1006, 0, 0, 18, 18, 1, 36.26%, 0, 0, 2, 0.80, 57132, 33
1027, 0, 0, 18, 18, 1, 36.26%, 0, 0, 2, 2.86, 59247, 33
1040, 0, 0, 18, 18, 1, 36.26%, 0, 0, 2, 1.00, 61533, 33
1046, 0, 0, 18, 18, 1, 36.26%, 0, 0, 2, 464.97, 63882, 33
1064, 0, 0, 18, 18, 1, 36.26%, 0, 0, 2, 3.93, 64170, 33
1069, 0, 0, 18, 18, 1, 36.26%, 0, 0, 2, 474.41, 66564, 33
1078, 0, 0, 18, 18, 1, 36.26%, 0, 0, 2, 9.56, 66969, 33
1097, 0, 0, 18, 18, 1, 36.26%, 0, 0, 2, 4.92, 68274, 33
1102, 0, 0, 18, 18, 1, 36.26%, 0, 0, 2, 528.29, 70914, 33
1115, 0, 0, 18, 18, 1, 36.26%, 0, 0, 2, 5.11, 71574, 33
1120, 0, 0, 18, 18, 1, 36.26%, 0, 0, 2, 543.81, 74364, 33
1130, 0, 0, 18, 18, 1, 36.26%, 0, 0, 2, 8.50, 74674, 33
1147, 0, 0, 18, 18, 1, 36.26%, 0, 0, 2, 5.96, 76937, 33
1152, 0, 0, 18, 18, 1, 36.26%, 0, 0, 2, 567.11, 79819, 33
1157, 0, 0, 18, 18, 1, 36.26%, 0, 0, 2, 629.67, 81258, 33
1171, 0, 0, 18, 18, 1, 36.26%, 0, 0, 2, 6.35, 82746, 33
1176, 0, 0, 18, 18, 1, 36.26%, 0, 0, 2, 553.15, 85462, 33
1181, 0, 0, 18, 18, 1, 36.26%, 0, 0, 2, 580.56, 87431, 33
1190, 0, 0, 18, 18, 1, 36.26%, 0, 0, 2, 5.33, 88003, 33
1195, 0, 0, 18, 18, 1, 36.26%, 0, 0, 2, 658.83, 91442, 33
1205, 0, 0, 18, 18, 1, 36.26%, 0, 0, 2, 4.48, 92598, 33
1210, 0, 0, 18, 18, 1, 36.26%, 0, 0, 2, 659.25, 95979, 33
1219, 0, 0, 18, 18, 1, 36.26%, 0, 0, 2, 8.28, 97146, 33
1224, 0, 0, 18, 18, 1, 36.26%, 0, 0, 2, 622.97, 100242, 33
1230, 0, 0, 18, 18, 1, 36.26%, 0, 0, 2, 13.82, 101335, 33
1238, 0, 0, 18, 18, 1, 36.26%, 0, 0, 2, 14.62, 103698, 33
1243, 0, 0, 18, 18, 1, 36.26%, 0, 0, 2, 584.69, 106794, 33
1249, 0, 0, 18, 18, 1, 36.26%, 0, 0, 2, 625.69, 108642, 33
1255, 0, 0, 18, 18, 1, 36.26%, 0, 0, 2, 2.12, 109362, 33
1260, 0, 0, 18, 18, 1, 36.26%, 0, 0, 2, 682.01, 112814, 33
1270, 0, 0, 18, 18, 1, 36.26%, 0, 0, 2, 23.28, 116025, 33
1276, 0, 0, 18, 18, 1, 36.26%, 0, 0, 2, 685.78, 119379, 33
1285, 0, 0, 18, 18, 1, 36.26%, 0, 0, 2, 12.06, 122226, 33
1290, 0, 0, 18, 18, 1, 36.26%, 0, 0, 2, 731.88, 125954, 33
1295, 0, 0, 18, 18, 1, 36.26%, 0, 0, 2, 733.01, 129748, 33
1301, 0, 0, 18, 18, 1, 36.26%, 0, 0, 2, 0.23, 129877, 33
1306, 0, 0, 18, 18, 1, 36.26%, 0, 0, 2, 719.69, 133388, 33
1311, 0, 0, 18, 18, 1, 36.26%, 0, 0, 2, 728.62, 137098, 33
1316, 0, 0, 18, 18, 1, 36.26%, 0, 0, 2, 734.35, 140906, 33
1321, 0, 0, 18, 18, 1, 36.26%, 0, 0, 2, 732.18, 144532, 33
1326, 0, 0, 18, 18, 1, 36.26%, 0, 0, 2, 725.93, 148214, 33
1331, 0, 0, 18, 18, 1, 36.26%, 0, 0, 2, 729.05, 151938, 33
1339, 0, 0, 18, 18, 1, 36.26%, 0, 0, 2, 41.08, 155200, 33
1344, 0, 0, 18, 18, 1, 36.26%, 0, 0, 2, 750.64, 158966, 33
1349, 0, 0, 18, 18, 1, 36.26%, 0, 0, 2, 755.88, 162819, 33
1354, 0, 0, 18, 18, 1, 36.26%, 0, 0, 2, 769.73, 166734, 33
1359, 0, 0, 18, 18, 1, 36.26%, 0, 0, 2, 756.77, 170649, 33
1365, 0, 0, 18, 18, 1, 36.26%, 0, 0, 2, 788.19, 174204, 33
1370, 0, 0, 18, 18, 1, 36.26%, 0, 0, 2, 774.15, 178119, 33
1375, 0, 0, 18, 18, 1, 36.26%, 0, 0, 2, 762.03, 181944, 33
1380, 0, 0, 18, 18, 1, 36.26%, 0, 0, 2, 738.11, 185496, 33
1385, 0, 0, 18, 18, 1, 36.26%, 0, 0, 2, 766.15, 189459, 33
1390, 0, 0, 18, 18, 1, 36.26%, 0, 0, 2, 781.55, 193449, 33
1395, 0, 0, 18, 18, 1, 36.26%, 0, 0, 2, 765.71, 197469, 33
1400, 0, 0, 18, 18, 1, 36.26%, 0, 0, 2, 769.54, 201474, 33
1405, 0, 0, 18, 18, 1, 36.26%, 0, 0, 2, 768.38, 205389, 33
1411, 0, 0, 18, 18, 1, 36.26%, 0, 0, 2, 775.98, 209394, 33
1416, 0, 0, 18, 18, 1, 36.26%, 0, 0, 2, 808.55, 212426, 33
1421, 0, 0, 19, 19, 1, 37.36%, 0, 0, 2, 784.73, 216376, 34
1426, 0, 0, 19, 19, 1, 37.36%, 0, 0, 2, 774.50, 220231, 34
1431, 0, 0, 19, 19, 1, 37.36%, 0, 0, 2, 757.65, 224116, 34
1436, 0, 0, 19, 19, 1, 37.36%, 0, 0, 2, 751.62, 227911, 34
1441, 0, 0, 19, 19, 1, 37.36%, 0, 0, 2, 782.63, 231916, 34
1446, 0, 0, 19, 19, 1, 37.36%, 0, 0, 2, 791.10, 235906, 34
1451, 0, 0, 19, 19, 1, 37.36%, 0, 0, 2, 793.17, 239896, 34
1456, 0, 0, 19, 19, 1, 37.36%, 0, 0, 2, 110.29, 243826, 34
1462, 0, 0, 19, 19, 1, 37.36%, 0, 0, 2, 802.63, 247841, 34
1467, 0, 0, 19, 19, 1, 37.36%, 0, 0, 2, 805.53, 251841, 34
1472, 0, 0, 19, 19, 1, 37.36%, 0, 0, 2, 818.31, 256113, 34
1477, 0, 0, 20, 20, 1, 38.46%, 0, 0, 2, 833.23, 260392, 35
1482, 0, 0, 20, 20, 1, 38.46%, 0, 0, 2, 816.24, 264424, 35
1487, 0, 0, 20, 20, 1, 38.46%, 0, 0, 2, 824.19, 268536, 35
1492, 0, 0, 20, 20, 1, 38.46%, 0, 0, 2, 817.08, 272728, 35
1497, 0, 0, 20, 20, 1, 38.46%, 0, 0, 2, 828.06, 277016, 35
1503, 0, 0, 20, 20, 1, 38.46%, 0, 0, 2, 842.01, 281336, 35
1508, 0, 0, 20, 20, 1, 38.46%, 0, 0, 2, 834.26, 285496, 35
1513, 0, 0, 20, 20, 1, 38.46%, 0, 0, 2, 834.63, 289784, 35
1518, 0, 0, 20, 20, 1, 38.46%, 0, 0, 2, 791.74, 293768, 35
1523, 0, 0, 20, 20, 1, 38.46%, 0, 0, 2, 815.07, 297864, 35
1528, 0, 0, 20, 20, 1, 38.46%, 0, 0, 2, 834.37, 302168, 35
1533, 0, 0, 20, 20, 1, 38.46%, 0, 0, 2, 835.15, 306424, 35
1538, 0, 0, 20, 20, 1, 38.46%, 0, 0, 2, 840.22, 310712, 35
1543, 0, 0, 21, 21, 1, 38.46%, 0, 0, 2, 821.90, 314831, 35
1549, 0, 0, 21, 21, 1, 38.46%, 0, 0, 2, 835.25, 319119, 35
1554, 0, 0, 21, 21, 1, 38.46%, 0, 0, 2, 829.18, 323183, 35
1559, 0, 0, 22, 22, 1, 39.56%, 0, 0, 2, 823.15, 327382, 36
1564, 0, 0, 22, 22, 1, 39.56%, 0, 0, 2, 813.68, 331510, 36
1569, 0, 0, 22, 22, 1, 39.56%, 0, 0, 2, 841.98, 335791, 36
1574, 0, 0, 22, 22, 1, 39.56%, 0, 0, 2, 823.34, 339922, 36
1579, 0, 0, 22, 22, 1, 39.56%, 0, 0, 2, 846.92, 344278, 36
1584, 0, 0, 22, 22, 1, 39.56%, 0, 0, 2, 845.50, 348566, 36
1589, 0, 0, 22, 22, 1, 39.56%, 0, 0, 2, 853.65, 352944, 36
1594, 0, 0, 22, 22, 1, 39.56%, 0, 0, 2, 850.37, 357313, 36
1599, 0, 0, 22, 22, 1, 39.56%, 0, 0, 2, 845.73, 361606, 36
1604, 0, 0, 22, 22, 1, 39.56%, 0, 0, 2, 652.68, 365662, 36
1610, 0, 0, 22, 22, 1, 39.56%, 0, 0, 2, 801.79, 370086, 36
1615, 0, 0, 22, 22, 1, 39.56%, 0, 0, 2, 844.88, 374454, 36
1620, 0, 0, 22, 22, 1, 39.56%, 0, 0, 2, 825.82, 378646, 36
1625, 0, 0, 22, 22, 1, 39.56%, 0, 0, 2, 853.53, 383034, 36
1630, 0, 0, 22, 22, 1, 39.56%, 0, 0, 2, 849.34, 387334, 36
1635, 0, 0, 22, 22, 1, 39.56%, 0, 0, 2, 843.66, 391654, 36
1640, 0, 0, 22, 22, 1, 39.56%, 0, 0, 2, 847.91, 395910, 36
1645, 0, 0, 23, 23, 1, 39.56%, 0, 0, 2, 852.01, 400279, 36
1650, 0, 0, 23, 23, 1, 39.56%, 0, 0, 2, 867.08, 404699, 36
1655, 0, 0, 23, 23, 1, 39.56%, 0, 0, 2, 850.57, 408973, 36
1660, 0, 0, 23, 23, 1, 39.56%, 0, 0, 2, 853.62, 413301, 36
1665, 0, 0, 23, 23, 1, 39.56%, 0, 0, 2, 857.63, 417619, 36
1670, 0, 0, 23, 23, 1, 39.56%, 0, 0, 2, 854.33, 422056, 36
1675, 0, 0, 23, 23, 1, 39.56%, 0, 0, 2, 854.63, 426357, 36
1681, 0, 0, 23, 23, 1, 39.56%, 0, 0, 2, 855.46, 430692, 36
1686, 0, 0, 23, 23, 1, 39.56%, 0, 0, 2, 862.03, 435027, 36
1691, 0, 0, 23, 23, 1, 39.56%, 0, 0, 2, 859.41, 439396, 36
1696, 0, 0, 23, 23, 1, 39.56%, 0, 0, 2, 839.76, 443661, 36
1701, 0, 0, 23, 23, 1, 39.56%, 0, 0, 2, 851.61, 448015, 36
1706, 0, 0, 23, 23, 1, 39.56%, 0, 0, 2, 853.06, 452367, 36
1711, 0, 0, 23, 23, 1, 39.56%, 0, 0, 2, 859.38, 456770, 36
1716, 0, 0, 23, 23, 1, 39.56%, 0, 0, 2, 858.47, 461139, 36
1721, 0, 0, 23, 23, 1, 39.56%, 0, 0, 2, 829.67, 465293, 36
1726, 0, 0, 23, 23, 1, 39.56%, 0, 0, 2, 851.53, 469588, 36
1731, 0, 0, 23, 23, 1, 39.56%, 0, 0, 2, 838.51, 473853, 36
1736, 0, 0, 23, 23, 1, 39.56%, 0, 0, 2, 857.96, 478326, 36
1742, 0, 0, 23, 23, 1, 39.56%, 0, 0, 2, 861.71, 482746, 36
1747, 0, 0, 23, 23, 1, 39.56%, 0, 0, 2, 860.72, 487098, 36
1752, 0, 0, 23, 23, 1, 39.56%, 0, 0, 2, 862.32, 491484, 36
1757, 0, 0, 23, 23, 1, 39.56%, 0, 0, 2, 853.40, 495836, 36
1762, 0, 0, 23, 23, 1, 39.56%, 0, 0, 2, 868.63, 499899, 36
1767, 0, 0, 23, 23, 1, 39.56%, 0, 0, 2, 863.02, 504251, 36
1772, 0, 0, 23, 23, 1, 39.56%, 0, 0, 2, 870.05, 508722, 36
1777, 0, 0, 23, 23, 1, 39.56%, 0, 0, 2, 859.95, 513074, 36
1782, 0, 0, 24, 24, 1, 40.66%, 0, 0, 2, 859.32, 517433, 37
1788, 0, 0, 26, 26, 1, 41.76%, 0, 0, 2, 868.14, 521901, 38
1793, 0, 0, 26, 26, 1, 41.76%, 0, 0, 2, 877.66, 526321, 38
1798, 0, 0, 26, 26, 1, 41.76%, 0, 0, 2, 881.72, 530775, 38
1803, 0, 0, 26, 26, 1, 41.76%, 0, 0, 2, 874.47, 535178, 38
1808, 0, 0, 26, 26, 1, 41.76%, 0, 0, 2, 848.81, 539479, 38
1813, 0, 0, 26, 26, 1, 41.76%, 0, 0, 2, 856.86, 543865, 38
1818, 0, 0, 26, 26, 1, 41.76%, 0, 0, 2, 870.09, 548251, 38
1823, 0, 0, 26, 26, 1, 41.76%, 0, 0, 2, 855.80, 552569, 38
1828, 0, 0, 26, 26, 1, 41.76%, 0, 0, 2, 870.65, 556989, 38
1833, 0, 0, 26, 26, 1, 41.76%, 0, 0, 2, 881.04, 561443, 38
1838, 0, 0, 26, 26, 1, 41.76%, 0, 0, 2, 881.41, 565863, 38
1843, 0, 0, 26, 26, 1, 41.76%, 0, 0, 2, 881.77, 570283, 38
1848, 0, 0, 26, 26, 1, 41.76%, 0, 0, 2, 881.11, 574720, 38
1853, 0, 0, 26, 26, 1, 41.76%, 0, 0, 2, 884.37, 579157, 38
1858, 0, 0, 26, 26, 1, 41.76%, 0, 0, 2, 881.33, 583594, 38
1863, 0, 0, 26, 26, 1, 41.76%, 0, 0, 2, 879.31, 587997, 38
1868, 0, 0, 26, 26, 1, 41.76%, 0, 0, 2, 885.95, 592417, 38
1874, 0, 0, 26, 26, 1, 41.76%, 0, 0, 2, 881.77, 596837, 38
1879, 0, 0, 26, 26, 1, 41.76%, 0, 0, 2, 873.68, 601206, 38
1884, 0, 0, 26, 26, 1, 41.76%, 0, 0, 2, 882.58, 605643, 38
1889, 0, 0, 26, 26, 1, 41.76%, 0, 0, 2, 875.88, 610080, 38
1894, 0, 0, 26, 26, 1, 41.76%, 0, 0, 2, 877.64, 614483, 38
1899, 0, 0, 26, 26, 1, 41.76%, 0, 0, 2, 870.22, 618920, 38
1904, 0, 0, 27, 27, 1, 42.86%, 0, 0, 2, 856.77, 623296, 39
1909, 0, 0, 27, 27, 1, 42.86%, 0, 0, 2, 860.51, 627716, 39
1914, 0, 0, 27, 27, 1, 42.86%, 0, 0, 2, 841.84, 632057, 39
1919, 0, 0, 27, 27, 1, 42.86%, 0, 0, 2, 857.64, 636454, 39
1924, 0, 0, 27, 27, 1, 42.86%, 0, 0, 2, 858.35, 640874, 39
1930, 0, 0, 27, 27, 1, 42.86%, 0, 0, 2, 862.82, 645328, 39
1935, 0, 0, 27, 27, 1, 42.86%, 0, 0, 2, 859.52, 649697, 39
1940, 0, 0, 27, 27, 1, 42.86%, 0, 0, 2, 861.26, 654100, 39
1945, 0, 0, 27, 27, 1, 42.86%, 0, 0, 2, 857.01, 658435, 39
1950, 0, 0, 27, 27, 1, 42.86%, 0, 0, 2, 865.06, 662855, 39
1955, 0, 0, 27, 27, 1, 42.86%, 0, 0, 2, 869.44, 667275, 39
1960, 0, 0, 27, 27, 1, 42.86%, 0, 0, 2, 870.49, 671712, 39
1965, 0, 0, 27, 27, 1, 42.86%, 0, 0, 2, 870.10, 676149, 39
1970, 0, 0, 27, 27, 1, 42.86%, 0, 0, 2, 867.24, 680603, 39
1975, 0, 0, 27, 27, 1, 42.86%, 0, 0, 2, 868.49, 685023, 39
1980, 0, 0, 27, 27, 1, 42.86%, 0, 0, 2, 864.47, 689443, 39
1985, 0, 0, 27, 27, 1, 42.86%, 0, 0, 2, 868.71, 693880, 39
1991, 0, 0, 27, 27, 1, 42.86%, 0, 0, 2, 868.74, 698317, 39
1996, 0, 0, 27, 27, 1, 42.86%, 0, 0, 2, 868.92, 702737, 39
2001, 0, 0, 27, 27, 1, 42.86%, 0, 0, 2, 858.82, 707123, 39
2006, 0, 0, 27, 27, 1, 42.86%, 0, 0, 2, 874.24, 711577, 39
2011, 0, 0, 27, 27, 1, 42.86%, 0, 0, 2, 870.72, 716014, 39
2016, 0, 0, 27, 27, 1, 42.86%, 0, 0, 2, 864.05, 720451, 39
2021, 0, 0, 27, 27, 1, 42.86%, 0, 0, 2, 861.89, 724820, 39
2026, 0, 0, 27, 27, 1, 42.86%, 0, 0, 2, 873.15, 729291, 39
2031, 0, 0, 27, 27, 1, 42.86%, 0, 0, 2, 874.77, 733728, 39
2036, 0, 0, 27, 27, 1, 42.86%, 0, 0, 2, 871.91, 738148, 39
2041, 0, 0, 27, 27, 1, 42.86%, 0, 0, 2, 870.34, 742551, 39
2046, 0, 0, 27, 27, 1, 42.86%, 0, 0, 2, 875.18, 746954, 39
2052, 0, 0, 27, 27, 1, 42.86%, 0, 0, 2, 875.14, 751391, 39
2057, 0, 0, 27, 27, 1, 42.86%, 0, 0, 2, 875.02, 755828, 39
2062, 0, 0, 27, 27, 1, 42.86%, 0, 0, 2, 874.70, 760265, 39
2067, 0, 0, 27, 27, 1, 42.86%, 0, 0, 2, 874.51, 764685, 39
2072, 0, 0, 27, 27, 1, 42.86%, 0, 0, 2, 876.53, 769088, 39
2077, 0, 0, 27, 27, 1, 42.86%, 0, 0, 2, 875.55, 773491, 39
2082, 0, 0, 27, 27, 1, 42.86%, 0, 0, 2, 881.19, 777928, 39
2087, 0, 0, 27, 27, 1, 42.86%, 0, 0, 2, 870.44, 782331, 39
2092, 0, 0, 27, 27, 1, 42.86%, 0, 0, 2, 876.39, 786751, 39
2097, 0, 0, 27, 27, 1, 42.86%, 0, 0, 2, 877.24, 791188, 39
2102, 0, 0, 27, 27, 1, 42.86%, 0, 0, 2, 876.12, 795608, 39
2107, 0, 0, 27, 27, 1, 42.86%, 0, 0, 2, 878.51, 800062, 39
2112, 0, 0, 27, 27, 1, 42.86%, 0, 0, 2, 873.04, 804465, 39
2117, 0, 0, 27, 27, 1, 42.86%, 0, 0, 2, 873.55, 808885, 39
2123, 0, 0, 27, 27, 1, 42.86%, 0, 0, 2, 872.89, 813322, 39
2128, 0, 0, 27, 27, 1, 42.86%, 0, 0, 2, 856.17, 817470, 39
2133, 0, 0, 27, 27, 1, 42.86%, 0, 0, 2, 873.13, 821907, 39
2138, 0, 0, 27, 27, 1, 42.86%, 0, 0, 2, 875.25, 826310, 39
2143, 0, 0, 27, 27, 1, 42.86%, 0, 0, 2, 872.75, 830730, 39
2148, 0, 0, 27, 27, 1, 42.86%, 0, 0, 2, 873.88, 835167, 39
2153, 0, 0, 27, 27, 1, 42.86%, 0, 0, 2, 872.82, 839536, 39
2158, 0, 0, 27, 27, 1, 42.86%, 0, 0, 2, 871.15, 843905, 39
2163, 0, 0, 27, 27, 1, 42.86%, 0, 0, 2, 877.73, 848342, 39
2168, 0, 0, 27, 27, 1, 42.86%, 0, 0, 2, 878.29, 852779, 39
2173, 0, 0, 27, 27, 1, 42.86%, 0, 0, 2, 874.86, 857165, 39
2178, 0, 0, 27, 27, 1, 42.86%, 0, 0, 2, 865.53, 861551, 39
2183, 0, 0, 27, 27, 1, 42.86%, 0, 0, 2, 876.65, 865971, 39
2188, 0, 0, 27, 27, 1, 42.86%, 0, 0, 2, 879.92, 870391, 39
2193, 0, 0, 27, 27, 1, 42.86%, 0, 0, 2, 879.45, 874828, 39
2199, 0, 0, 27, 27, 1, 42.86%, 0, 0, 2, 877.66, 879282, 39
2204, 0, 0, 27, 27, 1, 42.86%, 0, 0, 2, 877.89, 883685, 39
2209, 0, 0, 27, 27, 1, 42.86%, 0, 0, 2, 878.30, 888105, 39
2214, 0, 0, 27, 27, 1, 42.86%, 0, 0, 2, 879.44, 892542, 39
2219, 0, 0, 27, 27, 1, 42.86%, 0, 0, 2, 880.90, 896962, 39
2224, 0, 0, 27, 27, 1, 42.86%, 0, 0, 2, 871.20, 901382, 39
2229, 0, 0, 27, 27, 1, 42.86%, 0, 0, 2, 866.64, 905785, 39
2234, 0, 0, 27, 27, 1, 42.86%, 0, 0, 2, 865.57, 910188, 39
2239, 0, 0, 27, 27, 1, 42.86%, 0, 0, 2, 867.91, 914659, 39
2244, 0, 0, 27, 27, 1, 42.86%, 0, 0, 2, 868.24, 919096, 39
2249, 0, 0, 27, 27, 1, 42.86%, 0, 0, 2, 865.97, 923516, 39
2254, 0, 0, 27, 27, 1, 42.86%, 0, 0, 2, 865.93, 927953, 39
2260, 0, 0, 27, 27, 1, 42.86%, 0, 0, 2, 891.02, 932611, 39
2265, 0, 0, 27, 27, 1, 42.86%, 0, 0, 2, 881.81, 937201, 39
2270, 0, 0, 27, 27, 1, 42.86%, 0, 0, 2, 867.32, 941587, 39
2275, 0, 0, 27, 27, 1, 42.86%, 0, 0, 2, 877.21, 946041, 39
2280, 0, 0, 27, 27, 1, 42.86%, 0, 0, 2, 877.22, 950478, 39
2285, 0, 0, 27, 27, 1, 42.86%, 0, 0, 2, 877.18, 954898, 39
2290, 0, 0, 27, 27, 1, 42.86%, 0, 0, 2, 873.59, 959352, 39
2295, 0, 0, 27, 27, 1, 42.86%, 0, 0, 2, 872.48, 963772, 39
2300, 0, 0, 27, 27, 1, 42.86%, 0, 0, 2, 876.55, 968209, 39
2305, 0, 0, 27, 27, 1, 42.86%, 0, 0, 2, 874.88, 972680, 39
2310, 0, 0, 27, 27, 1, 42.86%, 0, 0, 2, 873.03, 977117, 39
2315, 0, 0, 27, 27, 1, 42.86%, 0, 0, 2, 871.50, 981571, 39
2320, 0, 0, 27, 27, 1, 42.86%, 0, 0, 2, 875.65, 985991, 39
2326, 0, 0, 27, 27, 1, 42.86%, 0, 0, 2, 876.43, 990428, 39
2331, 0, 0, 27, 27, 1, 42.86%, 0, 0, 2, 874.90, 994865, 39
2336, 0, 0, 27, 27, 1, 42.86%, 0, 0, 2, 871.28, 999268, 39
2341, 0, 0, 27, 27, 1, 42.86%, 0, 0, 2, 875.95, 1003688, 39
2346, 0, 0, 27, 27, 1, 42.86%, 0, 0, 2, 879.31, 1008159, 39
2351, 0, 0, 27, 27, 1, 42.86%, 0, 0, 2, 880.92, 1012579, 39
2356, 0, 0, 27, 27, 1, 42.86%, 0, 0, 2, 882.60, 1017016, 39
2361, 0, 0, 27, 27, 1, 42.86%, 0, 0, 2, 881.16, 1021436, 39
2366, 0, 0, 27, 27, 1, 42.86%, 0, 0, 2, 878.46, 1025873, 39
2371, 0, 0, 27, 27, 1, 42.86%, 0, 0, 2, 877.58, 1030259, 39
2376, 0, 0, 27, 27, 1, 42.86%, 0, 0, 2, 877.17, 1034679, 39
2381, 0, 0, 27, 27, 1, 42.86%, 0, 0, 2, 881.80, 1039116, 39
2386, 0, 0, 27, 27, 1, 42.86%, 0, 0, 2, 879.00, 1043536, 39
2391, 0, 0, 27, 27, 1, 42.86%, 0, 0, 2, 869.68, 1047956, 39
2396, 0, 0, 27, 27, 1, 42.86%, 0, 0, 2, 871.61, 1052376, 39
2402, 0, 0, 27, 27, 1, 42.86%, 0, 0, 2, 871.62, 1056813, 39
2407, 0, 0, 27, 27, 1, 42.86%, 0, 0, 2, 868.26, 1061284, 39
2412, 0, 0, 27, 27, 1, 42.86%, 0, 0, 2, 867.24, 1065721, 39
2417, 0, 0, 27, 27, 1, 42.86%, 0, 0, 2, 862.49, 1070141, 39
2422, 0, 0, 27, 27, 1, 42.86%, 0, 0, 2, 866.01, 1074578, 39
2427, 0, 0, 27, 27, 1, 42.86%, 0, 0, 2, 867.77, 1079015, 39
2432, 0, 0, 27, 27, 1, 42.86%, 0, 0, 2, 869.75, 1083418, 39
2437, 0, 0, 27, 27, 1, 42.86%, 0, 0, 2, 869.92, 1087872, 39
2442, 0, 0, 27, 27, 1, 42.86%, 0, 0, 2, 870.73, 1092275, 39
2447, 0, 0, 27, 27, 1, 42.86%, 0, 0, 2, 869.55, 1096712, 39
2452, 0, 0, 27, 27, 1, 42.86%, 0, 0, 2, 869.81, 1101132, 39
2457, 0, 0, 27, 27, 1, 42.86%, 0, 0, 2, 869.46, 1105586, 39
2462, 0, 0, 27, 27, 1, 42.86%, 0, 0, 2, 865.98, 1110006, 39
2467, 0, 0, 27, 27, 1, 42.86%, 0, 0, 2, 869.61, 1114426, 39
2473, 0, 0, 27, 27, 1, 42.86%, 0, 0, 2, 871.06, 1118863, 39
2478, 0, 0, 27, 27, 1, 42.86%, 0, 0, 2, 868.36, 1123266, 39
2483, 0, 0, 27, 27, 1, 42.86%, 0, 0, 2, 871.05, 1127703, 39
2488, 0, 0, 27, 27, 1, 42.86%, 0, 0, 2, 872.48, 1132174, 39
2493, 0, 0, 27, 27, 1, 42.86%, 0, 0, 2, 874.47, 1136611, 39
2498, 0, 0, 27, 27, 1, 42.86%, 0, 0, 2, 868.93, 1141031, 39
2503, 0, 0, 27, 27, 1, 42.86%, 0, 0, 2, 868.61, 1145451, 39
2508, 0, 0, 27, 27, 1, 42.86%, 0, 0, 2, 872.77, 1149854, 39
2513, 0, 0, 27, 27, 1, 42.86%, 0, 0, 2, 872.50, 1154274, 39
2518, 0, 0, 27, 27, 1, 42.86%, 0, 0, 2, 867.67, 1158677, 39
2523, 0, 0, 27, 27, 1, 42.86%, 0, 0, 2, 869.33, 1163114, 39
2528, 0, 0, 27, 27, 1, 42.86%, 0, 0, 2, 865.67, 1167500, 39
2533, 0, 0, 27, 27, 1, 42.86%, 0, 0, 2, 869.50, 1171920, 39
2538, 0, 0, 27, 27, 1, 42.86%, 0, 0, 2, 872.05, 1176357, 39
2543, 0, 0, 27, 27, 1, 42.86%, 0, 0, 2, 878.30, 1180794, 39
2548, 0, 0, 27, 27, 1, 42.86%, 0, 0, 2, 878.17, 1185214, 39
2553, 0, 0, 27, 27, 1, 42.86%, 0, 0, 2, 873.12, 1189634, 39
2559, 0, 0, 27, 27, 1, 42.86%, 0, 0, 2, 874.28, 1194071, 39
2564, 0, 0, 27, 27, 1, 42.86%, 0, 0, 2, 876.91, 1198525, 39
2569, 0, 0, 27, 27, 1, 42.86%, 0, 0, 2, 874.08, 1202928, 39
2574, 0, 0, 27, 27, 1, 42.86%, 0, 0, 2, 875.02, 1207348, 39
2579, 0, 0, 27, 27, 1, 42.86%, 0, 0, 2, 875.07, 1211785, 39
2584, 0, 0, 27, 27, 1, 42.86%, 0, 0, 2, 875.42, 1216205, 39
2589, 0, 0, 27, 27, 1, 42.86%, 0, 0, 2, 877.44, 1220625, 39
2594, 0, 0, 27, 27, 1, 42.86%, 0, 0, 2, 884.44, 1225079, 39
2599, 0, 0, 27, 27, 1, 42.86%, 0, 0, 2, 893.29, 1229720, 39
2604, 0, 0, 27, 27, 1, 42.86%, 0, 0, 2, 895.07, 1234378, 39
2609, 0, 0, 27, 27, 1, 42.86%, 0, 0, 2, 886.19, 1238832, 39
2614, 0, 0, 27, 27, 1, 42.86%, 0, 0, 2, 889.20, 1243286, 39
2620, 0, 0, 27, 27, 1, 42.86%, 0, 0, 2, 891.79, 1247927, 39
2625, 0, 0, 27, 27, 1, 42.86%, 0, 0, 2, 901.37, 1252449, 39
2630, 0, 0, 27, 27, 1, 42.86%, 0, 0, 2, 888.95, 1257056, 39
2635, 0, 0, 27, 27, 1, 42.86%, 0, 0, 2, 892.05, 1261527, 39
2640, 0, 0, 27, 27, 1, 42.86%, 0, 0, 2, 888.03, 1265981, 39
2645, 0, 0, 27, 27, 1, 42.86%, 0, 0, 2, 891.64, 1270435, 39
2650, 0, 0, 27, 27, 1, 42.86%, 0, 0, 2, 891.16, 1274906, 39
2655, 0, 0, 27, 27, 1, 42.86%, 0, 0, 2, 888.84, 1279360, 39
2660, 0, 0, 28, 28, 1, 42.86%, 0, 0, 2, 892.54, 1283838, 39
2665, 0, 0, 28, 28, 1, 42.86%, 0, 0, 2, 890.36, 1288292, 39
2670, 0, 0, 28, 28, 1, 42.86%, 0, 0, 2, 892.31, 1292746, 39
2675, 0, 0, 28, 28, 1, 42.86%, 0, 0, 2, 894.57, 1297404, 39
2680, 0, 0, 28, 28, 1, 42.86%, 0, 0, 2, 893.92, 1302045, 39
2685, 0, 0, 28, 28, 1, 42.86%, 0, 0, 2, 891.37, 1306499, 39
2691, 0, 0, 28, 28, 1, 42.86%, 0, 0, 2, 893.60, 1311140, 39
2696, 0, 0, 28, 28, 1, 42.86%, 0, 0, 2, 889.74, 1315594, 39
2701, 0, 0, 28, 28, 1, 42.86%, 0, 0, 2, 889.66, 1320048, 39
2706, 0, 0, 28, 28, 1, 42.86%, 0, 0, 2, 888.33, 1324519, 39
2711, 0, 0, 28, 28, 1, 42.86%, 0, 0, 2, 891.12, 1328973, 39
2716, 0, 0, 28, 28, 1, 42.86%, 0, 0, 2, 891.55, 1333444, 39
2721, 0, 0, 28, 28, 1, 42.86%, 0, 0, 2, 892.53, 1337915, 39
2726, 0, 0, 28, 28, 1, 42.86%, 0, 0, 2, 890.24, 1342369, 39
2731, 0, 0, 28, 28, 1, 42.86%, 0, 0, 2, 889.03, 1346823, 39
2736, 0, 0, 28, 28, 1, 42.86%, 0, 0, 2, 890.31, 1351277, 39
2741, 0, 0, 28, 28, 1, 42.86%, 0, 0, 2, 891.76, 1355731, 39
2746, 0, 0, 28, 28, 1, 42.86%, 0, 0, 2, 885.82, 1360202, 39
2751, 0, 0, 28, 28, 1, 42.86%, 0, 0, 2, 890.36, 1364673, 39
2756, 0, 0, 28, 28, 1, 42.86%, 0, 0, 2, 882.49, 1369127, 39
2761, 0, 0, 28, 28, 1, 42.86%, 0, 0, 2, 887.25, 1373581, 39
2766, 0, 0, 28, 28, 1, 42.86%, 0, 0, 2, 889.67, 1378052, 39
2771, 0, 0, 29, 29, 1, 42.86%, 0, 0, 2, 892.07, 1382530, 39
2776, 0, 0, 29, 29, 1, 42.86%, 0, 0, 2, 891.85, 1387001, 39
2781, 0, 0, 29, 29, 1, 42.86%, 0, 0, 2, 893.65, 1391455, 39
2786, 0, 0, 29, 29, 1, 42.86%, 0, 0, 2, 893.15, 1395909, 39
2791, 0, 0, 29, 29, 1, 42.86%, 0, 0, 2, 894.14, 1400363, 39
2796, 0, 0, 29, 29, 1, 42.86%, 0, 0, 2, 889.19, 1404817, 39
2801, 0, 0, 29, 29, 1, 42.86%, 0, 0, 2, 896.04, 1409458, 39
2806, 0, 0, 29, 29, 1, 42.86%, 0, 0, 2, 890.74, 1413912, 39
2811, 0, 0, 29, 29, 1, 42.86%, 0, 0, 2, 892.17, 1418366, 39
2817, 0, 0, 29, 29, 1, 42.86%, 0, 0, 2, 885.94, 1422973, 39
2822, 0, 0, 29, 29, 1, 42.86%, 0, 0, 2, 881.80, 1427427, 39
2827, 0, 0, 29, 29, 1, 42.86%, 0, 0, 2, 886.12, 1432068, 39
2832, 0, 0, 29, 29, 1, 42.86%, 0, 0, 2, 883.83, 1436522, 39
2837, 0, 0, 29, 29, 1, 42.86%, 0, 0, 2, 889.29, 1441163, 39
2842, 0, 0, 29, 29, 1, 42.86%, 0, 0, 2, 885.48, 1445617, 39
2847, 0, 0, 29, 29, 1, 42.86%, 0, 0, 2, 885.15, 1450071, 39
2852, 0, 0, 29, 29, 1, 42.86%, 0, 0, 2, 882.40, 1454525, 39
2857, 0, 0, 29, 29, 1, 42.86%, 0, 0, 2, 887.81, 1458996, 39
2862, 0, 0, 29, 29, 1, 42.86%, 0, 0, 2, 885.37, 1463467, 39
2867, 0, 0, 29, 29, 1, 42.86%, 0, 0, 2, 891.86, 1468125, 39
2872, 0, 0, 29, 29, 1, 42.86%, 0, 0, 2, 890.77, 1472596, 39
2877, 0, 0, 29, 29, 1, 42.86%, 0, 0, 2, 887.46, 1477067, 39
2882, 0, 0, 29, 29, 1, 42.86%, 0, 0, 2, 884.54, 1481521, 39
2887, 0, 0, 29, 29, 1, 42.86%, 0, 0, 2, 861.08, 1485873, 39
2892, 0, 0, 29, 29, 1, 42.86%, 0, 0, 2, 875.23, 1490310, 39
2898, 0, 0, 29, 29, 1, 42.86%, 0, 0, 2, 871.15, 1494696, 39
2903, 0, 0, 29, 29, 1, 42.86%, 0, 0, 2, 881.50, 1499167, 39
2908, 0, 0, 29, 29, 1, 42.86%, 0, 0, 2, 889.78, 1503825, 39
2913, 0, 0, 29, 29, 1, 42.86%, 0, 0, 2, 894.01, 1508483, 39
2918, 0, 0, 29, 29, 1, 42.86%, 0, 0, 2, 891.82, 1512954, 39
2923, 0, 0, 29, 29, 1, 42.86%, 0, 0, 2, 891.51, 1517425, 39
2928, 0, 0, 29, 29, 1, 42.86%, 0, 0, 2, 893.53, 1522066, 39
2933, 0, 0, 29, 29, 1, 42.86%, 0, 0, 2, 893.10, 1526537, 39
2938, 0, 0, 29, 29, 1, 42.86%, 0, 0, 2, 892.33, 1531008, 39
2943, 0, 0, 29, 29, 1, 42.86%, 0, 0, 2, 888.43, 1535462, 39
2948, 0, 0, 29, 29, 1, 42.86%, 0, 0, 2, 887.15, 1539916, 39
2953, 0, 0, 29, 29, 1, 42.86%, 0, 0, 2, 889.94, 1544557, 39
2958, 0, 0, 29, 29, 1, 42.86%, 0, 0, 2, 888.12, 1549011, 39
2964, 0, 0, 29, 29, 1, 42.86%, 0, 0, 2, 892.29, 1553652, 39
2969, 0, 0, 29, 29, 1, 42.86%, 0, 0, 2, 892.20, 1558293, 39
2974, 0, 0, 29, 29, 1, 42.86%, 0, 0, 2, 889.41, 1562747, 39
2979, 0, 0, 29, 29, 1, 42.86%, 0, 0, 2, 888.25, 1567201, 39
2984, 0, 0, 29, 29, 1, 42.86%, 0, 0, 2, 892.79, 1571842, 39
2989, 0, 0, 29, 29, 1, 42.86%, 0, 0, 2, 889.53, 1576296, 39
2994, 0, 0, 29, 29, 1, 42.86%, 0, 0, 2, 891.01, 1580750, 39
2999, 0, 0, 29, 29, 1, 42.86%, 0, 0, 2, 893.26, 1585391, 39
3004, 0, 0, 29, 29, 1, 42.86%, 0, 0, 2, 887.77, 1589845, 39
3009, 0, 0, 29, 29, 1, 42.86%, 0, 0, 2, 887.20, 1594299, 39
3014, 0, 0, 29, 29, 1, 42.86%, 0, 0, 2, 889.47, 1598753, 39
3019, 0, 0, 29, 29, 1, 42.86%, 0, 0, 2, 890.51, 1603241, 39
3024, 0, 0, 29, 29, 1, 42.86%, 0, 0, 2, 890.33, 1607712, 39
3029, 0, 0, 29, 29, 1, 42.86%, 0, 0, 2, 889.49, 1612183, 39
3035, 0, 0, 29, 29, 1, 42.86%, 0, 0, 2, 890.62, 1616637, 39
3040, 0, 0, 29, 29, 1, 42.86%, 0, 0, 2, 888.90, 1621125, 39
3045, 0, 0, 29, 29, 1, 42.86%, 0, 0, 2, 887.73, 1625579, 39
3050, 0, 0, 29, 29, 1, 42.86%, 0, 0, 2, 887.86, 1630033, 39
3055, 0, 0, 29, 29, 1, 42.86%, 0, 0, 2, 884.61, 1634521, 39
3060, 0, 0, 29, 29, 1, 42.86%, 0, 0, 2, 887.77, 1638992, 39
3065, 0, 0, 29, 29, 1, 42.86%, 0, 0, 2, 890.80, 1643446, 39
3070, 0, 0, 30, 30, 1, 42.86%, 0, 0, 2, 892.01, 1648077, 39
3075, 0, 0, 30, 30, 1, 42.86%, 0, 0, 2, 888.93, 1652548, 39
3080, 0, 0, 30, 30, 1, 42.86%, 0, 0, 2, 891.07, 1657002, 39
3085, 0, 0, 30, 30, 1, 42.86%, 0, 0, 2, 894.18, 1661473, 39
3090, 0, 0, 30, 30, 1, 42.86%, 0, 0, 2, 891.16, 1665944, 39
3095, 0, 0, 30, 30, 1, 42.86%, 0, 0, 2, 891.18, 1670398, 39
3100, 0, 0, 30, 30, 1, 42.86%, 0, 0, 2, 887.45, 1674852, 39
3105, 0, 0, 30, 30, 1, 42.86%, 0, 0, 2, 891.37, 1679340, 39
3110, 0, 0, 30, 30, 1, 42.86%, 0, 0, 2, 889.36, 1683811, 39
3115, 0, 0, 30, 30, 1, 42.86%, 0, 0, 2, 890.83, 1688265, 39
3120, 0, 0, 30, 30, 1, 42.86%, 0, 0, 2, 887.44, 1692719, 39
3125, 0, 0, 30, 30, 1, 42.86%, 0, 0, 2, 887.20, 1697173, 39
3130, 0, 0, 30, 30, 1, 42.86%, 0, 0, 2, 888.96, 1701644, 39
3135, 0, 0, 30, 30, 1, 42.86%, 0, 0, 2, 890.45, 1706132, 39
3140, 0, 0, 30, 30, 1, 42.86%, 0, 0, 2, 905.41, 1710660, 39
3145, 0, 0, 30, 30, 1, 42.86%, 0, 0, 2, 899.82, 1715178, 39
3150, 0, 0, 30, 30, 1, 42.86%, 0, 0, 2, 886.92, 1719630, 39
3155, 0, 0, 30, 30, 1, 42.86%, 0, 0, 2, 888.66, 1724084, 39
3160, 0, 0, 30, 30, 1, 42.86%, 0, 0, 2, 911.05, 1728642, 39
3166, 0, 0, 30, 30, 1, 42.86%, 0, 0, 2, 893.69, 1733264, 39
3171, 0, 0, 30, 30, 1, 42.86%, 0, 0, 2, 890.32, 1737718, 39
3176, 0, 0, 30, 30, 1, 42.86%, 0, 0, 2, 888.39, 1742172, 39
3181, 0, 0, 30, 30, 1, 42.86%, 0, 0, 2, 890.71, 1746626, 39
3186, 0, 0, 30, 30, 1, 42.86%, 0, 0, 2, 892.10, 1751114, 39
3191, 0, 0, 30, 30, 1, 42.86%, 0, 0, 2, 887.02, 1755585, 39
3196, 0, 0, 30, 30, 1, 42.86%, 0, 0, 2, 889.63, 1760039, 39
3201, 0, 0, 30, 30, 1, 42.86%, 0, 0, 2, 893.78, 1764680, 39
3206, 0, 0, 30, 30, 1, 42.86%, 0, 0, 2, 892.34, 1769134, 39
3211, 0, 0, 30, 30, 1, 42.86%, 0, 0, 2, 892.34, 1773588, 39
3216, 0, 23, 40, 38, 6, 43.96%, 0, 0, 3, 885.64, 1778195, 40
3221, 0, 23, 43, 41, 6, 45.05%, 0, 0, 3, 887.84, 1782653, 41
3226, 0, 23, 46, 44, 6, 45.05%, 0, 0, 3, 892.44, 1787128, 41
3231, 0, 41, 49, 43, 4, 45.05%, 0, 0, 4, 887.74, 1791726, 41
3237, 0, 24, 54, 42, 0, 45.05%, 0, 0, 4, 878.19, 1796165, 41
3242, 0, 50, 58, 46, 0, 45.05%, 0, 0, 4, 882.00, 1800641, 41
3247, 0, 30, 59, 47, 0, 45.05%, 0, 0, 4, 879.93, 1805115, 41
3252, 0, 46, 59, 47, 0, 45.05%, 0, 0, 4, 886.39, 1809600, 41
3257, 0, 50, 62, 50, 0, 45.05%, 0, 0, 4, 883.46, 1814096, 41
3262, 0, 30, 62, 50, 0, 45.05%, 0, 0, 4, 881.12, 1818542, 41
3267, 0, 53, 63, 51, 0, 45.05%, 0, 0, 4, 885.39, 1823162, 41
3272, 0, 46, 63, 51, 0, 45.05%, 0, 0, 4, 883.00, 1827640, 41
3277, 0, 21, 63, 51, 0, 45.05%, 0, 0, 4, 885.54, 1832119, 41
3281, 0, 53, 63, 51, 0, 45.05%, 1, 0, 4, 0.00, 1835402, 41
