# relative_time, cycles_done, cur_item, corpus_count, pending_total, pending_favs, map_size, saved_crashes, saved_hangs, max_depth, execs_per_sec, total_execs, edges_found
74, 0, 0, 17, 17, 1, 29.47%, 0, 1, 2, 0.44, 1738, 28
79, 0, 0, 17, 17, 1, 29.47%, 0, 1, 2, 436.89, 1832, 28
90, 0, 0, 18, 18, 1, 29.47%, 0, 1, 2, 6.15, 3234, 28
123, 0, 0, 18, 18, 1, 29.47%, 0, 1, 2, 0.03, 3235, 28
128, 0, 0, 18, 18, 1, 29.47%, 0, 1, 2, 508.88, 4314, 28
171, 0, 0, 20, 20, 1, 40.00%, 0, 1, 2, 1.36, 5819, 38
176, 0, 0, 20, 20, 1, 40.00%, 0, 1, 2, 1.31, 5822, 38
181, 0, 0, 22, 22, 1, 40.00%, 0, 1, 2, 456.23, 8119, 38
223, 0, 0, 22, 22, 1, 40.00%, 0, 1, 2, 1.33, 8497, 38
264, 0, 0, 22, 22, 1, 40.00%, 0, 1, 2, 0.03, 9731, 38
269, 0, 0, 22, 22, 1, 40.00%, 0, 1, 2, 498.81, 12286, 38
307, 0, 0, 22, 22, 1, 40.00%, 0, 1, 2, 0.11, 12416, 38
347, 0, 0, 22, 22, 1, 40.00%, 0, 1, 2, 1.48, 14140, 38
352, 0, 0, 22, 22, 1, 40.00%, 0, 1, 2, 459.50, 16444, 38
385, 0, 0, 22, 22, 1, 40.00%, 0, 1, 2, 0.84, 16795, 38
420, 0, 0, 22, 22, 1, 40.00%, 0, 1, 2, 0.27, 18010, 38
456, 0, 0, 22, 22, 1, 40.00%, 0, 1, 2, 2.93, 20377, 38
487, 0, 0, 23, 23, 1, 43.16%, 0, 1, 2, 3.63, 21139, 41
492, 0, 0, 23, 23, 1, 43.16%, 0, 1, 2, 462.57, 23507, 41
523, 0, 0, 23, 23, 1, 43.16%, 0, 1, 2, 0.91, 23858, 41
528, 0, 0, 23, 23, 1, 43.16%, 0, 1, 2, 478.47, 26306, 41
558, 0, 0, 23, 23, 1, 43.16%, 0, 1, 2, 3.98, 26702, 41
592, 0, 0, 23, 23, 1, 43.16%, 0, 1, 2, 1.56, 27869, 41
597, 0, 0, 23, 23, 1, 43.16%, 0, 1, 2, 474.66, 30266, 41
626, 0, 0, 23, 23, 1, 43.16%, 0, 1, 2, 2.23, 30617, 41
657, 0, 0, 23, 23, 1, 43.16%, 0, 1, 2, 3.69, 32689, 41
665, 0, 0, 23, 23, 1, 43.16%, 0, 1, 2, 8.10, 34435, 41
680, 0, 0, 23, 23, 1, 43.16%, 0, 1, 2, 0.33, 34440, 41
713, 0, 0, 23, 23, 1, 43.16%, 0, 1, 2, 3.46, 36613, 41
718, 0, 0, 23, 23, 1, 43.16%, 0, 1, 2, 585.53, 39701, 41
740, 0, 0, 23, 23, 1, 43.16%, 0, 1, 2, 2.53, 39891, 41
747, 0, 0, 23, 23, 1, 43.16%, 0, 1, 2, 17.59, 41597, 41
762, 0, 0, 23, 23, 1, 43.16%, 0, 1, 2, 0.66, 41606, 41
789, 0, 0, 24, 24, 1, 45.26%, 0, 1, 2, 2.74, 44616, 43
794, 0, 0, 25, 25, 1, 46.32%, 0, 1, 2, 656.93, 47902, 44
817, 0, 0, 25, 25, 1, 46.32%, 0, 1, 2, 5.66, 48188, 44
837, 0, 0, 25, 25, 1, 46.32%, 0, 1, 2, 4.11, 50543, 44
842, 0, 0, 25, 25, 1, 46.32%, 0, 1, 2, 758.29, 54403, 44
864, 0, 0, 25, 25, 1, 46.32%, 0, 1, 2, 1.41, 54763, 44
865, 0, 0, 25, 25, 1, 46.32%, 1, 1, 2, 0.00, 55874, 44
