# relative_time, cycles_done, cur_item, corpus_count, pending_total, pending_favs, map_size, saved_crashes, saved_hangs, max_depth, execs_per_sec, total_execs, edges_found
73, 0, 1, 9, 7, 0, 30.77%, 0, 0, 3, 0.13, 1684, 28
78, 0, 1, 9, 7, 0, 30.77%, 0, 0, 3, 239.23, 1737, 28
122, 0, 1, 9, 7, 0, 30.77%, 0, 0, 3, 0.74, 2940, 28
127, 0, 1, 9, 7, 0, 30.77%, 0, 0, 3, 376.00, 3723, 28
170, 0, 1, 9, 7, 0, 30.77%, 0, 0, 3, 0.10, 4906, 28
176, 0, 1, 9, 7, 0, 30.77%, 0, 0, 3, 0.11, 4907, 28
181, 0, 1, 9, 7, 0, 30.77%, 0, 0, 3, 346.01, 6696, 28
215, 0, 1, 9, 7, 0, 30.77%, 0, 0, 3, 1.98, 6918, 28
222, 0, 1, 9, 7, 0, 30.77%, 0, 0, 3, 1.88, 6921, 28
264, 0, 1, 9, 7, 0, 30.77%, 0, 0, 3, 0.08, 7877, 28
269, 0, 1, 9, 7, 0, 30.77%, 0, 0, 3, 408.08, 9970, 28
306, 0, 1, 9, 7, 0, 30.77%, 0, 0, 3, 0.11, 10070, 28
346, 0, 1, 10, 8, 0, 30.77%, 0, 0, 3, 1.18, 11478, 28
351, 0, 9, 18, 15, 0, 38.46%, 0, 0, 4, 375.09, 13343, 35
384, 0, 9, 18, 15, 0, 38.46%, 0, 0, 4, 1.73, 13651, 35
420, 0, 9, 18, 15, 0, 38.46%, 0, 0, 4, 1.06, 14645, 35
455, 0, 9, 19, 16, 0, 39.56%, 0, 0, 4, 0.46, 16591, 36
463, 0, 9, 20, 17, 0, 40.66%, 0, 0, 4, 12.10, 17190, 37
487, 0, 9, 20, 17, 0, 40.66%, 0, 0, 4, 0.42, 17200, 37
492, 0, 9, 20, 17, 0, 40.66%, 0, 0, 4, 378.80, 19132, 37
522, 0, 9, 20, 17, 0, 40.66%, 0, 0, 4, 0.94, 19412, 37
527, 0, 9, 21, 18, 0, 41.76%, 0, 0, 4, 376.57, 21358, 38
557, 0, 9, 21, 18, 0, 41.76%, 0, 0, 4, 2.62, 21659, 38
592, 0, 9, 21, 18, 0, 41.76%, 0, 0, 4, 1.25, 22597, 38
597, 0, 13, 24, 20, 7, 41.76%, 0, 0, 5, 373.23, 24484, 38
625, 0, 13, 24, 20, 7, 41.76%, 0, 0, 5, 2.73, 24820, 38
656, 0, 13, 26, 22, 7, 41.76%, 0, 0, 5, 2.36, 26411, 38
665, 0, 13, 27, 23, 7, 41.76%, 0, 0, 5, 1.49, 27730, 38
680, 0, 13, 27, 23, 7, 41.76%, 0, 0, 5, 1.42, 27736, 38
713, 0, 13, 27, 23, 7, 41.76%, 0, 0, 5, 1.96, 29362, 38
718, 0, 13, 27, 23, 7, 41.76%, 0, 0, 5, 402.87, 31442, 38
740, 0, 13, 27, 23, 7, 41.76%, 0, 0, 5, 1.61, 31624, 38
748, 0, 13, 28, 24, 7, 41.76%, 0, 0, 5, 7.30, 32625, 38
762, 0, 13, 28, 24, 7, 41.76%, 0, 0, 5, 0.51, 32632, 38
788, 0, 13, 29, 25, 7, 41.76%, 0, 0, 5, 3.83, 34473, 38
793, 0, 13, 31, 27, 7, 41.76%, 0, 0, 5, 430.49, 36630, 38
816, 0, 13, 31, 27, 7, 41.76%, 0, 0, 5, 3.88, 36815, 38
837, 0, 14, 34, 28, 5, 41.76%, 0, 0, 5, 0.94, 38301, 38
842, 0, 18, 38, 27, 1, 42.86%, 0, 0, 5, 471.45, 40757, 39
863, 0, 15, 38, 26, 0, 42.86%, 0, 0, 5, 2.85, 40925, 39
892, 0, 20, 39, 27, 0, 42.86%, 0, 0, 5, 3.58, 43393, 39
897, 0, 18, 40, 28, 0, 42.86%, 0, 0, 5, 460.66, 45743, 39
916, 0, 18, 40, 28, 0, 42.86%, 0, 0, 5, 4.77, 46135, 39
921, 0, 15, 40, 28, 0, 42.86%, 0, 0, 5, 29.61, 47726, 39
933, 0, 15, 40, 28, 0, 42.86%, 0, 0, 5, 0.08, 47727, 39
941, 0, 15, 40, 28, 0, 42.86%, 0, 0, 5, 7.63, 49277, 39
947, 0, 15, 40, 28, 0, 42.86%, 0, 0, 5, 10.71, 49284, 39
954, 0, 15, 40, 28, 0, 42.86%, 0, 0, 5, 2.01, 49298, 39
959, 0, 15, 42, 30, 0, 42.86%, 0, 0, 5, 462.51, 51691, 39
969, 0, 20, 42, 30, 0, 42.86%, 0, 0, 5, 0.12, 52127, 39
974, 0, 18, 44, 32, 0, 42.86%, 0, 0, 5, 457.88, 54422, 39
991, 0, 18, 44, 32, 0, 42.86%, 0, 0, 5, 4.00, 54782, 39
1006, 0, 35, 44, 32, 0, 42.86%, 0, 0, 5, 8.66, 56674, 39
1026, 0, 35, 45, 33, 0, 42.86%, 0, 0, 6, 2.73, 58843, 39
1040, 0, 19, 47, 35, 0, 42.86%, 0, 0, 6, 5.41, 61150, 39
1045, 0, 13, 47, 35, 0, 42.86%, 0, 0, 6, 475.03, 63508, 39
1064, 0, 13, 47, 35, 0, 42.86%, 0, 0, 6, 4.58, 63812, 39
1069, 0, 20, 48, 36, 0, 42.86%, 0, 0, 6, 471.28, 66306, 39
1078, 0, 15, 48, 36, 0, 42.86%, 0, 0, 6, 1.20, 66647, 39
1097, 0, 15, 48, 36, 0, 42.86%, 0, 0, 6, 4.62, 68047, 39
1102, 0, 15, 49, 37, 0, 42.86%, 0, 0, 6, 582.94, 71090, 39
1115, 0, 35, 49, 37, 0, 42.86%, 0, 0, 6, 3.77, 71695, 39
1120, 1, 15, 52, 40, 0, 42.86%, 0, 0, 6, 590.94, 74717, 39
1130, 1, 15, 53, 41, 0, 42.86%, 0, 0, 6, 10.58, 75075, 39
1146, 1, 15, 56, 44, 0, 42.86%, 0, 0, 6, 10.77, 77510, 39
1152, 1, 15, 57, 44, 0, 42.86%, 0, 0, 6, 588.00, 80372, 39
1157, 1, 15, 58, 44, 0, 42.86%, 0, 0, 6, 648.94, 81784, 39
1170, 1, 24, 58, 44, 0, 42.86%, 0, 0, 6, 2.22, 83481, 39
1175, 1, 15, 60, 45, 0, 42.86%, 0, 0, 6, 653.96, 86673, 39
1181, 1, 13, 61, 46, 0, 42.86%, 0, 0, 6, 641.41, 88906, 39
1190, 1, 19, 61, 46, 0, 42.86%, 0, 0, 6, 5.22, 89556, 39
1195, 1, 15, 61, 45, 0, 42.86%, 0, 0, 6, 725.68, 93295, 39
1205, 1, 15, 61, 44, 0, 42.86%, 0, 0, 6, 5.34, 94615, 39
1210, 1, 15, 63, 46, 0, 42.86%, 0, 0, 6, 698.62, 98110, 39
1219, 1, 35, 63, 46, 0, 42.86%, 0, 0, 6, 17.07, 99352, 39
1224, 1, 15, 63, 46, 0, 42.86%, 0, 0, 6, 680.61, 102770, 39
1229, 1, 15, 63, 46, 0, 42.86%, 0, 0, 6, 7.54, 103916, 39
1238, 1, 15, 63, 46, 0, 42.86%, 0, 0, 6, 13.57, 106497, 39
1243, 1, 15, 63, 46, 0, 42.86%, 0, 0, 6, 680.00, 110135, 39
1248, 1, 15, 63, 46, 0, 42.86%, 0, 0, 6, 732.63, 112300, 39
1255, 1, 18, 63, 46, 0, 42.86%, 0, 0, 6, 2.47, 113100, 39
1260, 2, 18, 66, 49, 0, 42.86%, 0, 0, 6, 751.60, 116874, 39
1270, 2, 15, 70, 53, 0, 42.86%, 0, 0, 6, 12.50, 120330, 39
1275, 2, 20, 73, 55, 0, 42.86%, 0, 0, 6, 725.58, 124082, 39
1285, 2, 20, 73, 55, 0, 42.86%, 0, 0, 6, 20.58, 127172, 39
1290, 2, 15, 75, 56, 0, 42.86%, 0, 0, 7, 776.11, 131079, 39
1295, 2, 15, 76, 56, 0, 43.96%, 0, 0, 7, 785.42, 135038, 40
1300, 2, 15, 76, 55, 0, 43.96%, 0, 0, 7, 26.49, 135992, 40
1306, 2, 75, 79, 58, 0, 43.96%, 0, 0, 7, 760.26, 139977, 40
1311, 2, 15, 80, 59, 0, 43.96%, 0, 0, 7, 792.19, 144094, 40
1316, 2, 15, 84, 63, 0, 43.96%, 0, 0, 7, 799.98, 148081, 40
1321, 2, 35, 86, 65, 0, 43.96%, 0, 0, 7, 784.31, 151964, 40
1326, 2, 60, 87, 66, 0, 43.96%, 0, 0, 7, 748.92, 155754, 40
1331, 2, 35, 87, 63, 0, 43.96%, 0, 0, 7, 744.96, 159525, 40
1339, 2, 14, 87, 62, 0, 43.96%, 0, 0, 7, 33.32, 162807, 40
1344, 2, 15, 87, 62, 0, 43.96%, 0, 0, 7, 753.84, 166225, 40
1349, 2, 19, 88, 62, 0, 43.96%, 0, 0, 7, 790.22, 170423, 40
1354, 2, 15, 88, 61, 0, 43.96%, 0, 0, 7, 809.77, 174700, 40
1359, 2, 35, 90, 63, 0, 43.96%, 0, 0, 7, 761.93, 178347, 40
1364, 3, 35, 90, 63, 0, 43.96%, 0, 0, 7, 750.25, 182271, 40
1370, 3, 15, 90, 63, 0, 43.96%, 0, 0, 7, 730.78, 185935, 40
1375, 3, 75, 90, 63, 0, 43.96%, 0, 0, 7, 779.56, 189868, 40
1380, 3, 13, 90, 63, 0, 43.96%, 0, 0, 7, 785.70, 193841, 40
1385, 3, 15, 90, 63, 0, 43.96%, 0, 0, 7, 814.00, 198010, 40
1390, 3, 18, 90, 63, 0, 43.96%, 0, 0, 7, 782.73, 201769, 40
1395, 3, 15, 90, 63, 0, 43.96%, 0, 0, 7, 782.20, 205753, 40
1400, 3, 90, 92, 64, 0, 45.05%, 0, 0, 7, 760.28, 209703, 41
1405, 3, 90, 93, 65, 0, 45.05%, 0, 0, 7, 774.94, 213715, 41
1410, 3, 90, 94, 66, 0, 45.05%, 0, 0, 7, 802.65, 217805, 41
1415, 3, 15, 95, 67, 0, 45.05%, 0, 0, 7, 506.19, 220787, 41
1420, 3, 75, 96, 67, 0, 45.05%, 0, 0, 7, 761.68, 225064, 41
1425, 3, 15, 96, 66, 0, 45.05%, 0, 0, 7, 809.96, 229284, 41
1430, 3, 15, 96, 66, 0, 45.05%, 0, 0, 7, 807.17, 233327, 41
1436, 3, 14, 97, 66, 0, 45.05%, 0, 0, 7, 810.07, 237548, 41
1441, 3, 15, 97, 66, 0, 45.05%, 0, 0, 7, 810.75, 241743, 41
1446, 3, 14, 99, 68, 0, 45.05%, 0, 0, 7, 818.69, 246009, 41
1451, 3, 15, 99, 68, 0, 45.05%, 0, 0, 7, 827.14, 250179, 41
1456, 3, 15, 100, 69, 0, 45.05%, 0, 0, 7, 803.02, 254284, 41
1462, 3, 15, 101, 70, 0, 45.05%, 0, 0, 7, 782.74, 258372, 41
1467, 4, 15, 101, 70, 0, 45.05%, 0, 0, 7, 804.56, 262328, 41
1472, 4, 75, 101, 69, 0, 45.05%, 0, 0, 7, 770.66, 266189, 41
1477, 4, 15, 101, 69, 0, 45.05%, 0, 0, 7, 830.64, 270492, 41
1482, 4, 90, 101, 68, 0, 45.05%, 0, 0, 7, 829.19, 274618, 41
1487, 4, 20, 101, 67, 0, 45.05%, 0, 0, 7, 800.75, 278554, 41
1492, 4, 90, 101, 67, 0, 45.05%, 0, 0, 7, 797.35, 282607, 41
1497, 4, 75, 102, 68, 0, 45.05%, 0, 0, 7, 803.39, 286601, 41
1502, 4, 15, 102, 66, 0, 45.05%, 0, 0, 7, 786.04, 290466, 41
1507, 4, 20, 102, 66, 0, 45.05%, 0, 0, 7, 817.79, 294494, 41
1512, 4, 15, 102, 65, 0, 45.05%, 0, 0, 7, 650.62, 297428, 41
1517, 4, 15, 102, 62, 0, 45.05%, 0, 0, 7, 788.50, 301736, 41
1522, 4, 20, 102, 62, 0, 45.05%, 0, 0, 7, 779.19, 305266, 41
1527, 4, 91, 102, 62, 0, 45.05%, 0, 0, 7, 783.12, 309188, 41
1532, 4, 15, 102, 60, 0, 45.05%, 0, 0, 7, 805.72, 313247, 41
1537, 4, 15, 102, 60, 0, 45.05%, 0, 0, 7, 798.89, 317301, 41
1543, 4, 20, 102, 60, 0, 45.05%, 0, 0, 7, 799.36, 321285, 41
1548, 4, 15, 102, 59, 0, 45.05%, 0, 0, 7, 835.74, 325468, 41
1553, 4, 20, 102, 59, 0, 45.05%, 0, 0, 7, 815.11, 329559, 41
1558, 4, 15, 102, 59, 0, 45.05%, 0, 0, 7, 845.02, 333934, 41
1563, 5, 90, 102, 59, 0, 45.05%, 0, 0, 7, 860.11, 338257, 41
1568, 5, 15, 102, 59, 0, 45.05%, 0, 0, 7, 834.05, 342460, 41
1573, 5, 68, 102, 59, 0, 45.05%, 0, 0, 7, 816.02, 346549, 41
1578, 5, 15, 102, 58, 0, 45.05%, 0, 0, 7, 813.84, 350700, 41
1583, 5, 20, 102, 57, 0, 45.05%, 0, 0, 7, 765.43, 354737, 41
1588, 5, 16, 102, 56, 0, 45.05%, 0, 0, 7, 829.36, 359010, 41
1593, 5, 15, 102, 56, 0, 45.05%, 0, 0, 7, 839.56, 363329, 41
1598, 5, 75, 102, 55, 0, 45.05%, 0, 0, 7, 821.66, 367452, 41
1603, 5, 75, 102, 55, 0, 45.05%, 0, 0, 7, 809.59, 371566, 41
1609, 5, 15, 102, 54, 0, 45.05%, 0, 0, 7, 753.44, 375313, 41
1614, 5, 75, 102, 54, 0, 45.05%, 0, 0, 7, 750.23, 378993, 41
1619, 5, 15, 102, 53, 0, 45.05%, 0, 0, 7, 825.62, 383309, 41
1624, 5, 19, 102, 53, 0, 45.05%, 0, 0, 7, 819.89, 387432, 41
1629, 5, 0, 102, 53, 0, 45.05%, 0, 0, 7, 830.70, 391702, 41
1634, 5, 20, 102, 53, 0, 45.05%, 0, 0, 7, 821.06, 395818, 41
1639, 5, 15, 102, 53, 0, 45.05%, 0, 0, 7, 807.29, 399918, 41
1644, 5, 13, 102, 52, 0, 45.05%, 0, 0, 7, 841.45, 404165, 41
1649, 5, 90, 102, 52, 0, 45.05%, 0, 0, 7, 808.96, 408284, 41
1654, 5, 20, 102, 52, 0, 45.05%, 0, 0, 7, 805.83, 412399, 41
1659, 6, 13, 102, 52, 0, 45.05%, 0, 0, 7, 815.16, 416501, 41
1664, 6, 15, 102, 52, 0, 45.05%, 0, 0, 7, 804.47, 420577, 41
1669, 6, 15, 102, 52, 0, 45.05%, 0, 0, 7, 822.21, 424792, 41
1674, 6, 15, 102, 52, 0, 45.05%, 0, 0, 7, 814.95, 428865, 41
1679, 6, 15, 102, 52, 0, 45.05%, 0, 0, 7, 805.17, 432932, 41
1684, 6, 15, 102, 52, 0, 45.05%, 0, 0, 7, 817.97, 437044, 41
1690, 6, 20, 102, 51, 0, 45.05%, 0, 0, 7, 808.90, 441196, 41
1695, 6, 75, 102, 50, 0, 45.05%, 0, 0, 7, 791.43, 445157, 41
1700, 6, 15, 102, 50, 0, 45.05%, 0, 0, 7, 784.93, 449157, 41
1705, 6, 90, 102, 50, 0, 45.05%, 0, 0, 7, 831.52, 453379, 41
1710, 6, 15, 102, 50, 0, 45.05%, 0, 0, 7, 798.39, 457352, 41
1715, 6, 15, 102, 50, 0, 45.05%, 0, 0, 7, 806.78, 461497, 41
1720, 6, 15, 102, 50, 0, 45.05%, 0, 0, 7, 95.74, 465603, 41
1725, 6, 15, 102, 50, 0, 45.05%, 0, 0, 7, 767.32, 469452, 41
1731, 6, 15, 102, 49, 0, 45.05%, 0, 0, 7, 819.13, 473756, 41
1736, 6, 61, 102, 49, 0, 45.05%, 0, 0, 7, 817.43, 477789, 41
1737, 6, 90, 102, 48, 0, 45.05%, 1, 0, 7, 0.00, 478271, 41
