# relative_time, cycles_done, cur_item, corpus_count, pending_total, pending_favs, map_size, saved_crashes, saved_hangs, max_depth, execs_per_sec, total_execs, edges_found
73, 0, 0, 15, 15, 1, 29.47%, 0, 1, 2, 0.85, 1661, 28
78, 0, 0, 15, 15, 1, 29.47%, 0, 1, 2, 130.43, 1694, 28
89, 0, 0, 16, 16, 1, 29.47%, 0, 1, 2, 3.61, 2744, 28
122, 0, 0, 16, 16, 1, 29.47%, 0, 1, 2, 0.15, 2749, 28
127, 0, 0, 16, 16, 1, 29.47%, 0, 1, 2, 344.74, 3478, 28
170, 0, 0, 16, 16, 1, 29.47%, 0, 1, 2, 4.99, 4642, 28
170, 0, 0, 16, 16, 1, 29.47%, 0, 1, 2, 0.03, 4643, 28
175, 0, 0, 16, 16, 1, 29.47%, 0, 1, 2, 0.36, 4645, 28
180, 0, 0, 18, 18, 1, 32.63%, 0, 1, 2, 353.80, 6464, 31
214, 0, 0, 18, 18, 1, 32.63%, 0, 1, 2, 0.42, 6709, 31
221, 0, 0, 18, 18, 1, 32.63%, 0, 1, 2, 0.41, 6711, 31
263, 0, 0, 18, 18, 1, 32.63%, 0, 1, 2, 1.26, 7675, 31
268, 0, 0, 18, 18, 1, 32.63%, 0, 1, 2, 380.38, 9607, 31
306, 0, 0, 18, 18, 1, 32.63%, 0, 1, 2, 0.19, 9719, 31
346, 0, 0, 19, 19, 1, 32.63%, 0, 1, 2, 0.38, 11028, 31
351, 0, 0, 20, 20, 1, 32.63%, 0, 1, 2, 352.68, 12813, 31
384, 0, 0, 20, 20, 1, 32.63%, 0, 1, 2, 0.65, 13065, 31
389, 0, 0, 20, 20, 1, 32.63%, 0, 1, 2, 7.21, 13982, 31
419, 0, 0, 20, 20, 1, 32.63%, 0, 1, 2, 0.03, 13983, 31
427, 0, 0, 20, 20, 1, 32.63%, 0, 1, 2, 4.73, 15809, 31
455, 0, 0, 20, 20, 1, 32.63%, 0, 1, 2, 0.04, 15810, 31
462, 0, 0, 20, 20, 1, 32.63%, 0, 1, 2, 10.75, 16369, 31
486, 0, 0, 20, 20, 1, 32.63%, 0, 1, 2, 0.42, 16379, 31
491, 0, 0, 20, 20, 1, 32.63%, 0, 1, 2, 367.02, 18231, 31
522, 0, 0, 20, 20, 1, 32.63%, 0, 1, 2, 0.47, 18497, 31
527, 0, 0, 20, 20, 1, 32.63%, 0, 1, 2, 379.71, 20471, 31
557, 0, 0, 20, 20, 1, 32.63%, 0, 1, 2, 1.91, 20765, 31
591, 0, 0, 20, 20, 1, 32.63%, 0, 1, 2, 1.31, 21703, 31
596, 0, 0, 20, 20, 1, 32.63%, 0, 1, 2, 376.67, 23614, 31
625, 0, 0, 20, 20, 1, 32.63%, 0, 1, 2, 2.48, 23950, 31
656, 0, 0, 21, 21, 1, 40.00%, 0, 1, 2, 2.66, 25559, 38
664, 0, 0, 21, 21, 1, 40.00%, 0, 1, 2, 4.44, 26895, 38
679, 0, 0, 21, 21, 1, 40.00%, 0, 1, 2, 0.52, 26903, 38
712, 0, 0, 21, 21, 1, 40.00%, 0, 1, 2, 2.24, 28543, 38
717, 0, 0, 21, 21, 1, 40.00%, 0, 1, 2, 418.22, 30639, 38
739, 0, 0, 21, 21, 1, 40.00%, 0, 1, 2, 2.25, 30831, 38
747, 0, 0, 22, 22, 1, 43.16%, 0, 1, 2, 10.15, 31854, 41
761, 0, 0, 22, 22, 1, 43.16%, 0, 1, 2, 0.51, 31861, 41
765, 0, 0, 22, 22, 1, 43.16%, 1, 1, 2, 0.00, 33163, 41
