# relative_time, cycles_done, cur_item, corpus_count, pending_total, pending_favs, map_size, saved_crashes, saved_hangs, max_depth, execs_per_sec, total_execs, edges_found
73, 0, 0, 9, 7, 0, 27.00%, 0, 0, 2, 0.04, 1713, 27
78, 0, 0, 9, 7, 0, 27.00%, 0, 0, 2, 336.59, 1786, 27
89, 0, 0, 11, 9, 0, 28.00%, 0, 0, 2, 5.39, 3201, 28
122, 0, 0, 11, 9, 0, 28.00%, 0, 0, 2, 0.18, 3207, 28
127, 0, 0, 11, 9, 0, 28.00%, 0, 0, 2, 509.85, 4278, 28
170, 0, 0, 11, 9, 0, 28.00%, 0, 0, 2, 2.27, 5870, 28
175, 0, 0, 11, 9, 0, 28.00%, 0, 0, 2, 2.16, 5873, 28
180, 0, 10, 12, 8, 0, 28.00%, 0, 0, 3, 492.18, 8400, 28
214, 0, 10, 13, 9, 0, 28.00%, 0, 0, 3, 0.90, 8787, 28
222, 0, 10, 13, 9, 0, 28.00%, 0, 0, 3, 0.89, 8792, 28
263, 0, 10, 13, 9, 0, 28.00%, 0, 0, 3, 0.11, 10251, 28
268, 0, 10, 14, 10, 0, 28.00%, 0, 0, 3, 592.73, 13239, 28
306, 0, 10, 14, 10, 0, 28.00%, 0, 0, 3, 0.30, 13437, 28
346, 0, 10, 14, 10, 0, 28.00%, 0, 0, 3, 3.01, 15483, 28
351, 0, 14, 18, 13, 0, 31.00%, 0, 0, 4, 542.97, 18252, 31
384, 0, 14, 18, 13, 0, 31.00%, 0, 0, 4, 0.12, 18616, 31
419, 0, 14, 19, 14, 0, 34.00%, 0, 0, 4, 1.34, 20053, 34
455, 0, 14, 19, 14, 0, 34.00%, 0, 0, 4, 3.22, 22836, 34
486, 0, 14, 19, 14, 0, 34.00%, 0, 0, 4, 3.83, 23729, 34
491, 0, 15, 24, 18, 4, 36.00%, 0, 0, 4, 541.03, 26495, 36
522, 0, 15, 25, 19, 4, 36.00%, 0, 0, 5, 1.14, 26906, 36
527, 0, 18, 30, 22, 2, 39.00%, 0, 0, 5, 537.92, 29818, 39
557, 0, 18, 30, 22, 2, 39.00%, 0, 0, 5, 0.34, 30195, 39
591, 0, 18, 30, 22, 2, 39.00%, 0, 0, 5, 2.25, 31553, 39
596, 0, 18, 31, 23, 2, 39.00%, 0, 0, 5, 548.08, 34342, 39
625, 0, 18, 31, 23, 2, 39.00%, 0, 0, 5, 2.83, 34742, 39
656, 0, 18, 32, 24, 2, 39.00%, 0, 0, 5, 3.54, 37159, 39
664, 0, 27, 35, 25, 4, 40.00%, 0, 0, 6, 2.24, 39161, 40
680, 0, 27, 35, 25, 4, 40.00%, 0, 0, 6, 2.16, 39176, 40
712, 0, 28, 38, 26, 3, 41.00%, 0, 0, 6, 3.77, 41715, 41
717, 0, 23, 42, 27, 1, 41.00%, 0, 0, 7, 678.45, 45224, 41
739, 0, 29, 43, 28, 1, 41.00%, 0, 0, 7, 0.56, 45489, 41
747, 0, 37, 46, 30, 0, 42.00%, 0, 0, 7, 21.46, 47291, 42
761, 0, 37, 46, 30, 0, 42.00%, 0, 0, 7, 0.07, 47292, 42
773, 0, 37, 48, 32, 0, 43.00%, 0, 0, 7, 18.50, 50519, 43
788, 0, 37, 48, 32, 0, 43.00%, 0, 0, 7, 0.07, 50520, 43
793, 0, 37, 49, 33, 0, 45.00%, 0, 0, 7, 693.08, 53906, 45
801, 0, 37, 49, 33, 0, 45.00%, 0, 0, 7, 8.44, 54284, 45
816, 0, 37, 49, 33, 0, 45.00%, 0, 0, 7, 0.73, 54295, 45
836, 0, 37, 49, 33, 0, 45.00%, 0, 0, 7, 2.23, 56711, 45
841, 0, 10, 54, 35, 0, 45.00%, 0, 0, 8, 761.11, 60587, 45
863, 0, 46, 54, 35, 0, 45.00%, 0, 0, 8, 7.67, 60911, 45
892, 0, 48, 56, 37, 0, 48.00%, 0, 0, 8, 5.00, 64855, 48
897, 0, 48, 58, 39, 0, 48.00%, 0, 0, 8, 777.10, 68829, 48
915, 0, 48, 58, 39, 0, 48.00%, 0, 0, 8, 8.51, 69474, 48
933, 0, 48, 58, 39, 0, 48.00%, 0, 0, 8, 8.31, 72069, 48
946, 0, 48, 58, 39, 0, 48.00%, 0, 0, 8, 6.42, 74590, 48
953, 0, 48, 58, 39, 0, 48.00%, 0, 0, 8, 6.06, 74615, 48
958, 0, 48, 58, 39, 0, 48.00%, 0, 0, 8, 743.05, 78455, 48
968, 0, 48, 60, 41, 0, 48.00%, 0, 0, 8, 7.98, 79193, 48
973, 0, 57, 62, 42, 1, 48.00%, 0, 0, 9, 761.13, 82993, 48
980, 0, 57, 62, 42, 1, 48.00%, 0, 0, 9, 15.61, 83533, 48
990, 0, 57, 62, 42, 1, 48.00%, 0, 0, 9, 0.10, 83534, 48
1006, 0, 57, 62, 42, 1, 48.00%, 0, 0, 9, 1.33, 86595, 48
1026, 0, 26, 62, 41, 0, 48.00%, 0, 0, 9, 6.65, 90103, 48
1040, 0, 26, 62, 41, 0, 48.00%, 0, 0, 9, 13.08, 93868, 48
1045, 0, 10, 64, 43, 0, 48.00%, 0, 0, 9, 730.14, 97656, 48
1064, 0, 29, 64, 43, 0, 48.00%, 0, 0, 9, 7.63, 98139, 48
1069, 0, 55, 65, 44, 0, 48.00%, 0, 0, 9, 793.19, 102206, 48
1078, 0, 55, 65, 44, 0, 48.00%, 0, 0, 9, 0.15, 102702, 48
1096, 0, 55, 65, 44, 0, 48.00%, 0, 0, 9, 9.64, 104808, 48
1101, 0, 55, 65, 44, 0, 48.00%, 0, 0, 9, 808.63, 108857, 48
1114, 0, 55, 65, 44, 0, 48.00%, 0, 0, 9, 12.50, 109873, 48
1119, 0, 27, 66, 45, 0, 48.00%, 0, 0, 9, 761.31, 113786, 48
1129, 0, 33, 66, 45, 0, 48.00%, 0, 0, 9, 11.20, 114224, 48
1146, 0, 33, 66, 45, 0, 48.00%, 0, 0, 9, 1.17, 117314, 48
1151, 0, 33, 67, 46, 0, 48.00%, 0, 0, 9, 778.63, 121326, 48
1156, 0, 10, 67, 46, 0, 48.00%, 0, 0, 9, 820.90, 123174, 48
1170, 0, 48, 68, 47, 0, 48.00%, 0, 0, 9, 3.37, 125092, 48
1175, 0, 27, 68, 47, 0, 48.00%, 0, 0, 9, 792.14, 129054, 48
1180, 0, 55, 68, 47, 0, 48.00%, 0, 0, 9, 810.82, 131609, 48
1188, 0, 55, 68, 47, 0, 48.00%, 0, 0, 9, 18.60, 132222, 48
1193, 0, 48, 69, 48, 0, 48.00%, 0, 0, 9, 792.80, 135174, 48
1204, 0, 10, 69, 48, 0, 48.00%, 0, 0, 9, 6.84, 137866, 48
1209, 0, 57, 69, 48, 0, 48.00%, 0, 0, 9, 786.98, 141843, 48
1218, 0, 10, 69, 48, 0, 48.00%, 0, 0, 9, 23.64, 143283, 48
1223, 0, 55, 69, 48, 0, 48.00%, 0, 0, 9, 757.87, 147108, 48
1229, 0, 55, 69, 48, 0, 48.00%, 0, 0, 9, 2.46, 148499, 48
1237, 0, 48, 69, 48, 0, 48.00%, 0, 0, 9, 25.26, 151182, 48
1243, 0, 48, 69, 48, 0, 48.00%, 0, 0, 9, 762.29, 155088, 48
1248, 0, 29, 69, 48, 0, 48.00%, 0, 0, 9, 769.67, 157488, 48
1254, 0, 29, 69, 48, 0, 48.00%, 0, 0, 9, 26.95, 158330, 48
1259, 0, 42, 70, 49, 0, 48.00%, 0, 0, 9, 757.27, 162153, 48
1263, 0, 70, 72, 49, 0, 49.00%, 1, 0, 9, 0.00, 164872, 49
