# relative_time, cycles_done, cur_item, corpus_count, pending_total, pending_favs, map_size, saved_crashes, saved_hangs, max_depth, execs_per_sec, total_execs, edges_found
77, 0, 0, 9, 8, 0, 30.77%, 0, 0, 2, 0.04, 1604, 28
77, 0, 0, 9, 8, 0, 30.77%, 0, 0, 2, 245.00, 1654, 28
89, 0, 0, 12, 11, 0, 31.87%, 0, 0, 2, 3.48, 2773, 29
121, 0, 0, 12, 11, 0, 31.87%, 0, 0, 2, 0.06, 2775, 29
127, 0, 0, 13, 12, 0, 31.87%, 0, 0, 2, 340.05, 3501, 29
175, 0, 0, 13, 12, 0, 31.87%, 0, 0, 2, 0.40, 4653, 29
180, 0, 0, 13, 12, 0, 31.87%, 0, 0, 2, 352.62, 6461, 29
214, 0, 0, 13, 12, 0, 31.87%, 0, 0, 2, 0.42, 6706, 29
221, 0, 0, 13, 12, 0, 31.87%, 0, 0, 2, 0.42, 6709, 29
263, 0, 8, 13, 11, 2, 31.87%, 0, 0, 2, 0.03, 7662, 29
268, 0, 13, 16, 11, 0, 35.16%, 0, 0, 4, 377.30, 9594, 32
306, 0, 13, 16, 11, 0, 35.16%, 0, 0, 4, 0.19, 9699, 32
345, 0, 13, 17, 12, 0, 35.16%, 0, 0, 4, 0.19, 11010, 32
350, 0, 14, 17, 10, 0, 35.16%, 0, 0, 4, 347.45, 12733, 32
383, 0, 14, 17, 10, 0, 35.16%, 0, 0, 4, 1.73, 13030, 32
419, 0, 13, 17, 10, 0, 35.16%, 0, 0, 4, 0.24, 13946, 32
454, 0, 14, 17, 10, 0, 35.16%, 0, 0, 4, 1.14, 15757, 32
462, 0, 8, 18, 11, 0, 35.16%, 0, 0, 5, 12.08, 16308, 32
486, 0, 8, 18, 11, 0, 35.16%, 0, 0, 5, 0.46, 16319, 32
491, 0, 14, 18, 11, 0, 35.16%, 0, 0, 5, 360.08, 18123, 32
521, 0, 14, 18, 11, 0, 35.16%, 0, 0, 5, 1.41, 18422, 32
526, 0, 14, 20, 13, 0, 35.16%, 0, 0, 5, 380.52, 20379, 32
556, 0, 14, 20, 13, 0, 35.16%, 0, 0, 5, 2.59, 20679, 32
591, 1, 11, 20, 13, 0, 35.16%, 0, 0, 5, 1.31, 21618, 32
596, 1, 11, 22, 13, 0, 38.46%, 0, 0, 6, 376.55, 23528, 35
625, 1, 11, 22, 13, 0, 38.46%, 0, 0, 6, 2.30, 23854, 35
656, 1, 24, 32, 22, 0, 41.76%, 0, 0, 6, 2.62, 25445, 38
664, 1, 24, 37, 27, 0, 41.76%, 0, 0, 6, 2.97, 26776, 38
679, 1, 24, 37, 27, 0, 41.76%, 0, 0, 6, 0.46, 26783, 38
712, 1, 24, 38, 28, 0, 41.76%, 0, 0, 6, 1.96, 28407, 38
717, 1, 24, 38, 28, 0, 41.76%, 0, 0, 6, 414.59, 30495, 38
739, 1, 24, 38, 28, 0, 41.76%, 0, 0, 6, 0.32, 30688, 38
747, 1, 24, 38, 28, 0, 41.76%, 0, 0, 6, 10.15, 31711, 38
761, 1, 24, 38, 28, 0, 41.76%, 0, 0, 6, 0.14, 31713, 38
787, 1, 24, 41, 31, 0, 41.76%, 0, 0, 6, 0.96, 33595, 38
792, 1, 31, 45, 34, 1, 41.76%, 0, 0, 6, 428.51, 35719, 38
816, 1, 31, 45, 34, 1, 41.76%, 0, 0, 6, 1.40, 35943, 38
836, 1, 31, 45, 34, 1, 41.76%, 0, 0, 6, 1.35, 37433, 38
841, 1, 29, 48, 36, 0, 41.76%, 0, 0, 6, 504.27, 39934, 38
863, 1, 29, 48, 36, 0, 41.76%, 0, 0, 6, 4.65, 40134, 38
891, 1, 29, 51, 39, 0, 42.86%, 0, 0, 6, 1.67, 42605, 39
897, 1, 29, 51, 39, 0, 42.86%, 0, 0, 6, 465.07, 44947, 39
915, 1, 29, 51, 39, 0, 42.86%, 0, 0, 6, 1.04, 45361, 39
920, 1, 29, 54, 42, 0, 43.96%, 0, 0, 6, 44.96, 47042, 40
932, 1, 29, 54, 42, 0, 43.96%, 0, 0, 6, 0.08, 47043, 40
946, 1, 29, 54, 42, 0, 43.96%, 0, 0, 6, 3.58, 48604, 40
953, 1, 29, 54, 42, 0, 43.96%, 0, 0, 6, 3.48, 48618, 40
958, 1, 29, 55, 43, 0, 43.96%, 0, 0, 6, 496.45, 51172, 40
968, 1, 29, 56, 44, 0, 43.96%, 0, 0, 6, 0.19, 51663, 40
973, 1, 14, 58, 43, 0, 43.96%, 0, 0, 6, 574.63, 54579, 40
990, 1, 14, 58, 43, 0, 43.96%, 0, 0, 6, 4.43, 55015, 40
1005, 1, 57, 60, 45, 0, 43.96%, 0, 0, 7, 2.12, 57526, 40
1026, 1, 57, 60, 45, 0, 43.96%, 0, 0, 7, 3.43, 60392, 40
1040, 1, 57, 60, 44, 0, 43.96%, 0, 0, 7, 4.63, 63460, 40
1045, 1, 48, 60, 44, 0, 43.96%, 0, 0, 7, 612.09, 66582, 40
1063, 1, 46, 60, 44, 0, 43.96%, 0, 0, 7, 5.24, 66949, 40
1069, 1, 45, 60, 43, 0, 43.96%, 0, 0, 7, 641.96, 70290, 40
1077, 1, 57, 60, 42, 0, 43.96%, 0, 0, 7, 15.50, 70696, 40
1096, 1, 60, 63, 44, 0, 45.05%, 0, 0, 8, 4.76, 72400, 41
1101, 1, 60, 63, 44, 0, 45.05%, 0, 0, 8, 697.10, 75847, 41
1114, 1, 60, 63, 44, 0, 45.05%, 0, 0, 8, 6.84, 76757, 41
1119, 1, 60, 63, 44, 0, 45.05%, 0, 0, 8, 706.13, 80331, 41
1129, 1, 60, 63, 44, 0, 45.05%, 0, 0, 8, 13.38, 80765, 41
1146, 1, 60, 64, 45, 0, 45.05%, 0, 0, 8, 8.66, 83593, 41
1151, 1, 60, 65, 46, 0, 45.05%, 0, 0, 8, 698.87, 87057, 41
1156, 1, 13, 66, 47, 0, 45.05%, 0, 0, 8, 769.55, 88718, 41
1170, 1, 61, 67, 48, 0, 45.05%, 0, 0, 9, 6.27, 90621, 41
1175, 1, 66, 68, 48, 0, 45.05%, 0, 0, 10, 706.26, 94245, 41
1180, 1, 66, 68, 48, 0, 45.05%, 0, 0, 10, 728.06, 96591, 41
1189, 1, 59, 68, 47, 0, 45.05%, 0, 0, 10, 15.09, 97151, 41
1194, 1, 15, 68, 46, 0, 45.05%, 0, 0, 10, 735.77, 100821, 41
1204, 1, 31, 68, 46, 0, 45.05%, 0, 0, 10, 3.49, 102305, 41
1209, 1, 63, 68, 46, 0, 45.05%, 0, 0, 10, 711.90, 105904, 41
1218, 1, 60, 68, 45, 0, 45.05%, 0, 0, 10, 1.95, 107226, 41
1223, 2, 36, 72, 48, 0, 45.05%, 0, 0, 10, 707.77, 110794, 41
1229, 2, 60, 75, 50, 0, 45.05%, 0, 0, 10, 2.16, 112018, 41
1237, 2, 60, 77, 52, 0, 45.05%, 0, 0, 10, 18.69, 114592, 41
1242, 2, 76, 82, 57, 0, 45.05%, 0, 0, 10, 677.31, 118182, 41
1247, 2, 69, 82, 56, 0, 45.05%, 0, 0, 10, 693.90, 120249, 41
1253, 2, 69, 82, 56, 0, 45.05%, 0, 0, 10, 17.38, 120598, 41
1258, 2, 82, 84, 56, 0, 45.05%, 0, 0, 10, 729.43, 123308, 41
1263, 2, 31, 85, 55, 0, 45.05%, 0, 0, 10, 703.17, 126834, 41
1269, 2, 62, 86, 56, 0, 45.05%, 0, 0, 10, 25.70, 127567, 41
1275, 2, 77, 87, 56, 0, 45.05%, 0, 0, 10, 721.13, 131193, 41
1284, 2, 15, 87, 54, 0, 45.05%, 0, 0, 10, 22.94, 133961, 41
1289, 2, 13, 89, 54, 0, 45.05%, 0, 0, 10, 754.16, 137640, 41
1294, 2, 29, 89, 53, 0, 45.05%, 0, 0, 10, 758.73, 141421, 41
1300, 2, 29, 89, 53, 0, 45.05%, 0, 0, 10, 2.71, 142423, 41
1305, 2, 79, 89, 52, 0, 45.05%, 0, 0, 10, 747.75, 146211, 41
1310, 2, 60, 90, 50, 0, 45.05%, 0, 0, 10, 753.88, 149979, 41
1315, 2, 90, 92, 52, 0, 45.05%, 0, 0, 10, 758.85, 153969, 41
1320, 2, 75, 92, 51, 0, 45.05%, 0, 0, 10, 691.62, 157433, 41
1325, 3, 29, 93, 50, 0, 45.05%, 0, 0, 10, 721.38, 161076, 41
1331, 3, 14, 93, 49, 0, 45.05%, 0, 0, 10, 756.76, 165032, 41
1338, 3, 14, 93, 48, 0, 45.05%, 0, 0, 10, 32.38, 168060, 41
1343, 3, 60, 93, 48, 0, 45.05%, 0, 0, 10, 773.79, 172005, 41
1348, 3, 60, 93, 48, 0, 45.05%, 0, 0, 10, 764.47, 176023, 41
1354, 3, 29, 93, 48, 0, 45.05%, 0, 0, 10, 771.53, 180079, 41
1359, 3, 15, 93, 48, 0, 45.05%, 0, 0, 10, 752.33, 183950, 41
1364, 3, 14, 94, 49, 0, 45.05%, 0, 0, 10, 720.37, 187622, 41
1369, 3, 29, 94, 47, 0, 45.05%, 0, 0, 10, 713.61, 191109, 41
1374, 3, 60, 94, 46, 0, 45.05%, 0, 0, 10, 751.29, 195117, 41
1379, 3, 60, 94, 46, 0, 45.05%, 0, 0, 10, 750.65, 198911, 41
1384, 3, 67, 94, 45, 0, 45.05%, 0, 0, 10, 781.88, 202879, 41
1389, 4, 60, 94, 42, 0, 45.05%, 0, 0, 10, 772.24, 206796, 41
1395, 4, 29, 94, 41, 0, 45.05%, 0, 0, 10, 782.29, 210824, 41
1400, 4, 88, 94, 40, 0, 45.05%, 0, 0, 10, 693.27, 214316, 41
1405, 4, 60, 95, 40, 0, 45.05%, 0, 0, 10, 738.98, 218021, 41
1410, 4, 73, 95, 40, 0, 45.05%, 0, 0, 10, 750.05, 221673, 41
1415, 4, 29, 95, 39, 0, 45.05%, 0, 0, 10, 793.70, 224754, 41
1420, 4, 60, 95, 36, 0, 45.05%, 0, 0, 10, 795.65, 228836, 41
1425, 4, 31, 95, 36, 0, 45.05%, 0, 0, 10, 784.44, 232786, 41
1430, 4, 60, 95, 35, 0, 45.05%, 0, 0, 10, 771.68, 236699, 41
1435, 4, 13, 95, 34, 0, 45.05%, 0, 0, 10, 731.08, 240386, 41
1440, 5, 29, 95, 33, 0, 45.05%, 0, 0, 10, 766.47, 244257, 41
1446, 5, 29, 95, 31, 0, 45.05%, 0, 0, 10, 779.90, 248339, 41
1451, 5, 14, 95, 31, 0, 45.05%, 0, 0, 10, 777.11, 252180, 41
1456, 5, 29, 95, 30, 0, 45.05%, 0, 0, 10, 791.12, 256300, 41
1461, 5, 60, 95, 30, 0, 45.05%, 0, 0, 10, 799.09, 260305, 41
1466, 5, 13, 95, 30, 0, 45.05%, 0, 0, 10, 783.94, 264364, 41
1471, 5, 2, 95, 28, 0, 45.05%, 0, 0, 10, 798.01, 268534, 41
1476, 5, 15, 95, 27, 0, 45.05%, 0, 0, 10, 797.40, 272561, 41
1481, 5, 29, 95, 26, 0, 45.05%, 0, 0, 10, 774.29, 276557, 41
1487, 5, 31, 95, 26, 0, 45.05%, 0, 0, 10, 793.74, 280579, 41
1492, 5, 15, 96, 27, 0, 45.05%, 0, 0, 10, 793.53, 284552, 41
1497, 6, 31, 97, 27, 0, 45.05%, 0, 0, 10, 780.19, 288362, 41
1502, 6, 14, 97, 27, 0, 45.05%, 0, 0, 10, 799.14, 292480, 41
1507, 6, 60, 97, 26, 0, 45.05%, 0, 0, 10, 777.14, 296315, 41
1512, 6, 2, 97, 26, 0, 45.05%, 0, 0, 10, 802.00, 300320, 41
1517, 6, 15, 97, 26, 0, 45.05%, 0, 0, 10, 789.56, 304275, 41
1522, 6, 95, 97, 26, 0, 45.05%, 0, 0, 10, 274.15, 306878, 41
1527, 6, 11, 97, 25, 0, 45.05%, 0, 0, 10, 632.87, 310222, 41
1532, 6, 11, 97, 25, 0, 45.05%, 0, 0, 10, 755.02, 314112, 41
1537, 6, 2, 97, 25, 0, 45.05%, 0, 0, 10, 794.17, 318129, 41
1542, 6, 62, 97, 24, 0, 45.05%, 0, 0, 10, 810.08, 322136, 41
1547, 6, 60, 97, 23, 0, 45.05%, 0, 0, 10, 815.14, 326216, 41
1552, 6, 29, 97, 22, 0, 45.05%, 0, 0, 10, 796.63, 330107, 41
1558, 7, 60, 97, 22, 0, 45.05%, 0, 0, 10, 821.72, 334341, 41
1563, 7, 11, 97, 22, 0, 45.05%, 0, 0, 10, 832.85, 338532, 41
1568, 7, 31, 97, 22, 0, 45.05%, 0, 0, 10, 833.05, 342885, 41
1573, 7, 24, 97, 22, 0, 45.05%, 0, 0, 10, 807.74, 347070, 41
1578, 7, 54, 97, 22, 0, 45.05%, 0, 0, 10, 824.44, 351086, 41
1583, 7, 15, 97, 20, 0, 45.05%, 0, 0, 10, 827.55, 355305, 41
1588, 7, 29, 97, 19, 0, 45.05%, 0, 0, 10, 803.64, 359315, 41
1593, 7, 29, 97, 19, 0, 45.05%, 0, 0, 10, 794.24, 363456, 41
1598, 7, 14, 97, 19, 0, 45.05%, 0, 0, 10, 785.44, 367378, 41
1603, 7, 24, 97, 18, 0, 45.05%, 0, 0, 10, 774.39, 371301, 41
1609, 8, 60, 97, 18, 0, 45.05%, 0, 0, 10, 761.82, 375266, 41
1614, 8, 29, 97, 18, 0, 45.05%, 0, 0, 10, 757.96, 379181, 41
1619, 8, 31, 97, 18, 0, 45.05%, 0, 0, 10, 676.74, 382688, 41
1624, 8, 60, 97, 17, 0, 45.05%, 0, 0, 10, 732.52, 386484, 41
1629, 8, 14, 97, 16, 0, 45.05%, 0, 0, 10, 730.67, 390274, 41
1634, 8, 24, 97, 16, 0, 45.05%, 0, 0, 10, 761.73, 394097, 41
1639, 8, 60, 98, 17, 0, 45.05%, 0, 0, 10, 727.53, 397747, 41
1644, 8, 31, 98, 17, 0, 45.05%, 0, 0, 10, 709.75, 401351, 41
1649, 8, 60, 98, 17, 0, 45.05%, 0, 0, 10, 724.73, 405007, 41
1654, 8, 60, 98, 16, 0, 45.05%, 0, 0, 10, 685.26, 408470, 41
1660, 9, 44, 98, 16, 0, 45.05%, 0, 0, 10, 720.87, 412228, 41
1665, 9, 29, 98, 15, 0, 45.05%, 0, 0, 10, 810.56, 415484, 41
1670, 9, 29, 98, 15, 0, 45.05%, 0, 0, 10, 750.87, 419176, 41
1675, 9, 60, 98, 15, 0, 45.05%, 0, 0, 10, 721.54, 422765, 41
1680, 9, 2, 98, 14, 0, 45.05%, 0, 0, 10, 718.81, 426443, 41
1685, 9, 29, 98, 14, 0, 45.05%, 0, 0, 10, 734.21, 430138, 41
1690, 9, 71, 98, 14, 0, 45.05%, 0, 0, 10, 716.99, 433821, 41
1695, 9, 14, 98, 13, 0, 45.05%, 0, 0, 10, 711.74, 437333, 41
1700, 9, 31, 98, 13, 0, 45.05%, 0, 0, 10, 729.70, 440987, 41
1705, 9, 31, 98, 13, 0, 45.05%, 0, 0, 10, 763.91, 444869, 41
1710, 9, 15, 98, 12, 0, 45.05%, 0, 0, 10, 753.90, 448605, 41
1715, 10, 29, 98, 12, 0, 45.05%, 0, 0, 10, 767.83, 452448, 41
1720, 10, 13, 98, 11, 0, 45.05%, 0, 0, 10, 771.34, 456395, 41
1725, 10, 31, 98, 11, 0, 45.05%, 0, 0, 10, 812.82, 460192, 41
1731, 10, 15, 98, 11, 0, 45.05%, 0, 0, 10, 777.93, 464166, 41
1736, 10, 13, 98, 11, 0, 45.05%, 0, 0, 10, 760.16, 467951, 41
1741, 10, 29, 98, 11, 0, 45.05%, 0, 0, 10, 778.20, 471856, 41
1746, 10, 31, 98, 11, 0, 45.05%, 0, 0, 10, 731.19, 475566, 41
1751, 10, 60, 98, 10, 0, 45.05%, 0, 0, 10, 731.28, 479200, 41
1756, 10, 15, 98, 10, 0, 45.05%, 0, 0, 10, 733.74, 482827, 41
1761, 10, 60, 98, 10, 0, 45.05%, 0, 0, 10, 707.45, 486357, 41
1766, 11, 60, 98, 10, 0, 45.05%, 0, 0, 10, 722.97, 490043, 41
1771, 11, 14, 98, 10, 0, 45.05%, 0, 0, 10, 724.67, 493640, 41
1776, 11, 29, 98, 10, 0, 45.05%, 0, 0, 10, 725.03, 497408, 41
1781, 11, 60, 98, 10, 0, 45.05%, 0, 0, 10, 708.25, 500934, 41
1786, 11, 29, 98, 10, 0, 45.05%, 0, 0, 10, 722.16, 504687, 41
1791, 11, 60, 98, 10, 0, 45.05%, 0, 0, 10, 757.47, 508642, 41
1796, 11, 31, 98, 10, 0, 45.05%, 0, 0, 10, 751.92, 512436, 41
1801, 11, 15, 98, 10, 0, 45.05%, 0, 0, 10, 739.30, 516076, 41
1806, 11, 11, 98, 10, 0, 45.05%, 0, 0, 10, 757.55, 519817, 41
1812, 11, 60, 98, 10, 0, 45.05%, 0, 0, 10, 794.02, 523877, 41
1817, 11, 60, 98, 10, 0, 45.05%, 0, 0, 10, 791.24, 527985, 41
1822, 11, 60, 98, 10, 0, 45.05%, 0, 0, 10, 796.52, 531973, 41
1827, 12, 29, 98, 10, 0, 45.05%, 0, 0, 10, 736.24, 535573, 41
1832, 12, 29, 98, 10, 0, 45.05%, 0, 0, 10, 737.08, 539226, 41
1837, 12, 13, 98, 10, 0, 45.05%, 0, 0, 10, 716.34, 542842, 41
1842, 12, 60, 98, 10, 0, 45.05%, 0, 0, 10, 719.88, 546345, 41
1847, 12, 60, 98, 10, 0, 45.05%, 0, 0, 10, 737.46, 550041, 41
1852, 12, 70, 98, 10, 0, 45.05%, 0, 0, 10, 720.39, 553678, 41
1857, 12, 11, 98, 10, 0, 45.05%, 0, 0, 10, 738.25, 557374, 41
1862, 12, 94, 98, 10, 0, 45.05%, 0, 0, 10, 625.31, 560604, 41
1867, 12, 60, 98, 9, 0, 45.05%, 0, 0, 10, 701.43, 564152, 41
1873, 12, 11, 98, 9, 0, 45.05%, 0, 0, 10, 742.65, 568033, 41
1878, 13, 31, 98, 9, 0, 45.05%, 0, 0, 10, 732.66, 571685, 41
1883, 13, 60, 98, 8, 0, 45.05%, 0, 0, 10, 677.42, 575063, 41
1888, 13, 29, 98, 8, 0, 45.05%, 0, 0, 10, 749.23, 578860, 41
1893, 13, 60, 98, 8, 0, 45.05%, 0, 0, 10, 713.10, 582618, 41
1898, 13, 60, 98, 8, 0, 45.05%, 0, 0, 10, 718.40, 586432, 41
1903, 13, 15, 98, 8, 0, 45.05%, 0, 0, 10, 696.78, 590088, 41
1908, 13, 60, 98, 8, 0, 45.05%, 0, 0, 10, 706.42, 593660, 41
1913, 13, 60, 98, 8, 0, 45.05%, 0, 0, 10, 693.83, 597194, 41
1919, 13, 29, 98, 7, 0, 45.05%, 0, 0, 10, 714.82, 600957, 41
1924, 13, 60, 98, 7, 0, 45.05%, 0, 0, 10, 728.58, 604828, 41
1929, 14, 60, 98, 7, 0, 45.05%, 0, 0, 10, 712.15, 608507, 41
1934, 14, 14, 99, 8, 0, 45.05%, 0, 0, 10, 703.44, 612087, 41
1939, 14, 29, 99, 8, 0, 45.05%, 0, 0, 10, 717.06, 615881, 41
1944, 14, 60, 99, 8, 0, 45.05%, 0, 0, 10, 726.94, 619611, 41
1949, 14, 13, 99, 8, 0, 45.05%, 0, 0, 10, 726.76, 623236, 41
1954, 14, 29, 99, 8, 0, 45.05%, 0, 0, 10, 680.91, 626681, 41
1959, 14, 60, 99, 8, 0, 45.05%, 0, 0, 10, 718.80, 630357, 41
1965, 14, 60, 99, 8, 0, 45.05%, 0, 0, 10, 723.85, 634168, 41
1970, 14, 31, 99, 8, 0, 45.05%, 0, 0, 10, 728.93, 637884, 41
1975, 14, 29, 99, 8, 0, 45.05%, 0, 0, 10, 726.13, 641577, 41
1980, 15, 60, 99, 8, 0, 45.05%, 0, 0, 10, 699.94, 645101, 41
1985, 15, 60, 99, 8, 0, 45.05%, 0, 0, 10, 698.26, 648672, 41
1990, 15, 14, 99, 8, 0, 45.05%, 0, 0, 10, 865.84, 652132, 41
1995, 15, 29, 99, 8, 0, 45.05%, 0, 0, 10, 814.34, 656372, 41
2000, 15, 11, 99, 8, 0, 45.05%, 0, 0, 10, 815.70, 660502, 41
2005, 15, 29, 99, 8, 0, 45.05%, 0, 0, 10, 814.10, 664759, 41
2010, 15, 98, 99, 8, 0, 45.05%, 0, 0, 10, 702.78, 668465, 41
2015, 15, 98, 99, 8, 0, 45.05%, 0, 0, 10, 477.98, 670585, 41
2021, 15, 15, 99, 7, 0, 45.05%, 0, 0, 10, 737.32, 674489, 41
2026, 15, 60, 99, 7, 0, 45.05%, 0, 0, 10, 818.56, 678682, 41
2031, 15, 15, 99, 7, 0, 45.05%, 0, 0, 10, 835.34, 683066, 41
2036, 15, 60, 99, 7, 0, 45.05%, 0, 0, 10, 817.54, 687215, 41
2041, 16, 60, 99, 7, 0, 45.05%, 0, 0, 10, 827.95, 691530, 41
2046, 16, 31, 99, 7, 0, 45.05%, 0, 0, 10, 813.26, 695733, 41
2051, 16, 2, 99, 7, 0, 45.05%, 0, 0, 10, 823.22, 699854, 41
2056, 16, 60, 99, 7, 0, 45.05%, 0, 0, 10, 841.46, 704217, 41
2062, 16, 31, 99, 7, 0, 45.05%, 0, 0, 10, 838.81, 708554, 41
2067, 16, 60, 99, 7, 0, 45.05%, 0, 0, 10, 817.70, 712691, 41
2072, 16, 29, 99, 7, 0, 45.05%, 0, 0, 10, 808.11, 716852, 41
2077, 16, 60, 99, 7, 0, 45.05%, 0, 0, 10, 797.40, 720845, 41
2082, 16, 15, 99, 6, 0, 45.05%, 0, 0, 10, 772.79, 724572, 41
2087, 16, 60, 99, 6, 0, 45.05%, 0, 0, 10, 838.74, 728966, 41
2092, 17, 31, 99, 6, 0, 45.05%, 0, 0, 10, 832.80, 733146, 41
2097, 17, 31, 99, 6, 0, 45.05%, 0, 0, 10, 843.81, 737324, 41
2102, 17, 29, 99, 6, 0, 45.05%, 0, 0, 10, 828.44, 741437, 41
2107, 17, 14, 99, 6, 0, 45.05%, 0, 0, 10, 816.35, 745482, 41
2112, 17, 2, 99, 6, 0, 45.05%, 0, 0, 10, 828.75, 749765, 41
2118, 17, 60, 99, 6, 0, 45.05%, 0, 0, 10, 837.83, 753941, 41
2123, 17, 14, 99, 6, 0, 45.05%, 0, 0, 10, 838.62, 758103, 41
2128, 17, 13, 99, 6, 0, 45.05%, 0, 0, 10, 841.47, 762460, 41
2133, 17, 31, 99, 6, 0, 45.05%, 0, 0, 10, 822.40, 766722, 41
2138, 18, 96, 99, 6, 0, 45.05%, 0, 0, 10, 648.52, 770177, 41
2143, 18, 11, 99, 5, 0, 45.05%, 0, 0, 10, 492.07, 772200, 41
2148, 18, 60, 99, 5, 0, 45.05%, 0, 0, 10, 752.31, 776504, 41
2153, 18, 29, 99, 5, 0, 45.05%, 0, 0, 10, 793.20, 780634, 41
2159, 18, 60, 99, 5, 0, 45.05%, 0, 0, 10, 805.60, 784905, 41
2164, 18, 60, 99, 5, 0, 45.05%, 0, 0, 10, 812.62, 789023, 41
2169, 18, 2, 99, 5, 0, 45.05%, 0, 0, 10, 825.86, 793185, 41
2174, 18, 29, 99, 5, 0, 45.05%, 0, 0, 10, 811.29, 797450, 41
2179, 18, 2, 99, 5, 0, 45.05%, 0, 0, 10, 831.79, 801555, 41
2184, 18, 31, 99, 5, 0, 45.05%, 0, 0, 10, 808.15, 805587, 41
2189, 19, 14, 99, 5, 0, 45.05%, 0, 0, 10, 822.08, 809875, 41
2194, 19, 29, 99, 5, 0, 45.05%, 0, 0, 10, 832.42, 814222, 41
2199, 19, 15, 99, 5, 0, 45.05%, 0, 0, 10, 813.67, 818369, 41
2204, 19, 13, 99, 5, 0, 45.05%, 0, 0, 10, 772.01, 822343, 41
2209, 19, 60, 99, 5, 0, 45.05%, 0, 0, 10, 777.10, 826407, 41
2215, 19, 29, 99, 5, 0, 45.05%, 0, 0, 10, 792.46, 830494, 41
2220, 19, 13, 99, 5, 0, 45.05%, 0, 0, 10, 848.00, 834867, 41
2225, 19, 14, 99, 4, 0, 45.05%, 0, 0, 10, 847.01, 839219, 41
2230, 19, 15, 99, 4, 0, 45.05%, 0, 0, 10, 821.90, 843430, 41
2235, 19, 29, 99, 4, 0, 45.05%, 0, 0, 10, 830.58, 847690, 41
2240, 20, 14, 99, 4, 0, 45.05%, 0, 0, 10, 827.37, 851883, 41
2245, 20, 60, 99, 4, 0, 45.05%, 0, 0, 10, 802.74, 855955, 41
2250, 20, 60, 99, 4, 0, 45.05%, 0, 0, 10, 801.59, 860148, 41
2255, 20, 29, 99, 4, 0, 45.05%, 0, 0, 10, 828.82, 864312, 41
2261, 20, 60, 99, 4, 0, 45.05%, 0, 0, 10, 830.41, 868623, 41
2266, 20, 14, 99, 4, 0, 45.05%, 0, 0, 10, 823.02, 872826, 41
2271, 20, 2, 99, 3, 0, 45.05%, 0, 0, 10, 827.79, 877088, 41
2276, 20, 60, 99, 3, 0, 45.05%, 0, 0, 10, 850.42, 881372, 41
2281, 20, 60, 99, 3, 0, 45.05%, 0, 0, 10, 834.97, 885541, 41
2286, 21, 31, 99, 3, 0, 45.05%, 0, 0, 10, 797.11, 889520, 41
2291, 21, 60, 99, 3, 0, 45.05%, 0, 0, 10, 818.89, 893637, 41
2296, 21, 60, 99, 3, 0, 45.05%, 0, 0, 10, 826.25, 897754, 41
2301, 21, 60, 99, 3, 0, 45.05%, 0, 0, 10, 826.81, 902053, 41
2307, 21, 60, 99, 3, 0, 45.05%, 0, 0, 10, 790.10, 906075, 41
2312, 21, 31, 99, 3, 0, 45.05%, 0, 0, 10, 806.97, 910098, 41
2317, 21, 29, 99, 3, 0, 45.05%, 0, 0, 10, 825.69, 914353, 41
2322, 21, 29, 99, 3, 0, 45.05%, 0, 0, 10, 840.14, 918679, 41
2327, 21, 29, 99, 3, 0, 45.05%, 0, 0, 10, 823.52, 922943, 41
2332, 21, 60, 99, 3, 0, 45.05%, 0, 0, 10, 812.16, 927033, 41
2337, 22, 19, 99, 3, 0, 45.05%, 0, 0, 10, 815.63, 931136, 41
2342, 22, 11, 99, 3, 0, 45.05%, 0, 0, 10, 831.54, 935414, 41
2348, 22, 14, 99, 3, 0, 45.05%, 0, 0, 10, 829.15, 939731, 41
2353, 22, 60, 99, 3, 0, 45.05%, 0, 0, 10, 828.11, 944063, 41
2358, 22, 60, 99, 3, 0, 45.05%, 0, 0, 10, 843.00, 948469, 41
2363, 22, 29, 99, 3, 0, 45.05%, 0, 0, 10, 821.62, 952702, 41
2368, 22, 60, 99, 3, 0, 45.05%, 0, 0, 10, 824.08, 956795, 41
2373, 22, 60, 99, 3, 0, 45.05%, 0, 0, 10, 835.15, 960996, 41
2378, 22, 60, 99, 3, 0, 45.05%, 0, 0, 10, 843.14, 965342, 41
2383, 23, 60, 99, 3, 0, 45.05%, 0, 0, 10, 842.95, 969562, 41
2388, 23, 60, 99, 3, 0, 45.05%, 0, 0, 10, 829.13, 973760, 41
2394, 23, 60, 99, 3, 0, 45.05%, 0, 0, 10, 847.35, 978156, 41
2399, 23, 31, 99, 3, 0, 45.05%, 0, 0, 10, 830.75, 982397, 41
2404, 23, 31, 99, 3, 0, 45.05%, 0, 0, 10, 834.69, 986534, 41
2409, 23, 29, 99, 3, 0, 45.05%, 0, 0, 10, 848.31, 990897, 41
2414, 23, 29, 99, 3, 0, 45.05%, 0, 0, 10, 841.89, 995220, 41
2419, 23, 60, 99, 3, 0, 45.05%, 0, 0, 10, 820.86, 999288, 41
2424, 23, 60, 99, 3, 0, 45.05%, 0, 0, 10, 839.62, 1003635, 41
2429, 24, 60, 99, 3, 0, 45.05%, 0, 0, 10, 829.47, 1007778, 41
2434, 24, 60, 99, 3, 0, 45.05%, 0, 0, 10, 862.73, 1012142, 41
2440, 24, 13, 99, 3, 0, 45.05%, 0, 0, 10, 840.64, 1016475, 41
2445, 24, 14, 99, 3, 0, 45.05%, 0, 0, 10, 825.72, 1020729, 41
2450, 24, 24, 99, 3, 0, 45.05%, 0, 0, 10, 834.96, 1024939, 41
2455, 24, 60, 99, 3, 0, 45.05%, 0, 0, 10, 836.98, 1029079, 41
2460, 24, 60, 99, 3, 0, 45.05%, 0, 0, 10, 839.30, 1033243, 41
2465, 24, 15, 99, 3, 0, 45.05%, 0, 0, 10, 847.61, 1037471, 41
2470, 24, 29, 99, 3, 0, 45.05%, 0, 0, 10, 845.11, 1041837, 41
2475, 24, 15, 99, 3, 0, 45.05%, 0, 0, 10, 835.58, 1046086, 41
2480, 25, 60, 99, 3, 0, 45.05%, 0, 0, 10, 842.31, 1050294, 41
2485, 25, 60, 99, 3, 0, 45.05%, 0, 0, 10, 837.98, 1054475, 41
2490, 25, 24, 99, 3, 0, 45.05%, 0, 0, 10, 851.09, 1058763, 41
2495, 25, 13, 99, 3, 0, 45.05%, 0, 0, 10, 813.65, 1062758, 41
2500, 25, 24, 99, 3, 0, 45.05%, 0, 0, 10, 819.80, 1066917, 41
2506, 25, 60, 99, 3, 0, 45.05%, 0, 0, 10, 832.78, 1071215, 41
2511, 25, 60, 99, 3, 0, 45.05%, 0, 0, 10, 822.23, 1075297, 41
2516, 25, 29, 99, 3, 0, 45.05%, 0, 0, 10, 818.38, 1079524, 41
2521, 26, 60, 99, 3, 0, 45.05%, 0, 0, 10, 816.76, 1083702, 41
2526, 26, 60, 99, 3, 0, 45.05%, 0, 0, 10, 828.28, 1088061, 41
2531, 26, 15, 99, 3, 0, 45.05%, 0, 0, 10, 825.52, 1092289, 41
2536, 26, 2, 99, 3, 0, 45.05%, 0, 0, 10, 842.61, 1096655, 41
2541, 26, 11, 99, 3, 0, 45.05%, 0, 0, 10, 813.80, 1100741, 41
2546, 26, 14, 99, 3, 0, 45.05%, 0, 0, 10, 814.99, 1104972, 41
2552, 26, 81, 99, 3, 0, 45.05%, 0, 0, 10, 818.17, 1109254, 41
2557, 26, 31, 99, 3, 0, 45.05%, 0, 0, 10, 794.46, 1113400, 41
2562, 26, 60, 99, 3, 0, 45.05%, 0, 0, 10, 809.27, 1117633, 41
2567, 26, 29, 99, 3, 0, 45.05%, 0, 0, 10, 826.80, 1121826, 41
2572, 27, 13, 99, 3, 0, 45.05%, 0, 0, 10, 835.77, 1126157, 41
2577, 27, 13, 99, 3, 0, 45.05%, 0, 0, 10, 839.86, 1130489, 41
2582, 27, 15, 99, 3, 0, 45.05%, 0, 0, 10, 849.18, 1134736, 41
2587, 27, 31, 99, 3, 0, 45.05%, 0, 0, 10, 835.14, 1138930, 41
2593, 27, 14, 99, 3, 0, 45.05%, 0, 0, 10, 798.40, 1143089, 41
2598, 27, 15, 99, 3, 0, 45.05%, 0, 0, 10, 822.46, 1147471, 41
2603, 27, 60, 99, 3, 0, 45.05%, 0, 0, 10, 841.51, 1151723, 41
2608, 27, 60, 99, 3, 0, 45.05%, 0, 0, 10, 845.41, 1156094, 41
2613, 27, 60, 99, 3, 0, 45.05%, 0, 0, 10, 847.55, 1160492, 41
2618, 27, 60, 99, 3, 0, 45.05%, 0, 0, 10, 834.07, 1164767, 41
2623, 28, 24, 99, 3, 0, 45.05%, 0, 0, 10, 846.19, 1169020, 41
2628, 28, 60, 99, 3, 0, 45.05%, 0, 0, 10, 835.10, 1173229, 41
2633, 28, 29, 99, 3, 0, 45.05%, 0, 0, 10, 819.92, 1177281, 41
2638, 28, 31, 99, 3, 0, 45.05%, 0, 0, 10, 829.15, 1181452, 41
2644, 28, 2, 99, 3, 0, 45.05%, 0, 0, 10, 844.73, 1185794, 41
2649, 28, 13, 99, 3, 0, 45.05%, 0, 0, 10, 839.41, 1189981, 41
2654, 28, 60, 99, 3, 0, 45.05%, 0, 0, 10, 843.14, 1194164, 41
2659, 28, 60, 99, 3, 0, 45.05%, 0, 0, 10, 847.31, 1198509, 41
2664, 28, 60, 99, 3, 0, 45.05%, 0, 0, 10, 841.54, 1202672, 41
2669, 28, 60, 99, 3, 0, 45.05%, 0, 0, 10, 829.68, 1206913, 41
2674, 29, 2, 99, 3, 0, 45.05%, 0, 0, 10, 823.66, 1211072, 41
2679, 29, 24, 99, 3, 0, 45.05%, 0, 0, 10, 832.64, 1215292, 41
2684, 29, 29, 99, 3, 0, 45.05%, 0, 0, 10, 836.34, 1219600, 41
2689, 29, 29, 99, 3, 0, 45.05%, 0, 0, 10, 842.69, 1223802, 41
2694, 29, 29, 99, 3, 0, 45.05%, 0, 0, 10, 841.15, 1228024, 41
2700, 29, 60, 99, 3, 0, 45.05%, 0, 0, 10, 835.56, 1232317, 41
2705, 29, 29, 99, 3, 0, 45.05%, 0, 0, 10, 811.90, 1236360, 41
2710, 29, 2, 99, 3, 0, 45.05%, 0, 0, 10, 819.34, 1240514, 41
2715, 30, 29, 99, 3, 0, 45.05%, 0, 0, 10, 829.87, 1244777, 41
2720, 30, 95, 99, 3, 0, 45.05%, 0, 0, 10, 833.51, 1249079, 41
2725, 30, 60, 99, 3, 0, 45.05%, 0, 0, 10, 844.62, 1253363, 41
2730, 30, 2, 99, 3, 0, 45.05%, 0, 0, 10, 851.25, 1257592, 41
2735, 30, 29, 99, 3, 0, 45.05%, 0, 0, 10, 833.68, 1261733, 41
2740, 30, 60, 99, 3, 0, 45.05%, 0, 0, 10, 850.20, 1265961, 41
2745, 30, 60, 99, 3, 0, 45.05%, 0, 0, 10, 845.07, 1270287, 41
2750, 30, 29, 100, 4, 0, 45.05%, 0, 0, 10, 835.55, 1274430, 41
2756, 30, 60, 100, 4, 0, 45.05%, 0, 0, 10, 816.01, 1278647, 41
2761, 30, 29, 100, 4, 0, 45.05%, 0, 0, 10, 821.00, 1282831, 41
2766, 31, 13, 100, 4, 0, 45.05%, 0, 0, 10, 828.67, 1287081, 41
2771, 31, 29, 100, 3, 0, 45.05%, 0, 0, 10, 813.62, 1291244, 41
2776, 31, 60, 100, 3, 0, 45.05%, 0, 0, 10, 798.81, 1295332, 41
2781, 31, 2, 100, 3, 0, 45.05%, 0, 0, 10, 822.33, 1299723, 41
2786, 31, 31, 100, 3, 0, 45.05%, 0, 0, 10, 812.41, 1303831, 41
2791, 31, 15, 100, 3, 0, 45.05%, 0, 0, 10, 830.91, 1308123, 41
2796, 31, 15, 100, 3, 0, 45.05%, 0, 0, 10, 818.83, 1312226, 41
2801, 31, 60, 100, 3, 0, 45.05%, 0, 0, 10, 842.62, 1316539, 41
2806, 31, 31, 100, 3, 0, 45.05%, 0, 0, 10, 787.15, 1320497, 41
2811, 31, 60, 100, 3, 0, 45.05%, 0, 0, 10, 813.75, 1324610, 41
2816, 32, 60, 100, 3, 0, 45.05%, 0, 0, 10, 822.85, 1328937, 41
2822, 32, 29, 100, 3, 0, 45.05%, 0, 0, 10, 842.72, 1333385, 41
2827, 32, 15, 100, 3, 0, 45.05%, 0, 0, 10, 813.49, 1337596, 41
2832, 32, 24, 100, 3, 0, 45.05%, 0, 0, 10, 831.31, 1341830, 41
2837, 32, 29, 100, 3, 0, 45.05%, 0, 0, 10, 811.52, 1345933, 41
2842, 32, 60, 100, 3, 0, 45.05%, 0, 0, 10, 783.93, 1349835, 41
2847, 32, 60, 100, 3, 0, 45.05%, 0, 0, 10, 761.20, 1353616, 41
2852, 32, 29, 100, 3, 0, 45.05%, 0, 0, 10, 807.96, 1357786, 41
2857, 32, 24, 100, 3, 0, 45.05%, 0, 0, 10, 799.25, 1361798, 41
2862, 32, 13, 100, 3, 0, 45.05%, 0, 0, 10, 838.11, 1366155, 41
2867, 33, 11, 100, 3, 0, 45.05%, 0, 0, 10, 854.64, 1370613, 41
2872, 33, 11, 100, 3, 0, 45.05%, 0, 0, 10, 805.68, 1374639, 41
2878, 33, 29, 100, 3, 0, 45.05%, 0, 0, 10, 824.97, 1378965, 41
2883, 33, 31, 100, 3, 0, 45.05%, 0, 0, 10, 823.30, 1383064, 41
2888, 33, 15, 100, 3, 0, 45.05%, 0, 0, 10, 828.63, 1387227, 41
2893, 33, 65, 100, 3, 0, 45.05%, 0, 0, 10, 161.62, 1391241, 41
2898, 33, 31, 100, 3, 0, 45.05%, 0, 0, 10, 702.43, 1395470, 41
2903, 33, 14, 100, 3, 0, 45.05%, 0, 0, 10, 821.11, 1399666, 41
2908, 34, 29, 100, 3, 0, 45.05%, 0, 0, 10, 826.74, 1403952, 41
2913, 34, 60, 100, 3, 0, 45.05%, 0, 0, 10, 842.65, 1408186, 41
2919, 34, 90, 100, 3, 0, 45.05%, 0, 0, 10, 808.94, 1412362, 41
2924, 34, 14, 100, 3, 0, 45.05%, 0, 0, 10, 835.91, 1416575, 41
2929, 34, 99, 100, 3, 0, 45.05%, 0, 0, 10, 512.56, 1418952, 41
2934, 34, 13, 100, 2, 0, 45.05%, 0, 0, 10, 746.13, 1422920, 41
2939, 34, 31, 100, 2, 0, 45.05%, 0, 0, 10, 796.37, 1426978, 41
2944, 34, 14, 100, 2, 0, 45.05%, 0, 0, 10, 791.68, 1431122, 41
2949, 34, 31, 100, 2, 0, 45.05%, 0, 0, 10, 809.93, 1435360, 41
2954, 34, 60, 100, 2, 0, 45.05%, 0, 0, 10, 818.44, 1439492, 41
2960, 34, 60, 100, 2, 0, 45.05%, 0, 0, 10, 840.66, 1443823, 41
2965, 35, 60, 100, 2, 0, 45.05%, 0, 0, 10, 811.07, 1447950, 41
2970, 35, 60, 100, 2, 0, 45.05%, 0, 0, 10, 805.98, 1451999, 41
2975, 35, 60, 100, 2, 0, 45.05%, 0, 0, 10, 835.14, 1456249, 41
2980, 35, 11, 100, 2, 0, 45.05%, 0, 0, 10, 835.79, 1460392, 41
2985, 35, 29, 100, 2, 0, 45.05%, 0, 0, 10, 838.64, 1464575, 41
2990, 35, 14, 100, 2, 0, 45.05%, 0, 0, 10, 816.31, 1468643, 41
2995, 35, 15, 100, 2, 0, 45.05%, 0, 0, 10, 830.94, 1472764, 41
3000, 35, 29, 100, 2, 0, 45.05%, 0, 0, 10, 822.88, 1476953, 41
3005, 36, 43, 100, 2, 0, 45.05%, 0, 0, 10, 830.76, 1481207, 41
3011, 36, 60, 100, 2, 0, 45.05%, 0, 0, 10, 830.97, 1485543, 41
3016, 36, 60, 100, 2, 0, 45.05%, 0, 0, 10, 814.66, 1489718, 41
3021, 36, 24, 100, 2, 0, 45.05%, 0, 0, 10, 789.09, 1493668, 41
3026, 36, 60, 100, 2, 0, 45.05%, 0, 0, 10, 791.14, 1497682, 41
3031, 36, 60, 100, 2, 0, 45.05%, 0, 0, 10, 813.47, 1501913, 41
3036, 36, 14, 100, 2, 0, 45.05%, 0, 0, 10, 815.49, 1506202, 41
3041, 36, 60, 100, 2, 0, 45.05%, 0, 0, 10, 810.15, 1510438, 41
3046, 36, 24, 100, 2, 0, 45.05%, 0, 0, 10, 822.72, 1514736, 41
3051, 37, 60, 100, 2, 0, 45.05%, 0, 0, 10, 807.62, 1518765, 41
3057, 37, 60, 100, 2, 0, 45.05%, 0, 0, 10, 804.33, 1522892, 41
3062, 37, 29, 100, 2, 0, 45.05%, 0, 0, 10, 808.05, 1527143, 41
3067, 37, 14, 100, 2, 0, 45.05%, 0, 0, 10, 801.45, 1531360, 41
3072, 37, 31, 100, 2, 0, 45.05%, 0, 0, 10, 813.94, 1535612, 41
3077, 37, 29, 100, 2, 0, 45.05%, 0, 0, 10, 803.95, 1539806, 41
3083, 37, 29, 100, 2, 0, 45.05%, 0, 0, 10, 757.04, 1543712, 41
3088, 37, 31, 100, 2, 0, 45.05%, 0, 0, 10, 796.27, 1547754, 41
3093, 37, 29, 100, 2, 0, 45.05%, 0, 0, 10, 798.45, 1551770, 41
3098, 37, 29, 100, 2, 0, 45.05%, 0, 0, 10, 782.06, 1555808, 41
3103, 38, 29, 100, 2, 0, 45.05%, 0, 0, 10, 792.12, 1559826, 41
3108, 38, 24, 100, 2, 0, 45.05%, 0, 0, 10, 817.14, 1563945, 41
3113, 38, 29, 100, 2, 0, 45.05%, 0, 0, 10, 817.26, 1568199, 41
3118, 38, 60, 100, 2, 0, 45.05%, 0, 0, 10, 801.83, 1572362, 41
3123, 38, 15, 100, 2, 0, 45.05%, 0, 0, 10, 816.60, 1576480, 41
3128, 38, 11, 100, 2, 0, 45.05%, 0, 0, 10, 820.04, 1580739, 41
3133, 38, 60, 100, 2, 0, 45.05%, 0, 0, 10, 829.95, 1584900, 41
3138, 38, 60, 100, 2, 0, 45.05%, 0, 0, 10, 837.85, 1589039, 41
3143, 38, 24, 100, 2, 0, 45.05%, 0, 0, 10, 794.61, 1592960, 41
3149, 39, 29, 100, 2, 0, 45.05%, 0, 0, 10, 778.47, 1596980, 41
3154, 39, 15, 100, 2, 0, 45.05%, 0, 0, 10, 785.76, 1601098, 41
3159, 39, 29, 100, 2, 0, 45.05%, 0, 0, 10, 791.53, 1605217, 41
3164, 39, 60, 100, 2, 0, 45.05%, 0, 0, 10, 630.29, 1608364, 41
3169, 39, 60, 100, 2, 0, 45.05%, 0, 0, 10, 596.65, 1611309, 41
3174, 39, 29, 100, 2, 0, 45.05%, 0, 0, 10, 561.24, 1614132, 41
3179, 39, 29, 100, 2, 0, 45.05%, 0, 0, 10, 575.32, 1616994, 41
3185, 39, 15, 100, 2, 0, 45.05%, 0, 0, 10, 600.28, 1620066, 41
3190, 39, 2, 100, 2, 0, 45.05%, 0, 0, 10, 548.46, 1622690, 41
3195, 39, 29, 100, 2, 0, 45.05%, 0, 0, 10, 559.78, 1625640, 41
3200, 39, 2, 100, 2, 0, 45.05%, 0, 0, 10, 555.81, 1628485, 41
3205, 39, 60, 100, 2, 0, 45.05%, 0, 0, 10, 585.85, 1631429, 41
3210, 39, 60, 100, 2, 0, 45.05%, 0, 0, 10, 584.82, 1634469, 41
3215, 40, 14, 100, 2, 0, 45.05%, 0, 0, 10, 593.38, 1637438, 41
3220, 40, 31, 100, 2, 0, 45.05%, 0, 0, 10, 566.16, 1640224, 41
3225, 40, 13, 100, 2, 0, 45.05%, 0, 0, 10, 580.28, 1643206, 41
3230, 40, 11, 100, 2, 0, 45.05%, 0, 0, 10, 576.14, 1646149, 41
3235, 40, 31, 100, 2, 0, 45.05%, 0, 0, 10, 565.77, 1649035, 41
3241, 40, 24, 100, 2, 0, 45.05%, 0, 0, 10, 590.67, 1652151, 41
3246, 40, 13, 100, 2, 0, 45.05%, 0, 0, 10, 610.02, 1655383, 41
3251, 40, 14, 100, 2, 0, 45.05%, 0, 0, 10, 580.07, 1658400, 41
3256, 40, 60, 100, 2, 0, 45.05%, 0, 0, 10, 580.57, 1661363, 41
3261, 40, 60, 100, 2, 0, 45.05%, 0, 0, 10, 579.23, 1664368, 41
3266, 40, 15, 100, 2, 0, 45.05%, 0, 0, 10, 585.32, 1667310, 41
3271, 40, 2, 100, 2, 0, 45.05%, 0, 0, 10, 587.69, 1670224, 41
3276, 40, 29, 100, 2, 0, 45.05%, 0, 0, 10, 158.14, 1672963, 41
3281, 40, 60, 100, 2, 0, 45.05%, 0, 0, 10, 454.58, 1675762, 41
3286, 41, 24, 100, 2, 0, 45.05%, 0, 0, 10, 543.48, 1678668, 41
3291, 41, 29, 100, 2, 0, 45.05%, 0, 0, 10, 595.46, 1681726, 41
3297, 41, 14, 100, 2, 0, 45.05%, 0, 0, 10, 582.15, 1684727, 41
3302, 41, 29, 100, 2, 0, 45.05%, 0, 0, 10, 616.18, 1687819, 41
3307, 41, 60, 100, 2, 0, 45.05%, 0, 0, 10, 619.33, 1690993, 41
3312, 41, 31, 100, 2, 0, 45.05%, 0, 0, 10, 563.97, 1693803, 41
3317, 41, 13, 100, 2, 0, 45.05%, 0, 0, 10, 552.06, 1696622, 41
3322, 41, 14, 100, 2, 0, 45.05%, 0, 0, 10, 601.59, 1699897, 41
3327, 41, 14, 100, 2, 0, 45.05%, 0, 0, 10, 578.66, 1702833, 41
3332, 41, 60, 100, 2, 0, 45.05%, 0, 0, 10, 591.67, 1705834, 41
3337, 41, 24, 100, 2, 0, 45.05%, 0, 0, 10, 572.00, 1708787, 41
3342, 41, 60, 100, 2, 0, 45.05%, 0, 0, 10, 578.86, 1711809, 41
3347, 41, 60, 100, 2, 0, 45.05%, 0, 0, 10, 595.89, 1714893, 41
3353, 42, 29, 100, 2, 0, 45.05%, 0, 0, 10, 575.94, 1717923, 41
3358, 42, 31, 100, 2, 0, 45.05%, 0, 0, 10, 538.01, 1720715, 41
3363, 42, 29, 100, 2, 0, 45.05%, 0, 0, 10, 548.51, 1723654, 41
3368, 42, 29, 100, 2, 0, 45.05%, 0, 0, 10, 564.00, 1726612, 41
3373, 42, 14, 100, 2, 0, 45.05%, 0, 0, 10, 597.94, 1729610, 41
3378, 42, 11, 100, 2, 0, 45.05%, 0, 0, 10, 587.52, 1732621, 41
3383, 42, 29, 100, 2, 0, 45.05%, 0, 0, 10, 570.77, 1735441, 41
3388, 42, 60, 100, 2, 0, 45.05%, 0, 0, 10, 574.82, 1738344, 41
3393, 42, 15, 100, 2, 0, 45.05%, 0, 0, 10, 618.49, 1741470, 41
3398, 42, 29, 100, 2, 0, 45.05%, 0, 0, 10, 597.83, 1744392, 41
3404, 42, 60, 100, 2, 0, 45.05%, 0, 0, 10, 580.80, 1747453, 41
3409, 42, 14, 100, 2, 0, 45.05%, 0, 0, 10, 572.64, 1750427, 41
3414, 42, 14, 100, 2, 0, 45.05%, 0, 0, 10, 581.73, 1753325, 41
3419, 42, 29, 100, 2, 0, 45.05%, 0, 0, 10, 572.65, 1756126, 41
3424, 43, 14, 100, 2, 0, 45.05%, 0, 0, 10, 559.23, 1758964, 41
3429, 43, 2, 100, 2, 0, 45.05%, 0, 0, 10, 572.89, 1761892, 41
3434, 43, 60, 100, 2, 0, 45.05%, 0, 0, 10, 591.82, 1764838, 41
3439, 43, 2, 100, 1, 0, 45.05%, 0, 0, 10, 558.37, 1767706, 41
3444, 43, 29, 100, 1, 0, 45.05%, 0, 0, 10, 570.80, 1770684, 41
3449, 43, 15, 100, 1, 0, 45.05%, 0, 0, 10, 593.55, 1773676, 41
3454, 43, 29, 100, 1, 0, 45.05%, 0, 0, 10, 562.25, 1776438, 41
3460, 43, 29, 100, 1, 0, 45.05%, 0, 0, 10, 585.54, 1779482, 41
3465, 43, 60, 100, 1, 0, 45.05%, 0, 0, 10, 583.57, 1782407, 41
3470, 43, 60, 100, 1, 0, 45.05%, 0, 0, 10, 591.16, 1785382, 41
3475, 43, 29, 100, 1, 0, 45.05%, 0, 0, 10, 572.81, 1788316, 41
3480, 43, 29, 100, 1, 0, 45.05%, 0, 0, 10, 607.68, 1791381, 41
3485, 43, 2, 100, 1, 0, 45.05%, 0, 0, 10, 587.53, 1794312, 41
3490, 44, 15, 100, 1, 0, 45.05%, 0, 0, 10, 582.82, 1797394, 41
3495, 44, 60, 100, 1, 0, 45.05%, 0, 0, 10, 612.16, 1800477, 41
3500, 44, 60, 100, 1, 0, 45.05%, 0, 0, 10, 614.76, 1803666, 41
3506, 44, 29, 100, 1, 0, 45.05%, 0, 0, 10, 657.56, 1806999, 41
3511, 44, 60, 100, 1, 0, 45.05%, 0, 0, 10, 601.05, 1810051, 41
3516, 44, 60, 100, 1, 0, 45.05%, 0, 0, 10, 598.74, 1813086, 41
3521, 44, 31, 100, 1, 0, 45.05%, 0, 0, 10, 601.45, 1816101, 41
3526, 44, 60, 100, 1, 0, 45.05%, 0, 0, 10, 585.20, 1819014, 41
3531, 44, 60, 100, 1, 0, 45.05%, 0, 0, 10, 584.63, 1822062, 41
3536, 44, 24, 100, 1, 0, 45.05%, 0, 0, 10, 596.20, 1825048, 41
3541, 45, 15, 100, 1, 0, 45.05%, 0, 0, 10, 598.36, 1828087, 41
3546, 45, 29, 100, 1, 0, 45.05%, 0, 0, 10, 553.95, 1830880, 41
3551, 45, 24, 100, 1, 0, 45.05%, 0, 0, 10, 563.08, 1833771, 41
3556, 45, 60, 100, 1, 0, 45.05%, 0, 0, 10, 589.96, 1836851, 41
3561, 45, 60, 100, 1, 0, 45.05%, 0, 0, 10, 608.35, 1839845, 41
3566, 45, 60, 100, 1, 0, 45.05%, 0, 0, 10, 568.21, 1842646, 41
3571, 45, 14, 100, 1, 0, 45.05%, 0, 0, 10, 588.72, 1845549, 41
3576, 45, 14, 100, 1, 0, 45.05%, 0, 0, 10, 592.53, 1848523, 41
3581, 45, 14, 100, 1, 0, 45.05%, 0, 0, 10, 580.20, 1851458, 41
3587, 45, 14, 100, 1, 0, 45.05%, 0, 0, 10, 540.30, 1854292, 41
3592, 45, 29, 100, 1, 0, 45.05%, 0, 0, 10, 577.41, 1857287, 41
3597, 45, 29, 100, 1, 0, 45.05%, 0, 0, 10, 599.57, 1860295, 41
3602, 45, 29, 100, 1, 0, 45.05%, 0, 0, 10, 566.18, 1863219, 41
3607, 45, 60, 100, 1, 0, 45.05%, 0, 0, 10, 594.92, 1866236, 41
3612, 45, 60, 100, 1, 0, 45.05%, 0, 0, 10, 595.86, 1869340, 41
3617, 46, 60, 100, 1, 0, 45.05%, 0, 0, 10, 556.94, 1872200, 41
3622, 46, 13, 100, 1, 0, 45.05%, 0, 0, 10, 580.49, 1875209, 41
3628, 46, 2, 100, 1, 0, 45.05%, 0, 0, 10, 569.86, 1878069, 41
3633, 46, 31, 100, 1, 0, 45.05%, 0, 0, 10, 538.76, 1880846, 41
3638, 46, 31, 100, 1, 0, 45.05%, 0, 0, 10, 553.01, 1883660, 41
3643, 46, 29, 100, 1, 0, 45.05%, 0, 0, 10, 595.16, 1886727, 41
3648, 46, 15, 100, 1, 0, 45.05%, 0, 0, 10, 598.28, 1889775, 41
3653, 46, 14, 100, 1, 0, 45.05%, 0, 0, 10, 604.89, 1892795, 41
3658, 46, 14, 100, 1, 0, 45.05%, 0, 0, 10, 581.22, 1895590, 41
3663, 46, 29, 100, 1, 0, 45.05%, 0, 0, 10, 589.30, 1898523, 41
3668, 46, 29, 100, 1, 0, 45.05%, 0, 0, 10, 553.99, 1901328, 41
3673, 46, 14, 100, 1, 0, 45.05%, 0, 0, 10, 565.84, 1904140, 41
3679, 46, 60, 100, 1, 0, 45.05%, 0, 0, 10, 572.71, 1907128, 41
3684, 46, 29, 100, 1, 0, 45.05%, 0, 0, 10, 578.03, 1909985, 41
3689, 46, 60, 100, 1, 0, 45.05%, 0, 0, 10, 551.41, 1912719, 41
3694, 47, 60, 100, 1, 0, 45.05%, 0, 0, 10, 596.42, 1915841, 41
3699, 47, 29, 100, 1, 0, 45.05%, 0, 0, 10, 596.44, 1918928, 41
3704, 47, 60, 100, 1, 0, 45.05%, 0, 0, 10, 565.33, 1921800, 41
3709, 47, 15, 100, 1, 0, 45.05%, 0, 0, 10, 576.91, 1924761, 41
3714, 47, 60, 100, 1, 0, 45.05%, 0, 0, 10, 600.66, 1927788, 41
3720, 47, 60, 100, 1, 0, 45.05%, 0, 0, 10, 584.04, 1930766, 41
3725, 47, 5, 100, 1, 0, 45.05%, 0, 0, 10, 563.83, 1933554, 41
3730, 47, 29, 100, 0, 0, 45.05%, 0, 0, 10, 573.76, 1936419, 41
3735, 47, 29, 100, 0, 0, 45.05%, 0, 0, 10, 583.43, 1939394, 41
3740, 47, 60, 100, 0, 0, 45.05%, 0, 0, 10, 592.85, 1942505, 41
3745, 47, 14, 100, 0, 0, 45.05%, 0, 0, 10, 597.43, 1945464, 41
3750, 47, 60, 100, 0, 0, 45.05%, 0, 0, 10, 617.16, 1948528, 41
3755, 47, 15, 101, 1, 0, 45.05%, 0, 0, 10, 590.25, 1951463, 41
3760, 47, 60, 101, 1, 0, 45.05%, 0, 0, 10, 600.96, 1954584, 41
3765, 47, 100, 101, 1, 0, 45.05%, 0, 0, 10, 166.11, 1956351, 41
3770, 47, 100, 101, 1, 0, 45.05%, 0, 0, 10, 432.00, 1958742, 41
3776, 48, 29, 101, 0, 0, 45.05%, 0, 0, 10, 580.75, 1961906, 41
3781, 48, 60, 101, 0, 0, 45.05%, 0, 0, 10, 581.93, 1964840, 41
3786, 48, 29, 101, 0, 0, 45.05%, 0, 0, 10, 570.20, 1967676, 41
3791, 48, 14, 101, 0, 0, 45.05%, 0, 0, 10, 601.18, 1970723, 41
3796, 48, 29, 101, 0, 0, 45.05%, 0, 0, 10, 582.88, 1973626, 41
3801, 48, 24, 101, 0, 0, 45.05%, 0, 0, 10, 561.09, 1976503, 41
3806, 48, 29, 101, 0, 0, 45.05%, 0, 0, 10, 604.65, 1979645, 41
3811, 48, 29, 101, 0, 0, 45.05%, 0, 0, 10, 613.17, 1982665, 41
3816, 48, 29, 101, 0, 0, 45.05%, 0, 0, 10, 618.25, 1985834, 41
3821, 48, 24, 101, 0, 0, 45.05%, 0, 0, 10, 581.58, 1988805, 41
3826, 48, 31, 101, 0, 0, 45.05%, 0, 0, 10, 533.90, 1991516, 41
3831, 48, 60, 101, 0, 0, 45.05%, 0, 0, 10, 591.02, 1994553, 41
3837, 49, 60, 102, 1, 0, 45.05%, 0, 0, 10, 573.17, 1997384, 41
3842, 49, 60, 102, 1, 0, 45.05%, 0, 0, 10, 584.65, 2000452, 41
3847, 49, 60, 102, 1, 0, 45.05%, 0, 0, 10, 578.90, 2003445, 41
3852, 49, 14, 102, 1, 0, 45.05%, 0, 0, 10, 586.54, 2006458, 41
3857, 49, 29, 102, 1, 0, 45.05%, 0, 0, 10, 561.44, 2009249, 41
3862, 49, 60, 102, 1, 0, 45.05%, 0, 0, 10, 562.62, 2012107, 41
3867, 49, 29, 102, 1, 0, 45.05%, 0, 0, 10, 565.70, 2015056, 41
3872, 49, 60, 102, 1, 0, 45.05%, 0, 0, 10, 610.87, 2018170, 41
3877, 49, 14, 102, 1, 0, 45.05%, 0, 0, 10, 587.13, 2021146, 41
3882, 49, 31, 102, 1, 0, 45.05%, 0, 0, 10, 610.94, 2024310, 41
3887, 49, 60, 102, 1, 0, 45.05%, 0, 0, 10, 567.42, 2027110, 41
3893, 49, 29, 102, 1, 0, 45.05%, 0, 0, 10, 565.38, 2030062, 41
3898, 49, 24, 102, 1, 0, 45.05%, 0, 0, 10, 585.05, 2033099, 41
3903, 49, 11, 102, 1, 0, 45.05%, 0, 0, 10, 433.49, 2035703, 41
3908, 50, 101, 102, 1, 0, 45.05%, 0, 0, 10, 420.39, 2037813, 41
3913, 50, 60, 102, 0, 0, 45.05%, 0, 0, 10, 576.76, 2040529, 41
3918, 50, 29, 102, 0, 0, 45.05%, 0, 0, 10, 574.20, 2043421, 41
3923, 50, 29, 102, 0, 0, 45.05%, 0, 0, 10, 528.06, 2046002, 41
3928, 50, 60, 102, 0, 0, 45.05%, 0, 0, 10, 580.91, 2049073, 41
3933, 50, 14, 102, 0, 0, 45.05%, 0, 0, 10, 579.89, 2052074, 41
3939, 50, 60, 102, 0, 0, 45.05%, 0, 0, 10, 599.02, 2055148, 41
3944, 50, 13, 102, 0, 0, 45.05%, 0, 0, 10, 610.84, 2058136, 41
3949, 50, 67, 102, 0, 0, 45.05%, 0, 0, 10, 584.53, 2061043, 41
3954, 50, 60, 102, 0, 0, 45.05%, 0, 0, 10, 583.82, 2064011, 41
3959, 50, 29, 102, 0, 0, 45.05%, 0, 0, 10, 527.81, 2066699, 41
3964, 50, 60, 102, 0, 0, 45.05%, 0, 0, 10, 592.98, 2069867, 41
3969, 51, 15, 102, 0, 0, 45.05%, 0, 0, 10, 596.13, 2072970, 41
3975, 51, 60, 102, 0, 0, 45.05%, 0, 0, 10, 611.16, 2076142, 41
3980, 51, 29, 102, 0, 0, 45.05%, 0, 0, 10, 599.68, 2079148, 41
3985, 51, 15, 102, 0, 0, 45.05%, 0, 0, 10, 580.91, 2082044, 41
3990, 51, 60, 102, 0, 0, 45.05%, 0, 0, 10, 587.55, 2085017, 41
3995, 51, 60, 102, 0, 0, 45.05%, 0, 0, 10, 598.10, 2088162, 41
4000, 51, 2, 102, 0, 0, 45.05%, 0, 0, 10, 600.50, 2091127, 41
4005, 51, 14, 102, 0, 0, 45.05%, 0, 0, 10, 589.57, 2094048, 41
4010, 51, 60, 102, 0, 0, 45.05%, 0, 0, 10, 608.94, 2097081, 41
4015, 51, 2, 102, 0, 0, 45.05%, 0, 0, 10, 591.42, 2100094, 41
4020, 51, 60, 102, 0, 0, 45.05%, 0, 0, 10, 590.22, 2103004, 41
4026, 51, 14, 102, 0, 0, 45.05%, 0, 0, 10, 576.48, 2105960, 41
4031, 51, 15, 102, 0, 0, 45.05%, 0, 0, 10, 564.67, 2108776, 41
4036, 51, 29, 102, 0, 0, 45.05%, 0, 0, 10, 583.96, 2111867, 41
4041, 52, 29, 102, 0, 0, 45.05%, 0, 0, 10, 544.40, 2114679, 41
4046, 52, 29, 102, 0, 0, 45.05%, 0, 0, 10, 581.00, 2117672, 41
4051, 52, 29, 102, 0, 0, 45.05%, 0, 0, 10, 573.81, 2120495, 41
4056, 52, 31, 102, 0, 0, 45.05%, 0, 0, 10, 611.91, 2123594, 41
4061, 52, 15, 102, 0, 0, 45.05%, 0, 0, 10, 581.60, 2126598, 41
4066, 52, 29, 102, 0, 0, 45.05%, 0, 0, 10, 703.65, 2129656, 41
4071, 52, 31, 102, 0, 0, 45.05%, 0, 0, 10, 619.17, 2132721, 41
4076, 52, 13, 102, 0, 0, 45.05%, 0, 0, 10, 602.37, 2135780, 41
4081, 52, 60, 102, 0, 0, 45.05%, 0, 0, 10, 564.69, 2138624, 41
4086, 52, 60, 102, 0, 0, 45.05%, 0, 0, 10, 575.23, 2141535, 41
4092, 52, 29, 102, 0, 0, 45.05%, 0, 0, 10, 604.09, 2144653, 41
4097, 52, 60, 102, 0, 0, 45.05%, 0, 0, 10, 565.98, 2147490, 41
4102, 52, 60, 102, 0, 0, 45.05%, 0, 0, 10, 578.36, 2150496, 41
4107, 53, 15, 102, 0, 0, 45.05%, 0, 0, 10, 599.67, 2153614, 41
4112, 53, 60, 102, 0, 0, 45.05%, 0, 0, 10, 599.39, 2156632, 41
4117, 53, 31, 102, 0, 0, 45.05%, 0, 0, 10, 617.98, 2159738, 41
4122, 53, 14, 102, 0, 0, 45.05%, 0, 0, 10, 588.09, 2162699, 41
4127, 53, 60, 102, 0, 0, 45.05%, 0, 0, 10, 540.91, 2165350, 41
4132, 53, 31, 102, 0, 0, 45.05%, 0, 0, 10, 551.71, 2168220, 41
4137, 53, 15, 102, 0, 0, 45.05%, 0, 0, 10, 561.28, 2171135, 41
4142, 53, 60, 102, 0, 0, 45.05%, 0, 0, 10, 566.96, 2173982, 41
4147, 53, 60, 102, 0, 0, 45.05%, 0, 0, 10, 557.19, 2176803, 41
4153, 53, 14, 102, 0, 0, 45.05%, 0, 0, 10, 560.97, 2179638, 41
4158, 53, 60, 102, 0, 0, 45.05%, 0, 0, 10, 586.39, 2182665, 41
4163, 53, 15, 102, 0, 0, 45.05%, 0, 0, 10, 587.17, 2185624, 41
4168, 53, 60, 102, 0, 0, 45.05%, 0, 0, 10, 573.33, 2188488, 41
4173, 53, 31, 102, 0, 0, 45.05%, 0, 0, 10, 596.77, 2191580, 41
4178, 54, 15, 102, 0, 0, 45.05%, 0, 0, 10, 598.52, 2194494, 41
4183, 54, 29, 102, 0, 0, 45.05%, 0, 0, 10, 583.44, 2197484, 41
4188, 54, 29, 102, 0, 0, 45.05%, 0, 0, 10, 598.36, 2200534, 41
4193, 54, 15, 102, 0, 0, 45.05%, 0, 0, 10, 556.55, 2203298, 41
4198, 54, 60, 102, 0, 0, 45.05%, 0, 0, 10, 555.66, 2206160, 41
4203, 54, 60, 102, 0, 0, 45.05%, 0, 0, 10, 594.24, 2209178, 41
4208, 54, 11, 102, 0, 0, 45.05%, 0, 0, 10, 607.51, 2212264, 41
4214, 54, 60, 102, 0, 0, 45.05%, 0, 0, 10, 593.24, 2215245, 41
4219, 54, 60, 102, 0, 0, 45.05%, 0, 0, 10, 596.04, 2218296, 41
4224, 54, 60, 102, 0, 0, 45.05%, 0, 0, 10, 565.44, 2221214, 41
4229, 54, 29, 102, 0, 0, 45.05%, 0, 0, 10, 592.84, 2224152, 41
4234, 54, 24, 102, 0, 0, 45.05%, 0, 0, 10, 615.29, 2227245, 41
4239, 54, 31, 102, 0, 0, 45.05%, 0, 0, 10, 576.33, 2230038, 41
4244, 54, 29, 102, 0, 0, 45.05%, 0, 0, 10, 595.03, 2233017, 41
4249, 55, 31, 102, 0, 0, 45.05%, 0, 0, 10, 576.60, 2235902, 41
4254, 55, 2, 102, 0, 0, 45.05%, 0, 0, 10, 588.08, 2238844, 41
4259, 55, 2, 102, 0, 0, 45.05%, 0, 0, 10, 586.02, 2241838, 41
4264, 55, 31, 102, 0, 0, 45.05%, 0, 0, 10, 576.49, 2244772, 41
4269, 55, 60, 102, 0, 0, 45.05%, 0, 0, 10, 582.10, 2247738, 41
4274, 55, 60, 102, 0, 0, 45.05%, 0, 0, 10, 574.79, 2250653, 41
4280, 55, 60, 102, 0, 0, 45.05%, 0, 0, 10, 597.05, 2253708, 41
4285, 55, 29, 102, 0, 0, 45.05%, 0, 0, 10, 583.53, 2256612, 41
4290, 55, 60, 102, 0, 0, 45.05%, 0, 0, 10, 559.83, 2259384, 41
4295, 55, 60, 102, 0, 0, 45.05%, 0, 0, 10, 574.81, 2261960, 41
4300, 55, 60, 102, 0, 0, 45.05%, 0, 0, 10, 578.71, 2264957, 41
4305, 55, 29, 102, 0, 0, 45.05%, 0, 0, 10, 604.67, 2268011, 41
4310, 55, 24, 102, 0, 0, 45.05%, 0, 0, 10, 687.58, 2271346, 41
4315, 55, 60, 102, 0, 0, 45.05%, 0, 0, 10, 825.95, 2275783, 41
4320, 56, 14, 102, 0, 0, 45.05%, 0, 0, 10, 840.54, 2279976, 41
4325, 56, 15, 102, 0, 0, 45.05%, 0, 0, 10, 846.17, 2284327, 41
4331, 56, 14, 102, 0, 0, 45.05%, 0, 0, 10, 841.60, 2288659, 41
4336, 56, 29, 102, 0, 0, 45.05%, 0, 0, 10, 829.51, 2292797, 41
4341, 56, 60, 102, 0, 0, 45.05%, 0, 0, 10, 827.15, 2297099, 41
4346, 56, 31, 102, 0, 0, 45.05%, 0, 0, 10, 821.03, 2301280, 41
4351, 56, 14, 102, 0, 0, 45.05%, 0, 0, 10, 831.66, 2305709, 41
4356, 56, 31, 102, 0, 0, 45.05%, 0, 0, 10, 845.53, 2310049, 41
4361, 56, 15, 102, 0, 0, 45.05%, 0, 0, 10, 836.39, 2314421, 41
4366, 57, 11, 102, 0, 0, 45.05%, 0, 0, 10, 832.20, 2318676, 41
4371, 57, 13, 102, 0, 0, 45.05%, 0, 0, 10, 831.10, 2322859, 41
4376, 57, 11, 102, 0, 0, 45.05%, 0, 0, 10, 846.63, 2327141, 41
4381, 57, 24, 102, 0, 0, 45.05%, 0, 0, 10, 815.28, 2331404, 41
4387, 57, 60, 102, 0, 0, 45.05%, 0, 0, 10, 825.37, 2335585, 41
4392, 57, 29, 102, 0, 0, 45.05%, 0, 0, 10, 837.96, 2339906, 41
4397, 57, 29, 102, 0, 0, 45.05%, 0, 0, 10, 845.31, 2344173, 41
4402, 57, 29, 102, 0, 0, 45.05%, 0, 0, 10, 817.66, 2348248, 41
4407, 57, 60, 102, 0, 0, 45.05%, 0, 0, 10, 819.52, 2352414, 41
4412, 58, 60, 102, 0, 0, 45.05%, 0, 0, 10, 806.48, 2356599, 41
4417, 58, 60, 102, 0, 0, 45.05%, 0, 0, 10, 798.75, 2360653, 41
4422, 58, 60, 102, 0, 0, 45.05%, 0, 0, 10, 815.94, 2364777, 41
4427, 58, 60, 102, 0, 0, 45.05%, 0, 0, 10, 815.17, 2368833, 41
4432, 58, 29, 102, 0, 0, 45.05%, 0, 0, 10, 810.70, 2372920, 41
4437, 58, 15, 102, 0, 0, 45.05%, 0, 0, 10, 824.46, 2377174, 41
4443, 58, 14, 102, 0, 0, 45.05%, 0, 0, 10, 820.33, 2381463, 41
4448, 58, 29, 102, 0, 0, 45.05%, 0, 0, 10, 830.15, 2385777, 41
4453, 58, 11, 102, 0, 0, 45.05%, 0, 0, 10, 808.75, 2389843, 41
4458, 59, 29, 102, 0, 0, 45.05%, 0, 0, 10, 828.19, 2394034, 41
4463, 59, 29, 102, 0, 0, 45.05%, 0, 0, 10, 796.47, 2398054, 41
4468, 59, 29, 102, 0, 0, 45.05%, 0, 0, 10, 810.57, 2402240, 41
4473, 59, 60, 102, 0, 0, 45.05%, 0, 0, 10, 825.23, 2406384, 41
4478, 59, 31, 102, 0, 0, 45.05%, 0, 0, 10, 829.37, 2410479, 41
4483, 59, 14, 102, 0, 0, 45.05%, 0, 0, 10, 836.11, 2414603, 41
4488, 59, 13, 102, 0, 0, 45.05%, 0, 0, 10, 808.98, 2418637, 41
4493, 59, 13, 102, 0, 0, 45.05%, 0, 0, 10, 814.02, 2422826, 41
4498, 59, 31, 102, 0, 0, 45.05%, 0, 0, 10, 809.04, 2427045, 41
4504, 59, 29, 102, 0, 0, 45.05%, 0, 0, 10, 831.49, 2431392, 41
4509, 60, 60, 102, 0, 0, 45.05%, 0, 0, 10, 826.52, 2435509, 41
4514, 60, 31, 102, 0, 0, 45.05%, 0, 0, 10, 813.16, 2439593, 41
4519, 60, 31, 102, 0, 0, 45.05%, 0, 0, 10, 816.99, 2443764, 41
4524, 60, 60, 102, 0, 0, 45.05%, 0, 0, 10, 810.35, 2447923, 41
4529, 60, 29, 102, 0, 0, 45.05%, 0, 0, 10, 800.30, 2451927, 41
4534, 60, 60, 102, 0, 0, 45.05%, 0, 0, 10, 804.00, 2456066, 41
4539, 60, 60, 102, 0, 0, 45.05%, 0, 0, 10, 825.71, 2460164, 41
4545, 60, 60, 102, 0, 0, 45.05%, 0, 0, 10, 832.25, 2464467, 41
4550, 60, 60, 102, 0, 0, 45.05%, 0, 0, 10, 833.34, 2468656, 41
4555, 61, 15, 102, 0, 0, 45.05%, 0, 0, 10, 813.57, 2472708, 41
4560, 61, 29, 102, 0, 0, 45.05%, 0, 0, 10, 832.99, 2477039, 41
4565, 61, 14, 102, 0, 0, 45.05%, 0, 0, 10, 809.35, 2481119, 41
4570, 61, 60, 102, 0, 0, 45.05%, 0, 0, 10, 822.82, 2485411, 41
4575, 61, 80, 102, 0, 0, 45.05%, 0, 0, 10, 815.37, 2489684, 41
4580, 61, 60, 102, 0, 0, 45.05%, 0, 0, 10, 820.41, 2493852, 41
4585, 61, 60, 102, 0, 0, 45.05%, 0, 0, 10, 791.45, 2497812, 41
4590, 61, 15, 102, 0, 0, 45.05%, 0, 0, 10, 810.31, 2501843, 41
4596, 61, 15, 102, 0, 0, 45.05%, 0, 0, 10, 811.02, 2506074, 41
4601, 61, 60, 102, 0, 0, 45.05%, 0, 0, 10, 811.51, 2510322, 41
4606, 62, 60, 102, 0, 0, 45.05%, 0, 0, 10, 813.92, 2514593, 41
4611, 62, 60, 102, 0, 0, 45.05%, 0, 0, 10, 817.58, 2518832, 41
4616, 62, 24, 102, 0, 0, 45.05%, 0, 0, 10, 803.25, 2522864, 41
4621, 62, 60, 102, 0, 0, 45.05%, 0, 0, 10, 821.66, 2527030, 41
4626, 62, 29, 102, 0, 0, 45.05%, 0, 0, 10, 815.35, 2531068, 41
4631, 62, 31, 102, 0, 0, 45.05%, 0, 0, 10, 773.72, 2534950, 41
4636, 62, 15, 102, 0, 0, 45.05%, 0, 0, 10, 830.34, 2539322, 41
4642, 62, 15, 102, 0, 0, 45.05%, 0, 0, 10, 814.54, 2543525, 41
4647, 62, 29, 102, 0, 0, 45.05%, 0, 0, 10, 812.58, 2547611, 41
4652, 63, 60, 102, 0, 0, 45.05%, 0, 0, 10, 787.05, 2551594, 41
4657, 63, 60, 102, 0, 0, 45.05%, 0, 0, 10, 783.42, 2555541, 41
4662, 63, 60, 102, 0, 0, 45.05%, 0, 0, 10, 813.60, 2559789, 41
4667, 63, 29, 102, 0, 0, 45.05%, 0, 0, 10, 805.22, 2563801, 41
4672, 63, 31, 102, 0, 0, 45.05%, 0, 0, 10, 783.59, 2567748, 41
4677, 63, 29, 102, 0, 0, 45.05%, 0, 0, 10, 788.79, 2571925, 41
4682, 63, 60, 102, 0, 0, 45.05%, 0, 0, 10, 807.21, 2576040, 41
4687, 63, 31, 102, 0, 0, 45.05%, 0, 0, 10, 816.44, 2580154, 41
4692, 63, 60, 102, 0, 0, 45.05%, 0, 0, 10, 822.49, 2584292, 41
4697, 64, 60, 102, 0, 0, 45.05%, 0, 0, 10, 799.56, 2588317, 41
4702, 64, 60, 102, 0, 0, 45.05%, 0, 0, 10, 807.58, 2592547, 41
4708, 64, 15, 102, 0, 0, 45.05%, 0, 0, 10, 812.93, 2596754, 41
4713, 64, 60, 102, 0, 0, 45.05%, 0, 0, 10, 829.32, 2601050, 41
4718, 64, 60, 102, 0, 0, 45.05%, 0, 0, 10, 826.98, 2605126, 41
4723, 64, 60, 102, 0, 0, 45.05%, 0, 0, 10, 822.18, 2609214, 41
4728, 64, 60, 102, 0, 0, 45.05%, 0, 0, 10, 830.06, 2613338, 41
4733, 64, 60, 102, 0, 0, 45.05%, 0, 0, 10, 841.93, 2617527, 41
4738, 64, 15, 102, 0, 0, 45.05%, 0, 0, 10, 822.76, 2621616, 41
4743, 64, 29, 102, 0, 0, 45.05%, 0, 0, 10, 786.31, 2625637, 41
4748, 65, 60, 102, 0, 0, 45.05%, 0, 0, 10, 808.70, 2629696, 41
4753, 65, 11, 102, 0, 0, 45.05%, 0, 0, 10, 817.19, 2633966, 41
4758, 65, 31, 102, 0, 0, 45.05%, 0, 0, 10, 808.89, 2638070, 41
4763, 65, 29, 102, 0, 0, 45.05%, 0, 0, 10, 811.44, 2642168, 41
4768, 65, 60, 102, 0, 0, 45.05%, 0, 0, 10, 790.84, 2646157, 41
4773, 65, 2, 102, 0, 0, 45.05%, 0, 0, 10, 794.22, 2650103, 41
4778, 65, 11, 102, 0, 0, 45.05%, 0, 0, 10, 808.91, 2654258, 41
4784, 65, 60, 102, 0, 0, 45.05%, 0, 0, 10, 824.72, 2658542, 41
4789, 65, 31, 102, 0, 0, 45.05%, 0, 0, 10, 807.96, 2662630, 41
4794, 65, 29, 102, 0, 0, 45.05%, 0, 0, 10, 833.83, 2666809, 41
4799, 66, 29, 102, 0, 0, 45.05%, 0, 0, 10, 822.93, 2671095, 41
4804, 66, 29, 102, 0, 0, 45.05%, 0, 0, 10, 814.10, 2675149, 41
4809, 66, 15, 102, 0, 0, 45.05%, 0, 0, 10, 810.24, 2679335, 41
4814, 66, 60, 102, 0, 0, 45.05%, 0, 0, 10, 826.74, 2683511, 41
4819, 66, 31, 102, 0, 0, 45.05%, 0, 0, 10, 817.46, 2687752, 41
4824, 66, 60, 102, 0, 0, 45.05%, 0, 0, 10, 796.32, 2691752, 41
4829, 66, 60, 102, 0, 0, 45.05%, 0, 0, 10, 823.81, 2695933, 41
4835, 66, 31, 102, 0, 0, 45.05%, 0, 0, 10, 819.21, 2700142, 41
4840, 66, 60, 102, 0, 0, 45.05%, 0, 0, 10, 819.75, 2704413, 41
4845, 66, 15, 102, 0, 0, 45.05%, 0, 0, 10, 824.33, 2708562, 41
4850, 66, 29, 102, 0, 0, 45.05%, 0, 0, 10, 840.53, 2712841, 41
4855, 67, 29, 102, 0, 0, 45.05%, 0, 0, 10, 825.88, 2717112, 41
4860, 67, 60, 102, 0, 0, 45.05%, 0, 0, 10, 823.49, 2721167, 41
4865, 67, 60, 102, 0, 0, 45.05%, 0, 0, 10, 816.79, 2725254, 41
4870, 67, 29, 102, 0, 0, 45.05%, 0, 0, 10, 808.07, 2729283, 41
4875, 67, 60, 102, 0, 0, 45.05%, 0, 0, 10, 795.22, 2733261, 41
4880, 67, 29, 102, 0, 0, 45.05%, 0, 0, 10, 793.43, 2737372, 41
4885, 67, 60, 102, 0, 0, 45.05%, 0, 0, 10, 814.52, 2741382, 41
4890, 67, 29, 102, 0, 0, 45.05%, 0, 0, 10, 769.59, 2745184, 41
4896, 67, 60, 102, 0, 0, 45.05%, 0, 0, 10, 753.47, 2749108, 41
4901, 68, 60, 102, 0, 0, 45.05%, 0, 0, 10, 808.00, 2753410, 41
4906, 68, 29, 102, 0, 0, 45.05%, 0, 0, 10, 822.58, 2757684, 41
4911, 68, 15, 102, 0, 0, 45.05%, 0, 0, 10, 809.36, 2761872, 41
4916, 68, 15, 102, 0, 0, 45.05%, 0, 0, 10, 802.95, 2766049, 41
4921, 68, 60, 102, 0, 0, 45.05%, 0, 0, 10, 805.56, 2770241, 41
4926, 68, 60, 102, 0, 0, 45.05%, 0, 0, 10, 809.88, 2774349, 41
4932, 68, 13, 102, 0, 0, 45.05%, 0, 0, 10, 792.65, 2778506, 41
4937, 68, 60, 102, 0, 0, 45.05%, 0, 0, 10, 805.07, 2782558, 41
4942, 68, 24, 102, 0, 0, 45.05%, 0, 0, 10, 816.38, 2786622, 41
4947, 69, 31, 102, 0, 0, 45.05%, 0, 0, 10, 811.70, 2790717, 41
4952, 69, 60, 102, 0, 0, 45.05%, 0, 0, 10, 814.68, 2794936, 41
4957, 69, 24, 102, 0, 0, 45.05%, 0, 0, 10, 809.09, 2799010, 41
4962, 69, 60, 102, 0, 0, 45.05%, 0, 0, 10, 805.09, 2803063, 41
4967, 69, 15, 102, 0, 0, 45.05%, 0, 0, 10, 811.27, 2807201, 41
4972, 69, 60, 102, 0, 0, 45.05%, 0, 0, 10, 786.34, 2811279, 41
4977, 69, 60, 102, 0, 0, 45.05%, 0, 0, 10, 796.10, 2815263, 41
4982, 69, 31, 102, 0, 0, 45.05%, 0, 0, 10, 797.87, 2819280, 41
4987, 69, 60, 102, 0, 0, 45.05%, 0, 0, 10, 798.11, 2823232, 41
4992, 69, 29, 102, 0, 0, 45.05%, 0, 0, 10, 814.30, 2827480, 41
4998, 70, 60, 102, 0, 0, 45.05%, 0, 0, 10, 804.76, 2831598, 41
5003, 70, 31, 102, 0, 0, 45.05%, 0, 0, 10, 774.36, 2835508, 41
5008, 70, 15, 102, 0, 0, 45.05%, 0, 0, 10, 815.17, 2839705, 41
5013, 70, 31, 102, 0, 0, 45.05%, 0, 0, 10, 820.34, 2843981, 41
5018, 70, 29, 102, 0, 0, 45.05%, 0, 0, 10, 838.40, 2848321, 41
5023, 70, 60, 102, 0, 0, 45.05%, 0, 0, 10, 808.04, 2852352, 41
5028, 70, 29, 102, 0, 0, 45.05%, 0, 0, 10, 811.65, 2856411, 41
5034, 70, 13, 102, 0, 0, 45.05%, 0, 0, 10, 821.43, 2860687, 41
5039, 70, 60, 102, 0, 0, 45.05%, 0, 0, 10, 811.61, 2864897, 41
5044, 71, 14, 102, 0, 0, 45.05%, 0, 0, 10, 784.26, 2868945, 41
5049, 71, 13, 102, 0, 0, 45.05%, 0, 0, 10, 798.94, 2873151, 41
5054, 71, 14, 102, 0, 0, 45.05%, 0, 0, 10, 778.55, 2877045, 41
5059, 71, 13, 102, 0, 0, 45.05%, 0, 0, 10, 800.79, 2881234, 41
5064, 71, 15, 102, 0, 0, 45.05%, 0, 0, 10, 823.76, 2885402, 41
5069, 71, 29, 102, 0, 0, 45.05%, 0, 0, 10, 795.05, 2889526, 41
5075, 71, 60, 102, 0, 0, 45.05%, 0, 0, 10, 795.82, 2893449, 41
5080, 71, 60, 102, 0, 0, 45.05%, 0, 0, 10, 808.65, 2897556, 41
5085, 71, 60, 102, 0, 0, 45.05%, 0, 0, 10, 827.72, 2901858, 41
5090, 71, 14, 102, 0, 0, 45.05%, 0, 0, 10, 799.49, 2905837, 41
5095, 72, 29, 102, 0, 0, 45.05%, 0, 0, 10, 821.22, 2909991, 41
5100, 72, 29, 102, 0, 0, 45.05%, 0, 0, 10, 814.23, 2914242, 41
5105, 72, 29, 102, 0, 0, 45.05%, 0, 0, 10, 807.82, 2918278, 41
5110, 72, 15, 102, 0, 0, 45.05%, 0, 0, 10, 822.89, 2922436, 41
5115, 72, 13, 102, 0, 0, 45.05%, 0, 0, 10, 840.38, 2926651, 41
5120, 72, 60, 102, 0, 0, 45.05%, 0, 0, 10, 820.47, 2930880, 41
5125, 72, 60, 102, 0, 0, 45.05%, 0, 0, 10, 795.60, 2934955, 41
5130, 72, 60, 102, 0, 0, 45.05%, 0, 0, 10, 813.27, 2939036, 41
5136, 72, 14, 102, 0, 0, 45.05%, 0, 0, 10, 816.60, 2943280, 41
5141, 72, 60, 102, 0, 0, 45.05%, 0, 0, 10, 797.46, 2947278, 41
5146, 72, 29, 102, 0, 0, 45.05%, 0, 0, 10, 798.04, 2951294, 41
5151, 73, 15, 102, 0, 0, 45.05%, 0, 0, 10, 811.06, 2955391, 41
5156, 73, 31, 102, 0, 0, 45.05%, 0, 0, 10, 824.88, 2959682, 41
5161, 73, 60, 102, 0, 0, 45.05%, 0, 0, 10, 820.98, 2963791, 41
5166, 73, 63, 102, 0, 0, 45.05%, 0, 0, 10, 810.28, 2967889, 41
5171, 73, 13, 102, 0, 0, 45.05%, 0, 0, 10, 824.51, 2972103, 41
5176, 73, 31, 102, 0, 0, 45.05%, 0, 0, 10, 816.90, 2976341, 41
5181, 73, 2, 102, 0, 0, 45.05%, 0, 0, 10, 800.37, 2980486, 41
5186, 73, 31, 102, 0, 0, 45.05%, 0, 0, 10, 798.08, 2984538, 41
5191, 74, 60, 102, 0, 0, 45.05%, 0, 0, 10, 807.14, 2988605, 41
5196, 74, 14, 102, 0, 0, 45.05%, 0, 0, 10, 805.03, 2992756, 41
5201, 74, 2, 102, 0, 0, 45.05%, 0, 0, 10, 797.89, 2996785, 41
5207, 74, 31, 102, 0, 0, 45.05%, 0, 0, 10, 812.49, 3001095, 41
5212, 74, 60, 102, 0, 0, 45.05%, 0, 0, 10, 801.43, 3005160, 41
5217, 74, 60, 102, 0, 0, 45.05%, 0, 0, 10, 781.90, 3009121, 41
5222, 74, 60, 102, 0, 0, 45.05%, 0, 0, 10, 807.41, 3013230, 41
5227, 74, 60, 102, 0, 0, 45.05%, 0, 0, 10, 814.32, 3017352, 41
5232, 74, 11, 102, 0, 0, 45.05%, 0, 0, 10, 820.20, 3021631, 41
5237, 75, 60, 102, 0, 0, 45.05%, 0, 0, 10, 827.70, 3025843, 41
5242, 75, 60, 102, 0, 0, 45.05%, 0, 0, 10, 832.89, 3029988, 41
5247, 75, 24, 102, 0, 0, 45.05%, 0, 0, 10, 828.41, 3034262, 41
5252, 75, 31, 102, 0, 0, 45.05%, 0, 0, 10, 793.47, 3038271, 41
5257, 75, 60, 102, 0, 0, 45.05%, 0, 0, 10, 807.58, 3042337, 41
5262, 75, 31, 102, 0, 0, 45.05%, 0, 0, 10, 811.01, 3046582, 41
5267, 75, 60, 102, 0, 0, 45.05%, 0, 0, 10, 818.11, 3050690, 41
5273, 75, 29, 102, 0, 0, 45.05%, 0, 0, 10, 783.92, 3054778, 41
5278, 75, 60, 102, 0, 0, 45.05%, 0, 0, 10, 817.20, 3059036, 41
5283, 75, 14, 102, 0, 0, 45.05%, 0, 0, 10, 793.68, 3063007, 41
5288, 76, 24, 102, 0, 0, 45.05%, 0, 0, 10, 809.49, 3067147, 41
5293, 76, 14, 102, 0, 0, 45.05%, 0, 0, 10, 819.88, 3071399, 41
5298, 76, 29, 102, 0, 0, 45.05%, 0, 0, 10, 831.82, 3075729, 41
5303, 76, 60, 102, 0, 0, 45.05%, 0, 0, 10, 831.45, 3080002, 41
5308, 76, 29, 102, 0, 0, 45.05%, 0, 0, 10, 825.11, 3084096, 41
5313, 76, 60, 102, 0, 0, 45.05%, 0, 0, 10, 819.20, 3088235, 41
5319, 76, 29, 102, 0, 0, 45.05%, 0, 0, 10, 815.83, 3092380, 41
5324, 76, 31, 102, 0, 0, 45.05%, 0, 0, 10, 826.67, 3096604, 41
5329, 76, 11, 102, 0, 0, 45.05%, 0, 0, 10, 829.21, 3100821, 41
5334, 76, 60, 102, 0, 0, 45.05%, 0, 0, 10, 814.48, 3104961, 41
5339, 77, 60, 102, 0, 0, 45.05%, 0, 0, 10, 811.54, 3109101, 41
5344, 77, 81, 102, 0, 0, 45.05%, 0, 0, 10, 790.63, 3112928, 41
5350, 77, 60, 102, 0, 0, 45.05%, 0, 0, 10, 816.23, 3117194, 41
5355, 77, 24, 102, 0, 0, 45.05%, 0, 0, 10, 800.40, 3121261, 41
5360, 77, 60, 102, 0, 0, 45.05%, 0, 0, 10, 801.63, 3125319, 41
5365, 77, 29, 102, 0, 0, 45.05%, 0, 0, 10, 823.67, 3129495, 41
5370, 77, 29, 102, 0, 0, 45.05%, 0, 0, 10, 824.98, 3133644, 41
5375, 77, 24, 102, 0, 0, 45.05%, 0, 0, 10, 808.19, 3137655, 41
5380, 77, 2, 102, 0, 0, 45.05%, 0, 0, 10, 781.34, 3141706, 41
5385, 78, 15, 102, 0, 0, 45.05%, 0, 0, 10, 810.98, 3145814, 41
5390, 78, 37, 102, 0, 0, 45.05%, 0, 0, 10, 824.08, 3150041, 41
5395, 78, 60, 102, 0, 0, 45.05%, 0, 0, 10, 808.40, 3154215, 41
5400, 78, 60, 102, 0, 0, 45.05%, 0, 0, 10, 803.71, 3158209, 41
5405, 78, 60, 102, 0, 0, 45.05%, 0, 0, 10, 793.23, 3162342, 41
5411, 78, 15, 102, 0, 0, 45.05%, 0, 0, 10, 813.36, 3166565, 41
5416, 78, 29, 102, 0, 0, 45.05%, 0, 0, 10, 807.52, 3170708, 41
5421, 78, 60, 102, 0, 0, 45.05%, 0, 0, 10, 821.95, 3174979, 41
5426, 78, 60, 102, 0, 0, 45.05%, 0, 0, 10, 802.33, 3179019, 41
5431, 78, 60, 102, 0, 0, 45.05%, 0, 0, 10, 791.07, 3183008, 41
5436, 79, 60, 102, 0, 0, 45.05%, 0, 0, 10, 813.02, 3187189, 41
5441, 79, 24, 102, 0, 0, 45.05%, 0, 0, 10, 804.84, 3191373, 41
5446, 79, 60, 102, 0, 0, 45.05%, 0, 0, 10, 800.71, 3195509, 41
5452, 79, 13, 102, 0, 0, 45.05%, 0, 0, 10, 814.30, 3199755, 41
5457, 79, 15, 102, 0, 0, 45.05%, 0, 0, 10, 800.73, 3203898, 41
5462, 79, 29, 102, 0, 0, 45.05%, 0, 0, 10, 815.36, 3208028, 41
5467, 79, 60, 102, 0, 0, 45.05%, 0, 0, 10, 819.67, 3212210, 41
5472, 79, 29, 102, 0, 0, 45.05%, 0, 0, 10, 826.55, 3216490, 41
5477, 80, 60, 102, 0, 0, 45.05%, 0, 0, 10, 819.92, 3220614, 41
5482, 80, 60, 102, 0, 0, 45.05%, 0, 0, 10, 800.87, 3224604, 41
5487, 80, 24, 102, 0, 0, 45.05%, 0, 0, 10, 781.85, 3228521, 41
5492, 80, 2, 102, 0, 0, 45.05%, 0, 0, 10, 793.26, 3232560, 41
5497, 80, 24, 102, 0, 0, 45.05%, 0, 0, 10, 803.18, 3236774, 41
5502, 80, 31, 102, 0, 0, 45.05%, 0, 0, 10, 813.15, 3240877, 41
5508, 80, 83, 102, 0, 0, 45.05%, 0, 0, 10, 801.89, 3245071, 41
5513, 80, 13, 102, 0, 0, 45.05%, 0, 0, 10, 801.16, 3249130, 41
5518, 80, 60, 102, 0, 0, 45.05%, 0, 0, 10, 807.57, 3253312, 41
5523, 80, 29, 102, 0, 0, 45.05%, 0, 0, 10, 824.05, 3257596, 41
5528, 81, 60, 102, 0, 0, 45.05%, 0, 0, 10, 833.53, 3261803, 41
5533, 81, 60, 102, 0, 0, 45.05%, 0, 0, 10, 818.38, 3266018, 41
5538, 81, 60, 102, 0, 0, 45.05%, 0, 0, 10, 818.94, 3270097, 41
5543, 81, 60, 102, 0, 0, 45.05%, 0, 0, 10, 839.57, 3274394, 41
5549, 81, 13, 102, 0, 0, 45.05%, 0, 0, 10, 788.28, 3278300, 41
5554, 81, 60, 102, 0, 0, 45.05%, 0, 0, 10, 814.48, 3282532, 41
5559, 81, 11, 102, 0, 0, 45.05%, 0, 0, 10, 820.94, 3286764, 41
5564, 81, 24, 102, 0, 0, 45.05%, 0, 0, 10, 790.35, 3290691, 41
5569, 81, 14, 102, 0, 0, 45.05%, 0, 0, 10, 827.28, 3294886, 41
5574, 81, 29, 102, 0, 0, 45.05%, 0, 0, 10, 833.84, 3299215, 41
5579, 82, 29, 102, 0, 0, 45.05%, 0, 0, 10, 818.95, 3303319, 41
5584, 82, 11, 102, 0, 0, 45.05%, 0, 0, 10, 815.76, 3307422, 41
5589, 82, 60, 102, 0, 0, 45.05%, 0, 0, 10, 827.76, 3311618, 41
5594, 82, 60, 102, 0, 0, 45.05%, 0, 0, 10, 820.15, 3315867, 41
5599, 82, 2, 102, 0, 0, 45.05%, 0, 0, 10, 826.60, 3320043, 41
5604, 82, 60, 102, 0, 0, 45.05%, 0, 0, 10, 816.68, 3324123, 41
5609, 82, 60, 102, 0, 0, 45.05%, 0, 0, 10, 808.71, 3328162, 41
5614, 82, 13, 102, 0, 0, 45.05%, 0, 0, 10, 793.20, 3332136, 41
5619, 82, 29, 102, 0, 0, 45.05%, 0, 0, 10, 809.18, 3336203, 41
5625, 82, 60, 102, 0, 0, 45.05%, 0, 0, 10, 818.25, 3340313, 41
5630, 82, 15, 102, 0, 0, 45.05%, 0, 0, 10, 812.62, 3344396, 41
5635, 83, 60, 102, 0, 0, 45.05%, 0, 0, 10, 811.02, 3348600, 41
5640, 83, 2, 102, 0, 0, 45.05%, 0, 0, 10, 825.10, 3352918, 41
5645, 83, 13, 102, 0, 0, 45.05%, 0, 0, 10, 803.17, 3356962, 41
5650, 83, 60, 102, 0, 0, 45.05%, 0, 0, 10, 812.03, 3361145, 41
5655, 83, 60, 102, 0, 0, 45.05%, 0, 0, 10, 810.16, 3365347, 41
5661, 83, 60, 102, 0, 0, 45.05%, 0, 0, 10, 785.68, 3369433, 41
5666, 83, 13, 102, 0, 0, 45.05%, 0, 0, 10, 789.15, 3373490, 41
5671, 83, 14, 102, 0, 0, 45.05%, 0, 0, 10, 810.55, 3377738, 41
5676, 83, 60, 102, 0, 0, 45.05%, 0, 0, 10, 812.98, 3381844, 41
5681, 84, 60, 102, 0, 0, 45.05%, 0, 0, 10, 810.93, 3385941, 41
5686, 84, 15, 102, 0, 0, 45.05%, 0, 0, 10, 805.19, 3390135, 41
5691, 84, 31, 102, 0, 0, 45.05%, 0, 0, 10, 807.57, 3394394, 41
5696, 84, 60, 102, 0, 0, 45.05%, 0, 0, 10, 824.04, 3398686, 41
5702, 84, 24, 102, 0, 0, 45.05%, 0, 0, 10, 810.91, 3402939, 41
5707, 84, 60, 102, 0, 0, 45.05%, 0, 0, 10, 804.95, 3407162, 41
5712, 84, 13, 102, 0, 0, 45.05%, 0, 0, 10, 787.03, 3411154, 41
5717, 84, 13, 102, 0, 0, 45.05%, 0, 0, 10, 804.47, 3415220, 41
5722, 84, 29, 102, 0, 0, 45.05%, 0, 0, 10, 782.33, 3419182, 41
5727, 85, 13, 102, 0, 0, 45.05%, 0, 0, 10, 807.90, 3423464, 41
5732, 85, 2, 102, 0, 0, 45.05%, 0, 0, 10, 803.24, 3427612, 41
5737, 85, 60, 102, 0, 0, 45.05%, 0, 0, 10, 818.17, 3431774, 41
5742, 85, 60, 102, 0, 0, 45.05%, 0, 0, 10, 817.73, 3435952, 41
5748, 85, 60, 102, 0, 0, 45.05%, 0, 0, 10, 813.67, 3440164, 41
5753, 85, 60, 102, 0, 0, 45.05%, 0, 0, 10, 821.95, 3444317, 41
5758, 85, 60, 102, 0, 0, 45.05%, 0, 0, 10, 807.85, 3448456, 41
5763, 85, 29, 102, 0, 0, 45.05%, 0, 0, 10, 810.63, 3452521, 41
5768, 85, 11, 102, 0, 0, 45.05%, 0, 0, 10, 817.06, 3456777, 41
5773, 85, 14, 102, 0, 0, 45.05%, 0, 0, 10, 793.67, 3460719, 41
5778, 86, 29, 102, 0, 0, 45.05%, 0, 0, 10, 823.83, 3464867, 41
5783, 86, 60, 102, 0, 0, 45.05%, 0, 0, 10, 839.88, 3469097, 41
5788, 86, 31, 102, 0, 0, 45.05%, 0, 0, 10, 832.40, 3473257, 41
5793, 86, 14, 102, 0, 0, 45.05%, 0, 0, 10, 798.43, 3477221, 41
5798, 86, 29, 102, 0, 0, 45.05%, 0, 0, 10, 821.21, 3481491, 41
5803, 86, 29, 102, 0, 0, 45.05%, 0, 0, 10, 831.31, 3485770, 41
5809, 86, 60, 102, 0, 0, 45.05%, 0, 0, 10, 842.28, 3489951, 41
5814, 86, 29, 102, 0, 0, 45.05%, 0, 0, 10, 800.83, 3494013, 41
5819, 86, 60, 102, 0, 0, 45.05%, 0, 0, 10, 805.54, 3498049, 41
5824, 87, 60, 102, 0, 0, 45.05%, 0, 0, 10, 813.94, 3502072, 41
5829, 87, 60, 102, 0, 0, 45.05%, 0, 0, 10, 831.66, 3506413, 41
5834, 87, 60, 102, 0, 0, 45.05%, 0, 0, 10, 831.10, 3510650, 41
5839, 87, 60, 102, 0, 0, 45.05%, 0, 0, 10, 812.87, 3514783, 41
5844, 87, 60, 102, 0, 0, 45.05%, 0, 0, 10, 806.40, 3518927, 41
5850, 87, 60, 102, 0, 0, 45.05%, 0, 0, 10, 810.96, 3523150, 41
5855, 87, 60, 102, 0, 0, 45.05%, 0, 0, 10, 812.31, 3527367, 41
5860, 87, 29, 102, 0, 0, 45.05%, 0, 0, 10, 827.03, 3531653, 41
5865, 87, 13, 102, 0, 0, 45.05%, 0, 0, 10, 799.56, 3535837, 41
5870, 87, 15, 102, 0, 0, 45.05%, 0, 0, 10, 819.56, 3540094, 41
5875, 88, 24, 102, 0, 0, 45.05%, 0, 0, 10, 804.52, 3544161, 41
5881, 88, 14, 102, 0, 0, 45.05%, 0, 0, 10, 806.02, 3548231, 41
5886, 88, 2, 102, 0, 0, 45.05%, 0, 0, 10, 785.35, 3552234, 41
5891, 88, 13, 102, 0, 0, 45.05%, 0, 0, 10, 806.58, 3556423, 41
5896, 88, 29, 102, 0, 0, 45.05%, 0, 0, 10, 805.73, 3560639, 41
5901, 88, 60, 102, 0, 0, 45.05%, 0, 0, 10, 815.11, 3564810, 41
5906, 88, 60, 102, 0, 0, 45.05%, 0, 0, 10, 830.17, 3569125, 41
5911, 88, 60, 102, 0, 0, 45.05%, 0, 0, 10, 793.29, 3573105, 41
5916, 89, 60, 102, 0, 0, 45.05%, 0, 0, 10, 817.13, 3577345, 41
5922, 89, 14, 102, 0, 0, 45.05%, 0, 0, 10, 821.36, 3581579, 41
5927, 89, 60, 102, 0, 0, 45.05%, 0, 0, 10, 837.61, 3585787, 41
5932, 89, 31, 102, 0, 0, 45.05%, 0, 0, 10, 822.63, 3589883, 41
5937, 89, 29, 102, 0, 0, 45.05%, 0, 0, 10, 791.82, 3593782, 41
5942, 89, 24, 102, 0, 0, 45.05%, 0, 0, 10, 801.49, 3597869, 41
5947, 89, 60, 102, 0, 0, 45.05%, 0, 0, 10, 819.52, 3601981, 41
5952, 89, 60, 102, 0, 0, 45.05%, 0, 0, 10, 822.70, 3606274, 41
5957, 89, 60, 102, 0, 0, 45.05%, 0, 0, 10, 814.65, 3610438, 41
5962, 89, 29, 102, 0, 0, 45.05%, 0, 0, 10, 795.74, 3614445, 41
5967, 90, 29, 102, 0, 0, 45.05%, 0, 0, 10, 801.33, 3618506, 41
5972, 90, 15, 102, 0, 0, 45.05%, 0, 0, 10, 825.80, 3622649, 41
5977, 90, 29, 102, 0, 0, 45.05%, 0, 0, 10, 803.57, 3626654, 41
5982, 90, 15, 102, 0, 0, 45.05%, 0, 0, 10, 794.84, 3630689, 41
5987, 90, 15, 102, 0, 0, 45.05%, 0, 0, 10, 794.51, 3634817, 41
5992, 90, 29, 102, 0, 0, 45.05%, 0, 0, 10, 804.60, 3638816, 41
5997, 90, 60, 102, 0, 0, 45.05%, 0, 0, 10, 822.91, 3643052, 41
6003, 90, 60, 102, 0, 0, 45.05%, 0, 0, 10, 784.63, 3646999, 41
6008, 90, 29, 102, 0, 0, 45.05%, 0, 0, 10, 759.96, 3650918, 41
6013, 90, 31, 102, 0, 0, 45.05%, 0, 0, 10, 765.32, 3654801, 41
6018, 91, 29, 102, 0, 0, 45.05%, 0, 0, 10, 803.62, 3659018, 41
6023, 91, 29, 102, 0, 0, 45.05%, 0, 0, 10, 817.60, 3663309, 41
6028, 91, 15, 102, 0, 0, 45.05%, 0, 0, 10, 815.59, 3667553, 41
6033, 91, 60, 102, 0, 0, 45.05%, 0, 0, 10, 787.71, 3671460, 41
6038, 91, 60, 102, 0, 0, 45.05%, 0, 0, 10, 816.26, 3675724, 41
6043, 91, 60, 102, 0, 0, 45.05%, 0, 0, 10, 817.49, 3679863, 41
6049, 91, 14, 102, 0, 0, 45.05%, 0, 0, 10, 807.79, 3683926, 41
6054, 91, 29, 102, 0, 0, 45.05%, 0, 0, 10, 815.80, 3688167, 41
6059, 91, 11, 102, 0, 0, 45.05%, 0, 0, 10, 811.98, 3692375, 41
6064, 92, 60, 102, 0, 0, 45.05%, 0, 0, 10, 804.99, 3696343, 41
6069, 92, 24, 102, 0, 0, 45.05%, 0, 0, 10, 817.81, 3700574, 41
6074, 92, 14, 102, 0, 0, 45.05%, 0, 0, 10, 812.67, 3704670, 41
6079, 92, 60, 102, 0, 0, 45.05%, 0, 0, 10, 815.73, 3708834, 41
6084, 92, 14, 102, 0, 0, 45.05%, 0, 0, 10, 817.65, 3712939, 41
6089, 92, 60, 102, 0, 0, 45.05%, 0, 0, 10, 816.05, 3717006, 41
6095, 92, 60, 102, 0, 0, 45.05%, 0, 0, 10, 822.73, 3721226, 41
6100, 92, 29, 102, 0, 0, 45.05%, 0, 0, 10, 823.87, 3725346, 41
6105, 92, 15, 102, 0, 0, 45.05%, 0, 0, 10, 810.31, 3729369, 41
6110, 92, 15, 102, 0, 0, 45.05%, 0, 0, 10, 800.11, 3733419, 41
6115, 93, 24, 102, 0, 0, 45.05%, 0, 0, 10, 803.57, 3737530, 41
6120, 93, 14, 102, 0, 0, 45.05%, 0, 0, 10, 802.05, 3741565, 41
6125, 93, 60, 102, 0, 0, 45.05%, 0, 0, 10, 786.80, 3745563, 41
6130, 93, 31, 102, 0, 0, 45.05%, 0, 0, 10, 815.20, 3749864, 41
6135, 93, 60, 102, 0, 0, 45.05%, 0, 0, 10, 811.55, 3754122, 41
6140, 93, 60, 102, 0, 0, 45.05%, 0, 0, 10, 816.47, 3758301, 41
6145, 93, 29, 102, 0, 0, 45.05%, 0, 0, 10, 823.52, 3762445, 41
6150, 93, 60, 102, 0, 0, 45.05%, 0, 0, 10, 805.25, 3766480, 41
6155, 93, 15, 102, 0, 0, 45.05%, 0, 0, 10, 822.81, 3770623, 41
6160, 93, 29, 102, 0, 0, 45.05%, 0, 0, 10, 809.90, 3774676, 41
6166, 93, 13, 102, 0, 0, 45.05%, 0, 0, 10, 814.53, 3778887, 41
6171, 94, 15, 102, 0, 0, 45.05%, 0, 0, 10, 791.22, 3782924, 41
6176, 94, 60, 102, 0, 0, 45.05%, 0, 0, 10, 810.66, 3787205, 41
6181, 94, 15, 102, 0, 0, 45.05%, 0, 0, 10, 814.88, 3791297, 41
6186, 94, 29, 102, 0, 0, 45.05%, 0, 0, 10, 800.59, 3795367, 41
6191, 94, 60, 102, 0, 0, 45.05%, 0, 0, 10, 807.68, 3799415, 41
6196, 94, 15, 102, 0, 0, 45.05%, 0, 0, 10, 806.37, 3803492, 41
6201, 94, 31, 102, 0, 0, 45.05%, 0, 0, 10, 799.60, 3807489, 41
6206, 94, 31, 102, 0, 0, 45.05%, 0, 0, 10, 800.99, 3811667, 41
6211, 94, 60, 102, 0, 0, 45.05%, 0, 0, 10, 821.76, 3815997, 41
6216, 95, 24, 102, 0, 0, 45.05%, 0, 0, 10, 810.68, 3820093, 41
6222, 95, 60, 102, 0, 0, 45.05%, 0, 0, 10, 820.19, 3824449, 41
6227, 95, 29, 102, 0, 0, 45.05%, 0, 0, 10, 806.00, 3828455, 41
6232, 95, 29, 102, 0, 0, 45.05%, 0, 0, 10, 811.38, 3832550, 41
6237, 95, 60, 102, 0, 0, 45.05%, 0, 0, 10, 820.45, 3836824, 41
6242, 95, 29, 102, 0, 0, 45.05%, 0, 0, 10, 824.80, 3841121, 41
6247, 95, 60, 102, 0, 0, 45.05%, 0, 0, 10, 814.12, 3845162, 41
6252, 95, 13, 102, 0, 0, 45.05%, 0, 0, 10, 817.32, 3849284, 41
6257, 95, 15, 102, 0, 0, 45.05%, 0, 0, 10, 795.78, 3853321, 41
6262, 95, 29, 102, 0, 0, 45.05%, 0, 0, 10, 803.81, 3857497, 41
6267, 96, 15, 102, 0, 0, 45.05%, 0, 0, 10, 806.41, 3861557, 41
6272, 96, 60, 102, 0, 0, 45.05%, 0, 0, 10, 789.15, 3865499, 41
6277, 96, 15, 102, 0, 0, 45.05%, 0, 0, 10, 792.59, 3869676, 41
6283, 96, 31, 102, 0, 0, 45.05%, 0, 0, 10, 781.65, 3873737, 41
6288, 96, 60, 102, 0, 0, 45.05%, 0, 0, 10, 795.11, 3877902, 41
6293, 96, 60, 102, 0, 0, 45.05%, 0, 0, 10, 819.96, 3882197, 41
6298, 96, 60, 102, 0, 0, 45.05%, 0, 0, 10, 818.93, 3886343, 41
6303, 96, 60, 102, 0, 0, 45.05%, 0, 0, 10, 825.92, 3890523, 41
6308, 96, 14, 102, 0, 0, 45.05%, 0, 0, 10, 800.70, 3894467, 41
6313, 96, 31, 102, 0, 0, 45.05%, 0, 0, 10, 815.54, 3898700, 41
6318, 97, 29, 102, 0, 0, 45.05%, 0, 0, 10, 823.89, 3902995, 41
6323, 97, 15, 102, 0, 0, 45.05%, 0, 0, 10, 807.87, 3907042, 41
6328, 97, 60, 102, 0, 0, 45.05%, 0, 0, 10, 830.44, 3911206, 41
6334, 97, 60, 102, 0, 0, 45.05%, 0, 0, 10, 842.45, 3915561, 41
6339, 97, 29, 102, 0, 0, 45.05%, 0, 0, 10, 821.29, 3919821, 41
6344, 97, 11, 102, 0, 0, 45.05%, 0, 0, 10, 827.58, 3924135, 41
6349, 97, 60, 102, 0, 0, 45.05%, 0, 0, 10, 789.66, 3928173, 41
6354, 97, 60, 102, 0, 0, 45.05%, 0, 0, 10, 821.16, 3932360, 41
6359, 97, 60, 102, 0, 0, 45.05%, 0, 0, 10, 830.26, 3936602, 41
6365, 98, 29, 102, 0, 0, 45.05%, 0, 0, 10, 822.07, 3940809, 41
6370, 98, 11, 102, 0, 0, 45.05%, 0, 0, 10, 818.69, 3944867, 41
6375, 98, 60, 102, 0, 0, 45.05%, 0, 0, 10, 808.93, 3949076, 41
6380, 98, 31, 102, 0, 0, 45.05%, 0, 0, 10, 829.60, 3953251, 41
6385, 98, 60, 102, 0, 0, 45.05%, 0, 0, 10, 829.44, 3957395, 41
6390, 98, 11, 102, 0, 0, 45.05%, 0, 0, 10, 827.10, 3961704, 41
6395, 98, 31, 102, 0, 0, 45.05%, 0, 0, 10, 836.03, 3966012, 41
6400, 98, 60, 102, 0, 0, 45.05%, 0, 0, 10, 816.32, 3970007, 41
6405, 98, 29, 102, 0, 0, 45.05%, 0, 0, 10, 797.04, 3974079, 41
6410, 99, 29, 102, 0, 0, 45.05%, 0, 0, 10, 815.14, 3978294, 41
6416, 99, 29, 102, 0, 0, 45.05%, 0, 0, 10, 812.58, 3982536, 41
6421, 99, 68, 102, 0, 0, 45.05%, 0, 0, 10, 813.84, 3986620, 41
6426, 99, 31, 102, 0, 0, 45.05%, 0, 0, 10, 811.14, 3990699, 41
6431, 99, 60, 102, 0, 0, 45.05%, 0, 0, 10, 802.56, 3994860, 41
6436, 99, 60, 102, 0, 0, 45.05%, 0, 0, 10, 803.95, 3999037, 41
6441, 99, 60, 102, 0, 0, 45.05%, 0, 0, 10, 794.24, 4003005, 41
6446, 99, 60, 102, 0, 0, 45.05%, 0, 0, 10, 826.18, 4007306, 41
6451, 99, 2, 102, 0, 0, 45.05%, 0, 0, 10, 790.45, 4011346, 41
6457, 100, 60, 102, 0, 0, 45.05%, 0, 0, 10, 817.06, 4015609, 41
6462, 100, 29, 102, 0, 0, 45.05%, 0, 0, 10, 819.56, 4019807, 41
6467, 100, 60, 102, 0, 0, 45.05%, 0, 0, 10, 823.07, 4023958, 41
6472, 100, 60, 102, 0, 0, 45.05%, 0, 0, 10, 831.61, 4028111, 41
6477, 100, 29, 102, 0, 0, 45.05%, 0, 0, 10, 801.62, 4032216, 41
6482, 100, 60, 102, 0, 0, 45.05%, 0, 0, 10, 789.89, 4036241, 41
6487, 100, 29, 102, 0, 0, 45.05%, 0, 0, 10, 788.69, 4040278, 41
6492, 100, 31, 102, 0, 0, 45.05%, 0, 0, 10, 806.05, 4044357, 41
6497, 100, 13, 102, 0, 0, 45.05%, 0, 0, 10, 825.93, 4048660, 41
6502, 101, 29, 102, 0, 0, 45.05%, 0, 0, 10, 823.57, 4052853, 41
6507, 101, 15, 102, 0, 0, 45.05%, 0, 0, 10, 836.99, 4057019, 41
6513, 101, 11, 102, 0, 0, 45.05%, 0, 0, 10, 821.40, 4061267, 41
6518, 101, 29, 102, 0, 0, 45.05%, 0, 0, 10, 828.51, 4065406, 41
6523, 101, 29, 102, 0, 0, 45.05%, 0, 0, 10, 843.95, 4069826, 41
6528, 101, 60, 102, 0, 0, 45.05%, 0, 0, 10, 833.63, 4074138, 41
6533, 101, 29, 102, 0, 0, 45.05%, 0, 0, 10, 815.69, 4078174, 41
6538, 101, 24, 102, 0, 0, 45.05%, 0, 0, 10, 811.63, 4082262, 41
6543, 101, 60, 102, 0, 0, 45.05%, 0, 0, 10, 811.14, 4086469, 41
6548, 102, 64, 102, 0, 0, 45.05%, 0, 0, 10, 816.06, 4090711, 41
6553, 102, 29, 102, 0, 0, 45.05%, 0, 0, 10, 805.05, 4094879, 41
6559, 102, 15, 102, 0, 0, 45.05%, 0, 0, 10, 791.56, 4098960, 41
6564, 102, 29, 102, 0, 0, 45.05%, 0, 0, 10, 810.36, 4103081, 41
6569, 102, 60, 102, 0, 0, 45.05%, 0, 0, 10, 802.24, 4107122, 41
6574, 102, 24, 102, 0, 0, 45.05%, 0, 0, 10, 794.21, 4111207, 41
6579, 102, 29, 102, 0, 0, 45.05%, 0, 0, 10, 824.45, 4115312, 41
6584, 102, 29, 102, 0, 0, 45.05%, 0, 0, 10, 793.82, 4119416, 41
6589, 102, 29, 102, 0, 0, 45.05%, 0, 0, 10, 807.38, 4123454, 41
6594, 102, 29, 102, 0, 0, 45.05%, 0, 0, 10, 816.59, 4127502, 41
6599, 103, 29, 102, 0, 0, 45.05%, 0, 0, 10, 815.88, 4131548, 41
6604, 103, 29, 102, 0, 0, 45.05%, 0, 0, 10, 826.31, 4135872, 41
6609, 103, 58, 102, 0, 0, 45.05%, 0, 0, 10, 824.54, 4140001, 41
6614, 103, 60, 102, 0, 0, 45.05%, 0, 0, 10, 827.72, 4144177, 41
6620, 103, 11, 102, 0, 0, 45.05%, 0, 0, 10, 804.75, 4148201, 41
6625, 103, 15, 102, 0, 0, 45.05%, 0, 0, 10, 810.37, 4152316, 41
6630, 103, 29, 102, 0, 0, 45.05%, 0, 0, 10, 833.94, 4156552, 41
6635, 103, 24, 102, 0, 0, 45.05%, 0, 0, 10, 817.12, 4160721, 41
6640, 103, 60, 102, 0, 0, 45.05%, 0, 0, 10, 796.28, 4164657, 41
6645, 103, 29, 102, 0, 0, 45.05%, 0, 0, 10, 840.69, 4169039, 41
6650, 104, 14, 102, 0, 0, 45.05%, 0, 0, 10, 791.63, 4173030, 41
6655, 104, 2, 102, 0, 0, 45.05%, 0, 0, 10, 814.13, 4177167, 41
6660, 104, 24, 102, 0, 0, 45.05%, 0, 0, 10, 808.82, 4181439, 41
6665, 104, 60, 102, 0, 0, 45.05%, 0, 0, 10, 802.16, 4185527, 41
6670, 104, 14, 102, 0, 0, 45.05%, 0, 0, 10, 801.30, 4189563, 41
6675, 104, 60, 102, 0, 0, 45.05%, 0, 0, 10, 801.20, 4193703, 41
6681, 104, 60, 102, 0, 0, 45.05%, 0, 0, 10, 803.88, 4197781, 41
6686, 104, 29, 102, 0, 0, 45.05%, 0, 0, 10, 816.53, 4202079, 41
6691, 104, 31, 102, 0, 0, 45.05%, 0, 0, 10, 811.80, 4206174, 41
6696, 104, 31, 102, 0, 0, 45.05%, 0, 0, 10, 813.95, 4210264, 41
6701, 105, 2, 102, 0, 0, 45.05%, 0, 0, 10, 793.88, 4214227, 41
6706, 105, 60, 102, 0, 0, 45.05%, 0, 0, 10, 809.46, 4218279, 41
6711, 105, 60, 102, 0, 0, 45.05%, 0, 0, 10, 801.55, 4222314, 41
6716, 105, 14, 102, 0, 0, 45.05%, 0, 0, 10, 808.32, 4226507, 41
6721, 105, 29, 102, 0, 0, 45.05%, 0, 0, 10, 741.10, 4230299, 41
6726, 105, 60, 102, 0, 0, 45.05%, 0, 0, 10, 819.42, 4234521, 41
6731, 105, 60, 102, 0, 0, 45.05%, 0, 0, 10, 815.77, 4238698, 41
6736, 105, 24, 102, 0, 0, 45.05%, 0, 0, 10, 797.30, 4242750, 41
6741, 105, 60, 102, 0, 0, 45.05%, 0, 0, 10, 817.05, 4247107, 41
6747, 105, 13, 102, 0, 0, 45.05%, 0, 0, 10, 825.17, 4251406, 41
6752, 105, 60, 102, 0, 0, 45.05%, 0, 0, 10, 805.47, 4255544, 41
6757, 106, 24, 102, 0, 0, 45.05%, 0, 0, 10, 827.29, 4259719, 41
6762, 106, 13, 102, 0, 0, 45.05%, 0, 0, 10, 830.73, 4264014, 41
6767, 106, 29, 102, 0, 0, 45.05%, 0, 0, 10, 812.54, 4268228, 41
6772, 106, 31, 102, 0, 0, 45.05%, 0, 0, 10, 807.10, 4272345, 41
6777, 106, 31, 102, 0, 0, 45.05%, 0, 0, 10, 775.52, 4276199, 41
6782, 106, 15, 102, 0, 0, 45.05%, 0, 0, 10, 811.65, 4280332, 41
6788, 106, 29, 102, 0, 0, 45.05%, 0, 0, 10, 812.56, 4284506, 41
6793, 106, 60, 102, 0, 0, 45.05%, 0, 0, 10, 795.32, 4288477, 41
6798, 106, 29, 102, 0, 0, 45.05%, 0, 0, 10, 848.17, 4292560, 41
6803, 106, 60, 102, 0, 0, 45.05%, 0, 0, 10, 811.84, 4296539, 41
6808, 107, 29, 102, 0, 0, 45.05%, 0, 0, 10, 781.24, 4300457, 41
6813, 107, 60, 102, 0, 0, 45.05%, 0, 0, 10, 801.45, 4304456, 41
6818, 107, 24, 102, 0, 0, 45.05%, 0, 0, 10, 795.66, 4308375, 41
6823, 107, 2, 102, 0, 0, 45.05%, 0, 0, 10, 779.84, 4312453, 41
6828, 107, 13, 102, 0, 0, 45.05%, 0, 0, 10, 820.80, 4316577, 41
6833, 107, 29, 102, 0, 0, 45.05%, 0, 0, 10, 817.88, 4320685, 41
6838, 107, 29, 102, 0, 0, 45.05%, 0, 0, 10, 810.15, 4324694, 41
6843, 107, 60, 102, 0, 0, 45.05%, 0, 0, 10, 797.36, 4328687, 41
6848, 107, 15, 102, 0, 0, 45.05%, 0, 0, 10, 826.43, 4332847, 41
6853, 108, 60, 102, 0, 0, 45.05%, 0, 0, 10, 802.01, 4336807, 41
6858, 108, 60, 102, 0, 0, 45.05%, 0, 0, 10, 827.71, 4341039, 41
6863, 108, 60, 102, 0, 0, 45.05%, 0, 0, 10, 817.00, 4345083, 41
6869, 108, 29, 102, 0, 0, 45.05%, 0, 0, 10, 806.92, 4349303, 41
6874, 108, 60, 102, 0, 0, 45.05%, 0, 0, 10, 815.16, 4353497, 41
6879, 108, 31, 102, 0, 0, 45.05%, 0, 0, 10, 798.02, 4357601, 41
6884, 108, 14, 102, 0, 0, 45.05%, 0, 0, 10, 803.61, 4361634, 41
6889, 108, 13, 102, 0, 0, 45.05%, 0, 0, 10, 801.87, 4365620, 41
6894, 108, 60, 102, 0, 0, 45.05%, 0, 0, 10, 806.32, 4369669, 41
6899, 108, 13, 102, 0, 0, 45.05%, 0, 0, 10, 806.99, 4373848, 41
6904, 109, 13, 102, 0, 0, 45.05%, 0, 0, 10, 795.60, 4377934, 41
6910, 109, 24, 102, 0, 0, 45.05%, 0, 0, 10, 780.46, 4381967, 41
6915, 109, 60, 102, 0, 0, 45.05%, 0, 0, 10, 802.61, 4386048, 41
6920, 109, 13, 102, 0, 0, 45.05%, 0, 0, 10, 791.56, 4389937, 41
6925, 109, 60, 102, 0, 0, 45.05%, 0, 0, 10, 779.93, 4393874, 41
6930, 109, 31, 102, 0, 0, 45.05%, 0, 0, 10, 799.47, 4398011, 41
6935, 109, 15, 102, 0, 0, 45.05%, 0, 0, 10, 779.74, 4401793, 41
6940, 109, 29, 102, 0, 0, 45.05%, 0, 0, 10, 799.53, 4405765, 41
6945, 109, 60, 102, 0, 0, 45.05%, 0, 0, 10, 815.54, 4410032, 41
6950, 109, 29, 102, 0, 0, 45.05%, 0, 0, 10, 822.39, 4414133, 41
6955, 110, 60, 102, 0, 0, 45.05%, 0, 0, 10, 808.68, 4418219, 41
6960, 110, 60, 102, 0, 0, 45.05%, 0, 0, 10, 783.66, 4422075, 41
6965, 110, 31, 102, 0, 0, 45.05%, 0, 0, 10, 774.53, 4425924, 41
6970, 110, 2, 102, 0, 0, 45.05%, 0, 0, 10, 797.06, 4429923, 41
6975, 110, 60, 102, 0, 0, 45.05%, 0, 0, 10, 807.12, 4434132, 41
6981, 110, 2, 102, 0, 0, 45.05%, 0, 0, 10, 775.99, 4438039, 41
6986, 110, 13, 102, 0, 0, 45.05%, 0, 0, 10, 800.79, 4442047, 41
6991, 110, 31, 102, 0, 0, 45.05%, 0, 0, 10, 785.58, 4446030, 41
6996, 110, 2, 102, 0, 0, 45.05%, 0, 0, 10, 792.40, 4450094, 41
7001, 110, 24, 102, 0, 0, 45.05%, 0, 0, 10, 811.14, 4454335, 41
7006, 111, 24, 102, 0, 0, 45.05%, 0, 0, 10, 795.14, 4458425, 41
7011, 111, 60, 102, 0, 0, 45.05%, 0, 0, 10, 795.06, 4462529, 41
7016, 111, 24, 102, 0, 0, 45.05%, 0, 0, 10, 783.09, 4466595, 41
7021, 111, 15, 102, 0, 0, 45.05%, 0, 0, 10, 790.56, 4470612, 41
7026, 111, 31, 102, 0, 0, 45.05%, 0, 0, 10, 777.48, 4474527, 41
7032, 111, 60, 102, 0, 0, 45.05%, 0, 0, 10, 805.89, 4478738, 41
7037, 111, 15, 102, 0, 0, 45.05%, 0, 0, 10, 784.67, 4482836, 41
7042, 111, 60, 102, 0, 0, 45.05%, 0, 0, 10, 787.53, 4486732, 41
7047, 111, 2, 102, 0, 0, 45.05%, 0, 0, 10, 795.17, 4490709, 41
7052, 111, 81, 102, 0, 0, 45.05%, 0, 0, 10, 794.84, 4494755, 41
7057, 112, 29, 102, 0, 0, 45.05%, 0, 0, 10, 781.72, 4498880, 41
7062, 112, 15, 102, 0, 0, 45.05%, 0, 0, 10, 773.78, 4502721, 41
7067, 112, 60, 102, 0, 0, 45.05%, 0, 0, 10, 801.73, 4506772, 41
7072, 112, 31, 102, 0, 0, 45.05%, 0, 0, 10, 799.78, 4510837, 41
7077, 112, 29, 102, 0, 0, 45.05%, 0, 0, 10, 803.19, 4514946, 41
7082, 112, 2, 102, 0, 0, 45.05%, 0, 0, 10, 810.95, 4519185, 41
7087, 112, 29, 102, 0, 0, 45.05%, 0, 0, 10, 816.14, 4523280, 41
7092, 112, 60, 102, 0, 0, 45.05%, 0, 0, 10, 793.13, 4527285, 41
7097, 112, 29, 102, 0, 0, 45.05%, 0, 0, 10, 807.09, 4531376, 41
7103, 113, 14, 102, 0, 0, 45.05%, 0, 0, 10, 813.79, 4535473, 41
7108, 113, 31, 102, 0, 0, 45.05%, 0, 0, 10, 783.61, 4539459, 41
7113, 113, 2, 102, 0, 0, 45.05%, 0, 0, 10, 790.05, 4543460, 41
7118, 113, 60, 102, 0, 0, 45.05%, 0, 0, 10, 814.32, 4547711, 41
7123, 113, 60, 102, 0, 0, 45.05%, 0, 0, 10, 807.13, 4551741, 41
7128, 113, 29, 102, 0, 0, 45.05%, 0, 0, 10, 800.77, 4555942, 41
7133, 113, 63, 102, 0, 0, 45.05%, 0, 0, 10, 790.81, 4559974, 41
7138, 113, 29, 102, 0, 0, 45.05%, 0, 0, 10, 785.40, 4563899, 41
7143, 113, 29, 102, 0, 0, 45.05%, 0, 0, 10, 817.99, 4568002, 41
7148, 114, 60, 102, 0, 0, 45.05%, 0, 0, 10, 793.30, 4571957, 41
7153, 114, 13, 102, 0, 0, 45.05%, 0, 0, 10, 811.81, 4576010, 41
7158, 114, 29, 102, 0, 0, 45.05%, 0, 0, 10, 788.51, 4579939, 41
7163, 114, 60, 102, 0, 0, 45.05%, 0, 0, 10, 809.42, 4584040, 41
7168, 114, 60, 102, 0, 0, 45.05%, 0, 0, 10, 778.67, 4587927, 41
7173, 114, 31, 102, 0, 0, 45.05%, 0, 0, 10, 777.74, 4591847, 41
7178, 114, 60, 102, 0, 0, 45.05%, 0, 0, 10, 805.53, 4595881, 41
7183, 114, 29, 102, 0, 0, 45.05%, 0, 0, 10, 787.89, 4599786, 41
7189, 114, 14, 102, 0, 0, 45.05%, 0, 0, 10, 804.91, 4603986, 41
7194, 114, 92, 102, 0, 0, 45.05%, 0, 0, 10, 782.06, 4607895, 41
7199, 114, 14, 102, 0, 0, 45.05%, 0, 0, 10, 803.86, 4611967, 41
7204, 115, 13, 102, 0, 0, 45.05%, 0, 0, 10, 808.81, 4616143, 41
7209, 115, 14, 102, 0, 0, 45.05%, 0, 0, 10, 786.17, 4620004, 41
7214, 115, 14, 102, 0, 0, 45.05%, 0, 0, 10, 820.57, 4624146, 41
7219, 115, 60, 102, 0, 0, 45.05%, 0, 0, 10, 830.78, 4628483, 41
7224, 115, 29, 102, 0, 0, 45.05%, 0, 0, 10, 822.89, 4632663, 41
7229, 115, 60, 102, 0, 0, 45.05%, 0, 0, 10, 794.69, 4636573, 41
7234, 115, 60, 102, 0, 0, 45.05%, 0, 0, 10, 817.64, 4640782, 41
7239, 115, 29, 102, 0, 0, 45.05%, 0, 0, 10, 799.66, 4644704, 41
7245, 116, 60, 102, 0, 0, 45.05%, 0, 0, 10, 801.44, 4648711, 41
7250, 116, 29, 102, 0, 0, 45.05%, 0, 0, 10, 823.67, 4652856, 41
7255, 116, 29, 102, 0, 0, 45.05%, 0, 0, 10, 781.19, 4656649, 41
7260, 116, 29, 102, 0, 0, 45.05%, 0, 0, 10, 782.64, 4660635, 41
7265, 116, 29, 102, 0, 0, 45.05%, 0, 0, 10, 814.24, 4664722, 41
7270, 116, 24, 102, 0, 0, 45.05%, 0, 0, 10, 784.79, 4668512, 41
7275, 116, 31, 102, 0, 0, 45.05%, 0, 0, 10, 804.43, 4672496, 41
7280, 116, 24, 102, 0, 0, 45.05%, 0, 0, 10, 810.50, 4676524, 41
7285, 116, 60, 102, 0, 0, 45.05%, 0, 0, 10, 794.45, 4680509, 41
7290, 116, 60, 102, 0, 0, 45.05%, 0, 0, 10, 814.19, 4684758, 41
7295, 117, 60, 102, 0, 0, 45.05%, 0, 0, 10, 796.59, 4688783, 41
7300, 117, 60, 102, 0, 0, 45.05%, 0, 0, 10, 825.68, 4693063, 41
7305, 117, 29, 102, 0, 0, 45.05%, 0, 0, 10, 835.71, 4697214, 41
7311, 117, 29, 102, 0, 0, 45.05%, 0, 0, 10, 816.23, 4701395, 41
7316, 117, 15, 102, 0, 0, 45.05%, 0, 0, 10, 810.90, 4705677, 41
7321, 117, 15, 102, 0, 0, 45.05%, 0, 0, 10, 809.39, 4709669, 41
7326, 117, 31, 102, 0, 0, 45.05%, 0, 0, 10, 806.74, 4713868, 41
7331, 117, 2, 102, 0, 0, 45.05%, 0, 0, 10, 779.52, 4717775, 41
7336, 117, 31, 102, 0, 0, 45.05%, 0, 0, 10, 800.38, 4721987, 41
7341, 118, 29, 102, 0, 0, 45.05%, 0, 0, 10, 822.86, 4726261, 41
7347, 118, 31, 102, 0, 0, 45.05%, 0, 0, 10, 803.69, 4730302, 41
7352, 118, 31, 102, 0, 0, 45.05%, 0, 0, 10, 807.66, 4734379, 41
7357, 118, 60, 102, 0, 0, 45.05%, 0, 0, 10, 810.81, 4738599, 41
7362, 118, 60, 102, 0, 0, 45.05%, 0, 0, 10, 812.58, 4742702, 41
7367, 118, 60, 102, 0, 0, 45.05%, 0, 0, 10, 805.85, 4746777, 41
7372, 118, 29, 102, 0, 0, 45.05%, 0, 0, 10, 815.74, 4750872, 41
7377, 118, 29, 102, 0, 0, 45.05%, 0, 0, 10, 791.35, 4754881, 41
7382, 118, 60, 102, 0, 0, 45.05%, 0, 0, 10, 797.69, 4758933, 41
7387, 118, 2, 102, 0, 0, 45.05%, 0, 0, 10, 796.64, 4762904, 41
7392, 119, 15, 102, 0, 0, 45.05%, 0, 0, 10, 789.16, 4766918, 41
7397, 119, 60, 102, 0, 0, 45.05%, 0, 0, 10, 819.83, 4771028, 41
7402, 119, 60, 102, 0, 0, 45.05%, 0, 0, 10, 812.09, 4775282, 41
7407, 119, 24, 102, 0, 0, 45.05%, 0, 0, 10, 821.24, 4779513, 41
7412, 119, 13, 102, 0, 0, 45.05%, 0, 0, 10, 792.85, 4783484, 41
7417, 119, 29, 102, 0, 0, 45.05%, 0, 0, 10, 809.42, 4787568, 41
7423, 119, 60, 102, 0, 0, 45.05%, 0, 0, 10, 818.64, 4791825, 41
7428, 119, 29, 102, 0, 0, 45.05%, 0, 0, 10, 791.21, 4795749, 41
7433, 119, 29, 102, 0, 0, 45.05%, 0, 0, 10, 796.27, 4799782, 41
7438, 119, 24, 102, 0, 0, 45.05%, 0, 0, 10, 815.68, 4804049, 41
7443, 120, 29, 102, 0, 0, 45.05%, 0, 0, 10, 816.31, 4808234, 41
7448, 120, 2, 102, 0, 0, 45.05%, 0, 0, 10, 825.93, 4812547, 41
7453, 120, 15, 102, 0, 0, 45.05%, 0, 0, 10, 820.72, 4816738, 41
7458, 120, 60, 102, 0, 0, 45.05%, 0, 0, 10, 811.06, 4820779, 41
7463, 120, 60, 102, 0, 0, 45.05%, 0, 0, 10, 812.67, 4824818, 41
7468, 120, 15, 102, 0, 0, 45.05%, 0, 0, 10, 776.17, 4828606, 41
7474, 120, 31, 102, 0, 0, 45.05%, 0, 0, 10, 792.52, 4832721, 41
7479, 120, 60, 102, 0, 0, 45.05%, 0, 0, 10, 797.86, 4836742, 41
7484, 120, 60, 102, 0, 0, 45.05%, 0, 0, 10, 823.40, 4840855, 41
7489, 120, 29, 102, 0, 0, 45.05%, 0, 0, 10, 801.09, 4844970, 41
7494, 120, 15, 102, 0, 0, 45.05%, 0, 0, 10, 769.04, 4848950, 41
7499, 121, 29, 102, 0, 0, 45.05%, 0, 0, 10, 800.94, 4853165, 41
7504, 121, 14, 102, 0, 0, 45.05%, 0, 0, 10, 817.56, 4857408, 41
7509, 121, 14, 102, 0, 0, 45.05%, 0, 0, 10, 812.02, 4861454, 41
7515, 121, 14, 102, 0, 0, 45.05%, 0, 0, 10, 835.09, 4865702, 41
7520, 121, 29, 102, 0, 0, 45.05%, 0, 0, 10, 807.15, 4869831, 41
7525, 121, 15, 102, 0, 0, 45.05%, 0, 0, 10, 810.58, 4873881, 41
7530, 121, 11, 102, 0, 0, 45.05%, 0, 0, 10, 790.82, 4877894, 41
7535, 121, 2, 102, 0, 0, 45.05%, 0, 0, 10, 795.85, 4881996, 41
7540, 122, 29, 102, 0, 0, 45.05%, 0, 0, 10, 773.82, 4885799, 41
7545, 122, 15, 102, 0, 0, 45.05%, 0, 0, 10, 817.13, 4889984, 41
7550, 122, 29, 102, 0, 0, 45.05%, 0, 0, 10, 821.16, 4894216, 41
7555, 122, 40, 102, 0, 0, 45.05%, 0, 0, 10, 805.89, 4898149, 41
7560, 122, 29, 102, 0, 0, 45.05%, 0, 0, 10, 785.51, 4902052, 41
7565, 122, 60, 102, 0, 0, 45.05%, 0, 0, 10, 804.38, 4906103, 41
7571, 122, 60, 102, 0, 0, 45.05%, 0, 0, 10, 785.09, 4910065, 41
7576, 122, 60, 102, 0, 0, 45.05%, 0, 0, 10, 791.97, 4914153, 41
7581, 122, 14, 102, 0, 0, 45.05%, 0, 0, 10, 800.06, 4918200, 41
7586, 122, 31, 102, 0, 0, 45.05%, 0, 0, 10, 796.95, 4922350, 41
7591, 123, 60, 102, 0, 0, 45.05%, 0, 0, 10, 784.64, 4926324, 41
7596, 123, 60, 102, 0, 0, 45.05%, 0, 0, 10, 786.65, 4930325, 41
7601, 123, 31, 102, 0, 0, 45.05%, 0, 0, 10, 804.16, 4934564, 41
7606, 123, 14, 102, 0, 0, 45.05%, 0, 0, 10, 814.15, 4938811, 41
7612, 123, 60, 102, 0, 0, 45.05%, 0, 0, 10, 800.15, 4942940, 41
7617, 123, 31, 102, 0, 0, 45.05%, 0, 0, 10, 802.85, 4946995, 41
7622, 123, 60, 102, 0, 0, 45.05%, 0, 0, 10, 816.70, 4951081, 41
7627, 123, 60, 102, 0, 0, 45.05%, 0, 0, 10, 770.14, 4954837, 41
7632, 123, 15, 102, 0, 0, 45.05%, 0, 0, 10, 770.87, 4958757, 41
7637, 123, 31, 102, 0, 0, 45.05%, 0, 0, 10, 768.35, 4962682, 41
7642, 124, 60, 102, 0, 0, 45.05%, 0, 0, 10, 780.96, 4966611, 41
7647, 124, 29, 102, 0, 0, 45.05%, 0, 0, 10, 779.47, 4970657, 41
7652, 124, 29, 102, 0, 0, 45.05%, 0, 0, 10, 775.37, 4974611, 41
7657, 124, 60, 102, 0, 0, 45.05%, 0, 0, 10, 775.92, 4978652, 41
7663, 124, 14, 102, 0, 0, 45.05%, 0, 0, 10, 818.03, 4982946, 41
7668, 124, 14, 102, 0, 0, 45.05%, 0, 0, 10, 774.63, 4986874, 41
7673, 124, 2, 102, 0, 0, 45.05%, 0, 0, 10, 767.26, 4990743, 41
7678, 124, 60, 102, 0, 0, 45.05%, 0, 0, 10, 808.79, 4994896, 41
7683, 124, 13, 102, 0, 0, 45.05%, 0, 0, 10, 792.65, 4998857, 41
7688, 125, 13, 102, 0, 0, 45.05%, 0, 0, 10, 796.96, 5002921, 41
7693, 125, 14, 102, 0, 0, 45.05%, 0, 0, 10, 802.48, 5006920, 41
7698, 125, 15, 102, 0, 0, 45.05%, 0, 0, 10, 778.40, 5010828, 41
7703, 125, 29, 102, 0, 0, 45.05%, 0, 0, 10, 791.16, 5014809, 41
7708, 125, 14, 102, 0, 0, 45.05%, 0, 0, 10, 774.69, 5018817, 41
7713, 125, 60, 102, 0, 0, 45.05%, 0, 0, 10, 792.95, 5022815, 41
7718, 125, 29, 102, 0, 0, 45.05%, 0, 0, 10, 796.98, 5027001, 41
7723, 125, 31, 102, 0, 0, 45.05%, 0, 0, 10, 789.46, 5030958, 41
7728, 125, 15, 102, 0, 0, 45.05%, 0, 0, 10, 801.73, 5034964, 41
7734, 126, 14, 102, 0, 0, 45.05%, 0, 0, 10, 803.70, 5039128, 41
7739, 126, 29, 102, 0, 0, 45.05%, 0, 0, 10, 795.23, 5043138, 41
7744, 126, 60, 102, 0, 0, 45.05%, 0, 0, 10, 782.42, 5047207, 41
7749, 126, 13, 102, 0, 0, 45.05%, 0, 0, 10, 824.65, 5051474, 41
7754, 126, 29, 102, 0, 0, 45.05%, 0, 0, 10, 818.94, 5055645, 41
7759, 126, 60, 102, 0, 0, 45.05%, 0, 0, 10, 809.84, 5059640, 41
7764, 126, 60, 102, 0, 0, 45.05%, 0, 0, 10, 805.11, 5063662, 41
7769, 126, 29, 102, 0, 0, 45.05%, 0, 0, 10, 809.58, 5067870, 41
7775, 126, 31, 102, 0, 0, 45.05%, 0, 0, 10, 817.93, 5072093, 41
7780, 126, 2, 102, 0, 0, 45.05%, 0, 0, 10, 813.43, 5076297, 41
7785, 127, 14, 102, 0, 0, 45.05%, 0, 0, 10, 807.73, 5080343, 41
7790, 127, 90, 102, 0, 0, 45.05%, 0, 0, 10, 773.80, 5084354, 41
7795, 127, 15, 102, 0, 0, 45.05%, 0, 0, 10, 768.87, 5088254, 41
7800, 127, 60, 102, 0, 0, 45.05%, 0, 0, 10, 789.12, 5092135, 41
7805, 127, 31, 102, 0, 0, 45.05%, 0, 0, 10, 805.20, 5096142, 41
7810, 127, 24, 102, 0, 0, 45.05%, 0, 0, 10, 762.20, 5099915, 41
7815, 127, 60, 102, 0, 0, 45.05%, 0, 0, 10, 810.69, 5104147, 41
7820, 127, 60, 102, 0, 0, 45.05%, 0, 0, 10, 806.33, 5108281, 41
7826, 127, 60, 102, 0, 0, 45.05%, 0, 0, 10, 822.43, 5112528, 41
7831, 128, 29, 102, 0, 0, 45.05%, 0, 0, 10, 792.38, 5116528, 41
7836, 128, 24, 102, 0, 0, 45.05%, 0, 0, 10, 770.90, 5120309, 41
7841, 128, 14, 102, 0, 0, 45.05%, 0, 0, 10, 766.23, 5124176, 41
7846, 128, 60, 102, 0, 0, 45.05%, 0, 0, 10, 766.64, 5128227, 41
7851, 128, 2, 102, 0, 0, 45.05%, 0, 0, 10, 774.84, 5132314, 41
7856, 128, 2, 102, 0, 0, 45.05%, 0, 0, 10, 780.40, 5136280, 41
7861, 128, 31, 102, 0, 0, 45.05%, 0, 0, 10, 781.95, 5140345, 41
7866, 128, 60, 102, 0, 0, 45.05%, 0, 0, 10, 773.85, 5144338, 41
7871, 128, 60, 102, 0, 0, 45.05%, 0, 0, 10, 777.23, 5148254, 41
7876, 128, 60, 102, 0, 0, 45.05%, 0, 0, 10, 770.49, 5152128, 41
7881, 129, 60, 102, 0, 0, 45.05%, 0, 0, 10, 763.70, 5155984, 41
7887, 129, 29, 102, 0, 0, 45.05%, 0, 0, 10, 802.16, 5160203, 41
7892, 129, 24, 102, 0, 0, 45.05%, 0, 0, 10, 813.98, 5164432, 41
7897, 129, 60, 102, 0, 0, 45.05%, 0, 0, 10, 814.32, 5168727, 41
7902, 129, 60, 102, 0, 0, 45.05%, 0, 0, 10, 794.44, 5172691, 41
7907, 129, 60, 102, 0, 0, 45.05%, 0, 0, 10, 810.88, 5176858, 41
7912, 129, 14, 102, 0, 0, 45.05%, 0, 0, 10, 792.98, 5181000, 41
7918, 129, 60, 102, 0, 0, 45.05%, 0, 0, 10, 773.89, 5185014, 41
7923, 129, 2, 102, 0, 0, 45.05%, 0, 0, 10, 778.72, 5188961, 41
7928, 129, 60, 102, 0, 0, 45.05%, 0, 0, 10, 786.80, 5193091, 41
7933, 130, 29, 102, 0, 0, 45.05%, 0, 0, 10, 774.36, 5197012, 41
7938, 130, 11, 102, 0, 0, 45.05%, 0, 0, 10, 783.34, 5200890, 41
7943, 130, 60, 102, 0, 0, 45.05%, 0, 0, 10, 784.84, 5204861, 41
7948, 130, 29, 102, 0, 0, 45.05%, 0, 0, 10, 792.09, 5208897, 41
7953, 130, 15, 102, 0, 0, 45.05%, 0, 0, 10, 784.59, 5212874, 41
7958, 130, 29, 102, 0, 0, 45.05%, 0, 0, 10, 776.25, 5216741, 41
7963, 130, 60, 102, 0, 0, 45.05%, 0, 0, 10, 779.62, 5220774, 41
7968, 130, 60, 102, 0, 0, 45.05%, 0, 0, 10, 798.35, 5224964, 41
7974, 130, 60, 102, 0, 0, 45.05%, 0, 0, 10, 783.27, 5228922, 41
7979, 130, 60, 102, 0, 0, 45.05%, 0, 0, 10, 813.99, 5232967, 41
7984, 131, 14, 102, 0, 0, 45.05%, 0, 0, 10, 800.42, 5236967, 41
7989, 131, 2, 102, 0, 0, 45.05%, 0, 0, 10, 791.55, 5241022, 41
7994, 131, 13, 102, 0, 0, 45.05%, 0, 0, 10, 787.30, 5244969, 41
7999, 131, 29, 102, 0, 0, 45.05%, 0, 0, 10, 803.92, 5249160, 41
8004, 131, 31, 102, 0, 0, 45.05%, 0, 0, 10, 803.51, 5253314, 41
8009, 131, 29, 102, 0, 0, 45.05%, 0, 0, 10, 778.72, 5257221, 41
8015, 131, 60, 102, 0, 0, 45.05%, 0, 0, 10, 813.88, 5261485, 41
8020, 131, 31, 102, 0, 0, 45.05%, 0, 0, 10, 804.18, 5265522, 41
8025, 131, 60, 102, 0, 0, 45.05%, 0, 0, 10, 793.34, 5269540, 41
8030, 132, 29, 102, 0, 0, 45.05%, 0, 0, 10, 793.67, 5273538, 41
8035, 132, 11, 102, 0, 0, 45.05%, 0, 0, 10, 794.54, 5277558, 41
8040, 132, 29, 102, 0, 0, 45.05%, 0, 0, 10, 779.15, 5281556, 41
8045, 132, 31, 102, 0, 0, 45.05%, 0, 0, 10, 780.59, 5285515, 41
8050, 132, 29, 102, 0, 0, 45.05%, 0, 0, 10, 808.66, 5289658, 41
8055, 132, 29, 102, 0, 0, 45.05%, 0, 0, 10, 826.02, 5293818, 41
8060, 132, 15, 102, 0, 0, 45.05%, 0, 0, 10, 810.58, 5297954, 41
8065, 132, 14, 102, 0, 0, 45.05%, 0, 0, 10, 796.39, 5301887, 41
8070, 132, 29, 102, 0, 0, 45.05%, 0, 0, 10, 809.47, 5305886, 41
8076, 132, 14, 102, 0, 0, 45.05%, 0, 0, 10, 779.74, 5309706, 41
8081, 132, 29, 102, 0, 0, 45.05%, 0, 0, 10, 785.93, 5313828, 41
8086, 133, 2, 102, 0, 0, 45.05%, 0, 0, 10, 787.59, 5317809, 41
8091, 133, 60, 102, 0, 0, 45.05%, 0, 0, 10, 805.29, 5321855, 41
8096, 133, 2, 102, 0, 0, 45.05%, 0, 0, 10, 787.49, 5325838, 41
8101, 133, 29, 102, 0, 0, 45.05%, 0, 0, 10, 789.12, 5329996, 41
8106, 133, 29, 102, 0, 0, 45.05%, 0, 0, 10, 781.44, 5334094, 41
8111, 133, 29, 102, 0, 0, 45.05%, 0, 0, 10, 801.70, 5338077, 41
8116, 133, 14, 102, 0, 0, 45.05%, 0, 0, 10, 788.19, 5342157, 41
8121, 133, 60, 102, 0, 0, 45.05%, 0, 0, 10, 809.55, 5346257, 41
8127, 134, 29, 102, 0, 0, 45.05%, 0, 0, 10, 821.16, 5350491, 41
8132, 134, 2, 102, 0, 0, 45.05%, 0, 0, 10, 786.97, 5354406, 41
8137, 134, 10, 102, 0, 0, 45.05%, 0, 0, 10, 802.38, 5358558, 41
8142, 134, 14, 102, 0, 0, 45.05%, 0, 0, 10, 797.53, 5362695, 41
8147, 134, 60, 102, 0, 0, 45.05%, 0, 0, 10, 779.10, 5366609, 41
8152, 134, 29, 102, 0, 0, 45.05%, 0, 0, 10, 787.83, 5370665, 41
8157, 134, 60, 102, 0, 0, 45.05%, 0, 0, 10, 785.70, 5374722, 41
8162, 134, 60, 102, 0, 0, 45.05%, 0, 0, 10, 798.96, 5378813, 41
8168, 134, 14, 102, 0, 0, 45.05%, 0, 0, 10, 813.88, 5383004, 41
8173, 134, 29, 102, 0, 0, 45.05%, 0, 0, 10, 791.98, 5386890, 41
8178, 135, 60, 102, 0, 0, 45.05%, 0, 0, 10, 777.60, 5390872, 41
8183, 135, 13, 102, 0, 0, 45.05%, 0, 0, 10, 784.74, 5394996, 41
8188, 135, 60, 102, 0, 0, 45.05%, 0, 0, 10, 792.15, 5399150, 41
8193, 135, 13, 102, 0, 0, 45.05%, 0, 0, 10, 790.86, 5403213, 41
8198, 135, 35, 102, 0, 0, 45.05%, 0, 0, 10, 801.96, 5407169, 41
8203, 135, 11, 102, 0, 0, 45.05%, 0, 0, 10, 788.38, 5411076, 41
8208, 135, 60, 102, 0, 0, 45.05%, 0, 0, 10, 780.68, 5414982, 41
8213, 135, 29, 102, 0, 0, 45.05%, 0, 0, 10, 806.46, 5419052, 41
8219, 136, 13, 102, 0, 0, 45.05%, 0, 0, 10, 794.49, 5423060, 41
8224, 136, 60, 102, 0, 0, 45.05%, 0, 0, 10, 813.95, 5427298, 41
8229, 136, 29, 102, 0, 0, 45.05%, 0, 0, 10, 785.80, 5431257, 41
8234, 136, 13, 102, 0, 0, 45.05%, 0, 0, 10, 797.63, 5435431, 41
8239, 136, 29, 102, 0, 0, 45.05%, 0, 0, 10, 793.28, 5439420, 41
8244, 136, 60, 102, 0, 0, 45.05%, 0, 0, 10, 810.59, 5443632, 41
8249, 136, 60, 102, 0, 0, 45.05%, 0, 0, 10, 808.44, 5447792, 41
8255, 136, 60, 102, 0, 0, 45.05%, 0, 0, 10, 807.68, 5451956, 41
8260, 136, 31, 102, 0, 0, 45.05%, 0, 0, 10, 794.37, 5455857, 41
8265, 136, 14, 102, 0, 0, 45.05%, 0, 0, 10, 783.66, 5459950, 41
8270, 137, 60, 102, 0, 0, 45.05%, 0, 0, 10, 811.24, 5464046, 41
8275, 137, 31, 102, 0, 0, 45.05%, 0, 0, 10, 806.79, 5468137, 41
8280, 137, 60, 102, 0, 0, 45.05%, 0, 0, 10, 803.22, 5472281, 41
8285, 137, 60, 102, 0, 0, 45.05%, 0, 0, 10, 775.48, 5476046, 41
8290, 137, 60, 102, 0, 0, 45.05%, 0, 0, 10, 805.39, 5480094, 41
8295, 137, 60, 102, 0, 0, 45.05%, 0, 0, 10, 823.31, 5484417, 41
8301, 137, 2, 102, 0, 0, 45.05%, 0, 0, 10, 803.60, 5488496, 41
8306, 137, 60, 102, 0, 0, 45.05%, 0, 0, 10, 801.46, 5492634, 41
8311, 137, 31, 102, 0, 0, 45.05%, 0, 0, 10, 811.57, 5496719, 41
8316, 138, 29, 102, 0, 0, 45.05%, 0, 0, 10, 807.19, 5500728, 41
8321, 138, 11, 102, 0, 0, 45.05%, 0, 0, 10, 805.41, 5504946, 41
8326, 138, 60, 102, 0, 0, 45.05%, 0, 0, 10, 802.09, 5509010, 41
8331, 138, 14, 102, 0, 0, 45.05%, 0, 0, 10, 814.60, 5513112, 41
8336, 138, 24, 102, 0, 0, 45.05%, 0, 0, 10, 798.82, 5517185, 41
8341, 138, 29, 102, 0, 0, 45.05%, 0, 0, 10, 805.03, 5521245, 41
8346, 138, 14, 102, 0, 0, 45.05%, 0, 0, 10, 770.67, 5525076, 41
8351, 138, 14, 102, 0, 0, 45.05%, 0, 0, 10, 779.02, 5529169, 41
8356, 138, 13, 102, 0, 0, 45.05%, 0, 0, 10, 804.74, 5533288, 41
8362, 139, 60, 102, 0, 0, 45.05%, 0, 0, 10, 763.03, 5537172, 41
8367, 139, 60, 102, 0, 0, 45.05%, 0, 0, 10, 820.68, 5541490, 41
8372, 139, 24, 102, 0, 0, 45.05%, 0, 0, 10, 810.49, 5545623, 41
8377, 139, 70, 102, 0, 0, 45.05%, 0, 0, 10, 795.04, 5549636, 41
8382, 139, 15, 102, 0, 0, 45.05%, 0, 0, 10, 787.72, 5553709, 41
8387, 139, 60, 102, 0, 0, 45.05%, 0, 0, 10, 760.22, 5557524, 41
8392, 139, 2, 102, 0, 0, 45.05%, 0, 0, 10, 771.41, 5561432, 41
8397, 139, 24, 102, 0, 0, 45.05%, 0, 0, 10, 789.83, 5565542, 41
8402, 139, 29, 102, 0, 0, 45.05%, 0, 0, 10, 806.06, 5569610, 41
8407, 140, 2, 102, 0, 0, 45.05%, 0, 0, 10, 793.27, 5573576, 41
8412, 140, 13, 102, 0, 0, 45.05%, 0, 0, 10, 776.07, 5577517, 41
8418, 140, 15, 102, 0, 0, 45.05%, 0, 0, 10, 780.33, 5581555, 41
8423, 140, 29, 102, 0, 0, 45.05%, 0, 0, 10, 731.92, 5585216, 41
8428, 140, 29, 102, 0, 0, 45.05%, 0, 0, 10, 744.53, 5588929, 41
8433, 140, 31, 102, 0, 0, 45.05%, 0, 0, 10, 761.62, 5592766, 41
8438, 140, 29, 102, 0, 0, 45.05%, 0, 0, 10, 775.85, 5596614, 41
8443, 140, 60, 102, 0, 0, 45.05%, 0, 0, 10, 740.96, 5600325, 41
8448, 140, 29, 102, 0, 0, 45.05%, 0, 0, 10, 766.30, 5604363, 41
8453, 140, 14, 102, 0, 0, 45.05%, 0, 0, 10, 771.86, 5608209, 41
8458, 141, 29, 102, 0, 0, 45.05%, 0, 0, 10, 779.19, 5612265, 41
8463, 141, 29, 102, 0, 0, 45.05%, 0, 0, 10, 788.01, 5616201, 41
8469, 141, 15, 102, 0, 0, 45.05%, 0, 0, 10, 781.37, 5620223, 41
8474, 141, 14, 102, 0, 0, 45.05%, 0, 0, 10, 737.49, 5623873, 41
8476, 141, 11, 102, 0, 0, 45.05%, 1, 0, 10, 0.00, 5625140, 41
