# relative_time, cycles_done, cur_item, corpus_count, pending_total, pending_favs, map_size, saved_crashes, saved_hangs, max_depth, execs_per_sec, total_execs, edges_found
68, 0, 0, 22, 22, 1, 40.86%, 0, 0, 2, 0.18, 3780, 38
73, 0, 0, 22, 22, 1, 40.86%, 0, 0, 2, 272.86, 5198, 38
93, 0, 0, 22, 22, 1, 40.86%, 0, 0, 2, 0.06, 5774, 38
98, 0, 0, 23, 23, 1, 43.01%, 0, 0, 2, 272.39, 7190, 40
119, 0, 0, 23, 23, 1, 43.01%, 0, 0, 2, 2.71, 7775, 40
124, 0, 0, 24, 24, 1, 43.01%, 0, 0, 2, 276.39, 9192, 40
137, 0, 0, 24, 24, 1, 43.01%, 0, 0, 2, 4.56, 9427, 40
153, 0, 0, 25, 25, 1, 43.01%, 0, 0, 2, 1.23, 10679, 40
158, 0, 0, 25, 25, 1, 43.01%, 0, 0, 2, 320.04, 12372, 40
174, 0, 0, 25, 25, 1, 43.01%, 0, 0, 2, 3.52, 13212, 40
179, 0, 0, 25, 25, 1, 43.01%, 0, 0, 2, 344.07, 14994, 40
188, 0, 0, 25, 25, 1, 43.01%, 0, 0, 2, 4.08, 15894, 40
196, 0, 0, 25, 25, 1, 43.01%, 0, 0, 2, 3.90, 15904, 40
201, 0, 0, 25, 25, 1, 43.01%, 0, 0, 2, 345.84, 17700, 40
210, 0, 0, 26, 26, 1, 44.09%, 0, 0, 2, 6.22, 18476, 41
224, 0, 0, 26, 26, 1, 44.09%, 0, 0, 2, 0.63, 19993, 41
229, 0, 0, 26, 26, 1, 44.09%, 0, 0, 2, 345.66, 21799, 41
237, 0, 0, 26, 26, 1, 44.09%, 0, 0, 2, 1.08, 22675, 41
247, 0, 0, 26, 26, 1, 44.09%, 0, 0, 2, 12.51, 24397, 41
253, 0, 0, 26, 26, 1, 44.09%, 0, 0, 2, 341.33, 25471, 41
261, 0, 0, 26, 26, 1, 44.09%, 0, 0, 2, 12.40, 27044, 41
267, 0, 0, 26, 26, 1, 44.09%, 0, 0, 2, 349.35, 28867, 41
277, 0, 0, 26, 26, 1, 44.09%, 0, 0, 2, 8.98, 30067, 41
282, 0, 0, 26, 26, 1, 44.09%, 0, 0, 2, 350.46, 31839, 41
297, 0, 0, 26, 26, 1, 44.09%, 0, 0, 2, 3.38, 33229, 41
302, 0, 0, 26, 26, 1, 44.09%, 0, 0, 2, 341.14, 35005, 41
308, 0, 0, 26, 26, 1, 44.09%, 0, 0, 2, 20.18, 36416, 41
313, 0, 0, 26, 26, 1, 44.09%, 0, 0, 2, 344.05, 38162, 41
321, 0, 0, 26, 26, 1, 44.09%, 0, 0, 2, 10.78, 39020, 41
326, 0, 0, 26, 26, 1, 44.09%, 0, 0, 2, 336.66, 40700, 41
331, 0, 0, 26, 26, 1, 44.09%, 0, 0, 2, 343.96, 42482, 41
336, 0, 0, 27, 27, 1, 45.16%, 0, 0, 2, 348.01, 44277, 42
342, 0, 0, 27, 27, 1, 45.16%, 0, 0, 2, 6.88, 45381, 42
347, 0, 0, 27, 27, 1, 45.16%, 0, 0, 2, 340.74, 46953, 42
352, 0, 0, 27, 27, 1, 45.16%, 0, 0, 2, 324.53, 48081, 42
357, 0, 0, 27, 27, 1, 45.16%, 0, 0, 2, 342.03, 49863, 42
363, 0, 0, 27, 27, 1, 45.16%, 0, 0, 2, 343.78, 51627, 42
368, 0, 0, 27, 27, 1, 45.16%, 0, 0, 2, 333.84, 53349, 42
373, 0, 0, 27, 27, 1, 45.16%, 0, 0, 2, 339.92, 55137, 42
382, 0, 0, 27, 27, 1, 45.16%, 0, 0, 2, 12.79, 56697, 42
387, 0, 0, 27, 27, 1, 45.16%, 0, 0, 2, 343.84, 58473, 42
392, 0, 0, 27, 27, 1, 45.16%, 0, 0, 2, 340.71, 60225, 42
397, 0, 0, 27, 27, 1, 45.16%, 0, 0, 2, 343.28, 61929, 42
402, 0, 0, 27, 27, 1, 45.16%, 0, 0, 2, 340.03, 63675, 42
408, 0, 0, 27, 27, 1, 45.16%, 0, 0, 2, 23.17, 64863, 42
414, 0, 0, 27, 27, 1, 45.16%, 0, 0, 2, 361.61, 66721, 42
419, 0, 0, 27, 27, 1, 45.16%, 0, 0, 2, 425.21, 68939, 42
424, 0, 0, 27, 27, 1, 45.16%, 0, 0, 2, 440.73, 71203, 42
429, 0, 0, 27, 27, 1, 45.16%, 0, 0, 2, 441.29, 73427, 42
435, 0, 0, 27, 27, 1, 45.16%, 0, 0, 2, 42.31, 75307, 42
440, 0, 0, 27, 27, 1, 45.16%, 0, 0, 2, 441.56, 77523, 42
445, 0, 0, 27, 27, 1, 45.16%, 0, 0, 2, 447.00, 79811, 42
450, 0, 0, 27, 27, 1, 45.16%, 0, 0, 2, 495.21, 82278, 42
455, 0, 0, 27, 27, 1, 45.16%, 0, 0, 2, 586.98, 85467, 42
463, 0, 0, 27, 27, 1, 45.16%, 0, 0, 2, 3.22, 87502, 42
468, 0, 0, 27, 27, 1, 45.16%, 0, 0, 2, 617.64, 90711, 42
473, 0, 0, 27, 27, 1, 45.16%, 0, 0, 2, 612.96, 93807, 42
478, 0, 0, 27, 27, 1, 45.16%, 0, 0, 2, 618.72, 96987, 42
483, 0, 0, 27, 27, 1, 45.16%, 0, 0, 2, 619.41, 100131, 42
488, 0, 0, 27, 27, 1, 45.16%, 0, 0, 2, 590.00, 102985, 42
493, 0, 0, 27, 27, 1, 45.16%, 0, 0, 2, 606.96, 106071, 42
498, 0, 0, 28, 28, 1, 45.16%, 0, 0, 2, 630.58, 109246, 42
503, 0, 0, 28, 28, 1, 45.16%, 0, 0, 2, 617.09, 112462, 42
508, 0, 0, 28, 28, 1, 45.16%, 0, 0, 2, 625.32, 115414, 42
513, 0, 0, 28, 28, 1, 45.16%, 0, 0, 2, 620.97, 118534, 42
519, 0, 0, 28, 28, 1, 45.16%, 0, 0, 2, 604.01, 121594, 42
524, 0, 0, 28, 28, 1, 45.16%, 0, 0, 2, 616.00, 124678, 42
529, 0, 0, 28, 28, 1, 45.16%, 0, 0, 2, 613.66, 127786, 42
534, 0, 0, 28, 28, 1, 45.16%, 0, 0, 2, 620.72, 131038, 42
539, 0, 0, 28, 28, 1, 45.16%, 0, 0, 2, 610.32, 134134, 42
544, 0, 0, 28, 28, 1, 45.16%, 0, 0, 2, 613.11, 137242, 42
549, 0, 0, 28, 28, 1, 45.16%, 0, 0, 2, 622.51, 140386, 42
554, 0, 0, 28, 28, 1, 45.16%, 0, 0, 2, 627.88, 143650, 42
559, 0, 0, 28, 28, 1, 45.16%, 0, 0, 2, 755.27, 147631, 42
564, 0, 0, 28, 28, 1, 45.16%, 0, 0, 2, 779.50, 151651, 42
569, 0, 0, 28, 28, 1, 45.16%, 0, 0, 2, 800.90, 155731, 42
574, 0, 0, 28, 28, 1, 45.16%, 0, 0, 2, 811.90, 159858, 42
579, 0, 0, 28, 28, 1, 45.16%, 0, 0, 2, 826.08, 164162, 42
585, 0, 0, 28, 28, 1, 45.16%, 0, 0, 2, 822.21, 168434, 42
590, 0, 0, 28, 28, 1, 45.16%, 0, 0, 2, 797.80, 172396, 42
595, 0, 0, 28, 28, 1, 45.16%, 0, 0, 2, 815.89, 176466, 42
600, 0, 0, 28, 28, 1, 45.16%, 0, 0, 2, 810.80, 180626, 42
605, 0, 0, 28, 28, 1, 45.16%, 0, 0, 2, 805.21, 184850, 42
610, 0, 0, 28, 28, 1, 45.16%, 0, 0, 2, 822.83, 189106, 42
615, 0, 0, 28, 28, 1, 45.16%, 0, 0, 2, 828.81, 193458, 42
621, 0, 0, 28, 28, 1, 45.16%, 0, 0, 2, 816.49, 197522, 42
626, 0, 0, 28, 28, 1, 45.16%, 0, 0, 2, 811.19, 201618, 42
631, 0, 0, 28, 28, 1, 45.16%, 0, 0, 2, 811.90, 205858, 42
636, 0, 0, 28, 28, 1, 45.16%, 0, 0, 2, 812.65, 209666, 42
641, 0, 0, 28, 28, 1, 45.16%, 0, 0, 2, 808.18, 213778, 42
646, 0, 0, 28, 28, 1, 45.16%, 0, 0, 2, 829.74, 218130, 42
651, 0, 0, 28, 28, 1, 45.16%, 0, 0, 2, 824.23, 222402, 42
657, 0, 0, 28, 28, 1, 45.16%, 0, 0, 2, 831.29, 226754, 42
662, 0, 0, 28, 28, 1, 45.16%, 0, 0, 2, 831.35, 230930, 42
667, 0, 0, 28, 28, 1, 45.16%, 0, 0, 2, 817.62, 235170, 42
672, 0, 0, 28, 28, 1, 45.16%, 0, 0, 2, 814.21, 238978, 42
677, 0, 0, 29, 29, 1, 45.16%, 0, 0, 2, 841.31, 243353, 42
682, 0, 0, 29, 29, 1, 45.16%, 0, 0, 2, 837.29, 247721, 42
687, 0, 0, 29, 29, 1, 45.16%, 0, 0, 2, 810.89, 251641, 42
692, 0, 0, 29, 29, 1, 45.16%, 0, 0, 2, 828.71, 255801, 42
697, 0, 0, 29, 29, 1, 45.16%, 0, 0, 2, 844.26, 259497, 42
702, 0, 0, 29, 29, 1, 45.16%, 0, 0, 2, 819.83, 263545, 42
708, 0, 0, 29, 29, 1, 45.16%, 0, 0, 2, 835.98, 267881, 42
713, 0, 0, 29, 29, 1, 45.16%, 0, 0, 2, 829.04, 272041, 42
718, 0, 0, 29, 29, 1, 45.16%, 0, 0, 2, 829.76, 276361, 42
723, 0, 0, 29, 29, 1, 45.16%, 0, 0, 2, 840.13, 280697, 42
728, 0, 0, 29, 29, 1, 45.16%, 0, 0, 2, 841.95, 285033, 42
733, 0, 0, 29, 29, 1, 45.16%, 0, 0, 2, 835.43, 289385, 42
739, 0, 0, 29, 29, 1, 45.16%, 0, 0, 2, 833.74, 293657, 42
744, 0, 0, 29, 29, 1, 45.16%, 0, 0, 2, 840.31, 297993, 42
749, 0, 0, 29, 29, 1, 45.16%, 0, 0, 2, 842.50, 302249, 42
754, 0, 0, 29, 29, 1, 45.16%, 0, 0, 2, 844.32, 306617, 42
759, 0, 0, 29, 29, 1, 45.16%, 0, 0, 2, 835.85, 310905, 42
764, 0, 0, 29, 29, 1, 45.16%, 0, 0, 2, 828.84, 315097, 42
769, 0, 0, 29, 29, 1, 45.16%, 0, 0, 2, 847.12, 319465, 42
774, 0, 0, 29, 29, 1, 45.16%, 0, 0, 2, 860.46, 323779, 42
780, 0, 0, 29, 29, 1, 45.16%, 0, 0, 2, 852.99, 328080, 42
785, 0, 0, 29, 29, 1, 45.16%, 0, 0, 2, 860.98, 332398, 42
790, 0, 0, 29, 29, 1, 45.16%, 0, 0, 2, 854.74, 336699, 42
795, 0, 0, 29, 29, 1, 45.16%, 0, 0, 2, 828.32, 340873, 42
800, 0, 0, 29, 29, 1, 45.16%, 0, 0, 2, 848.74, 345209, 42
805, 0, 0, 30, 30, 1, 45.16%, 0, 0, 2, 818.04, 349456, 42
810, 0, 0, 30, 30, 1, 45.16%, 0, 0, 2, 843.93, 353888, 42
816, 0, 0, 30, 30, 1, 45.16%, 0, 0, 2, 835.48, 358240, 42
821, 0, 0, 30, 30, 1, 45.16%, 0, 0, 2, 846.12, 362576, 42
826, 0, 0, 30, 30, 1, 45.16%, 0, 0, 2, 838.12, 366832, 42
831, 0, 0, 30, 30, 1, 45.16%, 0, 0, 2, 837.85, 370944, 42
836, 0, 0, 30, 30, 1, 45.16%, 0, 0, 2, 843.09, 375152, 42
841, 0, 0, 30, 30, 1, 45.16%, 0, 0, 2, 847.46, 379552, 42
846, 0, 0, 30, 30, 1, 45.16%, 0, 0, 2, 852.89, 383881, 42
851, 0, 0, 30, 30, 1, 45.16%, 0, 0, 2, 852.20, 388267, 42
856, 0, 0, 30, 30, 1, 45.16%, 0, 0, 2, 854.21, 392670, 42
861, 0, 0, 30, 30, 1, 45.16%, 0, 0, 2, 850.85, 396954, 42
867, 0, 0, 30, 30, 1, 45.16%, 0, 0, 2, 850.61, 401255, 42
872, 0, 0, 30, 30, 1, 45.16%, 0, 0, 2, 846.21, 405632, 42
877, 0, 0, 30, 30, 1, 45.16%, 0, 0, 2, 856.30, 409925, 42
882, 0, 0, 30, 30, 1, 45.16%, 0, 0, 2, 848.53, 414176, 42
887, 0, 0, 30, 30, 1, 45.16%, 0, 0, 2, 841.67, 418512, 42
892, 0, 0, 30, 30, 1, 45.16%, 0, 0, 2, 861.03, 422845, 42
897, 0, 0, 30, 30, 1, 45.16%, 0, 0, 2, 857.74, 427248, 42
902, 0, 0, 30, 30, 1, 45.16%, 0, 0, 2, 846.05, 431504, 42
907, 0, 0, 30, 30, 1, 45.16%, 0, 0, 2, 854.95, 435884, 42
912, 0, 0, 30, 30, 1, 45.16%, 0, 0, 2, 854.21, 440253, 42
917, 0, 0, 30, 30, 1, 45.16%, 0, 0, 2, 825.39, 444336, 42
922, 0, 0, 30, 30, 1, 45.16%, 0, 0, 2, 808.02, 448432, 42
928, 0, 0, 30, 30, 1, 45.16%, 0, 0, 2, 837.25, 452752, 42
933, 0, 0, 30, 30, 1, 45.16%, 0, 0, 2, 829.67, 456944, 42
938, 0, 0, 30, 30, 1, 45.16%, 0, 0, 2, 839.73, 461248, 42
943, 0, 0, 30, 30, 1, 45.16%, 0, 0, 2, 858.31, 465719, 42
948, 0, 0, 30, 30, 1, 45.16%, 0, 0, 2, 809.45, 469440, 42
953, 0, 0, 30, 30, 1, 45.16%, 0, 0, 2, 844.98, 473824, 42
958, 0, 0, 30, 30, 1, 45.16%, 0, 0, 2, 858.08, 478163, 42
963, 0, 0, 30, 30, 1, 45.16%, 0, 0, 2, 849.22, 482416, 42
969, 0, 0, 30, 30, 1, 45.16%, 0, 0, 2, 837.82, 486752, 42
974, 0, 0, 30, 30, 1, 45.16%, 0, 0, 2, 831.55, 491072, 42
976, 0, 0, 30, 30, 1, 45.16%, 1, 0, 2, 0.00, 492945, 42
