# relative_time, cycles_done, cur_item, corpus_count, pending_total, pending_favs, map_size, saved_crashes, saved_hangs, max_depth, execs_per_sec, total_execs, edges_found
73, 0, 0, 22, 22, 1, 39.78%, 0, 0, 2, 0.32, 1633, 37
78, 0, 0, 22, 22, 1, 39.78%, 0, 0, 2, 331.71, 1705, 37
122, 0, 0, 23, 23, 1, 40.86%, 0, 0, 2, 1.55, 3499, 38
127, 0, 0, 23, 23, 1, 40.86%, 0, 0, 2, 663.38, 4915, 38
170, 0, 0, 24, 24, 1, 43.01%, 0, 0, 2, 1.52, 6965, 40
175, 0, 0, 24, 24, 1, 43.01%, 0, 0, 2, 0.18, 6966, 40
181, 0, 0, 26, 26, 1, 44.09%, 0, 0, 2, 616.58, 10111, 41
222, 0, 0, 26, 26, 1, 44.09%, 0, 0, 2, 0.59, 10555, 41
263, 0, 0, 26, 26, 1, 44.09%, 0, 0, 2, 0.11, 12227, 41
268, 0, 0, 27, 27, 1, 44.09%, 0, 0, 2, 665.65, 15629, 41
306, 0, 0, 27, 27, 1, 44.09%, 0, 0, 2, 0.19, 15805, 41
346, 0, 0, 27, 27, 1, 44.09%, 0, 0, 2, 2.14, 18112, 41
351, 0, 0, 27, 27, 1, 44.09%, 0, 0, 2, 616.08, 21206, 41
384, 0, 0, 27, 27, 1, 44.09%, 0, 0, 2, 1.49, 21686, 41
419, 0, 0, 27, 27, 1, 44.09%, 0, 0, 2, 3.93, 23299, 41
455, 0, 0, 27, 27, 1, 44.09%, 0, 0, 2, 3.51, 26498, 41
486, 0, 0, 27, 27, 1, 44.09%, 0, 0, 2, 4.72, 27498, 41
491, 0, 0, 29, 29, 1, 45.16%, 0, 0, 2, 636.34, 30808, 42
522, 0, 0, 29, 29, 1, 45.16%, 0, 0, 2, 4.01, 31216, 42
527, 0, 0, 29, 29, 1, 45.16%, 0, 0, 2, 628.20, 34552, 42
557, 0, 0, 29, 29, 1, 45.16%, 0, 0, 2, 0.82, 34984, 42
591, 0, 0, 29, 29, 1, 45.16%, 0, 0, 2, 3.00, 36532, 42
596, 0, 0, 30, 30, 1, 46.24%, 0, 0, 2, 633.84, 39743, 43
625, 0, 0, 30, 30, 1, 46.24%, 0, 0, 2, 4.25, 40271, 43
656, 0, 0, 30, 30, 1, 46.24%, 0, 0, 2, 5.27, 42976, 43
664, 0, 0, 30, 30, 1, 46.24%, 0, 0, 2, 11.94, 45186, 43
680, 0, 0, 30, 30, 1, 46.24%, 0, 0, 2, 0.98, 45201, 43
712, 0, 0, 30, 30, 1, 46.24%, 0, 0, 2, 5.02, 47929, 43
717, 0, 0, 30, 30, 1, 46.24%, 0, 0, 2, 685.48, 51537, 43
739, 0, 0, 30, 30, 1, 46.24%, 0, 0, 2, 1.62, 51851, 43
747, 0, 0, 30, 30, 1, 46.24%, 0, 0, 2, 15.28, 53623, 43
761, 0, 0, 30, 30, 1, 46.24%, 0, 0, 2, 0.72, 53633, 43
788, 0, 0, 30, 30, 1, 46.24%, 0, 0, 2, 4.16, 56886, 43
793, 0, 0, 30, 30, 1, 46.24%, 0, 0, 2, 717.96, 60553, 43
816, 0, 0, 30, 30, 1, 46.24%, 0, 0, 2, 3.06, 60777, 43
836, 0, 23, 35, 32, 7, 46.24%, 0, 0, 3, 1.76, 63162, 43
836, 0, 23, 35, 32, 7, 46.24%, 1, 0, 3, 0.00, 63179, 43
