# relative_time, cycles_done, cur_item, corpus_count, pending_total, pending_favs, map_size, saved_crashes, saved_hangs, max_depth, execs_per_sec, total_execs, edges_found
77, 0, 0, 7, 5, 0, 17.48%, 0, 0, 2, 0.04, 1775, 18
78, 0, 0, 8, 6, 0, 17.48%, 0, 0, 2, 590.00, 1896, 18
122, 0, 0, 9, 7, 0, 17.48%, 0, 0, 2, 0.99, 3057, 18
127, 0, 0, 9, 7, 0, 17.48%, 0, 0, 2, 404.06, 3921, 18
175, 0, 0, 9, 7, 0, 17.48%, 0, 0, 2, 1.24, 5192, 18
181, 0, 0, 9, 7, 0, 17.48%, 0, 0, 2, 378.41, 7124, 18
215, 0, 0, 9, 7, 0, 17.48%, 0, 0, 2, 0.84, 7404, 18
222, 0, 0, 9, 7, 0, 17.48%, 0, 0, 2, 0.81, 7407, 18
263, 0, 8, 10, 6, 0, 17.48%, 0, 0, 3, 1.11, 8445, 18
268, 0, 8, 13, 9, 0, 17.48%, 0, 0, 3, 407.50, 10498, 18
306, 0, 8, 13, 9, 0, 17.48%, 0, 0, 3, 0.19, 10633, 18
346, 0, 8, 15, 10, 0, 18.45%, 0, 0, 3, 1.48, 12037, 19
351, 0, 13, 17, 12, 0, 19.42%, 0, 0, 4, 377.67, 13978, 20
384, 0, 13, 17, 12, 0, 19.42%, 0, 0, 4, 2.59, 14230, 20
419, 0, 13, 18, 13, 0, 20.39%, 0, 0, 4, 2.90, 15233, 21
455, 0, 13, 20, 15, 0, 21.36%, 0, 0, 4, 2.34, 17383, 22
486, 0, 13, 21, 16, 0, 24.27%, 0, 0, 4, 2.68, 18048, 25
491, 0, 13, 21, 16, 0, 24.27%, 0, 0, 4, 417.66, 20190, 25
522, 0, 13, 21, 16, 0, 24.27%, 0, 0, 4, 0.27, 20486, 25
527, 0, 13, 21, 16, 0, 24.27%, 0, 0, 4, 411.41, 22662, 25
557, 0, 13, 21, 16, 0, 24.27%, 0, 0, 4, 0.82, 22950, 25
591, 0, 13, 23, 18, 0, 24.27%, 0, 0, 4, 1.50, 23980, 25
596, 0, 13, 28, 23, 0, 26.21%, 0, 0, 4, 409.87, 26087, 27
625, 0, 13, 28, 23, 0, 26.21%, 0, 0, 4, 1.99, 26427, 27
656, 0, 13, 31, 26, 0, 26.21%, 0, 0, 4, 2.95, 28176, 27
664, 0, 20, 34, 28, 5, 27.18%, 0, 0, 5, 13.08, 29624, 28
680, 0, 20, 34, 28, 5, 27.18%, 0, 0, 5, 0.78, 29636, 28
712, 0, 20, 37, 31, 5, 28.16%, 0, 0, 5, 1.26, 31427, 29
717, 0, 20, 39, 33, 5, 28.16%, 0, 0, 5, 473.10, 33889, 29
740, 0, 20, 39, 33, 5, 28.16%, 0, 0, 5, 1.75, 34116, 29
747, 0, 20, 40, 34, 5, 29.13%, 0, 0, 5, 14.48, 35461, 30
761, 0, 20, 40, 34, 5, 29.13%, 0, 0, 5, 0.51, 35468, 30
788, 0, 20, 40, 34, 5, 29.13%, 0, 0, 5, 2.74, 37971, 30
793, 0, 27, 44, 37, 7, 29.13%, 0, 0, 5, 533.88, 40627, 30
816, 0, 27, 44, 37, 7, 29.13%, 0, 0, 5, 5.22, 40867, 30
836, 0, 27, 45, 38, 7, 29.13%, 0, 0, 5, 1.94, 42700, 30
841, 0, 27, 47, 40, 7, 29.13%, 0, 0, 5, 631.78, 45948, 30
863, 0, 27, 48, 41, 7, 29.13%, 0, 0, 5, 5.89, 46207, 30
892, 0, 27, 50, 43, 7, 29.13%, 0, 0, 5, 4.11, 49432, 30
897, 0, 39, 52, 43, 6, 30.10%, 0, 0, 6, 651.51, 52584, 31
915, 0, 39, 53, 44, 6, 30.10%, 0, 0, 6, 7.66, 53237, 31
933, 0, 44, 54, 44, 7, 32.04%, 0, 0, 6, 7.06, 55421, 33
946, 0, 17, 56, 45, 6, 32.04%, 0, 0, 6, 4.77, 57511, 33
953, 0, 32, 56, 44, 5, 32.04%, 0, 0, 6, 4.60, 57525, 33
958, 0, 37, 56, 43, 4, 32.04%, 0, 0, 6, 622.64, 60652, 33
969, 0, 18, 56, 42, 3, 32.04%, 0, 0, 6, 2.57, 61356, 33
974, 0, 51, 57, 41, 1, 33.01%, 0, 0, 7, 616.69, 64434, 34
991, 0, 32, 57, 39, 0, 33.01%, 0, 0, 7, 5.89, 64903, 34
1006, 0, 8, 57, 39, 0, 33.01%, 0, 0, 7, 2.21, 67420, 34
1026, 0, 45, 59, 41, 0, 33.01%, 0, 0, 7, 2.29, 70288, 34
1040, 0, 45, 59, 41, 0, 33.01%, 0, 0, 7, 11.77, 73372, 34
1045, 0, 45, 60, 42, 0, 33.01%, 0, 0, 7, 615.33, 76499, 34
1050, 0, 39, 60, 42, 0, 33.01%, 0, 0, 7, 19.21, 76871, 34
1064, 0, 39, 60, 42, 0, 33.01%, 0, 0, 7, 0.51, 76878, 34
1069, 0, 53, 63, 45, 0, 35.92%, 0, 0, 7, 643.54, 80109, 37
1069, 0, 53, 64, 46, 0, 36.89%, 1, 0, 7, 0.00, 80177, 38
