# relative_time, cycles_done, cur_item, corpus_count, pending_total, pending_favs, map_size, saved_crashes, saved_hangs, max_depth, execs_per_sec, total_execs, edges_found
68, 0, 1, 10, 8, 0, 29.03%, 0, 0, 3, 0.28, 3429, 27
73, 0, 1, 10, 8, 0, 29.03%, 0, 0, 3, 270.52, 4821, 27
93, 0, 1, 12, 10, 0, 30.11%, 0, 0, 3, 1.07, 5390, 28
99, 0, 1, 12, 10, 0, 30.11%, 0, 0, 3, 262.86, 6770, 28
119, 0, 1, 12, 10, 0, 30.11%, 0, 0, 3, 0.55, 7310, 28
124, 0, 1, 12, 10, 0, 30.11%, 0, 0, 3, 270.59, 8671, 28
136, 0, 1, 12, 10, 0, 30.11%, 0, 0, 3, 1.26, 8916, 28
153, 0, 1, 12, 10, 0, 30.11%, 0, 0, 3, 3.26, 10156, 28
158, 0, 1, 14, 12, 0, 30.11%, 0, 0, 3, 310.95, 11740, 28
174, 0, 1, 15, 11, 0, 30.11%, 0, 0, 4, 2.35, 12605, 28
179, 0, 11, 15, 11, 0, 30.11%, 0, 0, 4, 339.86, 14366, 28
188, 0, 11, 16, 12, 0, 30.11%, 0, 0, 4, 7.21, 15246, 28
196, 0, 11, 16, 12, 0, 30.11%, 0, 0, 4, 0.63, 15251, 28
201, 0, 11, 17, 13, 0, 31.18%, 0, 0, 4, 344.06, 17028, 29
210, 0, 15, 18, 13, 1, 31.18%, 0, 0, 5, 4.56, 17779, 29
224, 0, 16, 24, 18, 0, 36.56%, 0, 0, 5, 8.67, 19416, 34
229, 0, 16, 25, 19, 0, 36.56%, 0, 0, 5, 453.46, 21756, 34
237, 0, 16, 26, 20, 0, 37.63%, 0, 0, 5, 14.08, 22915, 35
250, 0, 16, 28, 22, 0, 37.63%, 0, 0, 5, 3.51, 25170, 35
255, 0, 25, 31, 24, 4, 38.71%, 0, 0, 6, 446.92, 27451, 36
261, 0, 24, 33, 25, 4, 38.71%, 0, 0, 6, 20.09, 28606, 36
267, 0, 21, 35, 24, 2, 39.78%, 0, 0, 6, 449.16, 30968, 37
277, 0, 30, 39, 26, 1, 39.78%, 0, 0, 7, 10.24, 32514, 37
282, 0, 30, 40, 26, 0, 39.78%, 0, 0, 7, 451.53, 34738, 37
297, 0, 30, 41, 27, 0, 40.86%, 0, 0, 7, 2.65, 36523, 38
302, 0, 18, 42, 27, 0, 40.86%, 0, 0, 7, 444.31, 38785, 38
308, 0, 18, 43, 28, 0, 40.86%, 0, 0, 7, 26.79, 40708, 38
313, 0, 15, 45, 30, 0, 40.86%, 0, 0, 7, 447.31, 43072, 38
321, 0, 40, 46, 31, 0, 40.86%, 0, 0, 8, 14.25, 44059, 38
326, 0, 40, 48, 33, 0, 40.86%, 0, 0, 8, 417.24, 46281, 38
331, 0, 40, 48, 33, 0, 40.86%, 0, 0, 8, 427.96, 48497, 38
336, 0, 50, 52, 36, 2, 44.09%, 0, 0, 8, 445.21, 50722, 41
342, 0, 33, 52, 34, 0, 44.09%, 0, 0, 8, 32.59, 52248, 41
347, 0, 46, 52, 34, 0, 44.09%, 0, 0, 8, 458.31, 54596, 41
352, 0, 33, 52, 33, 0, 44.09%, 0, 0, 8, 437.30, 56105, 41
358, 0, 15, 54, 35, 0, 44.09%, 0, 0, 8, 448.33, 58383, 41
363, 0, 50, 57, 38, 0, 47.31%, 0, 0, 8, 453.84, 60628, 44
368, 0, 55, 58, 38, 1, 47.31%, 0, 0, 8, 461.60, 62926, 44
373, 0, 54, 58, 37, 0, 47.31%, 0, 0, 8, 444.35, 65155, 44
382, 0, 58, 60, 38, 0, 48.39%, 0, 0, 8, 1.95, 67251, 45
387, 0, 1, 60, 38, 0, 48.39%, 0, 0, 8, 441.83, 69563, 45
392, 0, 55, 63, 41, 0, 48.39%, 0, 0, 8, 445.17, 71855, 45
397, 0, 58, 64, 42, 0, 48.39%, 0, 0, 8, 451.41, 74099, 45
402, 0, 1, 67, 45, 0, 48.39%, 0, 0, 8, 444.79, 76402, 45
408, 0, 30, 67, 45, 0, 48.39%, 0, 0, 8, 25.15, 77969, 45
413, 1, 1, 67, 44, 0, 48.39%, 0, 0, 8, 436.67, 80215, 45
418, 1, 15, 67, 44, 0, 48.39%, 0, 0, 8, 427.11, 82345, 45
424, 1, 20, 67, 44, 0, 48.39%, 0, 0, 8, 438.65, 84649, 45
429, 1, 51, 67, 44, 0, 48.39%, 0, 0, 8, 437.29, 86951, 45
435, 1, 18, 67, 44, 0, 48.39%, 0, 0, 8, 21.50, 88809, 45
440, 1, 30, 67, 44, 0, 48.39%, 0, 0, 8, 447.77, 91144, 45
445, 1, 54, 69, 46, 0, 48.39%, 0, 0, 8, 447.57, 93401, 45
450, 1, 55, 69, 45, 0, 48.39%, 0, 0, 8, 437.35, 95589, 45
455, 1, 54, 69, 45, 0, 48.39%, 0, 0, 8, 437.16, 97866, 45
463, 1, 30, 69, 45, 0, 48.39%, 0, 0, 8, 2.35, 99352, 45
468, 1, 1, 69, 45, 0, 48.39%, 0, 0, 8, 455.01, 101720, 45
473, 1, 20, 69, 44, 0, 48.39%, 0, 0, 8, 449.57, 104038, 45
478, 1, 1, 69, 43, 0, 48.39%, 0, 0, 8, 453.56, 106305, 45
483, 1, 20, 70, 43, 0, 48.39%, 0, 0, 8, 448.17, 108461, 45
488, 1, 33, 70, 43, 0, 48.39%, 0, 0, 8, 440.60, 110735, 45
493, 1, 20, 70, 43, 0, 48.39%, 0, 0, 8, 426.60, 112891, 45
498, 2, 1, 70, 43, 0, 48.39%, 0, 0, 8, 446.27, 115145, 45
503, 2, 50, 70, 43, 0, 48.39%, 0, 0, 8, 419.18, 117197, 45
508, 2, 19, 70, 43, 0, 48.39%, 0, 0, 8, 443.17, 119439, 45
513, 2, 51, 70, 40, 0, 48.39%, 0, 0, 8, 437.61, 121726, 45
518, 2, 18, 70, 40, 0, 48.39%, 0, 0, 8, 435.16, 123907, 45
524, 2, 47, 70, 40, 0, 48.39%, 0, 0, 8, 443.40, 126240, 45
529, 2, 30, 70, 39, 0, 48.39%, 0, 0, 8, 447.17, 128561, 45
534, 2, 54, 70, 39, 0, 48.39%, 0, 0, 8, 447.19, 130824, 45
539, 2, 39, 70, 38, 0, 48.39%, 0, 0, 8, 440.27, 133049, 45
544, 2, 55, 70, 37, 0, 48.39%, 0, 0, 8, 424.96, 135194, 45
549, 2, 1, 70, 37, 0, 48.39%, 0, 0, 8, 437.29, 137417, 45
554, 2, 58, 70, 37, 0, 48.39%, 0, 0, 8, 430.51, 139678, 45
559, 2, 52, 70, 36, 0, 48.39%, 0, 0, 8, 437.86, 141893, 45
564, 2, 33, 71, 35, 0, 48.39%, 0, 0, 8, 447.39, 144240, 45
570, 2, 54, 71, 35, 0, 48.39%, 0, 0, 8, 446.74, 146576, 45
575, 2, 33, 71, 35, 0, 48.39%, 0, 0, 8, 444.68, 148817, 45
580, 2, 15, 71, 35, 0, 48.39%, 0, 0, 8, 444.98, 151149, 45
585, 3, 34, 71, 35, 0, 48.39%, 0, 0, 8, 452.68, 153448, 45
590, 3, 33, 71, 34, 0, 48.39%, 0, 0, 8, 450.36, 155784, 45
595, 3, 1, 71, 33, 0, 48.39%, 0, 0, 8, 447.03, 158112, 45
600, 3, 34, 74, 35, 0, 48.39%, 0, 0, 8, 447.13, 160422, 45
606, 3, 27, 80, 41, 0, 48.39%, 0, 0, 8, 446.46, 162751, 45
611, 3, 27, 83, 44, 0, 48.39%, 0, 0, 8, 442.90, 164978, 45
616, 3, 51, 86, 46, 0, 48.39%, 0, 0, 8, 436.41, 167196, 45
621, 3, 15, 87, 46, 0, 48.39%, 0, 0, 8, 435.19, 169454, 45
626, 3, 37, 89, 48, 0, 48.39%, 0, 0, 8, 443.90, 171780, 45
631, 3, 86, 91, 49, 0, 48.39%, 0, 0, 8, 433.76, 173965, 45
636, 3, 50, 93, 50, 0, 48.39%, 0, 0, 8, 427.33, 176080, 45
641, 3, 30, 97, 54, 0, 48.39%, 0, 0, 8, 439.28, 178398, 45
646, 3, 15, 98, 54, 0, 48.39%, 0, 0, 8, 419.85, 180490, 45
651, 3, 34, 100, 55, 0, 48.39%, 0, 0, 8, 428.01, 182681, 45
656, 3, 61, 101, 56, 0, 48.39%, 0, 0, 8, 426.93, 184805, 45
662, 3, 20, 102, 56, 0, 48.39%, 0, 0, 8, 426.44, 186969, 45
667, 3, 97, 104, 58, 0, 48.39%, 0, 0, 8, 424.82, 189119, 45
672, 3, 89, 104, 57, 0, 48.39%, 0, 0, 8, 428.12, 191281, 45
677, 3, 94, 104, 56, 0, 48.39%, 0, 0, 8, 384.28, 193167, 45
682, 3, 75, 104, 55, 0, 48.39%, 0, 0, 8, 372.49, 195011, 45
687, 3, 30, 104, 54, 0, 48.39%, 0, 0, 8, 374.48, 196973, 45
692, 3, 34, 104, 53, 0, 48.39%, 0, 0, 8, 381.76, 198948, 45
697, 3, 34, 104, 53, 0, 48.39%, 0, 0, 8, 377.08, 200895, 45
702, 3, 33, 104, 52, 0, 48.39%, 0, 0, 8, 408.42, 202997, 45
708, 3, 20, 106, 54, 0, 48.39%, 0, 0, 8, 385.36, 204998, 45
713, 3, 51, 106, 53, 0, 48.39%, 0, 0, 8, 370.18, 206865, 45
718, 3, 33, 106, 53, 0, 48.39%, 0, 0, 8, 371.85, 208723, 45
723, 3, 33, 107, 54, 0, 48.39%, 0, 0, 8, 377.90, 210682, 45
728, 3, 1, 108, 55, 0, 48.39%, 0, 0, 8, 379.74, 212589, 45
733, 3, 18, 108, 54, 0, 48.39%, 0, 0, 8, 376.95, 214479, 45
738, 4, 33, 109, 55, 0, 48.39%, 0, 0, 8, 399.40, 216535, 45
743, 4, 54, 109, 54, 0, 48.39%, 0, 0, 8, 404.27, 218683, 45
748, 4, 58, 109, 54, 0, 48.39%, 0, 0, 8, 426.40, 220746, 45
753, 4, 33, 109, 54, 0, 48.39%, 0, 0, 8, 407.69, 222717, 45
758, 4, 70, 109, 53, 0, 48.39%, 0, 0, 8, 412.35, 224771, 45
763, 4, 30, 109, 51, 0, 48.39%, 0, 0, 8, 418.05, 226834, 45
768, 4, 1, 109, 51, 0, 48.39%, 0, 0, 8, 400.53, 228818, 45
774, 4, 33, 109, 51, 0, 48.39%, 0, 0, 8, 517.33, 231478, 45
779, 4, 34, 109, 51, 0, 48.39%, 0, 0, 8, 581.06, 234558, 45
784, 4, 108, 109, 51, 0, 48.39%, 0, 0, 8, 457.96, 236873, 45
789, 4, 54, 109, 50, 0, 48.39%, 0, 0, 8, 537.89, 239746, 45
794, 4, 107, 110, 51, 0, 48.39%, 0, 0, 8, 493.62, 242272, 45
799, 4, 88, 110, 50, 0, 48.39%, 0, 0, 8, 558.82, 245173, 45
804, 4, 109, 112, 51, 0, 48.39%, 0, 0, 8, 563.62, 247948, 45
809, 4, 96, 112, 50, 0, 48.39%, 0, 0, 8, 530.40, 250444, 45
815, 4, 33, 112, 49, 0, 48.39%, 0, 0, 8, 564.21, 253374, 45
820, 4, 18, 112, 49, 0, 48.39%, 0, 0, 8, 583.49, 256371, 45
825, 4, 54, 112, 49, 0, 48.39%, 0, 0, 8, 582.04, 259236, 45
830, 4, 33, 112, 49, 0, 48.39%, 0, 0, 8, 591.58, 262176, 45
835, 4, 20, 112, 49, 0, 48.39%, 0, 0, 8, 585.64, 265107, 45
840, 4, 1, 112, 49, 0, 48.39%, 0, 0, 8, 592.57, 268191, 45
845, 4, 1, 112, 49, 0, 48.39%, 0, 0, 8, 507.84, 270711, 45
850, 4, 54, 112, 48, 0, 48.39%, 0, 0, 8, 547.36, 273620, 45
855, 4, 30, 112, 48, 0, 48.39%, 0, 0, 8, 587.24, 276256, 45
861, 4, 33, 112, 48, 0, 48.39%, 0, 0, 8, 570.13, 279221, 45
866, 5, 51, 112, 48, 0, 48.39%, 0, 0, 8, 526.96, 281794, 45
871, 5, 1, 112, 48, 0, 48.39%, 0, 0, 8, 547.52, 284535, 45
876, 5, 33, 112, 48, 0, 48.39%, 0, 0, 8, 565.65, 287454, 45
881, 5, 55, 112, 48, 0, 48.39%, 0, 0, 8, 575.01, 290471, 45
886, 5, 110, 112, 47, 0, 48.39%, 0, 0, 8, 487.41, 292816, 45
891, 5, 54, 112, 46, 0, 48.39%, 0, 0, 8, 511.07, 295536, 45
896, 5, 18, 112, 45, 0, 48.39%, 0, 0, 8, 546.26, 298333, 45
901, 5, 59, 112, 45, 0, 48.39%, 0, 0, 8, 561.32, 301222, 45
906, 5, 53, 112, 45, 0, 48.39%, 0, 0, 8, 581.99, 304161, 45
911, 5, 33, 112, 44, 0, 48.39%, 0, 0, 8, 574.93, 307081, 45
916, 5, 54, 112, 44, 0, 48.39%, 0, 0, 8, 601.44, 310137, 45
922, 5, 33, 112, 44, 0, 48.39%, 0, 0, 8, 565.68, 312917, 45
927, 5, 1, 112, 44, 0, 48.39%, 0, 0, 8, 576.73, 315775, 45
932, 5, 30, 112, 44, 0, 48.39%, 0, 0, 8, 592.97, 318755, 45
937, 5, 30, 112, 44, 0, 48.39%, 0, 0, 8, 579.91, 321617, 45
942, 5, 59, 112, 44, 0, 48.39%, 0, 0, 8, 594.05, 324547, 45
947, 5, 55, 112, 44, 0, 48.39%, 0, 0, 8, 567.95, 327367, 45
952, 5, 51, 112, 44, 0, 48.39%, 0, 0, 8, 553.00, 330132, 45
957, 5, 1, 112, 44, 0, 48.39%, 0, 0, 8, 511.10, 332625, 45
962, 5, 15, 112, 44, 0, 48.39%, 0, 0, 8, 566.52, 335686, 45
967, 6, 15, 112, 44, 0, 48.39%, 0, 0, 8, 571.72, 338497, 45
972, 6, 33, 112, 44, 0, 48.39%, 0, 0, 8, 522.01, 341200, 45
977, 6, 92, 112, 43, 0, 48.39%, 0, 0, 8, 571.76, 343958, 45
982, 6, 84, 112, 42, 0, 48.39%, 0, 0, 8, 560.67, 346769, 45
987, 6, 111, 112, 41, 0, 48.39%, 0, 0, 8, 405.37, 348754, 45
992, 6, 111, 112, 41, 0, 48.39%, 0, 0, 8, 359.30, 350456, 45
998, 6, 59, 112, 40, 0, 48.39%, 0, 0, 8, 525.19, 353420, 45
1003, 6, 30, 112, 40, 0, 48.39%, 0, 0, 8, 532.34, 356056, 45
1008, 6, 30, 112, 40, 0, 48.39%, 0, 0, 8, 562.00, 358964, 45
1013, 6, 33, 112, 40, 0, 48.39%, 0, 0, 8, 570.90, 361862, 45
1018, 6, 74, 112, 40, 0, 48.39%, 0, 0, 8, 528.73, 364544, 45
1023, 6, 33, 112, 39, 0, 48.39%, 0, 0, 8, 548.39, 367330, 45
1028, 6, 54, 112, 39, 0, 48.39%, 0, 0, 8, 497.87, 369734, 45
1033, 6, 33, 112, 39, 0, 48.39%, 0, 0, 8, 555.15, 372563, 45
1038, 6, 59, 112, 39, 0, 48.39%, 0, 0, 8, 547.73, 375271, 45
1043, 6, 1, 112, 39, 0, 48.39%, 0, 0, 8, 589.53, 378327, 45
1049, 6, 33, 112, 39, 0, 48.39%, 0, 0, 8, 525.86, 380910, 45
1054, 6, 55, 112, 39, 0, 48.39%, 0, 0, 8, 530.95, 383603, 45
1059, 6, 1, 112, 39, 0, 48.39%, 0, 0, 8, 556.48, 386485, 45
1064, 6, 34, 112, 38, 0, 48.39%, 0, 0, 8, 573.21, 389492, 45
1069, 6, 59, 112, 38, 0, 48.39%, 0, 0, 8, 549.82, 392270, 45
1074, 6, 78, 112, 38, 0, 48.39%, 0, 0, 8, 542.14, 394961, 45
1079, 6, 18, 112, 37, 0, 48.39%, 0, 0, 8, 542.14, 397666, 45
1084, 6, 1, 112, 37, 0, 48.39%, 0, 0, 8, 491.83, 400110, 45
1089, 7, 20, 112, 37, 0, 48.39%, 0, 0, 8, 494.52, 402588, 45
1095, 7, 55, 112, 37, 0, 48.39%, 0, 0, 8, 532.46, 405351, 45
1100, 7, 15, 112, 37, 0, 48.39%, 0, 0, 8, 576.47, 408256, 45
1105, 7, 33, 112, 37, 0, 48.39%, 0, 0, 8, 565.15, 411089, 45
1110, 7, 18, 112, 37, 0, 48.39%, 0, 0, 8, 534.08, 413658, 45
1115, 7, 30, 112, 37, 0, 48.39%, 0, 0, 8, 585.89, 416642, 45
1120, 7, 20, 112, 37, 0, 48.39%, 0, 0, 8, 601.03, 419726, 45
1125, 7, 18, 112, 37, 0, 48.39%, 0, 0, 8, 550.08, 422398, 45
1130, 7, 51, 112, 37, 0, 48.39%, 0, 0, 8, 512.10, 425007, 45
1135, 7, 18, 112, 36, 0, 48.39%, 0, 0, 8, 516.13, 427572, 45
1140, 7, 55, 112, 36, 0, 48.39%, 0, 0, 8, 527.02, 430275, 45
1145, 7, 1, 112, 36, 0, 48.39%, 0, 0, 8, 529.08, 432948, 45
1150, 7, 54, 112, 36, 0, 48.39%, 0, 0, 8, 541.39, 435743, 45
1156, 7, 33, 112, 36, 0, 48.39%, 0, 0, 8, 538.60, 438555, 45
1161, 7, 1, 112, 36, 0, 48.39%, 0, 0, 8, 524.29, 441140, 45
1166, 7, 54, 112, 36, 0, 48.39%, 0, 0, 8, 578.12, 444166, 45
1171, 7, 33, 112, 36, 0, 48.39%, 0, 0, 8, 561.86, 446944, 45
1176, 7, 34, 112, 36, 0, 48.39%, 0, 0, 8, 417.31, 449151, 45
1181, 7, 95, 112, 36, 0, 48.39%, 0, 0, 8, 230.18, 450084, 45
1186, 7, 30, 112, 35, 0, 48.39%, 0, 0, 8, 277.18, 451322, 45
1191, 7, 59, 113, 35, 0, 48.39%, 0, 0, 8, 441.13, 453892, 45
1197, 7, 40, 113, 35, 0, 48.39%, 0, 0, 8, 521.73, 456631, 45
1202, 7, 55, 113, 35, 0, 48.39%, 0, 0, 8, 403.34, 458652, 45
1207, 7, 15, 113, 34, 0, 48.39%, 0, 0, 8, 435.31, 460878, 45
1212, 7, 54, 114, 35, 0, 48.39%, 0, 0, 8, 497.33, 463340, 45
1217, 8, 34, 114, 35, 0, 48.39%, 0, 0, 8, 467.27, 465720, 45
1222, 8, 15, 114, 35, 0, 48.39%, 0, 0, 8, 513.78, 468370, 45
1227, 8, 54, 114, 35, 0, 48.39%, 0, 0, 8, 517.25, 470858, 45
1232, 8, 34, 114, 35, 0, 48.39%, 0, 0, 8, 444.23, 473097, 45
1237, 8, 33, 114, 35, 0, 48.39%, 0, 0, 8, 487.17, 475528, 45
1242, 8, 51, 114, 35, 0, 48.39%, 0, 0, 8, 549.03, 478414, 45
1248, 8, 55, 114, 35, 0, 48.39%, 0, 0, 8, 518.15, 480898, 45
1253, 8, 1, 114, 35, 0, 48.39%, 0, 0, 8, 526.96, 483609, 45
1258, 8, 54, 114, 35, 0, 48.39%, 0, 0, 8, 507.07, 486113, 45
1263, 8, 59, 114, 35, 0, 48.39%, 0, 0, 8, 494.34, 488623, 45
1268, 8, 1, 114, 35, 0, 48.39%, 0, 0, 8, 562.20, 491507, 45
1273, 8, 1, 114, 35, 0, 48.39%, 0, 0, 8, 518.72, 494023, 45
1278, 8, 20, 114, 35, 0, 48.39%, 0, 0, 8, 476.14, 496419, 45
1283, 8, 30, 114, 35, 0, 48.39%, 0, 0, 8, 514.25, 499005, 45
1288, 8, 54, 114, 35, 0, 48.39%, 0, 0, 8, 554.91, 501805, 45
1293, 8, 55, 114, 35, 0, 48.39%, 0, 0, 8, 511.72, 504445, 45
1298, 8, 30, 114, 35, 0, 48.39%, 0, 0, 8, 537.71, 507127, 45
1304, 8, 1, 114, 35, 0, 48.39%, 0, 0, 8, 535.14, 509921, 45
1309, 8, 51, 114, 35, 0, 48.39%, 0, 0, 8, 557.47, 512799, 45
1314, 8, 1, 114, 35, 0, 48.39%, 0, 0, 8, 539.43, 515506, 45
1319, 8, 102, 114, 35, 0, 48.39%, 0, 0, 8, 521.69, 518173, 45
1324, 8, 33, 114, 34, 0, 48.39%, 0, 0, 8, 548.59, 520962, 45
1329, 9, 59, 114, 34, 0, 48.39%, 0, 0, 8, 535.27, 523667, 45
1334, 9, 33, 114, 34, 0, 48.39%, 0, 0, 8, 538.24, 526453, 45
1339, 9, 34, 115, 34, 0, 48.39%, 0, 0, 8, 556.70, 529116, 45
1344, 9, 20, 116, 35, 0, 48.39%, 0, 0, 8, 543.11, 531764, 45
1350, 9, 59, 116, 35, 0, 48.39%, 0, 0, 8, 569.46, 534667, 45
1355, 9, 1, 116, 35, 0, 48.39%, 0, 0, 8, 533.50, 537191, 45
1360, 9, 1, 116, 35, 0, 48.39%, 0, 0, 8, 539.12, 539911, 45
1365, 9, 55, 116, 35, 0, 48.39%, 0, 0, 8, 511.10, 542511, 45
1370, 9, 18, 116, 34, 0, 48.39%, 0, 0, 8, 522.92, 545252, 45
1375, 9, 59, 116, 34, 0, 48.39%, 0, 0, 8, 532.17, 548000, 45
1380, 9, 54, 116, 34, 0, 48.39%, 0, 0, 8, 476.86, 550382, 45
1385, 9, 33, 116, 34, 0, 48.39%, 0, 0, 8, 510.11, 553007, 45
1390, 9, 15, 116, 33, 0, 48.39%, 0, 0, 8, 545.60, 555928, 45
1395, 9, 18, 116, 33, 0, 48.39%, 0, 0, 8, 549.02, 558553, 45
1401, 9, 55, 116, 33, 0, 48.39%, 0, 0, 8, 526.72, 561279, 45
1406, 9, 33, 116, 33, 0, 48.39%, 0, 0, 8, 485.00, 563731, 45
1411, 9, 18, 116, 33, 0, 48.39%, 0, 0, 8, 529.42, 566477, 45
1416, 9, 34, 116, 33, 0, 48.39%, 0, 0, 8, 534.22, 569151, 45
1421, 9, 33, 116, 33, 0, 48.39%, 0, 0, 8, 541.80, 571801, 45
1426, 9, 35, 116, 33, 0, 48.39%, 0, 0, 8, 521.00, 574504, 45
1431, 9, 59, 116, 32, 0, 48.39%, 0, 0, 8, 512.93, 577041, 45
1436, 10, 33, 116, 32, 0, 48.39%, 0, 0, 8, 544.24, 579761, 45
1441, 10, 30, 116, 32, 0, 48.39%, 0, 0, 8, 506.57, 582269, 45
1446, 10, 50, 116, 32, 0, 48.39%, 0, 0, 8, 494.29, 584982, 45
1452, 10, 33, 116, 32, 0, 48.39%, 0, 0, 8, 516.47, 587737, 45
1457, 10, 34, 116, 32, 0, 48.39%, 0, 0, 8, 515.81, 590423, 45
1462, 10, 33, 116, 32, 0, 48.39%, 0, 0, 8, 515.46, 592969, 45
1467, 10, 59, 116, 32, 0, 48.39%, 0, 0, 8, 508.57, 595476, 45
1472, 10, 82, 116, 32, 0, 48.39%, 0, 0, 8, 525.77, 598131, 45
1477, 10, 55, 116, 30, 0, 48.39%, 0, 0, 8, 531.12, 600928, 45
1482, 10, 18, 116, 30, 0, 48.39%, 0, 0, 8, 476.86, 603369, 45
1487, 10, 33, 116, 30, 0, 48.39%, 0, 0, 8, 529.41, 606115, 45
1492, 10, 33, 116, 30, 0, 48.39%, 0, 0, 8, 536.65, 608888, 45
1497, 10, 54, 116, 30, 0, 48.39%, 0, 0, 8, 535.08, 611584, 45
1502, 10, 33, 116, 30, 0, 48.39%, 0, 0, 8, 559.27, 614329, 45
1507, 10, 33, 117, 31, 0, 48.39%, 0, 0, 8, 501.27, 616838, 45
1512, 10, 33, 117, 31, 0, 48.39%, 0, 0, 8, 488.01, 619389, 45
1517, 10, 20, 117, 31, 0, 48.39%, 0, 0, 8, 522.48, 622055, 45
1522, 10, 1, 117, 30, 0, 48.39%, 0, 0, 8, 512.81, 624616, 45
1527, 10, 54, 117, 29, 0, 48.39%, 0, 0, 8, 497.14, 627277, 45
1533, 10, 59, 118, 30, 0, 48.39%, 0, 0, 8, 387.63, 628996, 45
1538, 10, 49, 118, 30, 0, 48.39%, 0, 0, 8, 447.11, 631442, 45
1543, 10, 33, 118, 30, 0, 48.39%, 0, 0, 8, 505.01, 634019, 45
1548, 10, 34, 118, 30, 0, 48.39%, 0, 0, 8, 526.90, 636614, 45
1553, 10, 59, 118, 30, 0, 48.39%, 0, 0, 8, 522.51, 639375, 45
1558, 11, 30, 118, 30, 0, 48.39%, 0, 0, 8, 524.51, 642138, 45
1563, 11, 34, 118, 30, 0, 48.39%, 0, 0, 8, 516.22, 644717, 45
1568, 11, 30, 118, 30, 0, 48.39%, 0, 0, 8, 521.10, 647263, 45
1573, 11, 30, 118, 30, 0, 48.39%, 0, 0, 8, 547.70, 650064, 45
1578, 11, 1, 118, 30, 0, 48.39%, 0, 0, 8, 490.66, 652633, 45
1584, 11, 33, 118, 30, 0, 48.39%, 0, 0, 8, 393.42, 654756, 45
1589, 11, 33, 118, 30, 0, 48.39%, 0, 0, 8, 326.15, 656146, 45
1594, 11, 18, 118, 29, 0, 48.39%, 0, 0, 8, 488.89, 658855, 45
1599, 11, 1, 118, 29, 0, 48.39%, 0, 0, 8, 455.39, 661197, 45
1604, 11, 33, 118, 29, 0, 48.39%, 0, 0, 8, 521.08, 663832, 45
1609, 11, 33, 118, 29, 0, 48.39%, 0, 0, 8, 528.42, 666582, 45
1614, 11, 30, 118, 29, 0, 48.39%, 0, 0, 8, 527.07, 669248, 45
1619, 11, 33, 118, 29, 0, 48.39%, 0, 0, 8, 500.75, 671766, 45
1624, 11, 33, 118, 29, 0, 48.39%, 0, 0, 8, 560.14, 674641, 45
1629, 11, 20, 118, 29, 0, 48.39%, 0, 0, 8, 489.53, 677119, 45
1634, 11, 20, 119, 30, 0, 48.39%, 0, 0, 8, 489.98, 679591, 45
1640, 11, 1, 119, 30, 0, 48.39%, 0, 0, 8, 457.98, 682020, 45
1645, 11, 54, 119, 30, 0, 48.39%, 0, 0, 8, 494.21, 684647, 45
1650, 11, 59, 119, 30, 0, 48.39%, 0, 0, 8, 469.98, 687055, 45
1655, 11, 34, 119, 30, 0, 48.39%, 0, 0, 8, 498.81, 689567, 45
1660, 11, 33, 119, 30, 0, 48.39%, 0, 0, 8, 533.00, 692309, 45
1665, 11, 18, 119, 30, 0, 48.39%, 0, 0, 8, 506.04, 694764, 45
1670, 11, 33, 119, 30, 0, 48.39%, 0, 0, 8, 467.46, 697145, 45
1675, 11, 33, 119, 30, 0, 48.39%, 0, 0, 8, 459.70, 699516, 45
1680, 11, 118, 119, 30, 0, 48.39%, 0, 0, 8, 446.43, 701894, 45
1685, 11, 118, 119, 30, 0, 48.39%, 0, 0, 8, 462.63, 704267, 45
1690, 11, 30, 119, 29, 0, 48.39%, 0, 0, 8, 501.95, 706836, 45
1695, 11, 1, 119, 29, 0, 48.39%, 0, 0, 8, 493.20, 709236, 45
1701, 12, 51, 119, 29, 0, 48.39%, 0, 0, 8, 527.06, 712026, 45
1706, 12, 115, 119, 29, 0, 48.39%, 0, 0, 8, 402.91, 713935, 45
1711, 12, 50, 119, 28, 0, 48.39%, 0, 0, 8, 474.82, 716467, 45
1716, 12, 59, 119, 28, 0, 48.39%, 0, 0, 8, 490.16, 719072, 45
1721, 12, 34, 119, 28, 0, 48.39%, 0, 0, 8, 485.23, 721578, 45
1726, 12, 54, 119, 28, 0, 48.39%, 0, 0, 8, 504.18, 724191, 45
1731, 12, 1, 119, 28, 0, 48.39%, 0, 0, 8, 491.81, 726756, 45
1736, 12, 116, 119, 28, 0, 48.39%, 0, 0, 8, 302.10, 728161, 45
1742, 12, 83, 119, 27, 0, 48.39%, 0, 0, 8, 428.34, 730446, 45
1747, 12, 33, 119, 26, 0, 48.39%, 0, 0, 8, 534.24, 733367, 45
1752, 12, 15, 119, 26, 0, 48.39%, 0, 0, 8, 527.92, 736070, 45
1757, 12, 50, 119, 26, 0, 48.39%, 0, 0, 8, 515.87, 738724, 45
1762, 12, 55, 119, 26, 0, 48.39%, 0, 0, 8, 522.59, 741288, 45
1767, 12, 20, 119, 26, 0, 48.39%, 0, 0, 8, 519.78, 743884, 45
1772, 12, 18, 119, 26, 0, 48.39%, 0, 0, 8, 505.25, 746438, 45
1777, 12, 1, 119, 26, 0, 48.39%, 0, 0, 8, 491.49, 748940, 45
1783, 12, 33, 119, 26, 0, 48.39%, 0, 0, 8, 508.75, 751565, 45
1788, 12, 33, 119, 26, 0, 48.39%, 0, 0, 8, 530.38, 754273, 45
1793, 12, 30, 119, 26, 0, 48.39%, 0, 0, 8, 494.40, 756692, 45
1798, 12, 30, 119, 26, 0, 48.39%, 0, 0, 8, 503.68, 759285, 45
1803, 12, 34, 119, 25, 0, 48.39%, 0, 0, 8, 516.92, 761980, 45
1808, 12, 33, 119, 25, 0, 48.39%, 0, 0, 8, 460.38, 764422, 45
1813, 12, 54, 119, 25, 0, 48.39%, 0, 0, 8, 230.07, 765258, 45
1818, 12, 33, 119, 25, 0, 48.39%, 0, 0, 8, 178.02, 766080, 45
1824, 12, 33, 119, 25, 0, 48.39%, 0, 0, 8, 400.69, 768192, 45
1829, 12, 33, 119, 25, 0, 48.39%, 0, 0, 8, 500.95, 770937, 45
1834, 12, 1, 119, 25, 0, 48.39%, 0, 0, 8, 538.60, 773648, 45
1839, 13, 59, 119, 25, 0, 48.39%, 0, 0, 8, 532.20, 776209, 45
1844, 13, 30, 119, 25, 0, 48.39%, 0, 0, 8, 502.15, 778699, 45
1849, 13, 33, 119, 25, 0, 48.39%, 0, 0, 8, 503.61, 781096, 45
1854, 13, 30, 119, 25, 0, 48.39%, 0, 0, 8, 465.82, 783594, 45
1859, 13, 100, 119, 25, 0, 48.39%, 0, 0, 8, 499.54, 786122, 45
1864, 13, 30, 119, 23, 0, 48.39%, 0, 0, 8, 526.16, 788653, 45
1869, 13, 18, 119, 23, 0, 48.39%, 0, 0, 8, 503.13, 791110, 45
1875, 13, 23, 119, 23, 0, 48.39%, 0, 0, 8, 536.54, 793895, 45
1880, 13, 33, 119, 23, 0, 48.39%, 0, 0, 8, 537.14, 796544, 45
1885, 13, 23, 119, 23, 0, 48.39%, 0, 0, 8, 538.93, 799161, 45
1890, 13, 33, 119, 23, 0, 48.39%, 0, 0, 8, 554.92, 801985, 45
1894, 13, 54, 119, 23, 0, 48.39%, 1, 0, 8, 0.00, 803947, 45
