# relative_time, cycles_done, cur_item, corpus_count, pending_total, pending_favs, map_size, saved_crashes, saved_hangs, max_depth, execs_per_sec, total_execs, edges_found
73, 0, 0, 11, 9, 0, 29.47%, 0, 0, 2, 0.04, 1700, 28
78, 0, 0, 11, 9, 0, 29.47%, 0, 0, 2, 339.45, 1776, 28
122, 0, 0, 13, 11, 0, 30.53%, 0, 0, 2, 0.86, 3113, 29
127, 0, 0, 13, 11, 0, 30.53%, 0, 0, 2, 457.64, 4095, 29
176, 0, 0, 13, 11, 0, 30.53%, 0, 0, 2, 1.06, 5509, 29
181, 0, 5, 13, 10, 1, 30.53%, 0, 0, 2, 420.94, 7647, 29
215, 0, 12, 13, 9, 0, 30.53%, 0, 0, 2, 1.20, 7971, 29
222, 0, 12, 13, 9, 0, 30.53%, 0, 0, 2, 1.16, 7975, 29
263, 0, 12, 13, 9, 0, 30.53%, 0, 0, 2, 0.08, 9127, 29
269, 0, 12, 17, 13, 0, 32.63%, 0, 0, 3, 453.92, 11456, 31
306, 0, 12, 17, 13, 0, 32.63%, 0, 0, 3, 0.19, 11571, 31
346, 0, 12, 18, 14, 0, 33.68%, 0, 0, 3, 0.99, 13146, 32
351, 0, 12, 18, 14, 0, 33.68%, 0, 0, 3, 419.71, 15250, 32
384, 0, 12, 18, 14, 0, 33.68%, 0, 0, 3, 1.24, 15578, 32
419, 0, 12, 18, 14, 0, 33.68%, 0, 0, 3, 0.49, 16690, 32
455, 0, 12, 19, 15, 0, 36.84%, 0, 0, 3, 2.05, 18913, 35
463, 0, 12, 19, 15, 0, 36.84%, 0, 0, 3, 13.82, 19649, 35
486, 0, 12, 19, 15, 0, 36.84%, 0, 0, 3, 0.51, 19661, 35
492, 0, 18, 19, 14, 3, 36.84%, 0, 0, 3, 467.95, 22070, 35
522, 0, 18, 20, 15, 3, 36.84%, 0, 0, 4, 3.61, 22392, 35
527, 0, 15, 24, 16, 0, 36.84%, 0, 0, 4, 463.88, 24784, 35
557, 0, 15, 24, 16, 0, 36.84%, 0, 0, 4, 3.37, 25153, 35
591, 0, 15, 25, 17, 0, 37.89%, 0, 0, 4, 1.56, 26307, 36
596, 0, 15, 25, 16, 0, 37.89%, 0, 0, 4, 460.36, 28712, 36
625, 0, 15, 25, 16, 0, 37.89%, 0, 0, 4, 0.36, 29040, 36
656, 0, 24, 29, 19, 0, 38.95%, 0, 0, 4, 4.05, 31007, 37
665, 0, 24, 31, 21, 0, 40.00%, 0, 0, 5, 16.29, 32621, 38
680, 0, 24, 31, 21, 0, 40.00%, 0, 0, 5, 0.85, 32634, 38
712, 0, 24, 34, 24, 0, 42.11%, 0, 0, 5, 2.10, 34632, 40
717, 0, 24, 34, 24, 0, 42.11%, 0, 0, 5, 491.45, 37192, 40
740, 0, 24, 34, 24, 0, 42.11%, 0, 0, 5, 1.66, 37414, 40
748, 0, 24, 34, 24, 0, 42.11%, 0, 0, 5, 9.13, 38662, 40
761, 0, 24, 34, 24, 0, 42.11%, 0, 0, 5, 0.51, 38669, 40
788, 0, 24, 40, 30, 0, 44.21%, 0, 0, 5, 0.83, 41080, 42
793, 0, 30, 43, 31, 2, 44.21%, 0, 0, 6, 545.69, 43863, 42
816, 0, 30, 43, 31, 2, 44.21%, 0, 0, 6, 2.80, 44047, 42
836, 0, 35, 46, 31, 0, 44.21%, 0, 0, 6, 2.58, 45925, 42
842, 0, 42, 46, 31, 0, 44.21%, 0, 0, 6, 603.10, 49025, 42
863, 0, 42, 47, 32, 0, 44.21%, 0, 0, 7, 4.25, 49248, 42
892, 0, 42, 49, 34, 0, 45.26%, 0, 0, 7, 3.52, 52338, 43
897, 0, 35, 49, 33, 0, 45.26%, 0, 0, 7, 605.06, 55243, 43
915, 0, 47, 51, 35, 0, 45.26%, 0, 0, 8, 5.49, 55861, 43
933, 0, 47, 52, 36, 0, 45.26%, 0, 0, 8, 1.81, 57944, 43
946, 0, 47, 52, 36, 0, 45.26%, 0, 0, 8, 10.29, 59881, 43
953, 0, 47, 52, 36, 0, 45.26%, 0, 0, 8, 9.84, 59905, 43
958, 0, 47, 54, 38, 0, 45.26%, 0, 0, 8, 584.62, 62856, 43
969, 0, 47, 55, 39, 0, 45.26%, 0, 0, 8, 11.89, 63474, 43
974, 0, 51, 56, 39, 0, 45.26%, 0, 0, 9, 567.16, 66326, 43
991, 0, 51, 56, 39, 0, 45.26%, 0, 0, 9, 3.39, 66744, 43
1006, 0, 51, 56, 39, 0, 45.26%, 0, 0, 9, 11.48, 69087, 43
1017, 0, 51, 56, 39, 0, 45.26%, 0, 0, 9, 7.88, 71745, 43
1026, 0, 51, 56, 39, 0, 45.26%, 0, 0, 9, 1.49, 71758, 43
1040, 0, 51, 57, 40, 0, 45.26%, 0, 0, 9, 2.43, 74626, 43
1045, 0, 15, 58, 41, 0, 45.26%, 0, 0, 9, 601.39, 77669, 43
1064, 0, 15, 58, 41, 0, 45.26%, 0, 0, 9, 6.00, 78064, 43
1069, 0, 15, 61, 43, 0, 45.26%, 0, 0, 9, 640.96, 81316, 43
1078, 0, 17, 61, 43, 0, 45.26%, 0, 0, 9, 9.25, 81824, 43
1097, 0, 60, 62, 44, 0, 45.26%, 0, 0, 9, 4.75, 83559, 43
1102, 0, 60, 62, 44, 0, 45.26%, 0, 0, 9, 709.85, 87233, 43
1115, 0, 38, 62, 44, 0, 45.26%, 0, 0, 9, 8.70, 88049, 43
1120, 0, 15, 62, 44, 0, 45.26%, 0, 0, 9, 722.77, 91706, 43
1130, 0, 32, 62, 44, 0, 45.26%, 0, 0, 9, 13.29, 92131, 43
1146, 0, 38, 62, 44, 0, 45.26%, 0, 0, 9, 11.09, 95008, 43
1151, 0, 60, 62, 44, 0, 45.26%, 0, 0, 9, 715.53, 98658, 43
1157, 0, 38, 62, 44, 0, 45.26%, 0, 0, 9, 685.84, 100371, 43
1170, 0, 15, 63, 45, 0, 45.26%, 0, 0, 9, 6.27, 102177, 43
1175, 1, 51, 66, 48, 0, 45.26%, 0, 0, 9, 744.73, 105885, 43
1180, 1, 32, 67, 49, 0, 45.26%, 0, 0, 9, 738.63, 108163, 43
1189, 1, 51, 67, 49, 0, 45.26%, 0, 0, 9, 5.10, 108977, 43
1194, 1, 65, 72, 54, 0, 45.26%, 0, 0, 9, 756.71, 112750, 43
1205, 1, 51, 72, 52, 0, 45.26%, 0, 0, 9, 5.23, 114309, 43
1210, 1, 38, 72, 51, 0, 45.26%, 0, 0, 9, 757.68, 118117, 43
1219, 1, 51, 72, 51, 0, 45.26%, 0, 0, 9, 10.77, 119527, 43
1224, 1, 64, 73, 52, 0, 45.26%, 0, 0, 9, 739.04, 123320, 43
1229, 1, 73, 74, 52, 0, 45.26%, 0, 0, 9, 2.17, 124506, 43
1238, 1, 60, 74, 51, 0, 45.26%, 0, 0, 9, 24.10, 127276, 43
1243, 1, 15, 76, 52, 0, 45.26%, 0, 0, 9, 710.22, 130982, 43
1248, 1, 51, 76, 52, 0, 45.26%, 0, 0, 9, 764.81, 133237, 43
1253, 1, 51, 76, 52, 0, 45.26%, 0, 0, 9, 19.41, 133913, 43
1258, 1, 64, 77, 52, 0, 45.26%, 0, 0, 9, 760.03, 136732, 43
1264, 1, 41, 79, 54, 0, 45.26%, 0, 0, 9, 752.03, 140578, 43
1270, 1, 77, 79, 53, 0, 45.26%, 0, 0, 9, 2.75, 141382, 43
1275, 1, 37, 80, 53, 0, 45.26%, 0, 0, 9, 707.66, 145003, 43
1284, 1, 60, 81, 53, 0, 45.26%, 1, 0, 9, 30.25, 147937, 43
1284, 1, 60, 81, 53, 0, 45.26%, 1, 0, 9, 0.00, 147937, 43
