# relative_time, cycles_done, cur_item, corpus_count, pending_total, pending_favs, map_size, saved_crashes, saved_hangs, max_depth, execs_per_sec, total_execs, edges_found
73, 0, 1, 9, 7, 0, 18.45%, 0, 0, 3, 0.04, 1718, 19
78, 0, 1, 10, 8, 0, 18.45%, 0, 0, 3, 210.14, 1781, 19
89, 0, 1, 10, 8, 0, 18.45%, 0, 0, 3, 8.93, 3331, 19
122, 0, 1, 10, 8, 0, 18.45%, 0, 0, 3, 0.03, 3332, 19
127, 0, 1, 11, 9, 0, 18.45%, 0, 0, 3, 655.68, 4602, 19
170, 0, 1, 12, 10, 0, 19.42%, 0, 0, 3, 1.21, 6687, 20
175, 0, 1, 12, 10, 0, 19.42%, 0, 0, 3, 1.17, 6690, 20
180, 0, 1, 12, 10, 0, 19.42%, 0, 0, 3, 603.27, 9747, 20
214, 0, 1, 12, 10, 0, 19.42%, 0, 0, 3, 1.08, 10179, 20
222, 0, 1, 12, 10, 0, 19.42%, 0, 0, 3, 1.04, 10182, 20
263, 0, 1, 16, 14, 0, 20.39%, 0, 0, 3, 1.44, 11792, 21
268, 0, 11, 17, 11, 0, 21.36%, 0, 0, 3, 650.07, 15132, 22
306, 0, 11, 17, 11, 0, 21.36%, 0, 0, 3, 0.05, 15284, 22
346, 0, 11, 17, 11, 0, 21.36%, 0, 0, 3, 3.77, 17538, 22
351, 0, 11, 18, 12, 0, 21.36%, 0, 0, 4, 597.53, 20497, 22
384, 0, 11, 18, 12, 0, 21.36%, 0, 0, 4, 3.15, 21002, 22
419, 0, 11, 22, 15, 0, 21.36%, 0, 0, 4, 0.94, 22559, 22
455, 0, 16, 22, 15, 0, 21.36%, 0, 0, 4, 3.58, 25696, 22
486, 0, 11, 22, 15, 0, 21.36%, 0, 0, 4, 4.29, 26699, 22
491, 0, 22, 25, 17, 0, 21.36%, 0, 0, 5, 625.29, 29850, 22
522, 0, 22, 25, 17, 0, 21.36%, 0, 0, 5, 2.81, 30366, 22
527, 0, 22, 26, 18, 0, 24.27%, 0, 0, 5, 618.13, 33685, 25
557, 0, 22, 26, 18, 0, 24.27%, 0, 0, 5, 0.41, 34105, 25
591, 0, 22, 26, 18, 0, 24.27%, 0, 0, 5, 2.84, 35663, 25
596, 0, 22, 27, 19, 0, 24.27%, 0, 0, 5, 627.78, 38843, 25
625, 0, 25, 28, 19, 0, 24.27%, 0, 0, 6, 3.65, 39345, 25
656, 0, 25, 28, 19, 0, 24.27%, 0, 0, 6, 4.90, 42045, 25
664, 0, 25, 28, 19, 0, 24.27%, 0, 0, 6, 12.85, 44289, 25
680, 0, 25, 28, 19, 0, 24.27%, 0, 0, 6, 0.65, 44299, 25
693, 0, 11, 29, 20, 0, 24.27%, 0, 0, 6, 26.77, 47034, 25
712, 0, 11, 29, 20, 0, 24.27%, 0, 0, 6, 0.04, 47035, 25
717, 0, 19, 33, 24, 0, 26.21%, 0, 0, 6, 729.36, 50701, 27
739, 0, 19, 33, 24, 0, 26.21%, 0, 0, 6, 5.37, 51102, 27
747, 0, 19, 33, 24, 0, 26.21%, 0, 0, 6, 10.98, 52962, 27
761, 0, 19, 33, 24, 0, 26.21%, 0, 0, 6, 0.29, 52966, 27
788, 0, 19, 33, 24, 0, 26.21%, 0, 0, 6, 5.11, 56403, 27
793, 0, 19, 38, 29, 0, 27.18%, 0, 0, 6, 731.48, 60030, 28
816, 0, 19, 38, 29, 0, 27.18%, 0, 0, 6, 1.49, 60384, 28
836, 0, 31, 41, 30, 1, 28.16%, 0, 0, 6, 1.76, 62844, 29
841, 0, 31, 42, 31, 1, 29.13%, 0, 0, 6, 782.32, 66766, 30
863, 0, 31, 42, 31, 1, 29.13%, 0, 0, 6, 3.49, 67171, 30
892, 0, 11, 43, 29, 0, 29.13%, 0, 0, 7, 5.01, 71097, 30
897, 0, 41, 45, 31, 0, 29.13%, 0, 0, 7, 791.36, 75174, 30
915, 0, 41, 45, 31, 0, 29.13%, 0, 0, 7, 7.45, 75821, 30
933, 0, 40, 45, 31, 0, 29.13%, 0, 0, 7, 4.46, 78470, 30
946, 0, 40, 46, 32, 0, 29.13%, 0, 0, 7, 3.17, 81089, 30
953, 0, 40, 46, 32, 0, 29.13%, 0, 0, 7, 3.43, 81117, 30
958, 0, 40, 46, 32, 0, 29.13%, 0, 0, 7, 771.79, 84989, 30
968, 0, 40, 46, 32, 0, 29.13%, 0, 0, 7, 4.81, 85859, 30
974, 0, 16, 48, 34, 0, 30.10%, 0, 0, 7, 779.88, 89878, 31
990, 0, 16, 48, 34, 0, 30.10%, 0, 0, 7, 0.99, 90308, 31
1006, 0, 47, 51, 36, 0, 30.10%, 0, 0, 7, 15.31, 93487, 31
1026, 0, 47, 52, 37, 0, 30.10%, 0, 0, 7, 15.81, 97110, 31
1026, 0, 47, 52, 37, 0, 30.10%, 0, 0, 7, 0.11, 97111, 31
1040, 0, 47, 53, 38, 0, 30.10%, 0, 0, 7, 19.07, 101005, 31
1045, 0, 47, 53, 38, 0, 30.10%, 0, 0, 7, 789.48, 105019, 31
1050, 0, 47, 53, 38, 0, 30.10%, 0, 0, 7, 25.58, 105484, 31
1064, 0, 47, 53, 38, 0, 30.10%, 0, 0, 7, 0.29, 105488, 31
1069, 0, 34, 54, 39, 0, 30.10%, 0, 0, 7, 815.11, 109691, 31
1078, 0, 34, 54, 39, 0, 30.10%, 0, 0, 7, 18.80, 110171, 31
1096, 0, 34, 54, 39, 0, 30.10%, 0, 0, 7, 5.01, 112327, 31
1101, 0, 40, 55, 40, 0, 30.10%, 0, 0, 7, 834.98, 116614, 31
1114, 0, 40, 55, 40, 0, 30.10%, 0, 0, 7, 1.90, 117590, 31
1119, 0, 11, 55, 40, 0, 30.10%, 0, 0, 7, 806.43, 121708, 31
1129, 0, 11, 55, 40, 0, 30.10%, 0, 0, 7, 1.08, 122237, 31
1146, 0, 11, 55, 40, 0, 30.10%, 0, 0, 7, 11.57, 125460, 31
1151, 0, 34, 56, 41, 0, 30.10%, 0, 0, 7, 805.12, 129598, 31
1156, 0, 32, 56, 41, 0, 30.10%, 0, 0, 7, 843.28, 131562, 31
1170, 0, 34, 56, 41, 0, 30.10%, 0, 0, 7, 9.86, 133590, 31
1175, 0, 32, 56, 41, 0, 30.10%, 0, 0, 7, 819.95, 137869, 31
1180, 0, 41, 56, 41, 0, 30.10%, 0, 0, 7, 533.01, 140360, 31
1189, 0, 41, 56, 41, 0, 30.10%, 0, 0, 7, 1.34, 141036, 31
1194, 1, 40, 56, 41, 0, 30.10%, 0, 0, 7, 827.32, 145326, 31
1204, 1, 40, 59, 44, 0, 30.10%, 0, 0, 7, 9.94, 146945, 31
1209, 1, 41, 60, 45, 0, 30.10%, 0, 0, 7, 811.61, 151192, 31
1218, 1, 37, 61, 46, 0, 30.10%, 0, 0, 7, 20.36, 152704, 31
1224, 1, 41, 64, 48, 0, 30.10%, 0, 0, 7, 751.86, 156804, 31
1229, 1, 16, 64, 48, 0, 30.10%, 0, 0, 7, 47.32, 157983, 31
1237, 1, 32, 65, 49, 0, 30.10%, 0, 0, 7, 27.29, 160843, 31
1243, 1, 11, 65, 49, 0, 30.10%, 0, 0, 7, 776.37, 164843, 31
1248, 1, 32, 65, 49, 0, 30.10%, 0, 0, 7, 794.65, 167262, 31
1253, 1, 11, 65, 49, 0, 30.10%, 0, 0, 7, 3.69, 168150, 31
1258, 1, 11, 65, 48, 0, 30.10%, 0, 0, 7, 814.82, 171204, 31
1263, 1, 40, 66, 49, 0, 30.10%, 0, 0, 7, 816.80, 175457, 31
1270, 1, 40, 66, 49, 0, 30.10%, 0, 0, 7, 8.76, 176193, 31
1275, 1, 11, 68, 51, 0, 30.10%, 0, 0, 7, 802.78, 180178, 31
1284, 1, 16, 68, 51, 0, 30.10%, 0, 0, 7, 3.02, 183582, 31
1289, 1, 11, 68, 51, 0, 30.10%, 0, 0, 7, 825.03, 187721, 31
1294, 1, 16, 68, 50, 0, 30.10%, 0, 0, 7, 813.90, 191778, 31
1300, 1, 47, 68, 50, 0, 30.10%, 0, 0, 7, 2.00, 192761, 31
1305, 1, 34, 68, 50, 0, 30.10%, 0, 0, 7, 824.95, 197039, 31
1310, 1, 32, 68, 49, 0, 30.10%, 0, 0, 7, 818.87, 201269, 31
1315, 1, 40, 68, 49, 0, 30.10%, 0, 0, 7, 822.50, 205583, 31
1321, 1, 11, 68, 48, 0, 30.10%, 0, 0, 7, 806.90, 209555, 31
1326, 1, 47, 68, 48, 0, 30.10%, 0, 0, 7, 804.08, 213565, 31
1331, 1, 47, 68, 48, 0, 30.10%, 0, 0, 7, 816.65, 217827, 31
1338, 1, 11, 69, 49, 0, 30.10%, 0, 0, 7, 18.68, 221131, 31
1343, 1, 11, 69, 49, 0, 30.10%, 0, 0, 7, 705.46, 225184, 31
1348, 1, 11, 69, 49, 0, 30.10%, 0, 0, 7, 812.32, 229432, 31
1353, 1, 32, 69, 49, 0, 30.10%, 0, 0, 7, 830.41, 233646, 31
1358, 1, 40, 69, 49, 0, 30.10%, 0, 0, 7, 810.47, 237752, 31
1363, 1, 11, 69, 49, 0, 30.10%, 0, 0, 7, 782.64, 241732, 31
1368, 2, 35, 70, 50, 0, 30.10%, 0, 0, 7, 803.83, 245784, 31
1374, 2, 11, 74, 53, 0, 30.10%, 0, 0, 7, 806.73, 249956, 31
1379, 2, 11, 80, 59, 0, 30.10%, 0, 0, 7, 790.12, 253846, 31
1384, 2, 11, 80, 59, 0, 30.10%, 0, 0, 7, 805.41, 258048, 31
1389, 2, 22, 80, 59, 0, 30.10%, 0, 0, 7, 828.85, 262344, 31
1394, 2, 40, 81, 60, 0, 30.10%, 0, 0, 7, 816.93, 266427, 31
1399, 2, 34, 82, 61, 0, 30.10%, 0, 0, 7, 785.11, 270344, 31
1404, 2, 25, 83, 62, 0, 30.10%, 0, 0, 7, 804.42, 274406, 31
1409, 2, 11, 85, 64, 0, 30.10%, 0, 0, 7, 784.52, 278297, 31
1414, 2, 11, 85, 63, 0, 30.10%, 0, 0, 7, 508.17, 281336, 31
1419, 2, 45, 86, 64, 0, 30.10%, 0, 0, 7, 770.24, 285664, 31
1425, 2, 11, 89, 67, 0, 30.10%, 0, 0, 8, 819.53, 289868, 31
1430, 2, 32, 89, 66, 0, 30.10%, 0, 0, 8, 811.91, 294049, 31
1435, 2, 40, 91, 68, 0, 32.04%, 0, 0, 8, 771.88, 298086, 33
1440, 2, 90, 95, 71, 0, 33.98%, 0, 0, 8, 789.67, 302089, 35
1445, 2, 90, 99, 75, 0, 40.78%, 0, 0, 8, 808.26, 306135, 42
1450, 2, 90, 101, 77, 0, 42.72%, 0, 0, 8, 788.93, 310156, 44
1455, 2, 90, 101, 77, 0, 42.72%, 0, 0, 8, 813.88, 314301, 44
1460, 2, 99, 103, 78, 6, 42.72%, 0, 0, 9, 785.65, 318249, 44
1465, 2, 105, 107, 80, 7, 45.63%, 0, 0, 9, 803.65, 322277, 47
1470, 2, 105, 108, 81, 7, 45.63%, 0, 0, 10, 802.32, 326446, 47
1475, 2, 94, 108, 80, 6, 45.63%, 0, 0, 10, 833.52, 330658, 47
1480, 2, 103, 108, 79, 5, 45.63%, 0, 0, 10, 841.77, 334876, 47
1485, 2, 103, 111, 82, 5, 45.63%, 0, 0, 10, 771.75, 338766, 47
1490, 2, 100, 111, 81, 4, 45.63%, 0, 0, 10, 790.26, 342751, 47
1496, 2, 97, 111, 80, 3, 45.63%, 0, 0, 10, 825.81, 346775, 47
1501, 2, 98, 113, 80, 2, 48.54%, 0, 0, 10, 831.83, 350932, 50
1506, 2, 11, 114, 79, 0, 48.54%, 0, 0, 10, 824.92, 355118, 50
1511, 2, 34, 114, 79, 0, 48.54%, 0, 0, 10, 810.43, 359261, 50
1512, 2, 112, 114, 79, 0, 48.54%, 1, 0, 10, 0.00, 360327, 50
