# relative_time, cycles_done, cur_item, corpus_count, pending_total, pending_favs, map_size, saved_crashes, saved_hangs, max_depth, execs_per_sec, total_execs, edges_found
77, 0, 0, 17, 17, 1, 26.21%, 0, 0, 2, 0.04, 1697, 27
78, 0, 0, 17, 17, 1, 26.21%, 0, 0, 2, 115.23, 1728, 27
121, 0, 0, 20, 20, 1, 30.10%, 0, 0, 2, 1.04, 3397, 31
127, 0, 0, 22, 22, 1, 31.07%, 0, 0, 2, 676.20, 4838, 32
175, 0, 0, 23, 23, 1, 32.04%, 0, 0, 2, 1.06, 6925, 33
180, 0, 0, 23, 23, 1, 32.04%, 0, 0, 2, 628.27, 10117, 33
221, 0, 0, 23, 23, 1, 32.04%, 0, 0, 2, 0.30, 10561, 33
263, 0, 0, 23, 23, 1, 32.04%, 0, 0, 2, 1.24, 12265, 33
268, 0, 0, 23, 23, 1, 32.04%, 0, 0, 2, 680.06, 15674, 33
306, 0, 0, 23, 23, 1, 32.04%, 0, 0, 2, 0.35, 15908, 33
346, 0, 0, 25, 25, 1, 32.04%, 0, 0, 2, 2.85, 18249, 33
351, 0, 0, 26, 26, 1, 33.01%, 0, 0, 2, 626.58, 21382, 34
384, 0, 0, 26, 26, 1, 33.01%, 0, 0, 2, 2.23, 21886, 34
419, 0, 0, 26, 26, 1, 33.01%, 0, 0, 2, 3.93, 23534, 34
454, 0, 0, 26, 26, 1, 33.01%, 0, 0, 2, 0.42, 26784, 34
462, 0, 0, 26, 26, 1, 33.01%, 0, 0, 2, 17.16, 27806, 34
486, 0, 0, 26, 26, 1, 33.01%, 0, 0, 2, 0.04, 27807, 34
491, 0, 0, 27, 27, 1, 33.98%, 0, 0, 2, 646.85, 31061, 35
522, 0, 0, 27, 27, 1, 33.98%, 0, 0, 2, 3.48, 31601, 35
527, 0, 0, 27, 27, 1, 33.98%, 0, 0, 2, 643.08, 35021, 35
557, 0, 0, 27, 27, 1, 33.98%, 0, 0, 2, 4.32, 35437, 35
591, 0, 0, 27, 27, 1, 33.98%, 0, 0, 2, 2.62, 37026, 35
596, 0, 0, 27, 27, 1, 33.98%, 0, 0, 2, 653.13, 40422, 35
625, 0, 0, 27, 27, 1, 33.98%, 0, 0, 2, 5.06, 40832, 35
656, 0, 0, 27, 27, 1, 33.98%, 0, 0, 2, 2.07, 43592, 35
664, 0, 0, 27, 27, 1, 33.98%, 0, 0, 2, 22.79, 45846, 35
679, 0, 0, 27, 27, 1, 33.98%, 0, 0, 2, 1.11, 45863, 35
712, 0, 0, 27, 27, 1, 33.98%, 0, 0, 2, 2.94, 48646, 35
717, 0, 0, 27, 27, 1, 33.98%, 0, 0, 2, 706.13, 52300, 35
739, 0, 0, 27, 27, 1, 33.98%, 0, 0, 2, 2.40, 52636, 35
747, 0, 0, 27, 27, 1, 33.98%, 0, 0, 2, 22.69, 54456, 35
761, 0, 0, 27, 27, 1, 33.98%, 0, 0, 2, 0.43, 54462, 35
787, 0, 0, 27, 27, 1, 33.98%, 0, 0, 2, 6.64, 57774, 35
793, 0, 0, 27, 27, 1, 33.98%, 0, 0, 2, 735.80, 61442, 35
816, 0, 0, 27, 27, 1, 33.98%, 0, 0, 2, 1.23, 61778, 35
836, 0, 0, 27, 27, 1, 33.98%, 0, 0, 2, 0.88, 64242, 35
841, 0, 0, 27, 27, 1, 33.98%, 0, 0, 2, 770.28, 68172, 35
863, 0, 0, 27, 27, 1, 33.98%, 0, 0, 2, 2.11, 68547, 35
892, 0, 0, 27, 27, 1, 33.98%, 0, 0, 2, 0.63, 72507, 35
897, 0, 0, 28, 28, 1, 34.95%, 0, 0, 2, 795.77, 76549, 36
915, 0, 0, 28, 28, 1, 34.95%, 0, 0, 2, 2.59, 77254, 36
933, 0, 0, 28, 28, 1, 34.95%, 0, 0, 2, 1.12, 79961, 36
945, 0, 0, 28, 28, 1, 34.95%, 0, 0, 2, 9.44, 82639, 36
953, 0, 0, 28, 28, 1, 34.95%, 0, 0, 2, 1.92, 82663, 36
958, 0, 0, 29, 29, 1, 35.92%, 0, 0, 2, 789.79, 86636, 37
963, 0, 0, 30, 30, 1, 36.89%, 0, 0, 2, 11.14, 87513, 38
968, 0, 0, 30, 30, 1, 36.89%, 0, 0, 2, 1.88, 87523, 38
973, 0, 0, 30, 30, 1, 36.89%, 0, 0, 2, 779.01, 91428, 38
990, 0, 0, 30, 30, 1, 36.89%, 0, 0, 2, 5.53, 91968, 38
1006, 0, 0, 30, 30, 1, 36.89%, 0, 0, 2, 15.33, 95159, 38
1026, 0, 0, 30, 30, 1, 36.89%, 0, 0, 2, 7.10, 98791, 38
1040, 0, 0, 30, 30, 1, 36.89%, 0, 0, 2, 13.12, 102678, 38
1045, 0, 0, 30, 30, 1, 36.89%, 0, 0, 2, 790.06, 106803, 38
1063, 0, 0, 30, 30, 1, 36.89%, 0, 0, 2, 0.59, 107171, 38
1068, 0, 0, 30, 30, 1, 36.89%, 0, 0, 2, 811.13, 111271, 38
1078, 0, 0, 30, 30, 1, 36.89%, 0, 0, 2, 0.91, 111853, 38
1096, 0, 0, 30, 30, 1, 36.89%, 0, 0, 2, 4.95, 114007, 38
1101, 0, 0, 30, 30, 1, 36.89%, 0, 0, 2, 823.86, 118183, 38
1114, 0, 0, 30, 30, 1, 36.89%, 0, 0, 2, 4.13, 119223, 38
1119, 0, 0, 30, 30, 1, 36.89%, 0, 0, 2, 790.49, 123213, 38
1129, 0, 0, 30, 30, 1, 36.89%, 0, 0, 2, 15.90, 123708, 38
1146, 0, 0, 30, 30, 1, 36.89%, 0, 0, 2, 9.89, 126871, 38
1151, 0, 0, 30, 30, 1, 36.89%, 0, 0, 2, 797.41, 130923, 38
1156, 0, 0, 30, 30, 1, 36.89%, 0, 0, 2, 829.40, 132919, 38
1170, 0, 0, 30, 30, 1, 36.89%, 0, 0, 2, 8.46, 134903, 38
1175, 0, 0, 30, 30, 1, 36.89%, 0, 0, 2, 803.05, 139047, 38
1180, 0, 0, 30, 30, 1, 36.89%, 0, 0, 2, 187.40, 141354, 38
1189, 0, 0, 30, 30, 1, 36.89%, 0, 0, 2, 16.99, 142155, 38
1194, 0, 0, 30, 30, 1, 36.89%, 0, 0, 2, 815.49, 146215, 38
1204, 0, 0, 30, 30, 1, 36.89%, 0, 0, 2, 19.57, 147863, 38
1209, 0, 0, 30, 30, 1, 36.89%, 0, 0, 2, 791.98, 151803, 38
1218, 0, 0, 30, 30, 1, 36.89%, 0, 0, 2, 8.32, 153333, 38
1224, 0, 0, 30, 30, 1, 36.89%, 0, 0, 2, 759.67, 157458, 38
1229, 0, 0, 30, 30, 1, 36.89%, 0, 0, 2, 8.23, 158643, 38
1237, 0, 0, 30, 30, 1, 36.89%, 0, 0, 2, 5.98, 161418, 38
1242, 0, 0, 30, 30, 1, 36.89%, 0, 0, 2, 766.16, 165393, 38
1248, 0, 0, 30, 30, 1, 36.89%, 0, 0, 2, 787.69, 167808, 38
1253, 0, 0, 30, 30, 1, 36.89%, 0, 0, 2, 6.89, 168693, 38
1258, 0, 0, 30, 30, 1, 36.89%, 0, 0, 2, 810.39, 171735, 38
1263, 0, 0, 30, 30, 1, 36.89%, 0, 0, 2, 806.73, 175767, 38
1270, 0, 29, 35, 33, 11, 37.86%, 0, 0, 2, 28.94, 176584, 39
1275, 0, 34, 44, 41, 10, 38.83%, 0, 0, 3, 753.82, 180498, 40
1284, 0, 34, 44, 41, 10, 38.83%, 0, 0, 3, 30.17, 183843, 40
1289, 0, 18, 47, 42, 11, 39.81%, 0, 0, 3, 797.42, 188098, 41
1294, 0, 27, 51, 39, 6, 40.78%, 0, 0, 4, 790.43, 192246, 42
1300, 0, 22, 51, 38, 5, 40.78%, 0, 0, 4, 1.00, 192932, 42
1305, 0, 45, 53, 35, 0, 40.78%, 0, 0, 4, 709.51, 196942, 42
1310, 0, 47, 57, 38, 0, 42.72%, 0, 0, 5, 765.92, 200877, 44
1315, 0, 47, 59, 40, 0, 43.69%, 0, 0, 5, 788.25, 204911, 45
1320, 0, 47, 61, 42, 0, 43.69%, 0, 0, 5, 771.13, 208847, 45
1325, 0, 57, 63, 41, 1, 43.69%, 0, 0, 6, 767.77, 212641, 45
1330, 0, 53, 66, 43, 0, 43.69%, 0, 0, 6, 801.76, 216787, 45
1338, 0, 48, 67, 43, 0, 43.69%, 0, 0, 6, 43.56, 220389, 45
1343, 0, 48, 69, 45, 0, 45.63%, 0, 0, 6, 678.14, 224275, 47
1348, 0, 48, 71, 47, 0, 46.60%, 0, 0, 6, 797.24, 228457, 48
1353, 0, 48, 72, 48, 0, 46.60%, 0, 0, 6, 814.99, 232726, 48
1358, 0, 57, 74, 47, 0, 46.60%, 0, 0, 6, 781.00, 236696, 48
1363, 0, 22, 74, 47, 0, 46.60%, 0, 0, 6, 756.66, 240494, 48
1368, 0, 67, 75, 48, 0, 46.60%, 0, 0, 6, 780.90, 244562, 48
1374, 0, 61, 76, 49, 0, 46.60%, 0, 0, 7, 790.70, 248649, 48
1379, 0, 61, 77, 50, 0, 46.60%, 0, 0, 7, 799.92, 252691, 48
1384, 0, 18, 77, 50, 0, 46.60%, 0, 0, 7, 798.71, 256755, 48
1389, 0, 64, 79, 52, 0, 46.60%, 0, 0, 7, 820.92, 260960, 48
1394, 0, 30, 83, 56, 0, 46.60%, 0, 0, 7, 833.27, 265142, 48
1399, 0, 20, 83, 56, 0, 46.60%, 0, 0, 7, 813.07, 269326, 48
1404, 0, 26, 83, 56, 0, 46.60%, 0, 0, 7, 800.49, 273386, 48
1409, 0, 20, 84, 57, 0, 49.51%, 0, 0, 7, 821.74, 277666, 51
1415, 0, 60, 84, 56, 0, 49.51%, 0, 0, 7, 568.87, 280871, 51
1420, 0, 67, 84, 56, 0, 49.51%, 0, 0, 7, 786.52, 285204, 51
1425, 0, 53, 84, 56, 0, 49.51%, 0, 0, 7, 814.33, 289469, 51
1430, 0, 77, 84, 56, 0, 49.51%, 0, 0, 7, 791.57, 293313, 51
1435, 0, 28, 84, 55, 0, 49.51%, 0, 0, 7, 792.38, 297317, 51
1440, 0, 27, 85, 56, 0, 49.51%, 0, 0, 7, 790.19, 301483, 51
1445, 0, 83, 85, 56, 0, 49.51%, 0, 0, 7, 821.21, 305753, 51
1451, 0, 64, 85, 56, 0, 49.51%, 0, 0, 7, 817.61, 309964, 51
1456, 0, 82, 85, 56, 0, 49.51%, 0, 0, 7, 814.24, 314222, 51
1461, 0, 83, 85, 55, 0, 49.51%, 0, 0, 7, 829.82, 318377, 51
1466, 0, 77, 85, 55, 0, 49.51%, 0, 0, 7, 829.01, 322555, 51
1471, 0, 70, 85, 55, 0, 49.51%, 0, 0, 7, 840.38, 326902, 51
1476, 1, 53, 87, 57, 0, 49.51%, 0, 0, 7, 848.01, 331162, 51
1481, 1, 27, 89, 58, 0, 49.51%, 0, 0, 8, 834.76, 335460, 51
1486, 1, 83, 91, 59, 0, 49.51%, 0, 0, 8, 842.30, 339823, 51
1491, 1, 29, 91, 58, 0, 49.51%, 0, 0, 8, 817.83, 343912, 51
1497, 1, 28, 91, 58, 0, 49.51%, 0, 0, 8, 836.71, 348268, 51
1502, 1, 54, 91, 58, 0, 49.51%, 0, 0, 8, 847.60, 352664, 51
1507, 1, 64, 92, 58, 0, 49.51%, 0, 0, 8, 845.35, 357037, 51
1512, 1, 22, 95, 61, 0, 49.51%, 0, 0, 8, 845.76, 361255, 51
1517, 1, 64, 95, 61, 0, 49.51%, 0, 0, 8, 832.23, 365498, 51
1522, 1, 64, 95, 61, 0, 49.51%, 0, 0, 8, 858.20, 369790, 51
1527, 1, 57, 96, 61, 0, 49.51%, 0, 0, 8, 859.65, 374122, 51
1532, 1, 20, 96, 60, 0, 49.51%, 0, 0, 8, 866.19, 378437, 51
1537, 1, 77, 96, 59, 0, 49.51%, 0, 0, 8, 836.31, 382619, 51
1543, 1, 70, 97, 60, 0, 49.51%, 0, 0, 8, 830.03, 386951, 51
1548, 1, 64, 97, 59, 0, 49.51%, 0, 0, 8, 839.57, 391345, 51
1553, 1, 83, 98, 59, 0, 50.49%, 0, 0, 8, 840.70, 395710, 52
1558, 1, 97, 98, 57, 0, 50.49%, 1, 0, 8, 0.00, 399156, 52
