# relative_time, cycles_done, cur_item, corpus_count, pending_total, pending_favs, map_size, saved_crashes, saved_hangs, max_depth, execs_per_sec, total_execs, edges_found
60, 0, 13, 20, 16, 0, 38.71%, 0, 0, 4, 728.55, 8939, 24
73, 0, 13, 28, 24, 0, 43.55%, 0, 0, 4, 9.24, 10363, 27
81, 0, 20, 29, 24, 5, 45.16%, 0, 0, 4, 4.71, 11217, 28
92, 0, 20, 29, 24, 5, 45.16%, 0, 0, 4, 0.92, 11227, 28
97, 0, 28, 35, 29, 4, 48.39%, 0, 0, 5, 773.12, 15128, 30
118, 0, 28, 35, 29, 4, 48.39%, 0, 0, 5, 4.79, 16453, 30
123, 0, 28, 35, 29, 4, 48.39%, 0, 0, 5, 738.13, 20394, 30
143, 0, 28, 35, 29, 4, 48.39%, 0, 0, 5, 9.08, 21812, 30
148, 0, 29, 42, 33, 3, 48.39%, 0, 0, 5, 758.77, 25675, 30
161, 0, 22, 42, 32, 3, 48.39%, 0, 0, 5, 2.10, 26344, 30
178, 0, 29, 45, 32, 0, 48.39%, 0, 0, 6, 11.50, 29868, 30
183, 0, 23, 47, 34, 0, 48.39%, 0, 0, 6, 776.09, 33884, 30
199, 0, 39, 48, 35, 0, 48.39%, 0, 0, 6, 3.69, 35783, 30
204, 0, 0, 49, 35, 0, 48.39%, 0, 0, 6, 783.53, 39909, 30
220, 0, 49, 51, 36, 0, 48.39%, 0, 0, 7, 2.18, 41896, 30
223, 0, 49, 51, 36, 0, 48.39%, 1, 0, 7, 0.00, 44085, 30
