# relative_time, cycles_done, cur_item, corpus_count, pending_total, pending_favs, map_size, saved_crashes, saved_hangs, max_depth, execs_per_sec, total_execs, edges_found
67, 0, 1, 8, 6, 0, 24.21%, 0, 0, 3, 0.04, 1049, 23
72, 0, 1, 8, 6, 0, 24.21%, 0, 0, 3, 276.19, 1111, 23
83, 0, 1, 9, 7, 0, 24.21%, 0, 0, 3, 6.30, 2586, 23
116, 0, 1, 9, 7, 0, 24.21%, 0, 0, 3, 0.03, 2587, 23
121, 0, 1, 9, 7, 0, 24.21%, 0, 0, 3, 547.09, 3764, 23
169, 0, 1, 10, 8, 0, 25.26%, 0, 0, 3, 1.77, 5501, 24
174, 0, 1, 14, 12, 0, 26.32%, 0, 0, 3, 519.68, 8140, 25
208, 0, 1, 14, 12, 0, 26.32%, 0, 0, 3, 1.11, 8519, 25
216, 0, 1, 14, 12, 0, 26.32%, 0, 0, 3, 0.14, 8520, 25
257, 0, 0, 15, 10, 0, 27.37%, 0, 0, 3, 1.29, 9929, 26
262, 0, 14, 16, 10, 0, 28.42%, 0, 0, 3, 554.53, 12709, 27
300, 0, 14, 16, 10, 0, 28.42%, 0, 0, 3, 0.16, 12910, 27
340, 0, 9, 17, 10, 0, 28.42%, 0, 0, 4, 2.06, 14837, 27
345, 0, 9, 19, 11, 0, 28.42%, 0, 0, 4, 516.51, 17485, 27
378, 0, 9, 19, 11, 0, 28.42%, 0, 0, 4, 3.24, 17821, 27
413, 0, 12, 19, 11, 0, 28.42%, 0, 0, 4, 3.60, 19178, 27
449, 1, 18, 19, 11, 0, 28.42%, 0, 0, 4, 3.57, 21841, 27
480, 1, 9, 19, 10, 0, 28.42%, 0, 0, 4, 3.27, 22658, 27
485, 1, 0, 20, 8, 0, 28.42%, 0, 0, 4, 516.78, 25273, 27
516, 1, 12, 20, 8, 0, 28.42%, 0, 0, 4, 1.78, 25674, 27
521, 1, 16, 20, 7, 0, 28.42%, 0, 0, 4, 514.96, 28311, 27
551, 1, 16, 20, 7, 0, 28.42%, 0, 0, 4, 0.34, 28731, 27
585, 1, 9, 20, 7, 0, 28.42%, 0, 0, 4, 1.62, 30010, 27
590, 2, 16, 20, 6, 0, 28.42%, 0, 0, 4, 511.20, 32693, 27
619, 2, 16, 20, 6, 0, 28.42%, 0, 0, 4, 4.10, 33047, 27
650, 2, 0, 29, 15, 0, 28.42%, 0, 0, 5, 2.03, 35193, 27
658, 2, 0, 30, 16, 0, 28.42%, 0, 0, 5, 6.10, 36995, 27
673, 2, 0, 30, 16, 0, 28.42%, 0, 0, 5, 0.92, 37009, 27
706, 2, 0, 32, 18, 0, 28.42%, 0, 0, 5, 3.46, 39208, 27
711, 2, 16, 34, 20, 0, 28.42%, 0, 0, 5, 564.89, 42018, 27
733, 2, 0, 34, 20, 0, 28.42%, 0, 0, 5, 3.67, 42284, 27
741, 2, 0, 34, 20, 0, 28.42%, 0, 0, 5, 13.95, 43665, 27
755, 2, 0, 34, 20, 0, 28.42%, 0, 0, 5, 0.43, 43671, 27
782, 2, 16, 34, 20, 0, 28.42%, 0, 0, 5, 0.46, 46223, 27
787, 3, 9, 37, 22, 0, 28.42%, 0, 0, 6, 587.82, 49156, 27
810, 3, 9, 37, 22, 0, 28.42%, 0, 0, 6, 0.61, 49427, 27
830, 3, 14, 37, 21, 0, 28.42%, 0, 0, 6, 4.11, 51428, 27
835, 3, 16, 38, 21, 0, 28.42%, 0, 0, 6, 654.30, 54650, 27
857, 3, 16, 38, 21, 0, 28.42%, 0, 0, 6, 3.92, 54999, 27
885, 3, 0, 38, 21, 0, 28.42%, 0, 0, 6, 3.27, 58264, 27
891, 3, 0, 38, 21, 0, 28.42%, 0, 0, 6, 646.69, 61470, 27
909, 3, 0, 38, 21, 0, 28.42%, 0, 0, 6, 3.44, 62076, 27
927, 4, 0, 38, 21, 0, 28.42%, 0, 0, 6, 3.20, 64295, 27
940, 4, 0, 39, 21, 0, 28.42%, 0, 0, 6, 2.40, 66360, 27
947, 4, 0, 39, 21, 0, 28.42%, 0, 0, 6, 2.39, 66376, 27
952, 4, 0, 39, 21, 0, 28.42%, 0, 0, 6, 616.44, 69480, 27
962, 4, 16, 39, 21, 0, 28.42%, 0, 0, 6, 1.71, 70166, 27
967, 4, 9, 39, 20, 0, 28.42%, 0, 0, 6, 590.99, 73086, 27
984, 4, 16, 39, 20, 0, 28.42%, 0, 0, 6, 5.40, 73558, 27
1000, 4, 0, 39, 19, 0, 28.42%, 0, 0, 6, 11.50, 76038, 27
1020, 4, 0, 39, 19, 0, 28.42%, 0, 0, 6, 3.05, 78882, 27
1034, 5, 0, 39, 18, 0, 28.42%, 0, 0, 6, 5.31, 81913, 27
1039, 5, 0, 39, 18, 0, 28.42%, 0, 0, 6, 616.71, 85021, 27
1044, 5, 6, 39, 18, 0, 28.42%, 0, 0, 6, 22.90, 85403, 27
1057, 5, 6, 39, 18, 0, 28.42%, 0, 0, 6, 0.37, 85408, 27
1062, 5, 16, 39, 18, 0, 28.42%, 0, 0, 6, 629.66, 88582, 27
1072, 5, 16, 39, 18, 0, 28.42%, 0, 0, 6, 11.82, 89095, 27
1090, 5, 6, 39, 18, 0, 28.42%, 0, 0, 6, 6.98, 90794, 27
1095, 5, 0, 39, 18, 0, 28.42%, 0, 0, 6, 681.15, 94154, 27
1108, 5, 0, 39, 17, 0, 28.42%, 0, 0, 6, 5.56, 94997, 27
1113, 6, 16, 39, 17, 0, 28.42%, 0, 0, 6, 665.36, 98359, 27
1123, 6, 0, 39, 17, 0, 28.42%, 0, 0, 6, 12.44, 98756, 27
1140, 6, 34, 39, 16, 0, 28.42%, 0, 0, 6, 6.04, 101330, 27
1145, 6, 0, 39, 15, 0, 28.42%, 0, 0, 6, 654.96, 104573, 27
1150, 6, 0, 39, 15, 0, 28.42%, 0, 0, 6, 668.31, 106134, 27
1158, 6, 31, 39, 15, 0, 28.42%, 0, 0, 6, 9.23, 107850, 27
1164, 6, 31, 39, 15, 0, 28.42%, 0, 0, 6, 0.18, 107851, 27
1169, 6, 12, 40, 14, 0, 28.42%, 0, 0, 6, 642.00, 111004, 27
1174, 6, 0, 41, 15, 0, 28.42%, 0, 0, 6, 674.87, 113217, 27
1183, 6, 0, 41, 15, 0, 28.42%, 0, 0, 6, 16.36, 113953, 27
1188, 7, 9, 42, 16, 0, 28.42%, 0, 0, 6, 730.87, 117746, 27
1198, 7, 0, 42, 16, 0, 28.42%, 0, 0, 6, 8.67, 119146, 27
1203, 7, 42, 45, 18, 0, 32.63%, 0, 0, 6, 708.99, 122843, 31
1212, 7, 42, 47, 20, 0, 33.68%, 0, 0, 6, 16.94, 124093, 32
1218, 7, 42, 49, 22, 0, 34.74%, 0, 0, 6, 685.58, 127669, 33
1223, 7, 42, 49, 22, 0, 34.74%, 0, 0, 6, 19.08, 128821, 33
1231, 7, 42, 49, 22, 0, 34.74%, 0, 0, 6, 20.61, 131551, 33
1236, 7, 48, 50, 22, 2, 34.74%, 0, 0, 6, 653.55, 135038, 33
1242, 7, 45, 52, 23, 1, 34.74%, 0, 0, 6, 711.06, 137158, 33
1248, 7, 45, 53, 24, 1, 34.74%, 0, 0, 6, 27.66, 137921, 33
1254, 7, 44, 56, 26, 0, 34.74%, 0, 0, 6, 718.01, 141719, 33
1264, 7, 57, 60, 29, 0, 35.79%, 0, 0, 6, 25.04, 145032, 34
1269, 7, 57, 60, 29, 0, 35.79%, 0, 0, 6, 747.87, 148854, 34
1278, 7, 57, 61, 30, 0, 35.79%, 0, 0, 6, 22.48, 151818, 34
1283, 7, 44, 62, 31, 0, 35.79%, 0, 0, 6, 766.04, 155655, 34
1288, 7, 60, 64, 33, 0, 36.84%, 0, 0, 6, 769.46, 159519, 35
1294, 7, 63, 65, 32, 0, 36.84%, 0, 0, 7, 32.85, 160385, 35
1299, 7, 63, 71, 38, 0, 50.53%, 0, 1, 7, 758.27, 163584, 48
1304, 7, 63, 72, 39, 0, 50.53%, 0, 1, 7, 780.50, 167521, 48
1309, 7, 63, 74, 41, 0, 51.58%, 0, 1, 7, 723.20, 171226, 49
1313, 7, 69, 75, 41, 3, 51.58%, 1, 1, 8, 0.00, 173434, 49
