# relative_time, cycles_done, cur_item, corpus_count, pending_total, pending_favs, map_size, saved_crashes, saved_hangs, max_depth, execs_per_sec, total_execs, edges_found
67, 0, 0, 22, 22, 1, 51.28%, 0, 0, 2, 0.28, 2054, 40
73, 0, 0, 23, 23, 1, 52.56%, 0, 0, 2, 150.35, 2844, 41
93, 0, 0, 24, 24, 1, 52.56%, 0, 0, 2, 1.44, 3157, 41
99, 0, 0, 24, 24, 1, 52.56%, 0, 0, 2, 155.90, 3983, 41
119, 0, 0, 24, 24, 1, 52.56%, 0, 0, 2, 0.16, 4286, 41
124, 0, 0, 25, 25, 1, 53.85%, 0, 0, 2, 153.07, 5064, 42
136, 0, 0, 25, 25, 1, 53.85%, 0, 0, 2, 1.25, 5211, 42
153, 0, 0, 27, 27, 1, 55.13%, 0, 0, 2, 1.47, 5915, 43
158, 0, 0, 28, 28, 1, 55.13%, 0, 0, 2, 156.40, 6711, 43
174, 0, 0, 28, 28, 1, 55.13%, 0, 0, 2, 0.44, 7101, 43
179, 0, 0, 28, 28, 1, 55.13%, 0, 0, 2, 155.20, 7884, 43
188, 0, 0, 28, 28, 1, 55.13%, 0, 0, 2, 5.48, 8313, 43
196, 0, 0, 28, 28, 1, 55.13%, 0, 0, 2, 0.63, 8318, 43
201, 0, 0, 28, 28, 1, 55.13%, 0, 0, 2, 156.86, 9102, 43
210, 0, 0, 28, 28, 1, 55.13%, 0, 0, 2, 1.31, 9474, 43
214, 0, 0, 34, 34, 1, 55.13%, 1, 0, 2, 0.00, 10113, 43
