# relative_time, cycles_done, cur_item, corpus_count, pending_total, pending_favs, map_size, saved_crashes, saved_hangs, max_depth, execs_per_sec, total_execs, edges_found
73, 0, 0, 9, 8, 0, 29.47%, 0, 0, 2, 0.04, 1804, 28
78, 0, 0, 9, 8, 0, 29.47%, 0, 0, 2, 390.00, 1885, 28
90, 0, 0, 9, 8, 0, 29.47%, 0, 0, 2, 6.26, 3129, 28
122, 0, 0, 9, 8, 0, 29.47%, 0, 0, 2, 0.03, 3130, 28
128, 0, 0, 9, 8, 0, 29.47%, 0, 0, 2, 409.91, 4013, 28
176, 0, 0, 9, 8, 0, 29.47%, 0, 0, 2, 0.88, 5271, 28
176, 0, 0, 9, 8, 0, 29.47%, 0, 0, 2, 0.84, 5272, 28
181, 0, 0, 9, 8, 0, 29.47%, 0, 0, 2, 407.55, 7373, 28
222, 0, 7, 9, 6, 0, 29.47%, 0, 0, 2, 0.79, 7681, 28
264, 0, 7, 12, 9, 0, 30.53%, 0, 0, 3, 0.11, 8811, 29
269, 0, 7, 13, 10, 0, 31.58%, 0, 0, 3, 446.74, 11094, 30
306, 0, 7, 13, 10, 0, 31.58%, 0, 0, 3, 0.22, 11214, 30
346, 0, 7, 13, 10, 0, 31.58%, 0, 0, 3, 1.32, 12758, 30
351, 0, 11, 17, 12, 0, 33.68%, 0, 0, 4, 412.69, 14828, 32
384, 0, 11, 18, 13, 0, 36.84%, 0, 0, 4, 1.24, 15155, 35
420, 0, 11, 19, 14, 0, 37.89%, 0, 0, 4, 2.90, 16242, 36
455, 0, 11, 19, 14, 0, 37.89%, 0, 0, 4, 1.30, 18378, 36
463, 0, 11, 19, 14, 0, 37.89%, 0, 0, 4, 11.09, 19037, 36
487, 0, 11, 19, 14, 0, 37.89%, 0, 0, 4, 0.34, 19045, 36
492, 0, 11, 20, 15, 0, 38.95%, 0, 0, 4, 417.58, 21201, 37
522, 0, 11, 20, 15, 0, 38.95%, 0, 0, 4, 2.67, 21473, 37
527, 0, 16, 21, 15, 4, 38.95%, 0, 0, 4, 410.59, 23631, 37
557, 0, 16, 21, 15, 4, 38.95%, 0, 0, 4, 1.26, 23927, 37
592, 0, 18, 21, 14, 3, 38.95%, 0, 0, 4, 1.69, 24954, 37
597, 0, 18, 22, 12, 0, 40.00%, 0, 0, 5, 407.34, 27010, 38
626, 0, 18, 22, 12, 0, 40.00%, 0, 0, 5, 3.11, 27386, 38
656, 0, 17, 24, 13, 0, 40.00%, 0, 0, 5, 2.77, 29129, 38
665, 0, 21, 25, 14, 0, 40.00%, 0, 0, 5, 3.34, 30578, 38
680, 0, 21, 25, 14, 0, 40.00%, 0, 0, 5, 0.52, 30586, 38
713, 0, 21, 28, 17, 0, 40.00%, 0, 0, 6, 1.58, 32361, 38
718, 0, 19, 31, 20, 0, 40.00%, 0, 0, 6, 443.19, 34641, 38
740, 0, 19, 31, 20, 0, 40.00%, 0, 0, 6, 1.15, 34843, 38
748, 0, 21, 31, 20, 0, 40.00%, 0, 0, 6, 11.41, 35946, 38
762, 0, 21, 31, 20, 0, 40.00%, 0, 0, 6, 0.36, 35951, 38
788, 0, 7, 32, 21, 0, 40.00%, 0, 0, 6, 3.28, 37949, 38
793, 0, 16, 33, 22, 0, 40.00%, 0, 0, 6, 427.84, 40067, 38
802, 0, 15, 33, 22, 0, 40.00%, 0, 0, 6, 4.10, 40291, 38
817, 0, 15, 33, 22, 0, 40.00%, 0, 0, 6, 0.53, 40299, 38
837, 0, 21, 33, 22, 0, 40.00%, 0, 0, 6, 2.12, 41783, 38
842, 0, 19, 35, 23, 0, 41.05%, 0, 0, 6, 495.64, 44154, 39
864, 0, 19, 36, 24, 0, 41.05%, 0, 0, 6, 3.89, 44441, 39
892, 0, 34, 36, 24, 0, 41.05%, 0, 0, 6, 1.51, 46801, 39
897, 1, 17, 44, 32, 0, 41.05%, 0, 0, 6, 495.91, 49127, 39
916, 1, 12, 44, 32, 0, 41.05%, 0, 0, 6, 3.92, 49606, 39
933, 1, 17, 46, 34, 0, 41.05%, 0, 0, 6, 5.19, 51195, 39
946, 1, 19, 46, 34, 0, 41.05%, 0, 0, 6, 1.90, 52728, 39
954, 1, 19, 46, 34, 0, 41.05%, 0, 0, 6, 10.18, 52749, 39
959, 1, 34, 49, 37, 0, 42.11%, 0, 0, 6, 457.92, 55028, 40
964, 1, 34, 49, 37, 0, 42.11%, 0, 0, 6, 8.94, 55559, 40
969, 1, 34, 49, 37, 0, 42.11%, 0, 0, 6, 8.90, 55604, 40
974, 1, 17, 50, 37, 0, 42.11%, 0, 0, 6, 452.87, 57870, 40
991, 1, 0, 50, 37, 0, 42.11%, 0, 0, 6, 4.49, 58242, 40
1006, 1, 16, 51, 38, 0, 42.11%, 0, 0, 6, 4.04, 60108, 40
1027, 1, 47, 54, 41, 0, 43.16%, 0, 0, 7, 3.43, 62209, 41
1040, 1, 47, 55, 42, 0, 43.16%, 0, 0, 7, 1.98, 64484, 41
1046, 1, 47, 56, 43, 0, 44.21%, 0, 0, 7, 472.13, 66885, 42
1064, 1, 47, 56, 43, 0, 44.21%, 0, 0, 7, 2.46, 67164, 42
1069, 1, 47, 61, 48, 0, 44.21%, 0, 0, 7, 526.71, 69895, 42
1078, 1, 55, 61, 47, 1, 44.21%, 0, 0, 7, 1.20, 70260, 42
1097, 1, 58, 63, 48, 0, 44.21%, 0, 0, 8, 4.86, 71683, 42
1100, 1, 58, 63, 48, 0, 44.21%, 1, 0, 8, 0.00, 72977, 42
