# relative_time, cycles_done, cur_item, corpus_count, pending_total, pending_favs, map_size, saved_crashes, saved_hangs, max_depth, execs_per_sec, total_execs, edges_found
73, 0, 0, 22, 22, 1, 40.86%, 0, 0, 2, 0.04, 1775, 38
78, 0, 0, 22, 22, 1, 40.86%, 0, 0, 2, 205.00, 1819, 38
89, 0, 0, 24, 24, 1, 40.86%, 0, 0, 2, 6.90, 3197, 38
122, 0, 0, 24, 24, 1, 40.86%, 0, 0, 2, 0.03, 3198, 38
127, 0, 0, 25, 25, 1, 43.01%, 0, 0, 2, 508.91, 4274, 40
176, 0, 0, 25, 25, 1, 43.01%, 0, 0, 2, 0.20, 5772, 40
181, 0, 0, 26, 26, 1, 43.01%, 0, 0, 2, 454.02, 8074, 40
215, 0, 0, 26, 26, 1, 43.01%, 0, 0, 2, 1.08, 8425, 40
222, 0, 0, 26, 26, 1, 43.01%, 0, 0, 2, 1.05, 8429, 40
264, 0, 0, 26, 26, 1, 43.01%, 0, 0, 2, 0.70, 9658, 40
269, 0, 0, 26, 26, 1, 43.01%, 0, 0, 2, 500.15, 12211, 40
306, 0, 0, 26, 26, 1, 43.01%, 0, 0, 2, 0.24, 12350, 40
346, 0, 0, 26, 26, 1, 43.01%, 0, 0, 2, 2.19, 14091, 40
351, 0, 0, 26, 26, 1, 43.01%, 0, 0, 2, 457.96, 16363, 40
384, 0, 0, 26, 26, 1, 43.01%, 0, 0, 2, 1.67, 16741, 40
420, 0, 0, 26, 26, 1, 43.01%, 0, 0, 2, 3.00, 17947, 40
455, 0, 0, 26, 26, 1, 43.01%, 0, 0, 2, 0.29, 20323, 40
487, 0, 0, 26, 26, 1, 43.01%, 0, 0, 2, 3.63, 21091, 40
492, 0, 0, 26, 26, 1, 43.01%, 0, 0, 2, 458.06, 23419, 40
522, 0, 0, 26, 26, 1, 43.01%, 0, 0, 2, 2.11, 23806, 40
527, 0, 0, 26, 26, 1, 43.01%, 0, 0, 2, 476.90, 26263, 40
557, 0, 0, 26, 26, 1, 43.01%, 0, 0, 2, 3.07, 26641, 40
592, 0, 0, 26, 26, 1, 43.01%, 0, 0, 2, 1.56, 27811, 40
597, 0, 0, 27, 27, 1, 43.01%, 0, 0, 2, 475.78, 30212, 40
626, 0, 0, 27, 27, 1, 43.01%, 0, 0, 2, 2.23, 30563, 40
656, 0, 0, 27, 27, 1, 43.01%, 0, 0, 2, 2.59, 32648, 40
665, 0, 0, 27, 27, 1, 43.01%, 0, 0, 2, 21.72, 34393, 40
680, 0, 0, 27, 27, 1, 43.01%, 0, 0, 2, 0.33, 34398, 40
713, 0, 0, 27, 27, 1, 43.01%, 0, 0, 2, 9.38, 36571, 40
713, 0, 0, 27, 27, 1, 43.01%, 0, 0, 2, 0.05, 36572, 40
718, 0, 0, 27, 27, 1, 43.01%, 0, 0, 2, 594.06, 39686, 40
740, 0, 0, 27, 27, 1, 43.01%, 0, 0, 2, 3.03, 39882, 40
748, 0, 0, 27, 27, 1, 43.01%, 0, 0, 2, 7.71, 41590, 40
762, 0, 0, 27, 27, 1, 43.01%, 0, 0, 2, 0.22, 41593, 40
788, 0, 0, 27, 27, 1, 43.01%, 0, 0, 2, 2.20, 44618, 40
793, 0, 0, 27, 27, 1, 43.01%, 0, 0, 2, 662.34, 47908, 40
817, 0, 0, 27, 27, 1, 43.01%, 0, 0, 2, 6.79, 48220, 40
837, 0, 0, 28, 28, 1, 44.09%, 0, 0, 2, 4.11, 50599, 41
842, 0, 0, 29, 29, 1, 44.09%, 0, 0, 2, 763.41, 54442, 41
864, 0, 0, 29, 29, 1, 44.09%, 0, 0, 2, 4.20, 54862, 41
892, 0, 0, 29, 29, 1, 44.09%, 0, 0, 2, 0.63, 58822, 41
898, 0, 0, 29, 29, 1, 44.09%, 0, 0, 2, 780.02, 62782, 41
916, 0, 0, 29, 29, 1, 44.09%, 0, 0, 2, 5.95, 63382, 41
933, 0, 0, 29, 29, 1, 44.09%, 0, 0, 2, 2.23, 65960, 41
947, 0, 0, 29, 29, 1, 44.09%, 0, 0, 2, 5.57, 68442, 41
954, 0, 0, 29, 29, 1, 44.09%, 0, 0, 2, 5.38, 68460, 41
959, 0, 0, 29, 29, 1, 44.09%, 0, 0, 2, 755.69, 72262, 41
964, 0, 0, 29, 29, 1, 44.09%, 0, 0, 2, 0.32, 73103, 41
969, 0, 0, 29, 29, 1, 44.09%, 0, 0, 2, 0.31, 73104, 41
974, 0, 0, 29, 29, 1, 44.09%, 0, 0, 2, 751.64, 76842, 41
991, 0, 0, 29, 29, 1, 44.09%, 0, 0, 2, 6.99, 77416, 41
1006, 0, 0, 29, 29, 1, 44.09%, 0, 0, 2, 1.32, 80482, 41
1026, 0, 0, 29, 29, 1, 44.09%, 0, 0, 2, 3.82, 83962, 41
1040, 0, 0, 29, 29, 1, 44.09%, 0, 0, 2, 3.33, 87727, 41
1045, 0, 0, 29, 29, 1, 44.09%, 0, 0, 2, 749.74, 91514, 41
1064, 0, 0, 29, 29, 1, 44.09%, 0, 0, 2, 1.65, 92047, 41
1069, 0, 0, 29, 29, 1, 44.09%, 0, 0, 2, 816.55, 96120, 41
1078, 0, 0, 29, 29, 1, 44.09%, 0, 0, 2, 11.38, 96744, 41
1097, 0, 0, 29, 29, 1, 44.09%, 0, 0, 2, 3.97, 98920, 41
1102, 0, 0, 29, 29, 1, 44.09%, 0, 0, 2, 820.08, 103064, 41
1115, 0, 0, 29, 29, 1, 44.09%, 0, 0, 2, 8.63, 104077, 41
1120, 0, 0, 29, 29, 1, 44.09%, 0, 0, 2, 784.54, 108097, 41
1130, 0, 0, 29, 29, 1, 44.09%, 0, 0, 2, 11.25, 108562, 41
1147, 0, 0, 29, 29, 1, 44.09%, 0, 0, 2, 9.23, 111682, 41
1152, 0, 0, 30, 30, 1, 45.16%, 0, 0, 2, 800.99, 115664, 42
1157, 0, 0, 30, 30, 1, 45.16%, 0, 0, 2, 834.80, 117567, 42
1170, 0, 0, 30, 30, 1, 45.16%, 0, 0, 2, 4.26, 119679, 42
1175, 0, 0, 30, 30, 1, 45.16%, 0, 0, 2, 784.01, 123727, 42
1181, 0, 34, 43, 39, 5, 45.16%, 0, 0, 3, 816.82, 126230, 42
1190, 0, 34, 44, 40, 5, 45.16%, 0, 0, 3, 10.49, 127021, 42
1191, 0, 34, 44, 40, 5, 45.16%, 1, 0, 3, 0.00, 127508, 42
