# relative_time, cycles_done, cur_item, corpus_count, pending_total, pending_favs, map_size, saved_crashes, saved_hangs, max_depth, execs_per_sec, total_execs, edges_found
77, 0, 1, 10, 8, 0, 22.78%, 0, 0, 3, 0.03, 1863, 18
89, 0, 1, 10, 8, 0, 22.78%, 0, 0, 3, 2.59, 3021, 18
122, 0, 1, 10, 8, 0, 22.78%, 0, 0, 3, 0.09, 3024, 18
127, 0, 1, 10, 8, 0, 22.78%, 0, 0, 3, 356.22, 3792, 18
170, 0, 1, 10, 8, 0, 22.78%, 0, 0, 3, 0.76, 4896, 18
176, 0, 1, 10, 8, 0, 22.78%, 0, 0, 3, 0.72, 4897, 18
181, 0, 1, 10, 8, 0, 22.78%, 0, 0, 3, 333.87, 6594, 18
215, 0, 1, 10, 8, 0, 22.78%, 0, 0, 3, 0.90, 6840, 18
222, 0, 1, 10, 8, 0, 22.78%, 0, 0, 3, 0.86, 6842, 18
264, 0, 0, 10, 7, 0, 22.78%, 0, 0, 3, 0.05, 7754, 18
269, 0, 7, 14, 11, 0, 25.32%, 0, 0, 4, 389.76, 9751, 20
306, 0, 7, 14, 11, 0, 25.32%, 0, 0, 4, 0.11, 9860, 20
346, 0, 7, 14, 11, 0, 25.32%, 0, 0, 4, 1.34, 11221, 20
351, 0, 7, 16, 13, 0, 26.58%, 0, 0, 4, 361.66, 13055, 21
384, 0, 7, 16, 13, 0, 26.58%, 0, 0, 4, 0.65, 13328, 21
420, 0, 7, 16, 13, 0, 26.58%, 0, 0, 4, 0.21, 14287, 21
428, 0, 7, 17, 14, 0, 27.85%, 0, 0, 4, 13.88, 16163, 22
455, 0, 7, 17, 14, 0, 27.85%, 0, 0, 4, 0.04, 16164, 22
463, 0, 7, 17, 14, 0, 27.85%, 0, 0, 4, 11.80, 16737, 22
487, 0, 7, 17, 14, 0, 27.85%, 0, 0, 4, 0.34, 16745, 22
492, 0, 7, 17, 14, 0, 27.85%, 0, 0, 4, 364.89, 18655, 22
522, 0, 7, 17, 14, 0, 27.85%, 0, 0, 4, 2.11, 18886, 22
527, 0, 12, 17, 12, 3, 27.85%, 0, 0, 4, 356.82, 20798, 22
557, 0, 12, 17, 12, 3, 27.85%, 0, 0, 4, 0.24, 21041, 22
592, 0, 11, 17, 10, 1, 27.85%, 0, 0, 4, 1.62, 21943, 22
597, 0, 16, 18, 10, 0, 27.85%, 0, 0, 5, 359.80, 23829, 22
625, 0, 16, 18, 10, 0, 27.85%, 0, 0, 5, 2.97, 24083, 22
656, 0, 16, 19, 11, 0, 27.85%, 0, 0, 5, 3.09, 25610, 22
665, 0, 16, 20, 12, 0, 27.85%, 0, 0, 5, 2.60, 26880, 22
680, 0, 16, 20, 12, 0, 27.85%, 0, 0, 5, 2.48, 26891, 22
713, 0, 16, 21, 13, 0, 27.85%, 0, 0, 5, 2.03, 28452, 22
718, 0, 11, 21, 13, 0, 27.85%, 0, 0, 5, 386.55, 30461, 22
740, 0, 11, 22, 14, 0, 27.85%, 0, 0, 5, 1.34, 30640, 22
746, 0, 11, 22, 14, 0, 27.85%, 0, 0, 5, 0.48, 31602, 22
762, 0, 11, 22, 14, 0, 27.85%, 0, 0, 5, 0.49, 31609, 22
788, 0, 16, 22, 14, 0, 27.85%, 0, 0, 5, 12.91, 33376, 22
788, 0, 16, 22, 14, 0, 27.85%, 0, 0, 5, 0.07, 33377, 22
793, 0, 16, 24, 16, 0, 27.85%, 0, 0, 5, 411.31, 35403, 22
816, 0, 16, 24, 16, 0, 27.85%, 0, 0, 5, 1.58, 35627, 22
837, 0, 11, 25, 17, 0, 27.85%, 0, 0, 5, 0.06, 37042, 22
842, 0, 26, 31, 22, 0, 34.18%, 0, 0, 6, 449.27, 39382, 27
863, 0, 26, 31, 22, 0, 34.18%, 0, 0, 6, 2.62, 39534, 27
892, 0, 26, 33, 24, 0, 35.44%, 0, 0, 6, 2.25, 41852, 28
897, 0, 26, 35, 26, 0, 36.71%, 0, 0, 6, 434.77, 44010, 29
916, 0, 26, 35, 26, 0, 36.71%, 0, 0, 6, 3.19, 44450, 29
933, 0, 26, 36, 27, 0, 37.97%, 0, 0, 6, 3.75, 45959, 30
946, 0, 26, 36, 27, 0, 37.97%, 0, 0, 6, 1.69, 47417, 30
954, 0, 26, 36, 27, 0, 37.97%, 0, 0, 6, 1.73, 47434, 30
959, 0, 26, 36, 27, 0, 37.97%, 0, 0, 6, 436.45, 49641, 30
969, 0, 26, 37, 28, 0, 37.97%, 0, 0, 6, 9.97, 50120, 30
974, 0, 26, 40, 31, 0, 37.97%, 0, 0, 6, 436.64, 52281, 30
980, 0, 26, 40, 31, 0, 37.97%, 0, 0, 6, 8.38, 52617, 30
991, 0, 26, 40, 31, 0, 37.97%, 0, 0, 6, 0.10, 52618, 30
1006, 0, 32, 42, 32, 4, 37.97%, 0, 0, 7, 2.39, 54403, 30
1026, 0, 32, 44, 34, 4, 37.97%, 0, 0, 7, 4.62, 56442, 30
1040, 0, 40, 46, 35, 3, 37.97%, 0, 0, 7, 6.16, 58592, 30
1045, 0, 33, 50, 38, 2, 37.97%, 0, 0, 7, 433.88, 60793, 30
1064, 0, 30, 50, 37, 1, 37.97%, 0, 0, 7, 4.57, 61078, 30
1069, 0, 35, 50, 36, 0, 37.97%, 0, 0, 7, 461.42, 63359, 30
1078, 0, 35, 50, 36, 0, 37.97%, 0, 0, 7, 9.09, 63740, 30
1097, 0, 16, 50, 36, 0, 37.97%, 0, 0, 7, 5.90, 65119, 30
1102, 0, 16, 53, 39, 0, 37.97%, 0, 0, 7, 587.98, 68075, 30
1115, 0, 16, 54, 40, 0, 37.97%, 0, 0, 7, 6.04, 68770, 30
1120, 0, 12, 55, 41, 0, 37.97%, 0, 0, 7, 595.06, 71877, 30
1130, 0, 12, 55, 41, 0, 37.97%, 0, 0, 7, 2.38, 72157, 30
1147, 0, 32, 55, 41, 0, 37.97%, 0, 0, 7, 10.32, 74550, 30
1152, 0, 10, 55, 41, 0, 37.97%, 0, 0, 7, 589.56, 77490, 30
1157, 0, 10, 55, 41, 0, 37.97%, 0, 0, 7, 644.70, 78866, 30
1170, 0, 10, 56, 42, 0, 37.97%, 0, 0, 7, 1.16, 80541, 30
1175, 0, 40, 56, 42, 0, 37.97%, 0, 0, 7, 656.48, 83748, 30
1181, 0, 16, 56, 42, 0, 37.97%, 0, 0, 7, 636.07, 85897, 30
1188, 0, 16, 56, 42, 0, 37.97%, 0, 0, 7, 15.41, 86635, 30
1193, 0, 11, 56, 42, 0, 37.97%, 0, 0, 7, 674.30, 89320, 30
1205, 0, 11, 56, 42, 0, 37.97%, 0, 0, 7, 7.43, 91681, 30
1210, 0, 40, 57, 43, 0, 39.24%, 0, 0, 7, 720.94, 95180, 31
1219, 0, 16, 57, 42, 0, 39.24%, 0, 0, 7, 19.87, 96455, 31
1223, 0, 56, 58, 43, 0, 39.24%, 1, 0, 7, 0.00, 99041, 31
