# relative_time, cycles_done, cur_item, corpus_count, pending_total, pending_favs, map_size, saved_crashes, saved_hangs, max_depth, execs_per_sec, total_execs, edges_found
72, 0, 0, 18, 18, 1, 36.26%, 0, 0, 2, 0.15, 1684, 33
77, 0, 0, 18, 18, 1, 36.26%, 0, 0, 2, 164.25, 1721, 33
89, 0, 0, 22, 22, 1, 37.36%, 0, 0, 2, 0.65, 2852, 34
121, 0, 0, 22, 22, 1, 37.36%, 0, 0, 2, 0.62, 2857, 34
127, 0, 0, 23, 23, 1, 38.46%, 0, 0, 2, 343.10, 3587, 35
170, 0, 0, 23, 23, 1, 38.46%, 0, 0, 2, 1.81, 4727, 35
175, 0, 0, 23, 23, 1, 38.46%, 0, 0, 2, 0.18, 4728, 35
180, 0, 0, 23, 23, 1, 38.46%, 0, 0, 2, 349.72, 6527, 35
214, 0, 0, 23, 23, 1, 38.46%, 0, 0, 2, 0.42, 6772, 35
221, 0, 0, 23, 23, 1, 38.46%, 0, 0, 2, 0.41, 6774, 35
263, 0, 0, 24, 24, 1, 40.66%, 0, 0, 2, 0.08, 7725, 37
268, 0, 0, 25, 25, 1, 41.76%, 0, 0, 2, 374.65, 9642, 38
306, 0, 0, 25, 25, 1, 41.76%, 0, 0, 2, 0.19, 9747, 38
345, 0, 0, 25, 25, 1, 41.76%, 0, 0, 2, 0.38, 11042, 38
350, 0, 0, 25, 25, 1, 41.76%, 0, 0, 2, 348.24, 12763, 38
383, 0, 0, 25, 25, 1, 41.76%, 0, 0, 2, 1.95, 13058, 38
419, 0, 0, 25, 25, 1, 41.76%, 0, 0, 2, 0.85, 13968, 38
454, 0, 0, 25, 25, 1, 41.76%, 0, 0, 2, 2.50, 15760, 38
462, 0, 0, 25, 25, 1, 41.76%, 0, 0, 2, 1.10, 16313, 38
486, 0, 0, 25, 25, 1, 41.76%, 0, 0, 2, 1.06, 16322, 38
491, 0, 0, 25, 25, 1, 41.76%, 0, 0, 2, 359.84, 18168, 38
521, 0, 0, 25, 25, 1, 41.76%, 0, 0, 2, 2.57, 18413, 38
526, 0, 0, 26, 26, 1, 41.76%, 0, 0, 2, 377.24, 20373, 38
556, 0, 0, 26, 26, 1, 41.76%, 0, 0, 2, 1.91, 20660, 38
591, 0, 0, 26, 26, 1, 41.76%, 0, 0, 2, 1.75, 21598, 38
596, 0, 0, 26, 26, 1, 41.76%, 0, 0, 2, 375.59, 23502, 38
625, 0, 0, 26, 26, 1, 41.76%, 0, 0, 2, 1.99, 23824, 38
655, 0, 0, 26, 26, 1, 41.76%, 0, 0, 2, 1.77, 25426, 38
664, 0, 0, 26, 26, 1, 41.76%, 0, 0, 2, 0.28, 26747, 38
679, 0, 0, 26, 26, 1, 41.76%, 0, 0, 2, 0.31, 26759, 38
712, 0, 0, 26, 26, 1, 41.76%, 0, 0, 2, 1.96, 28386, 38
717, 0, 0, 27, 27, 1, 42.86%, 0, 0, 2, 415.19, 30473, 39
739, 0, 0, 27, 27, 1, 42.86%, 0, 0, 2, 2.57, 30663, 39
747, 0, 0, 27, 27, 1, 42.86%, 0, 0, 2, 8.73, 31681, 39
761, 0, 0, 27, 27, 1, 42.86%, 0, 0, 2, 0.51, 31688, 39
769, 0, 0, 27, 27, 1, 42.86%, 0, 0, 2, 28.96, 33582, 39
787, 0, 0, 27, 27, 1, 42.86%, 0, 0, 2, 0.24, 33584, 39
792, 0, 0, 27, 27, 1, 42.86%, 0, 0, 2, 434.33, 35753, 39
816, 0, 0, 27, 27, 1, 42.86%, 0, 0, 2, 4.18, 35945, 39
836, 0, 0, 27, 27, 1, 42.86%, 0, 0, 2, 1.06, 37440, 39
841, 0, 0, 27, 27, 1, 42.86%, 0, 0, 2, 502.64, 39937, 39
863, 0, 0, 27, 27, 1, 42.86%, 0, 0, 2, 4.65, 40137, 39
891, 0, 0, 27, 27, 1, 42.86%, 0, 0, 2, 1.67, 42617, 39
896, 0, 0, 27, 27, 1, 42.86%, 0, 0, 2, 465.23, 44883, 39
915, 0, 0, 27, 27, 1, 42.86%, 0, 0, 2, 5.65, 45378, 39
932, 0, 0, 27, 27, 1, 42.86%, 0, 0, 2, 6.83, 47058, 39
939, 0, 0, 27, 27, 1, 42.86%, 0, 0, 2, 14.69, 48609, 39
945, 0, 0, 27, 27, 1, 42.86%, 0, 0, 2, 0.79, 48612, 39
953, 0, 0, 27, 27, 1, 42.86%, 0, 0, 2, 10.16, 48633, 39
958, 0, 0, 28, 28, 1, 42.86%, 0, 0, 2, 494.62, 51109, 39
963, 0, 0, 28, 28, 1, 42.86%, 0, 0, 2, 2.48, 51684, 39
968, 0, 0, 28, 28, 1, 42.86%, 0, 0, 2, 0.19, 51685, 39
973, 0, 0, 28, 28, 1, 42.86%, 0, 0, 2, 580.73, 54699, 39
990, 0, 0, 28, 28, 1, 42.86%, 0, 0, 2, 0.68, 55062, 39
1005, 0, 0, 28, 28, 1, 42.86%, 0, 0, 2, 11.50, 57592, 39
1026, 0, 0, 28, 28, 1, 42.86%, 0, 0, 2, 5.14, 60460, 39
1026, 0, 0, 28, 28, 1, 42.86%, 0, 0, 2, 0.11, 60461, 39
1039, 0, 0, 29, 29, 1, 43.96%, 0, 0, 2, 2.65, 63551, 40
1045, 0, 0, 29, 29, 1, 43.96%, 0, 0, 2, 613.92, 66659, 40
1063, 0, 0, 29, 29, 1, 43.96%, 0, 0, 2, 7.18, 67055, 40
1068, 0, 0, 29, 29, 1, 43.96%, 0, 0, 2, 643.85, 70319, 40
1077, 0, 0, 29, 29, 1, 43.96%, 0, 0, 2, 7.14, 70811, 40
1096, 0, 0, 29, 29, 1, 43.96%, 0, 0, 2, 4.76, 72515, 40
1101, 0, 0, 29, 29, 1, 43.96%, 0, 0, 2, 700.67, 76101, 40
1114, 0, 0, 29, 29, 1, 43.96%, 0, 0, 2, 8.60, 76894, 40
1119, 0, 0, 29, 29, 1, 43.96%, 0, 0, 2, 696.78, 80430, 40
1129, 0, 0, 29, 29, 1, 43.96%, 0, 0, 2, 11.81, 80853, 40
1146, 0, 0, 29, 29, 1, 43.96%, 0, 0, 2, 8.66, 83681, 40
1151, 0, 0, 29, 29, 1, 43.96%, 0, 0, 2, 673.18, 87112, 40
1156, 0, 0, 29, 29, 1, 43.96%, 0, 0, 2, 762.07, 88766, 40
1170, 0, 0, 29, 29, 1, 43.96%, 0, 0, 2, 6.18, 90667, 40
1175, 0, 0, 29, 29, 1, 43.96%, 0, 0, 2, 706.40, 94293, 40
1180, 0, 0, 29, 29, 1, 43.96%, 0, 0, 2, 726.62, 96603, 40
1189, 0, 0, 29, 29, 1, 43.96%, 0, 0, 2, 3.41, 97247, 40
1194, 0, 0, 29, 29, 1, 43.96%, 0, 0, 2, 731.78, 100859, 40
1204, 0, 0, 29, 29, 1, 43.96%, 0, 0, 2, 1.75, 102301, 40
1209, 0, 0, 29, 29, 1, 43.96%, 0, 0, 2, 731.65, 105927, 40
1218, 0, 0, 29, 29, 1, 43.96%, 0, 0, 2, 1.95, 107229, 40
1223, 0, 0, 29, 29, 1, 43.96%, 0, 0, 2, 704.18, 110729, 40
1229, 0, 0, 29, 29, 1, 43.96%, 0, 0, 2, 29.71, 111947, 40
1237, 0, 0, 30, 30, 1, 45.05%, 0, 0, 2, 13.74, 114572, 41
1242, 0, 0, 30, 30, 1, 45.05%, 0, 0, 2, 693.43, 118184, 41
1247, 0, 0, 30, 30, 1, 45.05%, 0, 0, 2, 741.09, 120378, 41
1254, 0, 0, 30, 30, 1, 45.05%, 0, 0, 2, 15.51, 120723, 41
1259, 0, 22, 33, 31, 6, 45.05%, 0, 0, 3, 756.65, 124486, 41
1269, 0, 24, 40, 37, 6, 45.05%, 0, 0, 3, 24.82, 128075, 41
1274, 0, 24, 40, 37, 6, 45.05%, 0, 0, 3, 754.78, 131796, 41
1284, 0, 42, 43, 38, 6, 45.05%, 0, 0, 3, 19.73, 134707, 41
1289, 0, 29, 53, 44, 2, 45.05%, 0, 0, 5, 774.23, 138698, 41
1294, 0, 30, 55, 42, 0, 45.05%, 0, 0, 5, 789.41, 142674, 41
1300, 0, 30, 55, 42, 0, 45.05%, 0, 0, 5, 6.69, 143532, 41
1305, 0, 45, 56, 41, 0, 45.05%, 0, 0, 5, 760.01, 147400, 41
1310, 0, 52, 58, 42, 0, 45.05%, 0, 0, 5, 760.00, 151240, 41
1315, 0, 54, 60, 44, 0, 45.05%, 0, 0, 5, 788.49, 155235, 41
1320, 0, 56, 60, 44, 0, 45.05%, 0, 0, 5, 769.17, 159107, 41
1325, 0, 45, 60, 44, 0, 45.05%, 0, 0, 5, 762.89, 162955, 41
1330, 0, 45, 60, 44, 0, 45.05%, 0, 0, 5, 769.21, 166874, 41
1338, 0, 56, 60, 44, 0, 45.05%, 0, 0, 5, 27.56, 170369, 41
1343, 0, 56, 60, 44, 0, 45.05%, 0, 0, 5, 760.40, 174182, 41
1348, 0, 45, 60, 44, 0, 45.05%, 0, 0, 5, 792.55, 178376, 41
1353, 0, 54, 60, 44, 0, 45.05%, 0, 0, 5, 821.67, 182598, 41
1359, 0, 45, 60, 44, 0, 45.05%, 0, 0, 5, 761.65, 186605, 41
1364, 0, 56, 60, 44, 0, 45.05%, 0, 0, 5, 764.91, 190302, 41
1369, 0, 56, 60, 44, 0, 45.05%, 0, 0, 5, 739.55, 193988, 41
1374, 0, 56, 60, 44, 0, 45.05%, 0, 0, 5, 775.34, 197899, 41
1379, 0, 56, 60, 44, 0, 45.05%, 0, 0, 5, 772.38, 201759, 41
1384, 0, 45, 60, 44, 0, 45.05%, 0, 0, 5, 802.46, 205839, 41
1389, 0, 56, 60, 44, 0, 45.05%, 0, 0, 5, 808.61, 210008, 41
1394, 0, 56, 60, 44, 0, 45.05%, 0, 0, 5, 811.14, 214136, 41
1399, 0, 56, 60, 44, 0, 45.05%, 0, 0, 5, 784.78, 218009, 41
1404, 0, 56, 60, 44, 0, 45.05%, 0, 0, 5, 801.17, 222102, 41
1409, 0, 45, 60, 44, 0, 45.05%, 0, 0, 5, 869.72, 225848, 41
1414, 0, 56, 60, 44, 0, 45.05%, 0, 0, 5, 542.46, 228998, 41
1420, 0, 56, 60, 44, 0, 45.05%, 0, 0, 5, 767.70, 233232, 41
1425, 0, 45, 60, 44, 0, 45.05%, 0, 0, 5, 806.97, 237355, 41
1430, 0, 45, 60, 44, 0, 45.05%, 0, 0, 5, 801.70, 241475, 41
1435, 0, 47, 60, 44, 0, 45.05%, 0, 0, 5, 765.27, 245319, 41
1440, 1, 45, 60, 43, 0, 45.05%, 0, 0, 5, 802.93, 249384, 41
1445, 1, 47, 62, 45, 0, 45.05%, 0, 0, 5, 812.76, 253624, 41
1450, 1, 47, 63, 45, 0, 45.05%, 0, 0, 5, 812.12, 257812, 41
1455, 1, 42, 64, 45, 0, 45.05%, 0, 0, 5, 822.19, 261957, 41
1460, 1, 45, 64, 44, 0, 45.05%, 0, 0, 5, 815.66, 265989, 41
1465, 1, 45, 64, 43, 0, 45.05%, 0, 0, 5, 811.59, 270142, 41
1471, 1, 45, 64, 43, 0, 45.05%, 0, 0, 5, 827.62, 274292, 41
1476, 1, 45, 64, 42, 0, 45.05%, 0, 0, 5, 815.87, 278296, 41
1481, 1, 45, 64, 42, 0, 45.05%, 0, 0, 5, 827.79, 282475, 41
1486, 1, 45, 65, 43, 0, 45.05%, 0, 0, 6, 829.49, 286582, 41
1491, 1, 45, 66, 43, 0, 45.05%, 0, 0, 6, 827.54, 290735, 41
1496, 1, 66, 68, 45, 0, 45.05%, 0, 0, 6, 832.79, 294883, 41
1501, 1, 45, 69, 45, 0, 45.05%, 0, 0, 6, 835.40, 299053, 41
1506, 1, 67, 70, 45, 0, 45.05%, 0, 0, 6, 839.89, 303257, 41
1511, 1, 45, 70, 43, 0, 45.05%, 0, 0, 6, 815.16, 307377, 41
1516, 1, 45, 70, 43, 0, 45.05%, 0, 0, 6, 817.43, 311609, 41
1521, 1, 47, 70, 41, 0, 45.05%, 0, 0, 6, 812.48, 315707, 41
1526, 2, 59, 73, 44, 0, 45.05%, 0, 0, 6, 829.87, 319945, 41
1531, 2, 45, 78, 49, 0, 45.05%, 0, 0, 6, 819.05, 324093, 41
1536, 2, 45, 80, 50, 0, 45.05%, 0, 0, 6, 834.15, 328264, 41
1541, 2, 59, 82, 52, 0, 45.05%, 0, 0, 6, 847.51, 332543, 41
1546, 2, 45, 84, 54, 0, 45.05%, 0, 0, 6, 829.65, 336713, 41
1551, 2, 45, 86, 55, 0, 45.05%, 0, 0, 6, 825.41, 340840, 41
1557, 2, 59, 88, 55, 0, 45.05%, 0, 0, 6, 846.22, 345045, 41
1562, 2, 55, 90, 57, 0, 45.05%, 0, 0, 6, 864.35, 349529, 41
1567, 2, 85, 91, 58, 0, 45.05%, 0, 0, 6, 726.75, 353154, 41
1572, 2, 45, 91, 57, 0, 45.05%, 0, 0, 6, 806.87, 357327, 41
1577, 2, 40, 91, 57, 0, 45.05%, 0, 0, 6, 861.01, 361374, 41
1582, 2, 59, 93, 59, 0, 45.05%, 0, 0, 6, 850.99, 365557, 41
1587, 2, 56, 94, 60, 0, 45.05%, 0, 0, 6, 847.04, 369963, 41
1592, 2, 45, 94, 60, 0, 45.05%, 0, 0, 6, 809.61, 374062, 41
1597, 2, 45, 94, 60, 0, 45.05%, 0, 0, 6, 802.12, 378192, 41
1602, 2, 47, 95, 61, 0, 45.05%, 0, 0, 6, 809.15, 382233, 41
1608, 2, 45, 95, 61, 0, 45.05%, 0, 0, 6, 767.50, 386087, 41
1613, 2, 55, 95, 61, 0, 45.05%, 0, 0, 6, 779.00, 389957, 41
1618, 2, 45, 97, 63, 0, 45.05%, 0, 0, 6, 730.28, 393636, 41
1623, 2, 55, 97, 63, 0, 45.05%, 0, 0, 6, 752.70, 397381, 41
1628, 2, 72, 97, 63, 0, 45.05%, 0, 0, 6, 761.43, 401216, 41
1633, 2, 45, 97, 61, 0, 45.05%, 0, 0, 6, 744.85, 405004, 41
1638, 2, 37, 97, 61, 0, 45.05%, 0, 0, 6, 727.94, 408676, 41
1643, 2, 52, 97, 61, 0, 45.05%, 0, 0, 6, 740.15, 412440, 41
1648, 3, 59, 97, 61, 0, 45.05%, 0, 0, 6, 755.83, 416267, 41
1653, 3, 77, 97, 60, 0, 45.05%, 0, 0, 6, 698.32, 419750, 41
1658, 3, 45, 97, 59, 0, 45.05%, 0, 0, 6, 764.86, 423391, 41
1663, 3, 59, 97, 58, 0, 45.05%, 0, 0, 6, 741.63, 427140, 41
1668, 3, 45, 97, 58, 0, 45.05%, 0, 0, 6, 770.73, 430356, 41
1673, 3, 45, 97, 57, 0, 45.05%, 0, 0, 6, 765.88, 434206, 41
1678, 3, 56, 98, 58, 0, 45.05%, 0, 0, 6, 719.93, 437859, 41
1683, 3, 45, 98, 57, 0, 45.05%, 0, 0, 6, 721.78, 441661, 41
1688, 3, 59, 98, 57, 0, 45.05%, 0, 0, 6, 754.13, 445563, 41
1694, 3, 45, 98, 56, 0, 45.05%, 0, 0, 6, 730.25, 449246, 41
1699, 3, 50, 98, 56, 0, 45.05%, 0, 0, 6, 737.88, 452978, 41
1704, 3, 55, 98, 56, 0, 45.05%, 0, 0, 6, 760.13, 456818, 41
1709, 3, 56, 98, 56, 0, 45.05%, 0, 0, 6, 758.87, 460718, 41
1714, 3, 45, 98, 56, 0, 45.05%, 0, 0, 6, 739.78, 464527, 41
1719, 3, 45, 98, 56, 0, 45.05%, 0, 0, 6, 779.89, 468608, 41
1724, 3, 45, 98, 56, 0, 45.05%, 0, 0, 6, 788.29, 472538, 41
1729, 3, 45, 98, 56, 0, 45.05%, 0, 0, 6, 806.03, 476649, 41
1734, 3, 45, 98, 56, 0, 45.05%, 0, 0, 6, 797.58, 480636, 41
1739, 3, 45, 98, 56, 0, 45.05%, 0, 0, 6, 795.84, 484651, 41
1744, 3, 45, 98, 56, 0, 45.05%, 0, 0, 6, 799.56, 488740, 41
1749, 3, 50, 98, 56, 0, 45.05%, 0, 0, 6, 758.81, 492623, 41
1755, 3, 45, 98, 56, 0, 45.05%, 0, 0, 6, 713.12, 496229, 41
1760, 3, 45, 98, 56, 0, 45.05%, 0, 0, 6, 738.35, 499988, 41
1765, 3, 50, 98, 56, 0, 45.05%, 0, 0, 6, 734.95, 503657, 41
1770, 3, 69, 98, 56, 0, 45.05%, 0, 0, 6, 735.25, 507420, 41
1775, 3, 45, 98, 54, 0, 45.05%, 0, 0, 6, 747.74, 511186, 41
1780, 3, 55, 98, 54, 0, 45.05%, 0, 0, 6, 741.93, 514888, 41
1785, 4, 45, 98, 54, 0, 45.05%, 0, 0, 6, 750.69, 518740, 41
1790, 4, 45, 98, 54, 0, 45.05%, 0, 0, 6, 757.42, 522588, 41
1795, 4, 45, 98, 54, 0, 45.05%, 0, 0, 6, 777.51, 526533, 41
1800, 4, 45, 98, 54, 0, 45.05%, 0, 0, 6, 741.26, 530403, 41
1805, 4, 45, 98, 54, 0, 45.05%, 0, 0, 6, 767.41, 534257, 41
1810, 4, 45, 98, 54, 0, 45.05%, 0, 0, 6, 812.74, 538330, 41
1816, 4, 58, 98, 54, 0, 45.05%, 0, 0, 6, 810.64, 542555, 41
1821, 4, 40, 98, 54, 0, 45.05%, 0, 0, 6, 792.20, 546540, 41
1826, 4, 45, 98, 53, 0, 45.05%, 0, 0, 6, 746.03, 550290, 41
1831, 4, 45, 98, 53, 0, 45.05%, 0, 0, 6, 775.67, 554281, 41
1836, 4, 45, 98, 53, 0, 45.05%, 0, 0, 6, 759.83, 558054, 41
1841, 4, 45, 98, 53, 0, 45.05%, 0, 0, 6, 735.75, 561723, 41
1846, 4, 45, 98, 53, 0, 45.05%, 0, 0, 6, 746.23, 565356, 41
1851, 4, 45, 98, 53, 0, 45.05%, 0, 0, 6, 755.48, 569174, 41
1856, 4, 45, 98, 53, 0, 45.05%, 0, 0, 6, 752.20, 572947, 41
1861, 4, 45, 98, 53, 0, 45.05%, 0, 0, 6, 760.94, 576763, 41
1866, 4, 45, 98, 53, 0, 45.05%, 0, 0, 6, 764.93, 580557, 41
1871, 4, 40, 98, 53, 0, 45.05%, 0, 0, 6, 743.87, 584365, 41
1876, 4, 56, 98, 52, 0, 45.05%, 0, 0, 6, 764.21, 588321, 41
1881, 4, 45, 98, 52, 0, 45.05%, 0, 0, 6, 787.33, 592279, 41
1887, 4, 45, 98, 52, 0, 45.05%, 0, 0, 6, 773.13, 596239, 41
1892, 4, 45, 98, 52, 0, 45.05%, 0, 0, 6, 780.44, 600184, 41
1897, 4, 45, 98, 52, 0, 45.05%, 0, 0, 6, 766.69, 604013, 41
1902, 4, 41, 98, 52, 0, 45.05%, 0, 0, 6, 752.13, 607763, 41
1907, 5, 94, 98, 52, 0, 45.05%, 0, 0, 6, 728.56, 611525, 41
1912, 5, 45, 98, 51, 0, 45.05%, 0, 0, 6, 744.08, 615279, 41
1917, 5, 45, 98, 51, 0, 45.05%, 0, 0, 6, 719.71, 618879, 41
1922, 5, 45, 98, 51, 0, 45.05%, 0, 0, 6, 761.14, 622741, 41
1927, 5, 75, 98, 51, 0, 45.05%, 0, 0, 6, 741.88, 626415, 41
1932, 5, 45, 98, 50, 0, 45.05%, 0, 0, 6, 742.58, 630019, 41
1937, 5, 45, 98, 50, 0, 45.05%, 0, 0, 6, 760.38, 633791, 41
1942, 5, 55, 98, 50, 0, 45.05%, 0, 0, 6, 762.63, 637730, 41
1947, 5, 45, 98, 49, 0, 45.05%, 0, 0, 6, 731.48, 641373, 41
1953, 5, 64, 98, 49, 0, 45.05%, 0, 0, 6, 745.07, 645146, 41
1958, 5, 59, 98, 48, 0, 45.05%, 0, 0, 6, 756.87, 649012, 41
1963, 5, 55, 98, 48, 0, 45.05%, 0, 0, 6, 735.20, 652682, 41
1968, 5, 45, 98, 48, 0, 45.05%, 0, 0, 6, 763.89, 656532, 41
1973, 5, 45, 98, 48, 0, 45.05%, 0, 0, 6, 764.76, 660320, 41
1978, 5, 45, 98, 48, 0, 45.05%, 0, 0, 6, 706.71, 663891, 41
1983, 5, 91, 98, 48, 0, 45.05%, 0, 0, 6, 546.62, 666523, 41
1988, 5, 45, 98, 47, 0, 45.05%, 0, 0, 6, 748.48, 670549, 41
1993, 5, 55, 98, 47, 0, 45.05%, 0, 0, 6, 849.63, 674256, 41
1998, 5, 45, 98, 47, 0, 45.05%, 0, 0, 6, 835.37, 678443, 41
2003, 5, 45, 98, 47, 0, 45.05%, 0, 0, 6, 867.95, 682974, 41
2008, 5, 45, 98, 47, 0, 45.05%, 0, 0, 6, 865.97, 687386, 41
2014, 5, 45, 98, 47, 0, 45.05%, 0, 0, 6, 873.35, 691919, 41
2019, 5, 45, 98, 47, 0, 45.05%, 0, 0, 6, 862.62, 696413, 41
2024, 5, 45, 98, 47, 0, 45.05%, 0, 0, 6, 859.57, 700797, 41
2029, 5, 45, 98, 47, 0, 45.05%, 0, 0, 6, 853.07, 705086, 41
2034, 6, 56, 98, 47, 0, 45.05%, 0, 0, 6, 851.79, 709341, 41
2039, 6, 56, 99, 48, 0, 45.05%, 0, 0, 6, 864.90, 713671, 41
2044, 6, 45, 99, 48, 0, 45.05%, 0, 0, 6, 857.83, 717992, 41
2049, 6, 45, 99, 48, 0, 45.05%, 0, 0, 6, 825.38, 722149, 41
2054, 6, 59, 99, 48, 0, 45.05%, 0, 0, 6, 861.27, 726507, 41
2059, 6, 45, 99, 48, 0, 45.05%, 0, 0, 6, 861.73, 730803, 41
2064, 6, 45, 99, 48, 0, 45.05%, 0, 0, 6, 831.24, 734957, 41
2069, 6, 45, 99, 48, 0, 45.05%, 0, 0, 6, 844.48, 739219, 41
2074, 6, 59, 99, 48, 0, 45.05%, 0, 0, 6, 841.86, 743424, 41
2079, 6, 55, 99, 48, 0, 45.05%, 0, 0, 6, 856.27, 747754, 41
2084, 6, 45, 99, 48, 0, 45.05%, 0, 0, 6, 846.03, 751993, 41
2089, 6, 45, 99, 48, 0, 45.05%, 0, 0, 6, 872.51, 756571, 41
2095, 6, 45, 99, 47, 0, 45.05%, 0, 0, 6, 864.63, 761042, 41
2100, 6, 55, 99, 47, 0, 45.05%, 0, 0, 6, 867.51, 765505, 41
2105, 6, 55, 99, 47, 0, 45.05%, 0, 0, 6, 861.08, 769817, 41
2110, 6, 70, 99, 47, 0, 45.05%, 0, 0, 6, 854.18, 774117, 41
2115, 6, 50, 99, 46, 0, 45.05%, 0, 0, 6, 863.05, 778472, 41
2120, 6, 45, 99, 46, 0, 45.05%, 0, 0, 6, 869.60, 782948, 41
2125, 6, 45, 99, 46, 0, 45.05%, 0, 0, 6, 875.71, 787511, 41
2130, 6, 45, 99, 46, 0, 45.05%, 0, 0, 6, 851.18, 791758, 41
2135, 6, 45, 99, 45, 0, 45.05%, 0, 0, 6, 864.03, 796260, 41
2141, 6, 45, 99, 45, 0, 45.05%, 0, 0, 6, 842.76, 800546, 41
2146, 7, 55, 99, 45, 0, 45.05%, 0, 0, 6, 868.84, 804925, 41
2151, 7, 45, 99, 45, 0, 45.05%, 0, 0, 6, 864.35, 809233, 41
2156, 7, 65, 99, 45, 0, 45.05%, 0, 0, 6, 870.10, 813761, 41
2161, 7, 55, 99, 44, 0, 45.05%, 0, 0, 6, 873.24, 818141, 41
2166, 7, 56, 99, 44, 0, 45.05%, 0, 0, 6, 847.32, 822301, 41
2171, 7, 45, 99, 44, 0, 45.05%, 0, 0, 6, 859.26, 826616, 41
2176, 7, 45, 99, 44, 0, 45.05%, 0, 0, 6, 867.86, 830966, 41
2181, 7, 58, 99, 44, 0, 45.05%, 0, 0, 6, 858.97, 835407, 41
2186, 7, 45, 99, 44, 0, 45.05%, 0, 0, 6, 870.35, 839743, 41
2191, 7, 45, 99, 44, 0, 45.05%, 0, 0, 6, 868.25, 844204, 41
2196, 7, 55, 99, 44, 0, 45.05%, 0, 0, 6, 860.70, 848482, 41
2201, 7, 50, 99, 44, 0, 45.05%, 0, 0, 6, 871.42, 853023, 41
2207, 7, 45, 99, 44, 0, 45.05%, 0, 0, 6, 863.33, 857316, 41
2212, 7, 45, 99, 44, 0, 45.05%, 0, 0, 6, 859.44, 861551, 41
2217, 7, 45, 99, 44, 0, 45.05%, 0, 0, 6, 872.18, 865899, 41
2222, 7, 50, 99, 44, 0, 45.05%, 0, 0, 6, 873.60, 870401, 41
2227, 7, 58, 99, 44, 0, 45.05%, 0, 0, 6, 876.96, 874793, 41
2232, 7, 56, 99, 44, 0, 45.05%, 0, 0, 6, 882.17, 879180, 41
2237, 7, 45, 99, 44, 0, 45.05%, 0, 0, 6, 873.41, 883527, 41
2242, 7, 93, 99, 44, 0, 45.05%, 0, 0, 6, 864.85, 887780, 41
2247, 7, 40, 99, 43, 0, 45.05%, 0, 0, 6, 835.88, 891974, 41
2252, 8, 56, 99, 43, 0, 45.05%, 0, 0, 6, 846.00, 896372, 41
2257, 8, 59, 100, 44, 0, 45.05%, 0, 0, 6, 833.16, 900527, 41
2262, 8, 58, 100, 44, 0, 45.05%, 0, 0, 6, 854.37, 904851, 41
2267, 8, 45, 100, 44, 0, 45.05%, 0, 0, 6, 859.78, 909113, 41
2272, 8, 45, 100, 44, 0, 45.05%, 0, 0, 6, 827.42, 913430, 41
2278, 8, 45, 100, 44, 0, 45.05%, 0, 0, 6, 842.93, 917817, 41
2283, 8, 45, 100, 44, 0, 45.05%, 0, 0, 6, 817.38, 921976, 41
2288, 8, 45, 100, 44, 0, 45.05%, 0, 0, 6, 842.25, 926277, 41
2293, 8, 45, 100, 44, 0, 45.05%, 0, 0, 6, 859.43, 930777, 41
2298, 8, 45, 100, 44, 0, 45.05%, 0, 0, 6, 838.66, 934999, 41
2303, 8, 45, 100, 44, 0, 45.05%, 0, 0, 6, 845.03, 939283, 41
2308, 8, 45, 100, 44, 0, 45.05%, 0, 0, 6, 856.26, 943760, 41
2313, 8, 59, 100, 44, 0, 45.05%, 0, 0, 6, 839.50, 948150, 41
2318, 8, 45, 100, 44, 0, 45.05%, 0, 0, 6, 840.68, 952523, 41
2324, 8, 45, 100, 44, 0, 45.05%, 0, 0, 6, 843.25, 956955, 41
2329, 8, 45, 100, 44, 0, 45.05%, 0, 0, 6, 835.19, 961354, 41
2334, 8, 45, 100, 44, 0, 45.05%, 0, 0, 6, 865.19, 965769, 41
2339, 8, 59, 100, 44, 0, 45.05%, 0, 0, 6, 871.47, 970277, 41
2344, 8, 45, 100, 44, 0, 45.05%, 0, 0, 6, 855.44, 974575, 41
2349, 8, 50, 100, 44, 0, 45.05%, 0, 0, 6, 850.43, 978840, 41
2354, 8, 58, 100, 44, 0, 45.05%, 0, 0, 6, 866.12, 983146, 41
2359, 8, 45, 100, 43, 0, 45.05%, 0, 0, 6, 849.08, 987383, 41
2364, 9, 45, 100, 43, 0, 45.05%, 0, 0, 6, 861.16, 991701, 41
2369, 9, 45, 100, 43, 0, 45.05%, 0, 0, 6, 873.29, 996088, 41
2374, 9, 55, 100, 43, 0, 45.05%, 0, 0, 6, 857.69, 1000374, 41
2379, 9, 58, 100, 43, 0, 45.05%, 0, 0, 6, 842.07, 1004566, 41
2384, 9, 45, 100, 43, 0, 45.05%, 0, 0, 6, 869.48, 1008903, 41
2390, 9, 45, 100, 43, 0, 45.05%, 0, 0, 6, 870.47, 1013439, 41
2395, 9, 45, 100, 43, 0, 45.05%, 0, 0, 6, 866.92, 1017796, 41
2400, 9, 45, 100, 42, 0, 45.05%, 0, 0, 6, 872.26, 1022133, 41
2405, 9, 45, 100, 42, 0, 45.05%, 0, 0, 6, 866.53, 1026480, 41
2410, 9, 45, 100, 42, 0, 45.05%, 0, 0, 6, 854.55, 1030910, 41
2415, 9, 45, 100, 42, 0, 45.05%, 0, 0, 6, 883.51, 1035310, 41
2420, 9, 45, 100, 42, 0, 45.05%, 0, 0, 6, 860.40, 1039740, 41
2425, 9, 45, 100, 42, 0, 45.05%, 0, 0, 6, 864.33, 1044157, 41
2430, 9, 45, 100, 42, 0, 45.05%, 0, 0, 6, 862.20, 1048449, 41
2435, 9, 56, 100, 42, 0, 45.05%, 0, 0, 6, 861.10, 1052952, 41
2440, 9, 45, 100, 42, 0, 45.05%, 0, 0, 6, 862.21, 1057281, 41
2446, 9, 45, 100, 42, 0, 45.05%, 0, 0, 6, 847.11, 1061653, 41
2451, 9, 45, 100, 41, 0, 45.05%, 0, 0, 6, 826.80, 1065869, 41
2456, 9, 58, 100, 41, 0, 45.05%, 0, 0, 6, 855.23, 1070360, 41
2461, 9, 67, 100, 41, 0, 45.05%, 0, 0, 6, 850.68, 1074689, 41
2466, 9, 45, 100, 41, 0, 45.05%, 0, 0, 6, 835.72, 1079114, 41
2471, 9, 45, 100, 41, 0, 45.05%, 0, 0, 6, 835.50, 1083330, 41
2476, 10, 45, 100, 41, 0, 45.05%, 0, 0, 6, 858.09, 1087678, 41
2481, 10, 45, 100, 41, 0, 45.05%, 0, 0, 6, 863.64, 1092021, 41
2486, 10, 45, 100, 41, 0, 45.05%, 0, 0, 6, 853.24, 1096374, 41
2491, 10, 58, 100, 41, 0, 45.05%, 0, 0, 6, 862.43, 1100902, 41
2497, 10, 45, 100, 41, 0, 45.05%, 0, 0, 6, 849.14, 1105368, 41
2502, 10, 45, 100, 41, 0, 45.05%, 0, 0, 6, 841.74, 1109739, 41
2507, 10, 58, 100, 41, 0, 45.05%, 0, 0, 6, 836.32, 1114096, 41
2512, 10, 45, 100, 41, 0, 45.05%, 0, 0, 6, 851.87, 1118555, 41
2517, 10, 56, 100, 41, 0, 45.05%, 0, 0, 6, 859.83, 1122969, 41
2522, 10, 45, 100, 41, 0, 45.05%, 0, 0, 6, 852.43, 1127215, 41
2528, 10, 45, 100, 41, 0, 45.05%, 0, 0, 6, 862.97, 1131740, 41
2533, 10, 50, 100, 41, 0, 45.05%, 0, 0, 6, 866.53, 1136190, 41
2538, 10, 55, 100, 41, 0, 45.05%, 0, 0, 6, 855.22, 1140650, 41
2543, 10, 45, 100, 41, 0, 45.05%, 0, 0, 6, 846.23, 1144919, 41
2548, 10, 45, 100, 41, 0, 45.05%, 0, 0, 6, 850.11, 1149184, 41
2553, 10, 59, 100, 41, 0, 45.05%, 0, 0, 6, 840.12, 1153300, 41
2558, 10, 45, 100, 40, 0, 45.05%, 0, 0, 6, 828.30, 1157525, 41
2563, 10, 45, 100, 40, 0, 45.05%, 0, 0, 6, 858.98, 1161888, 41
2568, 10, 45, 101, 41, 0, 45.05%, 0, 0, 6, 848.96, 1166149, 41
2573, 10, 45, 101, 41, 0, 45.05%, 0, 0, 6, 865.26, 1170647, 41
2578, 10, 45, 101, 41, 0, 45.05%, 0, 0, 6, 842.63, 1174860, 41
2584, 10, 59, 101, 41, 0, 45.05%, 0, 0, 6, 846.87, 1179307, 41
2589, 10, 45, 101, 41, 0, 45.05%, 0, 0, 6, 867.95, 1183672, 41
2594, 11, 92, 101, 41, 0, 45.05%, 0, 0, 6, 551.68, 1186252, 41
2599, 11, 36, 101, 40, 0, 45.05%, 0, 0, 6, 798.49, 1190658, 41
2604, 11, 45, 101, 38, 0, 45.05%, 0, 0, 6, 784.10, 1194589, 41
2609, 11, 45, 101, 38, 0, 45.05%, 0, 0, 6, 837.74, 1198878, 41
2614, 11, 45, 101, 38, 0, 45.05%, 0, 0, 6, 852.31, 1203273, 41
2619, 11, 45, 101, 38, 0, 45.05%, 0, 0, 6, 862.61, 1207568, 41
2624, 11, 45, 101, 38, 0, 45.05%, 0, 0, 6, 879.76, 1212123, 41
2630, 11, 60, 101, 38, 0, 45.05%, 0, 0, 6, 862.06, 1216544, 41
2635, 11, 59, 101, 38, 0, 45.05%, 0, 0, 6, 838.73, 1220728, 41
2640, 11, 45, 101, 38, 0, 45.05%, 0, 0, 6, 855.56, 1225213, 41
2645, 11, 56, 101, 38, 0, 45.05%, 0, 0, 6, 857.09, 1229571, 41
2650, 11, 45, 101, 38, 0, 45.05%, 0, 0, 6, 872.63, 1234107, 41
2655, 11, 45, 101, 38, 0, 45.05%, 0, 0, 6, 861.30, 1238524, 41
2660, 11, 45, 101, 38, 0, 45.05%, 0, 0, 6, 860.24, 1242828, 41
2665, 11, 45, 101, 38, 0, 45.05%, 0, 0, 6, 869.21, 1247232, 41
2670, 11, 50, 101, 37, 0, 45.05%, 0, 0, 6, 850.31, 1251487, 41
2676, 11, 45, 101, 37, 0, 45.05%, 0, 0, 6, 851.55, 1255954, 41
2681, 11, 45, 101, 37, 0, 45.05%, 0, 0, 6, 838.47, 1260397, 41
2686, 11, 45, 101, 37, 0, 45.05%, 0, 0, 6, 830.82, 1264799, 41
2691, 11, 90, 101, 37, 0, 45.05%, 0, 0, 6, 744.15, 1268838, 41
2696, 11, 45, 101, 36, 0, 45.05%, 0, 0, 6, 807.02, 1272816, 41
2701, 11, 45, 101, 36, 0, 45.05%, 0, 0, 6, 837.28, 1277083, 41
2707, 11, 45, 102, 37, 0, 45.05%, 0, 0, 6, 862.68, 1281549, 41
2712, 11, 45, 102, 37, 0, 45.05%, 0, 0, 6, 841.53, 1285812, 41
2717, 12, 45, 102, 37, 0, 45.05%, 0, 0, 6, 866.32, 1290175, 41
2722, 12, 45, 102, 37, 0, 45.05%, 0, 0, 6, 870.33, 1294623, 41
2727, 12, 14, 102, 37, 0, 45.05%, 0, 0, 6, 855.39, 1299073, 41
2732, 12, 45, 102, 36, 0, 45.05%, 0, 0, 6, 863.76, 1303391, 41
2737, 12, 45, 102, 36, 0, 45.05%, 0, 0, 6, 849.47, 1307645, 41
2742, 12, 56, 102, 36, 0, 45.05%, 0, 0, 6, 854.18, 1311957, 41
2747, 12, 45, 102, 36, 0, 45.05%, 0, 0, 6, 848.38, 1316228, 41
2752, 12, 50, 102, 36, 0, 45.05%, 0, 0, 6, 817.84, 1320432, 41
2757, 12, 40, 102, 36, 0, 45.05%, 0, 0, 6, 855.38, 1324883, 41
2762, 12, 58, 102, 36, 0, 45.05%, 0, 0, 6, 868.06, 1329261, 41
2767, 12, 45, 102, 36, 0, 45.05%, 0, 0, 6, 865.57, 1333703, 41
2773, 12, 50, 102, 36, 0, 45.05%, 0, 0, 6, 870.14, 1338167, 41
2778, 12, 45, 102, 36, 0, 45.05%, 0, 0, 6, 858.67, 1342516, 41
2783, 12, 58, 102, 35, 0, 45.05%, 0, 0, 6, 859.96, 1346884, 41
2788, 12, 45, 102, 35, 0, 45.05%, 0, 0, 6, 877.69, 1351453, 41
2793, 12, 45, 102, 35, 0, 45.05%, 0, 0, 6, 843.64, 1355803, 41
2798, 12, 45, 102, 34, 0, 45.05%, 0, 0, 6, 822.87, 1359827, 41
2803, 12, 45, 102, 34, 0, 45.05%, 0, 0, 6, 840.92, 1364026, 41
2808, 12, 45, 102, 34, 0, 45.05%, 0, 0, 6, 862.43, 1368365, 41
2813, 12, 55, 102, 33, 0, 45.05%, 0, 0, 6, 873.79, 1372712, 41
2818, 12, 45, 102, 33, 0, 45.05%, 0, 0, 6, 849.42, 1377011, 41
2824, 12, 45, 102, 33, 0, 45.05%, 0, 0, 6, 868.89, 1381538, 41
2829, 13, 45, 102, 33, 0, 45.05%, 0, 0, 6, 867.69, 1385889, 41
2834, 13, 45, 102, 33, 0, 45.05%, 0, 0, 6, 853.61, 1390132, 41
2839, 13, 45, 102, 33, 0, 45.05%, 0, 0, 6, 859.59, 1394591, 41
2844, 13, 55, 102, 33, 0, 45.05%, 0, 0, 6, 863.34, 1398885, 41
2849, 13, 45, 102, 33, 0, 45.05%, 0, 0, 6, 861.13, 1403157, 41
2854, 13, 55, 102, 33, 0, 45.05%, 0, 0, 6, 856.13, 1407416, 41
2859, 13, 45, 102, 33, 0, 45.05%, 0, 0, 6, 868.84, 1411773, 41
2864, 13, 45, 102, 33, 0, 45.05%, 0, 0, 6, 861.70, 1416276, 41
2869, 13, 55, 102, 33, 0, 45.05%, 0, 0, 6, 844.75, 1420620, 41
2874, 13, 56, 102, 32, 0, 45.05%, 0, 0, 6, 849.20, 1424870, 41
2879, 13, 45, 102, 32, 0, 45.05%, 0, 0, 6, 853.43, 1429103, 41
2884, 13, 45, 102, 32, 0, 45.05%, 0, 0, 6, 844.95, 1433364, 41
2890, 13, 45, 102, 32, 0, 45.05%, 0, 0, 6, 849.67, 1437660, 41
2895, 13, 45, 102, 32, 0, 45.05%, 0, 0, 6, 834.77, 1441826, 41
2900, 13, 45, 102, 32, 0, 45.05%, 0, 0, 6, 874.51, 1446222, 41
2905, 13, 45, 102, 32, 0, 45.05%, 0, 0, 6, 856.35, 1450449, 41
2910, 13, 50, 102, 32, 0, 45.05%, 0, 0, 6, 870.45, 1454973, 41
2915, 13, 45, 102, 32, 0, 45.05%, 0, 0, 6, 890.01, 1459579, 41
2920, 13, 59, 102, 32, 0, 45.05%, 0, 0, 6, 867.62, 1463883, 41
2925, 13, 45, 102, 32, 0, 45.05%, 0, 0, 6, 866.65, 1468331, 41
2930, 13, 45, 102, 32, 0, 45.05%, 0, 0, 6, 836.35, 1472447, 41
2935, 13, 50, 102, 32, 0, 45.05%, 0, 0, 6, 841.84, 1476704, 41
2940, 13, 56, 102, 32, 0, 45.05%, 0, 0, 6, 842.44, 1480951, 41
2946, 14, 58, 102, 32, 0, 45.05%, 0, 0, 6, 824.66, 1485054, 41
2951, 14, 45, 102, 32, 0, 45.05%, 0, 0, 6, 830.74, 1489377, 41
2956, 14, 45, 102, 32, 0, 45.05%, 0, 0, 6, 835.95, 1493552, 41
2961, 14, 59, 102, 32, 0, 45.05%, 0, 0, 6, 843.77, 1497870, 41
2966, 14, 45, 102, 32, 0, 45.05%, 0, 0, 6, 834.09, 1502243, 41
2971, 14, 45, 102, 32, 0, 45.05%, 0, 0, 6, 841.03, 1506592, 41
2976, 14, 45, 102, 32, 0, 45.05%, 0, 0, 6, 825.21, 1510740, 41
2981, 14, 45, 102, 32, 0, 45.05%, 0, 0, 6, 829.53, 1515049, 41
2986, 14, 76, 102, 32, 0, 45.05%, 0, 0, 6, 820.25, 1519185, 41
2991, 14, 45, 102, 31, 0, 45.05%, 0, 0, 6, 816.99, 1523352, 41
2997, 14, 59, 102, 31, 0, 45.05%, 0, 0, 6, 839.49, 1527547, 41
3002, 14, 45, 102, 31, 0, 45.05%, 0, 0, 6, 846.17, 1531983, 41
3007, 14, 45, 102, 31, 0, 45.05%, 0, 0, 6, 857.89, 1536287, 41
3012, 14, 45, 102, 31, 0, 45.05%, 0, 0, 6, 849.95, 1540748, 41
3017, 14, 45, 102, 31, 0, 45.05%, 0, 0, 6, 837.75, 1544981, 41
3022, 14, 45, 102, 31, 0, 45.05%, 0, 0, 6, 821.00, 1549156, 41
3027, 14, 55, 102, 31, 0, 45.05%, 0, 0, 6, 819.21, 1553398, 41
3032, 14, 58, 102, 31, 0, 45.05%, 0, 0, 6, 823.02, 1557686, 41
3037, 14, 59, 102, 30, 0, 45.05%, 0, 0, 6, 829.22, 1561837, 41
3042, 14, 49, 102, 30, 0, 45.05%, 0, 0, 6, 837.17, 1566049, 41
3048, 14, 45, 102, 30, 0, 45.05%, 0, 0, 6, 839.15, 1570462, 41
3053, 14, 45, 102, 30, 0, 45.05%, 0, 0, 6, 828.33, 1574561, 41
3058, 14, 49, 102, 30, 0, 45.05%, 0, 0, 6, 829.95, 1578697, 41
3063, 14, 45, 102, 30, 0, 45.05%, 0, 0, 6, 845.69, 1583001, 41
3068, 15, 87, 102, 30, 0, 45.05%, 0, 0, 6, 843.37, 1587262, 41
3073, 15, 45, 102, 29, 0, 45.05%, 0, 0, 6, 849.12, 1591628, 41
3078, 15, 45, 102, 29, 0, 45.05%, 0, 0, 6, 837.34, 1595958, 41
3083, 15, 59, 102, 29, 0, 45.05%, 0, 0, 6, 828.47, 1600107, 41
3088, 15, 59, 102, 29, 0, 45.05%, 0, 0, 6, 828.91, 1604249, 41
3093, 15, 45, 102, 29, 0, 45.05%, 0, 0, 6, 842.80, 1608501, 41
3098, 15, 45, 102, 29, 0, 45.05%, 0, 0, 6, 854.49, 1612780, 41
3103, 15, 45, 102, 29, 0, 45.05%, 0, 0, 6, 849.12, 1616977, 41
3108, 15, 55, 102, 29, 0, 45.05%, 0, 0, 6, 846.97, 1621196, 41
3114, 15, 45, 102, 29, 0, 45.05%, 0, 0, 6, 832.59, 1625526, 41
3119, 15, 45, 102, 29, 0, 45.05%, 0, 0, 6, 829.77, 1629815, 41
3124, 15, 45, 102, 29, 0, 45.05%, 0, 0, 6, 835.58, 1634007, 41
3129, 15, 55, 102, 29, 0, 45.05%, 0, 0, 6, 863.09, 1638498, 41
3134, 15, 40, 102, 29, 0, 45.05%, 0, 0, 6, 862.44, 1642930, 41
3139, 15, 59, 102, 29, 0, 45.05%, 0, 0, 6, 847.90, 1647214, 41
3144, 15, 45, 102, 29, 0, 45.05%, 0, 0, 6, 854.47, 1651584, 41
3150, 15, 55, 102, 29, 0, 45.05%, 0, 0, 6, 864.50, 1656040, 41
3155, 15, 45, 102, 29, 0, 45.05%, 0, 0, 6, 867.21, 1660379, 41
3160, 15, 45, 102, 29, 0, 45.05%, 0, 0, 6, 850.45, 1664795, 41
3165, 15, 45, 102, 29, 0, 45.05%, 0, 0, 6, 668.56, 1668076, 41
3170, 15, 45, 102, 29, 0, 45.05%, 0, 0, 6, 609.70, 1670934, 41
3175, 15, 45, 102, 29, 0, 45.05%, 0, 0, 6, 580.82, 1673826, 41
3180, 15, 45, 102, 29, 0, 45.05%, 0, 0, 6, 599.75, 1676850, 41
3185, 15, 45, 102, 29, 0, 45.05%, 0, 0, 6, 607.19, 1679920, 41
3190, 16, 45, 102, 29, 0, 45.05%, 0, 0, 6, 623.69, 1682976, 41
3195, 16, 95, 102, 29, 0, 45.05%, 0, 0, 6, 578.53, 1685837, 41
3201, 16, 49, 102, 28, 0, 45.05%, 0, 0, 6, 583.24, 1688876, 41
3206, 16, 45, 102, 28, 0, 45.05%, 0, 0, 6, 584.43, 1691934, 41
3211, 16, 41, 102, 28, 0, 45.05%, 0, 0, 6, 565.87, 1694935, 41
3216, 16, 45, 102, 28, 0, 45.05%, 0, 0, 6, 594.77, 1698001, 41
3221, 16, 45, 102, 28, 0, 45.05%, 0, 0, 6, 651.74, 1700869, 41
3226, 16, 45, 102, 28, 0, 45.05%, 0, 0, 6, 622.13, 1703886, 41
3231, 16, 56, 102, 28, 0, 45.05%, 0, 0, 6, 574.43, 1706772, 41
3236, 16, 56, 102, 28, 0, 45.05%, 0, 0, 6, 609.02, 1709907, 41
3241, 16, 45, 102, 28, 0, 45.05%, 0, 0, 6, 614.03, 1712960, 41
3246, 16, 48, 102, 28, 0, 45.05%, 0, 0, 6, 642.30, 1716203, 41
3251, 16, 48, 102, 27, 0, 45.05%, 0, 0, 6, 618.47, 1719256, 41
3257, 16, 55, 102, 27, 0, 45.05%, 0, 0, 6, 617.32, 1722400, 41
3262, 16, 45, 102, 27, 0, 45.05%, 0, 0, 6, 611.83, 1725466, 41
3267, 16, 45, 102, 27, 0, 45.05%, 0, 0, 6, 599.93, 1728548, 41
3272, 16, 45, 102, 27, 0, 45.05%, 0, 0, 6, 569.74, 1731454, 41
3277, 16, 59, 102, 27, 0, 45.05%, 0, 0, 6, 436.21, 1734098, 41
3282, 16, 45, 102, 27, 0, 45.05%, 0, 0, 6, 551.00, 1737057, 41
3287, 16, 56, 102, 27, 0, 45.05%, 0, 0, 6, 572.96, 1739943, 41
3292, 16, 45, 102, 27, 0, 45.05%, 0, 0, 6, 606.12, 1743184, 41
3297, 16, 58, 102, 27, 0, 45.05%, 0, 0, 6, 591.59, 1746175, 41
3302, 16, 45, 102, 27, 0, 45.05%, 0, 0, 6, 639.56, 1749425, 41
3307, 16, 45, 102, 27, 0, 45.05%, 0, 0, 6, 611.75, 1752431, 41
3312, 16, 45, 102, 27, 0, 45.05%, 0, 0, 6, 581.88, 1755348, 41
3317, 16, 45, 102, 27, 0, 45.05%, 0, 0, 6, 579.03, 1758243, 41
3322, 16, 45, 102, 27, 0, 45.05%, 0, 0, 6, 611.31, 1761433, 41
3327, 16, 45, 102, 26, 0, 45.05%, 0, 0, 6, 608.95, 1764535, 41
3332, 16, 45, 102, 26, 0, 45.05%, 0, 0, 6, 593.44, 1767477, 41
3338, 16, 41, 102, 26, 0, 45.05%, 0, 0, 6, 584.09, 1770469, 41
3343, 16, 48, 102, 26, 0, 45.05%, 0, 0, 6, 571.15, 1773435, 41
3348, 16, 45, 102, 26, 0, 45.05%, 0, 0, 6, 611.24, 1776578, 41
3353, 16, 45, 102, 26, 0, 45.05%, 0, 0, 6, 569.20, 1779449, 41
3358, 17, 45, 102, 26, 0, 45.05%, 0, 0, 6, 577.13, 1782431, 41
3363, 17, 45, 102, 26, 0, 45.05%, 0, 0, 6, 577.22, 1785369, 41
3368, 17, 58, 102, 26, 0, 45.05%, 0, 0, 6, 593.88, 1788518, 41
3373, 17, 45, 102, 26, 0, 45.05%, 0, 0, 6, 612.61, 1791560, 41
3378, 17, 45, 102, 26, 0, 45.05%, 0, 0, 6, 584.19, 1794419, 41
3383, 17, 45, 102, 26, 0, 45.05%, 0, 0, 6, 571.13, 1797292, 41
3388, 17, 45, 102, 26, 0, 45.05%, 0, 0, 6, 578.20, 1800219, 41
3393, 17, 48, 102, 26, 0, 45.05%, 0, 0, 6, 609.11, 1803277, 41
3398, 17, 45, 102, 26, 0, 45.05%, 0, 0, 6, 580.66, 1806223, 41
3403, 17, 48, 102, 26, 0, 45.05%, 0, 0, 6, 602.79, 1809264, 41
3408, 17, 45, 102, 26, 0, 45.05%, 0, 0, 6, 608.13, 1812286, 41
3413, 17, 45, 102, 26, 0, 45.05%, 0, 0, 6, 587.69, 1815159, 41
3418, 17, 59, 103, 27, 0, 45.05%, 0, 0, 6, 574.94, 1818041, 41
3423, 17, 45, 103, 27, 0, 45.05%, 0, 0, 6, 581.64, 1820988, 41
3428, 17, 45, 103, 27, 0, 45.05%, 0, 0, 6, 591.37, 1824027, 41
3434, 17, 45, 103, 27, 0, 45.05%, 0, 0, 6, 573.16, 1826917, 41
3439, 17, 45, 103, 27, 0, 45.05%, 0, 0, 6, 584.95, 1829913, 41
3444, 17, 45, 103, 27, 0, 45.05%, 0, 0, 6, 587.65, 1832813, 41
3449, 17, 45, 103, 27, 0, 45.05%, 0, 0, 6, 620.29, 1836038, 41
3454, 17, 58, 103, 27, 0, 45.05%, 0, 0, 6, 582.08, 1838940, 41
3459, 17, 45, 103, 27, 0, 45.05%, 0, 0, 6, 617.36, 1841978, 41
3464, 17, 55, 103, 27, 0, 45.05%, 0, 0, 6, 565.48, 1844905, 41
3469, 17, 55, 103, 27, 0, 45.05%, 0, 0, 6, 589.53, 1847930, 41
3474, 17, 45, 103, 27, 0, 45.05%, 0, 0, 6, 590.52, 1850977, 41
3479, 17, 45, 103, 27, 0, 45.05%, 0, 0, 6, 622.69, 1854080, 41
3484, 17, 41, 103, 27, 0, 45.05%, 0, 0, 6, 597.13, 1857104, 41
3490, 17, 45, 103, 27, 0, 45.05%, 0, 0, 6, 597.86, 1860126, 41
3495, 17, 45, 103, 27, 0, 45.05%, 0, 0, 6, 609.54, 1863249, 41
3500, 17, 59, 103, 27, 0, 45.05%, 0, 0, 6, 634.32, 1866483, 41
3505, 17, 45, 104, 27, 0, 45.05%, 0, 0, 6, 672.10, 1869902, 41
3510, 17, 45, 104, 27, 0, 45.05%, 0, 0, 6, 594.14, 1872815, 41
3515, 17, 45, 104, 27, 0, 45.05%, 0, 0, 6, 623.83, 1876082, 41
3520, 17, 45, 104, 27, 0, 45.05%, 0, 0, 6, 625.26, 1879176, 41
3525, 18, 55, 104, 27, 0, 45.05%, 0, 0, 6, 591.93, 1882152, 41
3531, 18, 56, 104, 27, 0, 45.05%, 0, 0, 6, 598.45, 1885289, 41
3536, 18, 41, 104, 27, 0, 45.05%, 0, 0, 6, 606.51, 1888329, 41
3541, 18, 45, 104, 27, 0, 45.05%, 0, 0, 6, 578.63, 1891280, 41
3546, 18, 45, 104, 27, 0, 45.05%, 0, 0, 6, 569.77, 1894196, 41
3551, 18, 45, 104, 27, 0, 45.05%, 0, 0, 6, 580.53, 1897180, 41
3556, 18, 45, 104, 27, 0, 45.05%, 0, 0, 6, 569.78, 1900182, 41
3561, 18, 45, 104, 27, 0, 45.05%, 0, 0, 6, 603.06, 1903176, 41
3566, 18, 86, 104, 27, 0, 45.05%, 0, 0, 6, 583.22, 1906114, 41
3571, 18, 45, 104, 26, 0, 45.05%, 0, 0, 6, 609.83, 1909330, 41
3576, 18, 45, 104, 26, 0, 45.05%, 0, 0, 6, 567.71, 1912223, 41
3581, 18, 48, 104, 26, 0, 45.05%, 0, 0, 6, 578.10, 1915225, 41
3587, 18, 45, 104, 26, 0, 45.05%, 0, 0, 6, 560.55, 1918091, 41
3592, 18, 45, 104, 26, 0, 45.05%, 0, 0, 6, 554.83, 1920924, 41
3597, 18, 45, 104, 26, 0, 45.05%, 0, 0, 6, 593.51, 1924004, 41
3602, 18, 45, 104, 26, 0, 45.05%, 0, 0, 6, 572.75, 1926938, 41
3607, 18, 45, 104, 26, 0, 45.05%, 0, 0, 6, 566.38, 1929850, 41
3612, 18, 48, 104, 26, 0, 45.05%, 0, 0, 6, 576.97, 1932774, 41
3617, 18, 45, 104, 26, 0, 45.05%, 0, 0, 6, 575.22, 1935690, 41
3622, 18, 45, 104, 26, 0, 45.05%, 0, 0, 6, 579.47, 1938628, 41
3627, 18, 56, 104, 26, 0, 45.05%, 0, 0, 6, 586.55, 1941593, 41
3632, 18, 103, 104, 26, 0, 45.05%, 0, 0, 6, 579.49, 1944629, 41
3637, 18, 103, 104, 26, 0, 45.05%, 0, 0, 6, 543.91, 1947207, 41
3642, 18, 41, 104, 25, 0, 45.05%, 0, 0, 6, 603.98, 1950373, 41
3648, 18, 56, 104, 25, 0, 45.05%, 0, 0, 6, 593.36, 1953384, 41
3653, 18, 45, 104, 25, 0, 45.05%, 0, 0, 6, 596.36, 1956496, 41
3658, 18, 45, 104, 25, 0, 45.05%, 0, 0, 6, 621.47, 1959622, 41
3663, 18, 45, 104, 25, 0, 45.05%, 0, 0, 6, 597.56, 1962612, 41
3668, 18, 55, 104, 25, 0, 45.05%, 0, 0, 6, 603.26, 1965698, 41
3673, 18, 45, 104, 25, 0, 45.05%, 0, 0, 6, 603.96, 1968624, 41
3678, 18, 56, 104, 25, 0, 45.05%, 0, 0, 6, 584.79, 1971583, 41
3683, 18, 45, 104, 25, 0, 45.05%, 0, 0, 6, 586.48, 1974607, 41
3688, 18, 48, 104, 25, 0, 45.05%, 0, 0, 6, 555.59, 1977394, 41
3693, 19, 45, 104, 25, 0, 45.05%, 0, 0, 6, 590.73, 1980383, 41
3698, 19, 48, 104, 25, 0, 45.05%, 0, 0, 6, 613.47, 1983521, 41
3703, 19, 55, 104, 25, 0, 45.05%, 0, 0, 6, 604.99, 1986565, 41
3709, 19, 56, 104, 25, 0, 45.05%, 0, 0, 6, 606.62, 1989602, 41
3714, 19, 55, 104, 25, 0, 45.05%, 0, 0, 6, 589.73, 1992584, 41
3719, 19, 45, 104, 25, 0, 45.05%, 0, 0, 6, 613.85, 1995644, 41
3724, 19, 55, 104, 25, 0, 45.05%, 0, 0, 6, 593.18, 1998587, 41
3729, 19, 55, 104, 25, 0, 45.05%, 0, 0, 6, 591.57, 2001469, 41
3734, 19, 45, 104, 25, 0, 45.05%, 0, 0, 6, 619.71, 2004578, 41
3739, 19, 45, 104, 25, 0, 45.05%, 0, 0, 6, 617.57, 2007623, 41
3744, 19, 45, 104, 25, 0, 45.05%, 0, 0, 6, 597.61, 2010623, 41
3749, 19, 55, 104, 25, 0, 45.05%, 0, 0, 6, 595.66, 2013607, 41
3754, 19, 45, 104, 25, 0, 45.05%, 0, 0, 6, 616.52, 2016749, 41
3759, 19, 45, 104, 25, 0, 45.05%, 0, 0, 6, 612.49, 2019904, 41
3764, 19, 45, 104, 25, 0, 45.05%, 0, 0, 6, 555.71, 2022675, 41
3769, 19, 45, 104, 25, 0, 45.05%, 0, 0, 6, 574.52, 2025502, 41
3774, 19, 45, 104, 25, 0, 45.05%, 0, 0, 6, 566.93, 2028418, 41
3779, 19, 56, 104, 25, 0, 45.05%, 0, 0, 6, 614.93, 2031540, 41
3784, 19, 45, 104, 25, 0, 45.05%, 0, 0, 6, 631.71, 2034664, 41
3790, 19, 45, 104, 25, 0, 45.05%, 0, 0, 6, 603.09, 2037695, 41
3795, 19, 45, 104, 25, 0, 45.05%, 0, 0, 6, 583.27, 2040622, 41
3800, 19, 45, 104, 25, 0, 45.05%, 0, 0, 6, 590.19, 2043626, 41
3805, 19, 45, 104, 25, 0, 45.05%, 0, 0, 6, 609.61, 2046716, 41
3810, 19, 56, 104, 25, 0, 45.05%, 0, 0, 6, 616.11, 2049801, 41
3815, 19, 45, 104, 25, 0, 45.05%, 0, 0, 6, 613.78, 2052915, 41
3820, 19, 45, 104, 25, 0, 45.05%, 0, 0, 6, 583.93, 2055843, 41
3825, 19, 56, 104, 25, 0, 45.05%, 0, 0, 6, 601.64, 2058857, 41
3830, 19, 45, 104, 25, 0, 45.05%, 0, 0, 6, 616.04, 2061954, 41
3835, 19, 45, 104, 25, 0, 45.05%, 0, 0, 6, 584.81, 2064967, 41
3840, 19, 58, 104, 25, 0, 45.05%, 0, 0, 6, 604.67, 2068180, 41
3846, 19, 45, 104, 25, 0, 45.05%, 0, 0, 6, 594.89, 2071198, 41
3851, 19, 45, 104, 25, 0, 45.05%, 0, 0, 6, 594.11, 2074288, 41
3856, 19, 81, 104, 25, 0, 45.05%, 0, 0, 6, 596.96, 2077248, 41
3861, 20, 45, 104, 24, 0, 45.05%, 0, 0, 6, 583.27, 2080191, 41
3866, 20, 45, 104, 24, 0, 45.05%, 0, 0, 6, 587.83, 2083173, 41
3871, 20, 45, 104, 24, 0, 45.05%, 0, 0, 6, 588.22, 2086158, 41
3876, 20, 45, 104, 24, 0, 45.05%, 0, 0, 6, 564.36, 2088999, 41
3881, 20, 58, 104, 24, 0, 45.05%, 0, 0, 6, 607.02, 2092153, 41
3886, 20, 58, 104, 24, 0, 45.05%, 0, 0, 6, 583.78, 2095048, 41
3891, 20, 59, 104, 24, 0, 45.05%, 0, 0, 6, 602.84, 2098137, 41
3896, 20, 58, 104, 24, 0, 45.05%, 0, 0, 6, 591.80, 2101042, 41
3902, 20, 45, 104, 24, 0, 45.05%, 0, 0, 6, 562.33, 2103883, 41
3907, 20, 45, 104, 24, 0, 45.05%, 0, 0, 6, 539.09, 2106648, 41
3912, 20, 45, 104, 24, 0, 45.05%, 0, 0, 6, 588.96, 2109687, 41
3917, 20, 40, 104, 24, 0, 45.05%, 0, 0, 6, 665.13, 2112743, 41
3922, 20, 45, 104, 24, 0, 45.05%, 0, 0, 6, 590.81, 2115670, 41
3927, 20, 56, 104, 24, 0, 45.05%, 0, 0, 6, 562.68, 2118480, 41
3932, 20, 55, 104, 24, 0, 45.05%, 0, 0, 6, 570.77, 2121438, 41
3937, 20, 48, 104, 24, 0, 45.05%, 0, 0, 6, 590.61, 2124537, 41
3942, 20, 45, 104, 24, 0, 45.05%, 0, 0, 6, 573.51, 2127491, 41
3947, 20, 45, 104, 24, 0, 45.05%, 0, 0, 6, 588.66, 2130582, 41
3952, 20, 55, 104, 24, 0, 45.05%, 0, 0, 6, 582.49, 2133585, 41
3958, 20, 48, 104, 24, 0, 45.05%, 0, 0, 6, 596.94, 2136599, 41
3963, 20, 45, 104, 24, 0, 45.05%, 0, 0, 6, 602.91, 2139629, 41
3968, 20, 58, 104, 24, 0, 45.05%, 0, 0, 6, 587.68, 2142561, 41
3973, 20, 58, 104, 24, 0, 45.05%, 0, 0, 6, 597.72, 2145553, 41
3978, 20, 45, 104, 24, 0, 45.05%, 0, 0, 6, 605.01, 2148643, 41
3983, 20, 45, 104, 24, 0, 45.05%, 0, 0, 6, 618.40, 2151718, 41
3988, 20, 45, 104, 24, 0, 45.05%, 0, 0, 6, 601.54, 2154709, 41
3993, 20, 45, 104, 24, 0, 45.05%, 0, 0, 6, 601.92, 2157756, 41
3998, 20, 45, 104, 24, 0, 45.05%, 0, 0, 6, 573.40, 2160656, 41
4003, 20, 41, 104, 24, 0, 45.05%, 0, 0, 6, 572.87, 2163651, 41
4008, 20, 45, 104, 24, 0, 45.05%, 0, 0, 6, 595.29, 2166694, 41
4014, 20, 45, 104, 24, 0, 45.05%, 0, 0, 6, 632.66, 2170036, 41
4019, 20, 55, 104, 24, 0, 45.05%, 0, 0, 6, 615.56, 2173030, 41
4024, 20, 45, 104, 24, 0, 45.05%, 0, 0, 6, 625.89, 2176135, 41
4029, 21, 45, 104, 24, 0, 45.05%, 0, 0, 6, 576.36, 2178933, 41
4034, 21, 45, 104, 24, 0, 45.05%, 0, 0, 6, 588.58, 2182001, 41
4039, 21, 45, 104, 24, 0, 45.05%, 0, 0, 6, 592.90, 2185036, 41
4044, 21, 48, 104, 24, 0, 45.05%, 0, 0, 6, 595.84, 2188049, 41
4049, 21, 96, 104, 24, 0, 45.05%, 0, 0, 6, 605.29, 2191071, 41
4054, 21, 55, 104, 23, 0, 45.05%, 0, 0, 6, 592.29, 2194089, 41
4059, 21, 45, 104, 23, 0, 45.05%, 0, 0, 6, 627.39, 2197277, 41
4064, 21, 45, 104, 23, 0, 45.05%, 0, 0, 6, 616.78, 2200333, 41
4069, 21, 45, 104, 23, 0, 45.05%, 0, 0, 6, 619.65, 2203492, 41
4074, 21, 45, 104, 23, 0, 45.05%, 0, 0, 6, 610.89, 2206594, 41
4080, 21, 45, 104, 23, 0, 45.05%, 0, 0, 6, 576.81, 2209372, 41
4085, 21, 45, 104, 23, 0, 45.05%, 0, 0, 6, 562.50, 2212181, 41
4090, 21, 55, 104, 23, 0, 45.05%, 0, 0, 6, 610.89, 2215289, 41
4095, 21, 45, 104, 23, 0, 45.05%, 0, 0, 6, 584.86, 2218282, 41
4100, 21, 55, 104, 23, 0, 45.05%, 0, 0, 6, 559.56, 2221043, 41
4105, 21, 45, 104, 23, 0, 45.05%, 0, 0, 6, 588.39, 2224040, 41
4110, 21, 45, 104, 23, 0, 45.05%, 0, 0, 6, 601.07, 2227023, 41
4115, 21, 45, 104, 23, 0, 45.05%, 0, 0, 6, 618.48, 2230136, 41
4120, 21, 45, 104, 23, 0, 45.05%, 0, 0, 6, 624.33, 2233278, 41
4125, 21, 45, 104, 23, 0, 45.05%, 0, 0, 6, 579.35, 2236111, 41
4130, 21, 59, 104, 23, 0, 45.05%, 0, 0, 6, 581.49, 2239003, 41
4135, 21, 45, 104, 23, 0, 45.05%, 0, 0, 6, 569.00, 2241867, 41
4140, 21, 55, 104, 23, 0, 45.05%, 0, 0, 6, 586.00, 2244794, 41
4145, 21, 45, 104, 23, 0, 45.05%, 0, 0, 6, 596.28, 2247827, 41
4150, 21, 55, 104, 23, 0, 45.05%, 0, 0, 6, 592.43, 2250777, 41
4156, 21, 45, 104, 23, 0, 45.05%, 0, 0, 6, 573.58, 2253704, 41
4161, 21, 56, 104, 22, 0, 45.05%, 0, 0, 6, 588.04, 2256712, 41
4166, 21, 45, 104, 22, 0, 45.05%, 0, 0, 6, 589.55, 2259703, 41
4171, 21, 45, 104, 22, 0, 45.05%, 0, 0, 6, 570.20, 2262360, 41
4176, 21, 55, 104, 22, 0, 45.05%, 0, 0, 6, 580.25, 2265405, 41
4181, 21, 55, 104, 22, 0, 45.05%, 0, 0, 6, 660.00, 2268249, 41
4186, 21, 55, 104, 22, 0, 45.05%, 0, 0, 6, 611.54, 2271303, 41
4191, 21, 58, 104, 22, 0, 45.05%, 0, 0, 6, 628.99, 2274649, 41
4196, 21, 45, 104, 22, 0, 45.05%, 0, 0, 6, 618.51, 2277703, 41
4201, 22, 45, 104, 22, 0, 45.05%, 0, 0, 6, 573.84, 2280570, 41
4206, 22, 56, 104, 22, 0, 45.05%, 0, 0, 6, 599.61, 2283713, 41
4211, 22, 45, 104, 22, 0, 45.05%, 0, 0, 6, 606.73, 2286812, 41
4216, 22, 58, 104, 22, 0, 45.05%, 0, 0, 6, 618.26, 2289894, 41
4221, 22, 48, 104, 22, 0, 45.05%, 0, 0, 6, 566.45, 2292733, 41
4226, 22, 59, 104, 22, 0, 45.05%, 0, 0, 6, 583.05, 2295671, 41
4231, 22, 45, 104, 22, 0, 45.05%, 0, 0, 6, 601.15, 2298693, 41
4237, 22, 101, 104, 22, 0, 45.05%, 0, 0, 6, 543.72, 2301527, 41
4242, 22, 45, 104, 21, 0, 45.05%, 0, 0, 6, 576.59, 2304427, 41
4247, 22, 45, 104, 21, 0, 45.05%, 0, 0, 6, 584.80, 2307417, 41
4252, 22, 45, 104, 21, 0, 45.05%, 0, 0, 6, 578.72, 2310344, 41
4257, 22, 45, 104, 21, 0, 45.05%, 0, 0, 6, 626.97, 2313494, 41
4262, 22, 56, 104, 21, 0, 45.05%, 0, 0, 6, 607.05, 2316507, 41
4267, 22, 45, 104, 21, 0, 45.05%, 0, 0, 6, 616.31, 2319508, 41
4272, 22, 58, 104, 21, 0, 45.05%, 0, 0, 6, 620.05, 2322607, 41
4277, 22, 45, 104, 21, 0, 45.05%, 0, 0, 6, 599.70, 2325608, 41
4282, 22, 45, 104, 21, 0, 45.05%, 0, 0, 6, 591.82, 2328663, 41
4287, 22, 45, 104, 21, 0, 45.05%, 0, 0, 6, 558.27, 2331467, 41
4292, 22, 45, 104, 21, 0, 45.05%, 0, 0, 6, 580.53, 2334364, 41
4297, 22, 45, 104, 21, 0, 45.05%, 0, 0, 6, 586.86, 2337355, 41
4302, 22, 45, 104, 21, 0, 45.05%, 0, 0, 6, 679.64, 2340198, 41
4307, 22, 58, 104, 21, 0, 45.05%, 0, 0, 6, 609.20, 2343234, 41
4312, 22, 45, 104, 21, 0, 45.05%, 0, 0, 6, 809.01, 2347388, 41
4317, 22, 40, 104, 21, 0, 45.05%, 0, 0, 6, 868.85, 2351811, 41
4322, 22, 45, 104, 21, 0, 45.05%, 0, 0, 6, 871.32, 2356224, 41
4328, 22, 58, 104, 21, 0, 45.05%, 0, 0, 6, 873.03, 2360744, 41
4333, 22, 45, 104, 21, 0, 45.05%, 0, 0, 6, 873.66, 2365083, 41
4338, 22, 45, 104, 21, 0, 45.05%, 0, 0, 6, 884.16, 2369517, 41
4343, 22, 45, 104, 21, 0, 45.05%, 0, 0, 6, 905.94, 2374267, 41
4348, 22, 45, 104, 21, 0, 45.05%, 0, 0, 6, 877.88, 2378662, 41
4353, 23, 59, 104, 21, 0, 45.05%, 0, 0, 6, 861.54, 2383075, 41
4358, 23, 45, 104, 21, 0, 45.05%, 0, 0, 6, 869.56, 2387460, 41
4363, 23, 45, 104, 21, 0, 45.05%, 0, 0, 6, 877.83, 2391838, 41
4368, 23, 45, 104, 21, 0, 45.05%, 0, 0, 6, 872.27, 2396313, 41
4373, 23, 45, 104, 21, 0, 45.05%, 0, 0, 6, 892.22, 2400817, 41
4378, 23, 45, 104, 21, 0, 45.05%, 0, 0, 6, 861.28, 2405105, 41
4384, 23, 45, 104, 21, 0, 45.05%, 0, 0, 6, 888.48, 2409736, 41
4389, 23, 45, 104, 21, 0, 45.05%, 0, 0, 6, 858.98, 2414168, 41
4394, 23, 58, 104, 21, 0, 45.05%, 0, 0, 6, 861.59, 2418664, 41
4398, 23, 55, 104, 21, 0, 45.05%, 1, 0, 6, 0.00, 2421359, 41
