# relative_time, cycles_done, cur_item, corpus_count, pending_total, pending_favs, map_size, saved_crashes, saved_hangs, max_depth, execs_per_sec, total_execs, edges_found
72, 0, 0, 26, 26, 1, 43.01%, 0, 1, 2, 0.71, 1611, 40
77, 0, 0, 26, 26, 1, 43.01%, 0, 1, 2, 440.00, 1702, 40
88, 0, 0, 26, 26, 1, 43.01%, 0, 1, 2, 2.72, 2817, 40
121, 0, 0, 26, 26, 1, 43.01%, 0, 1, 2, 0.03, 2818, 40
126, 0, 0, 27, 27, 1, 43.01%, 0, 1, 2, 331.49, 3542, 40
175, 0, 0, 27, 27, 1, 43.01%, 0, 1, 2, 1.06, 4658, 40
175, 0, 0, 27, 27, 1, 43.01%, 0, 1, 2, 0.18, 4659, 40
180, 0, 0, 29, 29, 1, 44.09%, 0, 1, 2, 344.61, 6382, 41
221, 0, 0, 29, 29, 1, 44.09%, 0, 1, 2, 1.33, 6670, 41
263, 0, 0, 30, 30, 1, 44.09%, 0, 1, 2, 0.05, 7603, 41
268, 0, 0, 32, 32, 1, 45.16%, 0, 1, 2, 366.83, 9520, 42
305, 0, 0, 32, 32, 1, 45.16%, 0, 1, 2, 0.22, 9585, 42
345, 0, 22, 32, 28, 5, 45.16%, 0, 1, 2, 1.64, 10843, 42
350, 0, 31, 44, 38, 4, 46.24%, 0, 1, 3, 339.33, 12548, 43
383, 0, 31, 44, 38, 4, 46.24%, 0, 1, 3, 0.93, 12812, 43
419, 0, 31, 46, 40, 4, 46.24%, 0, 1, 3, 0.64, 13703, 43
454, 0, 28, 48, 38, 2, 46.24%, 0, 1, 4, 0.46, 15463, 43
462, 0, 17, 49, 38, 2, 46.24%, 0, 1, 4, 11.78, 16005, 43
486, 0, 17, 49, 38, 2, 46.24%, 0, 1, 4, 0.38, 16014, 43
491, 0, 50, 53, 38, 0, 46.24%, 0, 1, 5, 318.49, 17800, 43
521, 0, 50, 53, 38, 0, 46.24%, 0, 1, 5, 2.21, 18034, 43
526, 0, 53, 58, 42, 0, 46.24%, 0, 1, 5, 368.78, 19991, 43
556, 0, 53, 58, 42, 0, 46.24%, 0, 1, 5, 0.72, 20250, 43
591, 0, 53, 59, 43, 0, 46.24%, 0, 1, 5, 1.75, 21167, 43
596, 0, 58, 62, 44, 0, 46.24%, 0, 1, 5, 369.87, 23046, 43
624, 0, 58, 62, 44, 0, 46.24%, 0, 1, 5, 2.73, 23375, 43
655, 0, 49, 62, 43, 0, 46.24%, 0, 1, 5, 2.51, 24939, 43
664, 0, 61, 63, 44, 0, 46.24%, 0, 1, 5, 5.72, 26250, 43
679, 0, 61, 63, 44, 0, 46.24%, 0, 1, 5, 0.46, 26257, 43
712, 0, 61, 64, 44, 0, 46.24%, 0, 1, 6, 2.90, 27850, 43
717, 0, 54, 65, 45, 0, 46.24%, 0, 1, 6, 407.13, 29898, 43
739, 0, 61, 65, 45, 0, 46.24%, 0, 1, 6, 2.66, 30090, 43
747, 0, 65, 66, 46, 1, 47.31%, 0, 1, 6, 11.55, 31090, 44
761, 0, 65, 66, 46, 1, 47.31%, 0, 1, 6, 0.51, 31097, 44
787, 0, 63, 67, 46, 0, 47.31%, 0, 1, 7, 1.60, 32963, 44
792, 0, 61, 69, 47, 0, 47.31%, 0, 1, 7, 423.55, 35056, 44
815, 0, 65, 69, 47, 0, 47.31%, 0, 1, 7, 1.40, 35284, 44
836, 0, 61, 69, 47, 0, 47.31%, 0, 1, 7, 1.94, 36753, 44
841, 0, 61, 71, 49, 0, 47.31%, 0, 1, 7, 495.53, 39203, 44
862, 0, 43, 71, 49, 0, 47.31%, 0, 1, 7, 0.47, 39411, 44
891, 0, 43, 71, 48, 0, 47.31%, 0, 1, 7, 1.13, 41839, 44
896, 1, 61, 73, 50, 0, 47.31%, 0, 1, 7, 452.27, 44058, 44
915, 1, 49, 73, 50, 0, 47.31%, 0, 1, 7, 5.31, 44542, 44
932, 1, 74, 78, 55, 0, 47.31%, 0, 1, 7, 1.40, 46187, 44
945, 1, 71, 79, 54, 0, 47.31%, 0, 1, 7, 2.85, 47710, 44
953, 1, 71, 79, 54, 0, 47.31%, 0, 1, 7, 3.05, 47728, 44
958, 1, 53, 79, 52, 0, 47.31%, 0, 1, 7, 487.16, 50229, 44
968, 1, 30, 79, 52, 0, 47.31%, 0, 1, 7, 4.79, 50718, 44
970, 1, 53, 80, 52, 0, 47.31%, 1, 1, 8, 81.25, 51872, 44
