# relative_time, cycles_done, cur_item, corpus_count, pending_total, pending_favs, map_size, saved_crashes, saved_hangs, max_depth, execs_per_sec, total_execs, edges_found
73, 0, 1, 10, 8, 0, 17.48%, 0, 0, 3, 0.04, 1645, 18
78, 0, 1, 10, 8, 0, 17.48%, 0, 0, 3, 360.00, 1721, 18
121, 0, 1, 10, 8, 0, 17.48%, 0, 0, 3, 1.55, 3444, 18
127, 0, 1, 10, 8, 0, 17.48%, 0, 0, 3, 657.69, 4880, 18
175, 0, 10, 13, 9, 0, 18.45%, 0, 0, 4, 2.92, 6984, 19
180, 0, 10, 16, 12, 0, 19.42%, 0, 0, 4, 627.43, 10137, 20
221, 0, 10, 16, 12, 0, 19.42%, 0, 0, 4, 2.07, 10653, 20
263, 0, 10, 21, 17, 0, 23.30%, 0, 0, 4, 0.08, 12359, 24
268, 0, 18, 30, 23, 1, 28.16%, 0, 0, 5, 679.79, 15762, 29
306, 0, 18, 30, 23, 1, 28.16%, 0, 0, 5, 0.35, 16009, 29
345, 0, 18, 31, 24, 1, 28.16%, 0, 0, 5, 2.49, 18356, 29
350, 0, 27, 36, 26, 2, 28.16%, 0, 0, 6, 625.78, 21466, 29
383, 0, 29, 37, 26, 1, 28.16%, 0, 0, 6, 2.63, 21984, 29
419, 0, 15, 39, 26, 0, 29.13%, 0, 0, 6, 0.79, 23641, 30
427, 0, 22, 42, 28, 0, 29.13%, 0, 0, 6, 32.30, 26899, 30
454, 0, 22, 42, 28, 0, 29.13%, 0, 0, 6, 0.04, 26900, 30
486, 0, 29, 44, 30, 0, 29.13%, 0, 0, 6, 4.49, 27924, 30
491, 0, 28, 47, 33, 0, 30.10%, 0, 0, 6, 656.07, 31294, 31
521, 0, 28, 47, 33, 0, 30.10%, 0, 0, 6, 0.44, 31736, 31
527, 0, 28, 47, 33, 0, 30.10%, 0, 0, 6, 644.23, 35140, 31
556, 0, 28, 47, 33, 0, 30.10%, 0, 0, 6, 1.71, 35595, 31
591, 0, 38, 48, 33, 0, 30.10%, 0, 0, 6, 3.37, 37189, 31
596, 0, 29, 51, 36, 0, 30.10%, 0, 0, 6, 646.81, 40469, 31
625, 0, 29, 51, 36, 0, 30.10%, 0, 0, 6, 4.46, 41006, 31
656, 0, 28, 53, 37, 0, 31.07%, 0, 0, 7, 4.13, 43776, 32
664, 0, 52, 56, 40, 0, 35.92%, 0, 0, 8, 7.76, 46032, 37
679, 0, 52, 56, 40, 0, 35.92%, 0, 0, 8, 1.18, 46050, 37
712, 0, 52, 60, 44, 0, 39.81%, 0, 0, 8, 3.43, 48818, 41
717, 0, 52, 61, 45, 0, 41.75%, 0, 0, 8, 704.11, 52471, 43
739, 0, 57, 61, 44, 6, 41.75%, 0, 0, 8, 1.80, 52790, 43
747, 0, 55, 62, 42, 4, 44.66%, 0, 0, 9, 22.87, 54603, 46
761, 0, 55, 62, 42, 4, 44.66%, 0, 0, 9, 0.58, 54611, 46
787, 0, 60, 64, 39, 0, 45.63%, 0, 0, 9, 6.74, 57915, 47
793, 0, 59, 68, 43, 0, 48.54%, 0, 0, 9, 734.72, 61677, 50
816, 0, 59, 68, 43, 0, 48.54%, 0, 0, 9, 2.45, 61901, 50
836, 0, 59, 68, 43, 0, 48.54%, 0, 0, 9, 0.88, 64374, 50
841, 0, 65, 68, 40, 0, 48.54%, 0, 0, 9, 772.23, 68271, 50
863, 0, 60, 69, 41, 0, 48.54%, 0, 0, 10, 4.21, 68689, 50
891, 0, 56, 69, 41, 0, 48.54%, 0, 0, 10, 1.26, 72654, 50
896, 0, 54, 70, 42, 0, 48.54%, 0, 0, 10, 791.24, 76567, 50
915, 0, 1, 70, 42, 0, 48.54%, 0, 0, 10, 8.84, 77383, 50
918, 0, 70, 72, 43, 0, 52.43%, 1, 0, 10, 0.00, 79937, 54
