# relative_time, cycles_done, cur_item, corpus_count, pending_total, pending_favs, map_size, saved_crashes, saved_hangs, max_depth, execs_per_sec, total_execs, edges_found
73, 0, 1, 9, 7, 0, 29.03%, 0, 0, 3, 0.04, 1719, 18
78, 0, 1, 9, 7, 0, 29.03%, 0, 0, 3, 285.00, 1780, 18
89, 0, 1, 9, 7, 0, 29.03%, 0, 0, 3, 5.38, 3197, 18
122, 0, 1, 9, 7, 0, 29.03%, 0, 0, 3, 0.09, 3200, 18
127, 0, 1, 9, 7, 0, 29.03%, 0, 0, 3, 504.09, 4249, 18
170, 0, 1, 9, 7, 0, 29.03%, 0, 0, 3, 2.04, 5867, 18
175, 0, 1, 9, 7, 0, 29.03%, 0, 0, 3, 1.95, 5870, 18
180, 0, 6, 13, 10, 1, 32.26%, 0, 0, 4, 500.71, 8344, 20
222, 0, 6, 13, 10, 1, 32.26%, 0, 0, 4, 2.22, 8792, 20
263, 0, 12, 17, 12, 1, 35.48%, 0, 0, 5, 0.85, 10255, 22
268, 0, 12, 19, 14, 1, 35.48%, 0, 0, 5, 595.84, 13283, 22
306, 0, 12, 19, 14, 1, 35.48%, 0, 0, 5, 0.30, 13459, 22
346, 0, 12, 19, 14, 1, 35.48%, 0, 0, 5, 1.21, 15516, 22
351, 0, 12, 19, 14, 1, 35.48%, 0, 0, 5, 547.34, 18269, 22
384, 0, 12, 19, 14, 1, 35.48%, 0, 0, 5, 1.36, 18673, 22
419, 0, 12, 19, 14, 1, 35.48%, 0, 0, 5, 1.34, 20114, 22
455, 0, 16, 19, 12, 1, 35.48%, 0, 0, 5, 3.80, 22907, 22
486, 0, 16, 20, 13, 1, 35.48%, 0, 0, 6, 4.16, 23810, 22
491, 0, 10, 20, 12, 0, 35.48%, 0, 0, 6, 551.40, 26668, 22
522, 0, 10, 20, 12, 0, 35.48%, 0, 0, 6, 3.91, 27031, 22
527, 0, 15, 22, 14, 0, 35.48%, 0, 0, 6, 552.61, 29912, 22
557, 0, 15, 23, 15, 0, 35.48%, 0, 0, 6, 3.17, 30337, 22
591, 0, 15, 23, 15, 0, 35.48%, 0, 0, 6, 1.87, 31700, 22
596, 0, 10, 23, 15, 0, 35.48%, 0, 0, 6, 560.73, 34528, 22
625, 0, 10, 24, 16, 0, 40.32%, 0, 0, 6, 2.73, 34921, 25
656, 0, 23, 29, 20, 0, 41.94%, 0, 0, 6, 3.99, 37345, 26
664, 0, 23, 31, 22, 0, 45.16%, 0, 0, 6, 6.66, 39375, 28
680, 0, 23, 31, 22, 0, 45.16%, 0, 0, 6, 0.98, 39390, 28
712, 0, 23, 32, 23, 0, 45.16%, 0, 0, 6, 4.09, 41950, 28
717, 0, 23, 33, 24, 0, 45.16%, 0, 0, 6, 679.96, 45507, 28
740, 0, 23, 33, 24, 0, 45.16%, 0, 0, 6, 3.90, 45773, 28
746, 0, 23, 34, 25, 0, 46.77%, 0, 0, 6, 29.70, 47585, 29
761, 0, 23, 34, 25, 0, 46.77%, 0, 0, 6, 0.67, 47597, 29
788, 0, 29, 35, 24, 2, 46.77%, 0, 0, 6, 6.69, 50852, 29
793, 0, 10, 39, 26, 0, 46.77%, 0, 0, 7, 702.14, 54288, 29
801, 0, 10, 39, 26, 0, 46.77%, 0, 0, 7, 8.82, 54668, 29
816, 0, 10, 39, 26, 0, 46.77%, 0, 0, 7, 0.20, 54671, 29
836, 0, 10, 42, 29, 0, 46.77%, 0, 0, 7, 1.64, 57120, 29
841, 0, 33, 46, 33, 0, 46.77%, 0, 0, 7, 770.26, 60932, 29
863, 0, 33, 46, 33, 0, 46.77%, 0, 0, 7, 2.81, 61322, 29
865, 0, 33, 46, 33, 0, 46.77%, 1, 0, 7, 0.00, 62388, 29
