# relative_time, cycles_done, cur_item, corpus_count, pending_total, pending_favs, map_size, saved_crashes, saved_hangs, max_depth, execs_per_sec, total_execs, edges_found
67, 0, 1, 9, 7, 0, 17.48%, 0, 0, 3, 0.18, 2045, 18
73, 0, 1, 9, 7, 0, 17.48%, 0, 0, 3, 149.41, 2829, 18
93, 0, 1, 9, 7, 0, 17.48%, 0, 0, 3, 1.75, 3141, 18
98, 0, 5, 10, 7, 0, 17.48%, 0, 0, 4, 154.30, 3956, 18
119, 0, 5, 11, 8, 0, 17.48%, 0, 0, 4, 0.49, 4263, 18
124, 0, 5, 14, 11, 0, 19.42%, 0, 0, 4, 155.00, 5046, 20
136, 0, 13, 15, 11, 1, 20.39%, 0, 0, 5, 0.76, 5186, 21
153, 0, 13, 16, 10, 0, 21.36%, 0, 0, 5, 2.27, 5889, 22
158, 0, 13, 16, 10, 0, 21.36%, 0, 0, 5, 155.44, 6681, 22
174, 0, 16, 17, 10, 1, 24.27%, 0, 0, 5, 0.44, 7073, 25
179, 0, 15, 20, 11, 0, 26.21%, 0, 0, 6, 154.04, 7855, 27
188, 0, 15, 20, 11, 0, 26.21%, 0, 0, 6, 3.53, 8272, 27
196, 0, 15, 20, 11, 0, 26.21%, 0, 0, 6, 3.36, 8279, 27
201, 0, 15, 21, 12, 0, 26.21%, 0, 0, 6, 155.23, 9062, 27
210, 0, 17, 22, 12, 0, 26.21%, 0, 0, 7, 0.44, 9430, 27
224, 0, 17, 25, 15, 0, 26.21%, 0, 0, 7, 3.70, 10117, 27
229, 0, 17, 26, 16, 0, 26.21%, 0, 0, 7, 175.09, 11021, 27
237, 0, 17, 26, 16, 0, 26.21%, 0, 0, 7, 1.61, 11474, 27
247, 0, 17, 27, 17, 0, 26.21%, 0, 0, 7, 1.07, 12351, 27
253, 0, 17, 27, 17, 0, 26.21%, 0, 0, 7, 173.48, 12891, 27
261, 0, 17, 28, 18, 0, 26.21%, 0, 0, 7, 7.37, 13690, 27
267, 0, 16, 30, 20, 0, 27.18%, 0, 0, 7, 175.79, 14613, 28
277, 0, 16, 30, 20, 0, 27.18%, 0, 0, 7, 4.09, 15219, 28
282, 0, 12, 30, 19, 0, 27.18%, 0, 0, 7, 178.13, 16140, 28
297, 0, 12, 30, 19, 0, 27.18%, 0, 0, 7, 2.06, 16812, 28
302, 0, 12, 31, 20, 0, 27.18%, 0, 0, 7, 176.90, 17730, 28
308, 0, 13, 31, 20, 0, 27.18%, 0, 0, 7, 12.35, 18436, 28
313, 0, 28, 34, 23, 0, 27.18%, 0, 0, 7, 176.24, 19355, 28
321, 0, 28, 36, 25, 0, 28.16%, 0, 0, 7, 0.55, 19741, 29
326, 0, 28, 38, 27, 0, 28.16%, 0, 0, 7, 166.09, 20586, 29
331, 0, 28, 41, 30, 0, 28.16%, 0, 0, 7, 175.14, 21498, 29
336, 0, 28, 41, 30, 0, 28.16%, 0, 0, 7, 174.70, 22404, 29
342, 0, 28, 41, 30, 0, 28.16%, 0, 0, 7, 6.75, 22944, 29
347, 0, 28, 41, 30, 0, 28.16%, 0, 0, 7, 173.60, 23796, 29
352, 0, 28, 42, 31, 0, 28.16%, 0, 0, 7, 165.24, 24358, 29
357, 0, 35, 42, 30, 0, 28.16%, 0, 0, 7, 174.52, 25264, 29
363, 0, 35, 44, 32, 0, 28.16%, 0, 0, 8, 173.01, 26159, 29
368, 0, 15, 44, 32, 0, 28.16%, 0, 0, 8, 173.48, 27064, 29
373, 0, 14, 45, 33, 0, 28.16%, 0, 0, 8, 170.06, 27918, 29
381, 0, 19, 47, 35, 0, 28.16%, 0, 0, 8, 7.98, 28731, 29
387, 0, 35, 48, 36, 0, 28.16%, 0, 0, 8, 174.08, 29628, 29
392, 0, 35, 49, 37, 0, 28.16%, 0, 0, 8, 173.11, 30498, 29
397, 0, 15, 49, 37, 0, 28.16%, 0, 0, 8, 174.55, 31396, 29
402, 0, 38, 49, 37, 0, 28.16%, 0, 0, 8, 171.40, 32276, 29
408, 1, 15, 49, 36, 0, 28.16%, 0, 0, 8, 11.61, 32879, 29
413, 1, 19, 49, 36, 0, 28.16%, 0, 0, 8, 170.39, 33770, 29
419, 1, 20, 49, 36, 0, 28.16%, 0, 0, 8, 171.58, 34672, 29
424, 1, 35, 49, 35, 0, 28.16%, 0, 0, 8, 173.01, 35581, 29
429, 1, 12, 49, 35, 0, 28.16%, 0, 0, 8, 170.26, 36466, 29
435, 1, 14, 49, 35, 0, 28.16%, 0, 0, 8, 4.29, 37132, 29
440, 1, 15, 50, 35, 0, 28.16%, 0, 0, 8, 170.17, 38020, 29
445, 1, 12, 50, 35, 0, 28.16%, 0, 0, 8, 172.78, 38889, 29
450, 1, 12, 50, 35, 0, 28.16%, 0, 0, 8, 173.76, 39795, 29
455, 1, 19, 50, 35, 0, 28.16%, 0, 0, 8, 190.19, 40753, 29
462, 1, 12, 50, 35, 0, 28.16%, 0, 0, 8, 1.46, 41406, 29
468, 1, 15, 50, 35, 0, 28.16%, 0, 0, 8, 195.75, 42434, 29
473, 1, 14, 50, 35, 0, 28.16%, 0, 0, 8, 201.59, 43440, 29
478, 1, 12, 50, 35, 0, 28.16%, 0, 0, 8, 199.08, 44425, 29
483, 2, 35, 51, 35, 0, 28.16%, 0, 0, 8, 199.28, 45439, 29
488, 2, 51, 53, 36, 0, 29.13%, 0, 0, 9, 192.29, 46381, 30
493, 2, 51, 55, 38, 0, 31.07%, 0, 0, 9, 198.43, 47411, 32
498, 2, 51, 57, 40, 0, 31.07%, 0, 0, 9, 197.56, 48441, 32
503, 2, 51, 57, 40, 0, 31.07%, 0, 0, 9, 190.70, 49417, 32
508, 2, 51, 57, 40, 0, 31.07%, 0, 0, 9, 196.62, 50438, 32
514, 2, 51, 57, 40, 0, 31.07%, 0, 0, 9, 196.60, 51467, 32
519, 2, 51, 57, 40, 0, 31.07%, 0, 0, 9, 196.26, 52452, 32
524, 2, 51, 57, 40, 0, 31.07%, 0, 0, 9, 198.65, 53505, 32
529, 2, 53, 57, 39, 1, 31.07%, 0, 0, 9, 196.78, 54494, 32
534, 2, 55, 58, 39, 0, 31.07%, 0, 0, 10, 195.13, 55482, 32
539, 2, 55, 60, 41, 0, 32.04%, 0, 0, 10, 194.68, 56501, 33
544, 2, 55, 60, 41, 0, 32.04%, 0, 0, 10, 194.99, 57515, 33
549, 2, 14, 60, 39, 0, 32.04%, 0, 0, 10, 222.37, 58662, 33
554, 2, 51, 60, 39, 0, 32.04%, 0, 0, 10, 227.11, 59805, 33
559, 2, 28, 60, 38, 0, 32.04%, 0, 0, 10, 229.88, 60966, 33
564, 2, 54, 61, 39, 0, 32.04%, 0, 0, 10, 224.40, 62099, 33
569, 2, 54, 61, 39, 0, 32.04%, 0, 0, 10, 227.23, 63297, 33
575, 2, 5, 61, 38, 0, 32.04%, 0, 0, 10, 231.46, 64510, 33
580, 2, 54, 61, 38, 0, 32.04%, 0, 0, 10, 231.92, 65672, 33
585, 2, 54, 61, 38, 0, 32.04%, 0, 0, 10, 230.56, 66837, 33
590, 2, 13, 61, 38, 0, 32.04%, 0, 0, 10, 236.84, 68083, 33
595, 2, 59, 64, 41, 0, 33.98%, 0, 0, 11, 231.88, 69294, 35
600, 2, 59, 65, 42, 0, 33.98%, 0, 0, 11, 233.61, 70477, 35
605, 2, 59, 66, 43, 0, 33.98%, 0, 0, 11, 214.52, 71552, 35
610, 2, 59, 68, 45, 0, 38.83%, 0, 0, 11, 221.90, 72674, 40
615, 2, 62, 70, 46, 4, 39.81%, 0, 0, 11, 223.44, 73814, 41
620, 2, 67, 73, 48, 4, 42.72%, 0, 0, 12, 228.44, 74974, 44
625, 2, 67, 75, 50, 4, 43.69%, 0, 0, 12, 227.51, 76120, 45
630, 2, 67, 76, 51, 4, 43.69%, 0, 0, 12, 223.70, 77295, 45
636, 2, 67, 76, 51, 4, 43.69%, 0, 0, 12, 229.46, 78415, 45
641, 2, 67, 77, 52, 4, 43.69%, 0, 0, 12, 222.09, 79538, 45
646, 2, 67, 85, 60, 4, 43.69%, 0, 0, 12, 176.07, 80297, 45
651, 2, 63, 88, 61, 4, 43.69%, 0, 0, 12, 212.46, 81449, 45
656, 2, 73, 89, 61, 4, 44.66%, 0, 0, 12, 210.47, 82509, 46
661, 2, 66, 91, 62, 3, 44.66%, 0, 0, 13, 212.15, 83549, 46
666, 2, 70, 91, 61, 2, 44.66%, 0, 0, 13, 214.68, 84679, 46
672, 2, 88, 91, 60, 1, 44.66%, 0, 0, 13, 213.12, 85712, 46
677, 2, 91, 93, 59, 0, 48.54%, 0, 0, 13, 215.69, 86841, 50
677, 2, 91, 93, 59, 0, 48.54%, 1, 0, 13, 0.00, 86930, 50
