# relative_time, cycles_done, cur_item, corpus_count, pending_total, pending_favs, map_size, saved_crashes, saved_hangs, max_depth, execs_per_sec, total_execs, edges_found
67, 0, 1, 10, 8, 0, 31.52%, 0, 0, 3, 0.28, 2039, 29
73, 0, 1, 10, 8, 0, 31.52%, 0, 0, 3, 149.54, 2824, 29
93, 0, 1, 10, 8, 0, 31.52%, 0, 0, 3, 0.06, 3136, 29
99, 0, 1, 10, 8, 0, 31.52%, 0, 0, 3, 154.29, 3954, 29
119, 0, 1, 10, 8, 0, 31.52%, 0, 0, 3, 0.33, 4254, 29
124, 0, 1, 10, 8, 0, 31.52%, 0, 0, 3, 153.55, 5034, 29
136, 0, 1, 10, 8, 0, 31.52%, 0, 0, 3, 0.50, 5172, 29
153, 0, 1, 10, 8, 0, 31.52%, 0, 0, 3, 0.25, 5877, 29
158, 0, 1, 10, 8, 0, 31.52%, 0, 0, 3, 156.75, 6666, 29
174, 0, 1, 11, 9, 0, 31.52%, 0, 0, 3, 0.44, 7061, 29
179, 0, 1, 11, 8, 0, 31.52%, 0, 0, 3, 153.69, 7839, 29
188, 0, 1, 11, 8, 0, 31.52%, 0, 0, 3, 4.51, 8259, 29
196, 0, 1, 11, 8, 0, 31.52%, 0, 0, 3, 0.88, 8266, 29
201, 1, 1, 13, 10, 0, 31.52%, 0, 0, 3, 154.77, 9047, 29
210, 1, 6, 13, 10, 0, 31.52%, 0, 0, 3, 0.73, 9419, 29
224, 1, 11, 15, 11, 0, 33.70%, 0, 0, 4, 0.31, 10106, 31
229, 1, 14, 19, 13, 0, 36.96%, 0, 0, 5, 173.40, 11004, 34
237, 1, 14, 20, 14, 0, 36.96%, 0, 0, 5, 3.34, 11461, 34
247, 1, 14, 20, 14, 0, 36.96%, 0, 0, 5, 0.54, 12325, 34
252, 1, 14, 22, 16, 0, 38.04%, 0, 0, 5, 171.17, 12840, 35
261, 1, 14, 22, 16, 0, 38.04%, 0, 0, 5, 4.11, 13656, 35
266, 1, 14, 24, 18, 0, 39.13%, 0, 0, 5, 176.84, 14540, 36
277, 1, 14, 24, 18, 0, 39.13%, 0, 0, 5, 3.69, 15176, 36
282, 1, 14, 24, 18, 0, 39.13%, 0, 0, 5, 174.11, 16082, 36
297, 1, 14, 25, 19, 0, 40.22%, 0, 0, 5, 2.80, 16758, 37
302, 1, 14, 25, 19, 0, 40.22%, 0, 0, 5, 175.58, 17655, 37
308, 1, 14, 27, 21, 0, 41.30%, 0, 0, 5, 12.78, 18368, 38
313, 1, 14, 27, 21, 0, 41.30%, 0, 0, 5, 177.38, 19292, 38
321, 1, 14, 27, 21, 0, 41.30%, 0, 0, 5, 0.56, 19691, 38
326, 1, 14, 29, 23, 0, 42.39%, 0, 0, 5, 170.72, 20554, 39
331, 1, 14, 31, 25, 0, 43.48%, 0, 0, 5, 172.50, 21417, 40
336, 1, 14, 32, 26, 0, 43.48%, 0, 0, 5, 175.63, 22328, 40
342, 1, 14, 33, 27, 0, 43.48%, 0, 0, 5, 8.86, 22893, 40
347, 1, 27, 35, 28, 5, 43.48%, 0, 0, 6, 175.88, 23778, 40
352, 1, 27, 36, 29, 5, 43.48%, 0, 0, 6, 164.65, 24340, 40
357, 1, 27, 36, 29, 5, 43.48%, 0, 0, 6, 174.47, 25252, 40
362, 1, 27, 36, 29, 5, 43.48%, 0, 0, 6, 173.38, 26110, 40
367, 1, 27, 37, 30, 5, 43.48%, 0, 0, 6, 173.12, 26969, 40
373, 1, 27, 37, 30, 5, 43.48%, 0, 0, 6, 170.38, 27857, 40
382, 1, 27, 37, 30, 5, 43.48%, 0, 0, 6, 6.40, 28685, 40
387, 1, 27, 38, 31, 5, 44.57%, 0, 0, 6, 172.67, 29586, 41
392, 1, 27, 38, 31, 5, 44.57%, 0, 0, 6, 173.82, 30456, 41
397, 1, 27, 39, 32, 5, 44.57%, 0, 0, 6, 174.10, 31354, 41
402, 1, 27, 39, 32, 5, 44.57%, 0, 0, 6, 171.17, 32212, 41
408, 1, 27, 40, 33, 5, 44.57%, 0, 0, 6, 8.80, 32840, 41
413, 1, 27, 41, 34, 5, 44.57%, 0, 0, 6, 159.54, 33723, 41
418, 1, 27, 42, 35, 5, 44.57%, 0, 0, 6, 167.09, 34576, 41
424, 1, 25, 42, 34, 5, 44.57%, 0, 0, 6, 171.29, 35476, 41
429, 1, 25, 42, 34, 5, 44.57%, 0, 0, 6, 168.47, 36347, 41
435, 1, 25, 43, 35, 5, 44.57%, 0, 0, 6, 9.68, 37053, 41
440, 1, 25, 43, 35, 5, 44.57%, 0, 0, 6, 169.69, 37911, 41
445, 1, 25, 45, 37, 5, 44.57%, 0, 0, 6, 171.16, 38792, 41
450, 1, 24, 46, 37, 4, 44.57%, 0, 0, 6, 171.20, 39679, 41
455, 1, 24, 47, 38, 4, 44.57%, 0, 0, 6, 189.63, 40667, 41
462, 1, 24, 47, 38, 4, 44.57%, 0, 0, 6, 1.75, 41285, 41
468, 1, 24, 47, 38, 4, 44.57%, 0, 0, 6, 195.47, 42323, 41
473, 1, 24, 47, 38, 4, 44.57%, 0, 0, 6, 200.30, 43317, 41
478, 1, 24, 47, 38, 4, 44.57%, 0, 0, 6, 198.97, 44312, 41
483, 1, 24, 49, 40, 4, 44.57%, 0, 0, 6, 198.98, 45337, 41
488, 1, 24, 49, 40, 4, 44.57%, 0, 0, 6, 189.52, 46255, 41
493, 1, 23, 50, 40, 3, 44.57%, 0, 0, 6, 197.24, 47271, 41
498, 1, 23, 50, 40, 3, 44.57%, 0, 0, 6, 199.93, 48276, 41
503, 1, 23, 50, 40, 3, 44.57%, 0, 0, 6, 189.27, 49278, 41
508, 1, 23, 51, 41, 3, 45.65%, 0, 0, 6, 197.08, 50323, 42
513, 1, 23, 51, 41, 3, 45.65%, 0, 0, 6, 195.73, 51307, 42
519, 1, 50, 52, 40, 2, 45.65%, 0, 0, 7, 196.04, 52325, 42
524, 1, 50, 52, 40, 2, 45.65%, 0, 0, 7, 193.83, 53294, 42
529, 1, 50, 52, 40, 2, 45.65%, 0, 0, 7, 194.24, 54311, 42
534, 1, 50, 52, 40, 2, 45.65%, 0, 0, 7, 196.13, 55334, 42
539, 1, 50, 52, 40, 2, 45.65%, 0, 0, 7, 193.65, 56303, 42
544, 1, 29, 52, 39, 1, 45.65%, 0, 0, 7, 194.26, 57314, 42
549, 1, 20, 52, 38, 0, 45.65%, 0, 0, 7, 221.38, 58487, 42
554, 1, 20, 52, 38, 0, 45.65%, 0, 0, 7, 228.02, 59643, 42
560, 1, 20, 52, 38, 0, 45.65%, 0, 0, 7, 233.66, 60864, 42
565, 1, 20, 52, 38, 0, 45.65%, 0, 0, 7, 226.74, 62005, 42
570, 1, 1, 53, 39, 0, 45.65%, 0, 0, 7, 230.92, 63209, 42
575, 1, 50, 53, 39, 0, 45.65%, 0, 0, 7, 229.19, 64405, 42
580, 1, 38, 53, 39, 0, 45.65%, 0, 0, 7, 233.66, 65583, 42
585, 1, 37, 53, 38, 0, 45.65%, 0, 0, 7, 230.95, 66785, 42
590, 1, 37, 53, 38, 0, 45.65%, 0, 0, 7, 230.76, 67987, 42
595, 1, 27, 54, 39, 0, 45.65%, 0, 0, 7, 226.76, 69133, 42
601, 1, 27, 54, 39, 0, 45.65%, 0, 0, 7, 227.92, 70327, 42
606, 1, 38, 56, 41, 0, 45.65%, 0, 0, 7, 217.19, 71389, 42
611, 1, 38, 56, 41, 0, 45.65%, 0, 0, 7, 221.96, 72504, 42
616, 1, 24, 56, 41, 0, 45.65%, 0, 0, 7, 227.38, 73694, 42
621, 1, 1, 58, 43, 0, 45.65%, 0, 0, 7, 230.52, 74898, 42
626, 1, 23, 59, 44, 0, 45.65%, 0, 0, 7, 227.40, 76073, 42
631, 1, 20, 60, 45, 0, 45.65%, 0, 0, 7, 216.92, 77180, 42
636, 1, 38, 61, 46, 0, 45.65%, 0, 0, 7, 231.01, 78224, 42
642, 1, 50, 61, 46, 0, 45.65%, 0, 0, 7, 209.35, 79299, 42
647, 1, 50, 62, 47, 0, 45.65%, 0, 0, 7, 184.16, 80068, 42
652, 1, 58, 64, 49, 0, 45.65%, 0, 0, 7, 208.25, 81176, 42
657, 1, 58, 64, 49, 0, 45.65%, 0, 0, 7, 200.45, 82199, 42
662, 1, 38, 64, 48, 0, 45.65%, 0, 0, 7, 217.64, 83317, 42
667, 1, 27, 65, 49, 0, 45.65%, 0, 0, 7, 217.17, 84455, 42
672, 1, 27, 65, 49, 0, 45.65%, 0, 0, 7, 215.56, 85475, 42
677, 1, 37, 65, 49, 0, 45.65%, 0, 0, 7, 220.46, 86579, 42
682, 1, 37, 65, 49, 0, 45.65%, 0, 0, 7, 183.78, 87504, 42
687, 1, 27, 65, 49, 0, 45.65%, 0, 0, 7, 240.65, 88749, 42
693, 1, 13, 65, 49, 0, 45.65%, 0, 0, 7, 249.83, 90058, 42
698, 1, 13, 65, 49, 0, 45.65%, 0, 0, 7, 174.59, 91109, 42
703, 1, 27, 66, 50, 0, 45.65%, 0, 0, 7, 221.28, 92318, 42
708, 1, 27, 66, 50, 0, 45.65%, 0, 0, 7, 230.70, 93524, 42
713, 1, 24, 67, 51, 0, 45.65%, 0, 0, 7, 225.30, 94695, 42
718, 1, 65, 67, 51, 0, 45.65%, 0, 0, 7, 217.38, 95775, 42
723, 1, 65, 67, 51, 0, 45.65%, 0, 0, 7, 217.72, 96893, 42
728, 1, 23, 67, 50, 0, 45.65%, 0, 0, 7, 239.32, 98098, 42
734, 1, 13, 67, 50, 0, 45.65%, 0, 0, 7, 237.55, 99274, 42
739, 1, 23, 67, 50, 0, 45.65%, 0, 0, 7, 238.61, 100509, 42
744, 1, 23, 67, 50, 0, 45.65%, 0, 0, 7, 235.60, 101725, 42
749, 1, 23, 67, 50, 0, 45.65%, 0, 0, 7, 240.50, 102917, 42
754, 1, 23, 67, 50, 0, 45.65%, 0, 0, 7, 234.57, 104109, 42
759, 1, 23, 67, 50, 0, 45.65%, 0, 0, 7, 229.18, 105256, 42
764, 1, 51, 67, 50, 0, 45.65%, 0, 0, 7, 247.73, 106538, 42
769, 1, 64, 67, 49, 0, 45.65%, 0, 0, 7, 241.29, 107783, 42
774, 1, 38, 67, 48, 0, 45.65%, 0, 0, 7, 255.40, 109084, 42
779, 1, 1, 67, 48, 0, 45.65%, 0, 0, 7, 241.83, 110315, 42
785, 1, 20, 68, 49, 0, 45.65%, 0, 0, 7, 227.62, 111435, 42
790, 1, 38, 68, 49, 0, 45.65%, 0, 0, 7, 248.78, 112745, 42
795, 1, 27, 68, 49, 0, 45.65%, 0, 0, 7, 246.42, 113974, 42
800, 1, 60, 68, 49, 0, 45.65%, 0, 0, 7, 249.27, 115189, 42
805, 1, 24, 68, 48, 0, 45.65%, 0, 0, 7, 244.06, 116412, 42
810, 1, 24, 68, 48, 0, 45.65%, 0, 0, 7, 255.58, 117718, 42
815, 1, 24, 68, 48, 0, 45.65%, 0, 0, 7, 221.01, 118811, 42
820, 1, 21, 68, 48, 0, 45.65%, 0, 0, 7, 223.15, 119937, 42
825, 1, 37, 68, 47, 0, 45.65%, 0, 0, 7, 229.25, 121077, 42
830, 1, 37, 68, 47, 0, 45.65%, 0, 0, 7, 216.91, 122159, 42
835, 1, 27, 68, 47, 0, 45.65%, 0, 0, 7, 227.39, 123362, 42
840, 1, 27, 68, 47, 0, 45.65%, 0, 0, 7, 238.53, 124618, 42
845, 1, 23, 68, 47, 0, 45.65%, 0, 0, 7, 243.45, 125848, 42
851, 2, 23, 68, 47, 0, 45.65%, 0, 0, 7, 221.60, 126972, 42
856, 2, 1, 68, 47, 0, 45.65%, 0, 0, 7, 222.52, 128082, 42
861, 2, 26, 70, 49, 0, 45.65%, 0, 0, 7, 253.49, 129441, 42
866, 2, 27, 70, 48, 0, 45.65%, 0, 0, 7, 238.92, 130621, 42
871, 2, 27, 72, 50, 0, 45.65%, 0, 0, 7, 234.04, 131831, 42
876, 2, 23, 72, 50, 0, 45.65%, 0, 0, 7, 231.96, 133027, 42
881, 2, 13, 76, 54, 0, 45.65%, 0, 0, 7, 225.81, 134186, 42
883, 2, 13, 77, 55, 0, 45.65%, 1, 0, 7, 0.00, 134482, 42
