# relative_time, cycles_done, cur_item, corpus_count, pending_total, pending_favs, map_size, saved_crashes, saved_hangs, max_depth, execs_per_sec, total_execs, edges_found
74, 0, 0, 13, 11, 0, 30.77%, 0, 0, 2, 0.04, 1761, 28
79, 0, 0, 13, 11, 0, 30.77%, 0, 0, 2, 300.00, 1826, 28
122, 0, 0, 14, 12, 0, 31.87%, 0, 0, 2, 1.33, 3660, 29
128, 0, 0, 15, 13, 0, 31.87%, 0, 0, 2, 684.05, 5174, 29
171, 0, 0, 16, 14, 0, 31.87%, 0, 0, 2, 1.97, 7522, 29
176, 0, 0, 16, 14, 0, 31.87%, 0, 0, 2, 0.36, 7524, 29
181, 0, 14, 18, 15, 1, 31.87%, 0, 0, 3, 683.90, 11034, 29
215, 0, 13, 18, 14, 0, 31.87%, 0, 0, 3, 1.83, 11539, 29
222, 0, 13, 18, 14, 0, 31.87%, 0, 0, 3, 1.74, 11542, 29
264, 0, 13, 18, 14, 0, 31.87%, 0, 0, 3, 2.01, 13445, 29
269, 0, 13, 22, 18, 0, 35.16%, 0, 0, 3, 713.98, 17075, 32
307, 0, 1, 22, 17, 2, 35.16%, 0, 0, 3, 0.41, 17332, 32
346, 0, 20, 29, 24, 2, 40.66%, 0, 0, 4, 2.30, 19830, 37
352, 0, 20, 30, 25, 2, 40.66%, 0, 0, 4, 682.00, 23282, 37
384, 0, 20, 30, 25, 2, 40.66%, 0, 0, 4, 2.01, 23815, 37
420, 0, 20, 30, 25, 2, 40.66%, 0, 0, 4, 0.79, 25583, 37
455, 0, 24, 33, 26, 3, 41.76%, 0, 0, 5, 5.00, 29132, 38
487, 0, 24, 34, 27, 3, 41.76%, 0, 0, 5, 5.08, 30203, 38
492, 0, 24, 35, 28, 3, 41.76%, 0, 0, 5, 717.63, 33962, 38
522, 0, 24, 35, 28, 3, 41.76%, 0, 0, 5, 3.75, 34382, 38
528, 0, 24, 35, 28, 3, 41.76%, 0, 0, 5, 711.56, 38120, 38
558, 0, 24, 35, 28, 3, 41.76%, 0, 0, 5, 0.96, 38596, 38
592, 0, 24, 35, 28, 3, 41.76%, 0, 0, 5, 2.62, 40346, 38
597, 0, 38, 41, 29, 0, 42.86%, 0, 0, 6, 712.92, 44071, 39
626, 0, 38, 41, 29, 0, 42.86%, 0, 0, 6, 1.49, 44575, 39
657, 0, 38, 42, 30, 0, 42.86%, 0, 0, 6, 4.65, 47466, 39
665, 0, 38, 43, 31, 0, 42.86%, 0, 0, 6, 10.32, 49827, 39
680, 0, 38, 43, 31, 0, 42.86%, 0, 0, 6, 1.31, 49847, 39
713, 0, 44, 46, 33, 0, 43.96%, 0, 0, 6, 0.21, 52722, 40
718, 0, 44, 49, 36, 0, 43.96%, 0, 0, 7, 733.39, 56447, 40
740, 0, 32, 49, 35, 0, 43.96%, 0, 0, 7, 0.65, 56971, 40
747, 0, 32, 49, 35, 0, 43.96%, 0, 0, 7, 0.48, 58756, 40
762, 0, 32, 49, 35, 0, 43.96%, 0, 0, 7, 0.54, 58767, 40
788, 0, 32, 50, 36, 0, 43.96%, 0, 0, 7, 5.20, 62170, 40
793, 0, 46, 52, 38, 0, 43.96%, 0, 0, 8, 720.95, 65798, 40
817, 0, 46, 52, 38, 0, 43.96%, 0, 0, 8, 3.06, 66176, 40
837, 0, 46, 52, 38, 0, 43.96%, 0, 0, 8, 0.06, 68543, 40
841, 0, 46, 53, 39, 0, 45.05%, 1, 0, 8, 0.00, 71560, 41
