# relative_time, cycles_done, cur_item, corpus_count, pending_total, pending_favs, map_size, saved_crashes, saved_hangs, max_depth, execs_per_sec, total_execs, edges_found
67, 0, 0, 9, 9, 1, 29.03%, 0, 0, 2, 0.04, 1009, 27
72, 0, 0, 9, 9, 1, 29.03%, 0, 0, 2, 217.90, 1067, 27
116, 0, 0, 10, 10, 1, 29.03%, 0, 0, 2, 0.69, 2620, 27
121, 0, 0, 11, 11, 1, 29.03%, 0, 0, 2, 559.95, 3797, 27
169, 0, 0, 12, 12, 1, 29.03%, 0, 0, 2, 1.33, 5536, 27
174, 0, 0, 13, 13, 1, 29.03%, 0, 0, 2, 523.40, 8193, 27
216, 0, 0, 13, 13, 1, 29.03%, 0, 0, 2, 0.49, 8563, 27
257, 0, 0, 13, 13, 1, 29.03%, 0, 0, 2, 0.11, 9977, 27
262, 0, 0, 13, 13, 1, 29.03%, 0, 0, 2, 557.89, 12853, 27
300, 0, 0, 13, 13, 1, 29.03%, 0, 0, 2, 0.03, 12986, 27
340, 0, 0, 13, 13, 1, 29.03%, 0, 0, 2, 1.51, 14921, 27
345, 0, 0, 14, 14, 1, 30.11%, 0, 0, 2, 519.28, 17560, 28
378, 0, 0, 15, 15, 1, 30.11%, 0, 0, 2, 3.70, 17917, 28
413, 0, 0, 15, 15, 1, 30.11%, 0, 0, 2, 3.66, 19280, 28
449, 0, 0, 15, 15, 1, 30.11%, 0, 0, 2, 1.63, 21957, 28
480, 0, 0, 15, 15, 1, 30.11%, 0, 0, 2, 3.63, 22789, 28
485, 0, 0, 15, 15, 1, 30.11%, 0, 0, 2, 522.40, 25447, 28
516, 0, 0, 15, 15, 1, 30.11%, 0, 0, 2, 0.67, 25827, 28
521, 0, 0, 15, 15, 1, 30.11%, 0, 0, 2, 512.87, 28527, 28
551, 0, 0, 15, 15, 1, 30.11%, 0, 0, 2, 1.37, 28897, 28
585, 0, 0, 15, 15, 1, 30.11%, 0, 0, 2, 1.38, 30181, 28
590, 0, 0, 16, 16, 1, 31.18%, 0, 0, 2, 512.87, 32804, 29
619, 0, 0, 16, 16, 1, 31.18%, 0, 0, 2, 2.48, 33234, 29
650, 0, 0, 16, 16, 1, 31.18%, 0, 0, 2, 2.03, 35424, 29
658, 0, 0, 16, 16, 1, 31.18%, 0, 0, 2, 2.05, 37239, 29
674, 0, 0, 16, 16, 1, 31.18%, 0, 0, 2, 1.96, 37248, 29
706, 0, 0, 16, 16, 1, 31.18%, 0, 0, 2, 2.31, 39472, 29
711, 0, 0, 17, 17, 1, 31.18%, 0, 0, 2, 559.63, 42339, 29
733, 0, 0, 17, 17, 1, 31.18%, 0, 0, 2, 1.85, 42581, 29
740, 0, 0, 17, 17, 1, 31.18%, 0, 0, 2, 13.83, 43967, 29
755, 0, 0, 17, 17, 1, 31.18%, 0, 0, 2, 1.28, 43978, 29
782, 0, 0, 17, 17, 1, 31.18%, 0, 0, 2, 3.65, 46561, 29
787, 0, 0, 18, 18, 1, 31.18%, 0, 0, 2, 597.67, 49507, 29
810, 0, 0, 18, 18, 1, 31.18%, 0, 0, 2, 2.10, 49820, 29
830, 0, 0, 19, 19, 1, 31.18%, 0, 0, 2, 4.23, 51867, 29
835, 0, 0, 19, 19, 1, 31.18%, 0, 0, 2, 665.76, 55242, 29
857, 0, 0, 19, 19, 1, 31.18%, 0, 0, 2, 5.45, 55502, 29
886, 0, 0, 19, 19, 1, 31.18%, 0, 0, 2, 2.73, 58817, 29
891, 0, 0, 20, 20, 1, 31.18%, 0, 0, 2, 655.39, 61944, 29
909, 0, 0, 20, 20, 1, 31.18%, 0, 0, 2, 0.75, 62672, 29
927, 0, 0, 21, 21, 1, 32.26%, 0, 0, 2, 1.82, 64915, 30
935, 0, 0, 21, 21, 1, 32.26%, 0, 0, 2, 21.75, 67013, 30
940, 0, 0, 21, 21, 1, 32.26%, 0, 0, 2, 14.26, 67022, 30
947, 0, 0, 21, 21, 1, 32.26%, 0, 0, 2, 2.73, 67041, 30
952, 0, 0, 21, 21, 1, 32.26%, 0, 0, 2, 624.90, 70217, 30
962, 0, 0, 21, 21, 1, 32.26%, 0, 0, 2, 11.39, 70877, 30
968, 0, 0, 21, 21, 1, 32.26%, 0, 0, 2, 615.18, 73997, 30
984, 0, 0, 21, 21, 1, 32.26%, 0, 0, 2, 4.43, 74429, 30
1000, 0, 0, 21, 21, 1, 32.26%, 0, 0, 2, 7.36, 76961, 30
1020, 0, 0, 21, 21, 1, 32.26%, 0, 0, 2, 2.29, 79841, 30
1034, 0, 0, 21, 21, 1, 32.26%, 0, 0, 2, 2.66, 82925, 30
1039, 0, 0, 21, 21, 1, 32.26%, 0, 0, 2, 627.48, 86069, 30
1044, 0, 0, 21, 21, 1, 32.26%, 0, 0, 2, 22.91, 86465, 30
1058, 0, 0, 21, 21, 1, 32.26%, 0, 0, 2, 0.51, 86472, 30
1063, 0, 0, 21, 21, 1, 32.26%, 0, 0, 2, 639.65, 89705, 30
1072, 0, 0, 21, 21, 1, 32.26%, 0, 0, 2, 8.55, 90209, 30
1090, 0, 0, 21, 21, 1, 32.26%, 0, 0, 2, 6.12, 91944, 30
1095, 0, 0, 21, 21, 1, 32.26%, 0, 0, 2, 693.50, 95426, 30
1108, 0, 0, 21, 21, 1, 32.26%, 0, 0, 2, 7.74, 96219, 30
1113, 0, 0, 21, 21, 1, 32.26%, 0, 0, 2, 673.78, 99729, 30
1123, 0, 0, 21, 21, 1, 32.26%, 0, 0, 2, 4.19, 100054, 30
1140, 0, 0, 21, 21, 1, 32.26%, 0, 0, 2, 7.58, 102797, 30
1145, 0, 0, 21, 21, 1, 32.26%, 0, 0, 2, 672.37, 106099, 30
1150, 0, 0, 21, 21, 1, 32.26%, 0, 0, 2, 737.32, 107739, 30
1164, 0, 0, 21, 21, 1, 32.26%, 0, 0, 2, 3.72, 109587, 30
1169, 0, 0, 21, 21, 1, 32.26%, 0, 0, 2, 700.85, 112989, 30
1174, 0, 0, 21, 21, 1, 32.26%, 0, 0, 2, 689.84, 115238, 30
1183, 0, 0, 21, 21, 1, 32.26%, 0, 0, 2, 16.72, 116013, 30
1188, 0, 0, 21, 21, 1, 32.26%, 0, 0, 2, 746.26, 119835, 30
1198, 0, 0, 21, 21, 1, 32.26%, 0, 0, 2, 8.68, 121277, 30
1203, 0, 0, 21, 21, 1, 32.26%, 0, 0, 2, 753.19, 125084, 30
1212, 0, 0, 21, 21, 1, 32.26%, 0, 0, 2, 22.80, 126485, 30
1217, 0, 0, 21, 21, 1, 32.26%, 0, 0, 2, 728.43, 130069, 30
1223, 0, 0, 21, 21, 1, 32.26%, 0, 0, 2, 5.04, 131385, 30
1231, 0, 0, 21, 21, 1, 32.26%, 0, 0, 2, 2.80, 134143, 30
1237, 0, 0, 22, 22, 1, 32.26%, 0, 0, 2, 705.32, 137874, 30
1242, 0, 0, 22, 22, 1, 32.26%, 0, 0, 2, 742.14, 140046, 30
1248, 0, 0, 22, 22, 1, 32.26%, 0, 0, 2, 2.65, 140871, 30
1253, 0, 0, 22, 22, 1, 32.26%, 0, 0, 2, 765.39, 144696, 30
1264, 0, 0, 22, 22, 1, 32.26%, 0, 0, 2, 24.10, 148326, 30
1269, 0, 0, 22, 22, 1, 32.26%, 0, 0, 2, 754.70, 152016, 30
1278, 0, 0, 22, 22, 1, 32.26%, 0, 0, 2, 22.03, 155136, 30
1283, 0, 0, 22, 22, 1, 32.26%, 0, 0, 2, 791.24, 159006, 30
1288, 0, 0, 22, 22, 1, 32.26%, 0, 0, 2, 786.66, 162981, 30
1294, 0, 0, 22, 22, 1, 32.26%, 0, 0, 2, 2.93, 164044, 30
1299, 0, 0, 22, 22, 1, 32.26%, 0, 0, 2, 815.22, 168156, 30
1304, 0, 0, 22, 22, 1, 32.26%, 0, 0, 2, 811.60, 172220, 30
1309, 0, 0, 22, 22, 1, 32.26%, 0, 0, 2, 799.47, 176211, 30
1314, 0, 0, 22, 22, 1, 32.26%, 0, 0, 2, 785.54, 180156, 30
1319, 0, 0, 23, 23, 1, 33.33%, 0, 0, 2, 759.98, 183943, 31
1324, 0, 0, 23, 23, 1, 33.33%, 0, 0, 2, 778.63, 187843, 31
1332, 0, 0, 24, 24, 1, 36.56%, 0, 0, 2, 35.47, 191570, 34
1337, 0, 0, 25, 25, 1, 37.63%, 0, 0, 2, 795.47, 195552, 35
1343, 0, 0, 26, 26, 1, 38.71%, 0, 0, 2, 807.33, 199784, 36
1348, 0, 0, 26, 26, 1, 38.71%, 0, 0, 2, 819.20, 203928, 36
1353, 0, 0, 27, 27, 1, 38.71%, 0, 0, 2, 811.12, 208031, 36
1358, 0, 0, 28, 28, 1, 38.71%, 0, 0, 2, 797.86, 212038, 36
1363, 0, 0, 28, 28, 1, 38.71%, 0, 0, 2, 807.35, 216118, 36
1368, 0, 0, 28, 28, 1, 38.71%, 0, 0, 2, 807.61, 220310, 36
1373, 0, 0, 28, 28, 1, 38.71%, 0, 0, 2, 791.01, 224418, 36
1378, 0, 0, 29, 29, 1, 38.71%, 0, 0, 2, 821.79, 228605, 36
1383, 0, 0, 30, 30, 1, 39.78%, 0, 0, 2, 823.96, 232932, 37
1388, 0, 15, 36, 28, 2, 39.78%, 0, 0, 3, 794.59, 237012, 37
1393, 0, 29, 44, 34, 0, 39.78%, 0, 0, 3, 792.37, 240980, 37
1399, 0, 44, 48, 37, 0, 43.01%, 0, 0, 5, 820.15, 245280, 40
1404, 0, 44, 50, 39, 0, 44.09%, 0, 0, 5, 812.14, 249296, 41
1409, 0, 20, 52, 37, 0, 45.16%, 0, 0, 5, 561.98, 252463, 42
1414, 0, 51, 53, 38, 0, 45.16%, 0, 0, 6, 779.93, 256724, 42
1419, 0, 47, 57, 42, 0, 45.16%, 0, 0, 6, 824.49, 260904, 42
1424, 0, 48, 59, 44, 0, 45.16%, 0, 0, 6, 825.60, 265193, 42
1429, 0, 20, 59, 44, 0, 45.16%, 0, 0, 6, 812.83, 269406, 42
1434, 1, 48, 65, 49, 0, 45.16%, 0, 0, 6, 820.40, 273616, 42
1439, 1, 22, 68, 52, 0, 45.16%, 0, 0, 6, 832.13, 277847, 42
1445, 1, 20, 72, 55, 0, 45.16%, 0, 0, 6, 828.93, 282142, 42
1450, 1, 22, 73, 55, 0, 45.16%, 0, 0, 6, 841.32, 286364, 42
1455, 1, 13, 73, 54, 0, 45.16%, 0, 0, 6, 846.72, 290745, 42
1460, 2, 51, 77, 56, 0, 45.16%, 0, 0, 6, 839.43, 294892, 42
1465, 2, 20, 86, 64, 0, 45.16%, 0, 0, 6, 838.16, 299199, 42
1470, 2, 23, 94, 71, 0, 45.16%, 0, 0, 6, 846.52, 303431, 42
1475, 2, 20, 97, 71, 0, 45.16%, 0, 0, 6, 835.47, 307582, 42
1480, 2, 20, 99, 73, 0, 45.16%, 0, 0, 6, 833.51, 311821, 42
1485, 2, 20, 99, 72, 0, 45.16%, 0, 0, 6, 816.95, 316051, 42
1490, 3, 97, 99, 71, 0, 45.16%, 0, 0, 6, 799.10, 320082, 42
1496, 3, 15, 100, 71, 0, 45.16%, 0, 0, 6, 821.45, 324103, 42
1501, 3, 20, 101, 72, 0, 45.16%, 0, 0, 6, 831.39, 328388, 42
1506, 3, 101, 103, 72, 0, 48.39%, 0, 0, 6, 830.60, 332537, 45
1511, 3, 102, 103, 70, 0, 48.39%, 0, 0, 6, 840.50, 336740, 45
1516, 3, 102, 103, 70, 0, 48.39%, 0, 0, 6, 828.53, 340888, 45
1521, 3, 103, 105, 71, 0, 48.39%, 0, 0, 6, 813.25, 345112, 45
1526, 3, 85, 107, 71, 0, 48.39%, 0, 0, 6, 768.85, 348645, 45
1531, 3, 25, 107, 69, 0, 48.39%, 0, 0, 6, 806.69, 352707, 45
1536, 3, 104, 107, 69, 0, 48.39%, 0, 0, 6, 778.74, 356620, 45
1541, 4, 51, 108, 68, 0, 48.39%, 0, 0, 6, 807.58, 360783, 45
1546, 4, 20, 108, 68, 0, 48.39%, 0, 0, 6, 823.33, 365062, 45
1552, 4, 20, 108, 68, 0, 48.39%, 0, 0, 6, 833.50, 369364, 45
1557, 4, 22, 108, 68, 0, 48.39%, 0, 0, 6, 838.14, 373573, 45
1560, 4, 101, 108, 68, 0, 48.39%, 1, 0, 6, 0.00, 376034, 45
