# relative_time, cycles_done, cur_item, corpus_count, pending_total, pending_favs, map_size, saved_crashes, saved_hangs, max_depth, execs_per_sec, total_execs, edges_found
68, 0, 0, 26, 26, 1, 53.85%, 0, 0, 2, 0.09, 3454, 42
73, 0, 0, 27, 27, 1, 53.85%, 0, 0, 2, 274.46, 4870, 42
93, 0, 0, 27, 27, 1, 53.85%, 0, 1, 2, 2.44, 5437, 42
98, 0, 0, 28, 28, 1, 53.85%, 0, 1, 2, 263.43, 6794, 42
119, 0, 0, 28, 28, 1, 53.85%, 0, 1, 2, 2.71, 7379, 42
124, 0, 0, 30, 30, 1, 55.13%, 0, 1, 2, 272.17, 8748, 43
136, 0, 0, 30, 30, 1, 55.13%, 0, 1, 2, 1.68, 8993, 43
153, 0, 0, 30, 30, 1, 55.13%, 0, 1, 2, 3.67, 10238, 43
155, 0, 18, 33, 31, 7, 55.13%, 1, 1, 3, 0.00, 10811, 43
