# relative_time, cycles_done, cur_item, corpus_count, pending_total, pending_favs, map_size, saved_crashes, saved_hangs, max_depth, execs_per_sec, total_execs, edges_found
73, 0, 0, 9, 7, 0, 17.48%, 0, 0, 2, 0.04, 1689, 18
78, 0, 0, 9, 7, 0, 17.48%, 0, 0, 2, 318.63, 1755, 18
122, 0, 0, 9, 7, 0, 17.48%, 0, 0, 2, 0.59, 2970, 18
127, 0, 0, 9, 7, 0, 17.48%, 0, 0, 2, 430.77, 3866, 18
170, 0, 0, 9, 7, 0, 17.48%, 0, 0, 2, 0.40, 5242, 18
175, 0, 0, 9, 7, 0, 17.48%, 0, 0, 2, 0.41, 5245, 18
181, 0, 0, 9, 7, 0, 17.48%, 0, 0, 2, 404.50, 7330, 18
222, 0, 2, 9, 6, 1, 17.48%, 0, 0, 2, 0.22, 7602, 18
263, 0, 2, 10, 6, 0, 17.48%, 0, 0, 3, 0.08, 8700, 18
268, 0, 12, 16, 10, 0, 18.45%, 0, 0, 5, 430.35, 10892, 19
306, 0, 12, 16, 10, 0, 18.45%, 0, 0, 5, 0.22, 11020, 19
346, 0, 12, 16, 10, 0, 18.45%, 0, 0, 5, 0.22, 12508, 19
351, 0, 3, 17, 11, 0, 19.42%, 0, 0, 5, 399.39, 14542, 20
384, 0, 3, 17, 10, 0, 19.42%, 0, 0, 5, 0.53, 14823, 20
419, 0, 16, 17, 10, 0, 19.42%, 0, 0, 5, 0.76, 15877, 20
455, 1, 16, 18, 11, 0, 19.42%, 0, 0, 5, 3.15, 17980, 20
463, 1, 16, 20, 13, 0, 23.30%, 0, 0, 5, 15.14, 18670, 24
486, 1, 16, 20, 13, 0, 23.30%, 0, 0, 5, 0.08, 18672, 24
492, 1, 16, 21, 14, 0, 24.27%, 0, 0, 5, 438.52, 20957, 25
522, 1, 16, 21, 14, 0, 24.27%, 0, 0, 5, 2.51, 21223, 25
527, 1, 18, 23, 15, 2, 24.27%, 0, 0, 5, 435.56, 23451, 25
557, 1, 18, 24, 16, 2, 24.27%, 0, 0, 5, 2.86, 23808, 25
591, 1, 19, 24, 15, 1, 24.27%, 0, 0, 5, 1.56, 24886, 25
596, 1, 24, 28, 17, 0, 27.18%, 0, 0, 6, 431.26, 27141, 28
625, 1, 24, 28, 17, 0, 27.18%, 0, 0, 6, 0.28, 27437, 28
656, 1, 24, 32, 21, 0, 27.18%, 0, 0, 6, 2.66, 29251, 28
664, 1, 24, 34, 23, 0, 27.18%, 0, 0, 6, 3.34, 30750, 28
680, 1, 24, 34, 23, 0, 27.18%, 0, 0, 6, 3.18, 30762, 28
712, 1, 24, 35, 24, 0, 27.18%, 0, 0, 6, 2.83, 32611, 28
717, 1, 24, 40, 29, 0, 27.18%, 0, 0, 6, 461.94, 34994, 28
740, 1, 24, 40, 29, 0, 27.18%, 0, 0, 6, 1.11, 35210, 28
747, 1, 24, 40, 29, 0, 27.18%, 0, 0, 6, 12.12, 36368, 28
761, 1, 24, 40, 29, 0, 27.18%, 0, 0, 6, 0.43, 36374, 28
788, 1, 16, 47, 34, 0, 27.18%, 0, 0, 7, 0.64, 38588, 28
793, 1, 20, 51, 37, 0, 28.16%, 0, 0, 7, 488.89, 41011, 29
816, 1, 20, 51, 37, 0, 28.16%, 0, 0, 7, 1.58, 41265, 29
836, 1, 48, 54, 39, 0, 28.16%, 0, 0, 7, 0.59, 42906, 29
841, 1, 48, 56, 41, 0, 28.16%, 0, 0, 7, 523.31, 45530, 29
863, 1, 48, 56, 41, 0, 28.16%, 0, 0, 7, 1.87, 45790, 29
892, 1, 48, 56, 41, 0, 28.16%, 0, 0, 7, 0.84, 48450, 29
897, 1, 48, 56, 41, 0, 28.16%, 0, 0, 7, 516.24, 50969, 29
915, 1, 48, 56, 41, 0, 28.16%, 0, 0, 7, 1.15, 51547, 29
933, 1, 14, 58, 42, 0, 29.13%, 0, 0, 7, 0.77, 53336, 30
946, 1, 56, 60, 43, 0, 30.10%, 0, 0, 7, 4.21, 55050, 31
953, 1, 56, 60, 43, 0, 30.10%, 0, 0, 7, 3.94, 55066, 31
958, 1, 56, 61, 44, 0, 30.10%, 0, 0, 7, 511.97, 57707, 31
969, 1, 56, 62, 45, 0, 30.10%, 0, 0, 7, 0.19, 58205, 31
974, 1, 56, 62, 45, 0, 30.10%, 0, 0, 7, 501.81, 60690, 31
991, 1, 56, 62, 45, 0, 30.10%, 0, 0, 7, 5.52, 61104, 31
1006, 1, 56, 65, 48, 0, 30.10%, 0, 0, 7, 9.57, 63157, 31
1017, 1, 20, 70, 51, 0, 33.98%, 0, 0, 7, 10.94, 65503, 35
1026, 1, 20, 70, 51, 0, 33.98%, 0, 0, 7, 1.26, 65514, 35
1040, 1, 66, 75, 55, 4, 42.72%, 0, 0, 7, 6.57, 68026, 44
1042, 1, 66, 77, 57, 4, 47.57%, 1, 0, 7, 0.00, 68851, 49
