# relative_time, cycles_done, cur_item, corpus_count, pending_total, pending_favs, map_size, saved_crashes, saved_hangs, max_depth, execs_per_sec, total_execs, edges_found
73, 0, 0, 20, 20, 1, 30.10%, 0, 0, 2, 0.04, 1645, 31
78, 0, 0, 20, 20, 1, 30.10%, 0, 0, 2, 279.48, 1713, 31
122, 0, 0, 21, 21, 1, 30.10%, 0, 0, 2, 1.38, 3399, 31
127, 0, 0, 21, 21, 1, 30.10%, 0, 0, 2, 642.30, 4728, 31
176, 0, 0, 23, 23, 1, 31.07%, 0, 0, 2, 0.56, 6721, 32
176, 0, 0, 23, 23, 1, 31.07%, 0, 0, 2, 0.53, 6722, 32
181, 0, 0, 25, 25, 1, 33.01%, 0, 0, 2, 593.44, 9782, 34
215, 0, 0, 26, 26, 1, 33.98%, 0, 0, 2, 0.36, 10199, 35
222, 0, 0, 26, 26, 1, 33.98%, 0, 0, 2, 0.37, 10203, 35
264, 0, 0, 26, 26, 1, 33.98%, 0, 0, 2, 0.08, 11805, 35
269, 0, 0, 27, 27, 1, 34.95%, 0, 0, 2, 647.47, 15102, 36
306, 0, 0, 27, 27, 1, 34.95%, 0, 0, 2, 0.32, 15306, 36
346, 0, 0, 27, 27, 1, 34.95%, 0, 0, 2, 0.99, 17550, 36
351, 0, 0, 27, 27, 1, 34.95%, 0, 0, 2, 592.96, 20543, 36
384, 0, 0, 27, 27, 1, 34.95%, 0, 0, 2, 1.12, 20982, 36
419, 0, 0, 27, 27, 1, 34.95%, 0, 0, 2, 1.46, 22554, 36
455, 0, 0, 27, 27, 1, 34.95%, 0, 0, 2, 3.90, 25602, 36
487, 0, 0, 27, 27, 1, 34.95%, 0, 0, 2, 3.87, 26558, 36
492, 0, 0, 27, 27, 1, 34.95%, 0, 0, 2, 592.53, 29651, 36
522, 0, 0, 27, 27, 1, 34.95%, 0, 0, 2, 3.88, 30042, 36
527, 0, 0, 28, 28, 1, 35.92%, 0, 0, 2, 604.74, 33301, 37
557, 0, 0, 28, 28, 1, 35.92%, 0, 0, 2, 1.23, 33733, 37
591, 0, 0, 28, 28, 1, 35.92%, 0, 0, 2, 3.24, 35288, 37
596, 0, 0, 28, 28, 1, 35.92%, 0, 0, 2, 625.20, 38461, 37
625, 0, 0, 28, 28, 1, 35.92%, 0, 0, 2, 3.40, 38965, 37
656, 0, 0, 28, 28, 1, 35.92%, 0, 0, 2, 5.27, 41671, 37
665, 0, 0, 28, 28, 1, 35.92%, 0, 0, 2, 0.28, 43895, 37
680, 0, 0, 28, 28, 1, 35.92%, 0, 0, 2, 0.35, 43915, 37
712, 0, 0, 28, 28, 1, 35.92%, 0, 0, 2, 1.37, 46650, 37
717, 0, 0, 30, 30, 1, 39.81%, 0, 0, 2, 705.45, 50333, 41
740, 0, 0, 30, 30, 1, 39.81%, 0, 0, 2, 2.40, 50668, 41
761, 0, 0, 30, 30, 1, 39.81%, 0, 0, 2, 6.50, 52489, 41
788, 0, 24, 37, 35, 11, 39.81%, 0, 0, 3, 1.19, 55805, 41
793, 0, 24, 41, 39, 11, 41.75%, 0, 0, 3, 715.55, 59484, 43
816, 0, 24, 41, 39, 11, 41.75%, 0, 0, 3, 3.06, 59722, 43
836, 0, 24, 44, 42, 11, 44.66%, 0, 0, 3, 0.88, 62174, 46
841, 0, 21, 47, 43, 16, 46.60%, 0, 0, 3, 781.82, 66084, 48
863, 0, 21, 47, 43, 16, 46.60%, 0, 0, 3, 4.23, 66504, 48
866, 0, 44, 55, 50, 15, 47.57%, 1, 0, 4, 0.00, 68345, 49
