# relative_time, cycles_done, cur_item, corpus_count, pending_total, pending_favs, map_size, saved_crashes, saved_hangs, max_depth, execs_per_sec, total_execs, edges_found
68, 0, 0, 10, 8, 0, 22.78%, 0, 0, 2, 0.18, 7118, 18
73, 0, 2, 16, 13, 0, 26.58%, 0, 0, 3, 638.74, 10470, 21
93, 0, 2, 16, 13, 0, 26.58%, 0, 0, 3, 0.06, 11683, 21
99, 0, 16, 17, 13, 3, 30.38%, 0, 0, 3, 613.22, 14918, 24
119, 0, 13, 18, 11, 0, 30.38%, 0, 0, 4, 3.27, 16174, 24
124, 0, 13, 18, 11, 0, 30.38%, 0, 0, 4, 633.04, 19386, 24
137, 0, 13, 18, 11, 0, 30.38%, 0, 0, 4, 1.60, 19959, 24
153, 0, 16, 21, 13, 0, 31.65%, 0, 0, 4, 4.59, 22851, 25
158, 0, 19, 24, 16, 0, 31.65%, 0, 0, 5, 620.70, 26210, 25
174, 0, 19, 25, 17, 0, 32.91%, 0, 0, 5, 3.54, 27741, 26
179, 0, 19, 29, 21, 0, 34.18%, 0, 0, 5, 638.10, 31057, 27
188, 0, 19, 29, 21, 0, 34.18%, 0, 0, 5, 10.12, 32701, 27
196, 0, 19, 29, 21, 0, 34.18%, 0, 0, 5, 0.76, 32707, 27
201, 0, 19, 30, 22, 0, 34.18%, 0, 0, 5, 650.57, 36068, 27
210, 0, 19, 31, 23, 0, 34.18%, 0, 0, 5, 9.53, 37499, 27
224, 0, 15, 37, 27, 0, 34.18%, 0, 0, 6, 11.67, 40289, 27
229, 0, 24, 37, 27, 0, 34.18%, 0, 0, 6, 633.84, 43489, 27
237, 0, 16, 38, 28, 0, 34.18%, 0, 0, 6, 21.51, 45246, 27
250, 1, 13, 41, 30, 0, 35.44%, 0, 0, 6, 7.25, 48456, 28
255, 1, 41, 44, 32, 0, 36.71%, 0, 0, 6, 640.13, 51784, 29
261, 1, 41, 44, 32, 0, 36.71%, 0, 0, 6, 24.30, 53344, 29
267, 1, 13, 46, 32, 0, 37.97%, 0, 0, 6, 639.72, 56710, 30
277, 1, 45, 48, 34, 0, 41.77%, 0, 0, 7, 9.90, 58865, 33
282, 1, 45, 50, 36, 0, 41.77%, 0, 0, 7, 646.35, 62191, 33
297, 1, 45, 51, 37, 0, 44.30%, 0, 0, 7, 5.66, 64658, 35
302, 1, 50, 52, 37, 1, 44.30%, 0, 0, 7, 626.58, 67946, 35
308, 1, 46, 53, 37, 0, 44.30%, 0, 0, 8, 14.47, 70538, 35
313, 1, 38, 54, 38, 0, 44.30%, 1, 0, 8, 0.00, 73619, 35
