# relative_time, cycles_done, cur_item, corpus_count, pending_total, pending_favs, map_size, saved_crashes, saved_hangs, max_depth, execs_per_sec, total_execs, edges_found
77, 0, 0, 6, 5, 0, 28.42%, 0, 0, 2, 0.06, 1597, 27
78, 0, 0, 6, 5, 0, 28.42%, 0, 0, 2, 323.53, 1664, 27
89, 0, 0, 9, 8, 0, 29.47%, 0, 0, 2, 1.56, 2687, 28
122, 0, 0, 9, 8, 0, 29.47%, 0, 0, 2, 0.18, 2693, 28
127, 0, 0, 9, 8, 0, 29.47%, 0, 0, 2, 340.23, 3419, 28
170, 0, 0, 9, 8, 0, 29.47%, 0, 0, 2, 0.30, 4571, 28
175, 0, 0, 9, 8, 0, 29.47%, 0, 0, 2, 0.31, 4573, 28
180, 0, 0, 9, 8, 0, 29.47%, 0, 0, 2, 351.38, 6377, 28
222, 0, 0, 9, 8, 0, 29.47%, 0, 0, 2, 0.52, 6629, 28
263, 0, 3, 9, 7, 1, 29.47%, 0, 0, 2, 0.03, 7581, 28
268, 0, 8, 13, 10, 0, 31.58%, 0, 0, 3, 376.95, 9500, 30
306, 0, 8, 13, 10, 0, 31.58%, 0, 0, 3, 0.19, 9612, 30
346, 0, 8, 15, 12, 0, 32.63%, 0, 0, 3, 0.19, 10914, 31
351, 0, 8, 16, 13, 0, 35.79%, 0, 0, 3, 350.03, 12704, 34
384, 0, 8, 16, 13, 0, 35.79%, 0, 0, 3, 0.22, 12944, 34
419, 0, 8, 16, 13, 0, 35.79%, 0, 0, 3, 0.64, 13861, 34
455, 0, 8, 17, 14, 0, 35.79%, 0, 0, 3, 0.46, 15674, 34
462, 0, 8, 17, 14, 0, 35.79%, 0, 0, 3, 12.84, 16234, 34
486, 0, 8, 17, 14, 0, 35.79%, 0, 0, 3, 0.25, 16240, 34
491, 0, 8, 17, 14, 0, 35.79%, 0, 0, 3, 359.13, 18026, 34
522, 0, 8, 17, 14, 0, 35.79%, 0, 0, 3, 1.87, 18341, 34
527, 0, 0, 20, 13, 0, 35.79%, 0, 0, 4, 378.87, 20288, 34
557, 0, 0, 20, 13, 0, 35.79%, 0, 0, 4, 2.86, 20593, 34
591, 0, 15, 20, 13, 0, 35.79%, 0, 0, 4, 1.09, 21529, 34
596, 0, 10, 21, 13, 0, 36.84%, 0, 0, 4, 374.57, 23437, 35
625, 0, 10, 22, 14, 0, 36.84%, 0, 0, 4, 2.48, 23765, 35
656, 0, 20, 22, 14, 0, 36.84%, 0, 0, 4, 2.00, 25363, 35
664, 0, 11, 22, 14, 0, 36.84%, 0, 0, 4, 7.35, 26696, 35
679, 0, 11, 22, 14, 0, 36.84%, 0, 0, 4, 0.52, 26704, 35
712, 0, 20, 22, 14, 0, 36.84%, 0, 0, 4, 2.72, 28337, 35
717, 1, 20, 23, 15, 0, 36.84%, 0, 0, 5, 398.52, 30444, 35
739, 1, 20, 23, 15, 0, 36.84%, 0, 0, 5, 0.65, 30613, 35
747, 1, 20, 23, 15, 0, 36.84%, 0, 0, 5, 11.21, 31634, 35
761, 1, 20, 23, 15, 0, 36.84%, 0, 0, 5, 0.51, 31641, 35
788, 1, 22, 29, 21, 0, 36.84%, 0, 0, 5, 0.96, 33531, 35
793, 1, 29, 35, 25, 0, 40.00%, 0, 0, 7, 423.45, 35631, 38
816, 1, 29, 35, 25, 0, 40.00%, 0, 0, 7, 1.05, 35847, 38
836, 1, 29, 39, 29, 0, 41.05%, 0, 0, 7, 5.26, 37307, 39
841, 1, 29, 42, 32, 0, 42.11%, 0, 0, 7, 491.02, 39686, 40
863, 1, 29, 42, 32, 0, 42.11%, 0, 0, 7, 2.94, 39947, 40
892, 1, 29, 43, 33, 0, 42.11%, 0, 0, 7, 0.38, 42363, 40
897, 1, 29, 45, 35, 0, 42.11%, 0, 0, 7, 459.91, 44613, 40
915, 1, 29, 46, 36, 0, 42.11%, 0, 0, 7, 4.63, 45092, 40
933, 1, 33, 47, 36, 3, 42.11%, 0, 0, 8, 1.40, 46740, 40
945, 1, 39, 48, 36, 2, 42.11%, 0, 0, 8, 2.95, 48254, 40
953, 1, 39, 48, 36, 2, 42.11%, 0, 0, 8, 3.14, 48272, 40
958, 1, 42, 52, 39, 1, 43.16%, 0, 0, 8, 485.49, 50786, 41
968, 1, 42, 52, 39, 1, 43.16%, 0, 0, 8, 3.41, 51264, 41
974, 1, 52, 55, 40, 1, 45.26%, 0, 0, 9, 562.37, 54186, 43
990, 1, 52, 55, 40, 1, 45.26%, 0, 0, 9, 0.68, 54539, 43
1006, 1, 51, 60, 43, 0, 45.26%, 0, 0, 9, 1.06, 57017, 43
1026, 1, 51, 62, 45, 0, 45.26%, 0, 0, 9, 6.08, 59851, 43
1040, 1, 51, 63, 46, 0, 45.26%, 0, 0, 9, 6.59, 62882, 43
1045, 1, 51, 63, 46, 0, 45.26%, 0, 0, 9, 605.97, 66038, 43
1063, 1, 51, 63, 46, 0, 45.26%, 0, 0, 9, 0.22, 66329, 43
1069, 1, 49, 63, 46, 0, 45.26%, 0, 0, 9, 623.60, 69483, 43
1078, 1, 49, 66, 49, 0, 45.26%, 0, 0, 9, 11.34, 69976, 43
1096, 1, 49, 66, 49, 0, 45.26%, 0, 0, 9, 6.10, 71637, 43
1101, 1, 60, 67, 48, 0, 45.26%, 0, 0, 10, 675.76, 74984, 43
1114, 1, 40, 67, 47, 0, 45.26%, 0, 0, 10, 6.66, 75866, 43
1119, 1, 40, 70, 50, 0, 45.26%, 0, 0, 10, 679.66, 79375, 43
1129, 1, 48, 70, 50, 0, 45.26%, 0, 0, 10, 5.58, 79712, 43
1146, 1, 54, 71, 50, 0, 45.26%, 0, 0, 10, 11.01, 82436, 43
1151, 1, 54, 73, 52, 0, 45.26%, 0, 0, 10, 658.31, 85765, 43
1156, 1, 54, 73, 52, 0, 45.26%, 0, 0, 10, 721.23, 87381, 43
1170, 1, 54, 73, 52, 0, 45.26%, 0, 0, 10, 1.24, 89201, 43
1175, 1, 54, 73, 52, 0, 45.26%, 0, 0, 10, 681.72, 92561, 43
1180, 1, 39, 73, 52, 0, 45.26%, 0, 0, 10, 698.16, 94784, 43
1189, 1, 69, 73, 52, 0, 45.26%, 0, 0, 10, 15.78, 95517, 43
1194, 1, 52, 76, 53, 0, 45.26%, 0, 0, 10, 710.98, 99216, 43
1204, 1, 20, 76, 53, 0, 45.26%, 0, 0, 10, 5.11, 100560, 43
1209, 1, 52, 77, 54, 0, 45.26%, 0, 0, 10, 722.52, 104081, 43
1218, 1, 51, 77, 54, 0, 45.26%, 0, 0, 10, 19.59, 105387, 43
1224, 1, 39, 77, 54, 0, 45.26%, 0, 0, 10, 676.97, 108766, 43
1229, 1, 40, 77, 54, 0, 45.26%, 0, 0, 10, 20.84, 109913, 43
1237, 1, 42, 77, 53, 0, 45.26%, 0, 0, 10, 17.20, 112477, 43
1242, 1, 68, 78, 54, 0, 45.26%, 0, 0, 10, 669.33, 115940, 43
1248, 1, 40, 78, 53, 0, 45.26%, 0, 0, 10, 647.74, 118002, 43
1253, 1, 40, 78, 53, 0, 45.26%, 0, 0, 10, 18.49, 118304, 43
1258, 1, 77, 79, 54, 0, 45.26%, 0, 0, 10, 722.17, 120966, 43
1263, 1, 39, 80, 53, 0, 45.26%, 0, 0, 11, 713.55, 124567, 43
1270, 1, 39, 81, 54, 0, 45.26%, 0, 0, 11, 10.51, 125350, 43
1275, 1, 77, 81, 54, 0, 45.26%, 0, 0, 11, 710.42, 128910, 43
1284, 1, 61, 81, 54, 0, 45.26%, 0, 0, 11, 23.50, 131773, 43
1289, 1, 13, 82, 54, 0, 45.26%, 0, 0, 11, 748.49, 135524, 43
1294, 2, 65, 84, 55, 0, 45.26%, 0, 0, 11, 746.70, 139341, 43
1300, 2, 65, 86, 57, 0, 45.26%, 0, 0, 11, 0.51, 140284, 43
1305, 2, 54, 87, 57, 0, 45.26%, 0, 0, 11, 730.18, 143975, 43
1310, 2, 33, 90, 58, 0, 45.26%, 0, 0, 11, 721.74, 147594, 43
1315, 2, 85, 90, 58, 0, 45.26%, 0, 0, 11, 729.21, 151464, 43
1320, 2, 8, 93, 60, 0, 45.26%, 0, 0, 11, 721.95, 154979, 43
1325, 2, 40, 95, 61, 0, 45.26%, 0, 0, 11, 723.68, 158351, 43
1330, 2, 39, 97, 62, 0, 45.26%, 0, 0, 11, 742.64, 162101, 43
1338, 2, 20, 99, 64, 0, 45.26%, 0, 0, 11, 16.73, 165475, 43
1343, 2, 93, 100, 64, 0, 45.26%, 0, 0, 11, 642.13, 168813, 43
1348, 2, 66, 101, 64, 0, 45.26%, 0, 0, 11, 708.93, 172312, 43
1353, 2, 77, 102, 63, 0, 45.26%, 0, 0, 11, 725.34, 175903, 43
1358, 2, 51, 102, 61, 0, 45.26%, 0, 0, 11, 707.02, 179481, 43
1363, 2, 90, 102, 61, 0, 45.26%, 0, 0, 11, 592.04, 182359, 43
1369, 2, 40, 102, 60, 0, 45.26%, 0, 0, 11, 640.89, 185863, 43
1374, 2, 51, 103, 60, 0, 45.26%, 0, 0, 11, 710.55, 189523, 43
1379, 2, 40, 103, 60, 0, 45.26%, 0, 0, 11, 728.17, 193226, 43
1384, 2, 54, 104, 60, 0, 45.26%, 0, 0, 11, 745.28, 196977, 43
1389, 2, 33, 106, 61, 0, 45.26%, 0, 0, 11, 749.89, 200816, 43
1394, 2, 20, 106, 60, 0, 45.26%, 0, 0, 11, 766.24, 204647, 43
1399, 3, 72, 106, 59, 0, 45.26%, 0, 0, 11, 698.44, 208298, 43
1404, 3, 40, 106, 57, 0, 45.26%, 0, 0, 11, 729.46, 212009, 43
1409, 3, 89, 106, 55, 0, 45.26%, 0, 0, 11, 693.12, 215246, 43
1414, 3, 10, 106, 55, 0, 45.26%, 0, 0, 11, 468.21, 218215, 43
1419, 3, 54, 107, 56, 0, 45.26%, 0, 0, 11, 712.42, 222206, 43
1424, 3, 97, 107, 56, 0, 45.26%, 0, 0, 11, 479.43, 224406, 43
1429, 3, 20, 107, 55, 0, 45.26%, 0, 0, 11, 649.20, 227583, 43
1434, 3, 92, 107, 55, 0, 45.26%, 0, 0, 11, 617.17, 230776, 43
1440, 3, 83, 107, 53, 0, 45.26%, 0, 0, 11, 704.54, 234533, 43
1445, 3, 77, 107, 51, 0, 45.26%, 0, 0, 11, 751.78, 238384, 43
1450, 3, 51, 107, 51, 0, 45.26%, 0, 0, 11, 748.38, 242105, 43
1455, 3, 106, 107, 50, 0, 45.26%, 0, 0, 11, 701.64, 245669, 43
1460, 3, 34, 108, 50, 0, 45.26%, 0, 0, 11, 701.54, 249062, 43
1465, 3, 77, 108, 47, 0, 45.26%, 0, 0, 11, 743.97, 252880, 43
1470, 3, 33, 109, 47, 0, 45.26%, 0, 0, 11, 751.02, 256619, 43
1475, 3, 107, 109, 47, 0, 45.26%, 0, 0, 11, 611.74, 259588, 43
1480, 3, 77, 109, 46, 0, 45.26%, 0, 0, 11, 752.83, 263666, 43
1485, 3, 77, 109, 46, 0, 45.26%, 0, 0, 11, 743.36, 267411, 43
1490, 3, 23, 109, 45, 0, 45.26%, 0, 0, 11, 756.37, 271320, 43
1496, 3, 64, 110, 44, 0, 45.26%, 0, 0, 11, 771.47, 275214, 43
1501, 3, 40, 110, 44, 0, 45.26%, 0, 0, 11, 755.90, 279037, 43
1506, 4, 64, 110, 43, 0, 45.26%, 0, 0, 11, 777.42, 283114, 43
1511, 4, 51, 110, 43, 0, 45.26%, 0, 0, 11, 767.12, 287110, 43
1516, 4, 54, 110, 43, 0, 45.26%, 0, 0, 11, 769.69, 291064, 43
1521, 4, 25, 110, 43, 0, 45.26%, 0, 0, 11, 768.56, 294990, 43
1527, 4, 102, 110, 42, 0, 45.26%, 0, 0, 11, 778.42, 299060, 43
1532, 4, 51, 110, 41, 0, 45.26%, 0, 0, 11, 719.23, 302388, 43
1537, 4, 20, 111, 41, 0, 45.26%, 0, 0, 11, 744.77, 306142, 43
1542, 4, 39, 111, 39, 0, 45.26%, 0, 0, 11, 788.54, 310125, 43
1547, 4, 77, 111, 39, 0, 45.26%, 0, 0, 11, 804.65, 314156, 43
1552, 4, 64, 111, 39, 0, 45.26%, 0, 0, 11, 793.04, 318107, 43
1555, 4, 51, 111, 39, 0, 45.26%, 1, 0, 11, 0.00, 320147, 43
