# relative_time, cycles_done, cur_item, corpus_count, pending_total, pending_favs, map_size, saved_crashes, saved_hangs, max_depth, execs_per_sec, total_execs, edges_found
69, 0, 0, 10, 9, 0, 27.00%, 0, 1, 2, 0.64, 1207, 27
74, 0, 0, 10, 9, 0, 27.00%, 0, 1, 2, 200.00, 1253, 27
118, 0, 0, 12, 11, 0, 27.00%, 0, 1, 2, 0.67, 2765, 27
123, 0, 0, 12, 11, 0, 27.00%, 0, 1, 2, 552.45, 3948, 27
166, 0, 0, 13, 12, 0, 28.00%, 0, 1, 2, 11.01, 5645, 28
166, 0, 0, 13, 12, 0, 28.00%, 0, 1, 2, 0.03, 5646, 28
171, 0, 0, 13, 12, 0, 28.00%, 0, 1, 2, 0.36, 5648, 28
176, 0, 12, 16, 14, 0, 28.00%, 0, 1, 3, 514.11, 8256, 28
218, 0, 12, 16, 14, 0, 28.00%, 0, 1, 3, 0.74, 8636, 28
259, 0, 12, 17, 15, 0, 31.00%, 0, 1, 3, 0.08, 10036, 31
264, 0, 12, 17, 15, 0, 31.00%, 0, 1, 3, 551.70, 12805, 31
302, 0, 12, 17, 15, 0, 31.00%, 0, 1, 3, 0.30, 13003, 31
342, 0, 12, 18, 16, 0, 32.00%, 0, 1, 3, 2.47, 14910, 32
347, 0, 12, 18, 16, 0, 32.00%, 0, 1, 3, 512.47, 17440, 32
380, 0, 12, 18, 16, 0, 32.00%, 0, 1, 3, 3.09, 17870, 32
415, 0, 12, 20, 18, 0, 32.00%, 0, 1, 3, 0.30, 19194, 32
451, 0, 12, 21, 19, 0, 32.00%, 0, 1, 3, 3.06, 21843, 32
482, 0, 17, 22, 19, 1, 32.00%, 0, 1, 4, 3.63, 22649, 32
487, 0, 0, 23, 19, 0, 32.00%, 0, 1, 4, 513.30, 25226, 32
518, 0, 0, 23, 19, 0, 32.00%, 0, 1, 4, 2.01, 25645, 32
523, 0, 12, 25, 21, 0, 33.00%, 0, 1, 4, 506.22, 28283, 33
553, 0, 16, 25, 20, 0, 33.00%, 0, 1, 4, 2.73, 28670, 33
587, 0, 25, 28, 22, 1, 34.00%, 0, 1, 5, 1.56, 29934, 34
592, 0, 26, 32, 25, 0, 35.00%, 0, 1, 5, 503.61, 32503, 35
621, 0, 26, 32, 25, 0, 35.00%, 0, 1, 5, 2.48, 32936, 35
652, 0, 26, 33, 26, 0, 36.00%, 0, 1, 5, 2.84, 35084, 36
660, 0, 26, 33, 26, 0, 36.00%, 0, 1, 5, 19.84, 36853, 36
675, 0, 26, 33, 26, 0, 36.00%, 0, 1, 5, 0.91, 36867, 36
708, 0, 26, 34, 27, 0, 37.00%, 0, 1, 5, 1.93, 39051, 37
713, 0, 26, 38, 31, 0, 37.00%, 0, 1, 5, 546.37, 41862, 37
735, 0, 26, 38, 31, 0, 37.00%, 0, 1, 5, 1.85, 42108, 37
742, 0, 26, 38, 31, 0, 37.00%, 0, 1, 5, 16.51, 43473, 37
757, 0, 26, 38, 31, 0, 37.00%, 0, 1, 5, 0.66, 43483, 37
769, 0, 32, 39, 30, 2, 38.00%, 0, 1, 6, 10.06, 46018, 38
784, 0, 32, 39, 30, 2, 38.00%, 0, 1, 6, 0.07, 46019, 38
789, 0, 33, 42, 31, 0, 38.00%, 0, 1, 6, 585.08, 48959, 38
812, 0, 33, 42, 31, 0, 38.00%, 0, 1, 6, 5.27, 49212, 38
832, 0, 33, 43, 32, 0, 38.00%, 0, 1, 6, 2.12, 51222, 38
837, 0, 33, 44, 33, 0, 38.00%, 0, 1, 6, 644.21, 54493, 38
859, 0, 33, 44, 33, 0, 38.00%, 0, 1, 6, 1.69, 54793, 38
888, 0, 33, 44, 33, 0, 38.00%, 0, 1, 6, 4.36, 58044, 38
893, 0, 38, 45, 34, 0, 38.00%, 0, 1, 7, 639.06, 61220, 38
911, 0, 38, 45, 34, 0, 38.00%, 0, 1, 7, 3.44, 61808, 38
929, 0, 38, 46, 35, 0, 38.00%, 0, 1, 7, 0.91, 64008, 38
941, 0, 38, 47, 36, 0, 38.00%, 0, 1, 7, 2.54, 66062, 38
949, 0, 38, 47, 36, 0, 38.00%, 0, 1, 7, 3.03, 66087, 38
954, 0, 32, 47, 36, 0, 38.00%, 0, 1, 7, 611.76, 69160, 38
964, 0, 32, 47, 36, 0, 38.00%, 0, 1, 7, 1.29, 69848, 38
969, 0, 31, 47, 35, 0, 38.00%, 0, 1, 7, 604.86, 72879, 38
986, 0, 0, 47, 35, 0, 38.00%, 0, 1, 7, 4.43, 73335, 38
1002, 0, 0, 47, 35, 0, 38.00%, 0, 1, 7, 11.50, 75820, 38
1022, 0, 33, 47, 35, 0, 38.00%, 0, 1, 7, 3.88, 78648, 38
1036, 1, 0, 51, 37, 0, 38.00%, 0, 1, 7, 1.33, 81671, 38
1041, 1, 0, 53, 39, 0, 38.00%, 0, 1, 7, 616.68, 84761, 38
1059, 1, 49, 53, 39, 0, 38.00%, 0, 1, 7, 6.64, 85156, 38
1065, 1, 38, 56, 40, 0, 38.00%, 0, 1, 7, 628.57, 88436, 38
1074, 1, 38, 56, 40, 0, 38.00%, 0, 1, 7, 0.15, 88833, 38
1092, 1, 25, 57, 41, 0, 38.00%, 0, 1, 7, 5.88, 90532, 38
1097, 1, 38, 58, 41, 0, 38.00%, 0, 1, 7, 678.83, 93968, 38
1110, 1, 35, 58, 41, 0, 38.00%, 0, 1, 7, 0.78, 94718, 38
1115, 1, 45, 60, 42, 0, 39.00%, 0, 1, 8, 657.33, 98063, 39
1125, 1, 45, 60, 42, 0, 39.00%, 0, 1, 8, 11.07, 98453, 39
1142, 1, 0, 61, 40, 0, 39.00%, 0, 1, 8, 8.34, 101105, 39
1147, 1, 12, 61, 40, 0, 39.00%, 0, 1, 8, 658.44, 104329, 39
1152, 1, 0, 61, 39, 0, 39.00%, 0, 1, 8, 723.55, 105928, 39
1160, 1, 35, 61, 39, 0, 39.00%, 0, 1, 8, 10.12, 107746, 39
1166, 1, 35, 61, 39, 0, 39.00%, 0, 1, 8, 0.18, 107747, 39
1171, 2, 59, 63, 41, 0, 40.00%, 0, 1, 9, 668.06, 111158, 40
1176, 2, 59, 66, 44, 0, 42.00%, 0, 1, 9, 669.93, 113324, 42
1185, 2, 59, 66, 44, 0, 42.00%, 0, 1, 9, 3.16, 113948, 42
1190, 2, 59, 68, 46, 0, 42.00%, 0, 1, 9, 700.31, 117498, 42
1200, 2, 59, 69, 47, 0, 42.00%, 0, 1, 9, 6.46, 118973, 42
1205, 2, 62, 69, 46, 2, 42.00%, 0, 1, 9, 731.85, 122657, 42
1214, 2, 62, 71, 48, 2, 42.00%, 0, 1, 10, 15.20, 123956, 42
1219, 2, 62, 73, 50, 2, 42.00%, 0, 1, 10, 695.46, 127441, 42
1225, 2, 62, 73, 50, 2, 42.00%, 0, 1, 10, 3.92, 128677, 42
1233, 2, 62, 75, 52, 2, 42.00%, 0, 1, 10, 6.75, 131312, 42
1238, 2, 63, 81, 57, 1, 42.00%, 0, 1, 10, 639.29, 134875, 42
1244, 2, 25, 85, 60, 0, 42.00%, 0, 1, 10, 678.45, 136966, 42
1250, 2, 75, 85, 60, 0, 42.00%, 0, 1, 10, 2.30, 137734, 42
1255, 2, 41, 86, 59, 0, 43.00%, 0, 1, 11, 743.06, 141464, 43
1262, 2, 85, 89, 61, 0, 43.00%, 0, 1, 12, 64.71, 144852, 43
1267, 2, 85, 90, 62, 0, 43.00%, 0, 1, 12, 731.14, 145909, 43
1272, 2, 85, 90, 62, 0, 43.00%, 0, 1, 12, 744.89, 149605, 43
1280, 2, 85, 92, 64, 0, 43.00%, 0, 1, 12, 7.86, 151555, 43
1285, 2, 85, 92, 64, 0, 43.00%, 0, 1, 12, 755.12, 155387, 43
1290, 2, 85, 93, 65, 0, 43.00%, 0, 1, 12, 763.27, 159178, 43
1296, 2, 33, 94, 66, 0, 43.00%, 0, 1, 12, 0.51, 160107, 43
1301, 2, 99, 101, 72, 0, 44.00%, 0, 1, 12, 667.64, 163325, 44
1306, 2, 99, 103, 74, 0, 44.00%, 0, 1, 12, 637.05, 166511, 44
1311, 2, 99, 104, 75, 0, 44.00%, 0, 1, 12, 626.19, 169662, 44
1316, 2, 99, 104, 75, 0, 44.00%, 0, 1, 12, 701.72, 173216, 44
1321, 2, 66, 107, 78, 0, 44.00%, 0, 1, 12, 730.84, 176896, 44
1326, 2, 33, 108, 76, 0, 44.00%, 0, 1, 12, 750.49, 180646, 44
1334, 2, 89, 108, 74, 0, 44.00%, 0, 1, 12, 18.38, 184309, 44
1339, 2, 65, 108, 73, 0, 44.00%, 0, 1, 12, 750.43, 188067, 44
1344, 2, 27, 108, 73, 0, 44.00%, 0, 1, 12, 774.48, 192115, 44
1349, 2, 0, 108, 71, 0, 44.00%, 0, 1, 12, 669.52, 195402, 44
1355, 2, 0, 110, 72, 0, 44.00%, 0, 1, 12, 772.42, 199469, 44
1360, 2, 107, 110, 71, 0, 44.00%, 0, 1, 12, 706.62, 203107, 44
1365, 2, 107, 111, 72, 0, 44.00%, 0, 1, 12, 514.05, 205438, 44
1370, 2, 0, 114, 73, 0, 44.00%, 0, 1, 12, 688.66, 209171, 44
1375, 2, 62, 114, 72, 0, 44.00%, 0, 1, 12, 731.68, 213024, 44
1380, 2, 65, 114, 71, 0, 44.00%, 0, 1, 12, 752.77, 216809, 44
1385, 2, 109, 115, 72, 0, 44.00%, 0, 1, 12, 764.63, 220645, 44
1390, 2, 99, 116, 71, 0, 44.00%, 0, 1, 12, 762.48, 224584, 44
1395, 2, 62, 116, 71, 0, 44.00%, 0, 1, 12, 751.43, 228343, 44
1400, 2, 62, 116, 70, 0, 44.00%, 0, 1, 12, 743.15, 232198, 44
1405, 3, 62, 117, 71, 0, 44.00%, 0, 1, 12, 755.89, 236121, 44
1410, 3, 100, 117, 70, 0, 44.00%, 0, 1, 12, 442.11, 238716, 44
1416, 3, 38, 117, 69, 0, 44.00%, 0, 1, 12, 713.32, 242595, 44
1421, 3, 0, 117, 69, 0, 44.00%, 0, 1, 12, 779.64, 246553, 44
1426, 3, 0, 117, 69, 0, 44.00%, 0, 1, 12, 787.68, 250511, 44
1431, 3, 27, 118, 70, 0, 44.00%, 0, 1, 12, 757.34, 254266, 44
1436, 3, 81, 118, 70, 0, 44.00%, 0, 1, 12, 726.25, 258025, 44
1441, 3, 102, 119, 69, 0, 44.00%, 0, 1, 12, 765.57, 261914, 44
1446, 3, 71, 119, 68, 0, 44.00%, 0, 1, 12, 722.29, 265220, 44
1451, 3, 71, 119, 68, 0, 44.00%, 0, 1, 12, 759.61, 269165, 44
1456, 3, 71, 119, 68, 0, 44.00%, 0, 1, 12, 761.47, 272953, 44
1461, 3, 61, 119, 68, 0, 44.00%, 0, 1, 12, 753.08, 276734, 44
1466, 3, 106, 119, 66, 0, 44.00%, 0, 1, 12, 614.82, 279897, 44
1471, 3, 0, 119, 65, 0, 44.00%, 0, 1, 12, 723.34, 283543, 44
1477, 3, 63, 119, 65, 0, 44.00%, 0, 1, 12, 775.05, 287595, 44
1482, 3, 84, 119, 65, 0, 44.00%, 0, 1, 12, 782.48, 291677, 44
1487, 3, 99, 119, 64, 0, 44.00%, 0, 1, 12, 797.64, 295835, 44
1492, 3, 38, 119, 64, 0, 44.00%, 0, 1, 12, 788.19, 299740, 44
1497, 3, 116, 119, 64, 0, 44.00%, 0, 1, 12, 730.89, 303437, 44
1502, 3, 63, 119, 63, 0, 44.00%, 0, 1, 12, 801.82, 307603, 44
1507, 4, 0, 119, 63, 0, 44.00%, 0, 1, 12, 785.22, 311521, 44
1512, 4, 71, 119, 63, 0, 44.00%, 0, 1, 12, 813.15, 315753, 44
1518, 4, 79, 120, 64, 0, 44.00%, 0, 1, 12, 779.70, 319771, 44
1523, 4, 71, 120, 63, 0, 44.00%, 0, 1, 12, 779.53, 323881, 44
1528, 4, 38, 120, 63, 0, 44.00%, 0, 1, 12, 799.24, 327919, 44
1533, 4, 35, 120, 62, 0, 44.00%, 0, 1, 12, 797.59, 331926, 44
1538, 4, 71, 120, 62, 0, 44.00%, 0, 1, 12, 790.56, 335840, 44
1543, 4, 71, 120, 60, 0, 44.00%, 0, 1, 12, 824.34, 340098, 44
1548, 4, 120, 121, 61, 0, 44.00%, 0, 1, 12, 793.46, 344002, 44
1553, 4, 120, 121, 61, 0, 44.00%, 0, 1, 12, 751.29, 347650, 44
1559, 4, 121, 123, 61, 0, 49.00%, 0, 1, 12, 823.91, 351941, 49
1564, 4, 121, 123, 61, 0, 49.00%, 0, 1, 12, 851.00, 356357, 49
1569, 4, 121, 123, 61, 0, 49.00%, 0, 1, 12, 833.44, 360693, 49
1574, 4, 121, 123, 61, 0, 49.00%, 0, 1, 12, 797.24, 364800, 49
1579, 4, 121, 123, 61, 0, 49.00%, 0, 1, 12, 771.71, 368830, 49
1584, 4, 121, 123, 61, 0, 49.00%, 0, 1, 12, 826.89, 373221, 49
1590, 4, 122, 123, 60, 0, 49.00%, 0, 1, 12, 829.16, 377580, 49
1595, 4, 35, 123, 60, 0, 49.00%, 0, 1, 12, 784.41, 381536, 49
1600, 4, 121, 123, 60, 0, 49.00%, 0, 1, 12, 813.88, 385653, 49
1605, 4, 122, 123, 60, 0, 49.00%, 0, 1, 12, 805.33, 389850, 49
1610, 4, 121, 123, 60, 0, 49.00%, 0, 1, 12, 757.10, 393819, 49
1615, 4, 115, 123, 60, 0, 49.00%, 0, 1, 12, 797.38, 397906, 49
1620, 4, 0, 123, 59, 0, 49.00%, 0, 1, 12, 803.02, 401958, 49
1625, 4, 44, 123, 59, 0, 49.00%, 0, 1, 12, 820.19, 406299, 49
1630, 4, 121, 123, 58, 0, 49.00%, 0, 1, 12, 814.03, 410377, 49
1635, 4, 121, 123, 58, 0, 49.00%, 0, 1, 12, 815.82, 414456, 49
1640, 4, 121, 123, 58, 0, 49.00%, 0, 1, 12, 830.96, 418655, 49
1646, 4, 121, 123, 58, 0, 49.00%, 0, 1, 12, 815.11, 422914, 49
1651, 4, 121, 123, 58, 0, 49.00%, 0, 1, 12, 812.15, 426961, 49
1656, 5, 68, 124, 59, 0, 49.00%, 0, 1, 12, 810.97, 431058, 49
1661, 5, 121, 124, 58, 0, 49.00%, 0, 1, 12, 798.25, 435167, 49
1666, 5, 113, 125, 59, 0, 49.00%, 0, 1, 13, 797.47, 439246, 49
1671, 5, 121, 125, 58, 0, 49.00%, 0, 1, 13, 787.39, 443152, 49
1676, 5, 121, 125, 58, 0, 49.00%, 0, 1, 13, 796.08, 447187, 49
1681, 5, 121, 125, 57, 0, 49.00%, 0, 1, 13, 777.63, 451062, 49
1686, 5, 121, 125, 57, 0, 49.00%, 0, 1, 13, 826.63, 455384, 49
1691, 5, 111, 125, 57, 0, 49.00%, 0, 1, 13, 758.37, 459263, 49
1696, 5, 122, 125, 56, 0, 49.00%, 0, 1, 13, 728.85, 462644, 49
1702, 5, 122, 125, 55, 0, 49.00%, 0, 1, 13, 798.13, 466863, 49
1707, 5, 121, 125, 55, 0, 49.00%, 0, 1, 13, 789.47, 470802, 49
1712, 5, 121, 125, 55, 0, 49.00%, 0, 1, 13, 818.99, 475049, 49
1717, 5, 121, 125, 55, 0, 49.00%, 0, 1, 13, 808.50, 479229, 49
1722, 5, 121, 125, 53, 0, 49.00%, 0, 1, 13, 838.16, 483431, 49
1727, 5, 121, 125, 53, 0, 49.00%, 0, 1, 13, 834.93, 487591, 49
1732, 5, 96, 125, 51, 0, 49.00%, 0, 1, 13, 798.57, 491683, 49
1737, 5, 121, 125, 50, 0, 49.00%, 0, 1, 13, 792.01, 495537, 49
1742, 5, 101, 125, 49, 0, 49.00%, 0, 1, 13, 749.16, 499379, 49
1748, 5, 121, 125, 48, 0, 49.00%, 0, 1, 13, 814.99, 503728, 49
1753, 5, 121, 125, 48, 0, 49.00%, 0, 1, 13, 829.75, 508006, 49
1758, 5, 121, 125, 48, 0, 49.00%, 0, 1, 13, 815.52, 512103, 49
1763, 5, 122, 125, 48, 0, 49.00%, 0, 1, 13, 836.36, 516338, 49
1768, 5, 121, 125, 48, 0, 49.00%, 0, 1, 13, 806.74, 520456, 49
1773, 5, 101, 125, 48, 0, 49.00%, 0, 1, 13, 801.46, 524481, 49
1778, 5, 121, 125, 48, 0, 49.00%, 0, 1, 13, 813.07, 528502, 49
1783, 5, 0, 125, 48, 0, 49.00%, 0, 1, 13, 830.25, 532631, 49
1788, 5, 62, 125, 48, 0, 49.00%, 0, 1, 13, 848.05, 536947, 49
1793, 6, 121, 125, 48, 0, 49.00%, 0, 1, 13, 843.89, 541216, 49
1798, 6, 62, 125, 48, 0, 49.00%, 0, 1, 13, 814.57, 545213, 49
1803, 6, 101, 125, 48, 0, 49.00%, 0, 1, 13, 818.87, 549390, 49
1808, 6, 0, 125, 48, 0, 49.00%, 0, 1, 13, 810.27, 553446, 49
1813, 6, 124, 125, 48, 0, 49.00%, 0, 1, 13, 742.21, 557296, 49
1818, 6, 33, 125, 47, 0, 49.00%, 0, 1, 13, 791.17, 561169, 49
1823, 6, 0, 125, 47, 0, 49.00%, 0, 1, 13, 831.14, 565356, 49
1829, 6, 0, 125, 47, 0, 49.00%, 0, 1, 13, 838.17, 569678, 49
1834, 6, 121, 125, 47, 0, 49.00%, 0, 1, 13, 814.74, 573744, 49
1839, 6, 121, 125, 47, 0, 49.00%, 0, 1, 13, 836.56, 578085, 49
1844, 6, 121, 125, 47, 0, 49.00%, 0, 1, 13, 800.97, 582153, 49
1849, 6, 121, 125, 47, 0, 49.00%, 0, 1, 13, 816.74, 586416, 49
1854, 6, 121, 125, 46, 0, 49.00%, 0, 1, 13, 824.37, 590680, 49
1859, 6, 121, 125, 46, 0, 49.00%, 0, 1, 13, 819.53, 594839, 49
1864, 6, 117, 126, 47, 0, 49.00%, 0, 1, 13, 769.26, 598675, 49
1869, 6, 121, 126, 46, 0, 49.00%, 0, 1, 13, 777.99, 602571, 49
1874, 6, 121, 126, 46, 0, 49.00%, 0, 1, 13, 815.61, 606745, 49
1879, 6, 0, 127, 47, 0, 49.00%, 0, 1, 13, 748.27, 610492, 49
1884, 6, 122, 127, 46, 0, 49.00%, 0, 1, 13, 781.93, 614410, 49
1889, 6, 0, 127, 46, 0, 49.00%, 0, 1, 13, 785.57, 618390, 49
1895, 6, 0, 127, 46, 0, 49.00%, 0, 1, 13, 816.58, 622731, 49
1900, 6, 121, 127, 46, 0, 49.00%, 0, 1, 13, 791.92, 626679, 49
1905, 6, 35, 127, 46, 0, 49.00%, 0, 1, 13, 768.71, 630579, 49
1910, 7, 121, 127, 46, 0, 49.00%, 0, 1, 13, 814.58, 634837, 49
1915, 7, 35, 127, 46, 0, 49.00%, 0, 1, 13, 812.85, 638973, 49
1920, 7, 33, 127, 46, 0, 49.00%, 0, 1, 13, 825.60, 643107, 49
1925, 7, 121, 127, 46, 0, 49.00%, 0, 1, 13, 817.11, 647247, 49
1930, 7, 122, 127, 46, 0, 49.00%, 0, 1, 13, 754.15, 651105, 49
1935, 7, 121, 127, 46, 0, 49.00%, 0, 1, 13, 820.75, 655271, 49
1940, 7, 0, 127, 46, 0, 49.00%, 0, 1, 13, 801.96, 659247, 49
1945, 7, 38, 127, 46, 0, 49.00%, 0, 1, 13, 829.78, 663598, 49
1950, 7, 121, 127, 45, 0, 49.00%, 0, 1, 13, 683.28, 667278, 49
1955, 7, 0, 127, 45, 0, 49.00%, 0, 1, 13, 769.91, 671194, 49
1961, 7, 121, 127, 45, 0, 49.00%, 0, 1, 13, 829.88, 675630, 49
1966, 7, 121, 127, 45, 0, 49.00%, 0, 1, 13, 767.54, 679551, 49
1971, 7, 121, 127, 44, 0, 49.00%, 0, 1, 13, 825.30, 683857, 49
1976, 7, 121, 127, 44, 0, 49.00%, 0, 1, 13, 811.43, 687931, 49
1981, 7, 122, 127, 44, 0, 49.00%, 0, 1, 13, 836.07, 692191, 49
1986, 7, 121, 127, 44, 0, 49.00%, 0, 1, 13, 838.11, 696530, 49
1991, 7, 0, 127, 44, 0, 49.00%, 0, 1, 13, 802.54, 700553, 49
1996, 7, 121, 127, 44, 0, 49.00%, 0, 1, 13, 846.04, 704991, 49
2001, 7, 121, 127, 44, 0, 49.00%, 0, 1, 13, 797.08, 708973, 49
2007, 7, 121, 127, 44, 0, 49.00%, 0, 1, 13, 818.38, 713139, 49
2012, 8, 121, 127, 44, 0, 49.00%, 0, 1, 13, 842.78, 717381, 49
2017, 8, 121, 127, 44, 0, 49.00%, 0, 1, 13, 841.66, 721667, 49
2022, 8, 121, 127, 44, 0, 49.00%, 0, 1, 13, 840.33, 725818, 49
2027, 8, 121, 127, 44, 0, 49.00%, 0, 1, 13, 820.46, 729950, 49
2032, 8, 126, 127, 44, 0, 49.00%, 0, 1, 13, 356.94, 731047, 49
2037, 8, 126, 127, 44, 0, 49.00%, 0, 1, 13, 233.82, 732069, 49
2042, 8, 122, 127, 43, 0, 49.00%, 0, 1, 13, 722.15, 736192, 49
2047, 8, 0, 127, 43, 0, 49.00%, 0, 1, 13, 808.50, 740369, 49
2052, 8, 121, 127, 43, 0, 49.00%, 0, 1, 13, 827.35, 744524, 49
2057, 8, 121, 127, 43, 0, 49.00%, 0, 1, 13, 842.85, 748783, 49
2062, 8, 121, 127, 43, 0, 49.00%, 0, 1, 13, 861.15, 753279, 49
2068, 8, 121, 127, 43, 0, 49.00%, 0, 1, 13, 842.77, 757570, 49
2073, 8, 121, 127, 43, 0, 49.00%, 0, 1, 13, 817.82, 761594, 49
2078, 8, 121, 127, 43, 0, 49.00%, 0, 1, 13, 841.62, 765902, 49
2083, 8, 0, 127, 43, 0, 49.00%, 0, 1, 13, 849.46, 770184, 49
2088, 8, 121, 127, 43, 0, 49.00%, 0, 1, 13, 844.70, 774496, 49
2093, 8, 122, 127, 43, 0, 49.00%, 0, 1, 13, 821.34, 778615, 49
2098, 8, 121, 127, 43, 0, 49.00%, 0, 1, 13, 853.09, 783057, 49
2103, 8, 121, 127, 43, 0, 49.00%, 0, 1, 13, 811.22, 787006, 49
2108, 8, 123, 127, 43, 0, 49.00%, 0, 1, 13, 735.69, 790780, 49
2113, 8, 121, 127, 42, 0, 49.00%, 0, 1, 13, 821.53, 795029, 49
2119, 8, 121, 127, 42, 0, 49.00%, 0, 1, 13, 810.40, 799095, 49
2124, 8, 0, 127, 42, 0, 49.00%, 0, 1, 13, 776.70, 802945, 49
2129, 9, 0, 127, 42, 0, 49.00%, 0, 1, 13, 830.25, 807144, 49
2134, 9, 62, 127, 42, 0, 49.00%, 0, 1, 13, 824.81, 811271, 49
2139, 9, 121, 127, 42, 0, 49.00%, 0, 1, 13, 809.87, 815375, 49
2144, 9, 121, 127, 42, 0, 49.00%, 0, 1, 13, 797.14, 819261, 49
2149, 9, 94, 127, 42, 0, 49.00%, 0, 1, 13, 821.07, 823532, 49
2154, 9, 0, 127, 41, 0, 49.00%, 0, 1, 13, 740.66, 827118, 49
2159, 9, 38, 127, 41, 0, 49.00%, 0, 1, 13, 818.52, 831481, 49
2164, 9, 122, 127, 41, 0, 49.00%, 0, 1, 13, 797.81, 835649, 49
2170, 9, 121, 127, 41, 0, 49.00%, 0, 1, 13, 823.69, 839952, 49
2175, 9, 121, 127, 41, 0, 49.00%, 0, 1, 13, 786.50, 844119, 49
2180, 9, 35, 127, 41, 0, 49.00%, 0, 1, 13, 784.63, 848117, 49
2185, 9, 121, 127, 41, 0, 49.00%, 0, 1, 13, 807.14, 852214, 49
2190, 9, 33, 127, 41, 0, 49.00%, 0, 1, 13, 808.69, 856338, 49
2195, 9, 62, 127, 41, 0, 49.00%, 0, 1, 13, 771.07, 860253, 49
2200, 9, 0, 127, 40, 0, 49.00%, 0, 1, 13, 790.05, 864465, 49
2205, 9, 33, 127, 40, 0, 49.00%, 0, 1, 13, 827.50, 868738, 49
2210, 9, 121, 127, 40, 0, 49.00%, 0, 1, 13, 826.32, 872848, 49
2215, 9, 0, 127, 40, 0, 49.00%, 0, 1, 13, 831.74, 876878, 49
2220, 9, 121, 127, 40, 0, 49.00%, 0, 1, 13, 797.92, 880825, 49
2225, 9, 101, 127, 40, 0, 49.00%, 0, 1, 13, 800.38, 884896, 49
2230, 9, 62, 127, 40, 0, 49.00%, 0, 1, 13, 815.57, 889122, 49
2236, 10, 121, 127, 39, 0, 49.00%, 0, 1, 13, 807.55, 893249, 49
2241, 10, 121, 127, 39, 0, 49.00%, 0, 1, 13, 812.65, 897396, 49
2246, 10, 62, 127, 39, 0, 49.00%, 0, 1, 13, 812.21, 901485, 49
2251, 10, 121, 127, 39, 0, 49.00%, 0, 1, 13, 783.54, 905495, 49
2256, 10, 101, 127, 39, 0, 49.00%, 0, 1, 13, 748.98, 909225, 49
2261, 10, 121, 127, 39, 0, 49.00%, 0, 1, 13, 827.82, 913552, 49
2266, 10, 62, 127, 39, 0, 49.00%, 0, 1, 13, 802.40, 917632, 49
2271, 10, 121, 127, 39, 0, 49.00%, 0, 1, 13, 806.77, 921817, 49
2276, 10, 35, 127, 39, 0, 49.00%, 0, 1, 13, 799.62, 925834, 49
2281, 10, 121, 127, 39, 0, 49.00%, 0, 1, 13, 771.29, 929662, 49
2286, 10, 121, 127, 39, 0, 49.00%, 0, 1, 13, 754.07, 933564, 49
2291, 10, 121, 127, 39, 0, 49.00%, 0, 1, 13, 775.78, 937528, 49
2296, 10, 101, 127, 39, 0, 49.00%, 0, 1, 13, 792.59, 941472, 49
2302, 10, 121, 127, 39, 0, 49.00%, 0, 1, 13, 825.59, 945823, 49
2307, 10, 121, 127, 39, 0, 49.00%, 0, 1, 13, 794.07, 949701, 49
2312, 10, 121, 127, 39, 0, 49.00%, 0, 1, 13, 815.73, 953928, 49
2317, 10, 0, 127, 39, 0, 49.00%, 0, 1, 13, 798.22, 957963, 49
2322, 10, 0, 127, 39, 0, 49.00%, 0, 1, 13, 765.21, 961735, 49
2327, 10, 33, 127, 39, 0, 49.00%, 0, 1, 13, 805.89, 965886, 49
2332, 10, 121, 127, 39, 0, 49.00%, 0, 1, 13, 830.45, 970094, 49
2337, 10, 122, 127, 39, 0, 49.00%, 0, 1, 13, 773.23, 973999, 49
2342, 10, 121, 127, 39, 0, 49.00%, 0, 1, 13, 799.44, 978167, 49
2347, 10, 121, 127, 39, 0, 49.00%, 0, 1, 13, 831.88, 982512, 49
2353, 10, 33, 127, 39, 0, 49.00%, 0, 1, 13, 794.82, 986516, 49
2358, 11, 121, 127, 39, 0, 49.00%, 0, 1, 13, 829.38, 990911, 49
2363, 11, 0, 127, 39, 0, 49.00%, 0, 1, 13, 824.83, 995024, 49
2368, 11, 121, 127, 39, 0, 49.00%, 0, 1, 13, 840.15, 999262, 49
2373, 11, 35, 127, 39, 0, 49.00%, 0, 1, 13, 790.92, 1003223, 49
2378, 11, 114, 127, 39, 0, 49.00%, 0, 1, 13, 793.67, 1007316, 49
2383, 11, 121, 127, 38, 0, 49.00%, 0, 1, 13, 789.51, 1011325, 49
2388, 11, 121, 127, 38, 0, 49.00%, 0, 1, 13, 835.04, 1015538, 49
2393, 11, 121, 127, 38, 0, 49.00%, 0, 1, 13, 777.24, 1019448, 49
2398, 11, 62, 127, 38, 0, 49.00%, 0, 1, 13, 789.29, 1023530, 49
2403, 11, 0, 127, 38, 0, 49.00%, 0, 1, 13, 809.20, 1027636, 49
2409, 11, 0, 127, 38, 0, 49.00%, 0, 1, 13, 744.84, 1031427, 49
2414, 11, 101, 127, 38, 0, 49.00%, 0, 1, 13, 799.82, 1035578, 49
2419, 11, 122, 127, 38, 0, 49.00%, 0, 1, 13, 769.67, 1039474, 49
2424, 11, 35, 127, 38, 0, 49.00%, 0, 1, 13, 823.20, 1043809, 49
2429, 11, 121, 127, 38, 0, 49.00%, 0, 1, 13, 853.22, 1048166, 49
2434, 11, 38, 127, 38, 0, 49.00%, 0, 1, 13, 851.96, 1052452, 49
2439, 11, 121, 127, 38, 0, 49.00%, 0, 1, 13, 813.61, 1056517, 49
2444, 11, 122, 127, 38, 0, 49.00%, 0, 1, 13, 825.57, 1060734, 49
2449, 11, 35, 127, 38, 0, 49.00%, 0, 1, 13, 827.10, 1064835, 49
2454, 11, 121, 127, 38, 0, 49.00%, 0, 1, 13, 827.44, 1069013, 49
2459, 12, 121, 127, 38, 0, 49.00%, 0, 1, 13, 833.05, 1073366, 49
2464, 12, 121, 127, 38, 0, 49.00%, 0, 1, 13, 787.28, 1077372, 49
2470, 12, 121, 127, 38, 0, 49.00%, 0, 1, 13, 734.63, 1081073, 49
2475, 12, 62, 127, 38, 0, 49.00%, 0, 1, 13, 795.13, 1085171, 49
2480, 12, 121, 127, 38, 0, 49.00%, 0, 1, 13, 824.01, 1089231, 49
2485, 12, 122, 127, 38, 0, 49.00%, 0, 1, 13, 827.99, 1093327, 49
2490, 12, 121, 127, 38, 0, 49.00%, 0, 1, 13, 787.23, 1097304, 49
2495, 12, 121, 127, 38, 0, 49.00%, 0, 1, 13, 827.66, 1101366, 49
2500, 12, 121, 127, 38, 0, 49.00%, 0, 1, 13, 848.87, 1105692, 49
2505, 12, 121, 127, 37, 0, 49.00%, 0, 1, 13, 830.94, 1109831, 49
2510, 12, 0, 127, 37, 0, 49.00%, 0, 1, 13, 813.93, 1113961, 49
2515, 12, 121, 127, 37, 0, 49.00%, 0, 1, 13, 858.22, 1118282, 49
2520, 12, 121, 127, 37, 0, 49.00%, 0, 1, 13, 817.26, 1122300, 49
2525, 12, 121, 127, 37, 0, 49.00%, 0, 1, 13, 793.52, 1126303, 49
2530, 12, 121, 127, 37, 0, 49.00%, 0, 1, 13, 757.47, 1130129, 49
2535, 12, 121, 127, 37, 0, 49.00%, 0, 1, 13, 820.89, 1134362, 49
2541, 12, 0, 127, 37, 0, 49.00%, 0, 1, 13, 772.18, 1138022, 49
2546, 12, 122, 127, 36, 0, 49.00%, 0, 1, 13, 804.97, 1142218, 49
2551, 12, 121, 127, 36, 0, 49.00%, 0, 1, 13, 797.66, 1146152, 49
2556, 12, 62, 127, 36, 0, 49.00%, 0, 1, 13, 816.34, 1150400, 49
2561, 12, 121, 127, 36, 0, 49.00%, 0, 1, 13, 836.16, 1154733, 49
2566, 12, 121, 127, 36, 0, 49.00%, 0, 1, 13, 853.34, 1159107, 49
2571, 12, 121, 127, 36, 0, 49.00%, 0, 1, 13, 833.62, 1163243, 49
2576, 13, 122, 127, 36, 0, 49.00%, 0, 1, 13, 838.88, 1167396, 49
2581, 13, 101, 127, 36, 0, 49.00%, 0, 1, 13, 839.91, 1171630, 49
2586, 13, 121, 127, 36, 0, 49.00%, 0, 1, 13, 838.45, 1175719, 49
2592, 13, 101, 127, 36, 0, 49.00%, 0, 1, 13, 774.11, 1179439, 49
2597, 13, 121, 127, 36, 0, 49.00%, 0, 1, 13, 787.54, 1183639, 49
2602, 13, 97, 127, 36, 0, 49.00%, 0, 1, 13, 729.49, 1187369, 49
2607, 13, 121, 127, 35, 0, 49.00%, 0, 1, 13, 665.56, 1190780, 49
2612, 13, 121, 127, 35, 0, 49.00%, 0, 1, 13, 782.36, 1194913, 49
2617, 13, 0, 127, 35, 0, 49.00%, 0, 1, 13, 795.92, 1198816, 49
2622, 13, 121, 127, 35, 0, 49.00%, 0, 1, 13, 734.65, 1202492, 49
2627, 13, 33, 127, 35, 0, 49.00%, 0, 1, 13, 782.76, 1206524, 49
2632, 13, 122, 127, 35, 0, 49.00%, 0, 1, 13, 811.46, 1210800, 49
2637, 13, 121, 127, 35, 0, 49.00%, 0, 1, 13, 812.50, 1215053, 49
2642, 13, 121, 127, 35, 0, 49.00%, 0, 1, 13, 805.21, 1219162, 49
2648, 13, 121, 127, 35, 0, 49.00%, 0, 1, 13, 822.30, 1223310, 49
2653, 13, 121, 127, 35, 0, 49.00%, 0, 1, 13, 826.02, 1227344, 49
2658, 13, 101, 127, 35, 0, 49.00%, 0, 1, 13, 789.66, 1231454, 49
2663, 13, 0, 127, 34, 0, 49.00%, 0, 1, 13, 820.19, 1235622, 49
2668, 13, 121, 127, 34, 0, 49.00%, 0, 1, 13, 839.86, 1239883, 49
2673, 13, 0, 127, 34, 0, 49.00%, 0, 1, 13, 828.81, 1244091, 49
2678, 13, 121, 127, 34, 0, 49.00%, 0, 1, 13, 781.06, 1247812, 49
2683, 13, 38, 127, 34, 0, 49.00%, 0, 1, 13, 797.78, 1251754, 49
2688, 13, 35, 127, 34, 0, 49.00%, 0, 1, 13, 826.70, 1255963, 49
2693, 13, 121, 127, 34, 0, 49.00%, 0, 1, 13, 789.07, 1259978, 49
2698, 13, 101, 127, 34, 0, 49.00%, 0, 1, 13, 754.57, 1263879, 49
2703, 14, 38, 127, 34, 0, 49.00%, 0, 1, 13, 826.23, 1268100, 49
2708, 14, 121, 128, 35, 0, 49.00%, 0, 1, 13, 839.75, 1272345, 49
2713, 14, 121, 129, 36, 0, 49.00%, 0, 1, 13, 818.99, 1276436, 49
2718, 14, 101, 129, 36, 0, 49.00%, 0, 1, 13, 824.42, 1280587, 49
2723, 14, 0, 129, 36, 0, 49.00%, 0, 1, 13, 828.19, 1284797, 49
2728, 14, 112, 129, 36, 0, 49.00%, 0, 1, 13, 582.36, 1287810, 49
2733, 14, 121, 129, 35, 0, 49.00%, 0, 1, 13, 674.74, 1291129, 49
2739, 14, 62, 129, 35, 0, 49.00%, 0, 1, 13, 792.57, 1295408, 49
2744, 14, 121, 129, 35, 0, 49.00%, 0, 1, 13, 818.06, 1299637, 49
2749, 14, 121, 129, 35, 0, 49.00%, 0, 1, 13, 820.13, 1303772, 49
2754, 14, 101, 129, 35, 0, 49.00%, 0, 1, 13, 788.97, 1307804, 49
2759, 14, 0, 129, 35, 0, 49.00%, 0, 1, 13, 824.48, 1311936, 49
2764, 14, 128, 129, 35, 0, 49.00%, 0, 1, 13, 747.94, 1315777, 49
2769, 14, 121, 129, 34, 0, 49.00%, 0, 1, 13, 815.53, 1319996, 49
2774, 14, 122, 129, 34, 0, 49.00%, 0, 1, 13, 820.61, 1324050, 49
2780, 14, 121, 129, 34, 0, 49.00%, 0, 1, 13, 846.83, 1328445, 49
2785, 14, 121, 129, 34, 0, 49.00%, 0, 1, 13, 844.96, 1332635, 49
2790, 14, 121, 129, 34, 0, 49.00%, 0, 1, 13, 832.62, 1336747, 49
2795, 14, 121, 129, 34, 0, 49.00%, 0, 1, 13, 819.23, 1340959, 49
2800, 14, 121, 129, 34, 0, 49.00%, 0, 1, 13, 784.72, 1345013, 49
2805, 14, 121, 129, 34, 0, 49.00%, 0, 1, 13, 800.17, 1348822, 49
2810, 14, 62, 129, 34, 0, 49.00%, 0, 1, 13, 779.38, 1352515, 49
2815, 14, 38, 129, 34, 0, 49.00%, 0, 1, 13, 823.47, 1356762, 49
2817, 15, 121, 129, 34, 0, 49.00%, 1, 1, 13, 0.00, 1358030, 49
