# relative_time, cycles_done, cur_item, corpus_count, pending_total, pending_favs, map_size, saved_crashes, saved_hangs, max_depth, execs_per_sec, total_execs, edges_found
77, 0, 0, 24, 24, 1, 52.56%, 0, 0, 2, 0.25, 1655, 41
78, 0, 0, 24, 24, 1, 52.56%, 0, 0, 2, 343.28, 1727, 41
122, 0, 0, 25, 25, 1, 52.56%, 0, 0, 2, 1.33, 3557, 41
127, 0, 0, 27, 27, 1, 53.85%, 0, 0, 2, 641.12, 4897, 42
170, 0, 0, 27, 27, 1, 53.85%, 0, 0, 2, 23.70, 6837, 42
170, 0, 0, 27, 27, 1, 53.85%, 0, 0, 2, 0.03, 6838, 42
175, 0, 0, 27, 27, 1, 53.85%, 0, 0, 2, 0.54, 6841, 42
180, 0, 0, 27, 27, 1, 53.85%, 0, 0, 2, 587.10, 9863, 42
214, 0, 0, 27, 27, 1, 53.85%, 0, 0, 2, 3.95, 10259, 42
221, 0, 0, 27, 27, 1, 53.85%, 0, 0, 2, 0.28, 10261, 42
263, 0, 0, 27, 27, 1, 53.85%, 0, 0, 2, 0.03, 11844, 42
268, 0, 0, 27, 27, 1, 53.85%, 0, 0, 2, 638.96, 15134, 42
306, 0, 0, 27, 27, 1, 53.85%, 0, 0, 2, 0.32, 15278, 42
346, 0, 0, 27, 27, 1, 53.85%, 0, 0, 2, 0.33, 17486, 42
351, 0, 0, 27, 27, 1, 53.85%, 0, 0, 2, 588.88, 20467, 42
384, 0, 0, 27, 27, 1, 53.85%, 0, 0, 2, 0.68, 20885, 42
419, 0, 0, 27, 27, 1, 53.85%, 0, 0, 2, 0.36, 22418, 42
427, 0, 0, 27, 27, 1, 53.85%, 0, 0, 2, 42.23, 25490, 42
455, 0, 0, 27, 27, 1, 53.85%, 0, 0, 2, 0.04, 25491, 42
486, 0, 0, 27, 27, 1, 53.85%, 0, 0, 2, 4.72, 26484, 42
491, 0, 0, 28, 28, 1, 55.13%, 0, 0, 2, 612.53, 29577, 43
522, 0, 0, 28, 28, 1, 55.13%, 0, 0, 2, 2.41, 30081, 43
527, 0, 0, 28, 28, 1, 55.13%, 0, 0, 2, 612.91, 33249, 43
557, 0, 0, 28, 28, 1, 55.13%, 0, 0, 2, 4.49, 33741, 43
591, 0, 0, 28, 28, 1, 55.13%, 0, 0, 2, 2.44, 35266, 43
596, 0, 0, 30, 30, 1, 56.41%, 0, 0, 2, 615.20, 38387, 44
625, 0, 0, 30, 30, 1, 56.41%, 0, 0, 2, 3.82, 38867, 44
656, 0, 0, 30, 30, 1, 56.41%, 0, 0, 2, 4.32, 41520, 44
664, 0, 0, 30, 30, 1, 56.41%, 0, 0, 2, 11.94, 43717, 44
679, 0, 0, 30, 30, 1, 56.41%, 0, 0, 2, 0.78, 43729, 44
712, 0, 27, 36, 34, 9, 57.69%, 0, 0, 3, 3.88, 46404, 45
717, 0, 10, 45, 40, 9, 58.97%, 1, 0, 3, 0.00, 49747, 46
