# relative_time, cycles_done, cur_item, corpus_count, pending_total, pending_favs, map_size, saved_crashes, saved_hangs, max_depth, execs_per_sec, total_execs, edges_found
77, 0, 1, 11, 9, 0, 24.21%, 0, 0, 3, 0.13, 1697, 23
89, 0, 1, 11, 9, 0, 24.21%, 0, 0, 3, 1.04, 3143, 23
122, 0, 1, 11, 9, 0, 24.21%, 0, 0, 3, 0.03, 3144, 23
127, 0, 1, 11, 9, 0, 24.21%, 0, 0, 3, 403.58, 4015, 23
176, 0, 1, 11, 9, 0, 24.21%, 0, 0, 3, 1.24, 5255, 23
176, 0, 1, 11, 9, 0, 24.21%, 0, 0, 3, 0.18, 5256, 23
181, 0, 1, 11, 9, 0, 24.21%, 0, 0, 3, 370.61, 7117, 23
215, 0, 1, 11, 9, 0, 24.21%, 0, 0, 3, 1.89, 7432, 23
222, 0, 1, 11, 9, 0, 24.21%, 0, 0, 3, 1.80, 7436, 23
264, 0, 2, 11, 7, 0, 24.21%, 0, 0, 3, 0.85, 8447, 23
269, 0, 2, 11, 7, 0, 24.21%, 0, 0, 3, 399.44, 10529, 23
306, 0, 2, 11, 7, 0, 24.21%, 0, 0, 3, 0.22, 10606, 23
346, 0, 2, 11, 7, 0, 24.21%, 0, 0, 3, 2.11, 11988, 23
351, 0, 2, 14, 10, 0, 24.21%, 0, 0, 4, 369.36, 13825, 23
384, 0, 2, 14, 10, 0, 24.21%, 0, 0, 4, 1.73, 14131, 23
419, 0, 2, 15, 10, 0, 25.26%, 0, 0, 4, 1.06, 15122, 24
455, 0, 14, 19, 14, 0, 26.32%, 0, 0, 5, 1.82, 17234, 25
487, 0, 14, 21, 16, 0, 27.37%, 0, 0, 5, 2.91, 17880, 26
492, 0, 14, 22, 17, 0, 27.37%, 0, 0, 5, 410.34, 19991, 26
522, 0, 14, 22, 17, 0, 27.37%, 0, 0, 5, 2.94, 20271, 26
527, 0, 14, 22, 17, 0, 27.37%, 0, 0, 5, 407.96, 22375, 26
557, 0, 14, 22, 17, 0, 27.37%, 0, 0, 5, 3.00, 22703, 26
591, 0, 14, 23, 18, 0, 28.42%, 0, 0, 5, 1.00, 23710, 27
596, 0, 14, 25, 20, 0, 28.42%, 0, 0, 5, 403.61, 25786, 27
625, 0, 14, 25, 20, 0, 28.42%, 0, 0, 5, 1.42, 26117, 27
656, 0, 19, 26, 19, 1, 28.42%, 0, 0, 6, 2.58, 27830, 27
665, 0, 2, 28, 20, 0, 28.42%, 0, 0, 6, 7.90, 29257, 27
680, 0, 2, 28, 20, 0, 28.42%, 0, 0, 6, 0.78, 29269, 27
712, 0, 22, 28, 20, 0, 28.42%, 0, 0, 6, 15.29, 31020, 27
712, 0, 22, 28, 20, 0, 28.42%, 0, 0, 6, 0.04, 31021, 27
717, 0, 23, 28, 20, 0, 28.42%, 0, 0, 6, 478.31, 33431, 27
740, 0, 23, 28, 20, 0, 28.42%, 0, 0, 6, 2.94, 33658, 27
748, 0, 23, 30, 22, 0, 32.63%, 0, 0, 6, 9.14, 34980, 31
761, 0, 23, 30, 22, 0, 32.63%, 0, 0, 6, 0.51, 34987, 31
788, 0, 23, 30, 22, 0, 32.63%, 0, 0, 6, 4.06, 37448, 31
793, 0, 29, 33, 24, 2, 34.74%, 0, 0, 7, 525.65, 40061, 33
816, 0, 29, 33, 24, 2, 34.74%, 0, 0, 7, 0.44, 40311, 33
836, 0, 32, 35, 23, 1, 34.74%, 0, 0, 8, 1.94, 42113, 33
842, 0, 32, 38, 26, 1, 35.79%, 0, 0, 8, 620.69, 45335, 34
863, 0, 32, 38, 26, 1, 35.79%, 0, 0, 8, 4.46, 45563, 34
892, 0, 31, 40, 26, 0, 35.79%, 0, 0, 8, 5.52, 48762, 34
897, 0, 31, 42, 28, 0, 36.84%, 0, 0, 8, 641.92, 51836, 35
916, 0, 31, 42, 28, 0, 36.84%, 0, 0, 8, 2.75, 52544, 35
933, 0, 31, 42, 28, 0, 36.84%, 0, 0, 8, 8.09, 54683, 35
946, 0, 31, 43, 29, 0, 36.84%, 0, 0, 8, 5.77, 56751, 35
953, 0, 31, 43, 29, 0, 36.84%, 0, 0, 8, 5.34, 56770, 35
959, 0, 31, 44, 30, 0, 36.84%, 0, 0, 8, 616.47, 59890, 35
969, 0, 31, 44, 30, 0, 36.84%, 0, 0, 8, 12.63, 60550, 35
974, 0, 30, 45, 30, 0, 36.84%, 0, 0, 8, 608.39, 63561, 35
991, 0, 30, 45, 30, 0, 36.84%, 0, 0, 8, 5.88, 64029, 35
1006, 0, 30, 46, 31, 0, 36.84%, 0, 0, 8, 2.12, 66520, 35
1026, 0, 36, 46, 31, 0, 36.84%, 0, 0, 8, 5.33, 69344, 35
1040, 0, 36, 46, 31, 0, 36.84%, 0, 0, 8, 3.97, 72382, 35
1045, 0, 36, 46, 31, 0, 36.84%, 0, 0, 8, 613.71, 75580, 35
1064, 0, 36, 46, 31, 0, 36.84%, 0, 0, 8, 0.66, 75856, 35
1069, 0, 36, 48, 33, 0, 36.84%, 0, 0, 9, 635.09, 79141, 35
1078, 0, 36, 48, 33, 0, 36.84%, 0, 0, 9, 17.01, 79574, 35
1097, 0, 28, 48, 33, 0, 36.84%, 0, 0, 9, 6.66, 81351, 35
1102, 0, 28, 48, 33, 0, 36.84%, 0, 0, 9, 700.65, 84812, 35
1115, 0, 28, 49, 34, 0, 36.84%, 0, 0, 9, 1.12, 85691, 35
1120, 0, 41, 49, 34, 0, 36.84%, 0, 0, 9, 703.84, 89222, 35
1130, 0, 41, 49, 34, 0, 36.84%, 0, 0, 9, 3.02, 89712, 35
1146, 0, 41, 49, 34, 0, 36.84%, 0, 0, 9, 11.55, 92634, 35
1151, 0, 41, 49, 34, 0, 36.84%, 0, 0, 9, 719.96, 96323, 35
1157, 0, 41, 49, 34, 0, 36.84%, 0, 0, 9, 748.43, 98042, 35
1164, 0, 41, 49, 34, 0, 36.84%, 0, 0, 9, 20.07, 99844, 35
1170, 0, 41, 49, 34, 0, 36.84%, 0, 0, 9, 0.87, 99849, 35
1175, 0, 41, 49, 34, 0, 36.84%, 0, 0, 9, 717.83, 103433, 35
1180, 0, 41, 49, 34, 0, 36.84%, 0, 0, 9, 743.54, 105757, 35
1190, 0, 41, 49, 34, 0, 36.84%, 0, 0, 9, 14.62, 106481, 35
1195, 0, 41, 51, 36, 0, 36.84%, 0, 0, 9, 746.45, 110212, 35
1205, 0, 41, 51, 36, 0, 36.84%, 0, 0, 9, 1.75, 111791, 35
1210, 0, 2, 51, 36, 0, 36.84%, 0, 0, 9, 762.42, 115617, 35
1219, 0, 2, 51, 36, 0, 36.84%, 0, 0, 9, 11.85, 117065, 35
1224, 0, 2, 55, 40, 0, 36.84%, 0, 0, 9, 740.48, 120822, 35
1229, 0, 41, 55, 40, 0, 36.84%, 0, 0, 9, 0.31, 121930, 35
1238, 0, 2, 55, 40, 0, 36.84%, 0, 0, 9, 24.97, 124597, 35
1243, 0, 19, 55, 40, 0, 36.84%, 0, 0, 9, 725.09, 128240, 35
1248, 0, 30, 55, 40, 0, 36.84%, 0, 0, 9, 744.89, 130468, 35
1255, 0, 30, 55, 40, 0, 36.84%, 0, 0, 9, 14.98, 131140, 35
1260, 0, 41, 56, 41, 0, 36.84%, 0, 0, 9, 751.76, 135018, 35
1270, 0, 2, 56, 41, 0, 36.84%, 0, 0, 9, 15.50, 138521, 35
1275, 1, 57, 59, 44, 0, 36.84%, 0, 0, 9, 727.90, 142243, 35
1285, 1, 57, 63, 48, 0, 37.89%, 0, 0, 10, 23.18, 145337, 36
1290, 1, 57, 65, 50, 0, 37.89%, 0, 0, 10, 755.38, 149006, 36
1295, 1, 47, 65, 48, 0, 37.89%, 0, 0, 10, 766.60, 153000, 36
1300, 1, 47, 65, 48, 0, 37.89%, 0, 0, 10, 6.51, 153884, 36
1305, 1, 62, 68, 50, 0, 37.89%, 0, 0, 10, 744.53, 157612, 36
1311, 1, 62, 70, 52, 0, 44.21%, 0, 0, 11, 741.84, 161094, 42
1316, 1, 62, 70, 52, 0, 44.21%, 0, 0, 11, 758.92, 164889, 42
1321, 1, 62, 71, 53, 0, 44.21%, 0, 0, 11, 757.21, 168793, 42
1326, 1, 62, 71, 53, 0, 44.21%, 0, 0, 11, 769.72, 172667, 42
1328, 1, 69, 71, 52, 1, 44.21%, 1, 0, 11, 0.00, 174310, 42
