# relative_time, cycles_done, cur_item, corpus_count, pending_total, pending_favs, map_size, saved_crashes, saved_hangs, max_depth, execs_per_sec, total_execs, edges_found
73, 0, 0, 19, 19, 1, 41.94%, 0, 0, 2, 0.13, 1710, 39
78, 0, 0, 19, 19, 1, 41.94%, 0, 0, 2, 343.28, 1780, 39
122, 0, 0, 20, 20, 1, 43.01%, 0, 0, 2, 1.18, 2983, 40
127, 0, 0, 20, 20, 1, 43.01%, 0, 0, 2, 410.45, 3849, 40
176, 0, 0, 22, 22, 1, 43.01%, 0, 0, 2, 0.93, 5120, 40
181, 0, 0, 22, 22, 1, 43.01%, 0, 0, 2, 376.25, 7045, 40
215, 0, 0, 22, 22, 1, 43.01%, 0, 0, 2, 0.63, 7318, 40
222, 0, 0, 22, 22, 1, 43.01%, 0, 0, 2, 0.62, 7321, 40
264, 0, 0, 23, 23, 1, 43.01%, 0, 0, 2, 0.03, 8348, 40
269, 0, 0, 24, 24, 1, 44.09%, 0, 0, 2, 404.13, 10405, 41
306, 0, 0, 24, 24, 1, 44.09%, 0, 0, 2, 0.19, 10524, 41
346, 0, 0, 24, 24, 1, 44.09%, 0, 0, 2, 1.53, 11925, 41
351, 0, 0, 24, 24, 1, 44.09%, 0, 0, 2, 374.83, 13856, 41
384, 0, 0, 24, 24, 1, 44.09%, 0, 0, 2, 2.16, 14094, 41
419, 0, 0, 24, 24, 1, 44.09%, 0, 0, 2, 0.36, 15093, 41
455, 0, 0, 24, 24, 1, 44.09%, 0, 0, 2, 1.30, 17229, 41
487, 0, 0, 24, 24, 1, 44.09%, 0, 0, 2, 3.27, 17879, 41
492, 0, 0, 24, 24, 1, 44.09%, 0, 0, 2, 415.01, 20005, 41
522, 0, 0, 24, 24, 1, 44.09%, 0, 0, 2, 0.27, 20301, 41
527, 0, 0, 24, 24, 1, 44.09%, 0, 0, 2, 410.60, 22477, 41
557, 0, 0, 24, 24, 1, 44.09%, 0, 0, 2, 0.27, 22757, 41
591, 0, 0, 24, 24, 1, 44.09%, 0, 0, 2, 1.25, 23773, 41
597, 0, 0, 25, 25, 1, 44.09%, 0, 0, 2, 411.53, 25924, 41
625, 0, 0, 25, 25, 1, 44.09%, 0, 0, 2, 3.40, 26212, 41
656, 0, 0, 25, 25, 1, 44.09%, 0, 0, 2, 2.36, 27948, 41
665, 0, 0, 25, 25, 1, 44.09%, 0, 0, 2, 11.48, 29388, 41
680, 0, 0, 25, 25, 1, 44.09%, 0, 0, 2, 0.59, 29397, 41
712, 0, 0, 25, 25, 1, 44.09%, 0, 0, 2, 1.89, 31170, 41
717, 0, 0, 25, 25, 1, 44.09%, 0, 0, 2, 467.71, 33600, 41
740, 0, 0, 25, 25, 1, 44.09%, 0, 0, 2, 1.84, 33828, 41
748, 0, 0, 25, 25, 1, 44.09%, 0, 0, 2, 10.93, 35164, 41
761, 0, 0, 25, 25, 1, 44.09%, 0, 0, 2, 0.29, 35168, 41
788, 0, 0, 25, 25, 1, 44.09%, 0, 0, 2, 2.74, 37654, 41
793, 0, 0, 25, 25, 1, 44.09%, 0, 0, 2, 530.36, 40324, 41
816, 0, 0, 25, 25, 1, 44.09%, 0, 0, 2, 4.36, 40544, 41
836, 0, 0, 25, 25, 1, 44.09%, 0, 0, 2, 1.94, 42365, 41
838, 0, 0, 25, 25, 1, 44.09%, 1, 0, 2, 0.00, 43004, 41
