# relative_time, cycles_done, cur_item, corpus_count, pending_total, pending_favs, map_size, saved_crashes, saved_hangs, max_depth, execs_per_sec, total_execs, edges_found
73, 0, 0, 9, 7, 0, 17.48%, 0, 0, 2, 0.04, 1686, 18
78, 0, 0, 9, 7, 0, 17.48%, 0, 0, 2, 280.00, 1745, 18
90, 0, 0, 9, 7, 0, 17.48%, 0, 0, 2, 5.39, 2934, 18
122, 0, 0, 9, 7, 0, 17.48%, 0, 0, 2, 0.03, 2935, 18
127, 0, 0, 9, 7, 0, 17.48%, 0, 0, 2, 382.15, 3716, 18
176, 0, 0, 9, 7, 0, 17.48%, 0, 0, 2, 0.71, 4941, 18
176, 0, 0, 9, 7, 0, 17.48%, 0, 0, 2, 0.67, 4942, 18
181, 0, 0, 10, 8, 0, 18.45%, 0, 0, 2, 355.28, 6768, 19
215, 0, 0, 10, 8, 0, 18.45%, 0, 0, 2, 0.21, 7006, 19
222, 0, 0, 10, 8, 0, 18.45%, 0, 0, 2, 0.23, 7010, 19
264, 0, 9, 10, 5, 0, 18.45%, 0, 0, 2, 0.08, 7982, 19
269, 0, 9, 13, 8, 0, 20.39%, 0, 0, 3, 412.68, 10073, 21
307, 0, 9, 13, 8, 0, 20.39%, 0, 0, 3, 1.07, 10201, 21
346, 0, 9, 14, 9, 0, 21.36%, 0, 0, 3, 1.54, 11632, 22
351, 0, 9, 14, 9, 0, 21.36%, 0, 0, 3, 383.24, 13545, 22
384, 0, 9, 14, 9, 0, 21.36%, 0, 0, 3, 1.52, 13846, 22
420, 0, 9, 14, 9, 0, 21.36%, 0, 0, 3, 0.49, 14856, 22
455, 0, 9, 14, 9, 0, 21.36%, 0, 0, 3, 2.34, 16832, 22
463, 0, 9, 14, 9, 0, 21.36%, 0, 0, 3, 12.26, 17440, 22
487, 0, 9, 14, 9, 0, 21.36%, 0, 0, 3, 0.34, 17448, 22
492, 0, 9, 14, 9, 0, 21.36%, 0, 0, 3, 385.49, 19455, 22
522, 0, 9, 14, 9, 0, 21.36%, 0, 0, 3, 2.17, 19692, 22
528, 0, 11, 16, 8, 1, 21.36%, 0, 0, 4, 376.43, 21714, 22
557, 0, 11, 18, 10, 1, 21.36%, 0, 0, 4, 2.86, 21966, 22
592, 0, 10, 18, 9, 0, 21.36%, 0, 0, 4, 1.75, 22921, 22
597, 0, 10, 18, 9, 0, 21.36%, 0, 0, 4, 379.25, 24837, 22
626, 0, 10, 18, 9, 0, 21.36%, 0, 0, 4, 2.76, 25178, 22
656, 0, 10, 19, 10, 0, 21.36%, 0, 0, 4, 2.36, 26791, 22
665, 0, 13, 20, 11, 0, 21.36%, 0, 0, 4, 4.99, 28132, 22
680, 0, 13, 20, 11, 0, 21.36%, 0, 0, 4, 0.39, 28138, 22
713, 0, 13, 20, 11, 0, 21.36%, 0, 0, 4, 2.72, 29781, 22
718, 0, 12, 20, 11, 0, 21.36%, 0, 0, 4, 403.36, 31898, 22
740, 0, 12, 20, 11, 0, 21.36%, 0, 0, 4, 0.65, 32077, 22
748, 0, 10, 20, 11, 0, 21.36%, 0, 0, 4, 9.98, 33094, 22
762, 0, 10, 20, 11, 0, 21.36%, 0, 0, 4, 0.36, 33099, 22
788, 1, 10, 22, 12, 0, 21.36%, 0, 0, 4, 2.88, 34965, 22
793, 1, 5, 23, 13, 0, 21.36%, 0, 0, 4, 433.40, 37106, 22
817, 1, 5, 23, 13, 0, 21.36%, 0, 0, 4, 1.62, 37336, 22
837, 1, 10, 23, 13, 0, 21.36%, 0, 0, 4, 1.06, 38839, 22
842, 1, 12, 23, 13, 0, 21.36%, 0, 0, 4, 481.52, 41319, 22
864, 1, 12, 23, 13, 0, 21.36%, 0, 0, 4, 3.36, 41491, 22
892, 1, 22, 23, 13, 0, 21.36%, 0, 0, 4, 0.42, 43968, 22
898, 1, 10, 23, 12, 0, 21.36%, 0, 0, 4, 462.05, 46259, 22
916, 1, 12, 23, 12, 0, 21.36%, 0, 0, 4, 3.59, 46725, 22
933, 2, 10, 24, 13, 0, 21.36%, 0, 0, 4, 4.99, 48323, 22
946, 2, 5, 24, 13, 0, 21.36%, 0, 0, 4, 1.90, 49887, 22
954, 2, 5, 24, 13, 0, 21.36%, 0, 0, 4, 2.13, 49905, 22
959, 2, 13, 25, 14, 0, 21.36%, 0, 0, 4, 465.31, 52311, 22
969, 2, 10, 25, 14, 0, 21.36%, 0, 0, 4, 4.78, 52755, 22
974, 2, 10, 25, 14, 0, 21.36%, 0, 0, 4, 460.39, 55040, 22
991, 2, 11, 25, 14, 0, 21.36%, 0, 0, 4, 5.70, 55439, 22
1006, 3, 10, 25, 14, 0, 21.36%, 0, 0, 4, 2.83, 57345, 22
1027, 3, 10, 25, 14, 0, 21.36%, 0, 0, 4, 5.94, 59548, 22
1040, 3, 12, 26, 15, 0, 21.36%, 0, 0, 4, 5.95, 61855, 22
1045, 3, 10, 26, 14, 0, 21.36%, 0, 0, 4, 472.73, 64192, 22
1051, 3, 10, 26, 14, 0, 21.36%, 0, 0, 4, 3.05, 64526, 22
1064, 3, 10, 26, 14, 0, 21.36%, 0, 0, 4, 0.07, 64527, 22
1069, 4, 10, 26, 14, 0, 21.36%, 0, 0, 4, 476.70, 67033, 22
1078, 4, 10, 26, 14, 0, 21.36%, 0, 0, 4, 1.68, 67386, 22
1097, 4, 10, 26, 14, 0, 21.36%, 0, 0, 4, 6.08, 68799, 22
1102, 4, 9, 26, 13, 0, 21.36%, 0, 0, 4, 581.19, 71788, 22
1115, 4, 10, 26, 13, 0, 21.36%, 0, 0, 4, 5.62, 72425, 22
1120, 4, 26, 30, 16, 0, 24.27%, 0, 0, 5, 582.18, 75379, 25
1130, 4, 26, 30, 16, 0, 24.27%, 0, 0, 5, 3.57, 75797, 25
1147, 4, 26, 33, 19, 0, 24.27%, 0, 0, 5, 9.25, 78190, 25
1152, 4, 26, 36, 22, 0, 26.21%, 0, 0, 5, 580.46, 81042, 27
1157, 4, 26, 36, 22, 0, 26.21%, 0, 0, 5, 636.05, 82411, 27
1171, 4, 26, 37, 23, 0, 26.21%, 0, 0, 5, 1.07, 84074, 27
1176, 4, 26, 38, 24, 0, 26.21%, 0, 0, 5, 648.31, 87207, 27
1181, 4, 26, 39, 25, 0, 27.18%, 0, 0, 5, 631.58, 89344, 28
1190, 4, 26, 39, 25, 0, 27.18%, 0, 0, 5, 14.61, 90078, 28
1195, 4, 26, 39, 25, 0, 27.18%, 0, 0, 5, 664.16, 93710, 28
1205, 4, 26, 39, 25, 0, 27.18%, 0, 0, 5, 3.24, 94999, 28
1210, 4, 38, 51, 36, 3, 28.16%, 0, 0, 6, 710.02, 98564, 29
1219, 4, 38, 55, 40, 3, 28.16%, 0, 0, 6, 19.45, 99801, 29
1224, 4, 38, 59, 44, 3, 28.16%, 0, 0, 6, 643.10, 103118, 29
1230, 4, 38, 60, 45, 3, 28.16%, 0, 0, 6, 13.90, 104295, 29
1238, 4, 38, 61, 46, 3, 28.16%, 0, 0, 6, 8.31, 106880, 29
1243, 4, 34, 61, 45, 2, 28.16%, 0, 0, 6, 687.53, 110518, 29
1248, 4, 34, 62, 46, 2, 28.16%, 0, 0, 6, 635.21, 112591, 29
1255, 4, 34, 63, 47, 2, 28.16%, 0, 0, 6, 2.47, 113349, 29
1260, 4, 46, 63, 46, 1, 28.16%, 0, 0, 6, 741.49, 117085, 29
1270, 4, 26, 68, 48, 0, 28.16%, 0, 0, 6, 17.29, 120538, 29
1276, 4, 40, 70, 49, 0, 28.16%, 0, 0, 7, 672.31, 124240, 29
1285, 4, 33, 70, 48, 0, 28.16%, 0, 0, 7, 23.12, 127181, 29
1290, 4, 53, 74, 52, 0, 28.16%, 0, 0, 7, 745.89, 130979, 29
1295, 4, 13, 76, 53, 0, 28.16%, 0, 0, 7, 739.79, 134760, 29
1301, 4, 69, 76, 53, 0, 28.16%, 0, 0, 7, 27.31, 135545, 29
1306, 4, 34, 76, 52, 0, 28.16%, 0, 0, 7, 695.59, 139159, 29
1311, 4, 10, 76, 52, 0, 28.16%, 0, 0, 7, 738.21, 142980, 29
1316, 4, 34, 77, 53, 0, 28.16%, 0, 0, 7, 767.25, 146840, 29
1321, 5, 33, 78, 53, 0, 28.16%, 0, 0, 7, 754.26, 150583, 29
1326, 5, 71, 79, 53, 0, 28.16%, 0, 0, 7, 717.90, 154125, 29
1331, 5, 10, 81, 54, 0, 28.16%, 0, 0, 7, 734.75, 157790, 29
1339, 5, 26, 81, 54, 0, 28.16%, 0, 0, 7, 21.36, 161218, 29
1344, 5, 38, 81, 54, 0, 28.16%, 0, 0, 7, 712.36, 164557, 29
1349, 5, 26, 81, 54, 0, 28.16%, 0, 0, 7, 752.62, 168536, 29
1354, 5, 79, 81, 54, 0, 28.16%, 0, 0, 7, 697.62, 172192, 29
1359, 5, 33, 82, 53, 0, 28.16%, 0, 0, 7, 844.17, 175801, 29
1365, 5, 82, 85, 55, 0, 33.01%, 0, 0, 7, 756.93, 179565, 34
1370, 5, 82, 88, 58, 0, 34.95%, 0, 0, 7, 705.93, 183121, 36
1375, 5, 82, 89, 59, 0, 35.92%, 0, 0, 7, 762.20, 186958, 37
1380, 5, 82, 91, 61, 0, 35.92%, 0, 0, 7, 744.09, 190616, 37
1385, 5, 82, 92, 62, 0, 35.92%, 0, 0, 7, 559.88, 193129, 37
1390, 5, 82, 92, 62, 0, 35.92%, 0, 0, 7, 636.68, 196579, 37
1395, 5, 82, 92, 62, 0, 35.92%, 0, 0, 7, 760.11, 200569, 37
1400, 5, 87, 94, 61, 1, 36.89%, 0, 0, 8, 746.18, 204378, 38
1405, 5, 94, 96, 61, 0, 38.83%, 0, 0, 8, 763.67, 208261, 40
1410, 5, 94, 96, 61, 0, 38.83%, 0, 0, 8, 788.26, 212206, 40
1416, 5, 94, 98, 63, 0, 39.81%, 0, 0, 9, 779.78, 215100, 41
1421, 5, 38, 99, 63, 0, 39.81%, 0, 0, 9, 761.40, 218909, 41
1426, 5, 97, 99, 63, 0, 39.81%, 0, 0, 9, 780.94, 222928, 41
1431, 5, 97, 99, 63, 0, 39.81%, 0, 0, 9, 779.69, 226873, 41
1436, 5, 97, 101, 65, 0, 39.81%, 0, 0, 10, 710.86, 230391, 41
1441, 5, 88, 101, 65, 0, 39.81%, 0, 0, 10, 732.50, 234064, 41
1446, 5, 97, 101, 65, 0, 39.81%, 0, 0, 10, 774.94, 238003, 41
1451, 5, 92, 102, 66, 0, 40.78%, 0, 0, 10, 746.71, 241822, 42
1456, 5, 33, 102, 65, 0, 40.78%, 0, 0, 10, 774.80, 245885, 42
1462, 5, 101, 102, 65, 0, 40.78%, 0, 0, 10, 757.29, 249808, 42
1467, 5, 101, 102, 65, 0, 40.78%, 0, 0, 10, 746.47, 253333, 42
1472, 5, 92, 102, 64, 0, 40.78%, 0, 0, 10, 745.94, 256712, 42
1477, 5, 88, 104, 64, 0, 42.72%, 0, 0, 10, 781.86, 260609, 44
1482, 5, 103, 105, 64, 0, 43.69%, 0, 0, 10, 811.93, 264717, 45
1487, 5, 103, 105, 64, 0, 43.69%, 0, 0, 10, 792.14, 268702, 45
1492, 5, 103, 105, 64, 0, 43.69%, 0, 0, 10, 615.05, 271961, 45
1497, 5, 103, 105, 64, 0, 43.69%, 0, 0, 10, 735.44, 275580, 45
1502, 5, 104, 105, 63, 0, 43.69%, 0, 0, 10, 788.26, 279521, 45
1507, 5, 104, 107, 65, 0, 47.57%, 0, 0, 10, 839.54, 283753, 49
1512, 5, 104, 107, 65, 0, 47.57%, 0, 0, 10, 831.43, 287657, 49
1517, 5, 104, 107, 65, 0, 47.57%, 0, 0, 10, 813.55, 291736, 49
1522, 5, 106, 108, 65, 2, 48.54%, 0, 0, 10, 765.16, 294876, 50
1527, 5, 106, 109, 66, 2, 48.54%, 0, 0, 11, 708.04, 298500, 50
1532, 5, 107, 112, 68, 1, 48.54%, 0, 0, 11, 827.87, 302808, 50
1538, 5, 107, 112, 68, 1, 48.54%, 0, 0, 11, 843.41, 307160, 50
1543, 5, 110, 114, 69, 1, 48.54%, 0, 0, 11, 814.38, 311346, 50
1548, 5, 110, 114, 68, 0, 48.54%, 0, 0, 11, 825.96, 315497, 50
1553, 5, 110, 115, 69, 0, 48.54%, 0, 0, 12, 821.75, 319712, 50
1558, 5, 110, 115, 69, 0, 48.54%, 0, 0, 12, 831.38, 323835, 50
1563, 5, 105, 115, 69, 0, 48.54%, 0, 0, 12, 780.68, 327631, 50
1568, 5, 105, 115, 69, 0, 48.54%, 0, 0, 12, 762.75, 331434, 50
1573, 5, 94, 116, 69, 0, 48.54%, 0, 0, 12, 798.58, 335481, 50
1578, 5, 10, 116, 69, 0, 48.54%, 0, 0, 12, 821.50, 339396, 50
1583, 5, 88, 116, 68, 0, 48.54%, 0, 0, 12, 765.61, 343254, 50
1588, 5, 98, 116, 68, 0, 48.54%, 0, 0, 12, 508.00, 345765, 50
1593, 5, 86, 116, 67, 0, 48.54%, 0, 0, 12, 722.35, 349323, 50
1598, 5, 110, 116, 67, 0, 48.54%, 0, 0, 12, 800.03, 353422, 50
1603, 5, 107, 116, 67, 0, 48.54%, 0, 0, 12, 830.31, 357588, 50
1608, 6, 104, 117, 68, 0, 48.54%, 0, 0, 12, 794.48, 361533, 50
1613, 6, 39, 118, 69, 0, 48.54%, 0, 0, 12, 832.64, 365218, 50
1619, 6, 116, 118, 68, 0, 48.54%, 0, 0, 12, 738.42, 369067, 50
1624, 6, 109, 118, 67, 0, 48.54%, 0, 0, 12, 686.76, 372143, 50
1629, 6, 118, 119, 67, 1, 49.51%, 0, 0, 12, 555.43, 375187, 51
1634, 6, 94, 119, 65, 0, 49.51%, 0, 0, 12, 655.58, 378308, 51
1639, 6, 87, 120, 65, 0, 50.49%, 1, 0, 12, 745.36, 382436, 52
1639, 6, 87, 120, 65, 0, 50.49%, 1, 0, 12, 0.00, 382436, 52
