# relative_time, cycles_done, cur_item, corpus_count, pending_total, pending_favs, map_size, saved_crashes, saved_hangs, max_depth, execs_per_sec, total_execs, edges_found
74, 0, 0, 20, 20, 1, 36.26%, 0, 0, 2, 0.04, 1815, 33
79, 0, 0, 20, 20, 1, 36.26%, 0, 0, 2, 410.00, 1902, 33
122, 0, 0, 21, 21, 1, 36.26%, 0, 0, 2, 0.99, 3714, 33
128, 0, 0, 21, 21, 1, 36.26%, 0, 0, 2, 684.82, 5181, 33
171, 0, 0, 22, 22, 1, 36.26%, 0, 0, 2, 31.27, 7541, 33
171, 0, 0, 22, 22, 1, 36.26%, 0, 0, 2, 0.03, 7542, 33
176, 0, 0, 22, 22, 1, 36.26%, 0, 0, 2, 0.54, 7545, 33
181, 0, 0, 24, 24, 1, 39.56%, 0, 0, 2, 677.68, 11091, 36
215, 0, 0, 24, 24, 1, 39.56%, 0, 0, 2, 4.28, 11520, 36
222, 0, 0, 24, 24, 1, 39.56%, 0, 0, 2, 0.14, 11521, 36
264, 0, 0, 24, 24, 1, 39.56%, 0, 0, 2, 0.05, 13407, 36
269, 0, 0, 28, 28, 1, 40.66%, 0, 0, 2, 707.34, 17019, 37
307, 0, 0, 28, 28, 1, 40.66%, 0, 0, 2, 0.32, 17255, 37
346, 0, 0, 30, 30, 1, 42.86%, 0, 0, 2, 2.85, 19726, 39
351, 0, 22, 43, 38, 5, 45.05%, 0, 0, 4, 672.45, 23091, 41
384, 0, 29, 43, 36, 3, 45.05%, 0, 0, 4, 3.83, 23662, 41
420, 0, 23, 44, 35, 1, 45.05%, 0, 0, 4, 1.18, 25421, 41
455, 0, 33, 45, 35, 0, 45.05%, 0, 0, 4, 4.10, 28958, 41
487, 0, 33, 45, 35, 0, 45.05%, 0, 0, 4, 4.69, 30009, 41
492, 0, 39, 46, 36, 0, 45.05%, 0, 0, 5, 710.31, 33611, 41
522, 0, 39, 46, 36, 0, 45.05%, 0, 0, 5, 2.81, 34157, 41
528, 0, 39, 48, 38, 0, 45.05%, 0, 0, 5, 703.44, 37824, 41
558, 0, 39, 48, 38, 0, 45.05%, 0, 0, 5, 1.91, 38325, 41
592, 0, 33, 51, 41, 0, 45.05%, 0, 0, 5, 2.62, 40055, 41
597, 0, 21, 51, 41, 0, 45.05%, 0, 0, 5, 707.98, 43650, 41
626, 0, 21, 51, 41, 0, 45.05%, 0, 0, 5, 4.53, 44248, 41
657, 0, 25, 53, 43, 0, 45.05%, 0, 0, 5, 4.14, 47122, 41
665, 0, 33, 53, 43, 0, 45.05%, 0, 0, 5, 5.20, 49461, 41
680, 0, 33, 53, 43, 0, 45.05%, 0, 0, 5, 4.95, 49480, 41
713, 0, 39, 55, 45, 0, 45.05%, 0, 0, 5, 4.40, 52338, 41
718, 0, 33, 56, 45, 0, 45.05%, 0, 0, 5, 718.85, 56120, 41
740, 0, 33, 56, 45, 0, 45.05%, 0, 0, 5, 2.63, 56565, 41
748, 0, 33, 56, 45, 0, 45.05%, 0, 0, 5, 20.07, 58351, 41
762, 0, 33, 56, 45, 0, 45.05%, 0, 0, 5, 0.58, 58359, 41
770, 0, 33, 56, 45, 0, 45.05%, 0, 0, 5, 15.95, 61760, 41
788, 0, 33, 56, 45, 0, 45.05%, 0, 0, 5, 0.07, 61766, 41
794, 0, 33, 56, 45, 0, 45.05%, 0, 0, 5, 717.95, 65519, 41
817, 0, 33, 56, 45, 0, 45.05%, 0, 0, 5, 3.41, 65750, 41
837, 0, 33, 56, 45, 0, 45.05%, 0, 0, 5, 0.06, 68099, 41
842, 0, 33, 57, 46, 0, 45.05%, 0, 0, 5, 737.51, 71924, 41
864, 0, 33, 57, 46, 0, 45.05%, 0, 0, 5, 5.86, 72208, 41
892, 1, 21, 60, 49, 0, 45.05%, 0, 0, 5, 5.02, 75866, 41
898, 1, 33, 62, 51, 0, 45.05%, 0, 0, 5, 734.71, 79622, 41
916, 1, 46, 62, 51, 0, 45.05%, 0, 0, 5, 4.80, 80323, 41
921, 1, 40, 62, 50, 0, 45.05%, 0, 0, 5, 7.60, 82755, 41
934, 1, 40, 62, 50, 0, 45.05%, 0, 0, 5, 1.46, 82773, 41
940, 1, 22, 62, 48, 0, 45.05%, 0, 0, 5, 19.31, 85298, 41
946, 1, 22, 62, 48, 0, 45.05%, 0, 0, 5, 0.82, 85303, 41
954, 1, 22, 62, 48, 0, 45.05%, 0, 0, 5, 2.45, 85327, 41
959, 1, 21, 62, 46, 0, 45.05%, 0, 0, 5, 731.94, 89128, 41
969, 1, 40, 64, 48, 0, 45.05%, 0, 0, 5, 2.26, 89854, 41
974, 1, 22, 64, 48, 0, 45.05%, 0, 0, 5, 713.26, 93485, 41
991, 1, 33, 64, 48, 0, 45.05%, 0, 0, 5, 6.49, 93986, 41
1006, 1, 39, 65, 48, 0, 45.05%, 0, 0, 5, 1.33, 96982, 41
1027, 1, 22, 65, 48, 0, 45.05%, 0, 0, 5, 8.46, 100364, 41
1041, 1, 33, 65, 48, 0, 45.05%, 0, 0, 5, 4.64, 103994, 41
1046, 1, 33, 65, 46, 0, 45.05%, 0, 0, 5, 734.57, 107821, 41
1051, 1, 33, 65, 46, 0, 45.05%, 0, 0, 5, 15.14, 108186, 41
1064, 1, 33, 65, 46, 0, 45.05%, 0, 0, 5, 0.73, 108196, 41
1069, 2, 33, 66, 47, 0, 45.05%, 0, 0, 5, 726.83, 111908, 41
1078, 2, 21, 68, 49, 0, 45.05%, 0, 0, 5, 1.97, 112500, 41
1097, 2, 26, 69, 50, 0, 45.05%, 0, 0, 5, 5.20, 114417, 41
1102, 2, 33, 71, 52, 0, 45.05%, 0, 0, 5, 735.57, 118253, 41
1115, 2, 33, 71, 52, 0, 45.05%, 0, 0, 5, 13.18, 119160, 41
1120, 2, 33, 74, 54, 0, 45.05%, 0, 0, 5, 694.82, 122832, 41
1130, 2, 64, 74, 54, 0, 45.05%, 0, 0, 5, 7.09, 123201, 41
1147, 2, 33, 78, 57, 0, 45.05%, 0, 0, 5, 1.33, 126097, 41
1152, 2, 23, 81, 60, 0, 45.05%, 0, 0, 5, 718.46, 129847, 41
1157, 2, 34, 81, 59, 0, 45.05%, 0, 0, 5, 749.42, 131400, 41
1165, 2, 34, 81, 59, 0, 45.05%, 0, 0, 5, 15.97, 133198, 41
1171, 2, 34, 81, 59, 0, 45.05%, 0, 0, 5, 0.17, 133199, 41
1176, 2, 34, 82, 60, 0, 45.05%, 0, 0, 5, 729.35, 136984, 41
1181, 2, 34, 84, 62, 0, 45.05%, 0, 0, 5, 729.31, 139289, 41
1190, 2, 34, 84, 62, 0, 45.05%, 0, 0, 5, 1.71, 139912, 41
1195, 2, 34, 84, 62, 0, 45.05%, 0, 0, 5, 721.37, 143571, 41
1205, 2, 42, 84, 62, 0, 45.05%, 0, 0, 5, 3.50, 145147, 41
1210, 2, 34, 86, 63, 0, 45.05%, 0, 0, 5, 734.07, 148844, 41
1219, 2, 22, 86, 63, 0, 45.05%, 0, 0, 5, 11.86, 150311, 41
1224, 2, 34, 86, 63, 0, 45.05%, 0, 0, 5, 701.99, 153969, 41
1230, 2, 34, 87, 64, 0, 45.05%, 0, 0, 5, 0.94, 154998, 41
1238, 2, 22, 87, 64, 0, 45.05%, 0, 0, 5, 24.87, 157704, 41
1243, 2, 34, 87, 64, 0, 45.05%, 0, 0, 5, 727.09, 161251, 41
1248, 2, 40, 87, 64, 0, 45.05%, 0, 0, 5, 702.61, 163532, 41
1254, 2, 40, 87, 64, 0, 45.05%, 0, 0, 5, 18.58, 163979, 41
1259, 2, 34, 87, 64, 0, 45.05%, 0, 0, 5, 698.41, 166717, 41
1264, 2, 26, 88, 65, 0, 45.05%, 0, 0, 5, 715.58, 170410, 41
1270, 2, 26, 88, 65, 0, 45.05%, 0, 0, 5, 25.47, 171143, 41
1276, 2, 34, 88, 65, 0, 45.05%, 0, 0, 5, 740.09, 174817, 41
1285, 2, 23, 88, 65, 0, 45.05%, 0, 0, 5, 18.72, 177873, 41
1290, 2, 34, 88, 65, 0, 45.05%, 0, 0, 5, 751.03, 181704, 41
1295, 2, 34, 89, 65, 0, 45.05%, 0, 0, 5, 763.56, 185527, 41
1301, 3, 23, 89, 65, 0, 45.05%, 0, 0, 5, 6.50, 186430, 41
1306, 3, 34, 89, 63, 0, 45.05%, 0, 0, 5, 702.96, 190123, 41
1311, 3, 34, 89, 63, 0, 45.05%, 0, 0, 5, 745.34, 193970, 41
1316, 3, 34, 89, 63, 0, 45.05%, 0, 0, 5, 762.27, 197792, 41
1321, 3, 34, 89, 63, 0, 45.05%, 0, 0, 5, 736.15, 201421, 41
1326, 3, 34, 89, 63, 0, 45.05%, 0, 0, 5, 738.90, 205151, 41
1331, 3, 34, 90, 64, 0, 45.05%, 0, 0, 5, 759.16, 208976, 41
1339, 3, 34, 90, 64, 0, 45.05%, 0, 0, 5, 32.41, 212644, 41
1344, 3, 34, 90, 63, 0, 45.05%, 0, 0, 5, 571.89, 215926, 41
1349, 3, 34, 90, 63, 0, 45.05%, 0, 0, 5, 715.43, 219785, 41
1354, 3, 34, 90, 63, 0, 45.05%, 0, 0, 5, 785.00, 223674, 41
1359, 3, 89, 91, 64, 0, 45.05%, 0, 0, 5, 765.39, 227561, 41
1364, 3, 34, 91, 63, 0, 45.05%, 0, 0, 5, 751.85, 231291, 41
1369, 3, 86, 91, 63, 0, 45.05%, 0, 0, 5, 770.16, 235227, 41
1375, 3, 34, 91, 62, 0, 45.05%, 0, 0, 5, 688.46, 238512, 41
1380, 3, 55, 91, 62, 0, 45.05%, 0, 0, 5, 727.84, 242312, 41
1385, 3, 55, 91, 62, 0, 45.05%, 0, 0, 5, 745.42, 246072, 41
1390, 3, 55, 91, 62, 0, 45.05%, 0, 0, 5, 755.12, 249626, 41
1395, 3, 55, 92, 63, 0, 45.05%, 0, 0, 5, 741.97, 253440, 41
1400, 3, 34, 92, 63, 0, 45.05%, 0, 0, 5, 740.86, 257156, 41
1405, 3, 34, 93, 64, 0, 45.05%, 0, 0, 5, 765.68, 261019, 41
1410, 3, 34, 93, 64, 0, 45.05%, 0, 0, 5, 770.66, 265026, 41
1415, 3, 88, 93, 64, 0, 45.05%, 0, 0, 5, 809.80, 267989, 41
1420, 3, 34, 93, 63, 0, 45.05%, 0, 0, 5, 805.31, 272033, 41
1425, 3, 34, 93, 63, 0, 45.05%, 0, 0, 5, 810.40, 276095, 41
1430, 3, 34, 93, 63, 0, 45.05%, 0, 0, 5, 776.38, 280053, 41
1436, 3, 26, 93, 63, 0, 45.05%, 0, 0, 5, 746.04, 283782, 41
1441, 3, 55, 93, 63, 0, 45.05%, 0, 0, 5, 764.30, 287631, 41
1446, 3, 34, 94, 64, 0, 45.05%, 0, 0, 5, 763.69, 291487, 41
1451, 3, 34, 94, 64, 0, 45.05%, 0, 0, 5, 791.45, 295611, 41
1456, 3, 45, 94, 64, 0, 45.05%, 0, 0, 5, 781.34, 299533, 41
1461, 4, 29, 94, 63, 0, 45.05%, 0, 0, 5, 795.36, 303547, 41
1466, 4, 45, 94, 63, 0, 45.05%, 0, 0, 5, 788.17, 307487, 41
1471, 4, 21, 94, 63, 0, 45.05%, 0, 0, 5, 788.07, 311409, 41
1476, 4, 66, 94, 63, 0, 45.05%, 0, 0, 5, 806.37, 315594, 41
1481, 4, 34, 94, 62, 0, 45.05%, 0, 0, 5, 800.88, 319603, 41
1486, 4, 34, 94, 62, 0, 45.05%, 0, 0, 5, 791.24, 323594, 41
1491, 4, 55, 94, 62, 0, 45.05%, 0, 0, 5, 795.05, 327627, 41
1496, 4, 34, 94, 62, 0, 45.05%, 0, 0, 5, 802.69, 331662, 41
1501, 4, 26, 94, 62, 0, 45.05%, 0, 0, 5, 799.70, 335654, 41
1507, 4, 29, 94, 62, 0, 45.05%, 0, 0, 5, 819.26, 339910, 41
1512, 4, 34, 94, 62, 0, 45.05%, 0, 0, 5, 820.15, 344155, 41
1517, 4, 55, 94, 62, 0, 45.05%, 0, 0, 5, 806.50, 348185, 41
1522, 4, 21, 94, 61, 0, 45.05%, 0, 0, 5, 825.70, 352344, 41
1527, 4, 80, 94, 61, 0, 45.05%, 0, 0, 5, 762.28, 356220, 41
1532, 4, 55, 94, 60, 0, 45.05%, 0, 0, 5, 813.88, 360353, 41
1537, 4, 21, 94, 60, 0, 45.05%, 0, 0, 5, 831.35, 364509, 41
1542, 4, 34, 94, 60, 0, 45.05%, 0, 0, 5, 822.13, 368614, 41
1547, 4, 34, 94, 60, 0, 45.05%, 0, 0, 5, 832.62, 372947, 41
1552, 4, 34, 94, 60, 0, 45.05%, 0, 0, 5, 832.31, 377311, 41
1557, 4, 34, 94, 60, 0, 45.05%, 0, 0, 5, 833.88, 381470, 41
1563, 4, 45, 94, 59, 0, 45.05%, 0, 0, 5, 811.45, 385671, 41
1568, 4, 34, 94, 59, 0, 45.05%, 0, 0, 5, 834.02, 389859, 41
1573, 4, 40, 94, 59, 0, 45.05%, 0, 0, 5, 821.33, 394055, 41
1578, 4, 34, 94, 59, 0, 45.05%, 0, 0, 5, 801.72, 398037, 41
1583, 4, 34, 94, 59, 0, 45.05%, 0, 0, 5, 823.10, 402153, 41
1588, 4, 78, 94, 59, 0, 45.05%, 0, 0, 5, 824.11, 406306, 41
1593, 4, 34, 94, 58, 0, 45.05%, 0, 0, 5, 826.26, 410430, 41
1598, 5, 34, 94, 58, 0, 45.05%, 0, 0, 5, 831.82, 414692, 41
1603, 5, 45, 94, 58, 0, 45.05%, 0, 0, 5, 837.88, 418883, 41
1608, 5, 63, 94, 58, 0, 45.05%, 0, 0, 5, 810.07, 422923, 41
1613, 5, 34, 94, 57, 0, 45.05%, 0, 0, 5, 827.80, 427113, 41
1618, 5, 34, 94, 57, 0, 45.05%, 0, 0, 5, 808.48, 431321, 41
1623, 5, 34, 94, 56, 0, 45.05%, 0, 0, 5, 832.98, 435511, 41
1629, 5, 22, 94, 56, 0, 45.05%, 0, 0, 5, 847.63, 439918, 41
1634, 5, 34, 94, 56, 0, 45.05%, 0, 0, 5, 837.83, 444121, 41
1639, 5, 34, 94, 56, 0, 45.05%, 0, 0, 5, 809.18, 448295, 41
1644, 5, 34, 94, 56, 0, 45.05%, 0, 0, 5, 827.30, 452522, 41
1649, 5, 55, 94, 56, 0, 45.05%, 0, 0, 5, 838.00, 456898, 41
1654, 5, 34, 94, 56, 0, 45.05%, 0, 0, 5, 834.96, 461256, 41
1659, 5, 49, 94, 56, 0, 45.05%, 0, 0, 5, 832.44, 465604, 41
1665, 5, 55, 94, 55, 0, 45.05%, 0, 0, 5, 838.62, 469873, 41
1670, 5, 45, 94, 55, 0, 45.05%, 0, 0, 5, 784.15, 473818, 41
1675, 5, 34, 94, 55, 0, 45.05%, 0, 0, 5, 835.78, 478163, 41
1680, 5, 34, 94, 55, 0, 45.05%, 0, 0, 5, 845.19, 482381, 41
1685, 5, 34, 94, 55, 0, 45.05%, 0, 0, 5, 835.28, 486556, 41
1690, 5, 21, 94, 55, 0, 45.05%, 0, 0, 5, 824.69, 490682, 41
1695, 5, 55, 94, 55, 0, 45.05%, 0, 0, 5, 834.42, 494881, 41
1700, 5, 34, 95, 55, 0, 45.05%, 0, 0, 5, 693.06, 498156, 41
1705, 5, 34, 95, 55, 0, 45.05%, 0, 0, 5, 811.97, 502395, 41
1710, 5, 40, 95, 55, 0, 45.05%, 0, 0, 5, 840.57, 506629, 41
1715, 5, 34, 95, 55, 0, 45.05%, 0, 0, 5, 843.73, 511002, 41
1720, 5, 34, 95, 55, 0, 45.05%, 0, 0, 5, 840.06, 515265, 41
1725, 5, 34, 95, 55, 0, 45.05%, 0, 0, 5, 817.28, 519397, 41
1731, 5, 34, 95, 55, 0, 45.05%, 0, 0, 5, 837.68, 523764, 41
1736, 5, 34, 95, 55, 0, 45.05%, 0, 0, 5, 854.49, 528239, 41
1741, 6, 34, 95, 55, 0, 45.05%, 0, 0, 5, 866.89, 532575, 41
1746, 6, 34, 95, 55, 0, 45.05%, 0, 0, 5, 855.57, 536848, 41
1751, 6, 34, 95, 55, 0, 45.05%, 0, 0, 5, 846.45, 541230, 41
1756, 6, 34, 95, 55, 0, 45.05%, 0, 0, 5, 868.45, 545784, 41
1761, 6, 34, 95, 55, 0, 45.05%, 0, 0, 5, 863.42, 550243, 41
1766, 6, 34, 95, 55, 0, 45.05%, 0, 0, 5, 866.71, 554582, 41
1771, 6, 55, 95, 55, 0, 45.05%, 0, 0, 5, 848.63, 558842, 41
1776, 6, 21, 95, 55, 0, 45.05%, 0, 0, 5, 857.81, 563191, 41
1781, 6, 21, 95, 54, 0, 45.05%, 0, 0, 5, 815.72, 567227, 41
1787, 6, 34, 95, 54, 0, 45.05%, 0, 0, 5, 853.98, 571550, 41
1792, 6, 22, 95, 54, 0, 45.05%, 0, 0, 5, 850.70, 575854, 41
1797, 6, 34, 95, 53, 0, 45.05%, 0, 0, 5, 824.24, 580033, 41
1802, 6, 34, 95, 53, 0, 45.05%, 0, 0, 5, 849.25, 584506, 41
1807, 6, 40, 95, 53, 0, 45.05%, 0, 0, 5, 848.90, 588930, 41
1812, 6, 34, 95, 53, 0, 45.05%, 0, 0, 5, 855.73, 593201, 41
1817, 6, 34, 95, 53, 0, 45.05%, 0, 0, 5, 860.91, 597565, 41
1822, 6, 34, 95, 53, 0, 45.05%, 0, 0, 5, 853.98, 601853, 41
1827, 6, 34, 95, 53, 0, 45.05%, 0, 0, 5, 865.99, 606337, 41
1832, 6, 34, 97, 55, 0, 45.05%, 0, 0, 5, 844.87, 610512, 41
1838, 6, 40, 97, 55, 0, 45.05%, 0, 0, 5, 849.50, 614829, 41
1843, 6, 34, 97, 55, 0, 45.05%, 0, 0, 5, 831.20, 619076, 41
1848, 6, 22, 97, 55, 0, 45.05%, 0, 0, 5, 850.90, 623475, 41
1853, 6, 21, 97, 55, 0, 45.05%, 0, 0, 5, 841.12, 627840, 41
1858, 6, 21, 97, 55, 0, 45.05%, 0, 0, 5, 854.95, 632142, 41
1863, 6, 34, 97, 55, 0, 45.05%, 0, 0, 5, 851.12, 636595, 41
1868, 6, 34, 97, 55, 0, 45.05%, 0, 0, 5, 860.23, 640991, 41
1873, 7, 40, 97, 55, 0, 45.05%, 0, 0, 5, 830.01, 645116, 41
1879, 7, 21, 97, 55, 0, 45.05%, 0, 0, 5, 848.02, 649522, 41
1884, 7, 34, 97, 55, 0, 45.05%, 0, 0, 5, 884.99, 654011, 41
1889, 7, 55, 97, 55, 0, 45.05%, 0, 0, 5, 876.07, 658574, 41
1894, 7, 34, 97, 55, 0, 45.05%, 0, 0, 5, 853.45, 662861, 41
1899, 7, 34, 97, 55, 0, 45.05%, 0, 0, 5, 851.65, 667113, 41
1904, 7, 34, 97, 55, 0, 45.05%, 0, 0, 5, 851.07, 671504, 41
1909, 7, 49, 97, 55, 0, 45.05%, 0, 0, 5, 850.65, 675885, 41
1914, 7, 34, 97, 55, 0, 45.05%, 0, 0, 5, 829.72, 680173, 41
1919, 7, 93, 97, 55, 0, 45.05%, 0, 0, 5, 824.64, 684392, 41
1924, 7, 22, 97, 54, 0, 45.05%, 0, 0, 5, 858.20, 688919, 41
1929, 7, 34, 97, 54, 0, 45.05%, 0, 0, 5, 832.20, 693119, 41
1935, 7, 29, 97, 54, 0, 45.05%, 0, 0, 5, 868.13, 697700, 41
1940, 7, 34, 97, 53, 0, 45.05%, 0, 0, 5, 853.50, 702147, 41
1945, 7, 55, 97, 53, 0, 45.05%, 0, 0, 5, 855.21, 706670, 41
1950, 7, 81, 97, 53, 0, 45.05%, 0, 0, 5, 827.31, 710875, 41
1955, 7, 45, 97, 52, 0, 45.05%, 0, 0, 5, 847.13, 715140, 41
1960, 7, 49, 97, 52, 0, 45.05%, 0, 0, 5, 810.38, 719196, 41
1965, 7, 34, 97, 52, 0, 45.05%, 0, 0, 5, 838.90, 723455, 41
1970, 7, 34, 97, 52, 0, 45.05%, 0, 0, 5, 838.48, 727736, 41
1975, 7, 34, 97, 52, 0, 45.05%, 0, 0, 5, 821.28, 731849, 41
1981, 7, 34, 97, 52, 0, 45.05%, 0, 0, 5, 840.42, 736239, 41
1986, 7, 34, 97, 52, 0, 45.05%, 0, 0, 5, 857.73, 740575, 41
1991, 7, 55, 97, 52, 0, 45.05%, 0, 0, 5, 833.74, 744891, 41
1996, 7, 34, 97, 52, 0, 45.05%, 0, 0, 5, 838.46, 749141, 41
2001, 7, 34, 97, 52, 0, 45.05%, 0, 0, 5, 839.29, 753500, 41
2006, 8, 49, 97, 51, 0, 45.05%, 0, 0, 5, 833.65, 757631, 41
2011, 8, 34, 97, 51, 0, 45.05%, 0, 0, 5, 834.55, 761881, 41
2016, 8, 60, 97, 50, 0, 45.05%, 0, 0, 5, 834.55, 766059, 41
2021, 8, 34, 97, 49, 0, 45.05%, 0, 0, 5, 872.88, 770449, 41
2026, 8, 34, 97, 49, 0, 45.05%, 0, 0, 5, 856.72, 774735, 41
2031, 8, 34, 97, 49, 0, 45.05%, 0, 0, 5, 860.83, 779030, 41
2036, 8, 34, 97, 49, 0, 45.05%, 0, 0, 5, 847.46, 783291, 41
2041, 8, 49, 97, 49, 0, 45.05%, 0, 0, 5, 833.88, 787498, 41
2046, 8, 49, 97, 49, 0, 45.05%, 0, 0, 5, 846.32, 791747, 41
2051, 8, 49, 97, 49, 0, 45.05%, 0, 0, 5, 855.36, 796055, 41
2056, 8, 51, 97, 49, 0, 45.05%, 0, 0, 5, 853.85, 800479, 41
2061, 8, 34, 97, 48, 0, 45.05%, 0, 0, 5, 862.21, 804819, 41
2067, 8, 34, 97, 48, 0, 45.05%, 0, 0, 5, 864.23, 809205, 41
2072, 8, 34, 97, 48, 0, 45.05%, 0, 0, 5, 897.79, 813751, 41
2077, 8, 34, 97, 48, 0, 45.05%, 0, 0, 5, 869.79, 818158, 41
2082, 8, 21, 97, 48, 0, 45.05%, 0, 0, 5, 879.99, 822635, 41
2087, 8, 34, 97, 48, 0, 45.05%, 0, 0, 5, 890.21, 827161, 41
2092, 8, 34, 97, 48, 0, 45.05%, 0, 0, 5, 856.01, 831571, 41
2097, 8, 34, 97, 48, 0, 45.05%, 0, 0, 5, 875.08, 836028, 41
2102, 8, 45, 97, 48, 0, 45.05%, 0, 0, 5, 876.03, 840362, 41
2107, 8, 34, 97, 48, 0, 45.05%, 0, 0, 5, 886.21, 844980, 41
2112, 8, 34, 97, 48, 0, 45.05%, 0, 0, 5, 886.67, 849545, 41
2117, 8, 34, 97, 48, 0, 45.05%, 0, 0, 5, 884.62, 853997, 41
2123, 8, 91, 97, 48, 0, 45.05%, 0, 0, 5, 868.63, 858322, 41
2128, 8, 34, 97, 47, 0, 45.05%, 0, 0, 5, 874.15, 862813, 41
2133, 8, 55, 97, 47, 0, 45.05%, 0, 0, 5, 872.28, 867221, 41
2138, 9, 34, 97, 47, 0, 45.05%, 0, 0, 5, 865.83, 871602, 41
2143, 9, 49, 97, 47, 0, 45.05%, 0, 0, 5, 894.42, 876082, 41
2148, 9, 59, 97, 47, 0, 45.05%, 0, 0, 5, 899.63, 880688, 41
2153, 9, 34, 97, 46, 0, 45.05%, 0, 0, 5, 860.78, 885077, 41
2159, 9, 29, 97, 46, 0, 45.05%, 0, 0, 5, 875.14, 889637, 41
2164, 9, 49, 97, 45, 0, 45.05%, 0, 0, 5, 891.12, 894208, 41
2169, 9, 34, 97, 45, 0, 45.05%, 0, 0, 5, 873.64, 898564, 41
2174, 9, 45, 97, 45, 0, 45.05%, 0, 0, 5, 874.08, 903126, 41
2179, 9, 29, 97, 45, 0, 45.05%, 0, 0, 5, 865.61, 907646, 41
2184, 9, 34, 97, 45, 0, 45.05%, 0, 0, 5, 883.57, 912295, 41
2189, 9, 85, 97, 45, 0, 45.05%, 0, 0, 5, 885.74, 916925, 41
2195, 9, 45, 97, 44, 0, 45.05%, 0, 0, 5, 841.41, 920972, 41
2200, 9, 40, 97, 44, 0, 45.05%, 0, 0, 5, 853.78, 925374, 41
2205, 9, 34, 97, 44, 0, 45.05%, 0, 0, 5, 874.96, 929981, 41
2210, 9, 34, 97, 44, 0, 45.05%, 0, 0, 5, 907.16, 934589, 41
2215, 9, 21, 97, 44, 0, 45.05%, 0, 0, 5, 870.63, 939106, 41
2220, 9, 40, 97, 44, 0, 45.05%, 0, 0, 5, 868.26, 943449, 41
2225, 9, 34, 97, 44, 0, 45.05%, 0, 0, 5, 833.59, 947508, 41
2230, 9, 34, 97, 44, 0, 45.05%, 0, 0, 5, 835.51, 951673, 41
2235, 9, 55, 97, 44, 0, 45.05%, 0, 0, 5, 888.46, 956341, 41
2240, 9, 34, 97, 44, 0, 45.05%, 0, 0, 5, 900.88, 960849, 41
2245, 9, 51, 97, 44, 0, 45.05%, 0, 0, 5, 879.63, 965303, 41
2250, 9, 34, 97, 44, 0, 45.05%, 0, 0, 5, 895.79, 969806, 41
2255, 9, 34, 97, 44, 0, 45.05%, 0, 0, 5, 887.67, 974273, 41
2260, 9, 34, 97, 44, 0, 45.05%, 0, 0, 5, 873.37, 978750, 41
2266, 10, 51, 97, 44, 0, 45.05%, 0, 0, 5, 885.07, 983354, 41
2271, 10, 49, 97, 44, 0, 45.05%, 0, 0, 5, 880.35, 987858, 41
2276, 10, 34, 97, 44, 0, 45.05%, 0, 0, 5, 886.25, 992464, 41
2281, 10, 34, 97, 43, 0, 45.05%, 0, 0, 5, 878.66, 996850, 41
2286, 10, 34, 97, 43, 0, 45.05%, 0, 0, 5, 890.18, 1001517, 41
2291, 10, 34, 97, 43, 0, 45.05%, 0, 0, 5, 885.71, 1005898, 41
2296, 10, 45, 97, 43, 0, 45.05%, 0, 0, 5, 888.15, 1010317, 41
2301, 10, 21, 97, 43, 0, 45.05%, 0, 0, 5, 865.09, 1014688, 41
2306, 10, 34, 97, 43, 0, 45.05%, 0, 0, 5, 852.25, 1019035, 41
2311, 10, 45, 97, 43, 0, 45.05%, 0, 0, 5, 875.95, 1023495, 41
2317, 10, 34, 97, 43, 0, 45.05%, 0, 0, 5, 879.29, 1027903, 41
2322, 10, 34, 97, 43, 0, 45.05%, 0, 0, 5, 858.69, 1032224, 41
2327, 10, 21, 97, 43, 0, 45.05%, 0, 0, 5, 876.82, 1036623, 41
2332, 10, 34, 97, 43, 0, 45.05%, 0, 0, 5, 860.82, 1040945, 41
2337, 10, 34, 97, 43, 0, 45.05%, 0, 0, 5, 863.53, 1045196, 41
2342, 10, 34, 97, 43, 0, 45.05%, 0, 0, 5, 879.14, 1049597, 41
2347, 10, 49, 97, 43, 0, 45.05%, 0, 0, 5, 874.47, 1054048, 41
2352, 10, 34, 97, 43, 0, 45.05%, 0, 0, 5, 854.80, 1058360, 41
2357, 10, 40, 97, 43, 0, 45.05%, 0, 0, 5, 881.39, 1062835, 41
2362, 10, 55, 97, 43, 0, 45.05%, 0, 0, 5, 852.79, 1067399, 41
2367, 10, 34, 97, 42, 0, 45.05%, 0, 0, 5, 883.75, 1072039, 41
2372, 10, 45, 97, 42, 0, 45.05%, 0, 0, 5, 889.90, 1076556, 41
2377, 10, 34, 97, 42, 0, 45.05%, 0, 0, 5, 890.49, 1081035, 41
2382, 10, 34, 97, 42, 0, 45.05%, 0, 0, 5, 900.34, 1085581, 41
2387, 10, 40, 97, 42, 0, 45.05%, 0, 0, 5, 883.02, 1090065, 41
2392, 10, 34, 97, 42, 0, 45.05%, 0, 0, 5, 858.17, 1094336, 41
2397, 10, 34, 97, 41, 0, 45.05%, 0, 0, 5, 784.30, 1098106, 41
2403, 11, 34, 97, 41, 0, 45.05%, 0, 0, 5, 847.58, 1102616, 41
2408, 11, 34, 97, 41, 0, 45.05%, 0, 0, 5, 865.20, 1107009, 41
2413, 11, 34, 97, 41, 0, 45.05%, 0, 0, 5, 861.97, 1111408, 41
2418, 11, 34, 98, 41, 0, 45.05%, 0, 0, 5, 871.51, 1115766, 41
2423, 11, 34, 98, 41, 0, 45.05%, 0, 0, 5, 862.08, 1120062, 41
2428, 11, 34, 98, 41, 0, 45.05%, 0, 0, 5, 861.83, 1124475, 41
2433, 11, 45, 98, 41, 0, 45.05%, 0, 0, 5, 864.45, 1128775, 41
2438, 11, 51, 98, 41, 0, 45.05%, 0, 0, 5, 835.86, 1133069, 41
2443, 11, 40, 98, 40, 0, 45.05%, 0, 0, 5, 846.45, 1137414, 41
2448, 11, 34, 98, 40, 0, 45.05%, 0, 0, 5, 865.57, 1141766, 41
2453, 11, 49, 98, 39, 0, 45.05%, 0, 0, 5, 864.08, 1146214, 41
2458, 11, 97, 98, 39, 0, 45.05%, 0, 0, 5, 763.51, 1150076, 41
2463, 11, 97, 98, 39, 0, 45.05%, 0, 0, 5, 792.14, 1153983, 41
2468, 11, 34, 98, 38, 0, 45.05%, 0, 0, 5, 864.67, 1158396, 41
2473, 11, 34, 98, 38, 0, 45.05%, 0, 0, 5, 871.96, 1162814, 41
2478, 11, 49, 98, 37, 0, 45.05%, 0, 0, 5, 898.46, 1167325, 41
2483, 11, 29, 98, 37, 0, 45.05%, 0, 0, 5, 887.20, 1171855, 41
2489, 11, 34, 99, 38, 0, 45.05%, 0, 0, 5, 830.42, 1176167, 41
2494, 11, 34, 99, 38, 0, 45.05%, 0, 0, 5, 862.26, 1180533, 41
2499, 11, 34, 99, 38, 0, 45.05%, 0, 0, 5, 844.14, 1184819, 41
2504, 11, 34, 99, 38, 0, 45.05%, 0, 0, 5, 861.52, 1189276, 41
2509, 11, 40, 99, 38, 0, 45.05%, 0, 0, 5, 863.91, 1193558, 41
2514, 11, 55, 99, 38, 0, 45.05%, 0, 0, 5, 886.35, 1198016, 41
2519, 11, 21, 99, 38, 0, 45.05%, 0, 0, 5, 880.81, 1202571, 41
2524, 11, 34, 99, 38, 0, 45.05%, 0, 0, 5, 862.34, 1207061, 41
2529, 11, 34, 99, 38, 0, 45.05%, 0, 0, 5, 828.72, 1211178, 41
2534, 11, 55, 99, 38, 0, 45.05%, 0, 0, 5, 835.07, 1215616, 41
2539, 12, 34, 99, 38, 0, 45.05%, 0, 0, 5, 795.84, 1219571, 41
2545, 12, 34, 99, 38, 0, 45.05%, 0, 0, 5, 831.38, 1223833, 41
2550, 12, 34, 99, 38, 0, 45.05%, 0, 0, 5, 840.59, 1228223, 41
2555, 12, 34, 99, 38, 0, 45.05%, 0, 0, 5, 865.60, 1232573, 41
2560, 12, 34, 99, 38, 0, 45.05%, 0, 0, 5, 823.79, 1236713, 41
2565, 12, 49, 99, 38, 0, 45.05%, 0, 0, 5, 825.78, 1240836, 41
2570, 12, 92, 99, 38, 0, 45.05%, 0, 0, 5, 837.27, 1244972, 41
2575, 12, 34, 99, 37, 0, 45.05%, 0, 0, 5, 829.09, 1249107, 41
2580, 12, 40, 99, 37, 0, 45.05%, 0, 0, 5, 834.78, 1253287, 41
2585, 12, 40, 99, 37, 0, 45.05%, 0, 0, 5, 850.26, 1257570, 41
2590, 12, 40, 99, 37, 0, 45.05%, 0, 0, 5, 811.09, 1261580, 41
2595, 12, 34, 99, 36, 0, 45.05%, 0, 0, 5, 825.33, 1265798, 41
2600, 12, 34, 99, 36, 0, 45.05%, 0, 0, 5, 829.20, 1270021, 41
2605, 12, 21, 99, 36, 0, 45.05%, 0, 0, 5, 793.68, 1274030, 41
2610, 12, 34, 99, 36, 0, 45.05%, 0, 0, 5, 823.41, 1278169, 41
2615, 12, 34, 99, 36, 0, 45.05%, 0, 0, 5, 835.79, 1282413, 41
2620, 12, 34, 99, 36, 0, 45.05%, 0, 0, 5, 858.71, 1286743, 41
2625, 12, 34, 99, 36, 0, 45.05%, 0, 0, 5, 842.41, 1290980, 41
2630, 12, 55, 99, 36, 0, 45.05%, 0, 0, 5, 849.96, 1295369, 41
2636, 12, 34, 99, 36, 0, 45.05%, 0, 0, 5, 821.73, 1299447, 41
2641, 12, 34, 99, 36, 0, 45.05%, 0, 0, 5, 839.13, 1303686, 41
2646, 12, 34, 99, 36, 0, 45.05%, 0, 0, 5, 831.70, 1307886, 41
2651, 12, 34, 99, 36, 0, 45.05%, 0, 0, 5, 858.74, 1312173, 41
2656, 12, 34, 99, 36, 0, 45.05%, 0, 0, 5, 836.06, 1316363, 41
2661, 12, 34, 99, 35, 0, 45.05%, 0, 0, 5, 835.59, 1320542, 41
2666, 12, 34, 99, 35, 0, 45.05%, 0, 0, 5, 840.05, 1324842, 41
2671, 12, 34, 99, 35, 0, 45.05%, 0, 0, 5, 849.25, 1329215, 41
2676, 13, 34, 99, 35, 0, 45.05%, 0, 0, 5, 875.19, 1333607, 41
2681, 13, 34, 99, 35, 0, 45.05%, 0, 0, 5, 843.04, 1337799, 41
2686, 13, 75, 99, 35, 0, 45.05%, 0, 0, 5, 832.10, 1342059, 41
2691, 13, 34, 99, 34, 0, 45.05%, 0, 0, 5, 860.35, 1346524, 41
2696, 13, 55, 99, 34, 0, 45.05%, 0, 0, 5, 842.13, 1350900, 41
2702, 13, 40, 99, 34, 0, 45.05%, 0, 0, 5, 862.59, 1355412, 41
2707, 13, 34, 99, 34, 0, 45.05%, 0, 0, 5, 866.00, 1359948, 41
2712, 13, 34, 99, 33, 0, 45.05%, 0, 0, 5, 848.90, 1364230, 41
2717, 13, 38, 99, 33, 0, 45.05%, 0, 0, 5, 844.04, 1368429, 41
2722, 13, 51, 99, 32, 0, 45.05%, 0, 0, 5, 839.53, 1372731, 41
2727, 13, 54, 99, 32, 0, 45.05%, 0, 0, 5, 857.68, 1377122, 41
2732, 13, 34, 99, 32, 0, 45.05%, 0, 0, 5, 866.74, 1381477, 41
2737, 13, 34, 99, 32, 0, 45.05%, 0, 0, 5, 847.89, 1385759, 41
2742, 13, 54, 99, 32, 0, 45.05%, 0, 0, 5, 866.56, 1390293, 41
2748, 13, 34, 99, 32, 0, 45.05%, 0, 0, 5, 860.53, 1394770, 41
2753, 13, 43, 99, 32, 0, 45.05%, 0, 0, 5, 880.37, 1399354, 41
2758, 13, 34, 99, 31, 0, 45.05%, 0, 0, 5, 856.75, 1403605, 41
2763, 13, 34, 99, 31, 0, 45.05%, 0, 0, 5, 843.49, 1407986, 41
2768, 13, 45, 99, 31, 0, 45.05%, 0, 0, 5, 873.60, 1412532, 41
2773, 13, 34, 99, 31, 0, 45.05%, 0, 0, 5, 886.70, 1416992, 41
2778, 13, 34, 99, 31, 0, 45.05%, 0, 0, 5, 859.95, 1421193, 41
2783, 13, 51, 99, 31, 0, 45.05%, 0, 0, 5, 869.26, 1425581, 41
2789, 13, 21, 99, 31, 0, 45.05%, 0, 0, 5, 873.98, 1430163, 41
2794, 13, 51, 99, 31, 0, 45.05%, 0, 0, 5, 870.58, 1434580, 41
2799, 13, 34, 99, 31, 0, 45.05%, 0, 0, 5, 854.00, 1438901, 41
2804, 13, 40, 99, 31, 0, 45.05%, 0, 0, 5, 865.92, 1443266, 41
2809, 14, 34, 99, 31, 0, 45.05%, 0, 0, 5, 851.14, 1447776, 41
2814, 14, 34, 99, 31, 0, 45.05%, 0, 0, 5, 843.80, 1451946, 41
2819, 14, 34, 99, 31, 0, 45.05%, 0, 0, 5, 855.89, 1456248, 41
2824, 14, 34, 99, 31, 0, 45.05%, 0, 0, 5, 821.41, 1460405, 41
2829, 14, 34, 99, 31, 0, 45.05%, 0, 0, 5, 839.59, 1464649, 41
2834, 14, 34, 99, 31, 0, 45.05%, 0, 0, 5, 828.00, 1468739, 41
2839, 14, 34, 99, 31, 0, 45.05%, 0, 0, 5, 851.31, 1473033, 41
2844, 14, 34, 99, 31, 0, 45.05%, 0, 0, 5, 834.47, 1477159, 41
2849, 14, 40, 99, 31, 0, 45.05%, 0, 0, 5, 842.92, 1481353, 41
2854, 14, 34, 99, 31, 0, 45.05%, 0, 0, 5, 838.60, 1485473, 41
2859, 14, 49, 99, 31, 0, 45.05%, 0, 0, 5, 829.35, 1489595, 41
2864, 14, 29, 99, 30, 0, 45.05%, 0, 0, 5, 848.32, 1494069, 41
2870, 14, 34, 99, 30, 0, 45.05%, 0, 0, 5, 847.69, 1498440, 41
2875, 14, 21, 99, 29, 0, 45.05%, 0, 0, 5, 744.40, 1501979, 41
2880, 14, 34, 99, 29, 0, 45.05%, 0, 0, 5, 809.44, 1506190, 41
2885, 14, 45, 99, 29, 0, 45.05%, 0, 0, 5, 849.80, 1510651, 41
2890, 14, 45, 99, 29, 0, 45.05%, 0, 0, 5, 832.64, 1514757, 41
2895, 14, 34, 99, 29, 0, 45.05%, 0, 0, 5, 823.86, 1518883, 41
2900, 14, 49, 99, 29, 0, 45.05%, 0, 0, 5, 821.61, 1523091, 41
2905, 14, 34, 99, 29, 0, 45.05%, 0, 0, 5, 838.69, 1527338, 41
2910, 14, 34, 99, 29, 0, 45.05%, 0, 0, 5, 822.94, 1531435, 41
2915, 14, 34, 99, 29, 0, 45.05%, 0, 0, 5, 886.66, 1536076, 41
2920, 14, 51, 99, 29, 0, 45.05%, 0, 0, 5, 853.03, 1540294, 41
2925, 14, 34, 99, 29, 0, 45.05%, 0, 0, 5, 874.17, 1544699, 41
2930, 14, 34, 99, 28, 0, 45.05%, 0, 0, 5, 858.69, 1548957, 41
2935, 14, 21, 99, 28, 0, 45.05%, 0, 0, 5, 844.09, 1553213, 41
2940, 14, 34, 99, 28, 0, 45.05%, 0, 0, 5, 827.72, 1557317, 41
2945, 15, 34, 99, 27, 0, 45.05%, 0, 0, 5, 813.77, 1561430, 41
2951, 15, 54, 99, 27, 0, 45.05%, 0, 0, 5, 840.97, 1565808, 41
2956, 15, 34, 99, 27, 0, 45.05%, 0, 0, 5, 864.05, 1570272, 41
2961, 15, 49, 99, 27, 0, 45.05%, 0, 0, 5, 896.12, 1574788, 41
2966, 15, 34, 99, 27, 0, 45.05%, 0, 0, 5, 866.66, 1579096, 41
2971, 15, 34, 99, 27, 0, 45.05%, 0, 0, 5, 890.77, 1583771, 41
2976, 15, 34, 99, 27, 0, 45.05%, 0, 0, 5, 870.26, 1588229, 41
2982, 15, 40, 99, 27, 0, 45.05%, 0, 0, 5, 871.35, 1592706, 41
2987, 15, 34, 99, 27, 0, 45.05%, 0, 0, 5, 827.56, 1596957, 41
2992, 15, 54, 99, 27, 0, 45.05%, 0, 0, 5, 856.35, 1601479, 41
2997, 15, 40, 99, 27, 0, 45.05%, 0, 0, 5, 891.39, 1606136, 41
3002, 15, 34, 99, 27, 0, 45.05%, 0, 0, 5, 887.66, 1610482, 41
3006, 15, 34, 99, 27, 0, 45.05%, 1, 0, 5, 0.00, 1614187, 41
