# relative_time, cycles_done, cur_item, corpus_count, pending_total, pending_favs, map_size, saved_crashes, saved_hangs, max_depth, execs_per_sec, total_execs, edges_found
73, 0, 0, 10, 9, 0, 27.00%, 0, 0, 2, 0.04, 1770, 27
78, 0, 0, 10, 9, 0, 27.00%, 0, 0, 2, 307.32, 1837, 27
122, 0, 0, 10, 9, 0, 27.00%, 0, 0, 2, 0.30, 3150, 27
127, 0, 0, 10, 9, 0, 27.00%, 0, 0, 2, 418.30, 4036, 27
171, 0, 0, 10, 9, 0, 27.00%, 0, 0, 2, 1.94, 5355, 27
176, 0, 0, 10, 9, 0, 27.00%, 0, 0, 2, 0.18, 5356, 27
181, 0, 0, 12, 10, 0, 27.00%, 0, 0, 2, 415.99, 7459, 27
222, 0, 0, 12, 10, 0, 27.00%, 0, 0, 2, 1.97, 7827, 27
264, 0, 11, 13, 11, 0, 27.00%, 0, 0, 3, 0.05, 8979, 27
269, 0, 11, 23, 21, 0, 35.00%, 0, 0, 3, 452.12, 11279, 35
306, 0, 11, 23, 21, 0, 35.00%, 0, 0, 3, 0.24, 11423, 35
346, 0, 11, 27, 25, 0, 36.00%, 0, 0, 3, 1.97, 12990, 36
351, 0, 11, 29, 27, 0, 37.00%, 0, 0, 3, 419.80, 15089, 37
384, 0, 11, 29, 27, 0, 37.00%, 0, 0, 3, 1.73, 15433, 37
420, 0, 11, 30, 28, 0, 37.00%, 0, 0, 3, 0.49, 16536, 37
455, 0, 11, 30, 28, 0, 37.00%, 0, 0, 3, 2.86, 18712, 37
463, 0, 11, 30, 28, 0, 37.00%, 0, 0, 3, 12.45, 19383, 37
487, 0, 11, 30, 28, 0, 37.00%, 0, 0, 3, 0.08, 19385, 37
492, 0, 11, 31, 29, 0, 37.00%, 0, 0, 3, 421.44, 21551, 37
522, 0, 11, 32, 30, 0, 37.00%, 0, 0, 3, 0.30, 21849, 37
528, 0, 18, 34, 25, 2, 37.00%, 0, 0, 4, 414.56, 24056, 37
557, 0, 14, 35, 25, 1, 37.00%, 0, 0, 4, 0.55, 24339, 37
592, 0, 20, 39, 28, 0, 38.00%, 0, 0, 4, 1.50, 25385, 38
597, 0, 20, 43, 31, 0, 38.00%, 0, 0, 4, 414.62, 27486, 38
626, 0, 18, 43, 31, 0, 38.00%, 0, 0, 4, 3.12, 27861, 38
656, 0, 20, 46, 34, 0, 38.00%, 0, 0, 4, 3.24, 29625, 38
665, 0, 27, 46, 34, 0, 38.00%, 0, 0, 4, 0.28, 31090, 38
680, 0, 27, 46, 34, 0, 38.00%, 0, 0, 4, 0.32, 31103, 38
713, 0, 27, 46, 34, 0, 38.00%, 0, 0, 4, 2.79, 32907, 38
718, 0, 20, 47, 35, 0, 38.00%, 0, 0, 4, 448.64, 35226, 38
740, 0, 24, 47, 35, 0, 38.00%, 0, 0, 4, 1.52, 35428, 38
748, 0, 20, 49, 37, 0, 38.00%, 0, 0, 4, 10.17, 36550, 38
762, 0, 20, 49, 37, 0, 38.00%, 0, 0, 4, 0.29, 36554, 38
788, 0, 37, 50, 38, 0, 38.00%, 0, 0, 5, 4.37, 38594, 38
793, 0, 37, 50, 38, 0, 38.00%, 0, 0, 5, 433.35, 40748, 38
802, 0, 18, 50, 38, 0, 38.00%, 0, 0, 5, 3.59, 40969, 38
817, 0, 18, 50, 38, 0, 38.00%, 0, 0, 5, 0.67, 40979, 38
837, 0, 13, 50, 38, 0, 38.00%, 0, 0, 5, 1.88, 42482, 38
842, 0, 20, 50, 38, 0, 38.00%, 0, 0, 5, 494.99, 44951, 38
864, 0, 24, 50, 38, 0, 38.00%, 0, 0, 5, 0.84, 45167, 38
892, 1, 18, 54, 41, 0, 38.00%, 0, 0, 5, 2.14, 47544, 38
897, 1, 20, 55, 42, 0, 38.00%, 0, 0, 5, 489.61, 49908, 38
916, 1, 20, 56, 43, 0, 38.00%, 0, 0, 5, 4.38, 50379, 38
933, 1, 14, 57, 44, 0, 38.00%, 0, 0, 5, 6.49, 51978, 38
946, 1, 20, 57, 43, 0, 38.00%, 0, 0, 5, 4.41, 53524, 38
954, 1, 20, 57, 43, 0, 38.00%, 0, 0, 5, 4.11, 53539, 38
959, 1, 20, 58, 42, 0, 38.00%, 0, 0, 5, 461.24, 55909, 38
969, 1, 16, 59, 43, 0, 39.00%, 0, 0, 5, 8.03, 56399, 39
974, 1, 58, 64, 47, 0, 40.00%, 0, 0, 5, 452.18, 58657, 40
991, 1, 58, 64, 47, 0, 40.00%, 0, 0, 5, 4.97, 59044, 40
1006, 1, 58, 65, 48, 0, 40.00%, 0, 0, 5, 0.79, 60923, 40
1027, 1, 58, 65, 48, 0, 40.00%, 0, 0, 5, 2.86, 63029, 40
1040, 1, 58, 65, 48, 0, 40.00%, 0, 0, 5, 1.98, 65326, 40
1046, 1, 63, 66, 47, 0, 40.00%, 0, 0, 6, 467.74, 67670, 40
1064, 1, 63, 66, 47, 0, 40.00%, 0, 0, 6, 3.93, 67976, 40
1069, 1, 63, 68, 49, 0, 40.00%, 0, 0, 6, 520.24, 70620, 40
1078, 1, 18, 68, 49, 0, 40.00%, 0, 0, 6, 0.15, 71013, 40
1097, 1, 20, 68, 49, 0, 40.00%, 0, 0, 6, 6.02, 72461, 40
1102, 1, 37, 69, 50, 0, 40.00%, 0, 0, 6, 597.74, 75430, 40
1115, 1, 56, 70, 51, 0, 40.00%, 0, 0, 6, 5.13, 76190, 40
1120, 1, 70, 72, 51, 0, 41.00%, 0, 0, 6, 613.12, 79280, 41
1130, 1, 70, 73, 52, 0, 41.00%, 0, 0, 6, 11.45, 79659, 41
1147, 1, 70, 74, 53, 0, 41.00%, 0, 0, 6, 4.66, 82138, 41
1152, 1, 70, 74, 53, 0, 41.00%, 0, 0, 6, 616.94, 85194, 41
1157, 1, 70, 74, 53, 0, 41.00%, 0, 0, 6, 677.16, 86679, 41
1171, 1, 63, 74, 53, 0, 41.00%, 0, 0, 6, 3.46, 88394, 41
1176, 1, 20, 74, 52, 0, 41.00%, 0, 0, 6, 624.21, 91572, 41
1181, 1, 13, 74, 51, 0, 41.00%, 0, 0, 6, 669.07, 93777, 41
1190, 2, 36, 74, 51, 0, 41.00%, 0, 0, 6, 13.29, 94330, 41
1195, 2, 37, 82, 58, 0, 41.00%, 0, 0, 6, 710.64, 97919, 41
1205, 2, 63, 84, 60, 0, 41.00%, 0, 0, 6, 15.90, 99202, 41
1210, 2, 37, 90, 66, 0, 41.00%, 0, 0, 6, 660.65, 102460, 41
1219, 2, 37, 92, 68, 0, 41.00%, 0, 0, 6, 19.18, 103703, 41
1224, 2, 16, 96, 70, 0, 42.00%, 0, 0, 6, 677.02, 107029, 42
1230, 2, 92, 97, 70, 0, 42.00%, 0, 0, 6, 30.33, 108220, 42
1238, 2, 92, 97, 70, 0, 42.00%, 0, 0, 6, 10.26, 110530, 42
1243, 2, 62, 97, 68, 0, 42.00%, 0, 0, 6, 652.16, 114016, 42
1244, 2, 62, 97, 68, 0, 42.00%, 1, 0, 6, 0.00, 114242, 42
