# relative_time, cycles_done, cur_item, corpus_count, pending_total, pending_favs, map_size, saved_crashes, saved_hangs, max_depth, execs_per_sec, total_execs, edges_found
73, 0, 0, 11, 10, 0, 27.00%, 0, 0, 2, 0.04, 1747, 27
78, 0, 0, 11, 10, 0, 27.00%, 0, 0, 2, 320.20, 1815, 27
90, 0, 0, 11, 10, 0, 27.00%, 0, 0, 2, 3.10, 3019, 27
122, 0, 0, 11, 10, 0, 27.00%, 0, 0, 2, 0.15, 3024, 27
128, 0, 0, 11, 10, 0, 27.00%, 0, 0, 2, 391.16, 3864, 27
171, 0, 0, 12, 11, 0, 28.00%, 0, 0, 2, 0.88, 5075, 28
176, 0, 0, 12, 11, 0, 28.00%, 0, 0, 2, 0.84, 5076, 28
181, 0, 0, 13, 12, 0, 29.00%, 0, 0, 2, 359.83, 6930, 29
222, 0, 0, 13, 12, 0, 29.00%, 0, 0, 2, 0.35, 7196, 29
264, 0, 12, 13, 11, 1, 29.00%, 0, 0, 2, 0.64, 8186, 29
269, 0, 11, 22, 19, 0, 37.00%, 0, 0, 3, 418.06, 10306, 37
306, 0, 11, 22, 19, 0, 37.00%, 0, 0, 3, 0.22, 10442, 37
346, 0, 11, 22, 19, 0, 37.00%, 0, 0, 3, 2.19, 11898, 37
351, 0, 11, 23, 20, 0, 37.00%, 0, 0, 3, 387.36, 13816, 37
384, 0, 11, 23, 20, 0, 37.00%, 0, 0, 3, 2.38, 14145, 37
420, 0, 11, 23, 20, 0, 37.00%, 0, 0, 3, 0.24, 15169, 37
455, 0, 11, 25, 22, 0, 37.00%, 0, 0, 3, 2.60, 17175, 37
463, 0, 11, 25, 22, 0, 37.00%, 0, 0, 3, 13.46, 17791, 37
487, 0, 11, 25, 22, 0, 37.00%, 0, 0, 3, 0.25, 17797, 37
492, 0, 11, 25, 22, 0, 37.00%, 0, 0, 3, 391.14, 19836, 37
522, 0, 11, 25, 22, 0, 37.00%, 0, 0, 3, 2.17, 20077, 37
527, 0, 13, 30, 25, 4, 37.00%, 0, 0, 4, 387.76, 22064, 37
557, 0, 20, 33, 27, 3, 38.00%, 0, 0, 4, 0.51, 22387, 38
592, 0, 32, 35, 26, 2, 39.00%, 0, 0, 5, 1.50, 23338, 39
597, 0, 0, 36, 25, 0, 39.00%, 0, 0, 5, 384.09, 25287, 39
626, 0, 0, 36, 25, 0, 39.00%, 0, 0, 5, 2.23, 25625, 39
656, 0, 0, 37, 26, 0, 39.00%, 0, 0, 5, 2.51, 27258, 39
665, 0, 18, 39, 28, 0, 39.00%, 0, 0, 5, 5.90, 28615, 39
680, 0, 18, 39, 28, 0, 39.00%, 0, 0, 5, 0.65, 28625, 39
713, 0, 20, 40, 29, 0, 39.00%, 0, 0, 5, 0.28, 30298, 39
718, 0, 20, 43, 31, 0, 40.00%, 0, 0, 5, 405.82, 32447, 40
740, 0, 20, 44, 32, 0, 40.00%, 0, 0, 5, 2.52, 32613, 40
748, 0, 0, 44, 32, 0, 40.00%, 0, 0, 5, 12.09, 33652, 40
762, 0, 0, 44, 32, 0, 40.00%, 0, 0, 5, 0.14, 33654, 40
788, 0, 33, 44, 32, 0, 40.00%, 0, 0, 5, 1.28, 35549, 40
794, 0, 0, 46, 34, 0, 40.00%, 0, 0, 5, 439.39, 37790, 40
817, 0, 0, 46, 34, 0, 40.00%, 0, 0, 5, 2.10, 37935, 40
837, 0, 20, 48, 35, 0, 40.00%, 0, 0, 5, 0.06, 39435, 40
842, 0, 40, 50, 37, 0, 40.00%, 0, 0, 6, 479.91, 41835, 40
864, 0, 40, 51, 38, 0, 41.00%, 0, 0, 6, 2.52, 42094, 41
892, 0, 40, 53, 40, 0, 41.00%, 0, 0, 6, 2.17, 44565, 41
897, 0, 40, 55, 42, 0, 42.00%, 0, 0, 6, 463.67, 46856, 42
916, 0, 40, 55, 42, 0, 42.00%, 0, 0, 6, 4.60, 47333, 42
921, 0, 40, 55, 42, 0, 42.00%, 0, 0, 6, 47.49, 48922, 42
933, 0, 40, 55, 42, 0, 42.00%, 0, 0, 6, 0.08, 48923, 42
946, 0, 40, 56, 43, 0, 42.00%, 0, 0, 6, 3.79, 50489, 42
954, 0, 40, 56, 43, 0, 42.00%, 0, 0, 6, 3.88, 50507, 42
959, 0, 54, 58, 43, 0, 44.00%, 0, 0, 7, 461.94, 52899, 44
969, 0, 54, 59, 44, 0, 44.00%, 0, 0, 7, 5.73, 53356, 44
974, 0, 54, 60, 45, 0, 45.00%, 0, 0, 7, 458.07, 55640, 45
991, 0, 54, 60, 45, 0, 45.00%, 0, 0, 7, 5.52, 56045, 45
1006, 0, 54, 61, 46, 0, 45.00%, 0, 0, 7, 8.66, 57942, 45
1027, 0, 54, 61, 46, 0, 45.00%, 0, 0, 7, 3.49, 60125, 45
1040, 0, 59, 63, 47, 1, 45.00%, 0, 0, 8, 6.16, 62431, 45
1045, 0, 20, 64, 46, 0, 46.00%, 0, 0, 8, 472.75, 64776, 46
1051, 0, 40, 64, 46, 0, 46.00%, 0, 0, 8, 3.91, 65109, 46
1064, 0, 40, 64, 46, 0, 46.00%, 0, 0, 8, 0.07, 65110, 46
1069, 1, 57, 65, 47, 0, 48.00%, 0, 0, 8, 492.33, 67557, 48
1078, 1, 57, 66, 48, 0, 48.00%, 0, 0, 8, 10.60, 67978, 48
1097, 1, 57, 66, 48, 0, 48.00%, 0, 0, 8, 3.89, 69373, 48
1102, 1, 57, 68, 50, 0, 48.00%, 0, 0, 8, 567.34, 72264, 48
1115, 1, 57, 68, 50, 0, 48.00%, 0, 0, 8, 5.62, 72946, 48
1120, 1, 57, 69, 51, 0, 48.00%, 0, 0, 8, 581.27, 75989, 48
1130, 1, 57, 69, 51, 0, 48.00%, 0, 0, 8, 3.57, 76265, 48
1147, 1, 19, 71, 52, 0, 48.00%, 0, 0, 8, 2.18, 78619, 48
1152, 1, 64, 74, 55, 0, 48.00%, 0, 0, 9, 576.32, 81425, 48
1157, 1, 64, 75, 56, 0, 48.00%, 0, 0, 9, 626.49, 82832, 48
1171, 1, 64, 75, 56, 0, 48.00%, 0, 0, 9, 5.30, 84464, 48
1176, 1, 64, 77, 58, 0, 48.00%, 0, 0, 9, 620.96, 87622, 48
1181, 1, 64, 78, 59, 0, 48.00%, 0, 0, 9, 601.57, 89645, 48
1190, 1, 64, 78, 59, 0, 48.00%, 0, 0, 9, 2.92, 90257, 48
1195, 1, 64, 81, 62, 0, 48.00%, 0, 0, 9, 663.32, 93723, 48
1205, 1, 56, 81, 62, 0, 48.00%, 0, 0, 9, 8.65, 94924, 48
1210, 1, 64, 81, 61, 0, 48.00%, 0, 0, 9, 676.68, 98257, 48
1219, 1, 0, 82, 62, 0, 48.00%, 0, 0, 9, 19.44, 99474, 48
1224, 1, 18, 82, 60, 0, 48.00%, 0, 0, 9, 629.80, 102592, 48
1230, 1, 40, 82, 60, 0, 48.00%, 0, 0, 9, 4.24, 103789, 48
1238, 1, 50, 83, 60, 0, 48.00%, 0, 0, 9, 16.42, 106289, 48
1243, 1, 0, 83, 59, 0, 48.00%, 0, 0, 9, 669.44, 109816, 48
1248, 1, 64, 83, 59, 0, 48.00%, 0, 0, 9, 694.03, 111904, 48
1255, 1, 18, 83, 59, 0, 48.00%, 0, 0, 9, 2.47, 112652, 48
1260, 1, 0, 83, 59, 0, 48.00%, 0, 0, 9, 707.50, 116211, 48
1270, 1, 0, 83, 59, 0, 48.00%, 0, 0, 9, 10.10, 119557, 48
1275, 1, 0, 83, 59, 0, 48.00%, 0, 0, 9, 684.62, 123076, 48
1285, 2, 73, 85, 61, 0, 48.00%, 0, 0, 10, 20.61, 126059, 48
1290, 2, 84, 86, 60, 0, 48.00%, 0, 0, 10, 716.01, 129882, 48
1295, 2, 84, 88, 62, 0, 48.00%, 0, 0, 11, 719.26, 133541, 48
1301, 2, 84, 88, 62, 0, 48.00%, 0, 0, 11, 9.38, 134381, 48
1306, 2, 64, 95, 68, 0, 48.00%, 0, 0, 11, 687.60, 137846, 48
1311, 2, 47, 95, 67, 0, 48.00%, 0, 0, 11, 704.56, 141478, 48
1316, 2, 64, 97, 67, 0, 48.00%, 0, 0, 11, 750.08, 145246, 48
1321, 2, 85, 98, 66, 0, 48.00%, 0, 0, 11, 731.92, 148949, 48
1326, 2, 83, 99, 66, 0, 48.00%, 0, 0, 11, 707.54, 152468, 48
1331, 2, 0, 100, 65, 0, 48.00%, 0, 0, 11, 738.95, 156158, 48
1339, 2, 40, 100, 65, 0, 48.00%, 0, 0, 11, 38.39, 159520, 48
1344, 2, 12, 100, 65, 0, 48.00%, 0, 0, 11, 712.39, 162829, 48
1349, 2, 0, 101, 65, 0, 48.00%, 0, 0, 11, 751.75, 166692, 48
1354, 2, 0, 102, 65, 0, 48.00%, 0, 0, 11, 772.61, 170738, 48
1359, 2, 64, 102, 65, 0, 48.00%, 0, 0, 11, 224.90, 174400, 48
1365, 2, 64, 102, 65, 0, 48.00%, 0, 0, 11, 614.21, 178118, 48
1370, 3, 0, 103, 64, 0, 48.00%, 0, 0, 11, 543.43, 181719, 48
1375, 3, 89, 104, 64, 0, 48.00%, 0, 0, 12, 708.04, 185332, 48
1380, 3, 50, 105, 63, 0, 48.00%, 0, 0, 12, 690.47, 188805, 48
1385, 3, 64, 106, 64, 0, 48.00%, 0, 0, 12, 742.42, 192636, 48
1390, 3, 57, 107, 65, 0, 48.00%, 0, 0, 12, 711.37, 196247, 48
1395, 3, 64, 109, 67, 0, 48.00%, 0, 0, 12, 744.66, 200084, 48
1400, 3, 64, 109, 66, 0, 48.00%, 0, 0, 12, 748.26, 203871, 48
1405, 3, 50, 110, 66, 0, 48.00%, 0, 0, 12, 737.99, 207611, 48
1410, 3, 0, 110, 66, 0, 48.00%, 0, 0, 12, 756.58, 211508, 48
1415, 3, 50, 111, 67, 0, 48.00%, 0, 0, 12, 816.49, 214519, 48
1420, 3, 33, 111, 66, 0, 48.00%, 0, 0, 12, 795.43, 218441, 48
1426, 3, 0, 112, 65, 0, 48.00%, 0, 0, 12, 786.01, 222493, 48
1431, 3, 57, 113, 65, 0, 48.00%, 0, 0, 12, 762.57, 226331, 48
1436, 4, 0, 113, 65, 0, 48.00%, 0, 0, 12, 781.00, 230278, 48
1441, 4, 20, 114, 66, 0, 48.00%, 0, 0, 12, 762.85, 234092, 48
1446, 4, 18, 115, 67, 0, 48.00%, 0, 0, 12, 785.07, 238220, 48
1451, 4, 0, 116, 67, 0, 48.00%, 0, 0, 12, 785.45, 242292, 48
1456, 4, 0, 116, 67, 0, 48.00%, 0, 0, 12, 794.43, 246416, 48
1461, 4, 0, 116, 66, 0, 48.00%, 0, 0, 12, 770.73, 250408, 48
1466, 4, 64, 117, 67, 0, 48.00%, 0, 0, 12, 783.72, 254256, 48
1472, 4, 14, 117, 66, 0, 48.00%, 0, 0, 12, 789.04, 258451, 48
1477, 4, 0, 117, 66, 0, 48.00%, 0, 0, 12, 803.91, 262606, 48
1482, 4, 0, 117, 66, 0, 48.00%, 0, 0, 12, 805.79, 266607, 48
1487, 4, 76, 117, 65, 0, 48.00%, 0, 0, 12, 776.49, 270411, 48
1488, 4, 76, 117, 65, 0, 48.00%, 1, 0, 12, 0.00, 270775, 48
