# relative_time, cycles_done, cur_item, corpus_count, pending_total, pending_favs, map_size, saved_crashes, saved_hangs, max_depth, execs_per_sec, total_execs, edges_found
73, 0, 1, 9, 7, 0, 30.77%, 0, 0, 3, 0.04, 1722, 28
78, 0, 1, 9, 7, 0, 30.77%, 0, 0, 3, 175.00, 1761, 28
122, 0, 1, 9, 7, 0, 30.77%, 0, 0, 3, 0.86, 3436, 28
127, 0, 1, 9, 7, 0, 30.77%, 0, 0, 3, 643.76, 4830, 28
176, 0, 1, 9, 7, 0, 30.77%, 0, 0, 3, 2.77, 6811, 28
176, 0, 1, 9, 7, 0, 30.77%, 0, 0, 3, 0.18, 6812, 28
181, 0, 12, 14, 11, 0, 31.87%, 0, 0, 4, 591.12, 9844, 29
222, 0, 12, 15, 12, 0, 35.16%, 0, 0, 4, 1.28, 10299, 32
264, 0, 12, 17, 14, 0, 35.16%, 0, 0, 4, 0.11, 11904, 32
269, 0, 12, 18, 15, 0, 35.16%, 0, 0, 4, 649.00, 15204, 32
306, 0, 12, 18, 15, 0, 35.16%, 0, 0, 4, 0.32, 15420, 32
346, 0, 12, 18, 15, 0, 35.16%, 0, 0, 4, 0.99, 17664, 32
351, 0, 12, 18, 15, 0, 35.16%, 0, 0, 4, 593.73, 20697, 32
384, 0, 12, 18, 15, 0, 35.16%, 0, 0, 4, 0.37, 21120, 32
420, 0, 14, 19, 15, 0, 35.16%, 0, 0, 5, 0.73, 22696, 32
455, 0, 14, 22, 18, 0, 37.36%, 0, 0, 5, 3.90, 25753, 34
487, 0, 14, 22, 18, 0, 37.36%, 0, 0, 5, 4.29, 26722, 34
492, 0, 14, 24, 20, 0, 39.56%, 0, 0, 5, 592.41, 29788, 36
522, 0, 14, 24, 20, 0, 39.56%, 0, 0, 5, 4.81, 30207, 36
527, 0, 14, 24, 20, 0, 39.56%, 0, 0, 5, 610.07, 33507, 36
557, 0, 14, 24, 20, 0, 39.56%, 0, 0, 5, 4.63, 33923, 36
591, 0, 14, 28, 24, 0, 40.66%, 0, 0, 5, 2.65, 35476, 37
597, 0, 20, 32, 27, 5, 41.76%, 0, 0, 6, 627.00, 38785, 38
625, 0, 23, 33, 27, 4, 41.76%, 0, 0, 6, 4.67, 39169, 38
656, 0, 25, 38, 28, 2, 42.86%, 0, 0, 6, 2.77, 41872, 39
665, 0, 22, 39, 26, 0, 42.86%, 0, 0, 6, 11.04, 44110, 39
680, 0, 22, 39, 26, 0, 42.86%, 0, 0, 6, 0.78, 44122, 39
712, 0, 30, 41, 28, 0, 42.86%, 0, 0, 6, 0.91, 46864, 39
718, 0, 37, 43, 30, 0, 42.86%, 0, 0, 7, 704.58, 50555, 39
740, 0, 37, 43, 30, 0, 42.86%, 0, 0, 7, 1.80, 50891, 39
748, 0, 37, 44, 31, 0, 43.96%, 0, 0, 7, 19.01, 52712, 40
762, 0, 37, 44, 31, 0, 43.96%, 0, 0, 7, 0.58, 52720, 40
788, 0, 37, 44, 31, 0, 43.96%, 0, 0, 7, 1.79, 56072, 40
793, 0, 37, 44, 31, 0, 43.96%, 0, 0, 7, 710.70, 59612, 40
816, 0, 30, 44, 30, 0, 43.96%, 0, 0, 7, 1.84, 59984, 40
837, 0, 35, 46, 32, 0, 43.96%, 0, 0, 7, 1.76, 62436, 40
842, 0, 35, 46, 32, 0, 43.96%, 0, 0, 7, 785.47, 66502, 40
864, 0, 30, 46, 32, 0, 43.96%, 0, 0, 7, 5.20, 66756, 40
892, 0, 43, 47, 33, 0, 43.96%, 0, 0, 8, 4.72, 70671, 40
897, 0, 46, 50, 35, 1, 45.05%, 0, 0, 8, 800.43, 74653, 41
916, 0, 46, 50, 35, 1, 45.05%, 0, 0, 8, 7.73, 75439, 41
933, 0, 49, 52, 36, 0, 45.05%, 0, 0, 8, 6.39, 78118, 41
947, 0, 30, 53, 37, 0, 45.05%, 0, 0, 8, 3.00, 80778, 41
954, 0, 30, 53, 37, 0, 45.05%, 0, 0, 8, 2.96, 80794, 41
959, 0, 30, 54, 38, 0, 45.05%, 0, 0, 8, 789.55, 84902, 41
969, 0, 30, 54, 38, 0, 45.05%, 0, 0, 8, 7.24, 85647, 41
974, 0, 30, 55, 39, 0, 45.05%, 0, 0, 8, 789.17, 89777, 41
991, 0, 30, 55, 39, 0, 45.05%, 0, 0, 8, 1.73, 90219, 41
1006, 0, 30, 55, 39, 0, 45.05%, 0, 0, 8, 2.56, 93453, 41
1026, 0, 46, 55, 39, 0, 45.05%, 0, 0, 8, 10.10, 97130, 41
1040, 0, 49, 56, 40, 0, 45.05%, 0, 0, 8, 8.34, 101084, 41
1045, 0, 30, 57, 41, 0, 45.05%, 0, 0, 8, 795.31, 105244, 41
1050, 0, 30, 57, 41, 0, 45.05%, 0, 0, 8, 9.78, 105629, 41
1064, 0, 30, 57, 41, 0, 45.05%, 0, 0, 8, 0.15, 105631, 41
1069, 1, 46, 58, 42, 0, 45.05%, 0, 0, 9, 821.07, 109893, 41
1078, 1, 46, 59, 43, 0, 45.05%, 0, 0, 9, 19.64, 110417, 41
1097, 1, 46, 60, 44, 0, 45.05%, 0, 0, 9, 6.97, 112610, 41
1102, 1, 30, 64, 48, 0, 45.05%, 0, 0, 9, 825.89, 116883, 41
1115, 1, 33, 64, 48, 0, 45.05%, 0, 0, 9, 13.36, 117861, 41
1120, 1, 30, 66, 48, 0, 45.05%, 0, 0, 9, 798.71, 122012, 41
1130, 1, 30, 66, 48, 0, 45.05%, 0, 0, 9, 6.02, 122413, 41
1146, 1, 54, 67, 48, 0, 45.05%, 0, 0, 9, 10.50, 125587, 41
1152, 1, 30, 68, 48, 0, 45.05%, 0, 0, 9, 796.16, 129723, 41
1157, 1, 30, 68, 48, 0, 45.05%, 0, 0, 9, 802.23, 131673, 41
1170, 1, 49, 68, 47, 0, 45.05%, 0, 0, 9, 8.46, 133623, 41
1175, 1, 30, 68, 47, 0, 45.05%, 0, 0, 9, 807.86, 137838, 41
1181, 1, 30, 69, 48, 0, 45.05%, 0, 0, 9, 723.94, 140355, 41
1190, 1, 30, 69, 48, 0, 45.05%, 0, 0, 9, 9.06, 141065, 41
1195, 1, 30, 69, 48, 0, 45.05%, 0, 0, 9, 803.23, 145224, 41
1205, 1, 49, 70, 49, 0, 45.05%, 0, 0, 9, 12.86, 146773, 41
1210, 1, 30, 72, 50, 0, 45.05%, 0, 0, 9, 814.61, 150850, 41
1219, 1, 30, 72, 50, 0, 45.05%, 0, 0, 9, 14.44, 152426, 41
1224, 1, 30, 72, 49, 0, 45.05%, 0, 0, 9, 771.11, 156465, 41
1229, 1, 71, 72, 49, 0, 45.05%, 0, 0, 9, 1.24, 157707, 41
1238, 1, 49, 72, 47, 0, 45.05%, 0, 0, 9, 27.19, 160536, 41
1243, 2, 30, 73, 48, 0, 45.05%, 0, 0, 9, 780.24, 164466, 41
1248, 2, 30, 75, 50, 0, 45.05%, 0, 0, 9, 728.85, 166865, 41
1254, 2, 30, 75, 50, 0, 45.05%, 0, 0, 9, 6.90, 167766, 41
1259, 2, 30, 78, 53, 0, 45.05%, 0, 0, 9, 753.11, 170737, 41
1264, 2, 30, 83, 58, 0, 45.05%, 0, 0, 9, 783.93, 174694, 41
1270, 2, 74, 84, 59, 0, 45.05%, 0, 0, 9, 5.49, 175506, 41
1275, 2, 83, 88, 62, 0, 45.05%, 0, 0, 9, 755.99, 179307, 41
1285, 2, 51, 89, 62, 0, 45.05%, 0, 0, 9, 29.27, 182532, 41
1290, 2, 33, 91, 62, 0, 45.05%, 0, 0, 9, 750.20, 186511, 41
1295, 2, 30, 94, 64, 0, 45.05%, 0, 0, 9, 775.05, 190525, 41
1300, 2, 30, 94, 64, 0, 45.05%, 0, 0, 9, 33.82, 191314, 41
1306, 2, 46, 96, 66, 0, 45.05%, 0, 0, 9, 747.44, 195078, 41
1311, 2, 49, 98, 66, 0, 45.05%, 0, 0, 9, 742.84, 198829, 41
1316, 2, 30, 100, 68, 0, 45.05%, 0, 0, 9, 775.86, 202542, 41
1321, 2, 86, 100, 68, 0, 45.05%, 0, 0, 9, 726.03, 206200, 41
1326, 2, 27, 100, 67, 0, 45.05%, 0, 0, 9, 753.58, 210022, 41
1331, 2, 30, 100, 67, 0, 45.05%, 0, 0, 9, 761.32, 213889, 41
1339, 2, 30, 101, 68, 0, 45.05%, 0, 0, 9, 33.86, 217523, 41
1344, 2, 30, 103, 70, 0, 45.05%, 0, 0, 9, 633.65, 221226, 41
1349, 2, 90, 103, 70, 0, 45.05%, 0, 0, 9, 689.08, 224961, 41
1354, 2, 30, 103, 69, 0, 45.05%, 0, 0, 9, 748.86, 228979, 41
1359, 2, 46, 103, 68, 0, 45.05%, 0, 0, 9, 710.38, 232762, 41
1364, 2, 30, 103, 67, 0, 45.05%, 0, 0, 9, 742.00, 236495, 41
1369, 3, 30, 103, 66, 0, 45.05%, 0, 0, 9, 750.19, 240304, 41
1375, 3, 46, 103, 66, 0, 45.05%, 0, 0, 9, 761.29, 244190, 41
1380, 3, 48, 103, 66, 0, 45.05%, 0, 0, 9, 727.07, 247808, 41
1385, 3, 30, 103, 64, 0, 45.05%, 0, 0, 9, 664.36, 251017, 41
1390, 3, 91, 103, 64, 0, 45.05%, 0, 0, 9, 666.15, 254436, 41
1395, 3, 32, 103, 62, 0, 45.05%, 0, 0, 9, 765.64, 258381, 41
1400, 3, 30, 103, 61, 0, 45.05%, 0, 0, 9, 751.57, 262333, 41
1405, 3, 30, 104, 60, 0, 45.05%, 0, 0, 9, 756.86, 266126, 41
1410, 3, 30, 105, 61, 0, 45.05%, 0, 0, 9, 759.94, 269847, 41
1415, 3, 30, 105, 61, 0, 45.05%, 0, 0, 9, 750.84, 272777, 41
1420, 3, 30, 105, 61, 0, 45.05%, 0, 0, 9, 783.73, 276885, 41
1425, 3, 30, 105, 61, 0, 45.05%, 0, 0, 9, 757.88, 280459, 41
1431, 3, 30, 105, 61, 0, 45.05%, 0, 0, 9, 760.17, 284421, 41
1436, 3, 82, 105, 61, 0, 45.05%, 0, 0, 9, 725.89, 288101, 41
1441, 3, 30, 105, 60, 0, 45.05%, 0, 0, 9, 723.48, 291754, 41
1446, 3, 30, 106, 61, 0, 45.05%, 0, 0, 9, 783.59, 295901, 41
1451, 3, 30, 106, 60, 0, 45.05%, 0, 0, 9, 783.73, 299966, 41
1456, 3, 30, 106, 60, 0, 45.05%, 0, 0, 9, 786.62, 304027, 41
1461, 3, 49, 106, 59, 0, 45.05%, 0, 0, 9, 761.87, 307697, 41
1466, 3, 30, 106, 59, 0, 45.05%, 0, 0, 9, 777.30, 311576, 41
1471, 3, 30, 106, 58, 0, 45.05%, 0, 0, 9, 777.77, 315458, 41
1476, 4, 32, 106, 57, 0, 45.05%, 0, 0, 9, 788.86, 319371, 41
1481, 4, 30, 106, 57, 0, 45.05%, 0, 0, 9, 766.08, 323209, 41
1486, 4, 30, 106, 57, 0, 45.05%, 0, 0, 9, 841.56, 326899, 41
1491, 4, 30, 106, 56, 0, 45.05%, 0, 0, 9, 694.94, 330250, 41
1496, 4, 30, 106, 56, 0, 45.05%, 0, 0, 9, 763.56, 334189, 41
1501, 4, 30, 106, 56, 0, 45.05%, 0, 0, 9, 796.78, 338093, 41
1507, 4, 30, 106, 56, 0, 45.05%, 0, 0, 9, 798.26, 342078, 41
1512, 4, 30, 106, 56, 0, 45.05%, 0, 0, 9, 775.13, 345911, 41
1517, 4, 30, 106, 56, 0, 45.05%, 0, 0, 9, 767.09, 349894, 41
1522, 4, 32, 106, 56, 0, 45.05%, 0, 0, 9, 769.20, 353491, 41
1527, 4, 30, 106, 56, 0, 45.05%, 0, 0, 9, 769.48, 357390, 41
1532, 4, 30, 106, 55, 0, 45.05%, 0, 0, 9, 801.95, 361593, 41
1537, 4, 30, 106, 55, 0, 45.05%, 0, 0, 9, 776.79, 365459, 41
1542, 4, 49, 106, 55, 0, 45.05%, 0, 0, 9, 781.53, 369393, 41
1547, 4, 49, 106, 55, 0, 45.05%, 0, 0, 9, 772.75, 373346, 41
1552, 4, 30, 106, 55, 0, 45.05%, 0, 0, 9, 770.34, 377181, 41
1557, 4, 46, 106, 55, 0, 45.05%, 0, 0, 9, 787.31, 381143, 41
1562, 4, 22, 106, 55, 0, 45.05%, 0, 0, 9, 798.16, 385121, 41
1567, 4, 30, 106, 55, 0, 45.05%, 0, 0, 9, 806.29, 389254, 41
1572, 5, 30, 106, 55, 0, 45.05%, 0, 0, 9, 778.76, 393175, 41
1577, 5, 20, 106, 54, 0, 45.05%, 0, 0, 9, 780.86, 397104, 41
1582, 5, 59, 106, 54, 0, 45.05%, 0, 0, 9, 784.78, 401057, 41
1588, 5, 22, 106, 53, 0, 45.05%, 0, 0, 9, 793.25, 405172, 41
1593, 5, 100, 107, 54, 0, 45.05%, 0, 0, 9, 705.88, 408776, 41
1598, 5, 22, 107, 53, 0, 45.05%, 0, 0, 9, 772.61, 412771, 41
1603, 5, 33, 107, 53, 0, 45.05%, 0, 0, 9, 779.47, 416800, 41
1608, 5, 30, 107, 53, 0, 45.05%, 0, 0, 9, 786.38, 420788, 41
1613, 5, 30, 107, 53, 0, 45.05%, 0, 0, 9, 804.21, 424823, 41
1618, 5, 30, 107, 53, 0, 45.05%, 0, 0, 9, 789.59, 428800, 41
1623, 5, 46, 107, 53, 0, 45.05%, 0, 0, 9, 784.02, 432730, 41
1628, 5, 30, 107, 52, 0, 45.05%, 0, 0, 9, 795.84, 436840, 41
1633, 5, 27, 107, 51, 0, 45.05%, 0, 0, 9, 755.35, 440573, 41
1639, 5, 30, 107, 51, 0, 45.05%, 0, 0, 9, 752.00, 444347, 41
1644, 5, 30, 107, 51, 0, 45.05%, 0, 0, 9, 791.40, 448361, 41
1649, 5, 30, 107, 50, 0, 45.05%, 0, 0, 9, 769.04, 452340, 41
1654, 5, 30, 107, 50, 0, 45.05%, 0, 0, 9, 782.68, 456336, 41
1659, 5, 33, 107, 49, 0, 45.05%, 0, 0, 9, 782.07, 460431, 41
1664, 5, 30, 107, 49, 0, 45.05%, 0, 0, 9, 794.40, 464469, 41
1669, 6, 103, 108, 50, 0, 45.05%, 0, 0, 9, 672.34, 467907, 41
1674, 6, 30, 108, 49, 0, 45.05%, 0, 0, 9, 751.97, 471906, 41
1679, 6, 32, 108, 49, 0, 45.05%, 0, 0, 9, 786.56, 475904, 41
1684, 6, 55, 108, 49, 0, 45.05%, 0, 0, 9, 767.18, 479927, 41
1690, 6, 33, 108, 49, 0, 45.05%, 0, 0, 9, 796.14, 484146, 41
1695, 6, 55, 108, 49, 0, 45.05%, 0, 0, 9, 807.15, 488303, 41
1700, 6, 46, 108, 49, 0, 45.05%, 0, 0, 9, 796.15, 492303, 41
1705, 6, 30, 108, 49, 0, 45.05%, 0, 0, 9, 797.57, 496463, 41
1710, 6, 22, 108, 49, 0, 45.05%, 0, 0, 9, 812.41, 500535, 41
1715, 6, 32, 108, 49, 0, 45.05%, 0, 0, 9, 813.70, 504606, 41
1720, 6, 20, 108, 49, 0, 45.05%, 0, 0, 9, 802.79, 508666, 41
1725, 6, 30, 108, 49, 0, 45.05%, 0, 0, 9, 792.84, 512690, 41
1730, 6, 32, 108, 49, 0, 45.05%, 0, 0, 9, 785.90, 516740, 41
1735, 6, 55, 108, 49, 0, 45.05%, 0, 0, 9, 793.85, 520775, 41
1740, 6, 22, 108, 49, 0, 45.05%, 0, 0, 9, 792.82, 524757, 41
1745, 6, 30, 108, 49, 0, 45.05%, 0, 0, 9, 807.79, 528848, 41
1751, 6, 30, 108, 49, 0, 45.05%, 0, 0, 9, 799.77, 532960, 41
1756, 6, 30, 108, 49, 0, 45.05%, 0, 0, 9, 800.12, 537005, 41
1761, 7, 30, 108, 49, 0, 45.05%, 0, 0, 9, 787.89, 540966, 41
1766, 7, 30, 108, 49, 0, 45.05%, 0, 0, 9, 785.70, 544960, 41
1771, 7, 22, 108, 49, 0, 45.05%, 0, 0, 9, 791.38, 549055, 41
1776, 7, 20, 108, 49, 0, 45.05%, 0, 0, 9, 801.75, 553118, 41
1781, 7, 30, 108, 49, 0, 45.05%, 0, 0, 9, 784.42, 557051, 41
1786, 7, 96, 108, 49, 0, 45.05%, 0, 0, 9, 749.59, 560904, 41
1791, 7, 30, 108, 48, 0, 45.05%, 0, 0, 9, 771.42, 564694, 41
1796, 7, 30, 108, 48, 0, 45.05%, 0, 0, 9, 797.85, 568757, 41
1801, 7, 30, 108, 48, 0, 45.05%, 0, 0, 9, 792.48, 572858, 41
1806, 7, 30, 108, 47, 0, 45.05%, 0, 0, 9, 800.60, 576990, 41
1811, 7, 32, 108, 47, 0, 45.05%, 0, 0, 9, 810.73, 581046, 41
1816, 7, 30, 108, 47, 0, 45.05%, 0, 0, 9, 810.36, 585108, 41
1821, 7, 22, 108, 47, 0, 45.05%, 0, 0, 9, 781.39, 589174, 41
1826, 7, 30, 108, 46, 0, 45.05%, 0, 0, 9, 803.95, 593215, 41
1832, 7, 30, 108, 46, 0, 45.05%, 0, 0, 9, 821.87, 597450, 41
1837, 7, 98, 108, 46, 0, 45.05%, 0, 0, 9, 684.82, 600915, 41
1842, 7, 30, 108, 45, 0, 45.05%, 0, 0, 9, 739.28, 604598, 41
1847, 7, 30, 108, 45, 0, 45.05%, 0, 0, 9, 797.27, 608788, 41
1852, 7, 30, 108, 45, 0, 45.05%, 0, 0, 9, 800.75, 612694, 41
1857, 8, 30, 108, 45, 0, 45.05%, 0, 0, 9, 802.62, 616694, 41
1862, 8, 55, 108, 45, 0, 45.05%, 0, 0, 9, 802.64, 620683, 41
1867, 8, 30, 108, 45, 0, 45.05%, 0, 0, 9, 811.91, 624922, 41
1872, 8, 30, 108, 45, 0, 45.05%, 0, 0, 9, 792.42, 628856, 41
1877, 8, 30, 108, 45, 0, 45.05%, 0, 0, 9, 793.33, 632818, 41
1883, 8, 27, 108, 45, 0, 45.05%, 0, 0, 9, 800.91, 636881, 41
1888, 8, 30, 108, 44, 0, 45.05%, 0, 0, 9, 796.36, 640880, 41
1893, 8, 30, 108, 44, 0, 45.05%, 0, 0, 9, 799.37, 645014, 41
1898, 8, 46, 108, 44, 0, 45.05%, 0, 0, 9, 784.44, 648959, 41
1903, 8, 30, 108, 44, 0, 45.05%, 0, 0, 9, 798.00, 653120, 41
1908, 8, 30, 108, 44, 0, 45.05%, 0, 0, 9, 795.87, 657110, 41
1913, 8, 22, 108, 44, 0, 45.05%, 0, 0, 9, 815.39, 661334, 41
1918, 8, 30, 108, 44, 0, 45.05%, 0, 0, 9, 790.89, 665312, 41
1923, 8, 55, 108, 44, 0, 45.05%, 0, 0, 9, 810.45, 669422, 41
1928, 8, 30, 108, 43, 0, 45.05%, 0, 0, 9, 724.87, 672750, 41
1933, 8, 27, 108, 43, 0, 45.05%, 0, 0, 9, 792.60, 676789, 41
1938, 8, 27, 108, 43, 0, 45.05%, 0, 0, 9, 797.72, 680788, 41
1944, 8, 55, 108, 43, 0, 45.05%, 0, 0, 9, 818.86, 685055, 41
1949, 9, 30, 108, 43, 0, 45.05%, 0, 0, 9, 789.96, 689150, 41
1954, 9, 30, 108, 43, 0, 45.05%, 0, 0, 9, 775.03, 693044, 41
1959, 9, 30, 108, 43, 0, 45.05%, 0, 0, 9, 792.59, 697089, 41
1964, 9, 55, 109, 44, 0, 45.05%, 0, 0, 9, 797.97, 701299, 41
1969, 9, 30, 109, 44, 0, 45.05%, 0, 0, 9, 787.57, 705253, 41
1974, 9, 30, 109, 44, 0, 45.05%, 0, 0, 9, 814.86, 709505, 41
1979, 9, 20, 109, 43, 0, 45.05%, 0, 0, 9, 789.75, 713456, 41
1984, 9, 46, 109, 43, 0, 45.05%, 0, 0, 9, 803.96, 717671, 41
1990, 9, 46, 109, 43, 0, 45.05%, 0, 0, 9, 792.90, 721661, 41
1995, 9, 30, 109, 43, 0, 45.05%, 0, 0, 9, 796.12, 725792, 41
2000, 9, 20, 109, 43, 0, 45.05%, 0, 0, 9, 804.64, 729859, 41
2005, 9, 55, 109, 43, 0, 45.05%, 0, 0, 9, 812.01, 734050, 41
2010, 9, 55, 109, 43, 0, 45.05%, 0, 0, 9, 785.37, 738039, 41
2015, 9, 30, 109, 43, 0, 45.05%, 0, 0, 9, 818.06, 742151, 41
2020, 9, 30, 109, 43, 0, 45.05%, 0, 0, 9, 793.98, 746123, 41
2025, 9, 33, 109, 43, 0, 45.05%, 0, 0, 9, 811.36, 750308, 41
2030, 9, 22, 109, 43, 0, 45.05%, 0, 0, 9, 793.14, 754269, 41
2035, 9, 55, 109, 43, 0, 45.05%, 0, 0, 9, 807.42, 758448, 41
2040, 9, 22, 109, 42, 0, 45.05%, 0, 0, 9, 808.08, 762496, 41
2045, 10, 30, 109, 42, 0, 45.05%, 0, 0, 9, 795.74, 766421, 41
2050, 10, 55, 109, 42, 0, 45.05%, 0, 0, 9, 806.12, 770477, 41
2056, 10, 55, 109, 42, 0, 45.05%, 0, 0, 9, 796.65, 774535, 41
2061, 10, 30, 109, 42, 0, 45.05%, 0, 0, 9, 791.04, 778609, 41
2066, 10, 22, 109, 42, 0, 45.05%, 0, 0, 9, 795.15, 782620, 41
2071, 10, 30, 109, 42, 0, 45.05%, 0, 0, 9, 795.10, 786768, 41
2076, 10, 20, 109, 42, 0, 45.05%, 0, 0, 9, 801.95, 790877, 41
2081, 10, 55, 109, 42, 0, 45.05%, 0, 0, 9, 796.11, 794895, 41
2086, 10, 30, 109, 42, 0, 45.05%, 0, 0, 9, 820.86, 799147, 41
2091, 10, 30, 109, 42, 0, 45.05%, 0, 0, 9, 815.38, 803209, 41
2096, 10, 30, 109, 42, 0, 45.05%, 0, 0, 9, 788.50, 807310, 41
2102, 10, 30, 109, 42, 0, 45.05%, 0, 0, 9, 810.01, 811506, 41
2107, 10, 30, 109, 42, 0, 45.05%, 0, 0, 9, 814.33, 815616, 41
2112, 10, 27, 109, 41, 0, 45.05%, 0, 0, 9, 806.86, 819834, 41
2117, 10, 32, 109, 41, 0, 45.05%, 0, 0, 9, 798.69, 823796, 41
2122, 10, 30, 109, 41, 0, 45.05%, 0, 0, 9, 799.60, 827730, 41
2127, 10, 30, 109, 40, 0, 45.05%, 0, 0, 9, 808.99, 831922, 41
2132, 10, 46, 109, 39, 0, 45.05%, 0, 0, 9, 808.53, 836133, 41
2137, 11, 55, 109, 39, 0, 45.05%, 0, 0, 9, 810.98, 840129, 41
2142, 11, 30, 109, 39, 0, 45.05%, 0, 0, 9, 811.18, 844155, 41
2147, 11, 30, 109, 38, 0, 45.05%, 0, 0, 9, 795.74, 848124, 41
2152, 11, 30, 109, 38, 0, 45.05%, 0, 0, 9, 794.30, 852095, 41
2157, 11, 30, 109, 38, 0, 45.05%, 0, 0, 9, 791.53, 856060, 41
2162, 11, 33, 109, 38, 0, 45.05%, 0, 0, 9, 808.57, 860251, 41
2168, 11, 30, 109, 38, 0, 45.05%, 0, 0, 9, 797.85, 864397, 41
2173, 11, 55, 109, 38, 0, 45.05%, 0, 0, 9, 799.79, 868375, 41
2178, 11, 30, 109, 38, 0, 45.05%, 0, 0, 9, 811.62, 872571, 41
2183, 11, 30, 109, 38, 0, 45.05%, 0, 0, 9, 807.95, 876717, 41
2188, 11, 46, 109, 38, 0, 45.05%, 0, 0, 9, 788.94, 880774, 41
2193, 11, 20, 109, 38, 0, 45.05%, 0, 0, 9, 790.70, 884885, 41
2198, 11, 46, 109, 38, 0, 45.05%, 0, 0, 9, 802.60, 888963, 41
2203, 11, 30, 109, 38, 0, 45.05%, 0, 0, 9, 814.26, 893036, 41
2209, 11, 30, 109, 38, 0, 45.05%, 0, 0, 9, 798.34, 897014, 41
2214, 11, 30, 109, 37, 0, 45.05%, 0, 0, 9, 799.84, 901030, 41
2219, 11, 32, 109, 37, 0, 45.05%, 0, 0, 9, 798.72, 905205, 41
2224, 11, 20, 109, 37, 0, 45.05%, 0, 0, 9, 808.63, 909383, 41
2229, 12, 105, 109, 37, 0, 45.05%, 0, 0, 9, 773.76, 913462, 41
2234, 12, 30, 109, 36, 0, 45.05%, 0, 0, 9, 686.48, 916648, 41
2239, 12, 20, 109, 36, 0, 45.05%, 0, 0, 9, 775.96, 920795, 41
2244, 12, 22, 109, 36, 0, 45.05%, 0, 0, 9, 789.50, 924864, 41
2249, 12, 30, 109, 36, 0, 45.05%, 0, 0, 9, 809.36, 928924, 41
2254, 12, 30, 109, 36, 0, 45.05%, 0, 0, 9, 793.55, 932918, 41
2260, 12, 55, 109, 36, 0, 45.05%, 0, 0, 9, 779.32, 936992, 41
2265, 12, 22, 109, 36, 0, 45.05%, 0, 0, 9, 803.94, 941086, 41
2270, 12, 30, 109, 36, 0, 45.05%, 0, 0, 9, 807.36, 945176, 41
2275, 12, 55, 109, 36, 0, 45.05%, 0, 0, 9, 793.51, 949279, 41
2280, 12, 30, 109, 36, 0, 45.05%, 0, 0, 9, 789.45, 953192, 41
2285, 12, 30, 109, 36, 0, 45.05%, 0, 0, 9, 790.17, 957154, 41
2290, 12, 30, 109, 36, 0, 45.05%, 0, 0, 9, 811.82, 961378, 41
2295, 12, 99, 109, 36, 0, 45.05%, 0, 0, 9, 698.45, 965134, 41
2300, 12, 30, 109, 34, 0, 45.05%, 0, 0, 9, 780.55, 969020, 41
2306, 12, 55, 109, 32, 0, 45.05%, 0, 0, 9, 781.97, 973064, 41
2311, 12, 107, 109, 32, 0, 45.05%, 0, 0, 9, 805.82, 977151, 41
2316, 12, 33, 109, 31, 0, 45.05%, 0, 0, 9, 716.43, 980514, 41
2321, 12, 22, 109, 31, 0, 45.05%, 0, 0, 9, 804.40, 984784, 41
2326, 12, 33, 109, 30, 0, 45.05%, 0, 0, 9, 807.40, 988967, 41
2331, 13, 30, 109, 30, 0, 45.05%, 0, 0, 9, 789.27, 992889, 41
2336, 13, 32, 109, 30, 0, 45.05%, 0, 0, 9, 799.95, 997037, 41
2341, 13, 55, 109, 30, 0, 45.05%, 0, 0, 9, 821.66, 1001203, 41
2346, 13, 30, 109, 30, 0, 45.05%, 0, 0, 9, 830.58, 1005393, 41
2351, 13, 30, 109, 30, 0, 45.05%, 0, 0, 9, 800.62, 1009556, 41
2356, 13, 30, 109, 30, 0, 45.05%, 0, 0, 9, 788.08, 1013489, 41
2362, 13, 20, 109, 30, 0, 45.05%, 0, 0, 9, 817.57, 1017628, 41
2367, 13, 55, 109, 30, 0, 45.05%, 0, 0, 9, 805.36, 1021870, 41
2372, 13, 46, 109, 30, 0, 45.05%, 0, 0, 9, 809.55, 1026159, 41
2377, 13, 30, 109, 30, 0, 45.05%, 0, 0, 9, 803.95, 1030357, 41
2382, 13, 55, 109, 29, 0, 45.05%, 0, 0, 9, 803.66, 1034525, 41
2387, 13, 30, 109, 29, 0, 45.05%, 0, 0, 9, 820.83, 1038767, 41
2393, 13, 30, 109, 29, 0, 45.05%, 0, 0, 9, 827.32, 1043122, 41
2398, 13, 30, 109, 29, 0, 45.05%, 0, 0, 9, 820.07, 1047400, 41
2403, 13, 89, 109, 29, 0, 45.05%, 0, 0, 9, 809.98, 1051511, 41
2408, 13, 32, 109, 28, 0, 45.05%, 0, 0, 9, 782.13, 1055533, 41
2413, 13, 30, 109, 28, 0, 45.05%, 0, 0, 9, 781.73, 1059567, 41
2418, 14, 32, 109, 28, 0, 45.05%, 0, 0, 9, 800.28, 1063613, 41
2423, 14, 30, 109, 28, 0, 45.05%, 0, 0, 9, 817.70, 1067708, 41
2428, 14, 30, 109, 28, 0, 45.05%, 0, 0, 9, 822.06, 1071967, 41
2433, 14, 30, 109, 28, 0, 45.05%, 0, 0, 9, 822.74, 1076090, 41
2439, 14, 20, 109, 28, 0, 45.05%, 0, 0, 9, 822.98, 1080324, 41
2444, 14, 106, 109, 27, 0, 45.05%, 0, 0, 9, 772.28, 1084273, 41
2449, 14, 30, 109, 26, 0, 45.05%, 0, 0, 9, 688.28, 1087343, 41
2454, 14, 27, 109, 26, 0, 45.05%, 0, 0, 9, 802.02, 1091600, 41
2459, 14, 46, 109, 26, 0, 45.05%, 0, 0, 9, 818.50, 1095889, 41
2464, 14, 20, 109, 26, 0, 45.05%, 0, 0, 9, 817.57, 1100138, 41
2470, 14, 55, 109, 25, 0, 45.05%, 0, 0, 9, 833.53, 1104442, 41
2475, 14, 46, 109, 25, 0, 45.05%, 0, 0, 9, 834.10, 1108827, 41
2480, 14, 30, 109, 25, 0, 45.05%, 0, 0, 9, 825.20, 1113035, 41
2485, 14, 27, 109, 25, 0, 45.05%, 0, 0, 9, 819.58, 1117278, 41
2490, 14, 33, 109, 25, 0, 45.05%, 0, 0, 9, 835.32, 1121497, 41
2495, 14, 30, 109, 25, 0, 45.05%, 0, 0, 9, 827.66, 1125788, 41
2500, 14, 30, 109, 25, 0, 45.05%, 0, 0, 9, 807.33, 1129822, 41
2506, 14, 20, 109, 25, 0, 45.05%, 0, 0, 9, 838.23, 1134152, 41
2511, 15, 30, 109, 25, 0, 45.05%, 0, 0, 9, 809.31, 1138191, 41
2516, 15, 22, 109, 25, 0, 45.05%, 0, 0, 9, 803.73, 1142214, 41
2521, 15, 78, 109, 25, 0, 45.05%, 0, 0, 9, 830.60, 1146544, 41
2526, 15, 32, 109, 24, 0, 45.05%, 0, 0, 9, 821.71, 1150735, 41
2531, 15, 30, 109, 24, 0, 45.05%, 0, 0, 9, 843.28, 1155099, 41
2536, 15, 30, 109, 24, 0, 45.05%, 0, 0, 9, 813.77, 1159362, 41
2541, 15, 20, 109, 24, 0, 45.05%, 0, 0, 9, 834.52, 1163584, 41
2546, 15, 20, 109, 24, 0, 45.05%, 0, 0, 9, 819.21, 1167743, 41
2552, 15, 46, 109, 24, 0, 45.05%, 0, 0, 9, 817.28, 1172013, 41
2557, 15, 32, 109, 24, 0, 45.05%, 0, 0, 9, 814.53, 1176132, 41
2562, 15, 22, 109, 24, 0, 45.05%, 0, 0, 9, 819.67, 1180222, 41
2567, 15, 55, 109, 24, 0, 45.05%, 0, 0, 9, 817.33, 1184524, 41
2572, 15, 32, 109, 24, 0, 45.05%, 0, 0, 9, 806.11, 1188692, 41
2577, 15, 30, 109, 24, 0, 45.05%, 0, 0, 9, 798.36, 1192697, 41
2582, 15, 20, 109, 24, 0, 45.05%, 0, 0, 9, 799.55, 1196704, 41
2587, 15, 30, 109, 24, 0, 45.05%, 0, 0, 9, 796.73, 1200724, 41
2592, 15, 30, 109, 24, 0, 45.05%, 0, 0, 9, 814.30, 1204981, 41
2597, 15, 30, 109, 24, 0, 45.05%, 0, 0, 9, 833.58, 1209195, 41
2602, 16, 32, 109, 24, 0, 45.05%, 0, 0, 9, 822.25, 1213478, 41
2607, 16, 33, 109, 24, 0, 45.05%, 0, 0, 9, 837.16, 1217652, 41
2612, 16, 30, 109, 24, 0, 45.05%, 0, 0, 9, 857.10, 1221954, 41
2617, 16, 20, 109, 24, 0, 45.05%, 0, 0, 9, 819.85, 1226073, 41
2622, 16, 20, 109, 24, 0, 45.05%, 0, 0, 9, 811.72, 1230140, 41
2628, 16, 30, 109, 24, 0, 45.05%, 0, 0, 9, 804.74, 1234341, 41
2633, 16, 27, 109, 24, 0, 45.05%, 0, 0, 9, 788.17, 1238457, 41
2638, 16, 55, 109, 24, 0, 45.05%, 0, 0, 9, 790.58, 1242411, 41
2643, 16, 22, 109, 24, 0, 45.05%, 0, 0, 9, 805.86, 1246577, 41
2648, 16, 55, 109, 24, 0, 45.05%, 0, 0, 9, 840.94, 1250952, 41
2653, 16, 30, 109, 24, 0, 45.05%, 0, 0, 9, 826.53, 1255098, 41
2658, 16, 30, 109, 24, 0, 45.05%, 0, 0, 9, 785.95, 1259164, 41
2663, 16, 32, 109, 24, 0, 45.05%, 0, 0, 9, 819.56, 1263271, 41
2669, 16, 30, 109, 24, 0, 45.05%, 0, 0, 9, 807.80, 1267434, 41
2674, 16, 32, 109, 24, 0, 45.05%, 0, 0, 9, 828.28, 1271697, 41
2679, 16, 46, 109, 24, 0, 45.05%, 0, 0, 9, 834.40, 1276031, 41
2684, 16, 22, 109, 24, 0, 45.05%, 0, 0, 9, 821.45, 1280070, 41
2689, 16, 30, 109, 24, 0, 45.05%, 0, 0, 9, 790.28, 1284032, 41
2694, 17, 33, 109, 24, 0, 45.05%, 0, 0, 9, 816.14, 1288263, 41
2699, 17, 55, 109, 24, 0, 45.05%, 0, 0, 9, 834.78, 1292481, 41
2704, 17, 30, 109, 24, 0, 45.05%, 0, 0, 9, 819.04, 1296716, 41
2709, 17, 30, 109, 24, 0, 45.05%, 0, 0, 9, 834.97, 1300871, 41
2714, 17, 30, 109, 24, 0, 45.05%, 0, 0, 9, 827.53, 1304974, 41
2720, 17, 33, 109, 24, 0, 45.05%, 0, 0, 9, 820.55, 1309212, 41
2725, 17, 30, 109, 24, 0, 45.05%, 0, 0, 9, 831.94, 1313534, 41
2730, 17, 30, 109, 24, 0, 45.05%, 0, 0, 9, 853.28, 1317793, 41
2735, 17, 30, 109, 24, 0, 45.05%, 0, 0, 9, 843.06, 1322160, 41
2740, 17, 30, 109, 24, 0, 45.05%, 0, 0, 9, 806.71, 1326307, 41
2745, 17, 30, 109, 24, 0, 45.05%, 0, 0, 9, 817.01, 1330542, 41
2751, 17, 46, 109, 24, 0, 45.05%, 0, 0, 9, 832.79, 1334832, 41
2756, 17, 30, 109, 24, 0, 45.05%, 0, 0, 9, 802.39, 1338867, 41
2761, 17, 30, 109, 24, 0, 45.05%, 0, 0, 9, 797.10, 1342958, 41
2766, 17, 30, 109, 24, 0, 45.05%, 0, 0, 9, 835.27, 1347276, 41
2771, 17, 55, 109, 24, 0, 45.05%, 0, 0, 9, 835.59, 1351438, 41
2776, 17, 30, 109, 24, 0, 45.05%, 0, 0, 9, 829.60, 1355761, 41
2781, 18, 20, 109, 24, 0, 45.05%, 0, 0, 9, 787.94, 1359659, 41
2786, 18, 20, 109, 24, 0, 45.05%, 0, 0, 9, 804.46, 1363730, 41
2791, 18, 30, 109, 24, 0, 45.05%, 0, 0, 9, 801.19, 1367800, 41
2796, 18, 30, 109, 23, 0, 45.05%, 0, 0, 9, 794.64, 1371952, 41
2802, 18, 32, 109, 23, 0, 45.05%, 0, 0, 9, 825.53, 1376319, 41
2807, 18, 30, 109, 23, 0, 45.05%, 0, 0, 9, 803.15, 1380466, 41
2812, 18, 30, 109, 23, 0, 45.05%, 0, 0, 9, 813.62, 1384793, 41
2817, 18, 30, 109, 23, 0, 45.05%, 0, 0, 9, 822.18, 1389095, 41
2822, 18, 20, 109, 23, 0, 45.05%, 0, 0, 9, 811.93, 1393286, 41
2827, 18, 30, 109, 23, 0, 45.05%, 0, 0, 9, 835.54, 1397521, 41
2833, 18, 30, 109, 23, 0, 45.05%, 0, 0, 9, 819.70, 1401762, 41
2838, 18, 55, 109, 23, 0, 45.05%, 0, 0, 9, 832.96, 1405958, 41
2843, 18, 30, 109, 23, 0, 45.05%, 0, 0, 9, 836.67, 1410132, 41
2848, 18, 30, 109, 23, 0, 45.05%, 0, 0, 9, 841.96, 1414518, 41
2853, 18, 33, 109, 23, 0, 45.05%, 0, 0, 9, 832.32, 1418733, 41
2858, 18, 30, 109, 23, 0, 45.05%, 0, 0, 9, 825.17, 1422900, 41
2863, 18, 22, 109, 23, 0, 45.05%, 0, 0, 9, 803.73, 1427062, 41
2868, 19, 20, 109, 23, 0, 45.05%, 0, 0, 9, 791.31, 1430998, 41
2873, 19, 30, 109, 23, 0, 45.05%, 0, 0, 9, 804.47, 1435038, 41
2878, 19, 27, 109, 23, 0, 45.05%, 0, 0, 9, 830.86, 1439225, 41
2883, 19, 30, 109, 23, 0, 45.05%, 0, 0, 9, 818.91, 1443347, 41
2888, 19, 30, 109, 23, 0, 45.05%, 0, 0, 9, 793.03, 1447373, 41
2893, 19, 30, 109, 23, 0, 45.05%, 0, 0, 9, 794.88, 1451399, 41
2899, 19, 30, 109, 23, 0, 45.05%, 0, 0, 9, 811.00, 1455651, 41
2904, 19, 30, 109, 23, 0, 45.05%, 0, 0, 9, 837.74, 1459853, 41
2909, 19, 30, 109, 23, 0, 45.05%, 0, 0, 9, 844.77, 1464071, 41
2914, 19, 20, 109, 23, 0, 45.05%, 0, 0, 9, 838.69, 1468418, 41
2919, 19, 30, 109, 22, 0, 45.05%, 0, 0, 9, 830.67, 1472589, 41
2924, 19, 27, 109, 22, 0, 45.05%, 0, 0, 9, 824.11, 1476727, 41
2929, 19, 22, 109, 22, 0, 45.05%, 0, 0, 9, 822.31, 1480937, 41
2934, 19, 30, 109, 22, 0, 45.05%, 0, 0, 9, 836.36, 1485116, 41
2939, 19, 30, 109, 22, 0, 45.05%, 0, 0, 9, 820.20, 1489391, 41
2944, 19, 33, 109, 21, 0, 45.05%, 0, 0, 9, 729.65, 1492675, 41
2949, 19, 55, 109, 20, 0, 45.05%, 0, 0, 9, 803.92, 1496884, 41
2954, 19, 30, 109, 20, 0, 45.05%, 0, 0, 9, 815.11, 1501019, 41
2959, 20, 55, 109, 20, 0, 45.05%, 0, 0, 9, 803.11, 1505109, 41
2964, 20, 30, 109, 20, 0, 45.05%, 0, 0, 9, 800.41, 1509103, 41
2970, 20, 30, 109, 20, 0, 45.05%, 0, 0, 9, 841.52, 1513518, 41
2975, 20, 30, 109, 20, 0, 45.05%, 0, 0, 9, 830.16, 1517684, 41
2980, 20, 30, 109, 20, 0, 45.05%, 0, 0, 9, 835.02, 1522039, 41
2985, 20, 55, 109, 20, 0, 45.05%, 0, 0, 9, 848.60, 1526397, 41
2990, 20, 27, 109, 20, 0, 45.05%, 0, 0, 9, 858.04, 1530846, 41
2995, 20, 30, 110, 21, 0, 45.05%, 0, 0, 9, 830.07, 1535102, 41
3001, 20, 30, 110, 21, 0, 45.05%, 0, 0, 9, 837.66, 1539268, 41
3006, 20, 22, 110, 21, 0, 45.05%, 0, 0, 9, 827.74, 1543555, 41
3011, 20, 109, 110, 21, 0, 45.05%, 0, 0, 9, 557.05, 1546034, 41
3016, 20, 30, 110, 20, 0, 45.05%, 0, 0, 9, 709.52, 1549663, 41
3021, 20, 30, 110, 20, 0, 45.05%, 0, 0, 9, 795.73, 1553739, 41
3026, 20, 30, 110, 20, 0, 45.05%, 0, 0, 9, 793.71, 1557723, 41
3031, 20, 30, 110, 20, 0, 45.05%, 0, 0, 9, 829.32, 1562041, 41
3036, 20, 30, 110, 20, 0, 45.05%, 0, 0, 9, 821.68, 1566164, 41
3041, 20, 30, 110, 20, 0, 45.05%, 0, 0, 9, 826.90, 1570271, 41
3046, 20, 30, 110, 20, 0, 45.05%, 0, 0, 9, 797.44, 1574257, 41
3051, 20, 55, 111, 21, 0, 45.05%, 0, 0, 9, 784.96, 1578326, 41
3056, 21, 20, 111, 21, 0, 45.05%, 0, 0, 9, 824.97, 1582534, 41
3061, 21, 110, 111, 21, 0, 45.05%, 0, 0, 9, 801.19, 1586680, 41
3067, 21, 110, 111, 21, 0, 45.05%, 0, 0, 9, 398.44, 1588200, 41
3072, 21, 27, 111, 20, 0, 45.05%, 0, 0, 9, 693.02, 1592061, 41
3077, 21, 27, 111, 20, 0, 45.05%, 0, 0, 9, 761.20, 1595993, 41
3082, 21, 30, 111, 20, 0, 45.05%, 0, 0, 9, 823.83, 1600333, 41
3087, 21, 55, 111, 20, 0, 45.05%, 0, 0, 9, 813.53, 1604564, 41
3092, 21, 55, 111, 20, 0, 45.05%, 0, 0, 9, 805.57, 1608647, 41
3097, 21, 30, 111, 20, 0, 45.05%, 0, 0, 9, 817.40, 1612765, 41
3102, 21, 46, 111, 20, 0, 45.05%, 0, 0, 9, 840.09, 1616959, 41
3108, 21, 55, 111, 20, 0, 45.05%, 0, 0, 9, 827.07, 1621263, 41
3113, 21, 30, 111, 20, 0, 45.05%, 0, 0, 9, 809.24, 1625333, 41
3118, 21, 55, 111, 20, 0, 45.05%, 0, 0, 9, 808.96, 1629560, 41
3123, 21, 27, 111, 20, 0, 45.05%, 0, 0, 9, 806.94, 1633851, 41
3128, 21, 30, 111, 20, 0, 45.05%, 0, 0, 9, 787.98, 1637784, 41
3133, 21, 30, 111, 20, 0, 45.05%, 0, 0, 9, 796.22, 1641750, 41
3138, 21, 30, 111, 20, 0, 45.05%, 0, 0, 9, 824.10, 1645908, 41
3143, 21, 30, 111, 20, 0, 45.05%, 0, 0, 9, 834.82, 1650132, 41
3148, 21, 32, 111, 20, 0, 45.05%, 0, 0, 9, 798.83, 1654282, 41
3153, 22, 30, 111, 20, 0, 45.05%, 0, 0, 9, 792.87, 1658244, 41
3159, 22, 55, 111, 20, 0, 45.05%, 0, 0, 9, 779.58, 1662334, 41
3164, 22, 46, 111, 20, 0, 45.05%, 0, 0, 9, 808.70, 1666527, 41
3169, 22, 30, 111, 20, 0, 45.05%, 0, 0, 9, 843.07, 1670933, 41
3174, 22, 30, 111, 20, 0, 45.05%, 0, 0, 9, 796.45, 1675051, 41
3179, 22, 55, 111, 20, 0, 45.05%, 0, 0, 9, 808.52, 1679121, 41
3184, 22, 30, 111, 20, 0, 45.05%, 0, 0, 9, 786.00, 1683191, 41
3189, 22, 30, 111, 20, 0, 45.05%, 0, 0, 9, 776.84, 1687020, 41
3195, 22, 34, 111, 19, 0, 45.05%, 0, 0, 9, 627.67, 1689956, 41
3200, 22, 30, 111, 18, 0, 45.05%, 0, 0, 9, 769.66, 1694160, 41
3205, 22, 20, 111, 18, 0, 45.05%, 0, 0, 9, 801.80, 1698379, 41
3210, 22, 32, 111, 18, 0, 45.05%, 0, 0, 9, 785.50, 1702324, 41
3215, 22, 30, 111, 18, 0, 45.05%, 0, 0, 9, 820.02, 1706419, 41
3220, 22, 55, 111, 18, 0, 45.05%, 0, 0, 9, 808.98, 1710481, 41
3225, 22, 30, 111, 18, 0, 45.05%, 0, 0, 9, 833.35, 1714620, 41
3230, 22, 30, 111, 17, 0, 45.05%, 0, 0, 9, 778.22, 1718490, 41
3235, 22, 33, 111, 17, 0, 45.05%, 0, 0, 9, 793.70, 1722610, 41
3240, 22, 55, 111, 17, 0, 45.05%, 0, 0, 9, 798.37, 1726772, 41
3245, 22, 30, 111, 17, 0, 45.05%, 0, 0, 9, 815.75, 1730889, 41
3250, 23, 30, 111, 17, 0, 45.05%, 0, 0, 9, 798.33, 1734895, 41
3256, 23, 30, 111, 17, 0, 45.05%, 0, 0, 9, 796.74, 1738985, 41
3261, 23, 30, 111, 16, 0, 45.05%, 0, 0, 9, 817.57, 1743077, 41
3266, 23, 30, 111, 16, 0, 45.05%, 0, 0, 9, 819.05, 1747172, 41
3271, 23, 30, 111, 16, 0, 45.05%, 0, 0, 9, 785.36, 1751026, 41
3276, 23, 30, 111, 16, 0, 45.05%, 0, 0, 9, 824.03, 1755345, 41
3281, 23, 30, 111, 16, 0, 45.05%, 0, 0, 9, 797.17, 1759341, 41
3286, 23, 30, 111, 16, 0, 45.05%, 0, 0, 9, 810.63, 1763369, 41
3291, 23, 27, 111, 16, 0, 45.05%, 0, 0, 9, 792.91, 1767307, 41
3296, 23, 30, 111, 16, 0, 45.05%, 0, 0, 9, 793.31, 1771454, 41
3301, 23, 46, 111, 16, 0, 45.05%, 0, 0, 9, 813.93, 1775760, 41
3306, 23, 30, 111, 16, 0, 45.05%, 0, 0, 9, 801.67, 1779795, 41
3311, 23, 55, 111, 16, 0, 45.05%, 0, 0, 9, 772.28, 1783650, 41
3317, 23, 46, 111, 16, 0, 45.05%, 0, 0, 9, 821.29, 1787912, 41
3322, 23, 30, 111, 16, 0, 45.05%, 0, 0, 9, 788.80, 1791794, 41
3327, 23, 46, 111, 16, 0, 45.05%, 0, 0, 9, 816.11, 1796127, 41
3332, 23, 55, 111, 16, 0, 45.05%, 0, 0, 9, 798.24, 1800215, 41
3337, 23, 55, 111, 16, 0, 45.05%, 0, 0, 9, 790.86, 1804193, 41
3342, 24, 30, 111, 16, 0, 45.05%, 0, 0, 9, 765.00, 1808022, 41
3347, 24, 55, 111, 16, 0, 45.05%, 0, 0, 9, 799.03, 1812211, 41
3352, 24, 30, 111, 16, 0, 45.05%, 0, 0, 9, 792.49, 1816144, 41
3357, 24, 32, 111, 16, 0, 45.05%, 0, 0, 9, 790.65, 1820038, 41
3362, 24, 55, 111, 16, 0, 45.05%, 0, 0, 9, 838.57, 1824430, 41
3368, 24, 30, 111, 16, 0, 45.05%, 0, 0, 9, 804.71, 1828520, 41
3373, 24, 30, 111, 16, 0, 45.05%, 0, 0, 9, 815.47, 1832786, 41
3378, 24, 30, 111, 16, 0, 45.05%, 0, 0, 9, 836.77, 1836985, 41
3383, 24, 30, 111, 16, 0, 45.05%, 0, 0, 9, 823.64, 1841255, 41
3388, 24, 30, 111, 16, 0, 45.05%, 0, 0, 9, 823.73, 1845366, 41
3393, 24, 20, 111, 16, 0, 45.05%, 0, 0, 9, 799.81, 1849344, 41
3398, 24, 30, 111, 16, 0, 45.05%, 0, 0, 9, 820.87, 1853635, 41
3403, 24, 30, 111, 16, 0, 45.05%, 0, 0, 9, 816.28, 1857904, 41
3408, 24, 22, 111, 16, 0, 45.05%, 0, 0, 9, 800.20, 1861863, 41
3413, 24, 30, 111, 16, 0, 45.05%, 0, 0, 9, 806.84, 1865966, 41
3419, 24, 55, 111, 16, 0, 45.05%, 0, 0, 9, 794.93, 1870083, 41
3424, 24, 30, 111, 16, 0, 45.05%, 0, 0, 9, 821.21, 1874274, 41
3429, 24, 55, 111, 16, 0, 45.05%, 0, 0, 9, 834.81, 1878465, 41
3434, 25, 55, 111, 16, 0, 45.05%, 0, 0, 9, 794.50, 1882454, 41
3439, 25, 30, 111, 16, 0, 45.05%, 0, 0, 9, 822.25, 1886573, 41
3444, 25, 55, 111, 16, 0, 45.05%, 0, 0, 9, 803.56, 1890627, 41
3449, 25, 20, 111, 16, 0, 45.05%, 0, 0, 9, 816.59, 1894757, 41
3454, 25, 30, 111, 15, 0, 45.05%, 0, 0, 9, 825.38, 1898999, 41
3459, 25, 20, 111, 15, 0, 45.05%, 0, 0, 9, 820.02, 1903249, 41
3464, 25, 55, 111, 15, 0, 45.05%, 0, 0, 9, 816.69, 1907356, 41
3469, 25, 27, 111, 15, 0, 45.05%, 0, 0, 9, 780.44, 1911366, 41
3474, 25, 46, 111, 15, 0, 45.05%, 0, 0, 9, 809.61, 1915436, 41
3479, 25, 30, 111, 15, 0, 45.05%, 0, 0, 9, 814.51, 1919563, 41
3485, 25, 30, 111, 15, 0, 45.05%, 0, 0, 9, 811.14, 1923646, 41
3490, 25, 46, 111, 15, 0, 45.05%, 0, 0, 9, 775.40, 1927560, 41
3495, 25, 32, 111, 15, 0, 45.05%, 0, 0, 9, 807.56, 1931608, 41
3500, 25, 30, 111, 15, 0, 45.05%, 0, 0, 9, 777.08, 1935513, 41
3505, 25, 33, 111, 15, 0, 45.05%, 0, 0, 9, 820.55, 1939667, 41
3510, 25, 30, 111, 15, 0, 45.05%, 0, 0, 9, 810.62, 1943757, 41
3515, 25, 32, 111, 14, 0, 45.05%, 0, 0, 9, 812.53, 1947837, 41
3520, 25, 46, 111, 14, 0, 45.05%, 0, 0, 9, 799.75, 1951809, 41
3525, 25, 30, 111, 14, 0, 45.05%, 0, 0, 9, 808.01, 1956022, 41
3530, 26, 20, 111, 14, 0, 45.05%, 0, 0, 9, 830.57, 1960345, 41
3535, 26, 33, 111, 14, 0, 45.05%, 0, 0, 9, 822.36, 1964599, 41
3540, 26, 30, 111, 14, 0, 45.05%, 0, 0, 9, 791.30, 1968682, 41
3546, 26, 22, 111, 14, 0, 45.05%, 0, 0, 9, 840.99, 1972953, 41
3551, 26, 30, 111, 14, 0, 45.05%, 0, 0, 9, 818.39, 1976980, 41
3556, 26, 46, 111, 13, 0, 45.05%, 0, 0, 9, 782.08, 1981061, 41
3561, 26, 32, 111, 13, 0, 45.05%, 0, 0, 9, 788.46, 1985056, 41
3566, 26, 30, 111, 13, 0, 45.05%, 0, 0, 9, 815.74, 1989208, 41
3571, 26, 30, 111, 13, 0, 45.05%, 0, 0, 9, 830.58, 1993359, 41
3576, 26, 30, 111, 13, 0, 45.05%, 0, 0, 9, 814.86, 1997398, 41
3581, 26, 30, 111, 13, 0, 45.05%, 0, 0, 9, 804.81, 2001471, 41
3586, 26, 30, 111, 13, 0, 45.05%, 0, 0, 9, 776.89, 2005521, 41
3591, 26, 22, 111, 13, 0, 45.05%, 0, 0, 9, 821.21, 2009797, 41
3596, 26, 30, 111, 13, 0, 45.05%, 0, 0, 9, 794.31, 2013874, 41
3602, 26, 27, 111, 13, 0, 45.05%, 0, 0, 9, 797.51, 2018086, 41
3607, 26, 30, 111, 13, 0, 45.05%, 0, 0, 9, 803.68, 2022144, 41
3612, 26, 30, 111, 12, 0, 45.05%, 0, 0, 9, 818.82, 2026288, 41
3617, 26, 30, 111, 12, 0, 45.05%, 0, 0, 9, 828.99, 2030484, 41
3622, 27, 55, 111, 12, 0, 45.05%, 0, 0, 9, 819.40, 2034625, 41
3627, 27, 55, 111, 12, 0, 45.05%, 0, 0, 9, 822.64, 2038799, 41
3632, 27, 55, 111, 12, 0, 45.05%, 0, 0, 9, 805.04, 2042850, 41
3637, 27, 30, 111, 12, 0, 45.05%, 0, 0, 9, 800.00, 2046867, 41
3642, 27, 33, 111, 12, 0, 45.05%, 0, 0, 9, 772.79, 2050777, 41
3647, 27, 30, 111, 12, 0, 45.05%, 0, 0, 9, 804.29, 2055052, 41
3652, 27, 30, 111, 12, 0, 45.05%, 0, 0, 9, 772.65, 2059067, 41
3657, 27, 30, 111, 12, 0, 45.05%, 0, 0, 9, 806.82, 2063366, 41
3663, 27, 55, 111, 12, 0, 45.05%, 0, 0, 9, 824.79, 2067685, 41
3668, 27, 20, 111, 12, 0, 45.05%, 0, 0, 9, 823.01, 2072004, 41
3673, 27, 30, 111, 12, 0, 45.05%, 0, 0, 9, 813.42, 2076094, 41
3678, 27, 20, 111, 12, 0, 45.05%, 0, 0, 9, 830.88, 2080445, 41
3683, 27, 30, 111, 12, 0, 45.05%, 0, 0, 9, 806.42, 2084483, 41
3688, 27, 20, 111, 12, 0, 45.05%, 0, 0, 9, 809.71, 2088654, 41
3693, 27, 55, 111, 12, 0, 45.05%, 0, 0, 9, 811.96, 2092872, 41
3699, 27, 33, 111, 12, 0, 45.05%, 0, 0, 9, 807.22, 2097074, 41
3704, 27, 30, 111, 12, 0, 45.05%, 0, 0, 9, 789.04, 2101012, 41
3709, 28, 30, 111, 12, 0, 45.05%, 0, 0, 9, 804.43, 2105091, 41
3714, 28, 20, 111, 12, 0, 45.05%, 0, 0, 9, 815.81, 2109161, 41
3719, 28, 20, 111, 12, 0, 45.05%, 0, 0, 9, 798.46, 2113383, 41
3724, 28, 27, 111, 12, 0, 45.05%, 0, 0, 9, 809.62, 2117534, 41
3729, 28, 30, 111, 12, 0, 45.05%, 0, 0, 9, 829.68, 2121680, 41
3734, 28, 30, 111, 12, 0, 45.05%, 0, 0, 9, 817.17, 2125859, 41
3739, 28, 55, 111, 12, 0, 45.05%, 0, 0, 9, 817.18, 2129966, 41
3745, 28, 30, 111, 12, 0, 45.05%, 0, 0, 9, 817.48, 2134168, 41
3750, 28, 30, 111, 11, 0, 45.05%, 0, 0, 9, 787.51, 2138082, 41
3755, 28, 30, 111, 11, 0, 45.05%, 0, 0, 9, 809.39, 2142177, 41
3760, 28, 30, 111, 11, 0, 45.05%, 0, 0, 9, 829.08, 2146480, 41
3765, 28, 55, 111, 11, 0, 45.05%, 0, 0, 9, 812.99, 2150566, 41
3770, 28, 30, 111, 11, 0, 45.05%, 0, 0, 9, 793.60, 2154559, 41
3775, 28, 20, 111, 11, 0, 45.05%, 0, 0, 9, 820.41, 2158671, 41
3780, 28, 46, 111, 11, 0, 45.05%, 0, 0, 9, 849.26, 2163089, 41
3785, 28, 30, 111, 11, 0, 45.05%, 0, 0, 9, 829.19, 2167292, 41
3790, 28, 30, 111, 11, 0, 45.05%, 0, 0, 9, 828.29, 2171427, 41
3796, 28, 30, 111, 11, 0, 45.05%, 0, 0, 9, 801.41, 2175533, 41
3801, 29, 27, 111, 11, 0, 45.05%, 0, 0, 9, 831.77, 2179892, 41
3806, 29, 32, 111, 11, 0, 45.05%, 0, 0, 9, 843.18, 2184118, 41
3811, 29, 30, 111, 11, 0, 45.05%, 0, 0, 9, 814.42, 2188284, 41
3816, 29, 30, 111, 11, 0, 45.05%, 0, 0, 9, 809.21, 2192347, 41
3821, 29, 30, 111, 11, 0, 45.05%, 0, 0, 9, 809.32, 2196570, 41
3826, 29, 30, 111, 11, 0, 45.05%, 0, 0, 9, 795.06, 2200643, 41
3831, 29, 30, 111, 11, 0, 45.05%, 0, 0, 9, 805.35, 2204654, 41
3837, 29, 55, 111, 11, 0, 45.05%, 0, 0, 9, 792.48, 2208716, 41
3842, 29, 30, 111, 11, 0, 45.05%, 0, 0, 9, 807.38, 2212778, 41
3847, 29, 27, 111, 11, 0, 45.05%, 0, 0, 9, 805.29, 2216974, 41
3852, 29, 20, 111, 11, 0, 45.05%, 0, 0, 9, 803.04, 2221092, 41
3857, 29, 30, 111, 10, 0, 45.05%, 0, 0, 9, 798.99, 2225260, 41
3862, 29, 46, 111, 10, 0, 45.05%, 0, 0, 9, 800.11, 2229289, 41
3867, 29, 30, 111, 10, 0, 45.05%, 0, 0, 9, 779.46, 2233303, 41
3873, 29, 30, 111, 10, 0, 45.05%, 0, 0, 9, 794.90, 2237418, 41
3878, 29, 30, 111, 10, 0, 45.05%, 0, 0, 9, 778.33, 2241376, 41
3883, 29, 30, 111, 10, 0, 45.05%, 0, 0, 9, 776.40, 2245242, 41
3888, 29, 30, 111, 10, 0, 45.05%, 0, 0, 9, 788.65, 2249177, 41
3893, 29, 108, 111, 10, 0, 45.05%, 0, 0, 9, 716.41, 2253019, 41
3897, 30, 27, 111, 9, 0, 45.05%, 1, 0, 9, 0.00, 2256317, 41
