# relative_time, cycles_done, cur_item, corpus_count, pending_total, pending_favs, map_size, saved_crashes, saved_hangs, max_depth, execs_per_sec, total_execs, edges_found
68, 0, 0, 10, 9, 0, 25.26%, 0, 0, 2, 0.18, 7143, 24
73, 0, 8, 18, 13, 0, 28.42%, 0, 0, 3, 638.42, 10493, 27
93, 0, 16, 18, 12, 1, 28.42%, 0, 0, 3, 4.63, 11710, 27
98, 0, 17, 18, 11, 0, 28.42%, 0, 0, 3, 613.76, 14870, 27
119, 0, 17, 18, 11, 0, 28.42%, 0, 0, 3, 5.87, 16196, 27
124, 0, 17, 18, 11, 0, 28.42%, 0, 0, 3, 632.27, 19403, 27
137, 0, 17, 18, 11, 0, 28.42%, 0, 0, 3, 3.02, 19982, 27
153, 0, 17, 19, 11, 0, 31.58%, 0, 0, 4, 6.70, 22876, 30
158, 1, 18, 21, 13, 0, 32.63%, 0, 0, 5, 620.60, 26221, 31
174, 1, 18, 24, 16, 0, 32.63%, 0, 0, 5, 4.41, 27766, 31
179, 1, 18, 25, 17, 0, 33.68%, 0, 0, 5, 639.60, 31013, 32
188, 1, 18, 26, 18, 0, 33.68%, 0, 0, 5, 18.94, 32720, 32
196, 1, 18, 26, 18, 0, 33.68%, 0, 0, 5, 0.76, 32726, 32
201, 1, 24, 33, 24, 1, 34.74%, 0, 0, 6, 643.00, 35945, 33
210, 1, 16, 34, 23, 0, 34.74%, 0, 0, 6, 6.49, 37492, 33
224, 1, 31, 40, 29, 0, 35.79%, 0, 0, 7, 4.49, 40288, 34
229, 1, 31, 41, 30, 0, 35.79%, 0, 0, 7, 629.52, 43559, 34
237, 1, 31, 41, 30, 0, 35.79%, 0, 0, 7, 10.59, 45203, 34
250, 1, 20, 42, 30, 0, 35.79%, 0, 0, 7, 8.40, 48408, 34
255, 1, 20, 44, 32, 0, 35.79%, 0, 0, 7, 632.15, 51679, 34
261, 1, 20, 44, 32, 0, 35.79%, 0, 0, 7, 24.52, 53227, 34
267, 1, 17, 45, 33, 0, 35.79%, 0, 0, 7, 636.13, 56439, 34
277, 1, 24, 48, 36, 0, 35.79%, 0, 0, 7, 10.17, 58754, 34
282, 1, 18, 49, 37, 0, 35.79%, 0, 0, 7, 634.88, 61981, 34
297, 1, 37, 50, 38, 0, 40.00%, 0, 0, 8, 9.01, 64422, 38
302, 1, 37, 50, 38, 0, 40.00%, 0, 0, 8, 630.76, 67606, 38
308, 1, 20, 50, 37, 0, 40.00%, 0, 0, 8, 30.19, 70299, 38
313, 1, 49, 51, 38, 0, 40.00%, 0, 0, 9, 622.46, 73536, 38
321, 1, 49, 53, 40, 0, 50.53%, 0, 0, 9, 23.73, 75308, 48
326, 1, 49, 54, 41, 0, 51.58%, 0, 0, 9, 737.50, 79213, 49
331, 1, 49, 54, 41, 0, 51.58%, 1, 0, 9, 0.00, 82708, 49
