# relative_time, cycles_done, cur_item, corpus_count, pending_total, pending_favs, map_size, saved_crashes, saved_hangs, max_depth, execs_per_sec, total_execs, edges_found
68, 0, 1, 13, 11, 0, 30.77%, 0, 0, 3, 0.28, 7096, 28
73, 0, 1, 13, 11, 0, 30.77%, 0, 0, 3, 471.40, 9559, 28
93, 0, 1, 13, 11, 0, 30.77%, 0, 0, 3, 4.78, 10486, 28
99, 0, 1, 16, 12, 0, 31.87%, 0, 0, 4, 450.43, 12870, 29
119, 0, 13, 18, 14, 0, 32.97%, 0, 0, 4, 0.98, 13789, 30
124, 0, 17, 20, 15, 2, 35.16%, 0, 0, 4, 463.39, 16129, 32
137, 0, 19, 20, 14, 1, 35.16%, 0, 0, 4, 3.02, 16561, 32
153, 0, 18, 22, 15, 0, 35.16%, 0, 0, 4, 6.60, 18683, 32
158, 0, 17, 23, 16, 0, 35.16%, 0, 0, 5, 462.91, 21051, 32
174, 0, 18, 24, 17, 0, 35.16%, 0, 0, 5, 2.06, 22253, 32
180, 0, 17, 25, 18, 0, 35.16%, 0, 0, 5, 465.22, 24672, 32
188, 0, 1, 26, 19, 0, 38.46%, 0, 0, 5, 2.38, 25879, 35
196, 0, 1, 26, 19, 0, 38.46%, 0, 0, 5, 2.28, 25885, 35
201, 0, 19, 28, 20, 0, 38.46%, 0, 0, 5, 466.45, 28242, 35
210, 0, 1, 28, 20, 0, 38.46%, 0, 0, 5, 6.75, 29372, 35
224, 1, 19, 30, 22, 0, 39.56%, 0, 0, 5, 3.75, 31416, 36
229, 1, 19, 31, 22, 0, 39.56%, 0, 0, 5, 462.63, 33825, 36
237, 1, 32, 34, 24, 0, 40.66%, 0, 0, 6, 17.12, 35011, 37
250, 1, 32, 38, 28, 0, 42.86%, 0, 0, 6, 8.11, 37334, 39
255, 1, 32, 38, 28, 0, 42.86%, 0, 0, 6, 457.56, 39638, 39
262, 1, 32, 38, 28, 0, 42.86%, 0, 0, 6, 8.27, 40853, 39
267, 1, 32, 39, 29, 0, 43.96%, 0, 0, 6, 463.48, 43299, 40
277, 1, 32, 39, 29, 0, 43.96%, 0, 0, 6, 4.98, 44884, 40
283, 1, 35, 42, 30, 1, 43.96%, 0, 0, 7, 471.74, 47324, 40
297, 1, 18, 42, 28, 0, 43.96%, 0, 0, 7, 4.34, 49119, 40
302, 1, 41, 45, 31, 0, 43.96%, 0, 0, 8, 465.49, 51550, 40
308, 1, 41, 45, 31, 0, 43.96%, 0, 0, 8, 21.90, 53440, 40
313, 1, 41, 45, 31, 0, 43.96%, 0, 0, 8, 457.78, 55816, 40
321, 1, 41, 45, 31, 0, 43.96%, 0, 0, 8, 11.31, 56851, 40
326, 1, 1, 46, 32, 0, 43.96%, 0, 0, 8, 475.30, 59219, 40
331, 1, 41, 48, 34, 0, 43.96%, 0, 0, 8, 448.49, 61421, 40
336, 1, 1, 51, 36, 0, 45.05%, 0, 0, 8, 459.17, 63732, 41
342, 1, 49, 54, 39, 0, 45.05%, 0, 0, 8, 6.91, 65268, 41
347, 1, 1, 54, 38, 0, 45.05%, 0, 0, 8, 468.58, 67587, 41
352, 1, 1, 54, 38, 0, 45.05%, 0, 0, 8, 432.45, 69114, 41
357, 1, 22, 58, 42, 0, 45.05%, 0, 0, 8, 455.36, 71431, 41
363, 1, 18, 59, 42, 0, 45.05%, 0, 0, 8, 577.67, 74404, 41
368, 1, 38, 59, 40, 0, 45.05%, 0, 0, 8, 626.31, 77693, 41
373, 1, 38, 59, 39, 0, 45.05%, 0, 0, 8, 616.15, 80888, 41
382, 2, 37, 60, 40, 0, 45.05%, 0, 0, 8, 14.40, 83821, 41
387, 2, 1, 60, 39, 0, 45.05%, 0, 0, 8, 637.78, 87042, 41
392, 2, 35, 63, 42, 0, 45.05%, 0, 0, 8, 634.89, 90334, 41
397, 2, 57, 63, 41, 0, 45.05%, 0, 0, 8, 642.33, 93638, 41
402, 2, 1, 63, 40, 0, 45.05%, 0, 0, 8, 638.17, 96939, 41
408, 2, 1, 63, 39, 0, 45.05%, 0, 0, 8, 4.51, 99160, 41
413, 2, 1, 63, 39, 0, 45.05%, 0, 0, 8, 640.85, 102397, 41
419, 2, 1, 63, 39, 0, 45.05%, 0, 0, 8, 617.09, 105482, 41
424, 3, 3, 63, 38, 0, 45.05%, 0, 0, 8, 623.17, 108648, 41
429, 3, 53, 63, 35, 0, 45.05%, 0, 0, 8, 625.15, 111892, 41
435, 3, 1, 63, 35, 0, 45.05%, 0, 0, 8, 13.42, 114611, 41
440, 3, 18, 63, 35, 0, 45.05%, 0, 0, 8, 628.35, 117770, 41
445, 3, 1, 63, 35, 0, 45.05%, 0, 0, 8, 644.15, 121012, 41
450, 3, 1, 63, 34, 0, 45.05%, 0, 0, 8, 634.25, 124222, 41
455, 3, 1, 63, 34, 0, 45.05%, 0, 0, 8, 740.57, 128030, 41
463, 3, 38, 63, 34, 0, 45.05%, 0, 0, 8, 0.59, 130912, 41
468, 4, 1, 63, 34, 0, 45.05%, 0, 0, 8, 801.84, 135234, 41
473, 4, 1, 63, 33, 0, 45.05%, 0, 0, 8, 835.83, 139461, 41
478, 4, 18, 63, 32, 0, 45.05%, 0, 0, 8, 842.83, 143767, 41
483, 4, 53, 63, 32, 0, 45.05%, 0, 0, 8, 845.90, 147945, 41
488, 4, 1, 63, 32, 0, 45.05%, 0, 0, 8, 804.40, 152075, 41
493, 4, 42, 63, 31, 0, 45.05%, 0, 0, 8, 787.05, 156179, 41
499, 4, 1, 63, 30, 0, 45.05%, 0, 0, 8, 830.45, 160552, 41
504, 5, 40, 63, 29, 0, 45.05%, 0, 0, 8, 794.31, 164455, 41
509, 5, 53, 63, 28, 0, 45.05%, 0, 0, 8, 809.30, 168709, 41
514, 5, 19, 63, 27, 0, 45.05%, 0, 0, 8, 831.12, 173050, 41
519, 5, 1, 63, 27, 0, 45.05%, 0, 0, 8, 817.94, 177135, 41
524, 5, 38, 63, 26, 0, 45.05%, 0, 0, 8, 845.18, 181423, 41
529, 5, 1, 63, 24, 0, 45.05%, 0, 0, 8, 811.62, 185643, 41
534, 5, 19, 63, 24, 0, 45.05%, 0, 0, 8, 830.17, 189879, 41
540, 5, 19, 63, 24, 0, 45.05%, 0, 0, 8, 823.07, 194039, 41
545, 6, 1, 63, 24, 0, 45.05%, 0, 0, 8, 534.85, 197994, 41
550, 6, 38, 63, 24, 0, 45.05%, 0, 0, 8, 770.81, 202271, 41
555, 6, 35, 63, 24, 0, 45.05%, 0, 0, 8, 819.09, 206570, 41
560, 6, 38, 63, 24, 0, 45.05%, 0, 0, 8, 839.49, 210772, 41
565, 6, 53, 63, 24, 0, 45.05%, 0, 0, 8, 805.41, 214965, 41
570, 6, 1, 63, 24, 0, 45.05%, 0, 0, 8, 834.09, 219289, 41
575, 6, 1, 63, 24, 0, 45.05%, 0, 0, 8, 843.66, 223532, 41
580, 7, 35, 63, 23, 0, 45.05%, 0, 0, 8, 842.37, 227869, 41
586, 7, 35, 63, 22, 0, 45.05%, 0, 0, 8, 846.44, 232259, 41
591, 7, 1, 63, 22, 0, 45.05%, 0, 0, 8, 847.60, 236619, 41
596, 7, 38, 63, 22, 0, 45.05%, 0, 0, 8, 825.49, 240796, 41
601, 7, 18, 77, 36, 0, 45.05%, 0, 0, 8, 811.39, 245022, 41
606, 7, 75, 85, 44, 0, 45.05%, 0, 0, 8, 797.89, 249161, 41
611, 7, 38, 85, 43, 0, 45.05%, 0, 0, 8, 752.80, 252742, 41
616, 7, 70, 86, 43, 0, 45.05%, 0, 0, 8, 792.34, 256793, 41
621, 7, 19, 86, 41, 0, 45.05%, 0, 0, 8, 813.45, 261005, 41
626, 7, 1, 87, 41, 0, 45.05%, 0, 0, 8, 791.53, 264952, 41
632, 7, 83, 87, 41, 0, 45.05%, 0, 0, 8, 716.31, 268721, 41
637, 7, 82, 89, 42, 0, 45.05%, 0, 0, 8, 592.24, 271725, 41
642, 8, 38, 91, 43, 0, 45.05%, 0, 0, 8, 739.49, 275567, 41
647, 8, 35, 93, 45, 0, 45.05%, 0, 0, 8, 745.23, 279359, 41
652, 8, 38, 93, 45, 0, 45.05%, 0, 0, 8, 733.28, 283071, 41
657, 8, 91, 93, 45, 0, 45.05%, 0, 0, 8, 524.67, 285872, 41
662, 8, 38, 93, 44, 0, 45.05%, 0, 0, 8, 441.32, 287589, 41
668, 8, 38, 95, 46, 0, 45.05%, 0, 0, 8, 665.04, 291325, 41
673, 8, 53, 95, 46, 0, 45.05%, 0, 0, 8, 726.28, 295120, 41
678, 8, 94, 95, 46, 0, 45.05%, 0, 0, 8, 419.07, 297167, 41
683, 8, 94, 95, 46, 0, 45.05%, 0, 0, 8, 270.80, 298333, 41
688, 8, 87, 95, 45, 0, 45.05%, 0, 0, 8, 557.51, 301579, 41
693, 8, 1, 95, 44, 0, 45.05%, 0, 0, 8, 548.89, 304112, 41
698, 8, 1, 95, 43, 0, 45.05%, 0, 0, 8, 713.45, 307873, 41
703, 8, 1, 95, 43, 0, 45.05%, 0, 0, 8, 733.76, 311638, 41
708, 8, 16, 95, 43, 0, 45.05%, 0, 0, 8, 731.44, 315295, 41
713, 8, 1, 95, 42, 0, 45.05%, 0, 0, 8, 758.05, 319130, 41
718, 8, 38, 95, 41, 0, 45.05%, 0, 0, 8, 779.45, 323035, 41
723, 9, 1, 95, 41, 0, 45.05%, 0, 0, 8, 794.47, 327022, 41
729, 9, 35, 95, 40, 0, 45.05%, 0, 0, 8, 757.41, 330772, 41
734, 9, 1, 95, 39, 0, 45.05%, 0, 0, 8, 747.88, 334557, 41
739, 9, 1, 95, 39, 0, 45.05%, 0, 0, 8, 791.55, 338682, 41
744, 9, 19, 95, 38, 0, 45.05%, 0, 0, 8, 789.54, 342570, 41
749, 9, 88, 95, 37, 0, 45.05%, 0, 0, 8, 591.51, 345676, 41
754, 9, 1, 95, 36, 0, 45.05%, 0, 0, 8, 651.93, 348683, 41
759, 9, 38, 95, 36, 0, 45.05%, 0, 0, 8, 725.84, 352464, 41
764, 9, 1, 95, 36, 0, 45.05%, 0, 0, 8, 729.53, 356156, 41
769, 9, 53, 95, 36, 0, 45.05%, 0, 0, 8, 755.43, 360022, 41
775, 9, 38, 96, 37, 0, 45.05%, 0, 0, 8, 758.39, 363876, 41
780, 9, 1, 96, 37, 0, 45.05%, 0, 0, 8, 742.71, 367671, 41
785, 9, 19, 96, 37, 0, 45.05%, 0, 0, 8, 778.23, 371663, 41
790, 10, 1, 96, 37, 0, 45.05%, 0, 0, 8, 704.76, 375157, 41
795, 10, 67, 96, 36, 0, 45.05%, 0, 0, 8, 569.71, 378808, 41
800, 10, 18, 96, 35, 0, 45.05%, 0, 0, 8, 732.14, 382552, 41
805, 10, 38, 96, 35, 0, 45.05%, 0, 0, 8, 741.71, 386218, 41
810, 10, 96, 97, 35, 0, 45.05%, 0, 0, 8, 663.14, 389643, 41
815, 10, 96, 97, 35, 0, 45.05%, 0, 0, 8, 391.69, 391282, 41
820, 10, 38, 97, 34, 0, 45.05%, 0, 0, 8, 653.30, 394982, 41
826, 10, 93, 97, 34, 0, 45.05%, 0, 0, 8, 426.77, 397013, 41
831, 10, 1, 97, 33, 0, 45.05%, 0, 0, 8, 586.25, 399937, 41
836, 10, 1, 97, 32, 0, 45.05%, 0, 0, 8, 675.19, 403504, 41
841, 10, 86, 97, 32, 0, 45.05%, 0, 0, 8, 625.09, 406701, 41
846, 10, 53, 97, 31, 0, 45.05%, 0, 0, 8, 709.99, 410403, 41
851, 10, 35, 97, 31, 0, 45.05%, 0, 0, 8, 742.37, 414227, 41
856, 10, 1, 97, 31, 0, 45.05%, 0, 0, 8, 753.93, 417595, 41
861, 11, 38, 97, 31, 0, 45.05%, 0, 0, 8, 758.35, 421462, 41
866, 11, 63, 97, 31, 0, 45.05%, 0, 0, 8, 749.32, 425379, 41
872, 11, 1, 97, 30, 0, 45.05%, 0, 0, 8, 752.34, 429282, 41
877, 11, 1, 97, 30, 0, 45.05%, 0, 0, 8, 698.67, 432735, 41
882, 11, 38, 97, 30, 0, 45.05%, 0, 0, 8, 756.13, 436643, 41
887, 11, 80, 97, 30, 0, 45.05%, 0, 0, 8, 732.28, 440347, 41
892, 11, 18, 97, 29, 0, 45.05%, 0, 0, 8, 693.38, 443789, 41
897, 11, 1, 97, 29, 0, 45.05%, 0, 0, 8, 732.50, 447551, 41
902, 11, 1, 97, 29, 0, 45.05%, 0, 0, 8, 725.47, 451273, 41
907, 11, 1, 97, 29, 0, 45.05%, 0, 0, 8, 749.21, 455100, 41
912, 11, 1, 97, 29, 0, 45.05%, 0, 0, 8, 729.14, 458801, 41
917, 11, 1, 97, 29, 0, 45.05%, 0, 0, 8, 783.00, 462777, 41
922, 12, 1, 97, 29, 0, 45.05%, 0, 0, 8, 780.09, 466724, 41
927, 12, 1, 97, 29, 0, 45.05%, 0, 0, 8, 748.31, 470487, 41
933, 12, 19, 97, 29, 0, 45.05%, 0, 0, 8, 770.56, 474445, 41
938, 12, 53, 97, 29, 0, 45.05%, 0, 0, 8, 756.01, 478402, 41
943, 12, 38, 97, 29, 0, 45.05%, 0, 0, 8, 741.91, 482108, 41
948, 12, 38, 97, 28, 0, 45.05%, 0, 0, 8, 788.12, 486191, 41
953, 12, 1, 97, 27, 0, 45.05%, 0, 0, 8, 730.26, 489683, 41
958, 12, 85, 97, 27, 0, 45.05%, 0, 0, 8, 746.34, 493516, 41
963, 12, 35, 97, 25, 0, 45.05%, 0, 0, 8, 638.69, 496594, 41
968, 12, 38, 97, 25, 0, 45.05%, 0, 0, 8, 744.42, 500391, 41
973, 12, 35, 97, 25, 0, 45.05%, 0, 0, 8, 749.74, 504170, 41
978, 12, 35, 97, 25, 0, 45.05%, 0, 0, 8, 725.00, 507650, 41
983, 13, 1, 97, 24, 0, 45.05%, 0, 0, 8, 743.35, 511451, 41
989, 13, 1, 97, 23, 0, 45.05%, 0, 0, 8, 736.52, 515304, 41
994, 13, 1, 97, 23, 0, 45.05%, 0, 0, 8, 774.87, 519271, 41
999, 13, 53, 97, 23, 0, 45.05%, 0, 0, 8, 762.48, 523204, 41
1004, 13, 1, 97, 23, 0, 45.05%, 0, 0, 8, 768.03, 527205, 41
1009, 13, 1, 97, 23, 0, 45.05%, 0, 0, 8, 801.85, 531238, 41
1014, 13, 1, 97, 23, 0, 45.05%, 0, 0, 8, 790.13, 535331, 41
1019, 13, 19, 97, 23, 0, 45.05%, 0, 0, 8, 768.81, 539244, 41
1025, 13, 1, 97, 22, 0, 45.05%, 0, 0, 8, 756.09, 543047, 41
1030, 13, 53, 97, 22, 0, 45.05%, 0, 0, 8, 781.06, 546956, 41
1035, 13, 1, 97, 22, 0, 45.05%, 0, 0, 8, 775.23, 550864, 41
1040, 14, 1, 97, 22, 0, 45.05%, 0, 0, 8, 769.40, 554882, 41
1045, 14, 35, 97, 22, 0, 45.05%, 0, 0, 8, 764.01, 558615, 41
1050, 14, 53, 97, 22, 0, 45.05%, 0, 0, 8, 775.28, 562627, 41
1055, 14, 35, 97, 22, 0, 45.05%, 0, 0, 8, 789.09, 566597, 41
1060, 14, 38, 97, 22, 0, 45.05%, 0, 0, 8, 791.33, 570650, 41
1065, 14, 1, 97, 22, 0, 45.05%, 0, 0, 8, 764.33, 574530, 41
1070, 14, 95, 97, 22, 0, 45.05%, 0, 0, 8, 561.91, 577337, 41
1076, 14, 1, 97, 21, 0, 45.05%, 0, 0, 8, 670.95, 580984, 41
1081, 14, 1, 97, 21, 0, 45.05%, 0, 0, 8, 726.31, 584748, 41
1086, 14, 53, 97, 20, 0, 45.05%, 0, 0, 8, 768.10, 588715, 41
1091, 14, 1, 97, 20, 0, 45.05%, 0, 0, 8, 753.30, 592661, 41
1096, 14, 89, 97, 20, 0, 45.05%, 0, 0, 8, 726.66, 596402, 41
1101, 14, 1, 97, 19, 0, 45.05%, 0, 0, 8, 664.75, 599394, 41
1106, 15, 18, 97, 19, 0, 45.05%, 0, 0, 8, 751.42, 603225, 41
1111, 15, 19, 97, 19, 0, 45.05%, 0, 0, 8, 767.68, 607174, 41
1116, 15, 38, 97, 19, 0, 45.05%, 0, 0, 8, 772.48, 611080, 41
1121, 15, 35, 97, 19, 0, 45.05%, 0, 0, 8, 732.69, 614785, 41
1126, 15, 1, 97, 19, 0, 45.05%, 0, 0, 8, 753.70, 618689, 41
1131, 15, 19, 97, 19, 0, 45.05%, 0, 0, 8, 736.81, 622550, 41
1137, 15, 38, 97, 19, 0, 45.05%, 0, 0, 8, 724.49, 626261, 41
1142, 15, 84, 97, 19, 0, 45.05%, 0, 0, 8, 696.79, 629775, 41
1147, 15, 19, 97, 18, 0, 45.05%, 0, 0, 8, 747.87, 633546, 41
1152, 15, 1, 97, 18, 0, 45.05%, 0, 0, 8, 768.53, 637478, 41
1157, 15, 1, 97, 18, 0, 45.05%, 0, 0, 8, 750.67, 641313, 41
1162, 16, 1, 97, 18, 0, 45.05%, 0, 0, 8, 788.44, 645407, 41
1167, 16, 1, 97, 18, 0, 45.05%, 0, 0, 8, 770.98, 649223, 41
1172, 16, 53, 97, 18, 0, 45.05%, 0, 0, 8, 739.24, 652873, 41
1177, 16, 1, 97, 18, 0, 45.05%, 0, 0, 8, 761.36, 656673, 41
1182, 16, 38, 97, 18, 0, 45.05%, 0, 0, 8, 782.91, 660591, 41
1187, 16, 18, 97, 18, 0, 45.05%, 0, 0, 8, 770.22, 664390, 41
1192, 16, 1, 97, 18, 0, 45.05%, 0, 0, 8, 793.74, 668540, 41
1197, 16, 53, 97, 18, 0, 45.05%, 0, 0, 8, 736.84, 672207, 41
1202, 16, 45, 97, 18, 0, 45.05%, 0, 0, 8, 759.43, 676188, 41
1208, 16, 77, 97, 17, 0, 45.05%, 0, 0, 8, 764.41, 680013, 41
1213, 16, 53, 97, 16, 0, 45.05%, 0, 0, 8, 783.74, 684008, 41
1218, 16, 35, 97, 15, 0, 45.05%, 0, 0, 8, 768.94, 687864, 41
1223, 17, 1, 97, 15, 0, 45.05%, 0, 0, 8, 760.33, 691726, 41
1228, 17, 38, 97, 15, 0, 45.05%, 0, 0, 8, 780.71, 695635, 41
1233, 17, 1, 97, 14, 0, 45.05%, 0, 0, 8, 714.11, 699249, 41
1238, 17, 1, 97, 14, 0, 45.05%, 0, 0, 8, 722.67, 702929, 41
1243, 17, 19, 97, 14, 0, 45.05%, 0, 0, 8, 755.92, 706877, 41
1248, 17, 1, 97, 14, 0, 45.05%, 0, 0, 8, 750.60, 710600, 41
1253, 17, 38, 97, 14, 0, 45.05%, 0, 0, 8, 756.53, 714366, 41
1258, 17, 18, 97, 14, 0, 45.05%, 0, 0, 8, 778.76, 718200, 41
1264, 17, 69, 97, 14, 0, 45.05%, 0, 0, 8, 753.89, 721902, 41
1269, 17, 38, 97, 13, 0, 45.05%, 0, 0, 8, 784.25, 725820, 41
1274, 17, 1, 97, 13, 0, 45.05%, 0, 0, 8, 771.35, 729681, 41
1279, 17, 53, 97, 13, 0, 45.05%, 0, 0, 8, 761.97, 733498, 41
1284, 18, 1, 97, 13, 0, 45.05%, 0, 0, 8, 759.33, 737428, 41
1289, 18, 1, 97, 13, 0, 45.05%, 0, 0, 8, 778.07, 741447, 41
1294, 18, 53, 97, 13, 0, 45.05%, 0, 0, 8, 725.40, 745085, 41
1299, 18, 1, 97, 13, 0, 45.05%, 0, 0, 8, 790.85, 749075, 41
1304, 18, 1, 97, 13, 0, 45.05%, 0, 0, 8, 760.32, 752775, 41
1310, 18, 38, 97, 13, 0, 45.05%, 0, 0, 8, 745.48, 756597, 41
1315, 18, 1, 97, 13, 0, 45.05%, 0, 0, 8, 777.91, 760440, 41
1320, 18, 1, 97, 13, 0, 45.05%, 0, 0, 8, 738.85, 763992, 41
1325, 18, 19, 97, 13, 0, 45.05%, 0, 0, 8, 802.55, 768056, 41
1330, 18, 81, 97, 13, 0, 45.05%, 0, 0, 8, 781.55, 772008, 41
1335, 18, 1, 97, 12, 0, 45.05%, 0, 0, 8, 721.24, 775367, 41
1340, 19, 1, 97, 12, 0, 45.05%, 0, 0, 8, 747.93, 779216, 41
1345, 19, 38, 97, 12, 0, 45.05%, 0, 0, 8, 745.80, 782940, 41
1350, 19, 19, 97, 12, 0, 45.05%, 0, 0, 8, 766.53, 786798, 41
1355, 19, 1, 97, 12, 0, 45.05%, 0, 0, 8, 759.10, 790707, 41
1360, 19, 18, 97, 11, 0, 45.05%, 0, 0, 8, 752.41, 794408, 41
1365, 19, 35, 97, 11, 0, 45.05%, 0, 0, 8, 784.83, 798477, 41
1370, 19, 1, 97, 11, 0, 45.05%, 0, 0, 8, 755.08, 802199, 41
1375, 19, 35, 97, 11, 0, 45.05%, 0, 0, 8, 712.88, 805838, 41
1380, 19, 38, 97, 11, 0, 45.05%, 0, 0, 8, 743.79, 809660, 41
1386, 19, 1, 98, 12, 0, 45.05%, 0, 0, 8, 693.59, 813182, 41
1391, 19, 1, 98, 11, 0, 45.05%, 0, 0, 8, 725.24, 816897, 41
1396, 20, 35, 98, 11, 0, 45.05%, 0, 0, 8, 682.37, 820451, 41
1401, 20, 35, 98, 11, 0, 45.05%, 0, 0, 8, 769.76, 824484, 41
1406, 20, 1, 98, 11, 0, 45.05%, 0, 0, 8, 720.59, 828020, 41
1411, 20, 1, 98, 11, 0, 45.05%, 0, 0, 8, 742.04, 831923, 41
1416, 20, 92, 98, 11, 0, 45.05%, 0, 0, 8, 406.39, 833781, 41
1421, 20, 1, 98, 10, 0, 45.05%, 0, 0, 8, 573.67, 836435, 41
1426, 20, 19, 98, 10, 0, 45.05%, 0, 0, 8, 693.37, 840112, 41
1431, 20, 18, 98, 10, 0, 45.05%, 0, 0, 8, 704.90, 843764, 41
1436, 20, 53, 98, 10, 0, 45.05%, 0, 0, 8, 748.14, 847631, 41
1442, 20, 1, 98, 10, 0, 45.05%, 0, 0, 8, 725.93, 851280, 41
1447, 20, 1, 98, 10, 0, 45.05%, 0, 0, 8, 731.83, 855072, 41
1452, 20, 38, 98, 10, 0, 45.05%, 0, 0, 8, 740.95, 858821, 41
1457, 20, 1, 98, 10, 0, 45.05%, 0, 0, 8, 743.82, 862585, 41
1462, 21, 38, 98, 10, 0, 45.05%, 0, 0, 8, 717.19, 866249, 41
1467, 21, 38, 98, 10, 0, 45.05%, 0, 0, 8, 722.17, 869832, 41
1472, 21, 1, 98, 10, 0, 45.05%, 0, 0, 8, 767.30, 873707, 41
1477, 21, 90, 98, 10, 0, 45.05%, 0, 0, 8, 525.46, 876069, 41
1482, 21, 1, 98, 9, 0, 45.05%, 0, 0, 8, 718.43, 879617, 41
1487, 21, 1, 98, 9, 0, 45.05%, 0, 0, 8, 767.55, 883626, 41
1493, 21, 1, 98, 9, 0, 45.05%, 0, 0, 8, 741.25, 887411, 41
1498, 21, 35, 98, 9, 0, 45.05%, 0, 0, 8, 772.84, 891348, 41
1503, 21, 1, 98, 9, 0, 45.05%, 0, 0, 8, 757.06, 895228, 41
1508, 21, 1, 98, 9, 0, 45.05%, 0, 0, 8, 684.82, 898465, 41
1513, 21, 19, 98, 9, 0, 45.05%, 0, 0, 8, 716.74, 902085, 41
1518, 21, 53, 98, 9, 0, 45.05%, 0, 0, 8, 760.76, 905917, 41
1523, 22, 1, 98, 9, 0, 45.05%, 0, 0, 8, 749.31, 909597, 41
1528, 22, 71, 98, 9, 0, 45.05%, 0, 0, 8, 749.37, 913417, 41
1533, 22, 1, 98, 8, 0, 45.05%, 0, 0, 8, 700.13, 916987, 41
1539, 22, 1, 98, 8, 0, 45.05%, 0, 0, 8, 753.07, 920851, 41
1544, 22, 1, 98, 8, 0, 45.05%, 0, 0, 8, 738.83, 924615, 41
1549, 22, 38, 98, 8, 0, 45.05%, 0, 0, 8, 776.19, 928662, 41
1554, 22, 53, 98, 8, 0, 45.05%, 0, 0, 8, 723.35, 932272, 41
1559, 22, 18, 98, 8, 0, 45.05%, 0, 0, 8, 761.88, 936066, 41
1564, 22, 1, 98, 8, 0, 45.05%, 0, 0, 8, 716.35, 939546, 41
1569, 22, 1, 98, 8, 0, 45.05%, 0, 0, 8, 717.77, 943242, 41
1574, 22, 53, 98, 8, 0, 45.05%, 0, 0, 8, 730.12, 947003, 41
1579, 23, 38, 98, 8, 0, 45.05%, 0, 0, 8, 704.84, 950602, 41
1584, 23, 35, 98, 8, 0, 45.05%, 0, 0, 8, 725.15, 954282, 41
1589, 23, 1, 98, 8, 0, 45.05%, 0, 0, 8, 745.72, 957960, 41
1595, 23, 1, 98, 8, 0, 45.05%, 0, 0, 8, 748.97, 961724, 41
1600, 23, 53, 98, 8, 0, 45.05%, 0, 0, 8, 769.00, 965580, 41
1605, 23, 35, 98, 8, 0, 45.05%, 0, 0, 8, 775.03, 969523, 41
1610, 23, 1, 98, 8, 0, 45.05%, 0, 0, 8, 743.61, 973185, 41
1615, 23, 1, 98, 8, 0, 45.05%, 0, 0, 8, 752.18, 976935, 41
1620, 23, 1, 98, 8, 0, 45.05%, 0, 0, 8, 695.73, 980475, 41
1625, 23, 19, 98, 8, 0, 45.05%, 0, 0, 8, 757.15, 984325, 41
1630, 23, 1, 98, 8, 0, 45.05%, 0, 0, 8, 738.58, 988087, 41
1635, 24, 35, 98, 8, 0, 45.05%, 0, 0, 8, 748.51, 991889, 41
1640, 24, 1, 98, 8, 0, 45.05%, 0, 0, 8, 734.92, 995559, 41
1646, 24, 38, 98, 7, 0, 45.05%, 0, 0, 8, 757.28, 999499, 41
1651, 24, 1, 98, 7, 0, 45.05%, 0, 0, 8, 761.17, 1003473, 41
1656, 24, 1, 98, 7, 0, 45.05%, 0, 0, 8, 725.72, 1007139, 41
1661, 24, 1, 98, 7, 0, 45.05%, 0, 0, 8, 734.19, 1010861, 41
1666, 24, 38, 98, 7, 0, 45.05%, 0, 0, 8, 763.05, 1014769, 41
1671, 24, 1, 98, 7, 0, 45.05%, 0, 0, 8, 760.67, 1018745, 41
1676, 24, 35, 98, 7, 0, 45.05%, 0, 0, 8, 733.47, 1022436, 41
1681, 24, 1, 98, 7, 0, 45.05%, 0, 0, 8, 707.40, 1026058, 41
1687, 24, 18, 98, 7, 0, 45.05%, 0, 0, 8, 734.79, 1029824, 41
1692, 24, 1, 98, 7, 0, 45.05%, 0, 0, 8, 744.71, 1033475, 41
1697, 25, 1, 98, 7, 0, 45.05%, 0, 0, 8, 811.25, 1037134, 41
1702, 25, 35, 98, 7, 0, 45.05%, 0, 0, 8, 765.83, 1041004, 41
1707, 25, 53, 98, 7, 0, 45.05%, 0, 0, 8, 741.43, 1044687, 41
1712, 25, 35, 98, 7, 0, 45.05%, 0, 0, 8, 769.05, 1048689, 41
1717, 25, 1, 98, 7, 0, 45.05%, 0, 0, 8, 783.36, 1052608, 41
1722, 25, 1, 98, 7, 0, 45.05%, 0, 0, 8, 754.20, 1056273, 41
1727, 25, 53, 98, 7, 0, 45.05%, 0, 0, 8, 698.55, 1059707, 41
1732, 25, 53, 98, 7, 0, 45.05%, 0, 0, 8, 763.41, 1063573, 41
1737, 25, 35, 98, 7, 0, 45.05%, 0, 0, 8, 778.47, 1067452, 41
1742, 25, 53, 98, 7, 0, 45.05%, 0, 0, 8, 729.46, 1071018, 41
1747, 25, 1, 98, 7, 0, 45.05%, 0, 0, 8, 694.02, 1074500, 41
1753, 26, 1, 98, 7, 0, 45.05%, 0, 0, 8, 730.20, 1078381, 41
1758, 26, 1, 98, 7, 0, 45.05%, 0, 0, 8, 712.11, 1081961, 41
1763, 26, 19, 98, 7, 0, 45.05%, 0, 0, 8, 761.72, 1085839, 41
1768, 26, 35, 98, 7, 0, 45.05%, 0, 0, 8, 752.16, 1089617, 41
1773, 26, 1, 98, 7, 0, 45.05%, 0, 0, 8, 746.50, 1093422, 41
1778, 26, 1, 98, 7, 0, 45.05%, 0, 0, 8, 751.33, 1097249, 41
1783, 26, 38, 98, 7, 0, 45.05%, 0, 0, 8, 760.96, 1100999, 41
1788, 26, 1, 98, 7, 0, 45.05%, 0, 0, 8, 727.03, 1104635, 41
1793, 26, 1, 98, 7, 0, 45.05%, 0, 0, 8, 770.24, 1108544, 41
1798, 26, 38, 98, 7, 0, 45.05%, 0, 0, 8, 742.31, 1112151, 41
1804, 26, 35, 98, 7, 0, 45.05%, 0, 0, 8, 784.11, 1116144, 41
1809, 27, 1, 98, 7, 0, 45.05%, 0, 0, 8, 704.82, 1119707, 41
1814, 27, 35, 98, 7, 0, 45.05%, 0, 0, 8, 705.85, 1123290, 41
1819, 27, 1, 98, 7, 0, 45.05%, 0, 0, 8, 706.87, 1126997, 41
1824, 27, 1, 98, 7, 0, 45.05%, 0, 0, 8, 748.47, 1130831, 41
1829, 27, 53, 98, 7, 0, 45.05%, 0, 0, 8, 380.09, 1134212, 41
1834, 27, 38, 98, 7, 0, 45.05%, 0, 0, 8, 704.71, 1138164, 41
1839, 27, 19, 98, 7, 0, 45.05%, 0, 0, 8, 739.08, 1141787, 41
1844, 27, 1, 98, 7, 0, 45.05%, 0, 0, 8, 715.18, 1145397, 41
1850, 27, 38, 98, 7, 0, 45.05%, 0, 0, 8, 741.77, 1149261, 41
1855, 27, 35, 98, 7, 0, 45.05%, 0, 0, 8, 781.47, 1153086, 41
1860, 27, 35, 98, 7, 0, 45.05%, 0, 0, 8, 784.50, 1157057, 41
1865, 27, 18, 98, 7, 0, 45.05%, 0, 0, 8, 744.29, 1160673, 41
1870, 28, 1, 98, 7, 0, 45.05%, 0, 0, 8, 736.94, 1164292, 41
1875, 28, 1, 98, 7, 0, 45.05%, 0, 0, 8, 759.82, 1168132, 41
1880, 28, 1, 98, 7, 0, 45.05%, 0, 0, 8, 743.56, 1171925, 41
1885, 28, 1, 98, 7, 0, 45.05%, 0, 0, 8, 767.76, 1175800, 41
1890, 28, 53, 98, 7, 0, 45.05%, 0, 0, 8, 755.87, 1179647, 41
1895, 28, 1, 98, 7, 0, 45.05%, 0, 0, 8, 851.76, 1183428, 41
1901, 28, 18, 98, 7, 0, 45.05%, 0, 0, 8, 765.56, 1187272, 41
1906, 28, 1, 98, 7, 0, 45.05%, 0, 0, 8, 730.04, 1191000, 41
1911, 28, 53, 98, 7, 0, 45.05%, 0, 0, 8, 717.92, 1194737, 41
1916, 28, 35, 98, 7, 0, 45.05%, 0, 0, 8, 724.00, 1198516, 41
1921, 28, 1, 98, 7, 0, 45.05%, 0, 0, 8, 763.71, 1202465, 41
1926, 29, 1, 98, 7, 0, 45.05%, 0, 0, 8, 717.28, 1206046, 41
1931, 29, 18, 98, 7, 0, 45.05%, 0, 0, 8, 124.44, 1209809, 41
1936, 29, 53, 98, 7, 0, 45.05%, 0, 0, 8, 797.50, 1213720, 41
1941, 29, 38, 98, 6, 0, 45.05%, 0, 0, 8, 850.75, 1217045, 41
1947, 29, 53, 99, 7, 0, 45.05%, 0, 0, 8, 815.06, 1220607, 41
1952, 29, 1, 99, 7, 0, 45.05%, 0, 0, 8, 793.59, 1224570, 41
1957, 29, 1, 99, 7, 0, 45.05%, 0, 0, 8, 755.74, 1228402, 41
1962, 29, 1, 99, 7, 0, 45.05%, 0, 0, 8, 709.83, 1231976, 41
1967, 29, 1, 99, 7, 0, 45.05%, 0, 0, 8, 895.00, 1235523, 41
1972, 29, 1, 99, 7, 0, 45.05%, 0, 0, 8, 740.26, 1239164, 41
1977, 29, 53, 99, 7, 0, 45.05%, 0, 0, 8, 742.24, 1243003, 41
1982, 30, 1, 99, 7, 0, 45.05%, 0, 0, 8, 750.30, 1246651, 41
1987, 30, 1, 99, 7, 0, 45.05%, 0, 0, 8, 775.48, 1250545, 41
1992, 30, 1, 99, 7, 0, 45.05%, 0, 0, 8, 743.49, 1254238, 41
1997, 30, 38, 99, 7, 0, 45.05%, 0, 0, 8, 717.64, 1257807, 41
2002, 30, 18, 99, 7, 0, 45.05%, 0, 0, 8, 671.67, 1261179, 41
2008, 30, 19, 99, 7, 0, 45.05%, 0, 0, 8, 850.76, 1264890, 41
2013, 30, 98, 99, 7, 0, 45.05%, 0, 0, 8, 241.70, 1266682, 41
2018, 30, 98, 99, 7, 0, 45.05%, 0, 0, 8, 173.28, 1267463, 41
2023, 30, 18, 99, 6, 0, 45.05%, 0, 0, 8, 602.21, 1270843, 41
2028, 30, 1, 99, 6, 0, 45.05%, 0, 0, 8, 709.10, 1274483, 41
2033, 30, 38, 99, 6, 0, 45.05%, 0, 0, 8, 746.55, 1278264, 41
2038, 30, 1, 99, 5, 0, 45.05%, 0, 0, 8, 761.28, 1281945, 41
2043, 30, 74, 99, 5, 0, 45.05%, 0, 0, 8, 742.07, 1285795, 41
2048, 30, 1, 99, 5, 0, 45.05%, 0, 0, 8, 726.22, 1289494, 41
2053, 30, 53, 99, 5, 0, 45.05%, 0, 0, 8, 744.00, 1293274, 41
2058, 31, 1, 99, 5, 0, 45.05%, 0, 0, 8, 722.50, 1296946, 41
2063, 31, 1, 99, 5, 0, 45.05%, 0, 0, 8, 767.87, 1300768, 41
2069, 31, 1, 99, 5, 0, 45.05%, 0, 0, 8, 747.97, 1304321, 41
2074, 31, 53, 99, 5, 0, 45.05%, 0, 0, 8, 747.85, 1307973, 41
2079, 31, 19, 99, 4, 0, 45.05%, 0, 0, 8, 716.67, 1311604, 41
2084, 31, 53, 99, 4, 0, 45.05%, 0, 0, 8, 740.39, 1314986, 41
2089, 31, 1, 99, 3, 0, 45.05%, 0, 0, 8, 693.89, 1318377, 41
2094, 31, 1, 99, 3, 0, 45.05%, 0, 0, 8, 713.48, 1322065, 41
2099, 31, 1, 99, 3, 0, 45.05%, 0, 0, 8, 742.98, 1325843, 41
2104, 31, 1, 99, 3, 0, 45.05%, 0, 0, 8, 736.81, 1329596, 41
2109, 31, 35, 99, 3, 0, 45.05%, 0, 0, 8, 754.31, 1333392, 41
2114, 32, 19, 99, 3, 0, 45.05%, 0, 0, 8, 710.51, 1336998, 41
2119, 32, 53, 99, 3, 0, 45.05%, 0, 0, 8, 701.15, 1340605, 41
2124, 32, 38, 99, 3, 0, 45.05%, 0, 0, 8, 684.32, 1343754, 41
2130, 32, 53, 99, 3, 0, 45.05%, 0, 0, 8, 648.15, 1347096, 41
2135, 32, 19, 99, 3, 0, 45.05%, 0, 0, 8, 737.36, 1350909, 41
2140, 32, 35, 99, 3, 0, 45.05%, 0, 0, 8, 748.77, 1354561, 41
2145, 32, 1, 99, 3, 0, 45.05%, 0, 0, 8, 703.01, 1358097, 41
2150, 32, 19, 99, 3, 0, 45.05%, 0, 0, 8, 722.60, 1361842, 41
2155, 32, 1, 99, 3, 0, 45.05%, 0, 0, 8, 701.32, 1365532, 41
2160, 32, 38, 99, 3, 0, 45.05%, 0, 0, 8, 730.04, 1369186, 41
2165, 32, 1, 99, 3, 0, 45.05%, 0, 0, 8, 729.73, 1372835, 41
2171, 32, 1, 99, 3, 0, 45.05%, 0, 0, 8, 709.85, 1376528, 41
2176, 33, 18, 99, 3, 0, 45.05%, 0, 0, 8, 810.75, 1379843, 41
2181, 33, 1, 99, 3, 0, 45.05%, 0, 0, 8, 707.61, 1383184, 41
2186, 33, 1, 99, 3, 0, 45.05%, 0, 0, 8, 715.45, 1386866, 41
2191, 33, 1, 99, 3, 0, 45.05%, 0, 0, 8, 718.64, 1390532, 41
2196, 33, 1, 99, 3, 0, 45.05%, 0, 0, 8, 751.08, 1394421, 41
2201, 33, 38, 99, 3, 0, 45.05%, 0, 0, 8, 706.92, 1397962, 41
2206, 33, 1, 99, 3, 0, 45.05%, 0, 0, 8, 735.32, 1401669, 41
2211, 33, 35, 99, 3, 0, 45.05%, 0, 0, 8, 727.17, 1405350, 41
2217, 33, 38, 99, 3, 0, 45.05%, 0, 0, 8, 706.44, 1409113, 41
2222, 33, 1, 99, 3, 0, 45.05%, 0, 0, 8, 653.87, 1412415, 41
2227, 33, 1, 99, 3, 0, 45.05%, 0, 0, 8, 729.88, 1416240, 41
2232, 34, 19, 99, 3, 0, 45.05%, 0, 0, 8, 747.86, 1419896, 41
2237, 34, 19, 99, 3, 0, 45.05%, 0, 0, 8, 787.22, 1423956, 41
2242, 34, 38, 99, 3, 0, 45.05%, 0, 0, 8, 773.39, 1427462, 41
2247, 34, 1, 99, 3, 0, 45.05%, 0, 0, 8, 661.86, 1430755, 41
2252, 34, 1, 99, 3, 0, 45.05%, 0, 0, 8, 698.15, 1434224, 41
2258, 34, 1, 99, 3, 0, 45.05%, 0, 0, 8, 710.45, 1437883, 41
2263, 34, 1, 99, 3, 0, 45.05%, 0, 0, 8, 699.85, 1441365, 41
2268, 34, 1, 99, 3, 0, 45.05%, 0, 0, 8, 694.13, 1444826, 41
2273, 34, 19, 99, 3, 0, 45.05%, 0, 0, 8, 727.33, 1448469, 41
2278, 34, 1, 99, 3, 0, 45.05%, 0, 0, 8, 690.31, 1452009, 41
2283, 34, 1, 99, 3, 0, 45.05%, 0, 0, 8, 710.61, 1455575, 41
2288, 34, 35, 99, 3, 0, 45.05%, 0, 0, 8, 703.66, 1459215, 41
2293, 35, 1, 99, 3, 0, 45.05%, 0, 0, 8, 739.75, 1462977, 41
2298, 35, 1, 99, 3, 0, 45.05%, 0, 0, 8, 725.00, 1466656, 41
2303, 35, 63, 99, 3, 0, 45.05%, 0, 0, 8, 691.59, 1470269, 41
2308, 35, 40, 99, 3, 0, 45.05%, 0, 0, 8, 743.13, 1473973, 41
2313, 35, 1, 99, 3, 0, 45.05%, 0, 0, 8, 719.30, 1477565, 41
2319, 35, 35, 99, 3, 0, 45.05%, 0, 0, 8, 720.89, 1481219, 41
2324, 35, 35, 99, 3, 0, 45.05%, 0, 0, 8, 705.25, 1484686, 41
2329, 35, 35, 99, 3, 0, 45.05%, 0, 0, 8, 142.87, 1488130, 41
2334, 35, 1, 99, 3, 0, 45.05%, 0, 0, 8, 619.93, 1491755, 41
2339, 35, 19, 99, 3, 0, 45.05%, 0, 0, 8, 710.00, 1495453, 41
2344, 35, 18, 99, 3, 0, 45.05%, 0, 0, 8, 562.83, 1499185, 41
2349, 35, 38, 99, 2, 0, 45.05%, 0, 0, 8, 653.69, 1502698, 41
2354, 36, 53, 99, 2, 0, 45.05%, 0, 0, 8, 734.31, 1506366, 41
2359, 36, 1, 99, 2, 0, 45.05%, 0, 0, 8, 757.10, 1510171, 41
2364, 36, 38, 99, 2, 0, 45.05%, 0, 0, 8, 747.63, 1513870, 41
2370, 36, 18, 99, 2, 0, 45.05%, 0, 0, 8, 755.90, 1517779, 41
2375, 36, 18, 99, 2, 0, 45.05%, 0, 0, 8, 721.87, 1521414, 41
2380, 36, 1, 99, 2, 0, 45.05%, 0, 0, 8, 755.96, 1525206, 41
2385, 36, 1, 99, 2, 0, 45.05%, 0, 0, 8, 779.63, 1529294, 41
2390, 36, 38, 99, 2, 0, 45.05%, 0, 0, 8, 740.95, 1532961, 41
2395, 36, 38, 99, 2, 0, 45.05%, 0, 0, 8, 676.79, 1536413, 41
2401, 36, 38, 99, 2, 0, 45.05%, 0, 0, 8, 698.01, 1540179, 41
2406, 36, 1, 99, 2, 0, 45.05%, 0, 0, 8, 700.59, 1543774, 41
2411, 37, 1, 99, 2, 0, 45.05%, 0, 0, 8, 701.49, 1547347, 41
2416, 37, 19, 99, 2, 0, 45.05%, 0, 0, 8, 690.55, 1550871, 41
2421, 37, 18, 99, 2, 0, 45.05%, 0, 0, 8, 756.46, 1554754, 41
2426, 37, 35, 99, 2, 0, 45.05%, 0, 0, 8, 720.54, 1558387, 41
2431, 37, 38, 99, 2, 0, 45.05%, 0, 0, 8, 717.27, 1561956, 41
2436, 37, 66, 99, 2, 0, 45.05%, 0, 0, 8, 702.10, 1565447, 41
2441, 37, 38, 99, 2, 0, 45.05%, 0, 0, 8, 731.08, 1569307, 41
2446, 37, 1, 99, 2, 0, 45.05%, 0, 0, 8, 694.01, 1572846, 41
2451, 37, 38, 99, 2, 0, 45.05%, 0, 0, 8, 725.47, 1576659, 41
2457, 37, 35, 99, 2, 0, 45.05%, 0, 0, 8, 737.37, 1580552, 41
2462, 37, 18, 99, 2, 0, 45.05%, 0, 0, 8, 751.43, 1584467, 41
2467, 37, 19, 99, 2, 0, 45.05%, 0, 0, 8, 642.06, 1587673, 41
2472, 38, 1, 99, 2, 0, 45.05%, 0, 0, 8, 693.31, 1591134, 41
2477, 38, 53, 99, 2, 0, 45.05%, 0, 0, 8, 672.54, 1594587, 41
2482, 38, 1, 99, 2, 0, 45.05%, 0, 0, 8, 697.35, 1598086, 41
2487, 38, 53, 99, 2, 0, 45.05%, 0, 0, 8, 734.73, 1601830, 41
2492, 38, 1, 99, 2, 0, 45.05%, 0, 0, 8, 739.19, 1605579, 41
2497, 38, 1, 99, 2, 0, 45.05%, 0, 0, 8, 762.77, 1609485, 41
2503, 38, 53, 99, 2, 0, 45.05%, 0, 0, 8, 738.26, 1613267, 41
2508, 38, 35, 99, 2, 0, 45.05%, 0, 0, 8, 708.02, 1616859, 41
2513, 38, 1, 99, 2, 0, 45.05%, 0, 0, 8, 737.83, 1620678, 41
2518, 38, 1, 99, 2, 0, 45.05%, 0, 0, 8, 690.79, 1624254, 41
2523, 38, 1, 99, 2, 0, 45.05%, 0, 0, 8, 713.59, 1627939, 41
2528, 38, 18, 99, 2, 0, 45.05%, 0, 0, 8, 720.01, 1631705, 41
2533, 39, 1, 99, 2, 0, 45.05%, 0, 0, 8, 744.81, 1635455, 41
2539, 39, 38, 99, 2, 0, 45.05%, 0, 0, 8, 766.89, 1639430, 41
2544, 39, 1, 99, 2, 0, 45.05%, 0, 0, 8, 755.94, 1643421, 41
2549, 39, 1, 99, 2, 0, 45.05%, 0, 0, 8, 717.90, 1647068, 41
2554, 39, 1, 99, 2, 0, 45.05%, 0, 0, 8, 713.29, 1650676, 41
2559, 39, 1, 99, 2, 0, 45.05%, 0, 0, 8, 769.93, 1654583, 41
2564, 39, 35, 99, 2, 0, 45.05%, 0, 0, 8, 692.27, 1657926, 41
2569, 39, 38, 99, 2, 0, 45.05%, 0, 0, 8, 720.99, 1661477, 41
2574, 39, 1, 99, 2, 0, 45.05%, 0, 0, 8, 687.92, 1664904, 41
2579, 39, 1, 99, 2, 0, 45.05%, 0, 0, 8, 692.10, 1668457, 41
2584, 40, 1, 99, 2, 0, 45.05%, 0, 0, 8, 716.85, 1672052, 41
2589, 40, 19, 99, 2, 0, 45.05%, 0, 0, 8, 701.72, 1675662, 41
2595, 40, 53, 99, 2, 0, 45.05%, 0, 0, 8, 692.09, 1679201, 41
2600, 40, 1, 99, 2, 0, 45.05%, 0, 0, 8, 677.66, 1682704, 41
2605, 40, 1, 99, 2, 0, 45.05%, 0, 0, 8, 746.93, 1686540, 41
2610, 40, 1, 99, 2, 0, 45.05%, 0, 0, 8, 679.11, 1689896, 41
2615, 40, 19, 99, 2, 0, 45.05%, 0, 0, 8, 712.29, 1693493, 41
2620, 40, 1, 99, 2, 0, 45.05%, 0, 0, 8, 728.73, 1697085, 41
2625, 40, 1, 99, 2, 0, 45.05%, 0, 0, 8, 738.59, 1700907, 41
2630, 40, 53, 99, 2, 0, 45.05%, 0, 0, 8, 720.31, 1704461, 41
2635, 40, 19, 99, 2, 0, 45.05%, 0, 0, 8, 701.17, 1707945, 41
2640, 40, 38, 99, 2, 0, 45.05%, 0, 0, 8, 715.11, 1711557, 41
2645, 40, 38, 99, 2, 0, 45.05%, 0, 0, 8, 681.64, 1714821, 41
2650, 41, 1, 99, 2, 0, 45.05%, 0, 0, 8, 761.83, 1718767, 41
2655, 41, 18, 99, 2, 0, 45.05%, 0, 0, 8, 733.92, 1722422, 41
2660, 41, 1, 99, 2, 0, 45.05%, 0, 0, 8, 717.97, 1726071, 41
2666, 41, 1, 99, 2, 0, 45.05%, 0, 0, 8, 732.33, 1729863, 41
2671, 41, 1, 99, 2, 0, 45.05%, 0, 0, 8, 743.92, 1733670, 41
2676, 41, 19, 99, 2, 0, 45.05%, 0, 0, 8, 747.36, 1737436, 41
2681, 41, 19, 99, 2, 0, 45.05%, 0, 0, 8, 705.18, 1740863, 41
2686, 41, 38, 99, 2, 0, 45.05%, 0, 0, 8, 696.97, 1744372, 41
2691, 41, 19, 99, 2, 0, 45.05%, 0, 0, 8, 721.66, 1748236, 41
2696, 41, 53, 99, 2, 0, 45.05%, 0, 0, 8, 720.77, 1751873, 41
2701, 41, 18, 99, 2, 0, 45.05%, 0, 0, 8, 718.89, 1755525, 41
2706, 41, 18, 99, 2, 0, 45.05%, 0, 0, 8, 705.31, 1759123, 41
2711, 42, 38, 99, 2, 0, 45.05%, 0, 0, 8, 744.46, 1762931, 41
2716, 42, 1, 99, 2, 0, 45.05%, 0, 0, 8, 754.21, 1766791, 41
2721, 42, 1, 99, 2, 0, 45.05%, 0, 0, 8, 714.21, 1770358, 41
2727, 42, 19, 99, 2, 0, 45.05%, 0, 0, 8, 728.28, 1773954, 41
2732, 42, 1, 99, 2, 0, 45.05%, 0, 0, 8, 734.17, 1777632, 41
2737, 42, 1, 99, 2, 0, 45.05%, 0, 0, 8, 761.78, 1781467, 41
2742, 42, 1, 99, 2, 0, 45.05%, 0, 0, 8, 752.10, 1785316, 41
2747, 42, 35, 99, 2, 0, 45.05%, 0, 0, 8, 739.00, 1789138, 41
2752, 42, 53, 99, 2, 0, 45.05%, 0, 0, 8, 675.86, 1792397, 41
2757, 42, 1, 99, 2, 0, 45.05%, 0, 0, 8, 683.33, 1795890, 41
2762, 42, 38, 99, 2, 0, 45.05%, 0, 0, 8, 689.80, 1799424, 41
2767, 43, 19, 99, 2, 0, 45.05%, 0, 0, 8, 708.90, 1802875, 41
2772, 43, 53, 99, 2, 0, 45.05%, 0, 0, 8, 730.28, 1806591, 41
2777, 43, 38, 99, 2, 0, 45.05%, 0, 0, 8, 710.58, 1810427, 41
2782, 43, 38, 99, 2, 0, 45.05%, 0, 0, 8, 722.06, 1813982, 41
2787, 43, 35, 99, 2, 0, 45.05%, 0, 0, 8, 725.82, 1817622, 41
2793, 43, 1, 99, 2, 0, 45.05%, 0, 0, 8, 710.58, 1821215, 41
2798, 43, 35, 99, 2, 0, 45.05%, 0, 0, 8, 734.81, 1825004, 41
2803, 43, 1, 99, 2, 0, 45.05%, 0, 0, 8, 735.78, 1828766, 41
2808, 43, 53, 99, 2, 0, 45.05%, 0, 0, 8, 693.15, 1832164, 41
2813, 43, 19, 99, 2, 0, 45.05%, 0, 0, 8, 726.01, 1835940, 41
2818, 43, 1, 99, 2, 0, 45.05%, 0, 0, 8, 666.40, 1839241, 41
2823, 43, 18, 99, 2, 0, 45.05%, 0, 0, 8, 711.25, 1842762, 41
2828, 44, 1, 99, 2, 0, 45.05%, 0, 0, 8, 768.95, 1846706, 41
2833, 44, 19, 99, 2, 0, 45.05%, 0, 0, 8, 737.75, 1850317, 41
2838, 44, 18, 99, 2, 0, 45.05%, 0, 0, 8, 702.76, 1853686, 41
2843, 44, 1, 99, 2, 0, 45.05%, 0, 0, 8, 721.53, 1857379, 41
2848, 44, 53, 99, 2, 0, 45.05%, 0, 0, 8, 691.48, 1860870, 41
2853, 44, 38, 99, 2, 0, 45.05%, 0, 0, 8, 720.21, 1864510, 41
2859, 44, 19, 99, 2, 0, 45.05%, 0, 0, 8, 686.61, 1867865, 41
2864, 44, 38, 99, 2, 0, 45.05%, 0, 0, 8, 704.80, 1871504, 41
2869, 44, 18, 99, 2, 0, 45.05%, 0, 0, 8, 705.39, 1875004, 41
2874, 44, 18, 99, 2, 0, 45.05%, 0, 0, 8, 706.17, 1878529, 41
2879, 44, 18, 99, 2, 0, 45.05%, 0, 0, 8, 703.98, 1882130, 41
2884, 44, 18, 99, 2, 0, 45.05%, 0, 0, 8, 728.03, 1885895, 41
2889, 44, 38, 99, 2, 0, 45.05%, 0, 0, 8, 685.44, 1889546, 41
2894, 45, 1, 99, 2, 0, 45.05%, 0, 0, 8, 765.12, 1893456, 41
2899, 45, 38, 99, 2, 0, 45.05%, 0, 0, 8, 708.27, 1897187, 41
2904, 45, 1, 99, 2, 0, 45.05%, 0, 0, 8, 711.47, 1900810, 41
2909, 45, 1, 99, 2, 0, 45.05%, 0, 0, 8, 738.01, 1904561, 41
2915, 45, 1, 99, 2, 0, 45.05%, 0, 0, 8, 729.78, 1908368, 41
2920, 45, 1, 99, 2, 0, 45.05%, 0, 0, 8, 736.80, 1912061, 41
2925, 45, 1, 99, 2, 0, 45.05%, 0, 0, 8, 734.71, 1915797, 41
2930, 45, 38, 99, 2, 0, 45.05%, 0, 0, 8, 756.06, 1919523, 41
2935, 45, 18, 99, 2, 0, 45.05%, 0, 0, 8, 792.62, 1923463, 41
2940, 45, 1, 99, 2, 0, 45.05%, 0, 0, 8, 749.50, 1927162, 41
2945, 46, 1, 99, 2, 0, 45.05%, 0, 0, 8, 751.89, 1930936, 41
2950, 46, 1, 99, 2, 0, 45.05%, 0, 0, 8, 721.68, 1934631, 41
2955, 46, 1, 99, 2, 0, 45.05%, 0, 0, 8, 711.46, 1938281, 41
2960, 46, 19, 99, 2, 0, 45.05%, 0, 0, 8, 708.64, 1941876, 41
2965, 46, 35, 99, 2, 0, 45.05%, 0, 0, 8, 766.80, 1945825, 41
2970, 46, 18, 99, 2, 0, 45.05%, 0, 0, 8, 741.45, 1949657, 41
2975, 46, 18, 99, 2, 0, 45.05%, 0, 0, 8, 726.80, 1953270, 41
2981, 46, 19, 99, 2, 0, 45.05%, 0, 0, 8, 727.32, 1956952, 41
2986, 46, 38, 99, 2, 0, 45.05%, 0, 0, 8, 715.91, 1960478, 41
2991, 46, 35, 99, 2, 0, 45.05%, 0, 0, 8, 746.24, 1964283, 41
2996, 46, 19, 99, 2, 0, 45.05%, 0, 0, 8, 688.47, 1967710, 41
3001, 46, 1, 99, 2, 0, 45.05%, 0, 0, 8, 726.26, 1971362, 41
3006, 46, 1, 99, 2, 0, 45.05%, 0, 0, 8, 716.39, 1975072, 41
3011, 47, 53, 99, 2, 0, 45.05%, 0, 0, 8, 729.65, 1978737, 41
3016, 47, 35, 99, 2, 0, 45.05%, 0, 0, 8, 707.52, 1982304, 41
3021, 47, 1, 99, 2, 0, 45.05%, 0, 0, 8, 743.62, 1986146, 41
3026, 47, 1, 99, 2, 0, 45.05%, 0, 0, 8, 696.86, 1989596, 41
3031, 47, 1, 99, 2, 0, 45.05%, 0, 0, 8, 700.90, 1993147, 41
3036, 47, 1, 99, 2, 0, 45.05%, 0, 0, 8, 658.50, 1996517, 41
3041, 47, 19, 99, 2, 0, 45.05%, 0, 0, 8, 646.55, 1999785, 41
3046, 47, 53, 99, 2, 0, 45.05%, 0, 0, 8, 721.43, 2003525, 41
3051, 47, 35, 99, 2, 0, 45.05%, 0, 0, 8, 695.60, 2007038, 41
3056, 47, 38, 99, 2, 0, 45.05%, 0, 0, 8, 697.16, 2010564, 41
3061, 47, 1, 99, 2, 0, 45.05%, 0, 0, 8, 718.02, 2014165, 41
3067, 47, 18, 99, 2, 0, 45.05%, 0, 0, 8, 724.27, 2017889, 41
3072, 48, 1, 99, 2, 0, 45.05%, 0, 0, 8, 742.38, 2021525, 41
3077, 48, 1, 99, 2, 0, 45.05%, 0, 0, 8, 728.53, 2025380, 41
3082, 48, 38, 99, 2, 0, 45.05%, 0, 0, 8, 716.86, 2028919, 41
3087, 48, 1, 99, 2, 0, 45.05%, 0, 0, 8, 751.46, 2032824, 41
3092, 48, 1, 99, 2, 0, 45.05%, 0, 0, 8, 744.04, 2036474, 41
3097, 48, 38, 99, 2, 0, 45.05%, 0, 0, 8, 719.50, 2039958, 41
3102, 48, 18, 99, 2, 0, 45.05%, 0, 0, 8, 725.02, 2043554, 41
3107, 48, 1, 99, 2, 0, 45.05%, 0, 0, 8, 687.72, 2047063, 41
3112, 48, 53, 99, 2, 0, 45.05%, 0, 0, 8, 743.89, 2050827, 41
3117, 48, 35, 99, 2, 0, 45.05%, 0, 0, 8, 729.50, 2054500, 41
3122, 48, 35, 99, 2, 0, 45.05%, 0, 0, 8, 702.68, 2057937, 41
3127, 48, 1, 99, 2, 0, 45.05%, 0, 0, 8, 732.55, 2061875, 41
3133, 49, 1, 99, 2, 0, 45.05%, 0, 0, 8, 752.26, 2065768, 41
3138, 49, 1, 99, 2, 0, 45.05%, 0, 0, 8, 676.93, 2069263, 41
3143, 49, 38, 99, 2, 0, 45.05%, 0, 0, 8, 733.03, 2072979, 41
3148, 49, 35, 99, 2, 0, 45.05%, 0, 0, 8, 671.88, 2076287, 41
3153, 49, 38, 99, 2, 0, 45.05%, 0, 0, 8, 687.40, 2079652, 41
3158, 49, 1, 99, 2, 0, 45.05%, 0, 0, 8, 706.29, 2083331, 41
3163, 49, 1, 99, 2, 0, 45.05%, 0, 0, 8, 708.31, 2087010, 41
3168, 49, 19, 99, 2, 0, 45.05%, 0, 0, 8, 696.53, 2090454, 41
3173, 49, 19, 99, 2, 0, 45.05%, 0, 0, 8, 723.89, 2094116, 41
3178, 49, 1, 99, 2, 0, 45.05%, 0, 0, 8, 699.91, 2097599, 41
3183, 49, 53, 99, 2, 0, 45.05%, 0, 0, 8, 747.36, 2101377, 41
3188, 50, 1, 99, 2, 0, 45.05%, 0, 0, 8, 706.18, 2105071, 41
3193, 50, 1, 99, 2, 0, 45.05%, 0, 0, 8, 747.58, 2108738, 41
3198, 50, 1, 99, 2, 0, 45.05%, 0, 0, 8, 731.36, 2112544, 41
3204, 50, 19, 99, 2, 0, 45.05%, 0, 0, 8, 714.65, 2116181, 41
3209, 50, 1, 99, 2, 0, 45.05%, 0, 0, 8, 723.17, 2119917, 41
3214, 50, 19, 99, 2, 0, 45.05%, 0, 0, 8, 761.18, 2123770, 41
3219, 50, 1, 99, 2, 0, 45.05%, 0, 0, 8, 731.19, 2127489, 41
3224, 50, 1, 99, 2, 0, 45.05%, 0, 0, 8, 729.53, 2131224, 41
3229, 50, 1, 99, 2, 0, 45.05%, 0, 0, 8, 672.44, 2134586, 41
3234, 50, 1, 99, 2, 0, 45.05%, 0, 0, 8, 689.79, 2138083, 41
3239, 50, 38, 99, 2, 0, 45.05%, 0, 0, 8, 723.65, 2141769, 41
3244, 51, 1, 99, 2, 0, 45.05%, 0, 0, 8, 722.16, 2145308, 41
3249, 51, 1, 99, 2, 0, 45.05%, 0, 0, 8, 709.05, 2148889, 41
3255, 51, 38, 99, 2, 0, 45.05%, 0, 0, 8, 759.84, 2152669, 41
3260, 51, 19, 99, 2, 0, 45.05%, 0, 0, 8, 749.52, 2156492, 41
3265, 51, 35, 99, 2, 0, 45.05%, 0, 0, 8, 729.35, 2160121, 41
3270, 51, 1, 99, 2, 0, 45.05%, 0, 0, 8, 717.33, 2163786, 41
3275, 51, 1, 99, 2, 0, 45.05%, 0, 0, 8, 747.87, 2167587, 41
3280, 51, 2, 99, 2, 0, 45.05%, 0, 0, 8, 733.56, 2171236, 41
3285, 51, 35, 99, 1, 0, 45.05%, 0, 0, 8, 741.60, 2175025, 41
3290, 51, 38, 99, 1, 0, 45.05%, 0, 0, 8, 743.65, 2178901, 41
3295, 51, 53, 99, 1, 0, 45.05%, 0, 0, 8, 723.52, 2182637, 41
3300, 51, 53, 99, 1, 0, 45.05%, 0, 0, 8, 723.13, 2186389, 41
3306, 52, 38, 99, 1, 0, 45.05%, 0, 0, 8, 759.60, 2190296, 41
3311, 52, 19, 99, 1, 0, 45.05%, 0, 0, 8, 732.55, 2193877, 41
3316, 52, 1, 99, 1, 0, 45.05%, 0, 0, 8, 734.05, 2197638, 41
3321, 52, 1, 99, 1, 0, 45.05%, 0, 0, 8, 722.39, 2201345, 41
3326, 52, 53, 99, 1, 0, 45.05%, 0, 0, 8, 701.92, 2204943, 41
3331, 52, 1, 99, 1, 0, 45.05%, 0, 0, 8, 734.24, 2208719, 41
3336, 52, 35, 99, 1, 0, 45.05%, 0, 0, 8, 701.25, 2212246, 41
3341, 52, 35, 99, 1, 0, 45.05%, 0, 0, 8, 682.18, 2215788, 41
3346, 52, 1, 99, 1, 0, 45.05%, 0, 0, 8, 694.94, 2219400, 41
3352, 52, 53, 99, 1, 0, 45.05%, 0, 0, 8, 664.40, 2222746, 41
3357, 52, 35, 99, 1, 0, 45.05%, 0, 0, 8, 697.68, 2226263, 41
3362, 53, 18, 99, 1, 0, 45.05%, 0, 0, 8, 696.23, 2229803, 41
3367, 53, 1, 99, 1, 0, 45.05%, 0, 0, 8, 725.14, 2233352, 41
3372, 53, 1, 99, 1, 0, 45.05%, 0, 0, 8, 730.98, 2237201, 41
3377, 53, 1, 99, 1, 0, 45.05%, 0, 0, 8, 722.49, 2240853, 41
3382, 53, 18, 99, 1, 0, 45.05%, 0, 0, 8, 770.93, 2244776, 41
3387, 53, 1, 99, 1, 0, 45.05%, 0, 0, 8, 716.24, 2248398, 41
3392, 53, 1, 99, 1, 0, 45.05%, 0, 0, 8, 728.90, 2252077, 41
3397, 53, 1, 99, 1, 0, 45.05%, 0, 0, 8, 734.66, 2255742, 41
3402, 53, 1, 99, 1, 0, 45.05%, 0, 0, 8, 781.09, 2259793, 41
3407, 53, 53, 99, 1, 0, 45.05%, 0, 0, 8, 754.93, 2263599, 41
3412, 53, 1, 99, 1, 0, 45.05%, 0, 0, 8, 704.14, 2267157, 41
3417, 53, 18, 99, 1, 0, 45.05%, 0, 0, 8, 730.41, 2270866, 41
3423, 54, 35, 99, 1, 0, 45.05%, 0, 0, 8, 753.05, 2274780, 41
3428, 54, 1, 99, 1, 0, 45.05%, 0, 0, 8, 719.06, 2278514, 41
3433, 54, 1, 99, 1, 0, 45.05%, 0, 0, 8, 718.67, 2282137, 41
3438, 54, 38, 99, 1, 0, 45.05%, 0, 0, 8, 707.46, 2285734, 41
3443, 54, 1, 100, 2, 0, 45.05%, 0, 0, 8, 737.70, 2289350, 41
3448, 54, 1, 100, 2, 0, 45.05%, 0, 0, 8, 763.87, 2293184, 41
3453, 54, 53, 100, 2, 0, 45.05%, 0, 0, 8, 729.54, 2296878, 41
3458, 54, 1, 100, 2, 0, 45.05%, 0, 0, 8, 747.56, 2300741, 41
3463, 54, 38, 100, 2, 0, 45.05%, 0, 0, 8, 742.67, 2304435, 41
3468, 54, 19, 100, 2, 0, 45.05%, 0, 0, 8, 713.44, 2307962, 41
3474, 54, 35, 100, 2, 0, 45.05%, 0, 0, 8, 687.31, 2311397, 41
3479, 55, 1, 100, 2, 0, 45.05%, 0, 0, 8, 724.70, 2315127, 41
3484, 55, 18, 100, 2, 0, 45.05%, 0, 0, 8, 688.61, 2318512, 41
3489, 55, 53, 100, 2, 0, 45.05%, 0, 0, 8, 704.31, 2322130, 41
3494, 55, 53, 100, 2, 0, 45.05%, 0, 0, 8, 722.73, 2325772, 41
3499, 55, 35, 100, 2, 0, 45.05%, 0, 0, 8, 714.76, 2329298, 41
3504, 55, 38, 100, 2, 0, 45.05%, 0, 0, 8, 729.01, 2333020, 41
3509, 55, 1, 100, 2, 0, 45.05%, 0, 0, 8, 702.15, 2336657, 41
3514, 55, 1, 100, 2, 0, 45.05%, 0, 0, 8, 715.14, 2340251, 41
3519, 55, 1, 100, 2, 0, 45.05%, 0, 0, 8, 726.68, 2343994, 41
3524, 55, 1, 100, 2, 0, 45.05%, 0, 0, 8, 698.80, 2347349, 41
3529, 55, 1, 100, 2, 0, 45.05%, 0, 0, 8, 694.34, 2350906, 41
3534, 55, 35, 100, 2, 0, 45.05%, 0, 0, 8, 751.67, 2354740, 41
3540, 56, 35, 100, 2, 0, 45.05%, 0, 0, 8, 728.89, 2358450, 41
3545, 56, 18, 100, 2, 0, 45.05%, 0, 0, 8, 707.81, 2362017, 41
3550, 56, 35, 100, 2, 0, 45.05%, 0, 0, 8, 730.06, 2365700, 41
3555, 56, 38, 100, 2, 0, 45.05%, 0, 0, 8, 728.31, 2369324, 41
3560, 56, 38, 100, 2, 0, 45.05%, 0, 0, 8, 785.33, 2373264, 41
3565, 56, 18, 100, 2, 0, 45.05%, 0, 0, 8, 798.02, 2377438, 41
3570, 56, 1, 100, 2, 0, 45.05%, 0, 0, 8, 757.60, 2381132, 41
3575, 56, 19, 100, 2, 0, 45.05%, 0, 0, 8, 802.70, 2385180, 41
3580, 56, 38, 100, 2, 0, 45.05%, 0, 0, 8, 741.98, 2388787, 41
3585, 56, 35, 100, 2, 0, 45.05%, 0, 0, 8, 759.44, 2392617, 41
3590, 56, 38, 100, 2, 0, 45.05%, 0, 0, 8, 689.10, 2396008, 41
3595, 56, 99, 100, 2, 0, 45.05%, 0, 0, 8, 598.09, 2399228, 41
3601, 56, 99, 100, 2, 0, 45.05%, 0, 0, 8, 611.92, 2402098, 41
3606, 57, 19, 100, 1, 0, 45.05%, 0, 0, 8, 729.05, 2405918, 41
3611, 57, 35, 100, 1, 0, 45.05%, 0, 0, 8, 737.85, 2409601, 41
3616, 57, 38, 100, 1, 0, 45.05%, 0, 0, 8, 784.70, 2413595, 41
3621, 57, 53, 100, 1, 0, 45.05%, 0, 0, 8, 755.56, 2417372, 41
3626, 57, 35, 100, 1, 0, 45.05%, 0, 0, 8, 747.64, 2421182, 41
3631, 57, 53, 100, 1, 0, 45.05%, 0, 0, 8, 769.44, 2425002, 41
3636, 57, 1, 100, 1, 0, 45.05%, 0, 0, 8, 738.58, 2428735, 41
3641, 57, 1, 100, 1, 0, 45.05%, 0, 0, 8, 767.35, 2432701, 41
3646, 57, 1, 100, 1, 0, 45.05%, 0, 0, 8, 791.19, 2436884, 41
3651, 57, 19, 100, 1, 0, 45.05%, 0, 0, 8, 739.55, 2440523, 41
3656, 57, 1, 100, 1, 0, 45.05%, 0, 0, 8, 740.91, 2444328, 41
3661, 58, 19, 100, 1, 0, 45.05%, 0, 0, 8, 783.26, 2448246, 41
3666, 58, 1, 100, 1, 0, 45.05%, 0, 0, 8, 797.78, 2452333, 41
3671, 58, 6, 100, 1, 0, 45.05%, 0, 0, 8, 777.38, 2456202, 41
3676, 58, 38, 100, 1, 0, 45.05%, 0, 0, 8, 793.53, 2460168, 41
3682, 58, 66, 100, 1, 0, 45.05%, 0, 0, 8, 772.70, 2463928, 41
3687, 58, 1, 100, 1, 0, 45.05%, 0, 0, 8, 754.11, 2467611, 41
3692, 58, 18, 100, 1, 0, 45.05%, 0, 0, 8, 665.42, 2470841, 41
3697, 58, 1, 100, 1, 0, 45.05%, 0, 0, 8, 684.07, 2474335, 41
3702, 58, 38, 100, 1, 0, 45.05%, 0, 0, 8, 697.04, 2477946, 41
3707, 58, 53, 100, 1, 0, 45.05%, 0, 0, 8, 703.88, 2481487, 41
3712, 58, 35, 100, 1, 0, 45.05%, 0, 0, 8, 702.86, 2485087, 41
3717, 58, 1, 100, 1, 0, 45.05%, 0, 0, 8, 711.84, 2488733, 41
3722, 59, 53, 100, 1, 0, 45.05%, 0, 0, 8, 712.20, 2492347, 41
3727, 59, 53, 100, 1, 0, 45.05%, 0, 0, 8, 741.03, 2496068, 41
3732, 59, 1, 100, 1, 0, 45.05%, 0, 0, 8, 719.77, 2499636, 41
3737, 59, 38, 100, 1, 0, 45.05%, 0, 0, 8, 728.53, 2503306, 41
3742, 59, 1, 100, 1, 0, 45.05%, 0, 0, 8, 724.01, 2506954, 41
3747, 59, 38, 100, 1, 0, 45.05%, 0, 0, 8, 721.16, 2510636, 41
3753, 59, 18, 100, 1, 0, 45.05%, 0, 0, 8, 713.45, 2514301, 41
3758, 59, 1, 100, 1, 0, 45.05%, 0, 0, 8, 737.87, 2517938, 41
3763, 59, 53, 100, 1, 0, 45.05%, 0, 0, 8, 724.08, 2521604, 41
3768, 59, 1, 100, 1, 0, 45.05%, 0, 0, 8, 705.09, 2525256, 41
3773, 59, 35, 100, 1, 0, 45.05%, 0, 0, 8, 728.43, 2528896, 41
3778, 59, 18, 100, 1, 0, 45.05%, 0, 0, 8, 728.85, 2532604, 41
3783, 60, 1, 100, 1, 0, 45.05%, 0, 0, 8, 753.34, 2536436, 41
3788, 60, 1, 100, 1, 0, 45.05%, 0, 0, 8, 731.17, 2540038, 41
3793, 60, 1, 100, 1, 0, 45.05%, 0, 0, 8, 725.76, 2543646, 41
3798, 60, 18, 100, 1, 0, 45.05%, 0, 0, 8, 720.13, 2547230, 41
3803, 60, 1, 100, 1, 0, 45.05%, 0, 0, 8, 695.10, 2550605, 41
3808, 60, 53, 100, 1, 0, 45.05%, 0, 0, 8, 734.89, 2554354, 41
3813, 60, 38, 100, 1, 0, 45.05%, 0, 0, 8, 721.70, 2557882, 41
3818, 60, 38, 100, 1, 0, 45.05%, 0, 0, 8, 697.86, 2561409, 41
3823, 60, 35, 100, 1, 0, 45.05%, 0, 0, 8, 712.69, 2564988, 41
3828, 60, 1, 100, 1, 0, 45.05%, 0, 0, 8, 708.21, 2568513, 41
3833, 60, 38, 100, 1, 0, 45.05%, 0, 0, 8, 712.26, 2572122, 41
3839, 60, 35, 100, 1, 0, 45.05%, 0, 0, 8, 750.12, 2575886, 41
3844, 60, 1, 100, 1, 0, 45.05%, 0, 0, 8, 716.90, 2579511, 41
3849, 61, 1, 100, 1, 0, 45.05%, 0, 0, 8, 721.35, 2583220, 41
3854, 61, 1, 100, 1, 0, 45.05%, 0, 0, 8, 745.57, 2586968, 41
3859, 61, 38, 100, 1, 0, 45.05%, 0, 0, 8, 725.93, 2590678, 41
3864, 61, 1, 100, 1, 0, 45.05%, 0, 0, 8, 661.93, 2594060, 41
3869, 61, 35, 100, 1, 0, 45.05%, 0, 0, 8, 728.11, 2597897, 41
3875, 61, 1, 100, 1, 0, 45.05%, 0, 0, 8, 731.55, 2601644, 41
3880, 61, 35, 100, 1, 0, 45.05%, 0, 0, 8, 756.99, 2605521, 41
3885, 61, 1, 100, 1, 0, 45.05%, 0, 0, 8, 751.60, 2609371, 41
3890, 61, 1, 100, 1, 0, 45.05%, 0, 0, 8, 739.92, 2613161, 41
3895, 61, 53, 100, 1, 0, 45.05%, 0, 0, 8, 747.95, 2616911, 41
3900, 62, 35, 100, 1, 0, 45.05%, 0, 0, 8, 760.05, 2620675, 41
3905, 62, 19, 100, 1, 0, 45.05%, 0, 0, 8, 757.50, 2624592, 41
3910, 62, 1, 100, 1, 0, 45.05%, 0, 0, 8, 710.69, 2628037, 41
3915, 62, 53, 100, 1, 0, 45.05%, 0, 0, 8, 703.32, 2631606, 41
3920, 62, 53, 100, 1, 0, 45.05%, 0, 0, 8, 713.38, 2635228, 41
3926, 62, 53, 100, 1, 0, 45.05%, 0, 0, 8, 715.13, 2639002, 41
3931, 62, 38, 100, 1, 0, 45.05%, 0, 0, 8, 708.65, 2642612, 41
3936, 62, 19, 100, 1, 0, 45.05%, 0, 0, 8, 718.48, 2646277, 41
3941, 62, 1, 100, 1, 0, 45.05%, 0, 0, 8, 716.55, 2649887, 41
3946, 62, 1, 100, 1, 0, 45.05%, 0, 0, 8, 720.08, 2653537, 41
3951, 62, 1, 100, 1, 0, 45.05%, 0, 0, 8, 698.48, 2657078, 41
3956, 62, 53, 100, 1, 0, 45.05%, 0, 0, 8, 704.14, 2660652, 41
3961, 63, 53, 100, 1, 0, 45.05%, 0, 0, 8, 742.29, 2664603, 41
3966, 63, 53, 100, 1, 0, 45.05%, 0, 0, 8, 698.37, 2668099, 41
3971, 63, 1, 100, 1, 0, 45.05%, 0, 0, 8, 744.34, 2671833, 41
3976, 63, 38, 100, 1, 0, 45.05%, 0, 0, 8, 681.18, 2675298, 41
3982, 63, 18, 100, 1, 0, 45.05%, 0, 0, 8, 755.77, 2679307, 41
3987, 63, 1, 100, 1, 0, 45.05%, 0, 0, 8, 720.56, 2682859, 41
3992, 63, 53, 100, 1, 0, 45.05%, 0, 0, 8, 778.15, 2686808, 41
3997, 63, 1, 100, 1, 0, 45.05%, 0, 0, 8, 690.55, 2690168, 41
4002, 63, 38, 100, 1, 0, 45.05%, 0, 0, 8, 721.63, 2693876, 41
4007, 63, 35, 100, 1, 0, 45.05%, 0, 0, 8, 719.80, 2697584, 41
4012, 63, 38, 100, 1, 0, 45.05%, 0, 0, 8, 755.35, 2701367, 41
4017, 63, 1, 100, 1, 0, 45.05%, 0, 0, 8, 723.61, 2704988, 41
4022, 64, 1, 100, 1, 0, 45.05%, 0, 0, 8, 742.50, 2708879, 41
4027, 64, 1, 100, 1, 0, 45.05%, 0, 0, 8, 680.53, 2712374, 41
4032, 64, 1, 100, 1, 0, 45.05%, 0, 0, 8, 716.96, 2716096, 41
4038, 64, 38, 100, 1, 0, 45.05%, 0, 0, 8, 663.93, 2719506, 41
4043, 64, 1, 100, 1, 0, 45.05%, 0, 0, 8, 704.64, 2723216, 41
4048, 64, 1, 100, 1, 0, 45.05%, 0, 0, 8, 754.25, 2727191, 41
4053, 64, 19, 100, 1, 0, 45.05%, 0, 0, 8, 739.89, 2730928, 41
4058, 64, 19, 100, 1, 0, 45.05%, 0, 0, 8, 755.36, 2734722, 41
4063, 64, 18, 100, 1, 0, 45.05%, 0, 0, 8, 693.07, 2738302, 41
4068, 64, 18, 100, 1, 0, 45.05%, 0, 0, 8, 718.67, 2742026, 41
4073, 64, 38, 100, 1, 0, 45.05%, 0, 0, 8, 743.44, 2745821, 41
4078, 65, 1, 100, 1, 0, 45.05%, 0, 0, 8, 741.46, 2749413, 41
4084, 65, 19, 100, 1, 0, 45.05%, 0, 0, 8, 708.26, 2753037, 41
4089, 65, 1, 100, 1, 0, 45.05%, 0, 0, 8, 727.61, 2756716, 41
4094, 65, 35, 100, 1, 0, 45.05%, 0, 0, 8, 757.59, 2760526, 41
4099, 65, 1, 100, 1, 0, 45.05%, 0, 0, 8, 767.17, 2764346, 41
4104, 65, 35, 100, 1, 0, 45.05%, 0, 0, 8, 727.47, 2768057, 41
4109, 65, 18, 100, 1, 0, 45.05%, 0, 0, 8, 721.35, 2771738, 41
4114, 65, 35, 100, 1, 0, 45.05%, 0, 0, 8, 696.23, 2775336, 41
4119, 65, 18, 100, 1, 0, 45.05%, 0, 0, 8, 715.04, 2778928, 41
4124, 65, 1, 100, 1, 0, 45.05%, 0, 0, 8, 693.05, 2782391, 41
4129, 65, 1, 100, 1, 0, 45.05%, 0, 0, 8, 732.66, 2786091, 41
4134, 65, 1, 100, 1, 0, 45.05%, 0, 0, 8, 723.64, 2789743, 41
4139, 65, 53, 100, 1, 0, 45.05%, 0, 0, 8, 728.56, 2793454, 41
4144, 66, 38, 100, 1, 0, 45.05%, 0, 0, 8, 764.17, 2797170, 41
4150, 66, 35, 100, 1, 0, 45.05%, 0, 0, 8, 698.35, 2800729, 41
4155, 66, 1, 100, 1, 0, 45.05%, 0, 0, 8, 725.39, 2804450, 41
4160, 66, 1, 100, 1, 0, 45.05%, 0, 0, 8, 728.70, 2808131, 41
4165, 66, 38, 100, 1, 0, 45.05%, 0, 0, 8, 737.30, 2811870, 41
4170, 66, 97, 100, 1, 0, 45.05%, 0, 0, 8, 489.82, 2814429, 41
4175, 66, 97, 100, 1, 0, 45.05%, 0, 0, 8, 232.63, 2815197, 41
4180, 66, 1, 100, 0, 0, 45.05%, 0, 0, 8, 546.59, 2817820, 41
4185, 66, 53, 100, 0, 0, 45.05%, 0, 0, 8, 671.48, 2821362, 41
4190, 66, 1, 100, 0, 0, 45.05%, 0, 0, 8, 714.34, 2825064, 41
4195, 66, 19, 100, 0, 0, 45.05%, 0, 0, 8, 720.88, 2828633, 41
4201, 66, 53, 100, 0, 0, 45.05%, 0, 0, 8, 723.97, 2832402, 41
4206, 66, 38, 100, 0, 0, 45.05%, 0, 0, 8, 739.56, 2836110, 41
4211, 67, 35, 100, 0, 0, 45.05%, 0, 0, 8, 731.01, 2839803, 41
4216, 67, 1, 100, 0, 0, 45.05%, 0, 0, 8, 709.59, 2843467, 41
4221, 67, 53, 100, 0, 0, 45.05%, 0, 0, 8, 726.55, 2847174, 41
4226, 67, 35, 100, 0, 0, 45.05%, 0, 0, 8, 734.75, 2850888, 41
4231, 67, 1, 100, 0, 0, 45.05%, 0, 0, 8, 722.70, 2854401, 41
4236, 67, 22, 100, 0, 0, 45.05%, 0, 0, 8, 676.91, 2857842, 41
4241, 67, 1, 100, 0, 0, 45.05%, 0, 0, 8, 718.61, 2861596, 41
4246, 67, 38, 100, 0, 0, 45.05%, 0, 0, 8, 716.68, 2865275, 41
4251, 67, 1, 100, 0, 0, 45.05%, 0, 0, 8, 733.89, 2868914, 41
4256, 67, 1, 100, 0, 0, 45.05%, 0, 0, 8, 742.43, 2872636, 41
4261, 67, 53, 100, 0, 0, 45.05%, 0, 0, 8, 686.32, 2876033, 41
4267, 67, 53, 100, 0, 0, 45.05%, 0, 0, 8, 723.68, 2879727, 41
4272, 68, 1, 100, 0, 0, 45.05%, 0, 0, 8, 728.46, 2883632, 41
4277, 68, 74, 100, 0, 0, 45.05%, 0, 0, 8, 755.14, 2887587, 41
4282, 68, 1, 100, 0, 0, 45.05%, 0, 0, 8, 711.60, 2891139, 41
4287, 68, 1, 100, 0, 0, 45.05%, 0, 0, 8, 732.10, 2894860, 41
4292, 68, 1, 100, 0, 0, 45.05%, 0, 0, 8, 745.57, 2898540, 41
4297, 68, 1, 100, 0, 0, 45.05%, 0, 0, 8, 709.87, 2901981, 41
4302, 68, 53, 100, 0, 0, 45.05%, 0, 0, 8, 755.58, 2905814, 41
4307, 68, 1, 100, 0, 0, 45.05%, 0, 0, 8, 744.21, 2909522, 41
4312, 68, 1, 100, 0, 0, 45.05%, 0, 0, 8, 765.51, 2913361, 41
4317, 68, 1, 100, 0, 0, 45.05%, 0, 0, 8, 739.30, 2917064, 41
4322, 68, 38, 100, 0, 0, 45.05%, 0, 0, 8, 734.95, 2920744, 41
4327, 69, 35, 100, 0, 0, 45.05%, 0, 0, 8, 720.13, 2924481, 41
4333, 69, 1, 100, 0, 0, 45.05%, 0, 0, 8, 706.81, 2928104, 41
4338, 69, 19, 100, 0, 0, 45.05%, 0, 0, 8, 726.70, 2931783, 41
4343, 69, 53, 100, 0, 0, 45.05%, 0, 0, 8, 669.97, 2935238, 41
4348, 69, 53, 100, 0, 0, 45.05%, 0, 0, 8, 663.09, 2938737, 41
4353, 69, 1, 100, 0, 0, 45.05%, 0, 0, 8, 696.27, 2942254, 41
4358, 69, 38, 100, 0, 0, 45.05%, 0, 0, 8, 717.00, 2945942, 41
4363, 69, 1, 100, 0, 0, 45.05%, 0, 0, 8, 687.27, 2949496, 41
4368, 69, 1, 100, 0, 0, 45.05%, 0, 0, 8, 699.43, 2953194, 41
4373, 69, 1, 100, 0, 0, 45.05%, 0, 0, 8, 748.17, 2957086, 41
4378, 69, 38, 100, 0, 0, 45.05%, 0, 0, 8, 698.92, 2960614, 41
4384, 70, 1, 100, 0, 0, 45.05%, 0, 0, 8, 756.95, 2964572, 41
4389, 70, 53, 100, 0, 0, 45.05%, 0, 0, 8, 741.40, 2968337, 41
4394, 70, 1, 100, 0, 0, 45.05%, 0, 0, 8, 721.67, 2971976, 41
4399, 70, 1, 100, 0, 0, 45.05%, 0, 0, 8, 721.87, 2975543, 41
4404, 70, 18, 100, 0, 0, 45.05%, 0, 0, 8, 696.12, 2978984, 41
4409, 70, 53, 100, 0, 0, 45.05%, 0, 0, 8, 711.89, 2982648, 41
4414, 70, 1, 100, 0, 0, 45.05%, 0, 0, 8, 715.30, 2986328, 41
4419, 70, 18, 100, 0, 0, 45.05%, 0, 0, 8, 729.49, 2990179, 41
4424, 70, 1, 100, 0, 0, 45.05%, 0, 0, 8, 744.20, 2993955, 41
4429, 70, 1, 100, 0, 0, 45.05%, 0, 0, 8, 702.10, 2997447, 41
4434, 70, 18, 100, 0, 0, 45.05%, 0, 0, 8, 724.06, 3001076, 41
4440, 70, 53, 100, 0, 0, 45.05%, 0, 0, 8, 717.59, 3004727, 41
4445, 71, 18, 100, 0, 0, 45.05%, 0, 0, 8, 718.21, 3008337, 41
4450, 71, 1, 100, 0, 0, 45.05%, 0, 0, 8, 713.81, 3011895, 41
4455, 71, 1, 100, 0, 0, 45.05%, 0, 0, 8, 685.42, 3015214, 41
4460, 71, 38, 100, 0, 0, 45.05%, 0, 0, 8, 719.92, 3018908, 41
4465, 71, 19, 100, 0, 0, 45.05%, 0, 0, 8, 736.63, 3022645, 41
4470, 71, 1, 100, 0, 0, 45.05%, 0, 0, 8, 717.00, 3026170, 41
4475, 71, 1, 100, 0, 0, 45.05%, 0, 0, 8, 740.60, 3029991, 41
4480, 71, 53, 100, 0, 0, 45.05%, 0, 0, 8, 754.34, 3033801, 41
4485, 71, 53, 100, 0, 0, 45.05%, 0, 0, 8, 675.55, 3037178, 41
4490, 71, 18, 100, 0, 0, 45.05%, 0, 0, 8, 713.99, 3040894, 41
4495, 71, 19, 100, 0, 0, 45.05%, 0, 0, 8, 705.92, 3044318, 41
4501, 71, 1, 100, 0, 0, 45.05%, 0, 0, 8, 739.08, 3048081, 41
4506, 72, 1, 100, 0, 0, 45.05%, 0, 0, 8, 676.56, 3051353, 41
4511, 72, 1, 100, 0, 0, 45.05%, 0, 0, 8, 711.52, 3054960, 41
4516, 72, 1, 100, 0, 0, 45.05%, 0, 0, 8, 735.58, 3058641, 41
4521, 72, 1, 100, 0, 0, 45.05%, 0, 0, 8, 728.45, 3062279, 41
4526, 72, 19, 100, 0, 0, 45.05%, 0, 0, 8, 719.79, 3065975, 41
4531, 72, 1, 100, 0, 0, 45.05%, 0, 0, 8, 706.16, 3069544, 41
4536, 72, 1, 100, 0, 0, 45.05%, 0, 0, 8, 735.27, 3073308, 41
4541, 72, 18, 100, 0, 0, 45.05%, 0, 0, 8, 713.94, 3076876, 41
4546, 72, 35, 100, 0, 0, 45.05%, 0, 0, 8, 704.14, 3080398, 41
4551, 72, 38, 100, 0, 0, 45.05%, 0, 0, 8, 726.15, 3084135, 41
4556, 72, 1, 100, 0, 0, 45.05%, 0, 0, 8, 771.10, 3087977, 41
4561, 72, 1, 100, 0, 0, 45.05%, 0, 0, 8, 690.65, 3091525, 41
4566, 73, 1, 100, 0, 0, 45.05%, 0, 0, 8, 706.74, 3095162, 41
4572, 73, 38, 100, 0, 0, 45.05%, 0, 0, 8, 738.15, 3099025, 41
4577, 73, 1, 100, 0, 0, 45.05%, 0, 0, 8, 718.31, 3102611, 41
4582, 73, 53, 100, 0, 0, 45.05%, 0, 0, 8, 707.71, 3106264, 41
4587, 73, 1, 100, 0, 0, 45.05%, 0, 0, 8, 682.21, 3109697, 41
4592, 73, 35, 100, 0, 0, 45.05%, 0, 0, 8, 698.36, 3113236, 41
4597, 73, 19, 100, 0, 0, 45.05%, 0, 0, 8, 735.60, 3117011, 41
4602, 73, 1, 100, 0, 0, 45.05%, 0, 0, 8, 712.34, 3120704, 41
4607, 73, 1, 100, 0, 0, 45.05%, 0, 0, 8, 713.50, 3124398, 41
4612, 73, 1, 100, 0, 0, 45.05%, 0, 0, 8, 735.86, 3128078, 41
4618, 73, 38, 100, 0, 0, 45.05%, 0, 0, 8, 698.33, 3131562, 41
4623, 73, 35, 100, 0, 0, 45.05%, 0, 0, 8, 771.99, 3135569, 41
4628, 73, 38, 100, 0, 0, 45.05%, 0, 0, 8, 779.63, 3139532, 41
4633, 74, 35, 100, 0, 0, 45.05%, 0, 0, 8, 742.13, 3143267, 41
4638, 74, 38, 100, 0, 0, 45.05%, 0, 0, 8, 739.09, 3147087, 41
4643, 74, 1, 100, 0, 0, 45.05%, 0, 0, 8, 744.88, 3151005, 41
4649, 74, 1, 100, 0, 0, 45.05%, 0, 0, 8, 736.88, 3154664, 41
4654, 74, 1, 100, 0, 0, 45.05%, 0, 0, 8, 751.40, 3158385, 41
4659, 74, 1, 100, 0, 0, 45.05%, 0, 0, 8, 774.38, 3162339, 41
4664, 74, 38, 100, 0, 0, 45.05%, 0, 0, 8, 717.11, 3165973, 41
4669, 74, 38, 100, 0, 0, 45.05%, 0, 0, 8, 741.79, 3169779, 41
4674, 74, 38, 100, 0, 0, 45.05%, 0, 0, 8, 708.80, 3173431, 41
4679, 74, 1, 100, 0, 0, 45.05%, 0, 0, 8, 704.55, 3177041, 41
4684, 74, 1, 100, 0, 0, 45.05%, 0, 0, 8, 701.53, 3180562, 41
4689, 75, 53, 100, 0, 0, 45.05%, 0, 0, 8, 678.32, 3183866, 41
4694, 75, 38, 100, 0, 0, 45.05%, 0, 0, 8, 676.95, 3187433, 41
4699, 75, 38, 100, 0, 0, 45.05%, 0, 0, 8, 734.36, 3191285, 41
4704, 75, 1, 100, 0, 0, 45.05%, 0, 0, 8, 705.35, 3194864, 41
4709, 75, 67, 100, 0, 0, 45.05%, 0, 0, 8, 700.38, 3198418, 41
4714, 75, 87, 100, 0, 0, 45.05%, 0, 0, 8, 708.04, 3202007, 41
4720, 75, 1, 100, 0, 0, 45.05%, 0, 0, 8, 692.78, 3205513, 41
4725, 75, 1, 100, 0, 0, 45.05%, 0, 0, 8, 675.21, 3209053, 41
4730, 75, 1, 100, 0, 0, 45.05%, 0, 0, 8, 732.95, 3212941, 41
4735, 75, 64, 100, 0, 0, 45.05%, 0, 0, 8, 734.73, 3216673, 41
4740, 75, 38, 100, 0, 0, 45.05%, 0, 0, 8, 733.34, 3220349, 41
4742, 75, 18, 100, 0, 0, 45.05%, 1, 0, 8, 0.00, 3221778, 41
