# relative_time, cycles_done, cur_item, corpus_count, pending_total, pending_favs, map_size, saved_crashes, saved_hangs, max_depth, execs_per_sec, total_execs, edges_found
73, 0, 1, 10, 8, 0, 29.03%, 0, 0, 3, 0.04, 1724, 18
78, 0, 1, 10, 8, 0, 29.03%, 0, 0, 3, 197.48, 1774, 18
90, 0, 1, 11, 9, 0, 29.03%, 0, 0, 3, 3.49, 3059, 18
122, 0, 1, 11, 9, 0, 29.03%, 0, 0, 3, 0.12, 3063, 18
127, 0, 1, 11, 9, 0, 29.03%, 0, 0, 3, 373.85, 3842, 18
171, 0, 1, 11, 9, 0, 29.03%, 0, 0, 3, 17.58, 5024, 18
171, 0, 1, 11, 9, 0, 29.03%, 0, 0, 3, 0.03, 5025, 18
176, 0, 1, 11, 9, 0, 29.03%, 0, 0, 3, 0.18, 5026, 18
181, 0, 1, 12, 10, 0, 30.65%, 0, 0, 3, 348.97, 6831, 19
215, 0, 1, 12, 10, 0, 30.65%, 0, 0, 3, 2.30, 7062, 19
222, 0, 1, 12, 10, 0, 30.65%, 0, 0, 3, 0.14, 7063, 19
264, 0, 1, 12, 10, 0, 30.65%, 0, 0, 3, 0.72, 8021, 19
269, 0, 1, 13, 11, 0, 30.65%, 0, 0, 3, 409.64, 10118, 19
306, 0, 1, 13, 11, 0, 30.65%, 0, 0, 3, 0.08, 10217, 19
346, 0, 1, 15, 13, 0, 30.65%, 0, 0, 3, 1.18, 11626, 19
351, 0, 16, 18, 13, 0, 32.26%, 0, 0, 5, 377.70, 13482, 20
384, 0, 16, 18, 13, 0, 32.26%, 0, 0, 5, 2.16, 13804, 20
420, 0, 16, 19, 14, 0, 32.26%, 0, 0, 5, 0.43, 14795, 20
455, 0, 0, 20, 15, 0, 32.26%, 0, 0, 5, 2.57, 16749, 20
463, 0, 0, 20, 15, 0, 32.26%, 0, 0, 5, 12.25, 17343, 20
487, 0, 0, 20, 15, 0, 32.26%, 0, 0, 5, 0.42, 17353, 20
492, 0, 0, 20, 15, 0, 32.26%, 0, 0, 5, 379.97, 19254, 20
522, 0, 0, 20, 15, 0, 32.26%, 0, 0, 5, 2.11, 19573, 20
527, 0, 11, 20, 15, 0, 32.26%, 0, 0, 5, 374.00, 21514, 20
557, 0, 11, 20, 15, 0, 32.26%, 0, 0, 5, 2.59, 21814, 20
592, 0, 11, 20, 15, 0, 32.26%, 0, 0, 5, 1.50, 22759, 20
597, 0, 0, 21, 16, 0, 32.26%, 0, 0, 5, 370.25, 24652, 20
626, 0, 0, 21, 16, 0, 32.26%, 0, 0, 5, 2.48, 24981, 20
656, 0, 0, 21, 16, 0, 32.26%, 0, 0, 5, 2.07, 26574, 20
665, 1, 0, 23, 18, 0, 32.26%, 0, 0, 5, 1.49, 27898, 20
680, 1, 0, 23, 18, 0, 32.26%, 0, 0, 5, 1.43, 27907, 20
689, 1, 16, 23, 18, 0, 32.26%, 0, 0, 5, 12.38, 29527, 20
713, 1, 16, 23, 18, 0, 32.26%, 0, 0, 5, 0.21, 29529, 20
718, 1, 0, 23, 18, 0, 32.26%, 0, 0, 5, 405.56, 31616, 20
740, 1, 0, 23, 18, 0, 32.26%, 0, 0, 5, 0.97, 31797, 20
746, 1, 0, 23, 18, 0, 32.26%, 0, 0, 5, 0.48, 32802, 20
762, 1, 0, 23, 18, 0, 32.26%, 0, 0, 5, 0.50, 32811, 20
788, 1, 20, 24, 19, 0, 32.26%, 0, 0, 5, 0.32, 34653, 20
793, 1, 0, 25, 19, 0, 32.26%, 0, 0, 5, 430.34, 36813, 20
817, 1, 11, 25, 19, 0, 32.26%, 0, 0, 5, 3.96, 37000, 20
837, 1, 0, 25, 19, 0, 32.26%, 0, 0, 5, 1.06, 38490, 20
842, 1, 0, 29, 22, 0, 33.87%, 0, 0, 5, 477.02, 40947, 21
864, 1, 0, 29, 22, 0, 33.87%, 0, 0, 5, 2.94, 41109, 21
892, 1, 26, 29, 22, 0, 33.87%, 0, 0, 5, 2.09, 43576, 21
898, 1, 26, 32, 25, 0, 35.48%, 0, 0, 5, 460.03, 45921, 22
916, 1, 0, 32, 24, 0, 35.48%, 0, 0, 5, 5.11, 46312, 22
933, 1, 29, 34, 26, 0, 35.48%, 0, 0, 6, 7.45, 47901, 22
946, 1, 29, 34, 26, 0, 35.48%, 0, 0, 6, 5.65, 49449, 22
954, 1, 29, 34, 26, 0, 35.48%, 0, 0, 6, 5.42, 49467, 22
959, 1, 29, 34, 26, 0, 35.48%, 0, 0, 6, 463.23, 51852, 22
969, 1, 29, 34, 26, 0, 35.48%, 0, 0, 6, 4.78, 52297, 22
974, 1, 29, 34, 26, 0, 35.48%, 0, 0, 6, 458.82, 54569, 22
991, 1, 0, 34, 26, 0, 35.48%, 0, 0, 6, 3.88, 54948, 22
1006, 1, 32, 35, 27, 0, 35.48%, 0, 0, 7, 2.39, 56848, 22
1027, 1, 34, 36, 27, 0, 35.48%, 0, 0, 8, 5.31, 59014, 22
1040, 1, 0, 36, 26, 0, 35.48%, 0, 0, 8, 2.99, 61315, 22
1046, 2, 25, 39, 29, 0, 35.48%, 0, 0, 8, 474.32, 63732, 22
1051, 2, 25, 39, 29, 0, 35.48%, 0, 0, 8, 3.91, 63957, 22
1064, 2, 25, 39, 29, 0, 35.48%, 0, 0, 8, 0.07, 63958, 22
1069, 2, 25, 42, 32, 0, 40.32%, 0, 0, 8, 471.90, 66444, 25
1078, 2, 25, 42, 32, 0, 40.32%, 0, 0, 8, 1.08, 66777, 25
1097, 2, 25, 42, 32, 0, 40.32%, 0, 0, 8, 5.90, 68172, 25
1102, 2, 25, 44, 34, 0, 40.32%, 0, 0, 8, 581.17, 71162, 25
1115, 2, 25, 45, 35, 0, 40.32%, 0, 0, 8, 3.77, 71763, 25
1120, 2, 45, 51, 39, 1, 41.94%, 0, 0, 8, 590.98, 74858, 26
1130, 2, 45, 51, 39, 1, 41.94%, 0, 0, 8, 3.57, 75144, 26
1147, 2, 45, 52, 40, 1, 43.55%, 0, 0, 8, 7.42, 77530, 27
1152, 2, 45, 53, 41, 1, 43.55%, 0, 0, 8, 582.92, 80438, 27
1157, 2, 45, 54, 42, 1, 43.55%, 0, 0, 8, 646.06, 81840, 27
1159, 2, 45, 54, 42, 1, 43.55%, 1, 0, 8, 0.00, 83107, 27
