# relative_time, cycles_done, cur_item, corpus_count, pending_total, pending_favs, map_size, saved_crashes, saved_hangs, max_depth, execs_per_sec, total_execs, edges_found
67, 0, 0, 21, 21, 1, 43.01%, 0, 0, 2, 0.04, 970, 40
72, 0, 0, 22, 22, 1, 43.01%, 0, 0, 2, 320.00, 1038, 40
116, 0, 0, 24, 24, 1, 43.01%, 0, 0, 2, 1.04, 2564, 40
121, 0, 0, 25, 25, 1, 44.09%, 0, 0, 2, 535.84, 3683, 41
164, 0, 0, 25, 25, 1, 44.09%, 0, 0, 2, 2.77, 5393, 41
169, 0, 0, 25, 25, 1, 44.09%, 0, 0, 2, 0.54, 5396, 41
175, 0, 0, 26, 26, 1, 45.16%, 0, 0, 2, 497.82, 7974, 42
216, 0, 0, 26, 26, 1, 45.16%, 0, 0, 2, 0.49, 8330, 42
257, 0, 0, 26, 26, 1, 45.16%, 0, 0, 2, 0.08, 9703, 42
262, 0, 0, 28, 28, 1, 45.16%, 0, 0, 2, 537.20, 12444, 42
300, 0, 0, 28, 28, 1, 45.16%, 0, 0, 2, 0.16, 12590, 42
340, 0, 0, 28, 28, 1, 45.16%, 0, 0, 2, 0.82, 14454, 42
345, 0, 0, 29, 29, 1, 46.24%, 0, 0, 2, 501.15, 16995, 43
378, 0, 0, 29, 29, 1, 46.24%, 0, 0, 2, 0.93, 17361, 43
413, 0, 0, 29, 29, 1, 46.24%, 0, 0, 2, 1.21, 18671, 43
449, 0, 0, 29, 29, 1, 46.24%, 0, 0, 2, 1.63, 21261, 43
480, 0, 0, 29, 29, 1, 46.24%, 0, 0, 2, 3.96, 22041, 43
485, 0, 0, 29, 29, 1, 46.24%, 0, 0, 2, 502.28, 24555, 43
516, 0, 0, 29, 29, 1, 46.24%, 0, 0, 2, 2.68, 24971, 43
521, 0, 0, 30, 30, 1, 47.31%, 0, 0, 2, 493.77, 27588, 44
551, 0, 0, 30, 30, 1, 47.31%, 0, 0, 2, 0.92, 27937, 44
585, 0, 0, 30, 30, 1, 47.31%, 0, 0, 2, 1.87, 29178, 44
590, 0, 26, 40, 36, 6, 47.31%, 0, 0, 3, 493.46, 31760, 44
619, 0, 26, 40, 36, 6, 47.31%, 0, 0, 3, 0.36, 32123, 44
650, 0, 26, 41, 37, 6, 47.31%, 0, 0, 3, 2.95, 34220, 44
658, 0, 26, 42, 38, 6, 47.31%, 0, 0, 3, 9.19, 35967, 44
674, 0, 26, 42, 38, 6, 47.31%, 0, 0, 3, 0.65, 35977, 44
706, 0, 26, 43, 39, 6, 47.31%, 0, 0, 3, 0.35, 38124, 44
711, 0, 26, 43, 39, 6, 47.31%, 0, 0, 3, 529.48, 40894, 44
733, 0, 26, 43, 39, 6, 47.31%, 0, 0, 3, 0.88, 41123, 44
741, 0, 26, 43, 39, 6, 47.31%, 0, 0, 3, 17.80, 42462, 44
755, 0, 26, 43, 39, 6, 47.31%, 0, 0, 3, 0.65, 42471, 44
782, 0, 28, 43, 37, 7, 47.31%, 0, 0, 3, 5.46, 44966, 44
787, 0, 30, 48, 38, 4, 47.31%, 0, 0, 4, 570.14, 47894, 44
810, 0, 30, 48, 38, 4, 47.31%, 0, 0, 4, 2.36, 48074, 44
830, 0, 29, 52, 39, 3, 47.31%, 0, 0, 4, 7.35, 49991, 44
835, 0, 50, 56, 38, 1, 47.31%, 0, 0, 4, 625.77, 53079, 44
857, 0, 50, 56, 38, 1, 47.31%, 0, 0, 4, 4.02, 53423, 44
886, 0, 56, 59, 39, 0, 47.31%, 0, 0, 5, 4.06, 56538, 44
891, 0, 56, 59, 39, 0, 47.31%, 0, 0, 5, 615.42, 59590, 44
909, 0, 56, 59, 39, 0, 47.31%, 0, 0, 5, 4.13, 60178, 44
927, 0, 56, 59, 39, 0, 47.31%, 0, 0, 5, 1.68, 62282, 44
940, 0, 56, 59, 39, 0, 47.31%, 0, 0, 5, 4.63, 64278, 44
947, 0, 56, 59, 39, 0, 47.31%, 0, 0, 5, 4.66, 64300, 44
952, 0, 60, 62, 41, 0, 47.31%, 0, 0, 5, 590.59, 67244, 44
957, 0, 60, 62, 41, 0, 47.31%, 0, 0, 5, 0.33, 67927, 44
962, 0, 60, 62, 41, 0, 47.31%, 0, 0, 5, 0.32, 67928, 44
968, 0, 60, 63, 42, 0, 47.31%, 0, 0, 5, 584.47, 70845, 44
984, 0, 60, 63, 42, 0, 47.31%, 0, 0, 5, 5.82, 71306, 44
1000, 0, 62, 66, 44, 0, 47.31%, 0, 0, 6, 11.49, 73720, 44
1020, 0, 62, 66, 44, 0, 47.31%, 0, 0, 6, 4.57, 76456, 44
1034, 0, 62, 66, 44, 0, 47.31%, 0, 0, 6, 5.31, 79408, 44
1039, 0, 62, 66, 44, 0, 47.31%, 0, 0, 6, 599.64, 82493, 44
1044, 0, 62, 66, 44, 0, 47.31%, 0, 0, 6, 10.38, 82805, 44
1058, 0, 62, 66, 44, 0, 47.31%, 0, 0, 6, 0.07, 82806, 44
1063, 0, 62, 66, 44, 0, 47.31%, 0, 0, 6, 608.28, 85945, 44
1072, 0, 65, 66, 43, 1, 47.31%, 0, 0, 6, 14.69, 86336, 44
1090, 0, 45, 66, 42, 0, 47.31%, 0, 0, 6, 5.75, 87961, 44
1096, 0, 56, 66, 42, 0, 47.31%, 0, 0, 6, 645.26, 91241, 44
1108, 0, 63, 66, 42, 0, 47.31%, 0, 0, 6, 1.04, 91964, 44
1113, 0, 66, 68, 43, 0, 47.31%, 0, 0, 8, 633.72, 95210, 44
1123, 0, 66, 68, 43, 0, 47.31%, 0, 0, 8, 8.54, 95566, 44
1140, 0, 63, 69, 44, 0, 47.31%, 0, 0, 8, 10.17, 98113, 44
1145, 0, 63, 69, 44, 0, 47.31%, 0, 0, 8, 622.54, 101202, 44
1150, 0, 63, 69, 44, 0, 47.31%, 0, 0, 8, 681.80, 102730, 44
1164, 0, 36, 70, 45, 0, 47.31%, 0, 0, 8, 4.60, 104458, 44
1169, 0, 52, 70, 45, 0, 47.31%, 0, 0, 8, 646.18, 107648, 44
1174, 0, 28, 70, 45, 0, 47.31%, 0, 0, 8, 635.41, 109715, 44
1183, 0, 28, 70, 45, 0, 47.31%, 0, 0, 8, 14.80, 110407, 44
1188, 0, 45, 70, 45, 0, 47.31%, 0, 0, 8, 693.08, 114019, 44
1198, 0, 45, 70, 45, 0, 47.31%, 0, 0, 8, 7.44, 115311, 44
1203, 0, 63, 70, 45, 0, 47.31%, 0, 0, 8, 689.09, 118888, 44
1212, 0, 28, 70, 45, 0, 47.31%, 0, 0, 8, 16.00, 120066, 44
1218, 0, 28, 70, 45, 0, 47.31%, 0, 0, 8, 673.80, 123543, 44
1223, 0, 28, 70, 45, 0, 47.31%, 0, 0, 8, 10.81, 124620, 44
1232, 0, 63, 70, 45, 0, 47.31%, 0, 0, 8, 21.69, 127108, 44
1237, 0, 66, 70, 45, 0, 47.31%, 0, 0, 8, 683.42, 130608, 44
1242, 0, 36, 70, 45, 0, 47.31%, 0, 0, 8, 661.62, 132687, 44
1248, 0, 45, 70, 45, 0, 47.31%, 0, 0, 8, 22.35, 133426, 44
1253, 0, 65, 70, 45, 0, 47.31%, 0, 0, 8, 700.51, 136983, 44
1264, 0, 61, 70, 45, 0, 47.31%, 0, 0, 8, 2.40, 140275, 44
1269, 1, 52, 72, 46, 0, 47.31%, 0, 0, 8, 661.34, 143829, 44
1278, 1, 52, 75, 49, 0, 48.39%, 0, 0, 8, 23.78, 146723, 45
1283, 1, 52, 75, 49, 0, 48.39%, 0, 0, 8, 707.62, 150339, 45
1285, 1, 52, 75, 49, 0, 48.39%, 1, 0, 8, 0.00, 150872, 45
