# relative_time, cycles_done, cur_item, corpus_count, pending_total, pending_favs, map_size, saved_crashes, saved_hangs, max_depth, execs_per_sec, total_execs, edges_found
73, 0, 0, 7, 6, 0, 27.00%, 0, 0, 2, 0.04, 1598, 27
78, 0, 0, 7, 6, 0, 27.00%, 0, 0, 2, 395.00, 1678, 27
122, 0, 0, 9, 8, 0, 27.00%, 0, 0, 2, 1.72, 2961, 27
127, 0, 2, 9, 7, 1, 27.00%, 0, 0, 2, 458.78, 3939, 27
175, 0, 9, 12, 9, 0, 28.00%, 0, 0, 4, 1.06, 5356, 28
180, 0, 14, 17, 13, 0, 29.00%, 0, 0, 5, 417.76, 7499, 29
222, 0, 14, 17, 13, 0, 29.00%, 0, 0, 5, 0.79, 7819, 29
263, 0, 14, 17, 13, 0, 29.00%, 0, 0, 5, 0.03, 8968, 29
268, 0, 14, 19, 14, 0, 30.00%, 0, 0, 5, 454.17, 11247, 30
306, 0, 14, 19, 14, 0, 30.00%, 0, 0, 5, 0.19, 11417, 30
346, 0, 17, 20, 14, 0, 31.00%, 0, 0, 5, 2.54, 12990, 31
351, 1, 17, 20, 14, 0, 31.00%, 0, 0, 5, 420.33, 15086, 31
384, 1, 19, 20, 14, 0, 31.00%, 0, 0, 5, 2.22, 15438, 31
419, 1, 19, 20, 14, 0, 31.00%, 0, 0, 5, 0.24, 16542, 31
455, 1, 19, 20, 14, 0, 31.00%, 0, 0, 5, 3.38, 18770, 31
462, 1, 19, 20, 14, 0, 31.00%, 0, 0, 5, 15.32, 19508, 31
486, 1, 19, 20, 14, 0, 31.00%, 0, 0, 5, 0.51, 19520, 31
491, 1, 9, 20, 14, 0, 31.00%, 0, 0, 5, 465.48, 21866, 31
522, 1, 19, 20, 14, 0, 31.00%, 0, 0, 5, 1.81, 22249, 31
527, 1, 9, 21, 15, 0, 31.00%, 0, 0, 5, 463.83, 24657, 31
557, 1, 9, 21, 15, 0, 31.00%, 0, 0, 5, 2.42, 25012, 31
591, 1, 14, 21, 14, 0, 31.00%, 0, 0, 5, 1.90, 26174, 31
596, 2, 22, 24, 16, 0, 34.00%, 0, 0, 5, 462.04, 28593, 34
625, 2, 22, 25, 17, 0, 34.00%, 0, 0, 6, 3.75, 28915, 34
656, 2, 22, 28, 20, 0, 34.00%, 0, 0, 6, 2.00, 30862, 34
664, 2, 22, 30, 22, 0, 34.00%, 0, 0, 6, 18.03, 32493, 34
680, 2, 22, 30, 22, 0, 34.00%, 0, 0, 6, 0.39, 32499, 34
712, 2, 22, 30, 22, 0, 34.00%, 0, 0, 6, 10.66, 34492, 34
712, 2, 22, 30, 22, 0, 34.00%, 0, 0, 6, 0.04, 34493, 34
717, 2, 22, 38, 30, 0, 34.00%, 0, 0, 6, 497.81, 36997, 34
739, 2, 22, 39, 31, 0, 34.00%, 0, 0, 6, 2.48, 37216, 34
746, 2, 39, 41, 33, 1, 35.00%, 0, 0, 6, 15.73, 38380, 35
761, 2, 39, 41, 33, 1, 35.00%, 0, 0, 6, 1.28, 38390, 35
788, 2, 39, 49, 40, 0, 36.00%, 0, 0, 7, 4.51, 40683, 36
793, 2, 39, 49, 40, 0, 36.00%, 0, 0, 7, 516.23, 43242, 36
816, 2, 39, 49, 40, 0, 36.00%, 0, 0, 7, 0.88, 43502, 36
836, 2, 39, 49, 40, 0, 36.00%, 0, 0, 7, 5.77, 45281, 36
841, 2, 48, 54, 44, 0, 37.00%, 0, 0, 8, 568.60, 48152, 37
863, 2, 48, 54, 44, 0, 37.00%, 0, 0, 8, 2.06, 48438, 37
892, 2, 48, 57, 47, 0, 40.00%, 0, 0, 8, 4.77, 51236, 40
897, 2, 54, 62, 51, 3, 41.00%, 0, 0, 9, 588.68, 54034, 41
915, 2, 54, 62, 51, 3, 41.00%, 0, 0, 9, 0.63, 54650, 41
933, 2, 54, 66, 55, 3, 42.00%, 0, 0, 9, 0.84, 56673, 42
941, 2, 57, 67, 54, 3, 42.00%, 0, 0, 9, 7.04, 58482, 42
946, 2, 57, 67, 54, 3, 42.00%, 0, 0, 9, 10.68, 58489, 42
953, 2, 57, 67, 54, 3, 42.00%, 0, 0, 9, 10.14, 58504, 42
958, 2, 57, 69, 56, 3, 42.00%, 0, 0, 9, 505.72, 61009, 42
969, 2, 55, 71, 57, 2, 42.00%, 0, 0, 9, 4.26, 61652, 42
974, 2, 55, 74, 60, 2, 42.00%, 0, 0, 9, 552.40, 64490, 42
990, 2, 64, 74, 59, 1, 42.00%, 0, 0, 9, 5.70, 64808, 42
1006, 2, 61, 78, 62, 0, 42.00%, 0, 0, 10, 0.97, 67008, 42
1017, 2, 61, 79, 63, 0, 42.00%, 0, 0, 10, 7.87, 69435, 42
1026, 2, 61, 79, 63, 0, 42.00%, 0, 0, 10, 7.51, 69453, 42
1040, 2, 64, 79, 63, 0, 42.00%, 0, 0, 10, 1.11, 72087, 42
1045, 2, 17, 80, 64, 0, 42.00%, 0, 0, 10, 566.98, 75021, 42
1050, 2, 47, 80, 64, 0, 42.00%, 0, 0, 10, 4.80, 75293, 42
1064, 2, 47, 80, 64, 0, 42.00%, 0, 0, 10, 0.07, 75294, 42
1069, 2, 40, 81, 63, 0, 42.00%, 0, 0, 10, 573.53, 78272, 42
1078, 2, 40, 81, 63, 0, 42.00%, 0, 0, 10, 0.15, 78570, 42
1096, 2, 81, 82, 62, 0, 43.00%, 0, 0, 10, 6.89, 79975, 43
1102, 2, 81, 85, 65, 0, 43.00%, 0, 0, 10, 686.72, 83510, 43
1114, 2, 81, 86, 66, 0, 43.00%, 0, 0, 10, 8.60, 84253, 43
1119, 2, 83, 88, 67, 0, 44.00%, 0, 0, 10, 681.73, 87637, 44
1129, 2, 83, 88, 67, 0, 44.00%, 0, 0, 10, 15.16, 88079, 44
1146, 2, 83, 89, 68, 0, 44.00%, 0, 0, 10, 7.58, 90843, 44
1151, 2, 73, 90, 68, 0, 44.00%, 0, 0, 10, 659.57, 94223, 44
1156, 2, 73, 91, 69, 0, 44.00%, 0, 0, 10, 609.79, 95672, 44
1170, 2, 86, 94, 71, 0, 44.00%, 0, 0, 10, 6.88, 97402, 44
1175, 2, 86, 94, 71, 0, 44.00%, 0, 0, 10, 726.34, 101149, 44
1180, 2, 86, 95, 72, 0, 44.00%, 0, 0, 10, 658.36, 103230, 44
1189, 2, 86, 96, 73, 0, 44.00%, 0, 0, 10, 15.60, 103737, 44
1194, 2, 86, 97, 73, 0, 44.00%, 0, 0, 10, 635.63, 107153, 44
1204, 2, 76, 98, 74, 0, 44.00%, 0, 0, 11, 6.47, 108490, 44
1209, 2, 90, 98, 72, 0, 44.00%, 0, 0, 11, 586.22, 111339, 44
1218, 2, 90, 98, 72, 0, 44.00%, 0, 0, 11, 3.06, 112351, 44
1224, 2, 86, 98, 71, 0, 44.00%, 0, 0, 11, 645.76, 115753, 44
1229, 2, 61, 98, 71, 0, 44.00%, 0, 0, 11, 1.55, 116818, 44
1238, 2, 60, 98, 70, 0, 44.00%, 0, 0, 11, 17.34, 119332, 44
1243, 2, 67, 98, 69, 0, 44.00%, 0, 0, 11, 675.58, 122871, 44
1248, 2, 67, 98, 69, 0, 44.00%, 0, 0, 11, 534.80, 124457, 44
1253, 2, 67, 98, 69, 0, 44.00%, 0, 0, 11, 16.03, 124931, 44
1258, 2, 86, 99, 68, 0, 44.00%, 0, 0, 11, 695.64, 127568, 44
1263, 3, 71, 100, 69, 0, 44.00%, 0, 0, 11, 699.22, 131111, 44
1270, 3, 64, 100, 68, 0, 44.00%, 0, 0, 11, 19.64, 131717, 44
1275, 3, 2, 100, 66, 0, 44.00%, 0, 0, 11, 703.61, 135258, 44
1284, 3, 86, 101, 66, 0, 44.00%, 0, 0, 11, 23.06, 137897, 44
1289, 3, 61, 101, 65, 0, 44.00%, 0, 0, 11, 604.58, 140745, 44
1294, 3, 64, 102, 65, 0, 44.00%, 0, 0, 11, 677.37, 144370, 44
1300, 3, 57, 102, 65, 0, 44.00%, 0, 0, 11, 9.36, 145121, 44
1305, 3, 17, 104, 66, 0, 44.00%, 0, 0, 12, 622.08, 148073, 44
1310, 3, 86, 105, 66, 0, 44.00%, 0, 0, 12, 676.01, 151612, 44
1315, 3, 56, 105, 66, 0, 44.00%, 0, 0, 12, 556.80, 154491, 44
1320, 3, 86, 105, 64, 0, 44.00%, 0, 0, 12, 658.43, 157750, 44
1325, 3, 55, 105, 64, 0, 44.00%, 0, 0, 12, 662.91, 161199, 44
1330, 3, 86, 105, 63, 0, 44.00%, 0, 0, 12, 681.42, 164623, 44
1338, 3, 57, 105, 63, 0, 44.00%, 0, 0, 12, 44.45, 167876, 44
1343, 3, 37, 105, 63, 0, 44.00%, 0, 0, 12, 584.29, 171235, 44
1348, 4, 86, 105, 62, 0, 44.00%, 0, 0, 12, 741.65, 174830, 44
1353, 4, 64, 105, 61, 0, 44.00%, 0, 0, 12, 685.00, 178256, 44
1358, 4, 57, 105, 60, 0, 44.00%, 0, 0, 12, 694.21, 181851, 44
1364, 4, 65, 105, 59, 0, 44.00%, 0, 0, 12, 683.80, 185379, 44
1369, 4, 64, 106, 58, 0, 44.00%, 0, 0, 12, 680.57, 188945, 44
1374, 4, 58, 106, 57, 0, 44.00%, 0, 0, 12, 706.17, 192471, 44
1379, 4, 106, 108, 57, 0, 49.00%, 0, 0, 12, 741.51, 196301, 49
1384, 4, 106, 108, 57, 0, 49.00%, 0, 0, 12, 761.09, 200192, 49
1389, 4, 106, 109, 58, 0, 49.00%, 0, 0, 12, 635.79, 203218, 49
1394, 4, 57, 109, 57, 0, 49.00%, 0, 0, 12, 698.07, 206738, 49
1399, 4, 106, 109, 57, 0, 49.00%, 0, 0, 12, 685.05, 210233, 49
1404, 4, 107, 110, 58, 0, 49.00%, 0, 0, 12, 670.23, 213663, 49
1409, 4, 107, 110, 58, 0, 49.00%, 0, 0, 12, 682.31, 217126, 49
1414, 4, 106, 110, 58, 0, 49.00%, 0, 0, 12, 446.87, 219869, 49
1419, 4, 61, 110, 58, 0, 49.00%, 0, 0, 12, 665.95, 223552, 49
1425, 4, 86, 110, 57, 0, 49.00%, 0, 0, 12, 668.26, 226853, 49
1430, 4, 92, 111, 58, 0, 49.00%, 0, 0, 12, 678.18, 230289, 49
1435, 4, 86, 111, 57, 0, 49.00%, 0, 0, 12, 661.69, 233421, 49
1440, 4, 61, 111, 57, 0, 49.00%, 0, 0, 12, 713.21, 237042, 49
1445, 4, 107, 111, 56, 0, 49.00%, 0, 0, 12, 646.34, 240176, 49
1450, 5, 107, 112, 57, 0, 49.00%, 0, 0, 12, 684.48, 243611, 49
1455, 5, 107, 112, 57, 0, 49.00%, 0, 0, 12, 649.41, 246946, 49
1460, 5, 107, 112, 57, 0, 49.00%, 0, 0, 12, 686.71, 250427, 49
1465, 5, 107, 112, 57, 0, 49.00%, 0, 0, 12, 695.40, 253932, 49
1470, 5, 86, 112, 57, 0, 49.00%, 0, 0, 12, 706.49, 257482, 49
1475, 5, 107, 112, 56, 0, 49.00%, 0, 0, 12, 708.03, 260965, 49
1480, 5, 107, 113, 57, 0, 49.00%, 0, 0, 12, 688.87, 264523, 49
1485, 5, 112, 113, 57, 0, 49.00%, 0, 0, 12, 663.73, 267813, 49
1490, 5, 107, 113, 56, 0, 49.00%, 0, 0, 12, 659.59, 271136, 49
1495, 5, 106, 113, 56, 0, 49.00%, 0, 0, 12, 675.03, 274610, 49
1500, 5, 107, 113, 55, 0, 49.00%, 0, 0, 12, 701.42, 278260, 49
1505, 5, 19, 113, 55, 0, 49.00%, 0, 0, 12, 669.18, 281588, 49
1510, 5, 55, 113, 55, 0, 49.00%, 0, 0, 12, 689.39, 285089, 49
1516, 5, 86, 114, 56, 0, 49.00%, 0, 0, 12, 712.09, 288735, 49
1521, 5, 74, 114, 56, 0, 49.00%, 0, 0, 12, 669.26, 292163, 49
1526, 5, 113, 114, 55, 0, 49.00%, 0, 0, 12, 472.08, 294567, 49
1531, 5, 107, 115, 55, 0, 49.00%, 0, 0, 12, 512.63, 296883, 49
1536, 5, 107, 115, 55, 0, 49.00%, 0, 0, 12, 651.80, 300267, 49
1541, 5, 107, 115, 54, 0, 49.00%, 0, 0, 12, 683.47, 303746, 49
1546, 6, 61, 116, 55, 0, 49.00%, 0, 0, 12, 681.08, 307171, 49
1551, 6, 86, 116, 55, 0, 49.00%, 0, 0, 12, 666.43, 310471, 49
1556, 6, 107, 116, 55, 0, 49.00%, 0, 0, 12, 700.19, 314129, 49
1561, 6, 86, 116, 55, 0, 49.00%, 0, 0, 12, 681.55, 317575, 49
1566, 6, 106, 116, 54, 0, 49.00%, 0, 0, 12, 687.49, 321038, 49
1571, 6, 106, 116, 54, 0, 49.00%, 0, 0, 12, 672.79, 324380, 49
1577, 6, 2, 116, 54, 0, 49.00%, 0, 0, 12, 705.26, 328152, 49
1582, 6, 57, 116, 53, 0, 49.00%, 0, 0, 12, 710.76, 331736, 49
1587, 6, 107, 116, 53, 0, 49.00%, 0, 0, 12, 710.10, 335053, 49
1592, 6, 107, 116, 52, 0, 49.00%, 0, 0, 12, 686.90, 338519, 49
1597, 6, 2, 116, 52, 0, 49.00%, 0, 0, 12, 716.02, 342232, 49
1602, 6, 107, 116, 52, 0, 49.00%, 0, 0, 12, 681.92, 345753, 49
1607, 6, 2, 116, 51, 0, 49.00%, 0, 0, 12, 712.39, 349445, 49
1613, 6, 107, 116, 50, 0, 49.00%, 0, 0, 12, 677.38, 352878, 49
1618, 6, 103, 116, 50, 0, 49.00%, 0, 0, 12, 649.27, 356218, 49
1623, 6, 107, 116, 49, 0, 49.00%, 0, 0, 12, 587.51, 358968, 49
1628, 6, 107, 116, 49, 0, 49.00%, 0, 0, 12, 653.02, 362468, 49
1633, 7, 19, 116, 49, 0, 49.00%, 0, 0, 12, 651.08, 365911, 49
1638, 7, 107, 116, 49, 0, 49.00%, 0, 0, 12, 700.61, 369476, 49
1643, 7, 107, 116, 49, 0, 49.00%, 0, 0, 12, 688.32, 372868, 49
1648, 7, 61, 116, 49, 0, 49.00%, 0, 0, 12, 611.16, 375944, 49
1653, 7, 86, 116, 49, 0, 49.00%, 0, 0, 12, 684.75, 379488, 49
1658, 7, 106, 116, 49, 0, 49.00%, 0, 0, 12, 707.53, 383193, 49
1664, 7, 95, 116, 49, 0, 49.00%, 0, 0, 12, 679.85, 386613, 49
1669, 7, 2, 116, 48, 0, 49.00%, 0, 0, 12, 668.55, 389933, 49
1674, 7, 106, 116, 48, 0, 49.00%, 0, 0, 12, 685.25, 393415, 49
1679, 7, 107, 116, 48, 0, 49.00%, 0, 0, 12, 686.48, 396828, 49
1684, 7, 107, 116, 48, 0, 49.00%, 0, 0, 12, 679.54, 400297, 49
1689, 7, 107, 117, 49, 0, 49.00%, 0, 0, 12, 702.95, 403949, 49
1694, 7, 106, 117, 49, 0, 49.00%, 0, 0, 12, 678.09, 407333, 49
1699, 7, 107, 117, 49, 0, 49.00%, 0, 0, 12, 635.41, 410597, 49
1704, 7, 107, 117, 49, 0, 49.00%, 0, 0, 12, 663.69, 414051, 49
1709, 7, 107, 117, 49, 0, 49.00%, 0, 0, 12, 655.50, 417376, 49
1714, 7, 106, 117, 49, 0, 49.00%, 0, 0, 12, 698.70, 420883, 49
1719, 8, 107, 117, 49, 0, 49.00%, 0, 0, 12, 714.71, 424493, 49
1725, 8, 107, 117, 49, 0, 49.00%, 0, 0, 12, 714.41, 428227, 49
1730, 8, 19, 117, 49, 0, 49.00%, 0, 0, 12, 658.34, 431580, 49
1735, 8, 106, 117, 48, 0, 49.00%, 0, 0, 12, 683.66, 435040, 49
1740, 8, 86, 117, 48, 0, 49.00%, 0, 0, 12, 657.34, 438430, 49
1745, 8, 107, 117, 48, 0, 49.00%, 0, 0, 12, 694.75, 442029, 49
1750, 8, 77, 117, 48, 0, 49.00%, 0, 0, 12, 624.28, 445102, 49
1755, 8, 107, 117, 47, 0, 49.00%, 0, 0, 12, 692.56, 448771, 49
1760, 8, 106, 117, 46, 0, 49.00%, 0, 0, 12, 629.32, 451996, 49
1766, 8, 107, 117, 46, 0, 49.00%, 0, 0, 12, 686.27, 455625, 49
1771, 8, 107, 117, 46, 0, 49.00%, 0, 0, 12, 661.36, 458997, 49
1776, 8, 107, 117, 46, 0, 49.00%, 0, 0, 12, 681.09, 462436, 49
1781, 8, 86, 117, 46, 0, 49.00%, 0, 0, 12, 698.41, 466143, 49
1786, 8, 57, 117, 45, 0, 49.00%, 0, 0, 12, 705.59, 469724, 49
1791, 8, 55, 117, 45, 0, 49.00%, 0, 0, 12, 717.44, 473248, 49
1796, 8, 86, 117, 45, 0, 49.00%, 0, 0, 12, 679.51, 476569, 49
1801, 8, 17, 117, 45, 0, 49.00%, 0, 0, 12, 671.57, 479965, 49
1806, 9, 107, 117, 44, 0, 49.00%, 0, 0, 12, 589.16, 482798, 49
1811, 9, 106, 117, 44, 0, 49.00%, 0, 0, 12, 677.47, 486399, 49
1816, 9, 17, 117, 44, 0, 49.00%, 0, 0, 12, 672.38, 489779, 49
1822, 9, 61, 117, 44, 0, 49.00%, 0, 0, 12, 692.10, 493324, 49
1827, 9, 106, 117, 44, 0, 49.00%, 0, 0, 12, 684.85, 496716, 49
1832, 9, 107, 117, 44, 0, 49.00%, 0, 0, 12, 677.33, 500069, 49
1837, 9, 57, 117, 44, 0, 49.00%, 0, 0, 12, 653.39, 503391, 49
1842, 9, 107, 117, 44, 0, 49.00%, 0, 0, 12, 676.70, 506833, 49
1847, 9, 34, 117, 43, 0, 49.00%, 0, 0, 12, 691.22, 510266, 49
1852, 9, 98, 117, 42, 0, 49.00%, 0, 0, 12, 630.64, 513574, 49
1857, 9, 86, 117, 41, 0, 49.00%, 0, 0, 12, 632.90, 516842, 49
1862, 9, 55, 117, 41, 0, 49.00%, 0, 0, 12, 665.92, 520380, 49
1868, 9, 107, 117, 41, 0, 49.00%, 0, 0, 12, 698.55, 523946, 49
1873, 9, 107, 117, 40, 0, 49.00%, 0, 0, 12, 715.66, 527601, 49
1878, 9, 107, 117, 39, 0, 49.00%, 0, 0, 12, 674.23, 530897, 49
1883, 9, 107, 118, 40, 0, 49.00%, 0, 0, 12, 679.12, 534419, 49
1888, 10, 107, 118, 40, 0, 49.00%, 0, 0, 12, 711.46, 538150, 49
1893, 10, 57, 118, 40, 0, 49.00%, 0, 0, 12, 660.73, 541638, 49
1898, 10, 55, 118, 40, 0, 49.00%, 0, 0, 12, 677.32, 545028, 49
1903, 10, 55, 118, 40, 0, 49.00%, 0, 0, 12, 638.04, 548256, 49
1909, 10, 107, 118, 40, 0, 49.00%, 0, 0, 12, 671.16, 551622, 49
1914, 10, 26, 118, 40, 0, 49.00%, 0, 0, 12, 705.33, 555289, 49
1919, 10, 2, 118, 39, 0, 49.00%, 0, 0, 12, 665.68, 558572, 49
1924, 10, 44, 118, 39, 0, 49.00%, 0, 0, 12, 687.93, 562158, 49
1929, 10, 107, 118, 38, 0, 49.00%, 0, 0, 12, 694.36, 565643, 49
1934, 10, 2, 118, 38, 0, 49.00%, 0, 0, 12, 672.68, 569047, 49
1939, 10, 107, 118, 38, 0, 49.00%, 0, 0, 12, 712.61, 572766, 49
1944, 10, 107, 119, 39, 0, 49.00%, 0, 0, 12, 699.39, 576287, 49
1949, 10, 107, 119, 39, 0, 49.00%, 0, 0, 12, 669.30, 579702, 49
1955, 10, 86, 119, 39, 0, 49.00%, 0, 0, 12, 721.69, 583571, 49
1960, 10, 107, 119, 39, 0, 49.00%, 0, 0, 12, 700.63, 586971, 49
1965, 10, 107, 119, 39, 0, 49.00%, 0, 0, 12, 653.98, 590392, 49
1970, 10, 17, 119, 39, 0, 49.00%, 0, 0, 12, 653.85, 593795, 49
1975, 10, 35, 119, 39, 0, 49.00%, 0, 0, 12, 708.23, 597590, 49
1980, 11, 107, 119, 37, 0, 49.00%, 0, 0, 12, 701.18, 601189, 49
1986, 11, 86, 119, 37, 0, 49.00%, 0, 0, 12, 675.51, 604717, 49
1991, 11, 86, 119, 37, 0, 49.00%, 0, 0, 12, 697.95, 608267, 49
1996, 11, 61, 119, 37, 0, 49.00%, 0, 0, 12, 713.40, 611844, 49
2001, 11, 85, 119, 36, 0, 49.00%, 0, 0, 12, 687.02, 615307, 49
2006, 11, 106, 119, 35, 0, 49.00%, 0, 0, 12, 646.38, 618558, 49
2011, 11, 107, 119, 35, 0, 49.00%, 0, 0, 12, 644.66, 621890, 49
2016, 11, 86, 119, 35, 0, 49.00%, 0, 0, 12, 683.74, 625445, 49
2021, 11, 107, 119, 35, 0, 49.00%, 0, 0, 12, 698.61, 628887, 49
2026, 11, 105, 119, 35, 0, 49.00%, 0, 0, 12, 599.78, 631995, 49
2031, 11, 101, 119, 34, 0, 49.00%, 0, 0, 12, 618.91, 634929, 49
2036, 11, 106, 119, 34, 0, 49.00%, 0, 0, 12, 661.63, 638548, 49
2041, 11, 109, 119, 34, 0, 49.00%, 0, 0, 12, 551.56, 641370, 49
2047, 11, 107, 119, 33, 0, 49.00%, 0, 0, 12, 431.84, 643077, 49
2052, 11, 107, 119, 33, 0, 49.00%, 0, 0, 12, 650.00, 646585, 49
2057, 11, 86, 120, 34, 0, 49.00%, 0, 0, 12, 688.10, 650212, 49
2062, 12, 107, 120, 34, 0, 49.00%, 0, 0, 12, 670.72, 653607, 49
2067, 12, 107, 120, 34, 0, 49.00%, 0, 0, 12, 689.73, 657292, 49
2072, 12, 111, 120, 34, 0, 49.00%, 0, 0, 12, 525.29, 659926, 49
2077, 12, 10, 120, 32, 0, 49.00%, 0, 0, 12, 655.64, 663364, 49
2082, 12, 86, 120, 32, 0, 49.00%, 0, 0, 12, 683.03, 666935, 49
2088, 12, 19, 120, 32, 0, 49.00%, 0, 0, 12, 687.35, 670373, 49
2093, 12, 106, 120, 32, 0, 49.00%, 0, 0, 12, 692.06, 673949, 49
2098, 12, 107, 120, 32, 0, 49.00%, 0, 0, 12, 726.82, 677747, 49
2103, 12, 107, 120, 32, 0, 49.00%, 0, 0, 12, 721.19, 681348, 49
2108, 12, 107, 120, 32, 0, 49.00%, 0, 0, 12, 718.61, 684936, 49
2113, 12, 86, 120, 32, 0, 49.00%, 0, 0, 12, 690.16, 688282, 49
2118, 12, 107, 120, 32, 0, 49.00%, 0, 0, 12, 696.04, 691754, 49
2123, 12, 106, 120, 32, 0, 49.00%, 0, 0, 12, 675.27, 695189, 49
2128, 12, 107, 120, 32, 0, 49.00%, 0, 0, 12, 664.75, 698577, 49
2133, 12, 86, 120, 32, 0, 49.00%, 0, 0, 12, 655.78, 701839, 49
2138, 12, 55, 120, 32, 0, 49.00%, 0, 0, 12, 679.27, 705253, 49
2143, 13, 107, 120, 32, 0, 49.00%, 0, 0, 12, 695.88, 708834, 49
2148, 13, 86, 120, 32, 0, 49.00%, 0, 0, 12, 700.79, 712457, 49
2153, 13, 61, 120, 32, 0, 49.00%, 0, 0, 12, 675.62, 715873, 49
2159, 13, 19, 120, 32, 0, 49.00%, 0, 0, 12, 717.31, 719637, 49
2164, 13, 107, 120, 32, 0, 49.00%, 0, 0, 12, 663.24, 723058, 49
2169, 13, 107, 120, 32, 0, 49.00%, 0, 0, 12, 697.79, 726628, 49
2174, 13, 57, 120, 32, 0, 49.00%, 0, 0, 12, 705.24, 730147, 49
2179, 13, 46, 120, 32, 0, 49.00%, 0, 0, 12, 685.61, 733522, 49
2184, 13, 107, 120, 31, 0, 49.00%, 0, 0, 12, 700.92, 737173, 49
2189, 13, 107, 121, 31, 0, 49.00%, 0, 0, 12, 650.99, 740542, 49
2194, 13, 106, 121, 31, 0, 49.00%, 0, 0, 12, 682.37, 744040, 49
2199, 13, 107, 121, 30, 0, 49.00%, 0, 0, 12, 654.02, 747407, 49
2204, 13, 107, 121, 30, 0, 49.00%, 0, 0, 12, 694.85, 751007, 49
2209, 13, 2, 121, 30, 0, 49.00%, 0, 0, 12, 708.49, 754450, 49
2214, 13, 61, 121, 30, 0, 49.00%, 0, 0, 12, 668.93, 757779, 49
2219, 13, 106, 121, 30, 0, 49.00%, 0, 0, 12, 667.27, 761190, 49
2224, 14, 107, 121, 30, 0, 49.00%, 0, 0, 12, 696.82, 764672, 49
2230, 14, 107, 121, 30, 0, 49.00%, 0, 0, 12, 686.16, 768055, 49
2235, 14, 107, 121, 30, 0, 49.00%, 0, 0, 12, 670.07, 771488, 49
2240, 14, 86, 121, 30, 0, 49.00%, 0, 0, 12, 670.39, 774838, 49
2245, 14, 116, 121, 30, 0, 49.00%, 0, 0, 12, 436.76, 777040, 49
2250, 14, 57, 121, 29, 0, 49.00%, 0, 0, 12, 603.36, 780150, 49
2255, 14, 61, 121, 29, 0, 49.00%, 0, 0, 12, 634.54, 783400, 49
2260, 14, 61, 121, 29, 0, 49.00%, 0, 0, 12, 679.85, 787020, 49
2265, 14, 107, 122, 30, 0, 49.00%, 0, 0, 12, 710.01, 790611, 49
2270, 14, 107, 122, 30, 0, 49.00%, 0, 0, 12, 710.36, 794262, 49
2275, 14, 107, 122, 30, 0, 49.00%, 0, 0, 12, 663.65, 797640, 49
2281, 14, 107, 122, 30, 0, 49.00%, 0, 0, 12, 655.24, 801049, 49
2286, 14, 107, 122, 30, 0, 49.00%, 0, 0, 12, 678.89, 804536, 49
2291, 14, 107, 122, 30, 0, 49.00%, 0, 0, 12, 673.73, 807843, 49
2296, 14, 107, 122, 30, 0, 49.00%, 0, 0, 12, 690.48, 811364, 49
2301, 14, 107, 122, 30, 0, 49.00%, 0, 0, 12, 680.91, 814720, 49
2306, 14, 107, 122, 30, 0, 49.00%, 0, 0, 12, 673.09, 818074, 49
2311, 14, 57, 122, 30, 0, 49.00%, 0, 0, 12, 667.18, 821471, 49
2316, 15, 106, 122, 30, 0, 49.00%, 0, 0, 12, 695.14, 825024, 49
2321, 15, 106, 122, 30, 0, 49.00%, 0, 0, 12, 706.60, 828480, 49
2326, 15, 107, 122, 30, 0, 49.00%, 0, 0, 12, 607.26, 831549, 49
2332, 15, 107, 122, 30, 0, 49.00%, 0, 0, 12, 664.93, 835071, 49
2337, 15, 107, 122, 30, 0, 49.00%, 0, 0, 12, 669.30, 838365, 49
2342, 15, 107, 122, 30, 0, 49.00%, 0, 0, 12, 682.04, 841892, 49
2347, 15, 106, 122, 30, 0, 49.00%, 0, 0, 12, 665.95, 845318, 49
2352, 15, 86, 122, 30, 0, 49.00%, 0, 0, 12, 652.53, 848600, 49
2357, 15, 107, 122, 30, 0, 49.00%, 0, 0, 12, 689.76, 852179, 49
2362, 15, 106, 122, 30, 0, 49.00%, 0, 0, 12, 660.86, 855564, 49
2367, 15, 107, 122, 30, 0, 49.00%, 0, 0, 12, 678.45, 858992, 49
2372, 15, 107, 122, 30, 0, 49.00%, 0, 0, 12, 671.66, 862290, 49
2377, 15, 106, 122, 29, 0, 49.00%, 0, 0, 12, 590.44, 865100, 49
2382, 15, 106, 122, 29, 0, 49.00%, 0, 0, 12, 619.29, 868439, 49
2388, 15, 107, 122, 29, 0, 49.00%, 0, 0, 12, 675.17, 872000, 49
2393, 15, 86, 122, 28, 0, 49.00%, 0, 0, 12, 624.91, 875204, 49
2398, 15, 107, 122, 28, 0, 49.00%, 0, 0, 12, 681.71, 878775, 49
2403, 15, 107, 122, 28, 0, 49.00%, 0, 0, 12, 681.10, 882191, 49
2408, 16, 107, 122, 28, 0, 49.00%, 0, 0, 12, 665.36, 885462, 49
2413, 16, 107, 122, 28, 0, 49.00%, 0, 0, 12, 674.22, 888784, 49
2418, 16, 107, 122, 28, 0, 49.00%, 0, 0, 12, 670.26, 892236, 49
2423, 16, 2, 122, 28, 0, 49.00%, 0, 0, 12, 673.36, 895571, 49
2428, 16, 121, 122, 28, 0, 49.00%, 0, 0, 12, 691.48, 899109, 49
2434, 16, 121, 122, 28, 0, 49.00%, 0, 0, 12, 645.60, 902150, 49
2439, 16, 108, 122, 27, 0, 49.00%, 0, 0, 12, 512.56, 904794, 49
2444, 16, 107, 122, 26, 0, 49.00%, 0, 0, 12, 641.16, 908127, 49
2449, 16, 107, 122, 26, 0, 49.00%, 0, 0, 12, 673.73, 911696, 49
2454, 16, 119, 122, 26, 0, 49.00%, 0, 0, 12, 649.09, 915058, 49
2459, 16, 107, 122, 25, 0, 49.00%, 0, 0, 12, 563.39, 917553, 49
2464, 16, 86, 122, 25, 0, 49.00%, 0, 0, 12, 646.80, 920951, 49
2469, 16, 86, 122, 25, 0, 49.00%, 0, 0, 12, 661.12, 924312, 49
2474, 16, 19, 122, 25, 0, 49.00%, 0, 0, 12, 626.64, 927545, 49
2479, 16, 19, 122, 25, 0, 49.00%, 0, 0, 12, 670.13, 930990, 49
2484, 16, 107, 122, 25, 0, 49.00%, 0, 0, 12, 690.05, 934492, 49
2490, 16, 106, 122, 25, 0, 49.00%, 0, 0, 12, 697.99, 937992, 49
2495, 16, 107, 122, 25, 0, 49.00%, 0, 0, 12, 668.22, 941417, 49
2500, 17, 107, 122, 25, 0, 49.00%, 0, 0, 12, 677.63, 944769, 49
2505, 17, 2, 122, 24, 0, 49.00%, 0, 0, 12, 650.36, 948029, 49
2510, 17, 106, 122, 24, 0, 49.00%, 0, 0, 12, 667.70, 951609, 49
2515, 17, 86, 122, 24, 0, 49.00%, 0, 0, 12, 645.15, 954790, 49
2520, 17, 57, 122, 24, 0, 49.00%, 0, 0, 12, 658.08, 958140, 49
2525, 17, 57, 122, 24, 0, 49.00%, 0, 0, 12, 694.43, 961664, 49
2530, 17, 2, 122, 24, 0, 49.00%, 0, 0, 12, 639.46, 964761, 49
2535, 17, 86, 122, 23, 0, 49.00%, 0, 0, 12, 627.94, 968076, 49
2540, 17, 2, 122, 23, 0, 49.00%, 0, 0, 12, 671.06, 971509, 49
2545, 17, 106, 122, 23, 0, 49.00%, 0, 0, 12, 660.67, 974915, 49
2550, 17, 107, 122, 23, 0, 49.00%, 0, 0, 12, 650.70, 978030, 49
2555, 17, 107, 122, 23, 0, 49.00%, 0, 0, 12, 659.95, 981474, 49
2561, 17, 107, 122, 23, 0, 49.00%, 0, 0, 12, 658.21, 984916, 49
2566, 17, 17, 122, 23, 0, 49.00%, 0, 0, 12, 653.86, 988199, 49
2571, 17, 107, 122, 23, 0, 49.00%, 0, 0, 12, 700.94, 991828, 49
2576, 18, 2, 122, 22, 0, 49.00%, 0, 0, 12, 663.47, 995153, 49
2581, 18, 118, 122, 22, 0, 49.00%, 0, 0, 12, 518.03, 997649, 49
2586, 18, 107, 122, 21, 0, 49.00%, 0, 0, 12, 662.49, 1001179, 49
2591, 18, 107, 122, 21, 0, 49.00%, 0, 0, 12, 644.11, 1004479, 49
2596, 18, 107, 122, 21, 0, 49.00%, 0, 0, 12, 706.66, 1008115, 49
2601, 18, 57, 122, 21, 0, 49.00%, 0, 0, 12, 696.41, 1011654, 49
2606, 18, 107, 122, 21, 0, 49.00%, 0, 0, 12, 674.58, 1015127, 49
2611, 18, 86, 122, 21, 0, 49.00%, 0, 0, 12, 668.18, 1018529, 49
2616, 18, 86, 122, 21, 0, 49.00%, 0, 0, 12, 634.68, 1021697, 49
2621, 18, 55, 122, 21, 0, 49.00%, 0, 0, 12, 655.90, 1025072, 49
2626, 18, 107, 122, 21, 0, 49.00%, 0, 0, 12, 710.10, 1028740, 49
2632, 18, 57, 122, 21, 0, 49.00%, 0, 0, 12, 658.97, 1032059, 49
2637, 18, 107, 122, 21, 0, 49.00%, 0, 0, 12, 671.63, 1035483, 49
2642, 18, 86, 122, 21, 0, 49.00%, 0, 0, 12, 698.77, 1039095, 49
2647, 18, 107, 123, 22, 0, 49.00%, 0, 0, 12, 639.00, 1042336, 49
2652, 18, 106, 123, 22, 0, 49.00%, 0, 0, 12, 708.05, 1046004, 49
2657, 18, 55, 123, 22, 0, 49.00%, 0, 0, 12, 687.47, 1049435, 49
2662, 18, 107, 123, 22, 0, 49.00%, 0, 0, 12, 695.95, 1052981, 49
2667, 19, 106, 123, 22, 0, 49.00%, 0, 0, 12, 705.54, 1056501, 49
2672, 19, 107, 123, 21, 0, 49.00%, 0, 0, 12, 693.70, 1059981, 49
2677, 19, 107, 123, 21, 0, 49.00%, 0, 0, 12, 682.25, 1063567, 49
2682, 19, 107, 123, 21, 0, 49.00%, 0, 0, 12, 659.55, 1067022, 49
2687, 19, 57, 123, 21, 0, 49.00%, 0, 0, 12, 647.97, 1070232, 49
2693, 19, 106, 123, 21, 0, 49.00%, 0, 0, 12, 674.39, 1073632, 49
2698, 19, 107, 123, 21, 0, 49.00%, 0, 0, 12, 690.13, 1077080, 49
2703, 19, 107, 123, 21, 0, 49.00%, 0, 0, 12, 675.17, 1080430, 49
2708, 19, 107, 123, 21, 0, 49.00%, 0, 0, 12, 669.21, 1083817, 49
2713, 19, 55, 123, 21, 0, 49.00%, 0, 0, 12, 639.40, 1087133, 49
2718, 19, 107, 123, 21, 0, 49.00%, 0, 0, 12, 676.16, 1090629, 49
2723, 19, 107, 123, 21, 0, 49.00%, 0, 0, 12, 684.95, 1094182, 49
2728, 19, 107, 123, 21, 0, 49.00%, 0, 0, 12, 611.68, 1097190, 49
2733, 19, 107, 123, 21, 0, 49.00%, 0, 0, 12, 644.48, 1100525, 49
2738, 19, 17, 123, 21, 0, 49.00%, 0, 0, 12, 673.49, 1103939, 49
2744, 19, 107, 123, 21, 0, 49.00%, 0, 0, 12, 604.40, 1107068, 49
2749, 20, 107, 123, 21, 0, 49.00%, 0, 0, 12, 659.65, 1110614, 49
2754, 20, 107, 123, 21, 0, 49.00%, 0, 0, 12, 667.03, 1113904, 49
2759, 20, 106, 123, 21, 0, 49.00%, 0, 0, 12, 644.17, 1117193, 49
2764, 20, 107, 123, 21, 0, 49.00%, 0, 0, 12, 697.03, 1120711, 49
2769, 20, 107, 123, 21, 0, 49.00%, 0, 0, 12, 707.15, 1124251, 49
2774, 20, 107, 123, 20, 0, 49.00%, 0, 0, 12, 676.58, 1127610, 49
2779, 20, 107, 123, 20, 0, 49.00%, 0, 0, 12, 726.83, 1131373, 49
2784, 20, 107, 123, 20, 0, 49.00%, 0, 0, 12, 693.24, 1134768, 49
2789, 20, 2, 123, 20, 0, 49.00%, 0, 0, 12, 660.83, 1138059, 49
2794, 20, 55, 123, 20, 0, 49.00%, 0, 0, 12, 691.48, 1141645, 49
2800, 20, 106, 123, 20, 0, 49.00%, 0, 0, 12, 708.56, 1145301, 49
2805, 20, 107, 123, 20, 0, 49.00%, 0, 0, 12, 693.75, 1148640, 49
2810, 20, 107, 123, 20, 0, 49.00%, 0, 0, 12, 657.50, 1151912, 49
2815, 20, 57, 123, 20, 0, 49.00%, 0, 0, 12, 617.11, 1155035, 49
2820, 20, 107, 123, 20, 0, 49.00%, 0, 0, 12, 637.39, 1158278, 49
2825, 20, 107, 123, 19, 0, 49.00%, 0, 0, 12, 572.44, 1161209, 49
2830, 21, 107, 123, 19, 0, 49.00%, 0, 0, 12, 654.28, 1164601, 49
2835, 21, 107, 123, 19, 0, 49.00%, 0, 0, 12, 631.99, 1167881, 49
2840, 21, 106, 123, 19, 0, 49.00%, 0, 0, 12, 655.91, 1171160, 49
2845, 21, 107, 123, 19, 0, 49.00%, 0, 0, 12, 644.58, 1174478, 49
2850, 21, 107, 123, 19, 0, 49.00%, 0, 0, 12, 693.12, 1177984, 49
2855, 21, 107, 123, 19, 0, 49.00%, 0, 0, 12, 650.33, 1181130, 49
2859, 21, 107, 123, 19, 0, 49.00%, 1, 0, 12, 0.00, 1183910, 49
