# relative_time, cycles_done, cur_item, corpus_count, pending_total, pending_favs, map_size, saved_crashes, saved_hangs, max_depth, execs_per_sec, total_execs, edges_found
74, 0, 0, 13, 11, 0, 28.00%, 0, 0, 2, 0.04, 1674, 28
79, 0, 0, 13, 11, 0, 28.00%, 0, 0, 2, 239.02, 1725, 28
90, 0, 0, 13, 11, 0, 28.00%, 0, 0, 2, 4.50, 2884, 28
122, 0, 0, 13, 11, 0, 28.00%, 0, 0, 2, 0.15, 2889, 28
128, 0, 0, 13, 11, 0, 28.00%, 0, 0, 2, 375.47, 3675, 28
171, 0, 0, 13, 11, 0, 28.00%, 0, 0, 2, 17.57, 4847, 28
171, 0, 0, 13, 11, 0, 28.00%, 0, 0, 2, 0.03, 4848, 28
176, 0, 0, 13, 11, 0, 28.00%, 0, 0, 2, 0.36, 4850, 28
181, 0, 0, 15, 13, 0, 29.00%, 0, 0, 2, 345.41, 6577, 29
215, 0, 0, 15, 13, 0, 29.00%, 0, 0, 2, 1.62, 6865, 29
222, 0, 0, 15, 13, 0, 29.00%, 0, 0, 2, 0.14, 6866, 29
264, 0, 13, 17, 14, 1, 29.00%, 0, 0, 3, 0.03, 7809, 29
269, 0, 13, 20, 17, 1, 31.00%, 0, 0, 3, 405.53, 9903, 31
307, 0, 13, 20, 17, 1, 31.00%, 0, 0, 3, 0.24, 9992, 31
346, 0, 13, 21, 18, 1, 31.00%, 0, 0, 3, 1.53, 11390, 31
352, 0, 13, 22, 19, 1, 34.00%, 0, 0, 3, 376.14, 13275, 34
384, 0, 13, 22, 19, 1, 34.00%, 0, 0, 3, 1.08, 13562, 34
420, 0, 13, 22, 19, 1, 34.00%, 0, 0, 3, 0.85, 14549, 34
455, 0, 13, 22, 19, 1, 34.00%, 0, 0, 3, 2.05, 16495, 34
487, 0, 13, 23, 20, 1, 34.00%, 0, 0, 3, 2.38, 17084, 34
492, 0, 0, 27, 20, 0, 34.00%, 0, 0, 4, 376.59, 18974, 34
522, 0, 0, 27, 20, 0, 34.00%, 0, 0, 4, 1.87, 19282, 34
528, 0, 0, 27, 20, 0, 34.00%, 0, 0, 4, 372.50, 21223, 34
557, 0, 0, 27, 20, 0, 34.00%, 0, 0, 4, 2.62, 21521, 34
592, 0, 0, 27, 20, 0, 34.00%, 0, 0, 4, 1.25, 22454, 34
597, 0, 19, 27, 20, 0, 34.00%, 0, 0, 4, 369.82, 24345, 34
626, 0, 0, 27, 20, 0, 34.00%, 0, 0, 4, 2.30, 24668, 34
657, 0, 0, 27, 20, 0, 34.00%, 0, 0, 4, 2.07, 26254, 34
665, 0, 19, 28, 21, 0, 34.00%, 0, 0, 4, 4.44, 27561, 34
680, 0, 19, 28, 21, 0, 34.00%, 0, 0, 4, 0.65, 27571, 34
694, 0, 0, 28, 21, 0, 34.00%, 0, 0, 4, 6.81, 29182, 34
713, 0, 0, 28, 21, 0, 34.00%, 0, 0, 4, 0.05, 29183, 34
718, 0, 0, 30, 23, 0, 35.00%, 0, 0, 4, 410.52, 31243, 35
740, 0, 21, 30, 22, 0, 35.00%, 0, 0, 4, 0.28, 31439, 35
748, 0, 0, 31, 23, 0, 35.00%, 0, 0, 4, 8.73, 32437, 35
762, 0, 0, 31, 23, 0, 35.00%, 0, 0, 4, 0.51, 32444, 35
788, 0, 29, 33, 25, 0, 36.00%, 0, 0, 4, 0.64, 34269, 36
794, 0, 29, 34, 26, 0, 37.00%, 0, 0, 4, 384.55, 36256, 37
802, 0, 29, 34, 26, 0, 37.00%, 0, 0, 4, 5.31, 36384, 37
817, 0, 29, 34, 26, 0, 37.00%, 0, 0, 4, 0.07, 36385, 37
837, 0, 34, 37, 26, 0, 37.00%, 0, 0, 5, 2.34, 37824, 37
842, 0, 34, 37, 26, 0, 37.00%, 0, 0, 5, 470.96, 40178, 37
864, 0, 34, 37, 26, 0, 37.00%, 0, 0, 5, 2.11, 40421, 37
893, 0, 34, 38, 27, 0, 37.00%, 0, 0, 5, 1.13, 42849, 37
898, 0, 34, 39, 28, 0, 38.00%, 0, 0, 5, 455.15, 45160, 38
916, 0, 34, 39, 28, 0, 38.00%, 0, 0, 5, 0.52, 45565, 38
934, 0, 34, 39, 28, 0, 38.00%, 0, 0, 5, 2.09, 47214, 38
946, 0, 34, 39, 28, 0, 38.00%, 0, 0, 5, 4.72, 48750, 38
954, 0, 34, 39, 28, 0, 38.00%, 0, 0, 5, 4.39, 48766, 38
959, 0, 0, 39, 27, 0, 38.00%, 0, 0, 5, 458.61, 51131, 38
969, 0, 0, 39, 27, 0, 38.00%, 0, 0, 5, 3.84, 51575, 38
974, 0, 38, 42, 30, 0, 41.00%, 0, 0, 6, 452.41, 53829, 41
991, 0, 38, 42, 30, 0, 41.00%, 0, 0, 6, 4.43, 54218, 41
1007, 0, 38, 42, 30, 0, 41.00%, 0, 0, 6, 3.16, 56090, 41
1027, 0, 38, 42, 30, 0, 41.00%, 0, 0, 6, 2.29, 58196, 41
1041, 0, 38, 43, 31, 0, 42.00%, 0, 0, 6, 2.99, 60444, 42
1046, 0, 38, 43, 31, 0, 42.00%, 0, 0, 6, 468.65, 62790, 42
1064, 0, 38, 43, 31, 0, 42.00%, 0, 0, 6, 3.49, 63071, 42
1070, 0, 40, 44, 31, 2, 42.00%, 0, 0, 7, 472.78, 65550, 42
1078, 0, 40, 44, 31, 2, 42.00%, 0, 0, 7, 11.53, 65864, 42
1097, 0, 42, 47, 33, 1, 46.00%, 0, 0, 7, 4.92, 67175, 46
1102, 0, 42, 49, 35, 1, 47.00%, 0, 0, 7, 533.54, 69829, 47
1115, 0, 42, 50, 36, 1, 47.00%, 0, 0, 7, 3.43, 70506, 47
1120, 0, 42, 51, 37, 1, 47.00%, 0, 0, 7, 551.33, 73323, 47
1130, 0, 42, 51, 37, 1, 47.00%, 0, 0, 7, 9.35, 73652, 47
1147, 0, 42, 51, 37, 1, 47.00%, 0, 0, 7, 5.58, 75991, 47
1152, 0, 44, 56, 39, 1, 48.00%, 0, 0, 8, 588.41, 78890, 48
1157, 0, 44, 56, 39, 1, 48.00%, 0, 0, 8, 663.03, 80348, 48
1171, 0, 44, 57, 40, 1, 48.00%, 0, 0, 8, 2.31, 82019, 48
1176, 0, 44, 57, 40, 1, 48.00%, 0, 0, 8, 629.82, 84789, 48
1181, 0, 44, 57, 40, 1, 48.00%, 0, 0, 8, 581.63, 86872, 48
1189, 0, 44, 57, 40, 1, 48.00%, 0, 0, 8, 17.77, 87443, 48
1194, 0, 46, 59, 40, 0, 48.00%, 0, 0, 8, 675.59, 90005, 48
1205, 0, 54, 60, 41, 0, 48.00%, 0, 0, 9, 4.85, 92262, 48
1210, 0, 54, 61, 42, 0, 48.00%, 0, 0, 9, 696.71, 95866, 48
1219, 0, 54, 62, 43, 0, 48.00%, 0, 0, 9, 5.41, 97100, 48
1224, 0, 41, 63, 43, 0, 48.00%, 0, 0, 9, 635.90, 100311, 48
1230, 0, 40, 63, 43, 0, 48.00%, 0, 0, 9, 1.52, 101418, 48
1238, 0, 19, 63, 43, 0, 48.00%, 0, 0, 9, 13.50, 103887, 48
1243, 0, 59, 66, 46, 0, 48.00%, 0, 0, 10, 618.33, 107103, 48
1249, 0, 59, 66, 46, 0, 48.00%, 0, 0, 10, 673.76, 109094, 48
1255, 0, 59, 66, 46, 0, 48.00%, 0, 0, 10, 18.00, 109822, 48
1260, 0, 59, 66, 46, 0, 48.00%, 0, 0, 10, 733.76, 113585, 48
1270, 0, 55, 67, 47, 0, 48.00%, 0, 0, 10, 20.14, 116962, 48
1276, 0, 0, 67, 45, 0, 48.00%, 0, 0, 10, 720.60, 120579, 48
1285, 1, 41, 67, 44, 0, 48.00%, 0, 0, 10, 17.17, 123617, 48
1290, 1, 67, 72, 49, 0, 48.00%, 0, 0, 10, 768.97, 127552, 48
1295, 1, 58, 73, 48, 0, 48.00%, 0, 0, 10, 764.94, 131451, 48
1301, 1, 58, 74, 49, 0, 48.00%, 0, 0, 10, 0.42, 131521, 48
1306, 1, 46, 74, 48, 0, 48.00%, 0, 0, 10, 742.61, 135241, 48
1311, 1, 0, 75, 48, 0, 48.00%, 0, 0, 10, 762.40, 139089, 48
1316, 1, 41, 75, 46, 0, 48.00%, 0, 0, 10, 785.65, 143136, 48
1321, 1, 52, 76, 47, 0, 48.00%, 0, 0, 10, 781.28, 147048, 48
1326, 1, 59, 76, 46, 0, 48.00%, 0, 0, 10, 754.89, 150747, 48
1331, 1, 21, 79, 49, 0, 48.00%, 0, 0, 10, 770.25, 154685, 48
1339, 1, 46, 79, 49, 0, 48.00%, 0, 0, 10, 33.26, 158343, 48
1344, 1, 46, 81, 50, 0, 48.00%, 0, 0, 10, 759.45, 162194, 48
1349, 1, 0, 81, 48, 0, 48.00%, 0, 0, 10, 782.58, 166332, 48
1354, 2, 8, 88, 55, 0, 48.00%, 0, 0, 10, 810.15, 170550, 48
1359, 2, 66, 91, 53, 0, 48.00%, 0, 0, 10, 801.71, 174602, 48
1365, 2, 46, 93, 53, 0, 48.00%, 0, 0, 10, 767.30, 178245, 48
1370, 2, 46, 96, 52, 0, 48.00%, 0, 0, 10, 805.44, 182406, 48
1375, 2, 68, 99, 55, 0, 48.00%, 0, 0, 10, 803.09, 186442, 48
1380, 2, 46, 99, 55, 0, 48.00%, 0, 0, 10, 773.71, 190254, 48
1385, 2, 0, 102, 57, 0, 48.00%, 0, 0, 10, 787.60, 194252, 48
1390, 2, 66, 103, 58, 0, 48.00%, 0, 0, 10, 793.14, 198294, 48
1395, 2, 52, 105, 60, 0, 48.00%, 0, 0, 10, 795.46, 202336, 48
1400, 2, 65, 107, 61, 0, 48.00%, 0, 0, 11, 771.47, 206242, 48
1405, 2, 47, 107, 60, 0, 48.00%, 0, 0, 11, 790.64, 210289, 48
1410, 2, 79, 107, 59, 0, 48.00%, 0, 0, 11, 802.62, 214332, 48
1415, 2, 66, 107, 57, 0, 48.00%, 0, 0, 11, 514.11, 217416, 48
1420, 2, 105, 107, 57, 0, 48.00%, 0, 0, 11, 717.96, 221408, 48
1425, 2, 0, 107, 55, 0, 48.00%, 0, 0, 11, 792.84, 225470, 48
1430, 3, 107, 108, 56, 0, 48.00%, 0, 0, 11, 800.97, 229545, 48
1436, 3, 46, 108, 54, 0, 48.00%, 0, 0, 11, 770.00, 233481, 48
1441, 3, 0, 108, 53, 0, 48.00%, 0, 0, 11, 795.30, 237555, 48
1446, 3, 47, 108, 52, 0, 48.00%, 0, 0, 11, 788.97, 241570, 48
1451, 3, 46, 108, 51, 0, 48.00%, 0, 0, 11, 821.32, 245854, 48
1456, 3, 59, 108, 50, 0, 48.00%, 0, 0, 11, 765.19, 249961, 48
1461, 3, 108, 111, 52, 0, 49.00%, 1, 0, 11, 0.00, 253729, 49
