# relative_time, cycles_done, cur_item, corpus_count, pending_total, pending_favs, map_size, saved_crashes, saved_hangs, max_depth, execs_per_sec, total_execs, edges_found
73, 0, 0, 16, 16, 1, 26.21%, 0, 0, 2, 0.04, 1789, 27
78, 0, 0, 16, 16, 1, 26.21%, 0, 0, 2, 328.77, 1865, 27
122, 0, 0, 17, 17, 1, 26.21%, 0, 0, 2, 1.21, 3181, 27
127, 0, 0, 18, 18, 1, 29.13%, 0, 0, 2, 409.94, 4059, 30
176, 0, 0, 18, 18, 1, 29.13%, 0, 0, 2, 0.78, 5323, 30
181, 0, 0, 20, 20, 1, 30.10%, 0, 0, 2, 377.69, 7234, 31
215, 0, 0, 20, 20, 1, 30.10%, 0, 0, 2, 1.47, 7535, 31
222, 0, 0, 20, 20, 1, 30.10%, 0, 0, 2, 0.14, 7536, 31
263, 0, 0, 20, 20, 1, 30.10%, 0, 0, 2, 0.36, 8571, 31
268, 0, 0, 20, 20, 1, 30.10%, 0, 0, 2, 406.69, 10665, 31
306, 0, 0, 20, 20, 1, 30.10%, 0, 0, 2, 0.05, 10763, 31
346, 0, 0, 21, 21, 1, 31.07%, 0, 0, 2, 1.10, 12176, 32
351, 0, 0, 22, 22, 1, 32.04%, 0, 0, 2, 377.43, 14080, 33
384, 0, 0, 22, 22, 1, 32.04%, 0, 0, 2, 0.87, 14360, 33
419, 0, 0, 22, 22, 1, 32.04%, 0, 0, 2, 0.73, 15367, 33
455, 0, 0, 22, 22, 1, 32.04%, 0, 0, 2, 2.08, 17511, 33
486, 0, 0, 22, 22, 1, 32.04%, 0, 0, 2, 2.38, 18169, 33
491, 0, 0, 23, 23, 1, 33.01%, 0, 0, 2, 417.09, 20318, 34
522, 0, 0, 23, 23, 1, 33.01%, 0, 0, 2, 2.67, 20590, 34
527, 0, 0, 24, 24, 1, 33.98%, 0, 0, 2, 410.72, 22773, 35
557, 0, 0, 24, 24, 1, 33.98%, 0, 0, 2, 0.27, 23053, 35
591, 0, 0, 24, 24, 1, 33.98%, 0, 0, 2, 1.25, 24085, 35
596, 0, 0, 24, 24, 1, 33.98%, 0, 0, 2, 412.51, 26237, 35
625, 0, 0, 24, 24, 1, 33.98%, 0, 0, 2, 3.40, 26525, 35
656, 0, 0, 24, 24, 1, 33.98%, 0, 0, 2, 1.78, 28269, 35
664, 0, 0, 24, 24, 1, 33.98%, 0, 0, 2, 0.89, 29714, 35
680, 0, 0, 24, 24, 1, 33.98%, 0, 0, 2, 0.88, 29726, 35
712, 0, 0, 24, 24, 1, 33.98%, 0, 0, 2, 1.89, 31503, 35
717, 0, 0, 25, 25, 1, 34.95%, 0, 0, 2, 471.10, 33958, 36
740, 0, 0, 25, 25, 1, 34.95%, 0, 0, 2, 1.48, 34180, 36
747, 0, 0, 25, 25, 1, 34.95%, 0, 0, 2, 10.93, 35508, 36
761, 0, 0, 25, 25, 1, 34.95%, 0, 0, 2, 0.58, 35516, 36
788, 0, 0, 25, 25, 1, 34.95%, 0, 0, 2, 2.74, 38008, 36
793, 0, 0, 25, 25, 1, 34.95%, 0, 0, 2, 531.82, 40688, 36
816, 0, 0, 25, 25, 1, 34.95%, 0, 0, 2, 3.93, 40898, 36
836, 0, 0, 26, 26, 1, 35.92%, 0, 0, 2, 1.94, 42734, 37
841, 0, 0, 27, 27, 1, 35.92%, 0, 0, 2, 629.16, 45966, 37
863, 0, 0, 27, 27, 1, 35.92%, 0, 0, 2, 6.12, 46230, 37
892, 0, 0, 27, 27, 1, 35.92%, 0, 0, 2, 0.55, 49451, 37
897, 0, 0, 27, 27, 1, 35.92%, 0, 0, 2, 646.79, 52566, 37
915, 0, 0, 27, 27, 1, 35.92%, 0, 0, 2, 1.38, 53250, 37
933, 0, 0, 27, 27, 1, 35.92%, 0, 0, 2, 5.42, 55418, 37
946, 0, 0, 27, 27, 1, 35.92%, 0, 0, 2, 7.54, 57498, 37
953, 0, 0, 27, 27, 1, 35.92%, 0, 0, 2, 7.10, 57519, 37
958, 0, 0, 27, 27, 1, 35.92%, 0, 0, 2, 620.16, 60642, 37
969, 0, 0, 27, 27, 1, 35.92%, 0, 0, 2, 2.57, 61326, 37
974, 0, 0, 27, 27, 1, 35.92%, 0, 0, 2, 612.66, 64470, 37
991, 0, 0, 27, 27, 1, 35.92%, 0, 0, 2, 0.74, 64830, 37
1006, 0, 0, 29, 29, 1, 37.86%, 0, 0, 2, 11.50, 67340, 39
1026, 0, 0, 29, 29, 1, 37.86%, 0, 0, 2, 3.05, 70196, 39
1040, 0, 0, 29, 29, 1, 37.86%, 0, 0, 2, 10.48, 73256, 39
1045, 0, 0, 29, 29, 1, 37.86%, 0, 0, 2, 616.29, 76400, 39
1050, 0, 0, 29, 29, 1, 37.86%, 0, 0, 2, 12.93, 76748, 39
1064, 0, 0, 29, 29, 1, 37.86%, 0, 0, 2, 0.44, 76754, 39
1069, 0, 0, 29, 29, 1, 37.86%, 0, 0, 2, 641.02, 80012, 39
1078, 0, 0, 29, 29, 1, 37.86%, 0, 0, 2, 10.78, 80535, 39
1097, 0, 0, 29, 29, 1, 37.86%, 0, 0, 2, 7.39, 82352, 39
1102, 0, 0, 29, 29, 1, 37.86%, 0, 0, 2, 715.67, 85956, 39
1114, 0, 0, 29, 29, 1, 37.86%, 0, 0, 2, 1.12, 86775, 39
1120, 0, 0, 29, 29, 1, 37.86%, 0, 0, 2, 721.31, 90534, 39
1129, 0, 0, 29, 29, 1, 37.86%, 0, 0, 2, 6.01, 90898, 39
1146, 0, 0, 29, 29, 1, 37.86%, 0, 0, 2, 9.72, 93810, 39
1151, 0, 0, 29, 29, 1, 37.86%, 0, 0, 2, 711.30, 97394, 39
1156, 0, 0, 29, 29, 1, 37.86%, 0, 0, 2, 788.40, 99116, 39
1164, 0, 0, 29, 29, 1, 37.86%, 0, 0, 2, 5.44, 101081, 39
1170, 0, 0, 29, 29, 1, 37.86%, 0, 0, 2, 1.04, 101087, 39
1175, 0, 0, 29, 29, 1, 37.86%, 0, 0, 2, 730.66, 104730, 39
1180, 0, 0, 29, 29, 1, 37.86%, 0, 0, 2, 704.90, 107107, 39
1189, 0, 0, 29, 29, 1, 37.86%, 0, 0, 2, 16.72, 107838, 39
1194, 0, 0, 29, 29, 1, 37.86%, 0, 0, 2, 770.54, 111686, 39
1204, 0, 0, 29, 29, 1, 37.86%, 0, 0, 2, 18.36, 113246, 39
1209, 0, 0, 29, 29, 1, 37.86%, 0, 0, 2, 763.33, 117086, 39
1219, 0, 0, 29, 29, 1, 37.86%, 0, 0, 2, 15.36, 118520, 39
1224, 0, 0, 29, 29, 1, 37.86%, 0, 0, 2, 745.07, 122216, 39
1229, 0, 0, 29, 29, 1, 37.86%, 0, 0, 2, 36.77, 123434, 39
1238, 0, 0, 29, 29, 1, 37.86%, 0, 0, 2, 18.20, 126164, 39
1243, 0, 0, 29, 29, 1, 37.86%, 0, 0, 2, 727.51, 129888, 39
1248, 0, 0, 29, 29, 1, 37.86%, 0, 0, 2, 754.67, 132176, 39
1255, 0, 0, 29, 29, 1, 37.86%, 0, 0, 2, 12.22, 132856, 39
1260, 0, 0, 29, 29, 1, 37.86%, 0, 0, 2, 767.36, 136721, 39
1270, 0, 0, 29, 29, 1, 37.86%, 0, 0, 2, 26.62, 140396, 39
1275, 0, 0, 29, 29, 1, 37.86%, 0, 0, 2, 759.01, 144176, 39
1284, 0, 0, 29, 29, 1, 37.86%, 0, 0, 2, 18.14, 147192, 39
1289, 0, 0, 29, 29, 1, 37.86%, 0, 0, 2, 771.34, 151061, 39
1295, 0, 0, 29, 29, 1, 37.86%, 0, 0, 2, 784.50, 155066, 39
1300, 0, 0, 29, 29, 1, 37.86%, 0, 0, 2, 10.06, 155936, 39
1305, 0, 0, 29, 29, 1, 37.86%, 0, 0, 2, 779.40, 159836, 39
1310, 0, 0, 29, 29, 1, 37.86%, 0, 0, 2, 780.75, 163496, 39
1315, 0, 0, 29, 29, 1, 37.86%, 0, 0, 2, 792.10, 167441, 39
1321, 0, 0, 29, 29, 1, 37.86%, 0, 0, 2, 758.49, 171356, 39
1326, 0, 0, 29, 29, 1, 37.86%, 0, 0, 2, 769.88, 175226, 39
1331, 0, 0, 29, 29, 1, 37.86%, 0, 0, 2, 796.74, 179201, 39
1338, 0, 0, 29, 29, 1, 37.86%, 0, 0, 2, 23.50, 182666, 39
1343, 0, 0, 29, 29, 1, 37.86%, 0, 0, 2, 661.06, 186440, 39
1348, 0, 0, 29, 29, 1, 37.86%, 0, 0, 2, 774.60, 190511, 39
1354, 0, 0, 29, 29, 1, 37.86%, 0, 0, 2, 805.03, 194711, 39
1359, 0, 0, 29, 29, 1, 37.86%, 0, 0, 2, 786.32, 198611, 39
1364, 0, 0, 29, 29, 1, 37.86%, 0, 0, 2, 786.04, 202676, 39
1369, 0, 0, 29, 29, 1, 37.86%, 0, 0, 2, 820.00, 206020, 39
1374, 0, 0, 29, 29, 1, 37.86%, 0, 0, 2, 806.30, 210096, 39
1379, 0, 0, 29, 29, 1, 37.86%, 0, 0, 2, 784.90, 213821, 39
1384, 0, 0, 29, 29, 1, 37.86%, 0, 0, 2, 803.30, 218051, 39
1389, 0, 0, 29, 29, 1, 37.86%, 0, 0, 2, 813.11, 222160, 39
1394, 0, 0, 29, 29, 1, 37.86%, 0, 0, 2, 818.09, 226432, 39
1400, 0, 0, 29, 29, 1, 37.86%, 0, 0, 2, 787.38, 230486, 39
1405, 0, 0, 29, 29, 1, 37.86%, 0, 0, 2, 802.91, 234576, 39
1410, 0, 0, 29, 29, 1, 37.86%, 0, 0, 2, 788.88, 238571, 39
1415, 0, 0, 29, 29, 1, 37.86%, 0, 0, 2, 563.77, 241696, 39
1420, 0, 0, 29, 29, 1, 37.86%, 0, 0, 2, 780.01, 246026, 39
1425, 0, 0, 30, 30, 1, 37.86%, 0, 0, 2, 794.98, 250098, 39
1430, 0, 0, 30, 30, 1, 37.86%, 0, 0, 2, 789.07, 254088, 39
1435, 0, 0, 30, 30, 1, 37.86%, 0, 0, 2, 783.76, 257973, 39
1440, 0, 0, 30, 30, 1, 37.86%, 0, 0, 2, 799.71, 261918, 39
1445, 0, 0, 30, 30, 1, 37.86%, 0, 0, 2, 831.59, 266263, 39
1451, 0, 0, 30, 30, 1, 37.86%, 0, 0, 2, 832.44, 270551, 39
1456, 0, 0, 30, 30, 1, 37.86%, 0, 0, 2, 785.46, 274327, 39
1461, 0, 0, 30, 30, 1, 37.86%, 0, 0, 2, 826.93, 278519, 39
1466, 0, 0, 30, 30, 1, 37.86%, 0, 0, 2, 836.29, 282807, 39
1471, 0, 0, 30, 30, 1, 37.86%, 0, 0, 2, 826.45, 287079, 39
1476, 0, 0, 30, 30, 1, 37.86%, 0, 0, 2, 855.34, 291344, 39
1481, 0, 0, 30, 30, 1, 37.86%, 0, 0, 2, 840.14, 295623, 39
1486, 0, 0, 30, 30, 1, 37.86%, 0, 0, 2, 838.66, 299783, 39
1492, 0, 0, 30, 30, 1, 37.86%, 0, 0, 2, 836.53, 303991, 39
1497, 0, 0, 30, 30, 1, 37.86%, 0, 0, 2, 838.43, 308215, 39
1502, 0, 0, 30, 30, 1, 37.86%, 0, 0, 2, 846.41, 312471, 39
1507, 0, 0, 30, 30, 1, 37.86%, 0, 0, 2, 851.11, 316871, 39
1512, 0, 0, 30, 30, 1, 37.86%, 0, 0, 2, 824.20, 320951, 39
1517, 0, 0, 30, 30, 1, 37.86%, 0, 0, 2, 817.79, 325127, 39
1522, 0, 0, 30, 30, 1, 37.86%, 0, 0, 2, 750.93, 328548, 39
1528, 0, 0, 30, 30, 1, 37.86%, 0, 0, 2, 838.26, 332903, 39
1533, 0, 0, 30, 30, 1, 37.86%, 0, 0, 2, 871.84, 337312, 39
1538, 0, 0, 30, 30, 1, 37.86%, 0, 0, 2, 870.25, 341664, 39
1543, 0, 0, 30, 30, 1, 37.86%, 0, 0, 2, 843.19, 345879, 39
1548, 0, 0, 30, 30, 1, 37.86%, 0, 0, 2, 848.03, 350135, 39
1553, 0, 0, 30, 30, 1, 37.86%, 0, 0, 2, 852.11, 354343, 39
1558, 0, 0, 30, 30, 1, 37.86%, 0, 0, 2, 863.41, 358647, 39
1563, 0, 0, 30, 30, 1, 37.86%, 0, 0, 2, 866.52, 362982, 39
1568, 0, 0, 30, 30, 1, 37.86%, 0, 0, 2, 865.78, 367368, 39
1573, 0, 0, 30, 30, 1, 37.86%, 0, 0, 2, 863.23, 371686, 39
1578, 0, 0, 30, 30, 1, 37.86%, 0, 0, 2, 872.80, 376004, 39
1583, 0, 0, 30, 30, 1, 37.86%, 0, 0, 2, 862.28, 380509, 39
1588, 0, 0, 30, 30, 1, 37.86%, 0, 0, 2, 872.31, 384929, 39
1593, 0, 0, 30, 30, 1, 37.86%, 0, 0, 2, 855.23, 389230, 39
1598, 0, 0, 30, 30, 1, 37.86%, 0, 0, 2, 856.36, 393548, 39
1603, 0, 0, 30, 30, 1, 37.86%, 0, 0, 2, 867.91, 398087, 39
1608, 0, 0, 30, 30, 1, 37.86%, 0, 0, 2, 853.59, 402439, 39
1614, 0, 0, 30, 30, 1, 37.86%, 0, 0, 2, 866.99, 406995, 39
1619, 0, 0, 30, 30, 1, 37.86%, 0, 0, 2, 881.56, 411568, 39
1624, 0, 0, 30, 30, 1, 37.86%, 0, 0, 2, 881.81, 416175, 39
1629, 0, 0, 30, 30, 1, 37.86%, 0, 0, 2, 875.83, 420748, 39
1634, 0, 0, 30, 30, 1, 37.86%, 0, 0, 2, 875.16, 425151, 39
1639, 0, 0, 30, 30, 1, 37.86%, 0, 0, 2, 850.39, 429447, 39
1644, 0, 0, 30, 30, 1, 37.86%, 0, 0, 2, 875.25, 434042, 39
1650, 0, 0, 30, 30, 1, 37.86%, 0, 0, 2, 888.18, 438649, 39
1655, 0, 0, 30, 30, 1, 37.86%, 0, 0, 2, 883.78, 443086, 39
1660, 0, 0, 30, 30, 1, 37.86%, 0, 0, 2, 882.41, 447523, 39
1665, 0, 0, 30, 30, 1, 37.86%, 0, 0, 2, 856.64, 451960, 39
1670, 0, 0, 30, 30, 1, 37.86%, 0, 0, 2, 858.14, 456431, 39
1675, 0, 0, 30, 30, 1, 37.86%, 0, 0, 2, 870.52, 460817, 39
1680, 0, 0, 30, 30, 1, 37.86%, 0, 0, 2, 869.98, 465322, 39
1686, 0, 0, 30, 30, 1, 37.86%, 0, 0, 2, 884.21, 469912, 39
1691, 0, 0, 30, 30, 1, 37.86%, 0, 0, 2, 874.05, 474417, 39
1696, 0, 0, 30, 30, 1, 37.86%, 0, 0, 2, 875.14, 478803, 39
1701, 0, 0, 30, 30, 1, 37.86%, 0, 0, 2, 878.96, 483325, 39
1706, 0, 0, 30, 30, 1, 37.86%, 0, 0, 2, 876.23, 487847, 39
1711, 0, 0, 30, 30, 1, 37.86%, 0, 0, 2, 886.03, 492454, 39
1717, 0, 0, 30, 30, 1, 37.86%, 0, 0, 2, 890.06, 497027, 39
1722, 0, 17, 38, 36, 13, 39.81%, 0, 0, 3, 878.89, 501421, 41
1727, 0, 17, 38, 36, 13, 39.81%, 0, 0, 3, 899.29, 505552, 41
1732, 0, 30, 45, 41, 13, 40.78%, 0, 0, 3, 881.42, 509999, 42
1737, 0, 30, 49, 45, 13, 42.72%, 0, 0, 3, 891.39, 514583, 44
1742, 0, 30, 53, 49, 13, 44.66%, 0, 0, 3, 900.07, 519082, 46
1747, 0, 46, 60, 53, 15, 45.63%, 0, 0, 4, 906.95, 523627, 47
1752, 0, 46, 64, 57, 15, 46.60%, 0, 0, 4, 902.85, 528299, 48
1757, 0, 46, 65, 58, 15, 46.60%, 0, 0, 4, 872.28, 532688, 48
1762, 0, 60, 68, 58, 14, 46.60%, 0, 0, 5, 909.42, 537404, 48
1768, 0, 19, 72, 57, 9, 46.60%, 0, 0, 5, 912.40, 542134, 48
1773, 0, 50, 72, 48, 0, 46.60%, 0, 0, 5, 909.68, 546837, 48
1778, 0, 41, 75, 51, 0, 46.60%, 0, 0, 5, 904.29, 551356, 48
1783, 0, 50, 75, 51, 0, 46.60%, 0, 0, 5, 897.53, 555869, 48
1788, 0, 50, 78, 54, 0, 46.60%, 0, 0, 5, 900.81, 560401, 48
1793, 0, 25, 80, 56, 0, 49.51%, 0, 0, 5, 905.86, 565075, 51
1798, 0, 52, 80, 55, 0, 49.51%, 0, 0, 5, 900.91, 569600, 51
1803, 0, 79, 80, 55, 0, 49.51%, 0, 0, 5, 877.65, 573998, 51
1808, 0, 79, 83, 58, 0, 51.46%, 0, 0, 5, 892.61, 578680, 53
1813, 0, 82, 85, 58, 2, 53.40%, 0, 0, 5, 883.77, 583131, 55
1819, 0, 83, 85, 56, 0, 53.40%, 0, 0, 5, 887.13, 587767, 55
1822, 0, 83, 87, 58, 0, 57.28%, 1, 0, 5, 0.00, 590672, 59
