# relative_time, cycles_done, cur_item, corpus_count, pending_total, pending_favs, map_size, saved_crashes, saved_hangs, max_depth, execs_per_sec, total_execs, edges_found
74, 0, 0, 6, 4, 0, 32.05%, 0, 0, 2, 0.04, 1803, 25
79, 0, 0, 6, 4, 0, 32.05%, 0, 0, 2, 221.77, 1863, 25
122, 0, 0, 6, 4, 0, 32.05%, 0, 0, 2, 1.38, 3740, 25
128, 0, 0, 10, 8, 0, 32.05%, 0, 0, 2, 700.28, 5244, 25
176, 0, 0, 10, 7, 0, 32.05%, 0, 0, 2, 2.59, 7623, 25
181, 0, 0, 15, 12, 0, 33.33%, 0, 0, 2, 684.98, 11198, 26
215, 0, 0, 15, 12, 0, 33.33%, 0, 0, 2, 3.89, 11640, 26
222, 0, 0, 15, 12, 0, 33.33%, 0, 0, 2, 0.69, 11645, 26
264, 0, 0, 15, 12, 0, 33.33%, 0, 0, 2, 1.01, 13551, 26
269, 0, 10, 15, 11, 1, 33.33%, 0, 0, 2, 714.38, 17207, 26
307, 0, 0, 16, 11, 0, 33.33%, 0, 0, 2, 2.06, 17432, 26
346, 0, 0, 18, 12, 0, 34.62%, 0, 0, 3, 3.07, 19937, 27
352, 0, 19, 21, 12, 0, 39.74%, 0, 0, 4, 682.86, 23400, 31
385, 0, 19, 23, 14, 0, 39.74%, 0, 0, 4, 2.41, 23934, 31
420, 0, 19, 24, 15, 0, 39.74%, 0, 0, 4, 0.40, 25709, 31
428, 0, 19, 24, 15, 0, 39.74%, 0, 0, 4, 33.22, 29258, 31
455, 0, 19, 24, 15, 0, 39.74%, 0, 0, 4, 0.04, 29259, 31
487, 0, 20, 25, 16, 0, 39.74%, 0, 0, 4, 4.75, 30326, 31
492, 0, 20, 29, 20, 0, 43.59%, 0, 0, 5, 714.53, 33952, 34
523, 0, 20, 29, 20, 0, 43.59%, 0, 0, 5, 3.28, 34512, 34
528, 0, 20, 33, 24, 0, 43.59%, 0, 0, 5, 710.76, 38264, 34
558, 0, 20, 33, 24, 0, 43.59%, 0, 0, 5, 0.48, 38726, 34
592, 0, 20, 33, 24, 0, 43.59%, 0, 0, 5, 2.62, 40476, 34
597, 0, 20, 34, 25, 0, 43.59%, 0, 0, 5, 715.10, 44093, 34
626, 0, 28, 35, 25, 2, 43.59%, 0, 0, 6, 4.46, 44687, 34
657, 0, 25, 38, 27, 1, 43.59%, 0, 0, 6, 4.14, 47574, 34
665, 0, 17, 38, 26, 0, 43.59%, 0, 0, 6, 10.50, 49935, 34
680, 0, 17, 38, 26, 0, 43.59%, 0, 0, 6, 1.05, 49951, 34
713, 0, 27, 43, 31, 0, 46.15%, 0, 0, 6, 13.37, 52836, 36
713, 0, 27, 43, 31, 0, 46.15%, 0, 0, 6, 0.05, 52837, 36
718, 0, 27, 44, 32, 0, 46.15%, 0, 0, 6, 726.93, 56637, 36
740, 0, 27, 44, 32, 0, 46.15%, 0, 0, 6, 2.58, 57099, 36
748, 0, 27, 44, 32, 0, 46.15%, 0, 0, 6, 20.24, 58891, 36
762, 0, 27, 44, 32, 0, 46.15%, 0, 0, 6, 0.43, 58897, 36
788, 0, 27, 44, 32, 0, 46.15%, 0, 0, 6, 5.83, 62303, 36
794, 0, 28, 47, 33, 0, 46.15%, 0, 0, 7, 726.38, 66072, 36
817, 0, 0, 47, 33, 0, 46.15%, 0, 0, 7, 4.32, 66324, 36
837, 0, 0, 47, 33, 0, 46.15%, 0, 0, 7, 1.65, 68699, 36
842, 0, 41, 49, 34, 0, 46.15%, 0, 0, 7, 741.44, 72411, 36
864, 0, 41, 49, 34, 0, 46.15%, 0, 0, 7, 4.52, 72821, 36
892, 1, 0, 49, 33, 0, 46.15%, 0, 0, 7, 5.85, 76542, 36
898, 1, 41, 53, 37, 0, 46.15%, 0, 0, 7, 743.49, 80340, 36
916, 1, 25, 53, 37, 0, 46.15%, 0, 0, 7, 5.03, 81045, 36
921, 1, 40, 56, 40, 0, 46.15%, 0, 0, 7, 7.11, 83524, 36
934, 1, 40, 56, 40, 0, 46.15%, 0, 0, 7, 1.30, 83540, 36
942, 1, 28, 56, 38, 0, 46.15%, 0, 0, 7, 18.09, 86080, 36
947, 1, 28, 56, 38, 0, 46.15%, 0, 0, 7, 12.46, 86090, 36
954, 1, 28, 56, 38, 0, 46.15%, 0, 0, 7, 2.45, 86107, 36
959, 1, 0, 56, 36, 0, 46.15%, 0, 0, 7, 738.69, 89970, 36
969, 1, 0, 56, 36, 0, 46.15%, 0, 0, 7, 2.82, 90689, 36
974, 1, 0, 57, 37, 0, 46.15%, 0, 0, 7, 724.74, 94512, 36
991, 1, 0, 57, 37, 0, 46.15%, 0, 0, 7, 1.05, 94888, 36
1006, 1, 0, 57, 37, 0, 46.15%, 0, 0, 7, 13.44, 97927, 36
1027, 1, 27, 57, 36, 0, 46.15%, 0, 0, 7, 9.15, 101364, 36
1041, 2, 41, 58, 36, 0, 46.15%, 0, 0, 7, 11.39, 105023, 36
1046, 2, 41, 62, 37, 0, 47.44%, 0, 0, 7, 740.52, 108753, 37
1051, 2, 41, 63, 38, 0, 47.44%, 0, 0, 7, 3.08, 109228, 37
1064, 2, 41, 63, 38, 0, 47.44%, 0, 0, 7, 2.94, 109240, 37
1069, 2, 63, 70, 44, 0, 51.28%, 0, 0, 7, 733.17, 112962, 40
1078, 2, 63, 70, 44, 0, 51.28%, 0, 0, 7, 1.37, 113573, 40
1097, 2, 63, 72, 46, 0, 52.56%, 0, 0, 7, 6.91, 115510, 41
1102, 2, 63, 75, 49, 0, 52.56%, 0, 0, 7, 739.06, 119233, 41
1115, 2, 63, 76, 50, 0, 52.56%, 0, 0, 7, 9.99, 120273, 41
1120, 2, 70, 80, 53, 2, 52.56%, 0, 0, 7, 709.44, 123901, 41
1130, 2, 70, 80, 53, 2, 52.56%, 0, 0, 7, 15.91, 124360, 41
1147, 2, 66, 82, 53, 0, 52.56%, 0, 0, 7, 2.33, 127289, 41
1152, 2, 83, 85, 56, 0, 52.56%, 0, 0, 7, 733.10, 131114, 41
1157, 2, 83, 87, 58, 0, 52.56%, 0, 0, 7, 758.52, 132655, 41
1171, 2, 0, 87, 57, 0, 52.56%, 0, 0, 7, 5.31, 134465, 41
1176, 2, 0, 88, 58, 0, 52.56%, 0, 0, 7, 738.35, 138296, 41
1181, 2, 0, 89, 58, 0, 52.56%, 0, 0, 7, 743.72, 140649, 41
1190, 2, 0, 89, 58, 0, 52.56%, 0, 0, 7, 5.10, 141290, 41
1195, 2, 66, 90, 59, 0, 52.56%, 0, 0, 7, 743.52, 145057, 41
1205, 2, 20, 91, 60, 0, 52.56%, 0, 0, 7, 2.38, 146651, 41
1210, 2, 58, 96, 64, 0, 52.56%, 0, 0, 7, 731.73, 150385, 41
1219, 2, 70, 97, 65, 0, 52.56%, 0, 0, 7, 7.76, 151823, 41
1224, 2, 0, 98, 66, 0, 52.56%, 0, 0, 7, 718.13, 155435, 41
1230, 2, 91, 98, 66, 0, 52.56%, 0, 0, 7, 7.16, 156528, 41
1238, 2, 40, 99, 66, 0, 52.56%, 0, 0, 7, 2.60, 159132, 41
1243, 2, 0, 99, 64, 0, 52.56%, 0, 0, 7, 705.07, 162828, 41
1248, 2, 0, 99, 64, 0, 52.56%, 0, 0, 7, 743.13, 165095, 41
1254, 2, 19, 100, 65, 0, 52.56%, 0, 0, 7, 16.13, 165504, 41
1259, 2, 0, 100, 65, 0, 52.56%, 0, 0, 7, 709.01, 168310, 41
1264, 3, 89, 100, 65, 0, 52.56%, 0, 0, 7, 740.84, 172212, 41
1271, 3, 0, 100, 64, 0, 52.56%, 0, 0, 7, 7.85, 172864, 41
1276, 3, 28, 102, 66, 0, 52.56%, 0, 0, 7, 726.06, 176466, 41
1285, 3, 27, 103, 67, 0, 52.56%, 0, 0, 7, 20.66, 179565, 41
1290, 3, 17, 104, 68, 0, 52.56%, 0, 0, 7, 766.02, 183457, 41
1295, 3, 0, 104, 68, 0, 52.56%, 0, 0, 7, 779.00, 187369, 41
1301, 3, 68, 104, 68, 0, 52.56%, 0, 0, 7, 0.50, 188300, 41
1306, 3, 0, 104, 67, 0, 52.56%, 0, 0, 7, 767.53, 192334, 41
1311, 3, 0, 104, 66, 0, 52.56%, 0, 0, 7, 772.57, 196223, 41
1316, 3, 0, 104, 66, 0, 52.56%, 0, 0, 7, 766.17, 200200, 41
1321, 3, 96, 104, 65, 0, 52.56%, 0, 0, 7, 743.06, 204073, 41
1326, 3, 0, 104, 62, 0, 52.56%, 0, 0, 7, 729.32, 207677, 41
1331, 3, 0, 104, 62, 0, 52.56%, 0, 0, 7, 765.57, 211568, 41
1339, 3, 20, 104, 61, 0, 52.56%, 0, 0, 7, 12.63, 214907, 41
1344, 4, 13, 105, 62, 0, 52.56%, 0, 0, 7, 594.95, 218324, 41
1349, 4, 0, 106, 62, 0, 52.56%, 0, 0, 7, 746.05, 222394, 41
1354, 4, 66, 109, 65, 0, 52.56%, 0, 0, 7, 742.84, 226065, 41
1359, 4, 0, 109, 65, 0, 52.56%, 0, 0, 7, 757.83, 229922, 41
1364, 4, 0, 109, 65, 0, 52.56%, 0, 0, 7, 764.42, 233815, 41
1369, 4, 0, 109, 65, 0, 52.56%, 1, 0, 7, 0.00, 237116, 41
