# relative_time, cycles_done, cur_item, corpus_count, pending_total, pending_favs, map_size, saved_crashes, saved_hangs, max_depth, execs_per_sec, total_execs, edges_found
77, 0, 0, 12, 12, 1, 33.33%, 0, 0, 2, 0.04, 1633, 26
78, 0, 0, 13, 13, 1, 33.33%, 0, 0, 2, 422.33, 1721, 26
89, 0, 0, 14, 14, 1, 33.33%, 0, 0, 2, 1.95, 2824, 26
121, 0, 0, 14, 14, 1, 33.33%, 0, 0, 2, 0.12, 2828, 26
127, 0, 0, 15, 15, 1, 34.62%, 0, 0, 2, 343.07, 3557, 27
170, 0, 0, 16, 16, 1, 34.62%, 0, 0, 2, 20.70, 4698, 27
170, 0, 0, 16, 16, 1, 34.62%, 0, 0, 2, 0.03, 4699, 27
175, 0, 0, 16, 16, 1, 34.62%, 0, 0, 2, 0.36, 4701, 27
180, 0, 0, 16, 16, 1, 34.62%, 0, 0, 2, 348.75, 6510, 27
221, 0, 0, 17, 17, 1, 35.90%, 0, 0, 2, 0.17, 6750, 28
263, 0, 0, 17, 17, 1, 35.90%, 0, 0, 2, 0.62, 7699, 28
268, 0, 0, 17, 17, 1, 35.90%, 0, 0, 2, 375.96, 9613, 28
306, 0, 0, 17, 17, 1, 35.90%, 0, 0, 2, 0.19, 9725, 28
345, 0, 0, 17, 17, 1, 35.90%, 0, 0, 2, 0.58, 11027, 28
350, 0, 0, 17, 17, 1, 35.90%, 0, 0, 2, 349.34, 12745, 28
384, 0, 0, 17, 17, 1, 35.90%, 0, 0, 2, 1.94, 13043, 28
419, 0, 0, 17, 17, 1, 35.90%, 0, 0, 2, 0.64, 13953, 28
454, 0, 0, 17, 17, 1, 35.90%, 0, 0, 2, 0.46, 15766, 28
462, 0, 0, 17, 17, 1, 35.90%, 0, 0, 2, 9.69, 16319, 28
486, 0, 0, 17, 17, 1, 35.90%, 0, 0, 2, 0.42, 16329, 28
491, 0, 0, 17, 17, 1, 35.90%, 0, 0, 2, 363.41, 18181, 28
522, 0, 0, 17, 17, 1, 35.90%, 0, 0, 2, 2.57, 18426, 28
527, 0, 0, 17, 17, 1, 35.90%, 0, 0, 2, 374.00, 20379, 28
557, 0, 0, 17, 17, 1, 35.90%, 0, 0, 2, 2.38, 20673, 28
591, 0, 0, 19, 19, 1, 39.74%, 0, 0, 2, 1.53, 21604, 31
596, 0, 0, 19, 19, 1, 39.74%, 0, 0, 2, 374.35, 23522, 31
625, 0, 0, 20, 20, 1, 41.03%, 0, 0, 2, 1.74, 23837, 32
656, 0, 0, 21, 21, 1, 42.31%, 0, 0, 2, 1.77, 25437, 33
664, 0, 0, 21, 21, 1, 42.31%, 0, 0, 2, 2.97, 26765, 33
679, 0, 0, 21, 21, 1, 42.31%, 0, 0, 2, 0.33, 26770, 33
712, 0, 0, 22, 22, 1, 42.31%, 0, 0, 2, 1.96, 28396, 33
717, 0, 0, 22, 22, 1, 42.31%, 0, 0, 2, 406.23, 30484, 33
739, 0, 0, 22, 22, 1, 42.31%, 0, 0, 2, 1.61, 30669, 33
747, 0, 0, 22, 22, 1, 42.31%, 0, 0, 2, 8.73, 31684, 33
761, 0, 0, 22, 22, 1, 42.31%, 0, 0, 2, 0.43, 31690, 33
769, 0, 0, 22, 22, 1, 42.31%, 0, 0, 2, 2.37, 33581, 33
787, 0, 0, 22, 22, 1, 42.31%, 0, 0, 2, 0.24, 33583, 33
793, 0, 0, 23, 23, 1, 43.59%, 0, 0, 2, 431.83, 35747, 34
816, 0, 0, 23, 23, 1, 43.59%, 0, 0, 2, 4.18, 35939, 34
836, 0, 0, 23, 23, 1, 43.59%, 0, 0, 2, 1.06, 37432, 34
841, 0, 0, 24, 24, 1, 44.87%, 0, 0, 2, 502.93, 39840, 35
863, 0, 0, 24, 24, 1, 44.87%, 0, 0, 2, 3.73, 40120, 35
892, 0, 0, 24, 24, 1, 44.87%, 0, 0, 2, 2.51, 42590, 35
897, 0, 0, 24, 24, 1, 44.87%, 0, 0, 2, 463.42, 44945, 35
915, 0, 0, 25, 25, 1, 44.87%, 0, 0, 2, 5.64, 45339, 35
933, 0, 0, 25, 25, 1, 44.87%, 0, 0, 2, 0.77, 47026, 35
941, 0, 0, 25, 25, 1, 44.87%, 0, 0, 2, 5.60, 48561, 35
946, 0, 0, 25, 25, 1, 44.87%, 0, 0, 2, 10.73, 48568, 35
953, 0, 0, 25, 25, 1, 44.87%, 0, 0, 2, 10.20, 48583, 35
958, 0, 0, 25, 25, 1, 44.87%, 0, 0, 2, 494.09, 51054, 35
968, 0, 0, 25, 25, 1, 44.87%, 0, 0, 2, 2.14, 51637, 35
974, 0, 0, 25, 25, 1, 44.87%, 0, 0, 2, 581.76, 54671, 35
990, 0, 0, 25, 25, 1, 44.87%, 0, 0, 2, 6.07, 55012, 35
1006, 0, 0, 26, 26, 1, 44.87%, 0, 0, 2, 9.44, 57544, 35
1026, 0, 0, 26, 26, 1, 44.87%, 0, 0, 2, 3.05, 60436, 35
1040, 0, 0, 28, 28, 1, 44.87%, 0, 0, 2, 14.32, 63522, 35
1045, 0, 0, 28, 28, 1, 44.87%, 0, 0, 2, 618.92, 66714, 35
1063, 0, 0, 28, 28, 1, 44.87%, 0, 0, 2, 2.63, 67038, 35
1068, 0, 0, 28, 28, 1, 44.87%, 0, 0, 2, 641.68, 70302, 35
1078, 0, 0, 28, 28, 1, 44.87%, 0, 0, 2, 8.54, 70806, 35
1096, 0, 0, 28, 28, 1, 44.87%, 0, 0, 2, 4.75, 72512, 35
1101, 0, 0, 28, 28, 1, 44.87%, 0, 0, 2, 701.41, 76014, 35
1114, 0, 0, 28, 28, 1, 44.87%, 0, 0, 2, 1.12, 76898, 35
1119, 0, 0, 28, 28, 1, 44.87%, 0, 0, 2, 700.74, 80447, 35
1129, 0, 0, 28, 28, 1, 44.87%, 0, 0, 2, 14.84, 80894, 35
1146, 0, 0, 28, 28, 1, 44.87%, 0, 0, 2, 8.66, 83750, 35
1151, 0, 0, 28, 28, 1, 44.87%, 0, 0, 2, 669.35, 87207, 35
1156, 0, 0, 28, 28, 1, 44.87%, 0, 0, 2, 761.92, 88863, 35
1170, 0, 0, 28, 28, 1, 44.87%, 0, 0, 2, 7.41, 90764, 35
1175, 0, 0, 28, 28, 1, 44.87%, 0, 0, 2, 710.20, 94418, 35
1180, 0, 0, 28, 28, 1, 44.87%, 0, 0, 2, 719.74, 96742, 35
1189, 0, 0, 28, 28, 1, 44.87%, 0, 0, 2, 13.41, 97316, 35
1194, 0, 0, 28, 28, 1, 44.87%, 0, 0, 2, 741.56, 100998, 35
1204, 0, 0, 28, 28, 1, 44.87%, 0, 0, 2, 1.75, 102496, 35
1209, 0, 0, 29, 29, 1, 46.15%, 0, 0, 2, 722.67, 106115, 36
1218, 0, 0, 29, 29, 1, 46.15%, 0, 0, 2, 1.95, 107445, 36
1223, 0, 0, 30, 30, 1, 46.15%, 0, 0, 2, 721.73, 111050, 36
1229, 0, 0, 30, 30, 1, 46.15%, 0, 0, 2, 29.70, 112254, 36
1237, 0, 0, 30, 30, 1, 46.15%, 0, 0, 2, 13.96, 114928, 36
1242, 0, 28, 36, 33, 7, 47.44%, 0, 0, 3, 681.42, 118538, 37
1248, 0, 18, 37, 32, 6, 47.44%, 0, 0, 3, 740.25, 120626, 37
1253, 0, 22, 37, 30, 4, 47.44%, 0, 0, 3, 20.72, 120976, 37
1258, 0, 33, 44, 32, 0, 50.00%, 0, 0, 4, 757.69, 123785, 39
1263, 0, 41, 49, 36, 0, 52.56%, 0, 0, 4, 747.08, 127591, 41
1270, 0, 41, 49, 36, 0, 52.56%, 0, 0, 4, 22.45, 128333, 41
1275, 0, 47, 51, 36, 0, 52.56%, 0, 0, 5, 767.40, 132107, 41
1284, 0, 47, 52, 37, 0, 52.56%, 0, 0, 5, 18.47, 134897, 41
1289, 0, 19, 56, 41, 0, 52.56%, 0, 0, 5, 774.53, 138852, 41
1292, 0, 46, 57, 42, 0, 52.56%, 1, 0, 5, 0.00, 140950, 41
