# relative_time, cycles_done, cur_item, corpus_count, pending_total, pending_favs, map_size, saved_crashes, saved_hangs, max_depth, execs_per_sec, total_execs, edges_found
77, 0, 0, 7, 5, 0, 31.52%, 0, 0, 2, 0.25, 1796, 29
78, 0, 0, 7, 5, 0, 31.52%, 0, 0, 2, 115.94, 1822, 29
122, 0, 0, 8, 6, 0, 31.52%, 0, 0, 2, 0.99, 3048, 29
127, 0, 0, 8, 6, 0, 31.52%, 0, 0, 2, 400.80, 3899, 29
176, 0, 0, 9, 7, 0, 31.52%, 0, 0, 2, 1.09, 5130, 29
181, 0, 0, 9, 7, 0, 31.52%, 0, 0, 2, 393.84, 7146, 29
215, 0, 7, 9, 6, 1, 31.52%, 0, 0, 2, 2.25, 7494, 29
222, 0, 7, 9, 6, 1, 31.52%, 0, 0, 2, 2.14, 7498, 29
264, 0, 5, 10, 6, 0, 31.52%, 0, 0, 3, 0.03, 8610, 29
269, 0, 5, 18, 14, 0, 34.78%, 0, 0, 3, 439.63, 10849, 32
306, 0, 5, 18, 14, 0, 34.78%, 0, 0, 3, 0.22, 10985, 32
346, 0, 5, 18, 14, 0, 34.78%, 0, 0, 3, 1.97, 12505, 32
351, 0, 5, 19, 15, 0, 38.04%, 0, 0, 3, 406.66, 14568, 35
384, 0, 5, 19, 15, 0, 38.04%, 0, 0, 3, 0.99, 14864, 35
420, 0, 5, 19, 15, 0, 38.04%, 0, 0, 3, 2.90, 15936, 35
455, 0, 5, 21, 17, 0, 40.22%, 0, 0, 3, 2.08, 18054, 37
463, 0, 5, 21, 17, 0, 40.22%, 0, 0, 3, 13.48, 18702, 37
487, 0, 5, 21, 17, 0, 40.22%, 0, 0, 3, 0.17, 18706, 37
492, 0, 17, 26, 17, 3, 42.39%, 0, 0, 4, 406.63, 20755, 39
522, 0, 19, 27, 17, 2, 42.39%, 0, 0, 4, 2.01, 21091, 39
527, 0, 21, 31, 19, 0, 42.39%, 0, 0, 5, 405.84, 23203, 39
557, 0, 21, 33, 21, 0, 43.48%, 0, 0, 5, 2.45, 23521, 40
592, 0, 21, 36, 24, 0, 43.48%, 0, 0, 5, 1.50, 24532, 40
597, 0, 16, 39, 26, 0, 43.48%, 0, 0, 5, 404.17, 26656, 40
625, 0, 16, 39, 26, 0, 43.48%, 0, 0, 5, 2.97, 26929, 40
656, 0, 16, 43, 30, 0, 43.48%, 0, 0, 5, 2.47, 28647, 40
665, 0, 32, 45, 32, 0, 43.48%, 0, 0, 6, 0.90, 30073, 40
680, 0, 32, 45, 32, 0, 43.48%, 0, 0, 6, 0.89, 30085, 40
713, 0, 32, 45, 32, 0, 43.48%, 0, 0, 6, 1.96, 31841, 40
718, 0, 32, 48, 35, 0, 43.48%, 0, 0, 6, 435.57, 34082, 40
740, 0, 32, 48, 35, 0, 43.48%, 0, 0, 6, 1.11, 34278, 40
748, 0, 16, 48, 35, 0, 43.48%, 0, 0, 6, 14.03, 35365, 40
762, 0, 16, 48, 35, 0, 43.48%, 0, 0, 6, 0.51, 35372, 40
788, 0, 16, 49, 36, 0, 43.48%, 0, 0, 6, 1.05, 37345, 40
793, 0, 16, 52, 39, 0, 43.48%, 0, 0, 6, 423.65, 39508, 40
801, 0, 16, 52, 39, 0, 43.48%, 0, 0, 6, 6.13, 39652, 40
816, 0, 16, 52, 39, 0, 43.48%, 0, 0, 6, 0.67, 39662, 40
837, 0, 16, 52, 39, 0, 43.48%, 0, 0, 6, 2.12, 41123, 40
842, 0, 16, 52, 39, 0, 43.48%, 0, 0, 6, 488.59, 43478, 40
864, 0, 16, 52, 39, 0, 43.48%, 0, 0, 6, 3.29, 43751, 40
892, 0, 25, 52, 39, 0, 43.48%, 0, 0, 6, 1.51, 46080, 40
897, 0, 16, 52, 39, 0, 43.48%, 0, 0, 6, 488.24, 48347, 40
916, 0, 16, 52, 39, 0, 43.48%, 0, 0, 6, 1.03, 48859, 40
933, 1, 42, 54, 41, 0, 43.48%, 0, 0, 6, 5.81, 50407, 40
947, 1, 16, 56, 42, 0, 43.48%, 0, 0, 6, 4.76, 51925, 40
954, 1, 16, 56, 42, 0, 43.48%, 0, 0, 6, 4.55, 51935, 40
959, 1, 18, 57, 43, 0, 43.48%, 0, 0, 6, 451.41, 54197, 40
964, 1, 18, 58, 44, 0, 43.48%, 0, 0, 6, 2.27, 54707, 40
969, 1, 18, 58, 44, 0, 43.48%, 0, 0, 6, 2.59, 54746, 40
974, 1, 16, 58, 44, 0, 43.48%, 0, 0, 6, 444.96, 56982, 40
991, 1, 16, 58, 44, 0, 43.48%, 0, 0, 6, 3.94, 57356, 40
1006, 1, 16, 60, 46, 0, 43.48%, 0, 0, 6, 1.59, 59169, 40
1018, 1, 25, 60, 46, 0, 43.48%, 0, 0, 6, 6.37, 61239, 40
1026, 1, 25, 60, 46, 0, 43.48%, 0, 0, 6, 0.12, 61240, 40
1040, 1, 16, 60, 46, 0, 43.48%, 0, 0, 6, 3.73, 63473, 40
1046, 1, 16, 60, 46, 0, 43.48%, 0, 0, 6, 468.59, 65900, 40
1064, 1, 16, 60, 46, 0, 43.48%, 0, 0, 6, 4.96, 66108, 40
1069, 1, 21, 60, 46, 0, 43.48%, 0, 0, 6, 518.72, 68832, 40
1078, 1, 21, 60, 46, 0, 43.48%, 0, 0, 6, 11.89, 69145, 40
1097, 1, 25, 60, 46, 0, 43.48%, 0, 0, 6, 4.74, 70578, 40
1102, 1, 16, 60, 46, 0, 43.48%, 0, 0, 6, 598.85, 73637, 40
1115, 1, 16, 61, 47, 0, 43.48%, 0, 0, 6, 6.55, 74308, 40
1120, 1, 7, 61, 47, 0, 43.48%, 0, 0, 6, 623.99, 77552, 40
1130, 1, 7, 61, 47, 0, 43.48%, 0, 0, 6, 2.58, 77841, 40
1146, 1, 46, 62, 48, 0, 44.57%, 0, 0, 7, 7.43, 80314, 41
1152, 1, 32, 64, 48, 0, 44.57%, 0, 0, 7, 619.83, 83464, 41
1157, 1, 61, 67, 51, 0, 45.65%, 0, 0, 8, 685.11, 84998, 42
1170, 1, 61, 67, 51, 0, 45.65%, 0, 0, 8, 4.60, 86571, 42
1175, 1, 61, 68, 52, 0, 45.65%, 0, 0, 8, 723.16, 89672, 42
1181, 1, 61, 69, 53, 0, 45.65%, 0, 0, 8, 630.91, 91881, 42
1190, 1, 61, 69, 53, 0, 45.65%, 0, 0, 8, 14.36, 92601, 42
1195, 1, 61, 69, 53, 0, 45.65%, 0, 0, 8, 693.89, 96306, 42
1205, 1, 61, 69, 53, 0, 45.65%, 0, 0, 8, 17.09, 97445, 42
1210, 1, 61, 69, 53, 0, 45.65%, 0, 0, 8, 702.96, 100843, 42
1219, 1, 16, 69, 52, 0, 45.65%, 0, 0, 8, 20.51, 102090, 42
1224, 1, 50, 69, 52, 0, 45.65%, 0, 0, 8, 697.24, 105557, 42
1229, 1, 15, 69, 51, 0, 45.65%, 0, 0, 8, 3.95, 106763, 42
1238, 1, 65, 69, 50, 0, 45.65%, 0, 0, 8, 15.65, 109295, 42
1243, 1, 65, 70, 51, 0, 45.65%, 0, 0, 9, 675.76, 112825, 42
1248, 1, 65, 70, 51, 0, 45.65%, 0, 0, 9, 718.82, 114984, 42
1255, 1, 65, 70, 51, 0, 45.65%, 0, 0, 9, 15.81, 115580, 42
1260, 1, 65, 70, 51, 0, 45.65%, 0, 0, 9, 725.62, 119266, 42
1270, 1, 32, 71, 52, 0, 45.65%, 0, 0, 9, 27.52, 122788, 42
1275, 1, 16, 71, 51, 0, 45.65%, 0, 0, 9, 713.23, 126408, 42
1285, 1, 65, 71, 51, 0, 45.65%, 0, 0, 9, 23.29, 129479, 42
1290, 1, 16, 71, 51, 0, 45.65%, 0, 0, 9, 772.86, 133418, 42
1295, 1, 16, 71, 51, 0, 45.65%, 0, 0, 9, 779.44, 137348, 42
1300, 1, 16, 71, 51, 0, 45.65%, 0, 0, 9, 3.37, 138353, 42
1306, 1, 57, 71, 51, 0, 45.65%, 0, 0, 9, 792.41, 142275, 42
1311, 1, 16, 71, 50, 0, 45.65%, 0, 0, 9, 770.56, 146160, 42
1316, 1, 32, 71, 50, 0, 45.65%, 0, 0, 9, 775.54, 150136, 42
1321, 1, 16, 71, 50, 0, 45.65%, 0, 0, 9, 768.88, 154112, 42
1326, 1, 16, 71, 50, 0, 45.65%, 0, 0, 9, 756.85, 157857, 42
1331, 2, 65, 71, 50, 0, 45.65%, 0, 0, 9, 774.21, 161748, 42
1339, 2, 7, 73, 52, 0, 45.65%, 0, 0, 9, 31.09, 165043, 42
1344, 2, 71, 75, 54, 0, 45.65%, 0, 0, 9, 190.58, 168789, 42
1349, 2, 71, 81, 60, 0, 45.65%, 0, 0, 9, 640.79, 172673, 42
1354, 2, 71, 83, 62, 0, 45.65%, 0, 0, 9, 727.83, 176443, 42
1359, 2, 19, 83, 61, 0, 45.65%, 0, 0, 9, 767.67, 180450, 42
1364, 2, 16, 85, 63, 0, 45.65%, 0, 0, 9, 770.00, 184323, 42
1369, 2, 16, 86, 64, 0, 45.65%, 0, 0, 9, 752.82, 188125, 42
1374, 2, 74, 88, 66, 0, 45.65%, 0, 0, 9, 782.68, 192093, 42
1379, 2, 32, 88, 65, 0, 45.65%, 0, 0, 9, 748.43, 195872, 42
1384, 2, 19, 92, 69, 0, 46.74%, 0, 0, 9, 764.63, 199751, 43
1389, 2, 79, 95, 71, 0, 48.91%, 0, 0, 9, 792.64, 203119, 45
1395, 2, 16, 97, 72, 0, 48.91%, 0, 0, 9, 755.43, 206801, 45
1400, 2, 93, 98, 73, 0, 48.91%, 0, 0, 9, 740.03, 210554, 45
1402, 2, 92, 98, 72, 0, 48.91%, 1, 0, 9, 0.00, 212480, 45
