# relative_time, cycles_done, cur_item, corpus_count, pending_total, pending_favs, map_size, saved_crashes, saved_hangs, max_depth, execs_per_sec, total_execs, edges_found
77, 0, 1, 11, 9, 0, 25.26%, 0, 0, 3, 0.04, 1706, 24
78, 0, 1, 11, 9, 0, 25.26%, 0, 0, 3, 430.00, 1794, 24
89, 0, 1, 13, 11, 0, 25.26%, 0, 0, 3, 7.03, 3325, 24
122, 0, 1, 13, 11, 0, 25.26%, 0, 0, 3, 0.06, 3327, 24
127, 0, 11, 14, 11, 1, 25.26%, 0, 0, 3, 511.60, 4388, 24
170, 0, 10, 15, 11, 0, 25.26%, 0, 0, 4, 2.12, 5982, 24
175, 0, 10, 15, 11, 0, 25.26%, 0, 0, 4, 2.02, 5985, 24
180, 1, 10, 15, 11, 0, 25.26%, 0, 0, 4, 497.53, 8550, 24
214, 1, 10, 15, 11, 0, 25.26%, 0, 0, 4, 3.56, 8896, 24
222, 1, 10, 15, 11, 0, 25.26%, 0, 0, 4, 0.14, 8897, 24
263, 1, 16, 19, 14, 0, 26.32%, 0, 0, 4, 0.08, 10354, 25
268, 1, 16, 21, 16, 0, 28.42%, 0, 0, 5, 592.93, 13380, 27
306, 1, 16, 21, 16, 0, 28.42%, 0, 0, 5, 0.11, 13538, 27
346, 1, 16, 22, 17, 0, 28.42%, 0, 0, 5, 2.52, 15586, 27
351, 1, 20, 23, 16, 0, 28.42%, 0, 0, 6, 544.17, 18358, 27
384, 1, 20, 23, 16, 0, 28.42%, 0, 0, 6, 3.70, 18725, 27
389, 1, 20, 23, 16, 0, 28.42%, 0, 0, 6, 6.92, 20146, 27
419, 1, 20, 23, 16, 0, 28.42%, 0, 0, 6, 0.03, 20147, 27
455, 1, 20, 23, 16, 0, 28.42%, 0, 0, 6, 3.45, 22936, 27
486, 1, 20, 23, 16, 0, 28.42%, 0, 0, 6, 3.99, 23836, 27
491, 1, 20, 23, 16, 0, 28.42%, 0, 0, 6, 539.39, 26568, 27
522, 1, 20, 23, 16, 0, 28.42%, 0, 0, 6, 2.51, 27023, 27
527, 1, 20, 23, 16, 0, 28.42%, 0, 0, 6, 545.23, 29889, 27
557, 1, 20, 23, 16, 0, 28.42%, 0, 0, 6, 2.73, 30307, 27
591, 1, 20, 23, 16, 0, 28.42%, 0, 0, 6, 1.56, 31675, 27
596, 2, 19, 23, 15, 0, 28.42%, 0, 0, 6, 551.48, 34476, 27
625, 2, 19, 23, 15, 0, 28.42%, 0, 0, 6, 2.23, 34869, 27
656, 2, 16, 25, 17, 0, 28.42%, 0, 0, 6, 4.35, 37248, 27
664, 2, 10, 29, 21, 0, 31.58%, 0, 0, 6, 6.47, 39241, 30
679, 2, 10, 29, 21, 0, 31.58%, 0, 0, 6, 0.78, 39253, 30
712, 2, 28, 40, 31, 0, 35.79%, 0, 0, 6, 2.52, 41741, 34
717, 2, 28, 46, 37, 0, 35.79%, 0, 0, 6, 682.92, 45162, 34
739, 2, 28, 46, 37, 0, 35.79%, 0, 0, 6, 0.56, 45455, 34
746, 2, 28, 49, 40, 0, 35.79%, 0, 0, 6, 28.93, 47155, 34
761, 2, 28, 49, 40, 0, 35.79%, 0, 0, 6, 1.29, 47167, 34
769, 2, 37, 54, 43, 2, 35.79%, 0, 0, 6, 37.10, 50176, 34
788, 2, 37, 54, 43, 2, 35.79%, 0, 0, 6, 0.25, 50178, 34
793, 2, 38, 57, 44, 0, 35.79%, 0, 0, 6, 676.36, 53486, 34
801, 2, 38, 57, 44, 0, 35.79%, 0, 0, 6, 3.34, 53826, 34
816, 2, 38, 57, 44, 0, 35.79%, 0, 0, 6, 0.33, 53831, 34
836, 2, 16, 57, 44, 0, 35.79%, 0, 0, 6, 2.46, 56131, 34
841, 2, 61, 62, 49, 1, 36.84%, 0, 0, 6, 703.64, 59761, 35
863, 2, 61, 62, 49, 1, 36.84%, 0, 0, 6, 5.22, 60013, 35
892, 2, 61, 64, 50, 0, 36.84%, 0, 0, 7, 1.63, 63470, 35
897, 2, 16, 67, 53, 0, 36.84%, 0, 0, 7, 643.87, 66772, 35
915, 2, 24, 67, 53, 0, 36.84%, 0, 0, 7, 7.49, 67333, 35
933, 2, 32, 68, 52, 0, 36.84%, 0, 0, 7, 6.79, 69556, 35
946, 2, 32, 68, 52, 0, 36.84%, 0, 0, 7, 5.57, 71819, 35
953, 2, 32, 68, 52, 0, 36.84%, 0, 0, 7, 5.37, 71836, 35
958, 2, 10, 69, 52, 0, 36.84%, 0, 0, 7, 648.29, 75224, 35
968, 2, 32, 70, 53, 0, 36.84%, 0, 0, 7, 7.45, 75878, 35
974, 3, 32, 70, 52, 0, 36.84%, 0, 0, 7, 623.44, 79004, 35
990, 3, 39, 70, 52, 0, 36.84%, 0, 0, 7, 1.73, 79440, 35
1006, 3, 39, 70, 51, 0, 36.84%, 0, 0, 7, 13.55, 82165, 35
1026, 3, 55, 70, 51, 0, 36.84%, 0, 0, 7, 0.89, 85222, 35
1040, 3, 16, 70, 49, 0, 36.84%, 0, 0, 7, 9.20, 88674, 35
1045, 3, 34, 71, 50, 0, 36.84%, 0, 0, 7, 652.41, 92077, 35
1064, 3, 34, 72, 51, 0, 36.84%, 0, 0, 7, 6.96, 92524, 35
1069, 3, 55, 72, 50, 0, 36.84%, 0, 0, 7, 672.32, 95947, 35
1078, 3, 69, 73, 51, 0, 36.84%, 0, 0, 7, 0.15, 96343, 35
1096, 3, 32, 73, 50, 0, 36.84%, 0, 0, 7, 6.96, 98272, 35
1101, 3, 49, 73, 50, 0, 36.84%, 0, 0, 7, 670.83, 101784, 35
1114, 3, 55, 73, 49, 0, 36.84%, 0, 0, 7, 8.82, 102482, 35
1119, 4, 10, 73, 49, 0, 36.84%, 0, 0, 7, 669.37, 105820, 35
1129, 4, 38, 73, 49, 0, 36.84%, 0, 0, 7, 11.89, 106236, 35
1146, 4, 10, 73, 49, 0, 36.84%, 0, 0, 7, 10.87, 108989, 35
1151, 4, 10, 73, 49, 0, 36.84%, 0, 0, 7, 651.20, 112460, 35
1156, 4, 10, 73, 49, 0, 36.84%, 0, 0, 7, 748.98, 114121, 35
1170, 4, 70, 73, 49, 0, 36.84%, 0, 0, 7, 3.72, 115718, 35
1175, 4, 32, 75, 49, 0, 36.84%, 0, 0, 7, 766.15, 119266, 35
1180, 4, 74, 76, 50, 0, 36.84%, 0, 0, 7, 744.93, 121590, 35
1189, 4, 74, 76, 50, 0, 36.84%, 0, 0, 7, 12.68, 122168, 35
1194, 4, 68, 77, 50, 0, 36.84%, 0, 0, 7, 449.29, 124617, 35
1204, 4, 68, 77, 50, 0, 36.84%, 0, 0, 7, 0.75, 125001, 35
1209, 4, 68, 77, 50, 0, 36.84%, 0, 0, 7, 201.85, 126015, 35
1218, 4, 68, 77, 50, 0, 36.84%, 0, 0, 7, 1.26, 126478, 35
1224, 4, 55, 78, 50, 0, 36.84%, 0, 0, 7, 674.32, 129763, 35
1229, 4, 55, 78, 50, 0, 36.84%, 0, 0, 7, 3.99, 130860, 35
1237, 4, 32, 78, 50, 0, 36.84%, 0, 0, 7, 18.98, 133197, 35
1243, 5, 20, 78, 49, 0, 36.84%, 0, 0, 7, 650.71, 136204, 35
1248, 5, 32, 78, 49, 0, 36.84%, 0, 0, 7, 713.01, 138195, 35
1254, 5, 39, 78, 49, 0, 36.84%, 0, 0, 7, 2.47, 138955, 35
1260, 5, 32, 78, 48, 0, 36.84%, 0, 0, 7, 652.36, 142379, 35
1270, 5, 10, 78, 48, 0, 36.84%, 0, 0, 7, 21.99, 145524, 35
1275, 5, 66, 78, 48, 0, 36.84%, 0, 0, 7, 566.95, 148514, 35
1284, 5, 10, 78, 47, 0, 36.84%, 0, 0, 7, 20.84, 150191, 35
1289, 5, 58, 78, 47, 0, 36.84%, 0, 0, 7, 668.05, 153501, 35
1294, 5, 61, 79, 47, 0, 36.84%, 0, 0, 7, 664.96, 156857, 35
1300, 5, 55, 79, 47, 0, 36.84%, 0, 0, 7, 19.08, 157577, 35
1305, 5, 32, 79, 45, 0, 36.84%, 0, 0, 7, 704.61, 161080, 35
1310, 6, 54, 79, 45, 0, 36.84%, 0, 0, 7, 693.07, 164525, 35
1315, 6, 38, 79, 43, 0, 36.84%, 0, 0, 7, 703.33, 167980, 35
1320, 6, 27, 79, 43, 0, 36.84%, 0, 0, 7, 669.93, 171323, 35
1325, 6, 32, 79, 42, 0, 36.84%, 0, 0, 7, 687.20, 174791, 35
1330, 6, 10, 80, 43, 0, 36.84%, 0, 0, 7, 702.20, 178471, 35
1338, 6, 78, 80, 43, 0, 36.84%, 0, 0, 7, 35.70, 181490, 35
1343, 6, 19, 80, 42, 0, 36.84%, 0, 0, 7, 552.22, 184664, 35
1348, 6, 79, 80, 42, 0, 36.84%, 0, 0, 7, 615.90, 188027, 35
1353, 6, 32, 80, 40, 0, 36.84%, 0, 0, 7, 633.00, 190963, 35
1358, 7, 72, 81, 41, 0, 36.84%, 0, 0, 7, 475.00, 193659, 35
1364, 7, 39, 82, 41, 0, 36.84%, 0, 0, 7, 546.56, 196408, 35
1369, 7, 20, 82, 40, 0, 36.84%, 0, 0, 7, 144.49, 199489, 35
1374, 7, 65, 82, 39, 0, 36.84%, 0, 0, 7, 362.53, 201888, 35
1379, 7, 39, 82, 38, 0, 36.84%, 0, 0, 7, 460.56, 203979, 35
1384, 7, 10, 83, 39, 0, 36.84%, 0, 0, 7, 605.06, 207117, 35
1389, 7, 10, 84, 40, 0, 36.84%, 0, 0, 7, 676.75, 210374, 35
1394, 7, 10, 84, 39, 0, 36.84%, 0, 0, 7, 591.02, 213260, 35
1400, 7, 76, 84, 39, 0, 36.84%, 0, 0, 7, 584.22, 216383, 35
1405, 7, 16, 84, 38, 0, 36.84%, 0, 0, 7, 644.25, 219702, 35
1410, 7, 32, 84, 38, 0, 36.84%, 0, 0, 7, 623.72, 222914, 35
1415, 8, 32, 84, 38, 0, 36.84%, 0, 0, 7, 500.65, 225025, 35
1420, 8, 39, 85, 39, 0, 36.84%, 0, 0, 7, 220.67, 228038, 35
1425, 8, 38, 85, 39, 0, 36.84%, 0, 0, 7, 545.64, 231395, 35
1430, 8, 32, 85, 39, 0, 36.84%, 0, 0, 7, 737.84, 234091, 35
1435, 8, 55, 85, 38, 0, 36.84%, 0, 0, 7, 647.65, 237049, 35
1440, 8, 32, 85, 36, 0, 36.84%, 0, 0, 7, 598.49, 239774, 35
1446, 8, 55, 85, 35, 0, 36.84%, 0, 0, 7, 674.19, 243284, 35
1451, 8, 10, 85, 35, 0, 36.84%, 0, 0, 7, 582.67, 246187, 35
1456, 8, 39, 85, 35, 0, 36.84%, 0, 0, 7, 590.03, 249314, 35
1461, 8, 84, 85, 35, 0, 36.84%, 0, 0, 7, 96.25, 251003, 35
1466, 8, 84, 85, 35, 0, 36.84%, 0, 0, 7, 96.06, 251490, 35
1471, 8, 84, 85, 35, 0, 36.84%, 0, 0, 7, 96.60, 251984, 35
1476, 8, 39, 86, 35, 0, 36.84%, 0, 0, 7, 607.33, 254803, 35
1482, 9, 39, 86, 34, 0, 36.84%, 0, 0, 7, 592.82, 257750, 35
1487, 9, 38, 86, 34, 0, 36.84%, 0, 0, 7, 591.10, 260853, 35
1492, 9, 81, 86, 34, 0, 36.84%, 0, 0, 7, 123.76, 261570, 35
1497, 9, 81, 86, 34, 0, 36.84%, 0, 0, 7, 122.28, 262184, 35
1502, 9, 81, 86, 34, 0, 36.84%, 0, 0, 7, 125.13, 262831, 35
1507, 9, 20, 86, 33, 0, 36.84%, 0, 0, 7, 468.17, 265690, 35
1512, 9, 19, 86, 33, 0, 36.84%, 0, 0, 7, 679.64, 268632, 35
1518, 9, 19, 86, 33, 0, 36.84%, 0, 0, 7, 577.73, 271389, 35
1523, 9, 10, 86, 33, 0, 36.84%, 0, 0, 7, 604.00, 274516, 35
1528, 9, 63, 86, 33, 0, 36.84%, 0, 0, 7, 658.30, 277832, 35
1533, 9, 10, 86, 32, 0, 36.84%, 0, 0, 7, 587.08, 280919, 35
1538, 9, 55, 86, 32, 0, 36.84%, 0, 0, 7, 557.34, 283802, 35
1543, 9, 32, 86, 32, 0, 36.84%, 0, 0, 7, 537.21, 286344, 35
1548, 10, 19, 86, 32, 0, 36.84%, 0, 0, 7, 447.76, 288357, 35
1553, 10, 39, 86, 32, 0, 36.84%, 0, 0, 7, 584.27, 291572, 35
1558, 10, 32, 86, 32, 0, 36.84%, 0, 0, 7, 715.90, 294386, 35
1564, 10, 38, 86, 31, 0, 36.84%, 0, 0, 7, 624.68, 297497, 35
1569, 10, 19, 86, 31, 0, 36.84%, 0, 0, 7, 344.48, 300364, 35
1574, 10, 62, 86, 31, 0, 36.84%, 0, 0, 7, 604.74, 303707, 35
1579, 10, 10, 86, 30, 0, 36.84%, 0, 0, 7, 556.10, 306625, 35
1584, 10, 20, 86, 30, 0, 36.84%, 0, 0, 7, 535.53, 309431, 35
1589, 10, 32, 86, 30, 0, 36.84%, 0, 0, 7, 566.46, 312303, 35
1594, 10, 19, 86, 30, 0, 36.84%, 0, 0, 7, 607.12, 315338, 35
1599, 11, 10, 86, 30, 0, 36.84%, 0, 0, 7, 585.99, 318460, 35
1604, 11, 10, 86, 30, 0, 36.84%, 0, 0, 7, 598.08, 321501, 35
1610, 11, 10, 86, 30, 0, 36.84%, 0, 0, 7, 521.43, 324025, 35
1615, 11, 10, 86, 29, 0, 36.84%, 0, 0, 7, 601.31, 327231, 35
1620, 11, 10, 86, 29, 0, 36.84%, 0, 0, 7, 578.72, 330048, 35
1625, 11, 55, 86, 29, 0, 36.84%, 0, 0, 7, 640.63, 333212, 35
1630, 11, 16, 86, 28, 0, 36.84%, 0, 0, 7, 399.86, 336459, 35
1635, 11, 39, 86, 28, 0, 36.84%, 0, 0, 7, 549.01, 339534, 35
1640, 11, 20, 86, 28, 0, 36.84%, 0, 0, 7, 756.81, 342420, 35
1645, 11, 55, 86, 28, 0, 36.84%, 0, 0, 7, 744.34, 346043, 35
1650, 12, 10, 86, 28, 0, 36.84%, 0, 0, 7, 758.80, 349004, 35
1655, 12, 70, 86, 28, 0, 36.84%, 0, 0, 7, 271.48, 352091, 35
1661, 12, 61, 86, 27, 0, 36.84%, 0, 0, 7, 522.27, 355209, 35
1666, 12, 38, 86, 27, 0, 36.84%, 0, 0, 7, 590.34, 358257, 35
1671, 12, 10, 86, 27, 0, 36.84%, 0, 0, 7, 641.22, 360685, 35
1676, 12, 38, 86, 27, 0, 36.84%, 0, 0, 7, 703.43, 363709, 35
1681, 12, 32, 86, 27, 0, 36.84%, 0, 0, 7, 632.14, 366713, 35
1686, 12, 32, 86, 27, 0, 36.84%, 0, 0, 7, 744.53, 369600, 35
1691, 12, 10, 86, 26, 0, 36.84%, 0, 0, 7, 674.64, 372729, 35
1696, 12, 32, 86, 26, 0, 36.84%, 0, 0, 7, 590.52, 375562, 35
1701, 13, 10, 86, 26, 0, 36.84%, 0, 0, 7, 550.62, 378390, 35
1706, 13, 39, 86, 26, 0, 36.84%, 0, 0, 7, 618.81, 381606, 35
1712, 13, 20, 86, 26, 0, 36.84%, 0, 0, 7, 563.40, 384329, 35
1717, 13, 10, 86, 26, 0, 36.84%, 0, 0, 7, 792.09, 386991, 35
1722, 13, 55, 86, 26, 0, 36.84%, 0, 0, 7, 667.12, 390136, 35
1727, 13, 55, 86, 26, 0, 36.84%, 0, 0, 7, 785.17, 393132, 35
1732, 13, 19, 86, 26, 0, 36.84%, 0, 0, 7, 645.82, 396152, 35
1737, 13, 32, 86, 26, 0, 36.84%, 0, 0, 7, 592.62, 399073, 35
1742, 13, 32, 86, 26, 0, 36.84%, 0, 0, 7, 592.36, 401983, 35
1747, 13, 38, 86, 26, 0, 36.84%, 0, 0, 7, 608.64, 404848, 35
1752, 14, 38, 86, 26, 0, 36.84%, 0, 0, 7, 558.36, 407463, 35
1757, 14, 32, 86, 26, 0, 36.84%, 0, 0, 7, 571.24, 410375, 35
1762, 14, 61, 86, 26, 0, 36.84%, 0, 0, 7, 461.73, 412552, 35
1768, 14, 16, 86, 26, 0, 36.84%, 0, 0, 7, 548.17, 415544, 35
1773, 14, 12, 86, 26, 0, 36.84%, 0, 0, 7, 557.50, 418450, 35
1778, 14, 71, 86, 25, 0, 36.84%, 0, 0, 7, 749.22, 421540, 35
1783, 14, 10, 86, 24, 0, 36.84%, 0, 0, 7, 661.10, 424669, 35
1788, 14, 10, 86, 24, 0, 36.84%, 0, 0, 7, 569.51, 427579, 35
1793, 14, 55, 86, 24, 0, 36.84%, 0, 0, 7, 560.41, 430475, 35
1798, 14, 80, 86, 24, 0, 36.84%, 0, 0, 7, 347.69, 432341, 35
1803, 14, 80, 86, 24, 0, 36.84%, 0, 0, 7, 196.79, 433145, 35
1808, 14, 16, 86, 23, 0, 36.84%, 0, 0, 7, 456.21, 435514, 35
1814, 15, 32, 86, 23, 0, 36.84%, 0, 0, 7, 639.15, 438921, 35
1819, 15, 32, 86, 23, 0, 36.84%, 0, 0, 7, 658.27, 442227, 35
1824, 15, 32, 86, 23, 0, 36.84%, 0, 0, 7, 603.36, 445304, 35
1829, 15, 10, 86, 23, 0, 36.84%, 0, 0, 7, 648.09, 448619, 35
1834, 15, 61, 86, 23, 0, 36.84%, 0, 0, 7, 641.42, 451880, 35
1839, 15, 10, 86, 23, 0, 36.84%, 0, 0, 7, 571.49, 454678, 35
1845, 15, 10, 87, 24, 0, 36.84%, 0, 0, 7, 629.81, 457963, 35
1850, 15, 38, 87, 24, 0, 36.84%, 0, 0, 7, 582.61, 460939, 35
1855, 15, 38, 87, 24, 0, 36.84%, 0, 0, 7, 656.71, 464267, 35
1860, 16, 10, 87, 24, 0, 36.84%, 0, 0, 7, 624.57, 467350, 35
1865, 16, 32, 87, 24, 0, 36.84%, 0, 0, 7, 605.86, 470315, 35
1870, 16, 39, 87, 23, 0, 36.84%, 0, 0, 7, 507.62, 472969, 35
1875, 16, 10, 87, 23, 0, 36.84%, 0, 0, 7, 585.57, 476019, 35
1880, 16, 39, 87, 23, 0, 36.84%, 0, 0, 7, 561.29, 479005, 35
1885, 16, 32, 87, 23, 0, 36.84%, 0, 0, 7, 603.04, 482089, 35
1890, 16, 32, 87, 23, 0, 36.84%, 0, 0, 7, 625.56, 485221, 35
1896, 16, 10, 87, 23, 0, 36.84%, 0, 0, 7, 587.33, 488213, 35
1901, 16, 31, 87, 23, 0, 36.84%, 0, 0, 7, 617.19, 491084, 35
1906, 17, 10, 87, 21, 0, 36.84%, 0, 0, 7, 645.89, 494431, 35
1911, 17, 10, 87, 21, 0, 36.84%, 0, 0, 7, 667.55, 497800, 35
1916, 17, 53, 87, 21, 0, 36.84%, 0, 0, 7, 616.34, 500883, 35
1921, 17, 61, 87, 20, 0, 36.84%, 0, 0, 7, 583.59, 503675, 35
1926, 17, 10, 87, 19, 0, 36.84%, 0, 0, 7, 608.56, 506863, 35
1931, 17, 10, 87, 19, 0, 36.84%, 0, 0, 7, 598.60, 509756, 35
1936, 17, 61, 87, 19, 0, 36.84%, 0, 0, 7, 615.61, 512991, 35
1941, 17, 61, 87, 19, 0, 36.84%, 0, 0, 7, 539.01, 515662, 35
1947, 17, 20, 87, 19, 0, 36.84%, 0, 0, 7, 595.51, 518813, 35
1952, 17, 32, 87, 19, 0, 36.84%, 0, 0, 7, 447.78, 521647, 35
1957, 18, 38, 87, 19, 0, 36.84%, 0, 0, 7, 555.40, 524695, 35
1962, 18, 19, 87, 19, 0, 36.84%, 0, 0, 7, 574.42, 527799, 35
1967, 18, 32, 87, 19, 0, 36.84%, 0, 0, 7, 685.11, 530463, 35
1972, 18, 39, 87, 19, 0, 36.84%, 0, 0, 7, 646.12, 533598, 35
1977, 18, 10, 87, 19, 0, 36.84%, 0, 0, 7, 611.76, 536493, 35
1982, 18, 10, 87, 19, 0, 36.84%, 0, 0, 7, 576.08, 539363, 35
1987, 18, 20, 87, 19, 0, 36.84%, 0, 0, 7, 593.29, 542250, 35
1993, 18, 32, 87, 19, 0, 36.84%, 0, 0, 7, 626.34, 545502, 35
1998, 18, 55, 87, 19, 0, 36.84%, 0, 0, 7, 589.32, 548214, 35
2003, 18, 38, 87, 19, 0, 36.84%, 0, 0, 7, 593.49, 551142, 35
2008, 19, 10, 87, 19, 0, 36.84%, 0, 0, 7, 627.08, 554396, 35
2013, 19, 32, 87, 18, 0, 36.84%, 0, 0, 7, 605.37, 557414, 35
2018, 19, 61, 87, 18, 0, 36.84%, 0, 0, 7, 623.90, 560644, 35
2023, 19, 19, 87, 18, 0, 36.84%, 0, 0, 7, 568.52, 563570, 35
2029, 19, 32, 87, 18, 0, 36.84%, 0, 0, 7, 615.53, 566825, 35
2034, 19, 32, 87, 18, 0, 36.84%, 0, 0, 7, 581.79, 569767, 35
2039, 19, 39, 87, 17, 0, 36.84%, 0, 0, 7, 592.82, 572725, 35
2044, 19, 57, 87, 17, 0, 36.84%, 0, 0, 7, 568.88, 575738, 35
2049, 19, 32, 87, 16, 0, 36.84%, 0, 0, 7, 586.21, 578635, 35
2054, 19, 10, 87, 16, 0, 36.84%, 0, 0, 7, 564.94, 581578, 35
2059, 20, 20, 87, 16, 0, 36.84%, 0, 0, 7, 608.42, 584702, 35
2064, 20, 55, 87, 16, 0, 36.84%, 0, 0, 7, 637.30, 587933, 35
2069, 20, 61, 87, 16, 0, 36.84%, 0, 0, 7, 598.47, 590786, 35
2074, 20, 20, 87, 16, 0, 36.84%, 0, 0, 7, 613.46, 593758, 35
2080, 20, 32, 87, 15, 0, 36.84%, 0, 0, 7, 568.26, 596682, 35
2085, 20, 10, 87, 15, 0, 36.84%, 0, 0, 7, 672.48, 600159, 35
2090, 20, 20, 87, 15, 0, 36.84%, 0, 0, 7, 669.90, 603493, 35
2095, 20, 55, 87, 15, 0, 36.84%, 0, 0, 7, 667.61, 606735, 35
2100, 20, 32, 87, 15, 0, 36.84%, 0, 0, 7, 630.07, 610055, 35
2105, 21, 10, 87, 15, 0, 36.84%, 0, 0, 7, 671.80, 613379, 35
2110, 21, 32, 87, 15, 0, 36.84%, 0, 0, 7, 611.97, 616295, 35
2115, 21, 19, 87, 15, 0, 36.84%, 0, 0, 7, 618.45, 619331, 35
2120, 21, 10, 87, 15, 0, 36.84%, 0, 0, 7, 537.34, 621950, 35
2126, 21, 10, 87, 15, 0, 36.84%, 0, 0, 7, 566.46, 624960, 35
2131, 21, 38, 87, 15, 0, 36.84%, 0, 0, 7, 624.57, 628167, 35
2136, 21, 10, 87, 15, 0, 36.84%, 0, 0, 7, 613.30, 631085, 35
2141, 21, 32, 87, 15, 0, 36.84%, 0, 0, 7, 592.22, 634033, 35
2146, 21, 32, 87, 15, 0, 36.84%, 0, 0, 7, 623.56, 637328, 35
2151, 22, 55, 87, 15, 0, 36.84%, 0, 0, 7, 622.09, 640501, 35
2156, 22, 32, 87, 15, 0, 36.84%, 0, 0, 7, 605.99, 643682, 35
2161, 22, 61, 87, 15, 0, 36.84%, 0, 0, 7, 176.80, 646858, 35
2166, 22, 39, 87, 15, 0, 36.84%, 0, 0, 7, 502.58, 649763, 35
2172, 22, 74, 87, 15, 0, 36.84%, 0, 0, 7, 514.27, 652435, 35
2177, 22, 61, 87, 15, 0, 36.84%, 0, 0, 7, 531.85, 655040, 35
2182, 22, 10, 87, 15, 0, 36.84%, 0, 0, 7, 625.69, 658222, 35
2187, 22, 32, 87, 15, 0, 36.84%, 0, 0, 7, 607.85, 661280, 35
2192, 22, 20, 87, 15, 0, 36.84%, 0, 0, 7, 567.61, 664154, 35
2197, 23, 38, 87, 15, 0, 36.84%, 0, 0, 7, 610.50, 667241, 35
2202, 23, 32, 87, 15, 0, 36.84%, 0, 0, 7, 673.19, 670666, 35
2207, 23, 61, 87, 15, 0, 36.84%, 0, 0, 7, 676.08, 674007, 35
2212, 23, 10, 87, 14, 0, 36.84%, 0, 0, 7, 562.80, 676557, 35
2218, 23, 61, 87, 14, 0, 36.84%, 0, 0, 7, 599.11, 679620, 35
2223, 23, 50, 87, 14, 0, 36.84%, 0, 0, 7, 608.77, 682601, 35
2228, 23, 10, 87, 13, 0, 36.84%, 0, 0, 7, 587.85, 685520, 35
2233, 23, 61, 87, 13, 0, 36.84%, 0, 0, 7, 603.02, 688522, 35
2238, 23, 19, 87, 13, 0, 36.84%, 0, 0, 7, 648.63, 691743, 35
2243, 23, 20, 87, 13, 0, 36.84%, 0, 0, 7, 650.91, 694955, 35
2248, 24, 38, 87, 13, 0, 36.84%, 0, 0, 7, 673.50, 698256, 35
2253, 24, 16, 87, 13, 0, 36.84%, 0, 0, 7, 635.72, 701432, 35
2258, 24, 61, 87, 13, 0, 36.84%, 0, 0, 7, 644.93, 704678, 35
2263, 24, 16, 87, 13, 0, 36.84%, 0, 0, 7, 636.60, 707851, 35
2269, 24, 55, 87, 13, 0, 36.84%, 0, 0, 7, 597.53, 710963, 35
2274, 24, 20, 87, 13, 0, 36.84%, 0, 0, 7, 604.04, 713914, 35
2279, 24, 32, 87, 13, 0, 36.84%, 0, 0, 7, 629.73, 717095, 35
2284, 24, 10, 87, 13, 0, 36.84%, 0, 0, 7, 602.90, 720054, 35
2289, 24, 38, 87, 13, 0, 36.84%, 0, 0, 7, 582.08, 723060, 35
2294, 25, 38, 87, 13, 0, 36.84%, 0, 0, 7, 551.08, 725737, 35
2299, 25, 10, 87, 13, 0, 36.84%, 0, 0, 7, 616.98, 728960, 35
2304, 25, 61, 87, 13, 0, 36.84%, 0, 0, 7, 605.67, 732018, 35
2310, 25, 20, 87, 13, 0, 36.84%, 0, 0, 7, 771.11, 735084, 35
2315, 25, 10, 87, 13, 0, 36.84%, 0, 0, 7, 579.32, 737916, 35
2320, 25, 20, 87, 13, 0, 36.84%, 0, 0, 7, 607.61, 741115, 35
2325, 25, 61, 87, 13, 0, 36.84%, 0, 0, 7, 626.83, 744365, 35
2330, 25, 39, 87, 13, 0, 36.84%, 0, 0, 7, 617.99, 747378, 35
2335, 25, 19, 87, 13, 0, 36.84%, 0, 0, 7, 608.78, 750419, 35
2340, 26, 55, 87, 13, 0, 36.84%, 0, 0, 7, 663.53, 753647, 35
2345, 26, 10, 87, 13, 0, 36.84%, 0, 0, 7, 651.30, 756887, 35
2350, 26, 10, 87, 13, 0, 36.84%, 0, 0, 7, 611.86, 759979, 35
2355, 26, 10, 87, 13, 0, 36.84%, 0, 0, 7, 634.66, 763264, 35
2360, 26, 32, 87, 13, 0, 36.84%, 0, 0, 7, 680.83, 766722, 35
2366, 26, 38, 87, 13, 0, 36.84%, 0, 0, 7, 697.46, 769584, 35
2371, 26, 19, 87, 13, 0, 36.84%, 0, 0, 7, 670.33, 772883, 35
2376, 26, 55, 87, 13, 0, 36.84%, 0, 0, 7, 664.74, 776132, 35
2381, 26, 32, 87, 13, 0, 36.84%, 0, 0, 7, 577.95, 779059, 35
2386, 27, 10, 87, 13, 0, 36.84%, 0, 0, 7, 603.67, 782154, 35
2391, 27, 19, 87, 13, 0, 36.84%, 0, 0, 7, 674.23, 785696, 35
2396, 27, 38, 87, 13, 0, 36.84%, 0, 0, 7, 612.63, 788745, 35
2401, 27, 55, 87, 13, 0, 36.84%, 0, 0, 7, 650.81, 792081, 35
2406, 27, 32, 87, 13, 0, 36.84%, 0, 0, 7, 788.69, 795100, 35
2411, 27, 10, 87, 13, 0, 36.84%, 0, 0, 7, 642.16, 798108, 35
2417, 27, 39, 87, 13, 0, 36.84%, 0, 0, 7, 612.53, 801302, 35
2422, 27, 61, 87, 13, 0, 36.84%, 0, 0, 7, 547.70, 804016, 35
2427, 27, 16, 87, 13, 0, 36.84%, 0, 0, 7, 574.91, 806903, 35
2432, 28, 38, 87, 13, 0, 36.84%, 0, 0, 7, 603.43, 810095, 35
2437, 28, 20, 87, 13, 0, 36.84%, 0, 0, 7, 630.09, 813282, 35
2442, 28, 61, 87, 13, 0, 36.84%, 0, 0, 7, 579.12, 816347, 35
2447, 28, 20, 87, 13, 0, 36.84%, 0, 0, 7, 594.49, 819337, 35
2452, 28, 32, 87, 13, 0, 36.84%, 0, 0, 7, 627.37, 822454, 35
2457, 28, 10, 87, 13, 0, 36.84%, 0, 0, 7, 564.42, 825417, 35
2463, 28, 19, 87, 13, 0, 36.84%, 0, 0, 7, 599.09, 828486, 35
2468, 28, 10, 87, 13, 0, 36.84%, 0, 0, 7, 628.69, 831646, 35
2473, 28, 32, 87, 13, 0, 36.84%, 0, 0, 7, 584.35, 834613, 35
2478, 29, 20, 87, 13, 0, 36.84%, 0, 0, 7, 625.01, 837842, 35
2483, 29, 20, 87, 13, 0, 36.84%, 0, 0, 7, 602.99, 840859, 35
2488, 29, 10, 87, 13, 0, 36.84%, 0, 0, 7, 615.87, 844071, 35
2493, 29, 32, 87, 13, 0, 36.84%, 0, 0, 7, 595.46, 847083, 35
2498, 29, 32, 87, 13, 0, 36.84%, 0, 0, 7, 643.15, 850525, 35
2503, 29, 10, 87, 13, 0, 36.84%, 0, 0, 7, 584.55, 853386, 35
2509, 29, 19, 87, 13, 0, 36.84%, 0, 0, 7, 578.80, 856467, 35
2514, 29, 10, 87, 13, 0, 36.84%, 0, 0, 7, 619.08, 859530, 35
2519, 29, 55, 87, 13, 0, 36.84%, 0, 0, 7, 621.83, 862529, 35
2524, 29, 10, 87, 13, 0, 36.84%, 0, 0, 7, 568.50, 865284, 35
2529, 30, 10, 87, 13, 0, 36.84%, 0, 0, 7, 627.94, 868541, 35
2534, 30, 16, 87, 13, 0, 36.84%, 0, 0, 7, 657.91, 871894, 35
2539, 30, 39, 87, 13, 0, 36.84%, 0, 0, 7, 596.08, 874712, 35
2544, 30, 32, 87, 13, 0, 36.84%, 0, 0, 7, 666.38, 878059, 35
2550, 30, 38, 87, 13, 0, 36.84%, 0, 0, 7, 619.97, 881173, 35
2555, 30, 10, 87, 13, 0, 36.84%, 0, 0, 7, 595.56, 884176, 35
2560, 30, 32, 87, 13, 0, 36.84%, 0, 0, 7, 606.76, 887287, 35
2565, 30, 10, 87, 13, 0, 36.84%, 0, 0, 7, 754.22, 890613, 35
2570, 31, 61, 87, 13, 0, 36.84%, 0, 0, 7, 578.64, 893407, 35
2575, 31, 16, 87, 13, 0, 36.84%, 0, 0, 7, 621.69, 896492, 35
2580, 31, 38, 87, 13, 0, 36.84%, 0, 0, 7, 576.57, 899350, 35
2586, 31, 10, 87, 13, 0, 36.84%, 0, 0, 7, 613.05, 902471, 35
2591, 31, 19, 87, 13, 0, 36.84%, 0, 0, 7, 583.44, 905386, 35
2596, 31, 5, 87, 13, 0, 36.84%, 0, 0, 7, 638.27, 908683, 35
2601, 31, 32, 87, 12, 0, 36.84%, 0, 0, 7, 645.70, 912099, 35
2606, 31, 16, 87, 12, 0, 36.84%, 0, 0, 7, 623.93, 915305, 35
2611, 31, 38, 87, 12, 0, 36.84%, 0, 0, 7, 610.44, 918431, 35
2616, 32, 20, 87, 12, 0, 36.84%, 0, 0, 7, 617.48, 921699, 35
2621, 32, 86, 87, 12, 0, 36.84%, 0, 0, 7, 485.60, 924249, 35
2627, 32, 19, 87, 11, 0, 36.84%, 0, 0, 7, 484.21, 926466, 35
2632, 32, 32, 87, 11, 0, 36.84%, 0, 0, 7, 632.73, 929854, 35
2637, 32, 10, 87, 11, 0, 36.84%, 0, 0, 7, 178.88, 932815, 35
2642, 32, 20, 87, 11, 0, 36.84%, 0, 0, 7, 521.47, 935940, 35
2647, 32, 32, 87, 11, 0, 36.84%, 0, 0, 7, 545.01, 938801, 35
2652, 32, 16, 87, 11, 0, 36.84%, 0, 0, 7, 640.13, 942210, 35
2657, 32, 20, 87, 11, 0, 36.84%, 0, 0, 7, 695.57, 945098, 35
2662, 32, 38, 87, 11, 0, 36.84%, 0, 0, 7, 634.76, 948326, 35
2667, 33, 55, 87, 11, 0, 36.84%, 0, 0, 7, 635.86, 951440, 35
2672, 33, 55, 87, 11, 0, 36.84%, 0, 0, 7, 685.95, 954889, 35
2678, 33, 38, 87, 11, 0, 36.84%, 0, 0, 7, 708.39, 957706, 35
2683, 33, 10, 87, 11, 0, 36.84%, 0, 0, 7, 594.44, 960514, 35
2688, 33, 32, 87, 11, 0, 36.84%, 0, 0, 7, 643.11, 963645, 35
2693, 33, 10, 87, 11, 0, 36.84%, 0, 0, 7, 634.67, 966833, 35
2698, 33, 61, 87, 11, 0, 36.84%, 0, 0, 7, 551.75, 969550, 35
2703, 33, 38, 87, 11, 0, 36.84%, 0, 0, 7, 572.23, 972242, 35
2708, 33, 10, 87, 11, 0, 36.84%, 0, 0, 7, 630.58, 975599, 35
2713, 33, 55, 87, 11, 0, 36.84%, 0, 0, 7, 673.54, 978625, 35
2718, 34, 32, 87, 11, 0, 36.84%, 0, 0, 7, 644.51, 981853, 35
2723, 34, 55, 87, 11, 0, 36.84%, 0, 0, 7, 618.71, 984980, 35
2729, 34, 32, 87, 11, 0, 36.84%, 0, 0, 7, 621.06, 988101, 35
2734, 34, 16, 87, 11, 0, 36.84%, 0, 0, 7, 619.99, 991234, 35
2739, 34, 32, 87, 11, 0, 36.84%, 0, 0, 7, 621.71, 994428, 35
2744, 34, 20, 87, 11, 0, 36.84%, 0, 0, 7, 596.98, 997520, 35
2749, 34, 39, 87, 11, 0, 36.84%, 0, 0, 7, 512.59, 1000119, 35
2754, 34, 32, 87, 11, 0, 36.84%, 0, 0, 7, 534.77, 1002866, 35
2760, 34, 10, 87, 11, 0, 36.84%, 0, 0, 7, 604.44, 1006202, 35
2765, 35, 10, 87, 11, 0, 36.84%, 0, 0, 7, 653.45, 1009552, 35
2770, 35, 55, 87, 11, 0, 36.84%, 0, 0, 7, 622.39, 1012681, 35
2775, 35, 38, 87, 11, 0, 36.84%, 0, 0, 7, 617.54, 1015771, 35
2780, 35, 38, 87, 11, 0, 36.84%, 0, 0, 7, 607.39, 1018751, 35
2785, 35, 10, 87, 11, 0, 36.84%, 0, 0, 7, 627.04, 1021729, 35
2790, 35, 10, 87, 11, 0, 36.84%, 0, 0, 7, 628.04, 1024907, 35
2795, 35, 61, 87, 11, 0, 36.84%, 0, 0, 7, 593.06, 1027979, 35
2800, 35, 61, 87, 11, 0, 36.84%, 0, 0, 7, 609.31, 1031038, 35
2805, 35, 32, 87, 11, 0, 36.84%, 0, 0, 7, 616.62, 1034232, 35
2810, 35, 32, 87, 11, 0, 36.84%, 0, 0, 7, 596.80, 1037181, 35
2816, 36, 10, 87, 11, 0, 36.84%, 0, 0, 7, 700.73, 1040269, 35
2821, 36, 10, 87, 11, 0, 36.84%, 0, 0, 7, 612.74, 1043295, 35
2826, 36, 55, 87, 11, 0, 36.84%, 0, 0, 7, 601.06, 1046495, 35
2831, 36, 39, 87, 11, 0, 36.84%, 0, 0, 7, 628.98, 1049761, 35
2836, 36, 39, 87, 11, 0, 36.84%, 0, 0, 7, 640.37, 1052878, 35
2841, 36, 10, 87, 11, 0, 36.84%, 0, 0, 7, 615.88, 1055904, 35
2846, 36, 19, 87, 10, 0, 36.84%, 0, 0, 7, 641.70, 1059214, 35
2851, 36, 38, 87, 10, 0, 36.84%, 0, 0, 7, 645.52, 1062266, 35
2856, 36, 61, 87, 10, 0, 36.84%, 0, 0, 7, 630.81, 1065393, 35
2861, 37, 10, 87, 10, 0, 36.84%, 0, 0, 7, 535.45, 1067982, 35
2867, 37, 16, 87, 10, 0, 36.84%, 0, 0, 7, 583.63, 1070848, 35
2872, 37, 38, 87, 10, 0, 36.84%, 0, 0, 7, 590.92, 1073894, 35
2877, 37, 20, 87, 10, 0, 36.84%, 0, 0, 7, 629.06, 1077162, 35
2882, 37, 16, 87, 10, 0, 36.84%, 0, 0, 7, 632.98, 1080366, 35
2887, 37, 10, 87, 10, 0, 36.84%, 0, 0, 7, 616.03, 1083631, 35
2892, 37, 20, 87, 10, 0, 36.84%, 0, 0, 7, 615.30, 1086793, 35
2897, 37, 55, 87, 10, 0, 36.84%, 0, 0, 7, 582.24, 1089770, 35
2903, 37, 10, 87, 10, 0, 36.84%, 0, 0, 7, 603.40, 1092855, 35
2908, 38, 16, 87, 10, 0, 36.84%, 0, 0, 7, 618.23, 1095938, 35
2913, 38, 67, 87, 10, 0, 36.84%, 0, 0, 7, 257.76, 1098102, 35
2918, 38, 67, 87, 10, 0, 36.84%, 0, 0, 7, 239.19, 1099306, 35
2923, 38, 39, 87, 9, 0, 36.84%, 0, 0, 7, 500.72, 1102066, 35
2928, 38, 32, 87, 9, 0, 36.84%, 0, 0, 7, 560.87, 1105072, 35
2933, 38, 10, 87, 9, 0, 36.84%, 0, 0, 7, 721.75, 1108087, 35
2938, 38, 10, 87, 9, 0, 36.84%, 0, 0, 7, 640.78, 1111203, 35
2943, 38, 20, 87, 9, 0, 36.84%, 0, 0, 7, 603.54, 1114216, 35
2949, 38, 10, 87, 9, 0, 36.84%, 0, 0, 7, 601.77, 1117196, 35
2954, 38, 55, 87, 9, 0, 36.84%, 0, 0, 7, 658.43, 1120707, 35
2959, 39, 19, 87, 9, 0, 36.84%, 0, 0, 7, 620.70, 1123770, 35
2964, 39, 10, 87, 9, 0, 36.84%, 0, 0, 7, 617.70, 1126856, 35
2969, 39, 32, 87, 9, 0, 36.84%, 0, 0, 7, 677.87, 1130123, 35
2974, 39, 10, 87, 9, 0, 36.84%, 0, 0, 7, 657.05, 1133522, 35
2979, 39, 10, 87, 9, 0, 36.84%, 0, 0, 7, 623.08, 1136580, 35
2984, 39, 10, 87, 9, 0, 36.84%, 0, 0, 7, 638.14, 1139933, 35
2990, 39, 61, 87, 9, 0, 36.84%, 0, 0, 7, 566.84, 1142830, 35
2995, 39, 32, 87, 8, 0, 36.84%, 0, 0, 7, 583.55, 1145846, 35
3000, 39, 32, 87, 8, 0, 36.84%, 0, 0, 7, 573.64, 1148833, 35
3005, 40, 32, 87, 8, 0, 36.84%, 0, 0, 7, 605.91, 1152076, 35
3010, 40, 32, 87, 8, 0, 36.84%, 0, 0, 7, 593.87, 1155168, 35
3015, 40, 82, 87, 8, 0, 36.84%, 0, 0, 7, 352.60, 1157003, 35
3020, 40, 82, 87, 8, 0, 36.84%, 0, 0, 7, 165.40, 1157579, 35
3025, 40, 82, 87, 8, 0, 36.84%, 0, 0, 7, 126.00, 1158175, 35
3031, 40, 10, 87, 7, 0, 36.84%, 0, 0, 7, 700.23, 1159017, 35
3036, 40, 61, 87, 7, 0, 36.84%, 0, 0, 7, 625.61, 1161952, 35
3041, 40, 16, 87, 7, 0, 36.84%, 0, 0, 7, 605.12, 1164984, 35
3046, 40, 20, 87, 7, 0, 36.84%, 0, 0, 7, 665.56, 1168370, 35
3051, 40, 32, 87, 7, 0, 36.84%, 0, 0, 7, 608.99, 1171321, 35
3056, 40, 10, 87, 7, 0, 36.84%, 0, 0, 7, 583.28, 1174380, 35
3061, 40, 20, 87, 6, 0, 36.84%, 0, 0, 7, 615.40, 1177669, 35
3066, 40, 87, 88, 7, 1, 37.89%, 0, 0, 7, 330.39, 1179129, 36
3071, 40, 87, 88, 7, 1, 37.89%, 0, 0, 7, 161.31, 1179714, 36
3076, 40, 87, 88, 7, 1, 37.89%, 0, 0, 7, 124.61, 1180309, 36
3082, 40, 55, 88, 6, 0, 37.89%, 0, 0, 7, 753.02, 1181400, 36
3087, 41, 87, 89, 7, 0, 37.89%, 0, 0, 7, 115.41, 1183535, 36
3092, 41, 87, 89, 7, 0, 37.89%, 0, 0, 7, 115.60, 1184135, 36
3097, 41, 87, 89, 7, 0, 37.89%, 0, 0, 7, 115.61, 1184731, 36
3102, 41, 87, 89, 7, 0, 37.89%, 0, 0, 7, 841.58, 1185461, 36
3107, 41, 38, 89, 7, 0, 37.89%, 0, 0, 7, 353.14, 1188084, 36
3112, 41, 32, 89, 7, 0, 37.89%, 0, 0, 7, 487.19, 1190633, 36
3117, 41, 20, 89, 7, 0, 37.89%, 0, 0, 7, 539.99, 1193630, 36
3122, 41, 87, 89, 7, 0, 37.89%, 0, 0, 7, 458.49, 1195971, 36
3127, 41, 20, 89, 7, 0, 37.89%, 0, 0, 7, 497.03, 1198395, 36
3132, 41, 87, 89, 7, 0, 37.89%, 0, 0, 7, 487.99, 1200921, 36
3138, 41, 38, 89, 7, 0, 37.89%, 0, 0, 7, 98.13, 1203244, 36
3143, 41, 10, 89, 7, 0, 37.89%, 0, 0, 7, 440.57, 1206000, 36
3148, 41, 10, 89, 7, 0, 37.89%, 0, 0, 7, 517.75, 1208815, 36
3153, 41, 19, 89, 7, 0, 37.89%, 0, 0, 7, 528.37, 1211583, 36
3158, 41, 10, 90, 8, 0, 37.89%, 0, 0, 7, 618.74, 1214551, 36
3163, 42, 61, 90, 8, 0, 37.89%, 0, 0, 7, 526.41, 1216966, 36
3168, 42, 20, 90, 8, 0, 37.89%, 0, 0, 7, 500.87, 1219492, 36
3173, 42, 38, 90, 8, 0, 37.89%, 0, 0, 7, 585.54, 1222759, 36
3178, 42, 16, 90, 8, 0, 37.89%, 0, 0, 7, 405.37, 1225404, 36
3183, 42, 10, 90, 8, 0, 37.89%, 0, 0, 7, 451.09, 1227847, 36
3189, 42, 20, 90, 8, 0, 37.89%, 0, 0, 7, 541.09, 1230664, 36
3194, 42, 38, 91, 9, 0, 37.89%, 0, 0, 7, 561.03, 1233322, 36
3199, 42, 16, 91, 9, 0, 37.89%, 0, 0, 7, 549.61, 1236155, 36
3204, 42, 16, 91, 9, 0, 37.89%, 0, 0, 7, 547.90, 1238876, 36
3209, 42, 38, 91, 9, 0, 37.89%, 0, 0, 7, 575.80, 1241797, 36
3214, 42, 10, 91, 9, 0, 37.89%, 0, 0, 7, 699.32, 1244797, 36
3219, 42, 87, 91, 9, 0, 37.89%, 0, 0, 7, 391.23, 1246612, 36
3224, 43, 16, 91, 9, 0, 37.89%, 0, 0, 7, 454.63, 1248968, 36
3230, 43, 39, 91, 9, 0, 37.89%, 0, 0, 7, 562.74, 1251772, 36
3235, 43, 61, 91, 9, 0, 37.89%, 0, 0, 7, 492.64, 1254157, 36
3240, 43, 32, 91, 9, 0, 37.89%, 0, 0, 7, 556.17, 1256973, 36
3245, 43, 38, 91, 9, 0, 37.89%, 0, 0, 7, 597.14, 1259933, 36
3250, 43, 39, 91, 9, 0, 37.89%, 0, 0, 7, 541.11, 1262792, 36
3255, 43, 55, 91, 9, 0, 37.89%, 0, 0, 7, 507.97, 1265365, 36
3260, 43, 16, 91, 9, 0, 37.89%, 0, 0, 7, 556.62, 1267985, 36
3265, 43, 19, 91, 9, 0, 37.89%, 0, 0, 7, 562.49, 1270905, 36
3270, 43, 39, 91, 9, 0, 37.89%, 0, 0, 7, 511.41, 1273478, 36
3276, 43, 32, 91, 9, 0, 37.89%, 0, 0, 7, 585.27, 1276466, 36
3281, 44, 20, 91, 9, 0, 37.89%, 0, 0, 7, 530.70, 1279049, 36
3286, 44, 32, 91, 9, 0, 37.89%, 0, 0, 7, 778.87, 1281979, 36
3291, 44, 55, 91, 9, 0, 37.89%, 0, 0, 7, 384.68, 1284621, 36
3296, 44, 10, 91, 9, 0, 37.89%, 0, 0, 7, 467.72, 1287040, 36
3301, 44, 32, 91, 9, 0, 37.89%, 0, 0, 7, 455.16, 1289255, 36
3306, 44, 10, 91, 9, 0, 37.89%, 0, 0, 7, 523.78, 1292022, 36
3311, 44, 55, 91, 9, 0, 37.89%, 0, 0, 7, 562.45, 1294997, 36
3316, 44, 10, 91, 9, 0, 37.89%, 0, 0, 7, 670.15, 1297672, 36
3322, 44, 20, 91, 9, 0, 37.89%, 0, 0, 7, 608.82, 1300572, 36
3327, 44, 32, 91, 9, 0, 37.89%, 0, 0, 7, 268.87, 1302913, 36
3332, 44, 10, 91, 9, 0, 37.89%, 0, 0, 7, 483.49, 1305706, 36
3337, 44, 10, 91, 8, 0, 37.89%, 0, 0, 7, 491.41, 1308209, 36
3342, 44, 10, 91, 8, 0, 37.89%, 0, 0, 7, 403.91, 1309851, 36
3347, 45, 32, 91, 8, 0, 37.89%, 0, 0, 7, 532.27, 1312630, 36
3352, 45, 39, 91, 8, 0, 37.89%, 0, 0, 7, 486.95, 1315423, 36
3357, 45, 61, 91, 8, 0, 37.89%, 0, 0, 7, 541.13, 1318309, 36
3362, 45, 38, 91, 8, 0, 37.89%, 0, 0, 7, 461.73, 1320289, 36
3367, 45, 32, 91, 8, 0, 37.89%, 0, 0, 7, 473.68, 1322817, 36
3372, 45, 10, 91, 8, 0, 37.89%, 0, 0, 7, 572.72, 1325633, 36
3378, 45, 39, 91, 8, 0, 37.89%, 0, 0, 7, 599.01, 1328674, 36
3383, 45, 32, 91, 8, 0, 37.89%, 0, 0, 7, 603.27, 1331628, 36
3388, 45, 32, 91, 7, 0, 37.89%, 0, 0, 7, 529.62, 1334092, 36
3393, 45, 55, 91, 7, 0, 37.89%, 0, 0, 7, 730.65, 1337116, 36
3398, 45, 10, 91, 7, 0, 37.89%, 0, 0, 7, 604.89, 1339971, 36
3403, 45, 10, 91, 7, 0, 37.89%, 0, 0, 7, 519.12, 1342527, 36
3408, 46, 10, 91, 7, 0, 37.89%, 0, 0, 7, 548.94, 1345485, 36
3413, 46, 20, 91, 7, 0, 37.89%, 0, 0, 7, 618.83, 1348692, 36
3418, 46, 10, 91, 7, 0, 37.89%, 0, 0, 7, 783.43, 1351567, 36
3424, 46, 19, 91, 7, 0, 37.89%, 0, 0, 7, 750.15, 1354365, 36
3429, 46, 61, 91, 7, 0, 37.89%, 0, 0, 7, 625.29, 1357512, 36
3434, 46, 38, 91, 7, 0, 37.89%, 0, 0, 7, 629.37, 1360013, 36
3439, 46, 10, 91, 7, 0, 37.89%, 0, 0, 7, 594.02, 1362676, 36
3444, 46, 10, 91, 7, 0, 37.89%, 0, 0, 7, 553.69, 1365335, 36
3449, 46, 61, 91, 7, 0, 37.89%, 0, 0, 7, 575.93, 1368242, 36
3454, 46, 32, 91, 7, 0, 37.89%, 0, 0, 7, 516.31, 1370852, 36
3460, 46, 10, 91, 7, 0, 37.89%, 0, 0, 7, 551.04, 1373715, 36
3465, 47, 10, 91, 7, 0, 37.89%, 0, 0, 7, 509.72, 1376288, 36
3470, 47, 55, 91, 7, 0, 37.89%, 0, 0, 7, 458.45, 1378489, 36
3475, 47, 61, 91, 7, 0, 37.89%, 0, 0, 7, 573.45, 1381520, 36
3480, 47, 87, 91, 7, 0, 37.89%, 0, 0, 7, 385.26, 1383486, 36
3485, 47, 10, 91, 7, 0, 37.89%, 0, 0, 7, 474.35, 1385990, 36
3490, 47, 38, 91, 7, 0, 37.89%, 0, 0, 7, 550.69, 1388854, 36
3495, 47, 10, 91, 7, 0, 37.89%, 0, 0, 7, 521.67, 1391448, 36
3500, 47, 39, 91, 7, 0, 37.89%, 0, 0, 7, 539.85, 1394274, 36
3505, 47, 16, 91, 7, 0, 37.89%, 0, 0, 7, 701.16, 1397243, 36
3510, 47, 87, 91, 7, 0, 37.89%, 0, 0, 7, 117.49, 1399391, 36
3515, 47, 61, 91, 7, 0, 37.89%, 0, 0, 7, 717.45, 1401870, 36
3521, 47, 61, 91, 7, 0, 37.89%, 0, 0, 7, 653.36, 1404271, 36
3526, 47, 20, 91, 7, 0, 37.89%, 0, 0, 7, 211.25, 1407094, 36
3531, 47, 38, 91, 7, 0, 37.89%, 0, 0, 7, 459.89, 1409688, 36
3536, 48, 61, 91, 7, 0, 37.89%, 0, 0, 7, 529.09, 1412443, 36
3541, 48, 38, 91, 7, 0, 37.89%, 0, 0, 7, 499.33, 1415068, 36
3546, 48, 39, 91, 7, 0, 37.89%, 0, 0, 7, 511.05, 1417684, 36
3551, 48, 38, 91, 7, 0, 37.89%, 0, 0, 7, 550.88, 1420601, 36
3556, 48, 55, 91, 7, 0, 37.89%, 0, 0, 7, 524.31, 1423251, 36
3561, 48, 32, 91, 7, 0, 37.89%, 0, 0, 7, 699.33, 1425933, 36
3566, 48, 10, 91, 7, 0, 37.89%, 0, 0, 7, 652.55, 1428366, 36
3572, 48, 10, 91, 7, 0, 37.89%, 0, 0, 7, 744.85, 1431236, 36
3577, 48, 10, 91, 7, 0, 37.89%, 0, 0, 7, 619.55, 1434303, 36
3582, 48, 38, 91, 7, 0, 37.89%, 0, 0, 7, 737.83, 1437119, 36
3587, 48, 87, 91, 7, 0, 37.89%, 0, 0, 7, 835.82, 1438849, 36
3592, 48, 55, 91, 7, 0, 37.89%, 0, 0, 7, 377.19, 1441632, 36
3597, 49, 19, 91, 7, 0, 37.89%, 0, 0, 7, 472.05, 1444067, 36
3602, 49, 61, 91, 7, 0, 37.89%, 0, 0, 7, 634.54, 1446753, 36
3608, 49, 38, 91, 6, 0, 37.89%, 0, 0, 7, 819.07, 1449796, 36
3613, 49, 39, 91, 6, 0, 37.89%, 0, 0, 7, 632.09, 1452687, 36
3618, 49, 39, 91, 6, 0, 37.89%, 0, 0, 7, 598.41, 1455723, 36
3623, 49, 32, 91, 6, 0, 37.89%, 0, 0, 7, 552.90, 1458280, 36
3628, 49, 87, 91, 6, 0, 37.89%, 0, 0, 7, 410.73, 1460469, 36
3633, 49, 61, 91, 6, 0, 37.89%, 0, 0, 7, 520.23, 1463215, 36
3638, 49, 87, 91, 6, 0, 37.89%, 0, 0, 7, 115.82, 1466349, 36
3644, 49, 10, 91, 6, 0, 37.89%, 0, 0, 7, 530.74, 1468563, 36
3649, 49, 32, 91, 6, 0, 37.89%, 0, 0, 7, 770.96, 1471238, 36
3654, 49, 61, 91, 6, 0, 37.89%, 0, 0, 7, 638.58, 1474143, 36
3659, 50, 61, 91, 6, 0, 37.89%, 0, 0, 7, 381.50, 1476394, 36
3664, 50, 19, 91, 6, 0, 37.89%, 0, 0, 7, 529.71, 1479213, 36
3669, 50, 10, 91, 6, 0, 37.89%, 0, 0, 7, 543.88, 1481971, 36
3674, 50, 55, 91, 6, 0, 37.89%, 0, 0, 7, 580.62, 1484838, 36
3679, 50, 10, 91, 6, 0, 37.89%, 0, 0, 7, 558.28, 1487525, 36
3684, 50, 10, 91, 6, 0, 37.89%, 0, 0, 7, 765.16, 1489988, 36
3689, 50, 10, 91, 6, 0, 37.89%, 0, 0, 7, 702.72, 1492694, 36
3695, 50, 20, 91, 5, 0, 37.89%, 0, 0, 7, 606.50, 1495490, 36
3700, 50, 86, 91, 5, 0, 37.89%, 0, 0, 7, 530.56, 1497983, 36
3705, 50, 34, 91, 5, 0, 37.89%, 0, 0, 7, 561.16, 1500752, 36
3710, 50, 61, 91, 5, 0, 37.89%, 0, 0, 7, 493.03, 1503219, 36
3715, 50, 20, 91, 5, 0, 37.89%, 0, 0, 7, 516.49, 1505972, 36
3720, 51, 10, 91, 5, 0, 37.89%, 0, 0, 7, 659.18, 1509285, 36
3725, 51, 38, 91, 5, 0, 37.89%, 0, 0, 7, 610.96, 1512097, 36
3730, 51, 10, 91, 5, 0, 37.89%, 0, 0, 7, 563.10, 1515060, 36
3736, 51, 10, 91, 5, 0, 37.89%, 0, 0, 7, 534.17, 1517652, 36
3741, 51, 32, 91, 5, 0, 37.89%, 0, 0, 7, 590.24, 1520786, 36
3746, 51, 10, 91, 5, 0, 37.89%, 0, 0, 7, 568.05, 1523697, 36
3751, 51, 61, 91, 5, 0, 37.89%, 0, 0, 7, 612.33, 1526873, 36
3756, 51, 87, 91, 5, 0, 37.89%, 0, 0, 7, 384.63, 1528813, 36
3761, 51, 55, 91, 5, 0, 37.89%, 0, 0, 7, 514.53, 1531568, 36
3767, 51, 61, 91, 5, 0, 37.89%, 0, 0, 7, 707.66, 1534253, 36
3772, 51, 32, 91, 5, 0, 37.89%, 0, 0, 7, 830.88, 1536987, 36
3777, 52, 32, 91, 5, 0, 37.89%, 0, 0, 7, 647.42, 1539957, 36
3782, 52, 16, 91, 5, 0, 37.89%, 0, 0, 7, 588.18, 1542863, 36
3787, 52, 16, 91, 5, 0, 37.89%, 0, 0, 7, 566.87, 1545750, 36
3792, 52, 61, 91, 5, 0, 37.89%, 0, 0, 7, 583.46, 1548666, 36
3797, 52, 16, 91, 5, 0, 37.89%, 0, 0, 7, 756.22, 1551469, 36
3802, 52, 55, 91, 5, 0, 37.89%, 0, 0, 7, 637.52, 1554390, 36
3807, 52, 61, 91, 5, 0, 37.89%, 0, 0, 7, 570.05, 1557169, 36
3813, 52, 20, 91, 5, 0, 37.89%, 0, 0, 7, 648.11, 1559776, 36
3818, 52, 55, 91, 5, 0, 37.89%, 0, 0, 7, 590.77, 1562660, 36
3823, 52, 20, 91, 5, 0, 37.89%, 0, 0, 7, 437.40, 1564376, 36
3828, 52, 10, 91, 5, 0, 37.89%, 0, 0, 7, 551.92, 1567325, 36
3833, 52, 10, 91, 5, 0, 37.89%, 0, 0, 7, 501.26, 1569884, 36
3838, 52, 16, 91, 5, 0, 37.89%, 0, 0, 7, 678.56, 1572887, 36
3843, 53, 38, 91, 5, 0, 37.89%, 0, 0, 7, 603.16, 1575759, 36
3848, 53, 32, 91, 5, 0, 37.89%, 0, 0, 7, 581.18, 1578506, 36
3853, 53, 10, 91, 5, 0, 37.89%, 0, 0, 7, 542.46, 1581112, 36
3858, 53, 32, 91, 5, 0, 37.89%, 0, 0, 7, 601.50, 1583756, 36
3864, 53, 20, 91, 5, 0, 37.89%, 0, 0, 7, 551.72, 1586467, 36
3869, 53, 10, 91, 5, 0, 37.89%, 0, 0, 7, 108.78, 1589273, 36
3874, 53, 10, 91, 5, 0, 37.89%, 0, 0, 7, 648.92, 1591459, 36
3879, 53, 87, 91, 5, 0, 37.89%, 0, 0, 7, 463.79, 1593690, 36
3884, 53, 32, 91, 5, 0, 37.89%, 0, 0, 7, 444.76, 1595599, 36
3889, 53, 32, 91, 5, 0, 37.89%, 0, 0, 7, 595.37, 1598293, 36
3894, 53, 20, 91, 5, 0, 37.89%, 0, 0, 7, 791.40, 1600892, 36
3899, 53, 61, 91, 5, 0, 37.89%, 0, 0, 7, 733.84, 1604074, 36
3905, 53, 16, 91, 5, 0, 37.89%, 0, 0, 7, 553.73, 1606668, 36
3910, 54, 32, 91, 5, 0, 37.89%, 0, 0, 7, 548.70, 1609386, 36
3915, 54, 10, 91, 5, 0, 37.89%, 0, 0, 7, 558.76, 1612250, 36
3920, 54, 10, 91, 5, 0, 37.89%, 0, 0, 7, 568.83, 1615017, 36
3925, 54, 10, 91, 5, 0, 37.89%, 0, 0, 7, 627.59, 1618105, 36
3930, 54, 20, 91, 5, 0, 37.89%, 0, 0, 7, 659.33, 1620956, 36
3935, 54, 10, 91, 5, 0, 37.89%, 0, 0, 7, 614.67, 1623505, 36
3940, 54, 20, 91, 5, 0, 37.89%, 0, 0, 7, 550.25, 1626373, 36
3946, 54, 32, 91, 5, 0, 37.89%, 0, 0, 7, 595.20, 1629300, 36
3951, 54, 32, 91, 5, 0, 37.89%, 0, 0, 7, 552.57, 1631909, 36
3956, 54, 87, 91, 5, 0, 37.89%, 0, 0, 7, 408.25, 1634085, 36
3961, 54, 16, 91, 5, 0, 37.89%, 0, 0, 7, 578.49, 1637201, 36
3966, 55, 39, 91, 5, 0, 37.89%, 0, 0, 7, 583.55, 1640065, 36
3971, 55, 38, 91, 5, 0, 37.89%, 0, 0, 7, 276.49, 1641909, 36
3976, 55, 10, 91, 5, 0, 37.89%, 0, 0, 7, 500.76, 1644766, 36
3981, 55, 10, 91, 5, 0, 37.89%, 0, 0, 7, 545.43, 1647585, 36
3986, 55, 61, 91, 5, 0, 37.89%, 0, 0, 7, 649.71, 1650609, 36
3991, 55, 32, 91, 5, 0, 37.89%, 0, 0, 7, 653.45, 1653509, 36
3996, 55, 32, 91, 5, 0, 37.89%, 0, 0, 7, 602.09, 1656269, 36
4001, 55, 87, 91, 5, 0, 37.89%, 0, 0, 7, 598.10, 1659297, 36
4007, 55, 10, 91, 5, 0, 37.89%, 0, 0, 7, 616.84, 1661332, 36
4012, 55, 10, 91, 5, 0, 37.89%, 0, 0, 7, 572.82, 1664117, 36
4017, 55, 61, 91, 5, 0, 37.89%, 0, 0, 7, 513.52, 1666624, 36
4022, 55, 55, 91, 5, 0, 37.89%, 0, 0, 7, 167.74, 1669112, 36
4027, 55, 61, 91, 5, 0, 37.89%, 0, 0, 7, 600.78, 1671692, 36
4032, 56, 87, 91, 5, 0, 37.89%, 0, 0, 7, 502.06, 1673749, 36
4037, 56, 61, 91, 5, 0, 37.89%, 0, 0, 7, 472.58, 1675738, 36
4042, 56, 16, 91, 5, 0, 37.89%, 0, 0, 7, 552.92, 1678493, 36
4048, 56, 55, 91, 5, 0, 37.89%, 0, 0, 7, 511.74, 1681211, 36
4053, 56, 38, 91, 5, 0, 37.89%, 0, 0, 7, 560.62, 1683973, 36
4058, 56, 20, 91, 5, 0, 37.89%, 0, 0, 7, 634.94, 1686944, 36
4063, 56, 20, 91, 5, 0, 37.89%, 0, 0, 7, 576.95, 1689822, 36
4068, 56, 10, 91, 5, 0, 37.89%, 0, 0, 7, 582.03, 1692581, 36
4073, 56, 19, 91, 5, 0, 37.89%, 0, 0, 7, 682.95, 1695387, 36
4078, 56, 20, 91, 5, 0, 37.89%, 0, 0, 7, 567.77, 1698018, 36
4083, 56, 20, 91, 5, 0, 37.89%, 0, 0, 7, 502.69, 1700491, 36
4088, 56, 39, 91, 5, 0, 37.89%, 0, 0, 7, 448.37, 1702658, 36
4093, 56, 10, 91, 5, 0, 37.89%, 0, 0, 7, 629.43, 1705633, 36
4099, 57, 32, 91, 5, 0, 37.89%, 0, 0, 7, 764.29, 1708326, 36
4104, 57, 39, 91, 5, 0, 37.89%, 0, 0, 7, 637.38, 1711294, 36
4109, 57, 87, 91, 5, 0, 37.89%, 0, 0, 7, 380.28, 1713150, 36
4114, 57, 10, 91, 5, 0, 37.89%, 0, 0, 7, 456.31, 1715715, 36
4119, 57, 55, 91, 5, 0, 37.89%, 0, 0, 7, 537.46, 1718403, 36
4124, 57, 16, 91, 5, 0, 37.89%, 0, 0, 7, 604.04, 1721423, 36
4129, 57, 16, 91, 5, 0, 37.89%, 0, 0, 7, 415.68, 1723106, 36
4134, 57, 10, 91, 5, 0, 37.89%, 0, 0, 7, 516.59, 1725952, 36
4139, 57, 10, 91, 5, 0, 37.89%, 0, 0, 7, 492.70, 1728422, 36
4144, 57, 32, 91, 5, 0, 37.89%, 0, 0, 7, 550.67, 1731191, 36
4149, 57, 10, 91, 5, 0, 37.89%, 0, 0, 7, 492.65, 1733675, 36
4155, 57, 20, 91, 5, 0, 37.89%, 0, 0, 7, 518.57, 1736223, 36
4160, 57, 87, 91, 5, 0, 37.89%, 0, 0, 7, 418.02, 1738461, 36
4165, 58, 10, 91, 5, 0, 37.89%, 0, 0, 7, 490.12, 1740901, 36
4170, 58, 10, 91, 5, 0, 37.89%, 0, 0, 7, 569.33, 1743552, 36
4175, 58, 10, 91, 5, 0, 37.89%, 0, 0, 7, 580.68, 1746495, 36
4180, 58, 10, 91, 5, 0, 37.89%, 0, 0, 7, 544.55, 1749251, 36
4185, 58, 32, 91, 5, 0, 37.89%, 0, 0, 7, 465.34, 1751410, 36
4191, 58, 20, 91, 5, 0, 37.89%, 0, 0, 7, 194.66, 1754075, 36
4196, 58, 20, 91, 5, 0, 37.89%, 0, 0, 7, 491.59, 1756903, 36
4201, 58, 10, 91, 5, 0, 37.89%, 0, 0, 7, 493.33, 1759464, 36
4206, 58, 10, 91, 5, 0, 37.89%, 0, 0, 7, 516.53, 1761806, 36
4211, 58, 38, 91, 5, 0, 37.89%, 0, 0, 7, 455.13, 1763958, 36
4216, 58, 87, 91, 5, 0, 37.89%, 0, 0, 7, 384.26, 1766002, 36
4221, 58, 10, 91, 5, 0, 37.89%, 0, 0, 7, 456.60, 1768348, 36
4226, 58, 20, 91, 5, 0, 37.89%, 0, 0, 7, 578.49, 1771055, 36
4231, 59, 16, 91, 5, 0, 37.89%, 0, 0, 7, 848.58, 1773746, 36
4236, 59, 10, 91, 5, 0, 37.89%, 0, 0, 7, 623.74, 1776535, 36
4242, 59, 61, 91, 5, 0, 37.89%, 0, 0, 7, 444.53, 1778396, 36
4247, 59, 32, 91, 5, 0, 37.89%, 0, 0, 7, 573.56, 1781442, 36
4252, 59, 32, 91, 5, 0, 37.89%, 0, 0, 7, 102.94, 1783690, 36
4257, 59, 10, 91, 5, 0, 37.89%, 0, 0, 7, 658.23, 1786675, 36
4262, 59, 10, 91, 5, 0, 37.89%, 0, 0, 7, 498.94, 1788849, 36
4267, 59, 19, 91, 5, 0, 37.89%, 0, 0, 7, 492.47, 1791422, 36
4272, 59, 61, 91, 5, 0, 37.89%, 0, 0, 7, 512.28, 1794042, 36
4277, 59, 32, 91, 5, 0, 37.89%, 0, 0, 7, 585.77, 1797052, 36
4283, 59, 16, 91, 5, 0, 37.89%, 0, 0, 7, 571.88, 1799939, 36
4288, 59, 16, 91, 5, 0, 37.89%, 0, 0, 7, 464.32, 1802246, 36
4293, 59, 32, 91, 5, 0, 37.89%, 0, 0, 7, 718.92, 1804961, 36
4298, 60, 20, 91, 5, 0, 37.89%, 0, 0, 7, 569.30, 1807655, 36
4303, 60, 61, 91, 5, 0, 37.89%, 0, 0, 7, 578.69, 1810649, 36
4308, 60, 20, 91, 5, 0, 37.89%, 0, 0, 7, 496.94, 1813019, 36
4313, 60, 32, 91, 5, 0, 37.89%, 0, 0, 7, 575.71, 1815987, 36
4318, 60, 32, 91, 5, 0, 37.89%, 0, 0, 7, 508.81, 1818425, 36
4324, 60, 39, 91, 5, 0, 37.89%, 0, 0, 7, 593.42, 1821310, 36
4329, 60, 39, 91, 5, 0, 37.89%, 0, 0, 7, 629.70, 1824542, 36
4334, 60, 38, 91, 5, 0, 37.89%, 0, 0, 7, 499.24, 1826883, 36
4339, 60, 38, 91, 5, 0, 37.89%, 0, 0, 7, 609.40, 1829965, 36
4344, 60, 19, 91, 5, 0, 37.89%, 0, 0, 7, 107.69, 1832562, 36
4349, 60, 16, 91, 5, 0, 37.89%, 0, 0, 7, 642.39, 1835396, 36
4354, 60, 19, 91, 5, 0, 37.89%, 0, 0, 7, 617.49, 1838092, 36
4359, 61, 32, 91, 5, 0, 37.89%, 0, 0, 7, 601.97, 1840892, 36
4364, 61, 39, 91, 5, 0, 37.89%, 0, 0, 7, 725.77, 1843711, 36
4369, 61, 55, 91, 5, 0, 37.89%, 0, 0, 7, 575.19, 1846434, 36
4375, 61, 20, 91, 5, 0, 37.89%, 0, 0, 7, 575.99, 1849114, 36
4380, 61, 55, 91, 5, 0, 37.89%, 0, 0, 7, 682.98, 1851860, 36
4385, 61, 32, 91, 5, 0, 37.89%, 0, 0, 7, 558.12, 1854351, 36
4390, 61, 10, 91, 5, 0, 37.89%, 0, 0, 7, 576.69, 1856813, 36
4395, 61, 10, 91, 5, 0, 37.89%, 0, 0, 7, 100.92, 1859209, 36
4400, 61, 10, 91, 5, 0, 37.89%, 0, 0, 7, 631.40, 1862084, 36
4405, 61, 61, 91, 5, 0, 37.89%, 1, 0, 7, 0.00, 1864478, 36
