# relative_time, cycles_done, cur_item, corpus_count, pending_total, pending_favs, map_size, saved_crashes, saved_hangs, max_depth, execs_per_sec, total_execs, edges_found
73, 0, 0, 17, 17, 1, 29.11%, 0, 0, 2, 0.04, 1795, 23
78, 0, 0, 17, 17, 1, 29.11%, 0, 0, 2, 154.17, 1836, 23
89, 0, 0, 17, 17, 1, 29.11%, 0, 0, 2, 2.59, 2977, 23
122, 0, 0, 17, 17, 1, 29.11%, 0, 0, 2, 0.06, 2979, 23
127, 0, 0, 17, 17, 1, 29.11%, 0, 0, 2, 375.60, 3762, 23
176, 0, 0, 18, 18, 1, 29.11%, 0, 0, 2, 1.96, 4944, 23
176, 0, 0, 18, 18, 1, 29.11%, 0, 0, 2, 0.18, 4945, 23
181, 0, 0, 18, 18, 1, 29.11%, 0, 0, 2, 348.04, 6678, 23
222, 0, 0, 18, 18, 1, 29.11%, 0, 0, 2, 1.55, 6975, 23
225, 0, 0, 18, 18, 1, 29.11%, 1, 0, 2, 0.00, 7802, 23
