# relative_time, cycles_done, cur_item, corpus_count, pending_total, pending_favs, map_size, saved_crashes, saved_hangs, max_depth, execs_per_sec, total_execs, edges_found
77, 0, 0, 14, 13, 0, 28.00%, 0, 0, 2, 0.04, 1721, 28
78, 0, 0, 14, 13, 0, 28.00%, 0, 0, 2, 154.51, 1759, 28
122, 0, 0, 14, 13, 0, 28.00%, 0, 0, 2, 2.07, 3268, 28
127, 0, 0, 14, 13, 0, 28.00%, 0, 0, 2, 668.39, 4701, 28
175, 0, 0, 15, 14, 0, 29.00%, 0, 0, 2, 2.39, 6815, 29
180, 0, 20, 23, 17, 0, 34.00%, 0, 0, 5, 623.94, 9938, 34
214, 0, 20, 25, 19, 0, 35.00%, 0, 0, 5, 2.73, 10456, 35
222, 0, 20, 25, 19, 0, 35.00%, 0, 0, 5, 0.41, 10459, 35
263, 0, 20, 26, 20, 0, 35.00%, 0, 0, 5, 0.93, 12155, 35
268, 0, 20, 29, 23, 0, 35.00%, 0, 0, 5, 678.76, 15550, 35
306, 0, 20, 29, 23, 0, 35.00%, 0, 0, 5, 0.35, 15810, 35
346, 0, 20, 30, 24, 0, 35.00%, 0, 0, 5, 2.49, 18144, 35
351, 0, 20, 30, 24, 0, 35.00%, 0, 0, 5, 626.36, 21243, 35
384, 0, 20, 30, 24, 0, 35.00%, 0, 0, 5, 2.97, 21783, 35
419, 0, 20, 36, 30, 0, 37.00%, 0, 0, 5, 4.14, 23431, 37
455, 0, 22, 40, 32, 3, 38.00%, 0, 0, 6, 4.87, 26680, 38
486, 0, 24, 40, 31, 2, 38.00%, 0, 0, 6, 4.88, 27704, 38
491, 0, 38, 45, 35, 1, 39.00%, 0, 0, 6, 648.76, 30954, 39
522, 0, 38, 45, 35, 1, 39.00%, 0, 0, 6, 3.48, 31493, 39
527, 0, 38, 47, 37, 1, 40.00%, 0, 0, 6, 643.71, 34913, 40
557, 0, 38, 47, 37, 1, 40.00%, 0, 0, 6, 4.49, 35336, 40
591, 0, 38, 47, 37, 1, 40.00%, 0, 0, 6, 3.00, 36920, 40
596, 0, 46, 52, 40, 1, 41.00%, 0, 0, 7, 646.05, 40220, 41
625, 0, 46, 52, 40, 1, 41.00%, 0, 0, 7, 3.40, 40724, 41
656, 0, 46, 52, 40, 1, 41.00%, 0, 0, 7, 2.59, 43492, 41
664, 0, 46, 53, 41, 1, 42.00%, 0, 0, 7, 27.66, 45753, 42
680, 0, 46, 53, 41, 1, 42.00%, 0, 0, 7, 0.85, 45766, 42
712, 0, 46, 53, 41, 1, 42.00%, 0, 0, 7, 2.94, 48567, 42
717, 0, 48, 54, 40, 2, 42.00%, 0, 0, 8, 706.42, 52217, 42
739, 0, 52, 55, 40, 1, 42.00%, 0, 0, 8, 1.52, 52549, 42
747, 0, 31, 56, 39, 0, 43.00%, 0, 0, 8, 20.77, 54375, 43
761, 0, 31, 56, 39, 0, 43.00%, 0, 0, 8, 0.14, 54377, 43
788, 0, 43, 58, 40, 0, 44.00%, 0, 0, 8, 3.84, 57689, 44
789, 0, 43, 58, 40, 0, 44.00%, 1, 0, 8, 0.00, 58306, 44
