# relative_time, cycles_done, cur_item, corpus_count, pending_total, pending_favs, map_size, saved_crashes, saved_hangs, max_depth, execs_per_sec, total_execs, edges_found
73, 0, 0, 20, 20, 1, 30.10%, 0, 0, 2, 0.04, 1623, 31
78, 0, 0, 20, 20, 1, 30.10%, 0, 0, 2, 357.84, 1697, 31
122, 0, 0, 21, 21, 1, 31.07%, 0, 0, 2, 1.18, 3368, 32
127, 0, 0, 22, 22, 1, 31.07%, 0, 0, 2, 645.33, 4699, 32
170, 0, 0, 24, 24, 1, 32.04%, 0, 0, 2, 26.56, 6673, 33
170, 0, 0, 24, 24, 1, 32.04%, 0, 0, 2, 0.03, 6674, 33
175, 0, 0, 24, 24, 1, 32.04%, 0, 0, 2, 0.54, 6677, 33
181, 0, 0, 24, 24, 1, 32.04%, 0, 0, 2, 597.53, 9753, 33
222, 0, 0, 24, 24, 1, 32.04%, 0, 0, 2, 3.25, 10149, 33
263, 0, 0, 26, 26, 1, 33.98%, 0, 0, 2, 0.03, 11748, 35
268, 0, 0, 26, 26, 1, 33.98%, 0, 0, 2, 647.17, 15035, 35
306, 0, 0, 26, 26, 1, 33.98%, 0, 0, 2, 0.65, 15239, 35
346, 0, 0, 26, 26, 1, 33.98%, 0, 0, 2, 0.33, 17459, 35
351, 0, 0, 26, 26, 1, 33.98%, 0, 0, 2, 597.04, 20382, 35
384, 0, 0, 26, 26, 1, 33.98%, 0, 0, 2, 3.70, 20903, 35
419, 0, 0, 26, 26, 1, 33.98%, 0, 0, 2, 1.09, 22463, 35
455, 0, 0, 26, 26, 1, 33.98%, 0, 0, 2, 4.29, 25583, 35
462, 0, 0, 26, 26, 1, 33.98%, 0, 0, 2, 21.74, 26577, 35
486, 0, 0, 26, 26, 1, 33.98%, 0, 0, 2, 0.04, 26578, 35
491, 0, 0, 27, 27, 1, 34.95%, 0, 0, 2, 623.53, 29730, 36
522, 0, 0, 27, 27, 1, 34.95%, 0, 0, 2, 2.41, 30234, 36
527, 0, 0, 27, 27, 1, 34.95%, 0, 0, 2, 615.26, 33534, 36
557, 0, 0, 27, 27, 1, 34.95%, 0, 0, 2, 0.41, 33954, 36
591, 0, 0, 27, 27, 1, 34.95%, 0, 0, 2, 2.84, 35502, 36
596, 0, 0, 27, 27, 1, 34.95%, 0, 0, 2, 624.21, 38706, 36
625, 0, 0, 27, 27, 1, 34.95%, 0, 0, 2, 2.55, 39162, 36
656, 0, 0, 28, 28, 1, 35.92%, 0, 0, 2, 0.48, 41866, 37
664, 0, 0, 28, 28, 1, 35.92%, 0, 0, 2, 14.28, 44089, 37
680, 0, 0, 28, 28, 1, 35.92%, 0, 0, 2, 0.85, 44102, 37
712, 0, 0, 28, 28, 1, 35.92%, 0, 0, 2, 1.37, 46832, 37
717, 0, 0, 28, 28, 1, 35.92%, 0, 0, 2, 708.31, 50487, 37
739, 0, 0, 28, 28, 1, 35.92%, 0, 0, 2, 2.40, 50875, 37
747, 0, 0, 28, 28, 1, 35.92%, 0, 0, 2, 10.98, 52729, 37
761, 0, 0, 28, 28, 1, 35.92%, 0, 0, 2, 0.22, 52732, 37
788, 0, 0, 28, 28, 1, 35.92%, 0, 0, 2, 5.11, 56157, 37
793, 0, 0, 28, 28, 1, 35.92%, 0, 0, 2, 726.90, 59797, 37
816, 0, 0, 28, 28, 1, 35.92%, 0, 0, 2, 1.23, 60133, 37
836, 0, 0, 29, 29, 1, 35.92%, 0, 0, 2, 9.60, 62591, 37
841, 0, 0, 29, 29, 1, 35.92%, 0, 0, 2, 780.42, 66521, 37
863, 0, 0, 29, 29, 1, 35.92%, 0, 0, 2, 2.10, 66896, 37
892, 0, 0, 29, 29, 1, 35.92%, 0, 0, 2, 5.01, 70796, 37
897, 0, 0, 29, 29, 1, 35.92%, 0, 0, 2, 790.83, 74831, 37
915, 0, 0, 29, 29, 1, 35.92%, 0, 0, 2, 0.86, 75506, 37
933, 0, 0, 29, 29, 1, 35.92%, 0, 0, 2, 4.46, 78144, 37
946, 0, 0, 29, 29, 1, 35.92%, 0, 0, 2, 1.59, 80741, 37
953, 0, 0, 29, 29, 1, 35.92%, 0, 0, 2, 1.72, 80766, 37
958, 0, 0, 30, 30, 1, 35.92%, 0, 0, 2, 767.73, 84708, 37
968, 0, 0, 30, 30, 1, 35.92%, 0, 0, 2, 0.32, 85475, 37
974, 0, 0, 30, 30, 1, 35.92%, 0, 0, 2, 779.66, 89493, 37
990, 0, 0, 30, 30, 1, 35.92%, 0, 0, 2, 7.35, 89928, 37
1006, 0, 0, 30, 30, 1, 35.92%, 0, 0, 2, 6.60, 93108, 37
1026, 0, 0, 30, 30, 1, 35.92%, 0, 0, 2, 5.08, 96727, 37
1040, 0, 0, 30, 30, 1, 35.92%, 0, 0, 2, 5.62, 100599, 37
1045, 0, 26, 37, 34, 12, 39.81%, 0, 0, 3, 785.32, 104635, 41
1050, 0, 26, 37, 34, 12, 39.81%, 0, 0, 3, 12.78, 105024, 41
1064, 0, 26, 37, 34, 12, 39.81%, 0, 0, 3, 0.51, 105031, 41
1069, 0, 30, 50, 44, 10, 43.69%, 0, 0, 3, 817.39, 109140, 45
1078, 0, 30, 50, 44, 10, 43.69%, 0, 0, 3, 11.39, 109748, 45
1078, 0, 30, 50, 44, 10, 43.69%, 1, 0, 3, 0.00, 109937, 45
