# relative_time, cycles_done, cur_item, corpus_count, pending_total, pending_favs, map_size, saved_crashes, saved_hangs, max_depth, execs_per_sec, total_execs, edges_found
68, 0, 1, 12, 10, 0, 29.03%, 0, 0, 3, 0.18, 3767, 27
73, 0, 1, 12, 10, 0, 29.03%, 0, 0, 3, 271.18, 5170, 27
93, 0, 1, 12, 10, 0, 29.03%, 0, 0, 3, 2.92, 5756, 27
98, 0, 1, 12, 10, 0, 29.03%, 0, 0, 3, 273.70, 7171, 27
119, 0, 1, 13, 11, 0, 30.11%, 0, 0, 3, 2.28, 7747, 28
124, 0, 1, 13, 9, 0, 30.11%, 0, 0, 3, 273.77, 9165, 28
137, 0, 1, 13, 9, 0, 30.11%, 0, 0, 3, 4.16, 9391, 28
153, 0, 1, 13, 9, 0, 30.11%, 0, 0, 3, 3.41, 10645, 28
158, 1, 1, 13, 9, 0, 30.11%, 0, 0, 3, 315.77, 12319, 28
174, 1, 1, 13, 9, 0, 30.11%, 0, 0, 3, 3.52, 13155, 28
179, 1, 1, 13, 9, 0, 30.11%, 0, 0, 3, 341.16, 14931, 28
188, 1, 1, 14, 10, 0, 30.11%, 0, 0, 3, 3.74, 15820, 28
196, 1, 1, 14, 10, 0, 30.11%, 0, 0, 3, 3.59, 15830, 28
201, 2, 12, 14, 10, 0, 30.11%, 0, 0, 3, 345.56, 17616, 28
210, 2, 7, 14, 10, 0, 30.11%, 0, 0, 3, 7.22, 18392, 28
223, 2, 1, 15, 10, 0, 31.18%, 0, 0, 3, 7.64, 19890, 29
228, 2, 15, 18, 12, 0, 32.26%, 0, 0, 5, 350.59, 21468, 30
237, 2, 15, 18, 12, 0, 32.26%, 0, 0, 5, 4.27, 22570, 30
250, 2, 15, 18, 12, 0, 32.26%, 0, 0, 5, 8.44, 24286, 30
255, 2, 15, 18, 12, 0, 32.26%, 0, 0, 5, 336.72, 26062, 30
261, 2, 15, 18, 12, 0, 32.26%, 0, 0, 5, 9.55, 26902, 30
267, 2, 15, 18, 12, 0, 32.26%, 0, 0, 5, 349.41, 28729, 30
277, 2, 15, 20, 14, 0, 33.33%, 0, 0, 5, 8.18, 29928, 31
282, 2, 15, 22, 16, 0, 33.33%, 0, 0, 5, 344.32, 31715, 31
297, 2, 1, 22, 15, 0, 33.33%, 0, 0, 5, 5.22, 33048, 31
302, 2, 1, 23, 16, 0, 33.33%, 0, 0, 6, 346.82, 34836, 31
308, 2, 12, 23, 16, 0, 33.33%, 0, 0, 6, 20.21, 36244, 31
313, 2, 1, 23, 16, 0, 33.33%, 0, 0, 6, 340.95, 38038, 31
321, 3, 1, 23, 16, 0, 33.33%, 0, 0, 6, 11.49, 38806, 31
326, 3, 14, 23, 16, 0, 33.33%, 0, 0, 6, 336.87, 40487, 31
331, 3, 14, 23, 16, 0, 33.33%, 0, 0, 6, 346.34, 42223, 31
336, 3, 19, 23, 16, 0, 33.33%, 0, 0, 6, 348.55, 44026, 31
342, 3, 12, 23, 16, 0, 33.33%, 0, 0, 6, 17.76, 45145, 31
347, 3, 14, 24, 17, 0, 33.33%, 0, 0, 6, 342.73, 46728, 31
352, 3, 12, 24, 17, 0, 33.33%, 0, 0, 6, 336.88, 47834, 31
357, 3, 1, 25, 18, 0, 33.33%, 0, 0, 6, 348.70, 49634, 31
362, 3, 23, 29, 22, 0, 37.63%, 0, 0, 6, 341.51, 51326, 35
367, 3, 23, 29, 22, 0, 37.63%, 0, 0, 6, 342.74, 53036, 35
373, 3, 23, 29, 22, 0, 37.63%, 0, 0, 6, 340.47, 54752, 35
382, 3, 23, 29, 22, 0, 37.63%, 0, 0, 6, 10.03, 56420, 35
387, 3, 23, 29, 22, 0, 37.63%, 0, 0, 6, 338.60, 58118, 35
392, 3, 23, 29, 22, 0, 37.63%, 0, 0, 6, 336.64, 59852, 35
397, 3, 26, 32, 23, 1, 38.71%, 0, 0, 6, 339.62, 61613, 36
402, 3, 26, 34, 25, 1, 39.78%, 0, 0, 6, 340.45, 63307, 37
408, 3, 26, 34, 25, 1, 39.78%, 0, 0, 6, 23.26, 64567, 37
413, 3, 26, 34, 25, 1, 39.78%, 0, 0, 6, 352.69, 66319, 37
418, 3, 26, 35, 26, 1, 39.78%, 0, 0, 6, 426.67, 68556, 37
423, 3, 26, 37, 28, 1, 39.78%, 0, 0, 6, 438.28, 70794, 37
428, 3, 26, 37, 28, 1, 39.78%, 0, 0, 6, 436.75, 73026, 37
435, 3, 37, 41, 30, 2, 41.94%, 0, 0, 7, 28.82, 75050, 39
440, 3, 37, 41, 30, 2, 41.94%, 0, 0, 7, 443.39, 77295, 39
445, 3, 37, 41, 30, 2, 41.94%, 0, 0, 7, 447.51, 79555, 39
450, 3, 36, 44, 31, 3, 43.01%, 0, 0, 7, 484.90, 81937, 40
455, 3, 42, 49, 33, 1, 43.01%, 0, 0, 8, 596.06, 85177, 40
463, 3, 44, 51, 34, 0, 44.09%, 0, 0, 8, 1.47, 87253, 41
468, 3, 44, 51, 34, 0, 44.09%, 0, 0, 8, 622.42, 90404, 41
473, 3, 44, 52, 35, 0, 44.09%, 0, 0, 8, 632.92, 93531, 41
478, 3, 44, 52, 35, 0, 44.09%, 0, 0, 8, 634.42, 96804, 41
483, 3, 44, 53, 36, 0, 44.09%, 0, 0, 8, 616.51, 99916, 41
488, 3, 50, 54, 36, 0, 45.16%, 0, 0, 9, 41.67, 102740, 42
493, 3, 50, 54, 36, 0, 45.16%, 0, 0, 9, 608.47, 105800, 42
498, 3, 50, 54, 36, 0, 45.16%, 0, 0, 9, 632.25, 108974, 42
503, 3, 50, 55, 37, 0, 45.16%, 0, 0, 9, 632.91, 112110, 42
508, 3, 54, 59, 40, 2, 47.31%, 0, 0, 10, 630.65, 114978, 44
513, 3, 54, 59, 40, 2, 47.31%, 0, 0, 10, 622.96, 118094, 44
518, 3, 35, 60, 39, 0, 47.31%, 0, 0, 10, 626.50, 121220, 44
523, 3, 39, 60, 39, 0, 47.31%, 0, 0, 10, 627.09, 124312, 44
528, 3, 56, 61, 40, 0, 48.39%, 0, 0, 10, 626.93, 127589, 45
533, 3, 56, 62, 41, 0, 48.39%, 0, 0, 10, 617.94, 130704, 45
539, 3, 56, 62, 41, 0, 48.39%, 0, 0, 10, 622.30, 133932, 45
544, 3, 56, 62, 41, 0, 48.39%, 0, 0, 10, 616.03, 137028, 45
549, 3, 56, 62, 41, 0, 48.39%, 0, 0, 10, 615.91, 140241, 45
554, 3, 61, 62, 40, 0, 48.39%, 0, 0, 10, 615.95, 143465, 45
554, 3, 61, 62, 40, 0, 48.39%, 1, 0, 10, 0.00, 143538, 45
