# relative_time, cycles_done, cur_item, corpus_count, pending_total, pending_favs, map_size, saved_crashes, saved_hangs, max_depth, execs_per_sec, total_execs, edges_found
68, 0, 0, 22, 22, 1, 37.36%, 0, 0, 2, 0.37, 7088, 34
73, 0, 0, 23, 23, 1, 37.36%, 0, 0, 2, 469.39, 9548, 34
93, 0, 0, 23, 23, 1, 37.36%, 0, 0, 2, 4.78, 10475, 34
99, 0, 0, 23, 23, 1, 37.36%, 0, 0, 2, 450.48, 12860, 34
119, 0, 0, 23, 23, 1, 37.36%, 0, 0, 2, 1.48, 13778, 34
124, 0, 0, 23, 23, 1, 37.36%, 0, 0, 2, 463.43, 16127, 34
137, 0, 0, 24, 24, 1, 38.46%, 0, 0, 2, 2.27, 16548, 35
153, 0, 0, 26, 26, 1, 41.76%, 0, 0, 2, 5.87, 18668, 38
158, 0, 0, 26, 26, 1, 41.76%, 0, 0, 2, 461.92, 21098, 38
174, 0, 0, 27, 27, 1, 42.86%, 0, 0, 2, 6.57, 22230, 39
180, 0, 0, 29, 29, 1, 43.96%, 0, 0, 2, 464.64, 24657, 40
188, 0, 0, 29, 29, 1, 43.96%, 0, 0, 2, 3.06, 25845, 40
196, 0, 0, 29, 29, 1, 43.96%, 0, 0, 2, 2.92, 25852, 40
201, 0, 0, 30, 30, 1, 45.05%, 0, 0, 2, 474.33, 28291, 41
210, 0, 0, 30, 30, 1, 45.05%, 0, 0, 2, 9.20, 29344, 41
224, 0, 0, 30, 30, 1, 45.05%, 0, 0, 2, 4.68, 31396, 41
229, 0, 0, 30, 30, 1, 45.05%, 0, 0, 2, 461.78, 33817, 41
237, 0, 0, 30, 30, 1, 45.05%, 0, 0, 2, 14.09, 34987, 41
244, 0, 28, 35, 33, 8, 45.05%, 0, 0, 3, 29.20, 37300, 41
250, 0, 28, 35, 33, 8, 45.05%, 0, 0, 3, 0.32, 37303, 41
255, 0, 28, 37, 35, 8, 45.05%, 0, 0, 3, 457.65, 39636, 41
262, 0, 28, 38, 36, 8, 45.05%, 0, 0, 3, 4.17, 40858, 41
267, 0, 28, 38, 36, 8, 45.05%, 0, 0, 3, 458.78, 43288, 41
277, 0, 24, 40, 34, 3, 45.05%, 0, 0, 3, 8.76, 44848, 41
283, 0, 21, 44, 35, 0, 45.05%, 0, 0, 3, 465.28, 47228, 41
297, 0, 21, 44, 35, 0, 45.05%, 0, 0, 3, 5.92, 49019, 41
302, 0, 30, 45, 35, 0, 45.05%, 0, 0, 3, 466.17, 51419, 41
308, 0, 42, 46, 36, 0, 45.05%, 0, 0, 4, 39.31, 53339, 41
313, 0, 24, 47, 37, 0, 45.05%, 0, 0, 4, 452.10, 55706, 41
321, 0, 24, 48, 38, 0, 45.05%, 0, 0, 4, 15.31, 56756, 41
326, 0, 42, 50, 40, 0, 45.05%, 0, 0, 4, 442.21, 59105, 41
331, 0, 42, 50, 40, 0, 45.05%, 0, 0, 4, 441.79, 61353, 41
337, 0, 23, 51, 41, 0, 45.05%, 0, 0, 4, 459.34, 63752, 41
342, 0, 23, 52, 42, 0, 45.05%, 0, 0, 4, 9.17, 65152, 41
347, 0, 42, 52, 42, 0, 45.05%, 0, 0, 4, 468.56, 67485, 41
352, 0, 42, 52, 42, 0, 45.05%, 0, 0, 4, 422.44, 68996, 41
357, 0, 26, 53, 43, 0, 45.05%, 0, 0, 4, 460.25, 71316, 41
362, 0, 28, 54, 44, 0, 45.05%, 0, 0, 4, 579.63, 74217, 41
367, 1, 50, 54, 43, 0, 45.05%, 0, 0, 4, 630.23, 77461, 41
373, 1, 24, 54, 41, 0, 45.05%, 0, 0, 4, 619.79, 80667, 41
382, 1, 42, 54, 40, 0, 45.05%, 0, 0, 4, 8.75, 83692, 41
387, 1, 42, 54, 40, 0, 45.05%, 0, 0, 4, 638.34, 86939, 41
392, 1, 48, 54, 38, 0, 45.05%, 0, 0, 4, 641.72, 90148, 41
397, 1, 42, 54, 38, 0, 45.05%, 0, 0, 4, 644.57, 93453, 41
402, 1, 45, 55, 36, 0, 45.05%, 0, 0, 4, 636.86, 96691, 41
408, 1, 35, 55, 34, 0, 45.05%, 0, 0, 4, 30.30, 99065, 41
414, 2, 42, 55, 32, 0, 45.05%, 0, 0, 4, 625.05, 102371, 41
419, 2, 31, 56, 32, 0, 45.05%, 0, 0, 5, 609.74, 105484, 41
424, 2, 43, 56, 31, 0, 45.05%, 0, 0, 5, 625.03, 108682, 41
429, 2, 43, 56, 31, 0, 45.05%, 0, 0, 5, 628.64, 111894, 41
435, 2, 43, 56, 31, 0, 45.05%, 0, 0, 5, 50.56, 114570, 41
440, 2, 54, 56, 31, 0, 45.05%, 0, 0, 5, 636.43, 117765, 41
445, 2, 43, 56, 31, 0, 45.05%, 0, 0, 5, 646.73, 121039, 41
450, 3, 43, 56, 29, 0, 45.05%, 0, 0, 5, 633.01, 124192, 41
453, 3, 36, 56, 28, 0, 45.05%, 1, 0, 5, 0.00, 125836, 41
