# relative_time, cycles_done, cur_item, corpus_count, pending_total, pending_favs, map_size, saved_crashes, saved_hangs, max_depth, execs_per_sec, total_execs, edges_found
73, 0, 0, 6, 4, 0, 29.47%, 0, 0, 2, 0.04, 1777, 28
78, 0, 0, 6, 4, 0, 29.47%, 0, 0, 2, 375.00, 1857, 28
90, 0, 0, 8, 6, 0, 29.47%, 0, 0, 2, 10.14, 3753, 28
122, 0, 0, 8, 6, 0, 29.47%, 0, 0, 2, 0.03, 3754, 28
128, 0, 0, 8, 6, 0, 29.47%, 0, 0, 2, 707.68, 5275, 28
176, 0, 7, 9, 6, 1, 29.47%, 0, 0, 2, 2.59, 7681, 28
181, 0, 0, 12, 8, 0, 29.47%, 0, 0, 3, 679.62, 11139, 28
215, 0, 0, 12, 8, 0, 29.47%, 0, 0, 3, 3.12, 11689, 28
222, 0, 0, 12, 8, 0, 29.47%, 0, 0, 3, 0.14, 11690, 28
264, 1, 11, 12, 8, 0, 29.47%, 0, 0, 3, 1.29, 13599, 28
269, 1, 0, 15, 9, 0, 30.53%, 0, 0, 4, 712.85, 17226, 29
307, 1, 0, 15, 9, 0, 30.53%, 0, 0, 4, 0.54, 17498, 29
346, 1, 13, 18, 12, 0, 33.68%, 0, 0, 4, 2.74, 19996, 32
351, 1, 18, 25, 16, 0, 36.84%, 0, 0, 5, 679.69, 23407, 35
384, 1, 18, 25, 16, 0, 36.84%, 0, 0, 5, 3.61, 23979, 35
420, 1, 18, 26, 17, 0, 37.89%, 0, 0, 5, 1.18, 25754, 36
455, 1, 18, 30, 21, 0, 40.00%, 0, 0, 5, 3.64, 29300, 38
487, 1, 18, 31, 22, 0, 40.00%, 0, 0, 5, 4.62, 30357, 38
492, 1, 18, 33, 24, 0, 40.00%, 0, 0, 5, 713.15, 34103, 38
522, 1, 18, 33, 24, 0, 40.00%, 0, 0, 5, 3.41, 34521, 38
527, 1, 30, 38, 28, 5, 41.05%, 0, 0, 6, 710.88, 38137, 39
557, 1, 24, 39, 28, 5, 41.05%, 0, 0, 6, 3.82, 38702, 39
592, 1, 24, 42, 31, 5, 42.11%, 0, 0, 6, 2.62, 40445, 40
597, 1, 24, 43, 32, 5, 43.16%, 0, 0, 6, 713.39, 44190, 41
626, 1, 24, 44, 33, 5, 43.16%, 0, 0, 6, 4.96, 44645, 41
656, 1, 24, 50, 39, 5, 43.16%, 0, 0, 6, 5.16, 47515, 41
665, 1, 24, 53, 42, 5, 43.16%, 0, 0, 6, 7.77, 49860, 41
680, 1, 24, 53, 42, 5, 43.16%, 0, 0, 6, 1.31, 49880, 41
713, 1, 35, 55, 41, 4, 43.16%, 0, 0, 6, 13.37, 52734, 41
713, 1, 35, 55, 41, 4, 43.16%, 0, 0, 6, 0.05, 52735, 41
718, 1, 42, 61, 44, 1, 43.16%, 0, 0, 7, 717.79, 56505, 41
740, 1, 41, 61, 43, 0, 43.16%, 0, 0, 7, 1.94, 56953, 41
748, 1, 41, 62, 44, 0, 43.16%, 0, 0, 7, 18.48, 58756, 41
762, 1, 41, 62, 44, 0, 43.16%, 0, 0, 7, 0.51, 58763, 41
773, 1, 65, 68, 48, 0, 45.26%, 0, 0, 7, 5.66, 62142, 43
788, 1, 65, 68, 48, 0, 45.26%, 0, 0, 7, 0.07, 62143, 43
793, 1, 65, 69, 49, 0, 45.26%, 1, 0, 7, 683.56, 65647, 43
793, 1, 65, 69, 49, 0, 45.26%, 1, 0, 7, 0.00, 65647, 43
