# relative_time, cycles_done, cur_item, corpus_count, pending_total, pending_favs, map_size, saved_crashes, saved_hangs, max_depth, execs_per_sec, total_execs, edges_found
74, 0, 0, 18, 18, 1, 40.00%, 0, 0, 2, 0.13, 1758, 40
79, 0, 0, 19, 19, 1, 40.00%, 0, 0, 2, 336.36, 1835, 40
90, 0, 0, 20, 20, 1, 40.00%, 0, 0, 2, 2.33, 2997, 40
122, 0, 0, 20, 20, 1, 40.00%, 0, 0, 2, 0.12, 3001, 40
128, 0, 0, 21, 21, 1, 40.00%, 0, 0, 2, 366.13, 3781, 40
176, 0, 0, 22, 22, 1, 42.00%, 0, 0, 2, 1.66, 4949, 42
176, 0, 0, 22, 22, 1, 42.00%, 0, 0, 2, 0.18, 4950, 42
181, 0, 0, 24, 24, 1, 43.00%, 0, 0, 2, 343.71, 6674, 43
222, 0, 0, 24, 24, 1, 43.00%, 0, 0, 2, 1.33, 6962, 43
225, 0, 0, 24, 24, 1, 43.00%, 1, 0, 2, 0.00, 7773, 43
