# relative_time, cycles_done, cur_item, corpus_count, pending_total, pending_favs, map_size, saved_crashes, saved_hangs, max_depth, execs_per_sec, total_execs, edges_found
67, 0, 1, 9, 7, 0, 30.77%, 0, 0, 3, 0.68, 2032, 28
73, 0, 1, 9, 7, 0, 30.77%, 0, 0, 3, 147.10, 2815, 28
93, 0, 1, 9, 7, 0, 30.77%, 0, 0, 3, 1.59, 3127, 28
98, 0, 1, 9, 7, 0, 30.77%, 0, 0, 3, 153.00, 3935, 28
119, 0, 0, 10, 7, 0, 30.77%, 0, 0, 3, 0.49, 4241, 28
124, 0, 9, 16, 13, 0, 35.16%, 0, 0, 3, 151.34, 5019, 32
136, 0, 9, 16, 13, 0, 35.16%, 0, 0, 3, 0.25, 5154, 32
153, 0, 9, 16, 13, 0, 35.16%, 0, 0, 3, 2.67, 5856, 32
158, 0, 9, 16, 13, 0, 35.16%, 0, 0, 3, 154.36, 6648, 32
174, 0, 9, 16, 13, 0, 35.16%, 0, 0, 3, 0.22, 7032, 32
179, 0, 9, 17, 14, 0, 35.16%, 0, 0, 3, 153.66, 7806, 32
188, 0, 14, 17, 11, 2, 35.16%, 0, 0, 3, 0.68, 8233, 32
196, 0, 14, 17, 11, 2, 35.16%, 0, 0, 3, 0.68, 8238, 32
201, 0, 0, 17, 9, 0, 35.16%, 0, 0, 3, 154.57, 9022, 32
210, 0, 12, 17, 9, 0, 35.16%, 0, 0, 3, 0.44, 9387, 32
224, 0, 13, 17, 9, 0, 35.16%, 0, 0, 3, 2.28, 10060, 32
229, 0, 0, 17, 9, 0, 35.16%, 0, 0, 3, 173.99, 10957, 32
237, 0, 14, 17, 9, 0, 35.16%, 0, 0, 3, 2.14, 11409, 32
249, 1, 0, 17, 9, 0, 35.16%, 0, 0, 3, 4.23, 12283, 32
255, 1, 13, 17, 9, 0, 35.16%, 0, 0, 3, 170.92, 13180, 32
261, 1, 0, 18, 10, 0, 35.16%, 0, 0, 4, 5.00, 13605, 32
266, 1, 14, 18, 10, 0, 35.16%, 0, 0, 4, 174.84, 14510, 32
277, 1, 18, 19, 10, 0, 38.46%, 0, 0, 4, 4.88, 15120, 35
282, 1, 18, 21, 12, 0, 40.66%, 0, 0, 5, 175.71, 16040, 37
297, 1, 18, 21, 12, 0, 40.66%, 0, 0, 5, 1.96, 16706, 37
302, 1, 18, 23, 14, 0, 41.76%, 0, 0, 5, 176.98, 17620, 38
308, 1, 18, 23, 14, 0, 41.76%, 0, 0, 5, 8.70, 18319, 38
313, 1, 18, 23, 14, 0, 41.76%, 0, 0, 5, 172.84, 19220, 38
321, 1, 18, 23, 14, 0, 41.76%, 0, 0, 5, 1.11, 19619, 38
326, 1, 21, 23, 13, 2, 41.76%, 0, 0, 5, 169.06, 20471, 38
331, 1, 20, 24, 13, 1, 41.76%, 0, 0, 6, 173.37, 21348, 38
336, 1, 12, 24, 12, 0, 41.76%, 0, 0, 6, 175.98, 22258, 38
342, 1, 0, 24, 12, 0, 41.76%, 0, 0, 6, 8.88, 22822, 38
347, 1, 0, 25, 13, 0, 41.76%, 0, 0, 6, 169.16, 23633, 38
352, 2, 0, 25, 12, 0, 41.76%, 0, 0, 6, 169.95, 24191, 38
357, 2, 0, 25, 12, 0, 41.76%, 0, 0, 6, 174.46, 25066, 38
362, 2, 21, 25, 12, 0, 41.76%, 0, 0, 6, 174.24, 25931, 38
367, 2, 19, 25, 12, 0, 41.76%, 0, 0, 6, 173.85, 26800, 38
372, 2, 19, 25, 12, 0, 41.76%, 0, 0, 6, 171.96, 27657, 38
381, 2, 0, 25, 12, 0, 41.76%, 0, 0, 6, 7.98, 28537, 38
387, 2, 18, 25, 12, 0, 41.76%, 0, 0, 6, 172.55, 29433, 38
392, 3, 15, 25, 12, 0, 41.76%, 0, 0, 6, 169.80, 30305, 38
397, 3, 0, 25, 12, 0, 41.76%, 0, 0, 6, 173.66, 31171, 38
402, 3, 19, 25, 12, 0, 41.76%, 0, 0, 6, 173.20, 32045, 38
408, 3, 1, 25, 12, 0, 41.76%, 0, 0, 6, 7.60, 32667, 38
413, 3, 21, 25, 12, 0, 41.76%, 0, 0, 6, 169.96, 33524, 38
418, 3, 0, 26, 13, 0, 41.76%, 0, 0, 6, 168.16, 34372, 38
423, 3, 0, 26, 13, 0, 41.76%, 0, 0, 6, 171.10, 35240, 38
428, 4, 2, 26, 13, 0, 41.76%, 0, 0, 6, 169.31, 36125, 38
435, 4, 0, 26, 12, 0, 41.76%, 0, 0, 6, 5.66, 36872, 38
440, 4, 19, 26, 12, 0, 41.76%, 0, 0, 6, 168.69, 37721, 38
445, 4, 0, 27, 13, 0, 41.76%, 0, 0, 6, 170.09, 38583, 38
450, 4, 20, 27, 13, 0, 41.76%, 0, 0, 6, 170.44, 39460, 38
455, 4, 0, 27, 13, 0, 41.76%, 0, 0, 6, 184.87, 40392, 38
462, 4, 0, 27, 13, 0, 41.76%, 0, 0, 6, 0.88, 41087, 38
468, 5, 0, 27, 13, 0, 41.76%, 0, 0, 6, 194.50, 42101, 38
473, 5, 15, 27, 13, 0, 41.76%, 0, 0, 6, 192.05, 43065, 38
478, 5, 0, 30, 16, 0, 41.76%, 0, 0, 6, 194.27, 44070, 38
483, 5, 14, 32, 17, 0, 42.86%, 0, 0, 6, 197.77, 45087, 39
488, 5, 0, 32, 17, 0, 42.86%, 0, 0, 6, 188.12, 45969, 39
493, 5, 0, 32, 17, 0, 42.86%, 0, 0, 6, 191.53, 46969, 39
498, 5, 31, 32, 17, 0, 42.86%, 0, 0, 6, 194.35, 47987, 39
504, 5, 31, 32, 17, 0, 42.86%, 0, 0, 6, 208.06, 49069, 39
509, 5, 31, 34, 19, 0, 42.86%, 0, 0, 7, 194.34, 50024, 39
514, 5, 31, 34, 19, 0, 42.86%, 0, 0, 7, 194.18, 51003, 39
519, 5, 31, 34, 19, 0, 42.86%, 0, 0, 7, 203.60, 52044, 39
524, 5, 31, 36, 21, 0, 42.86%, 0, 0, 7, 195.70, 53021, 39
529, 5, 31, 36, 21, 0, 42.86%, 0, 0, 7, 193.16, 54026, 39
534, 5, 0, 37, 22, 0, 42.86%, 0, 0, 7, 193.26, 54997, 39
539, 5, 0, 37, 22, 0, 42.86%, 0, 0, 7, 196.18, 56023, 39
545, 6, 0, 37, 21, 0, 42.86%, 0, 0, 7, 193.97, 57031, 39
550, 6, 0, 37, 21, 0, 42.86%, 0, 0, 7, 224.04, 58228, 39
555, 6, 15, 37, 21, 0, 42.86%, 0, 0, 7, 230.09, 59428, 39
560, 6, 31, 39, 23, 0, 42.86%, 0, 0, 7, 230.15, 60627, 39
565, 6, 0, 40, 24, 0, 42.86%, 0, 0, 7, 232.66, 61838, 39
570, 6, 35, 40, 24, 0, 42.86%, 0, 0, 7, 231.82, 63029, 39
576, 6, 31, 40, 23, 0, 42.86%, 0, 0, 7, 230.18, 64217, 39
581, 7, 0, 40, 23, 0, 42.86%, 0, 0, 7, 234.00, 65432, 39
586, 7, 19, 40, 23, 0, 42.86%, 0, 0, 7, 231.14, 66588, 39
591, 7, 18, 41, 24, 0, 42.86%, 0, 0, 7, 229.65, 67779, 39
596, 7, 0, 41, 24, 0, 42.86%, 0, 0, 7, 225.48, 68917, 39
601, 7, 0, 42, 25, 0, 42.86%, 0, 0, 7, 224.28, 70054, 39
606, 7, 20, 48, 31, 0, 42.86%, 0, 0, 7, 216.72, 71110, 39
611, 7, 18, 48, 31, 0, 42.86%, 0, 0, 7, 222.10, 72250, 39
616, 7, 0, 48, 31, 0, 42.86%, 0, 0, 7, 226.30, 73423, 39
622, 7, 12, 49, 32, 0, 42.86%, 0, 0, 7, 228.38, 74576, 39
627, 7, 21, 50, 33, 0, 42.86%, 0, 0, 7, 227.32, 75749, 39
632, 8, 31, 50, 33, 0, 42.86%, 0, 0, 7, 214.42, 76863, 39
637, 8, 14, 50, 33, 0, 42.86%, 0, 0, 7, 223.30, 77955, 39
642, 8, 31, 51, 33, 0, 42.86%, 0, 0, 7, 214.66, 78930, 39
647, 8, 0, 51, 33, 0, 42.86%, 0, 0, 7, 192.96, 79750, 39
652, 8, 0, 51, 33, 0, 42.86%, 0, 0, 7, 194.45, 80794, 39
657, 8, 0, 51, 33, 0, 42.86%, 0, 0, 7, 202.63, 81863, 39
662, 8, 0, 53, 35, 0, 42.86%, 0, 0, 7, 216.27, 82969, 39
667, 8, 0, 55, 36, 0, 42.86%, 0, 0, 7, 215.50, 84087, 39
673, 8, 55, 58, 39, 0, 42.86%, 0, 0, 7, 218.18, 85246, 39
678, 8, 55, 59, 40, 0, 42.86%, 0, 0, 7, 225.28, 86377, 39
683, 8, 55, 60, 41, 0, 42.86%, 0, 0, 7, 191.93, 87289, 39
688, 8, 55, 60, 41, 0, 42.86%, 0, 0, 7, 233.34, 88480, 39
693, 8, 55, 61, 42, 0, 42.86%, 0, 0, 7, 247.90, 89767, 39
698, 8, 55, 62, 43, 0, 42.86%, 0, 0, 7, 238.29, 90864, 39
703, 8, 55, 63, 44, 0, 42.86%, 0, 0, 7, 232.11, 92067, 39
708, 8, 31, 64, 43, 0, 42.86%, 0, 0, 7, 228.34, 93238, 39
713, 8, 14, 65, 44, 0, 42.86%, 0, 0, 7, 222.25, 94365, 39
718, 8, 0, 65, 44, 0, 42.86%, 0, 0, 7, 215.35, 95442, 39
724, 8, 7, 65, 44, 0, 42.86%, 0, 0, 7, 217.16, 96557, 39
729, 8, 64, 66, 44, 0, 42.86%, 0, 0, 7, 238.40, 97791, 39
734, 8, 0, 67, 44, 0, 42.86%, 0, 0, 7, 234.38, 98967, 39
739, 8, 0, 67, 44, 0, 42.86%, 0, 0, 7, 235.72, 100147, 39
744, 8, 55, 67, 44, 0, 42.86%, 0, 0, 7, 230.55, 101307, 39
749, 9, 55, 67, 44, 0, 42.86%, 0, 0, 7, 238.29, 102541, 39
754, 9, 31, 68, 44, 0, 42.86%, 0, 0, 7, 230.60, 103748, 39
759, 9, 55, 68, 44, 0, 42.86%, 0, 0, 7, 227.15, 104884, 39
765, 9, 31, 68, 44, 0, 42.86%, 0, 0, 7, 245.58, 106165, 39
770, 9, 55, 69, 44, 0, 42.86%, 0, 0, 7, 238.60, 107377, 39
775, 9, 0, 69, 44, 0, 42.86%, 0, 0, 7, 252.39, 108706, 39
780, 9, 0, 69, 44, 0, 42.86%, 0, 0, 7, 234.77, 109903, 39
785, 9, 0, 70, 44, 0, 42.86%, 0, 0, 7, 229.66, 111079, 39
790, 9, 21, 70, 43, 0, 42.86%, 0, 0, 7, 245.90, 112380, 39
796, 9, 55, 70, 43, 0, 42.86%, 0, 0, 7, 245.30, 113672, 39
801, 9, 0, 70, 43, 0, 42.86%, 0, 0, 7, 237.55, 114860, 39
806, 9, 0, 70, 43, 0, 42.86%, 0, 0, 7, 249.66, 116129, 39
811, 9, 18, 70, 43, 0, 42.86%, 0, 0, 7, 248.46, 117439, 39
816, 9, 66, 70, 43, 0, 42.86%, 0, 0, 7, 220.58, 118519, 39
821, 9, 31, 70, 42, 0, 42.86%, 0, 0, 7, 225.13, 119643, 39
826, 9, 0, 70, 42, 0, 42.86%, 0, 0, 7, 222.10, 120845, 39
831, 9, 62, 70, 42, 0, 42.86%, 0, 0, 7, 225.53, 121981, 39
836, 9, 0, 70, 41, 0, 42.86%, 0, 0, 7, 230.55, 123194, 39
841, 10, 14, 70, 41, 0, 42.86%, 0, 0, 7, 246.12, 124438, 39
846, 10, 0, 71, 41, 0, 43.96%, 0, 0, 7, 249.64, 125686, 40
851, 10, 0, 71, 41, 0, 43.96%, 0, 0, 7, 218.06, 126754, 40
857, 10, 0, 72, 42, 0, 43.96%, 0, 0, 7, 230.85, 127935, 40
862, 10, 70, 75, 45, 0, 43.96%, 0, 0, 7, 249.89, 129243, 40
867, 10, 70, 75, 45, 0, 43.96%, 0, 0, 7, 235.83, 130432, 40
872, 10, 70, 75, 45, 0, 43.96%, 0, 0, 7, 232.12, 131632, 40
877, 10, 70, 76, 46, 0, 43.96%, 0, 0, 7, 237.59, 132817, 40
882, 10, 70, 76, 46, 0, 43.96%, 0, 0, 7, 230.43, 133965, 40
887, 10, 55, 76, 46, 0, 43.96%, 0, 0, 7, 268.57, 135386, 40
892, 10, 21, 76, 46, 0, 43.96%, 0, 0, 7, 296.83, 136896, 40
897, 10, 55, 76, 46, 0, 43.96%, 0, 0, 7, 284.55, 138343, 40
902, 10, 55, 76, 46, 0, 43.96%, 0, 0, 7, 273.36, 139695, 40
908, 10, 55, 76, 46, 0, 43.96%, 0, 0, 7, 260.50, 141043, 40
913, 10, 55, 76, 46, 0, 43.96%, 0, 0, 7, 255.94, 142329, 40
918, 10, 0, 76, 46, 0, 43.96%, 0, 0, 7, 223.93, 143394, 40
923, 10, 20, 76, 46, 0, 43.96%, 0, 0, 7, 217.06, 144483, 40
928, 10, 55, 76, 46, 0, 43.96%, 0, 0, 7, 244.89, 145791, 40
933, 10, 0, 76, 46, 0, 43.96%, 0, 0, 7, 240.30, 147029, 40
938, 10, 55, 76, 46, 0, 43.96%, 0, 0, 7, 219.06, 148129, 40
943, 10, 55, 76, 46, 0, 43.96%, 0, 0, 7, 252.95, 149432, 40
948, 10, 0, 76, 46, 0, 43.96%, 0, 0, 7, 245.71, 150593, 40
953, 11, 70, 76, 46, 0, 43.96%, 0, 0, 7, 243.48, 151854, 40
958, 11, 0, 76, 46, 0, 43.96%, 0, 0, 7, 288.47, 153401, 40
964, 11, 55, 76, 46, 0, 43.96%, 0, 0, 7, 159.09, 154156, 40
969, 11, 0, 76, 46, 0, 43.96%, 0, 0, 7, 104.91, 154613, 40
974, 11, 55, 76, 46, 0, 43.96%, 0, 0, 7, 95.29, 155081, 40
979, 11, 55, 76, 46, 0, 43.96%, 0, 0, 7, 102.01, 155600, 40
984, 11, 14, 76, 46, 0, 43.96%, 0, 0, 7, 105.07, 156122, 40
989, 11, 55, 76, 46, 0, 43.96%, 0, 0, 7, 176.49, 157032, 40
994, 11, 73, 76, 46, 0, 43.96%, 0, 0, 7, 260.27, 158471, 40
999, 11, 0, 76, 44, 0, 43.96%, 0, 0, 7, 270.01, 159856, 40
1004, 11, 55, 76, 44, 0, 43.96%, 0, 0, 7, 281.23, 161266, 40
1009, 11, 20, 76, 44, 0, 43.96%, 0, 0, 7, 272.00, 162655, 40
1015, 11, 0, 76, 44, 0, 43.96%, 0, 0, 7, 264.22, 163977, 40
1020, 11, 0, 76, 43, 0, 43.96%, 0, 0, 7, 258.71, 165296, 40
1025, 11, 0, 76, 43, 0, 43.96%, 0, 0, 7, 250.55, 166555, 40
1030, 11, 70, 76, 43, 0, 43.96%, 0, 0, 7, 266.24, 167914, 40
1035, 11, 18, 76, 43, 0, 43.96%, 0, 0, 7, 260.36, 169230, 40
1040, 11, 0, 78, 44, 0, 45.05%, 0, 0, 7, 256.78, 170496, 41
1045, 11, 77, 80, 46, 0, 45.05%, 0, 0, 7, 279.73, 171901, 41
1050, 11, 77, 80, 46, 0, 45.05%, 0, 0, 7, 268.19, 173261, 41
1055, 11, 77, 80, 46, 0, 45.05%, 0, 0, 7, 308.43, 174864, 41
1060, 11, 77, 82, 48, 0, 45.05%, 0, 0, 7, 263.21, 176124, 41
1065, 11, 55, 82, 48, 0, 45.05%, 0, 0, 7, 274.44, 177586, 41
1070, 11, 0, 83, 49, 0, 45.05%, 0, 0, 7, 276.38, 178989, 41
1075, 11, 15, 83, 49, 0, 45.05%, 0, 0, 7, 268.81, 180366, 41
1081, 12, 0, 83, 49, 0, 45.05%, 0, 0, 7, 252.28, 181640, 41
1086, 12, 0, 83, 49, 0, 45.05%, 0, 0, 7, 266.77, 183063, 41
1091, 12, 65, 83, 49, 0, 45.05%, 0, 0, 7, 271.92, 184482, 41
1096, 12, 51, 83, 48, 0, 45.05%, 0, 0, 7, 220.55, 185633, 41
1101, 12, 55, 83, 47, 0, 45.05%, 0, 0, 7, 199.71, 186573, 41
1106, 12, 55, 85, 49, 0, 45.05%, 0, 0, 7, 239.78, 187868, 41
1111, 12, 55, 85, 49, 0, 45.05%, 0, 0, 7, 263.47, 189208, 41
1116, 12, 0, 86, 50, 0, 45.05%, 0, 0, 7, 250.16, 190467, 41
1121, 12, 0, 86, 50, 0, 45.05%, 0, 0, 7, 261.74, 191751, 41
1126, 12, 58, 86, 50, 0, 45.05%, 0, 0, 7, 267.00, 193116, 41
1132, 12, 0, 86, 49, 0, 45.05%, 0, 0, 7, 294.00, 194593, 41
1137, 12, 55, 86, 49, 0, 45.05%, 0, 0, 7, 295.56, 196063, 41
1142, 12, 55, 86, 49, 0, 45.05%, 0, 0, 7, 261.54, 197340, 41
1147, 12, 55, 87, 49, 0, 45.05%, 0, 0, 7, 278.33, 198785, 41
1152, 12, 21, 87, 49, 0, 45.05%, 0, 0, 7, 271.65, 200127, 41
1157, 12, 0, 88, 50, 0, 45.05%, 0, 0, 7, 278.73, 201500, 41
1162, 12, 0, 88, 50, 0, 45.05%, 0, 0, 7, 298.56, 203067, 41
1167, 12, 55, 88, 50, 0, 45.05%, 0, 0, 7, 284.47, 204507, 41
1172, 12, 13, 88, 49, 0, 45.05%, 0, 0, 7, 268.58, 205871, 41
1177, 12, 55, 88, 48, 0, 45.05%, 0, 0, 7, 290.88, 207438, 41
1183, 12, 55, 88, 48, 0, 45.05%, 0, 0, 7, 309.56, 208966, 41
1188, 12, 55, 88, 48, 0, 45.05%, 0, 0, 7, 239.75, 209992, 41
1193, 13, 55, 88, 48, 0, 45.05%, 0, 0, 7, 353.79, 211750, 41
1198, 13, 12, 89, 49, 0, 45.05%, 0, 0, 7, 405.10, 213796, 41
1203, 13, 85, 89, 48, 0, 45.05%, 0, 0, 7, 435.59, 216112, 41
1208, 13, 55, 89, 47, 0, 45.05%, 0, 0, 7, 447.54, 218349, 41
1213, 13, 0, 89, 46, 0, 45.05%, 0, 0, 7, 458.34, 220743, 41
1218, 13, 33, 89, 46, 0, 45.05%, 0, 0, 7, 444.33, 223021, 41
1223, 13, 20, 89, 45, 0, 45.05%, 0, 0, 7, 374.09, 224944, 41
1228, 13, 55, 89, 45, 0, 45.05%, 0, 0, 7, 432.97, 227200, 41
1234, 13, 0, 89, 44, 0, 45.05%, 0, 0, 7, 442.79, 229512, 41
1239, 13, 55, 90, 45, 0, 45.05%, 0, 0, 7, 451.77, 231867, 41
1244, 13, 0, 90, 45, 0, 45.05%, 0, 0, 7, 445.32, 234090, 41
1249, 14, 70, 90, 45, 0, 45.05%, 0, 0, 7, 445.06, 236371, 41
1254, 14, 70, 90, 45, 0, 45.05%, 0, 0, 7, 456.79, 238659, 41
1259, 14, 55, 90, 45, 0, 45.05%, 0, 0, 7, 457.18, 241019, 41
1264, 14, 89, 90, 45, 0, 45.05%, 0, 0, 7, 439.31, 243240, 41
1269, 14, 89, 90, 45, 0, 45.05%, 0, 0, 7, 430.04, 245351, 41
1274, 14, 55, 90, 44, 0, 45.05%, 0, 0, 7, 423.75, 247448, 41
1279, 14, 0, 90, 44, 0, 45.05%, 0, 0, 7, 436.02, 249636, 41
1284, 14, 0, 90, 44, 0, 45.05%, 0, 0, 7, 438.78, 251868, 41
1290, 14, 55, 90, 44, 0, 45.05%, 0, 0, 7, 389.10, 253746, 41
1295, 14, 77, 90, 44, 0, 45.05%, 0, 0, 7, 417.88, 255881, 41
1300, 14, 0, 90, 44, 0, 45.05%, 0, 0, 7, 431.81, 258049, 41
1305, 15, 55, 90, 44, 0, 45.05%, 0, 0, 7, 427.62, 260190, 41
1310, 15, 77, 90, 44, 0, 45.05%, 0, 0, 7, 428.90, 262422, 41
1315, 15, 55, 90, 44, 0, 45.05%, 0, 0, 7, 446.36, 264749, 41
1320, 15, 83, 90, 44, 0, 45.05%, 0, 0, 7, 428.37, 266965, 41
1325, 15, 55, 90, 43, 0, 45.05%, 0, 0, 7, 435.66, 269230, 41
1331, 15, 12, 90, 43, 0, 45.05%, 0, 0, 7, 446.57, 271565, 41
1336, 15, 21, 90, 42, 0, 45.05%, 0, 0, 7, 439.13, 273863, 41
1341, 15, 0, 90, 42, 0, 45.05%, 0, 0, 7, 438.61, 276130, 41
1346, 15, 14, 90, 42, 0, 45.05%, 0, 0, 7, 441.99, 278362, 41
1351, 16, 15, 90, 42, 0, 45.05%, 0, 0, 7, 450.03, 280715, 41
1356, 16, 0, 90, 42, 0, 45.05%, 0, 0, 7, 431.47, 282840, 41
1361, 16, 70, 90, 42, 0, 45.05%, 0, 0, 7, 451.39, 285106, 41
1366, 16, 0, 90, 42, 0, 45.05%, 0, 0, 7, 457.36, 287430, 41
1371, 16, 88, 90, 42, 0, 45.05%, 0, 0, 7, 442.51, 289653, 41
1376, 16, 0, 90, 41, 0, 45.05%, 0, 0, 7, 440.60, 291841, 41
1381, 16, 55, 90, 40, 0, 45.05%, 0, 0, 7, 425.11, 294080, 41
1386, 16, 86, 92, 42, 0, 45.05%, 0, 0, 7, 415.42, 296174, 41
1392, 16, 55, 92, 41, 0, 45.05%, 0, 0, 7, 352.00, 298088, 41
1397, 16, 87, 92, 41, 0, 45.05%, 0, 0, 7, 190.43, 298851, 41
1402, 16, 20, 92, 40, 0, 45.05%, 0, 0, 7, 156.09, 299614, 41
1407, 16, 0, 92, 40, 0, 45.05%, 0, 0, 7, 348.99, 301382, 41
1412, 16, 55, 92, 40, 0, 45.05%, 0, 0, 7, 420.64, 303614, 41
1417, 17, 0, 92, 40, 0, 45.05%, 0, 0, 7, 439.25, 305849, 41
1422, 17, 55, 92, 40, 0, 45.05%, 0, 0, 7, 437.37, 308118, 41
1428, 17, 55, 92, 38, 0, 45.05%, 0, 0, 7, 442.33, 310420, 41
1433, 17, 0, 92, 38, 0, 45.05%, 0, 0, 7, 440.98, 312688, 41
1438, 17, 55, 93, 39, 0, 45.05%, 0, 0, 7, 516.48, 315203, 41
1443, 17, 0, 93, 39, 0, 45.05%, 0, 0, 7, 632.25, 318602, 41
1448, 17, 0, 93, 39, 0, 45.05%, 0, 0, 7, 646.87, 321869, 41
1453, 17, 21, 93, 39, 0, 45.05%, 0, 0, 7, 645.72, 325109, 41
1458, 18, 0, 93, 39, 0, 45.05%, 0, 0, 7, 652.82, 328474, 41
1463, 18, 31, 93, 39, 0, 45.05%, 0, 0, 7, 651.24, 331716, 41
1468, 18, 84, 93, 39, 0, 45.05%, 0, 0, 7, 611.65, 334861, 41
1474, 18, 70, 93, 37, 0, 45.05%, 0, 0, 7, 635.98, 338181, 41
1479, 18, 81, 94, 38, 0, 45.05%, 0, 0, 7, 619.44, 341316, 41
1484, 18, 18, 94, 37, 0, 45.05%, 0, 0, 7, 642.53, 344663, 41
1489, 18, 0, 94, 37, 0, 45.05%, 0, 0, 7, 612.33, 347698, 41
1494, 19, 0, 94, 37, 0, 45.05%, 0, 0, 7, 630.05, 350822, 41
1499, 19, 0, 94, 36, 0, 45.05%, 0, 0, 7, 597.72, 353935, 41
1504, 19, 55, 94, 36, 0, 45.05%, 0, 0, 7, 611.69, 356976, 41
1509, 19, 55, 94, 36, 0, 45.05%, 0, 0, 7, 633.66, 360280, 41
1514, 19, 18, 94, 36, 0, 45.05%, 0, 0, 7, 625.32, 363404, 41
1519, 19, 18, 94, 36, 0, 45.05%, 0, 0, 7, 649.52, 366671, 41
1525, 19, 21, 95, 37, 0, 45.05%, 0, 0, 7, 633.27, 369939, 41
1530, 19, 94, 95, 37, 0, 45.05%, 0, 0, 7, 595.36, 373078, 41
1535, 19, 94, 95, 37, 0, 45.05%, 0, 0, 7, 493.18, 375414, 41
1540, 19, 0, 95, 36, 0, 45.05%, 0, 0, 7, 593.74, 378593, 41
1545, 20, 79, 95, 36, 0, 45.05%, 0, 0, 7, 606.33, 381617, 41
1550, 20, 0, 95, 34, 0, 45.05%, 0, 0, 7, 621.33, 384845, 41
1555, 20, 55, 95, 34, 0, 45.05%, 0, 0, 7, 625.96, 388119, 41
1560, 20, 71, 95, 33, 0, 45.05%, 0, 0, 7, 591.39, 391129, 41
1565, 20, 55, 95, 32, 0, 45.05%, 0, 0, 7, 593.52, 394072, 41
1571, 20, 0, 95, 32, 0, 45.05%, 0, 0, 7, 618.63, 397325, 41
1576, 21, 0, 95, 31, 0, 45.05%, 0, 0, 7, 639.74, 400692, 41
1581, 21, 55, 95, 31, 0, 45.05%, 0, 0, 7, 631.76, 403892, 41
1586, 21, 0, 95, 30, 0, 45.05%, 0, 0, 7, 619.11, 407046, 41
1591, 21, 55, 95, 30, 0, 45.05%, 0, 0, 7, 633.66, 410293, 41
1596, 21, 0, 95, 30, 0, 45.05%, 0, 0, 7, 644.62, 413690, 41
1601, 21, 0, 95, 30, 0, 45.05%, 0, 0, 7, 643.98, 416930, 41
1606, 21, 55, 95, 30, 0, 45.05%, 0, 0, 7, 649.84, 420253, 41
1612, 21, 67, 95, 30, 0, 45.05%, 0, 0, 7, 631.44, 423559, 41
1617, 22, 70, 95, 29, 0, 45.05%, 0, 0, 7, 652.93, 426959, 41
1622, 22, 55, 95, 29, 0, 45.05%, 0, 0, 7, 652.26, 430356, 41
1627, 22, 55, 95, 29, 0, 45.05%, 0, 0, 7, 646.27, 433625, 41
1632, 22, 21, 95, 29, 0, 45.05%, 0, 0, 7, 631.79, 436886, 41
1637, 22, 55, 95, 29, 0, 45.05%, 0, 0, 7, 634.97, 440181, 41
1642, 22, 80, 95, 29, 0, 45.05%, 0, 0, 7, 630.06, 443332, 41
1648, 23, 55, 95, 28, 0, 45.05%, 0, 0, 7, 617.08, 446543, 41
1653, 23, 0, 95, 27, 0, 45.05%, 0, 0, 7, 615.97, 449652, 41
1658, 23, 0, 95, 27, 0, 45.05%, 0, 0, 7, 630.55, 452970, 41
1663, 23, 15, 95, 27, 0, 45.05%, 0, 0, 7, 633.50, 456265, 41
1668, 23, 55, 95, 27, 0, 45.05%, 0, 0, 7, 645.50, 459617, 41
1673, 23, 0, 95, 27, 0, 45.05%, 0, 0, 7, 634.88, 462807, 41
1678, 23, 92, 95, 27, 0, 45.05%, 0, 0, 7, 518.65, 465360, 41
1684, 23, 0, 95, 26, 0, 45.05%, 0, 0, 7, 608.85, 468636, 41
1689, 24, 15, 95, 25, 0, 45.05%, 0, 0, 7, 620.19, 471899, 41
1694, 24, 0, 95, 25, 0, 45.05%, 0, 0, 7, 635.77, 475092, 41
1699, 24, 0, 95, 25, 0, 45.05%, 0, 0, 7, 631.30, 478372, 41
1704, 24, 55, 95, 25, 0, 45.05%, 0, 0, 7, 619.61, 481457, 41
1709, 24, 0, 95, 25, 0, 45.05%, 0, 0, 7, 632.43, 484630, 41
1714, 24, 28, 95, 24, 0, 45.05%, 0, 0, 7, 633.79, 487891, 41
1719, 25, 0, 95, 23, 0, 45.05%, 0, 0, 7, 642.63, 491134, 41
1724, 25, 21, 95, 23, 0, 45.05%, 0, 0, 7, 588.56, 494050, 41
1729, 25, 55, 95, 23, 0, 45.05%, 0, 0, 7, 618.94, 497176, 41
1735, 25, 93, 95, 23, 0, 45.05%, 0, 0, 7, 515.21, 499850, 41
1740, 25, 0, 95, 22, 0, 45.05%, 0, 0, 7, 586.98, 502735, 41
1745, 25, 0, 95, 22, 0, 45.05%, 0, 0, 7, 617.37, 505863, 41
1750, 25, 70, 96, 23, 0, 45.05%, 0, 0, 7, 606.07, 508911, 41
1755, 25, 55, 96, 23, 0, 45.05%, 0, 0, 7, 611.32, 511910, 41
1760, 26, 14, 96, 23, 0, 45.05%, 0, 0, 7, 622.98, 515058, 41
1765, 26, 95, 96, 23, 0, 45.05%, 0, 0, 7, 580.09, 518112, 41
1770, 26, 0, 96, 22, 0, 45.05%, 0, 0, 7, 563.13, 520936, 41
1775, 26, 0, 96, 22, 0, 45.05%, 0, 0, 7, 603.05, 524147, 41
1780, 26, 55, 96, 21, 0, 45.05%, 0, 0, 7, 631.24, 527364, 41
1785, 26, 0, 96, 20, 0, 45.05%, 0, 0, 7, 628.70, 530664, 41
1791, 26, 55, 96, 20, 0, 45.05%, 0, 0, 7, 638.15, 534004, 41
1796, 26, 55, 96, 20, 0, 45.05%, 0, 0, 7, 625.54, 537218, 41
1801, 27, 0, 96, 20, 0, 45.05%, 0, 0, 7, 644.62, 540593, 41
1806, 27, 0, 96, 19, 0, 45.05%, 0, 0, 7, 627.27, 543859, 41
1811, 27, 0, 96, 18, 0, 45.05%, 0, 0, 7, 633.38, 547094, 41
1816, 27, 55, 96, 18, 0, 45.05%, 0, 0, 7, 635.25, 550386, 41
1822, 27, 55, 96, 18, 0, 45.05%, 0, 0, 7, 631.96, 553667, 41
1827, 27, 55, 96, 18, 0, 45.05%, 0, 0, 7, 637.00, 556936, 41
1832, 28, 55, 96, 18, 0, 45.05%, 0, 0, 7, 647.67, 560195, 41
1837, 28, 0, 96, 17, 0, 45.05%, 0, 0, 7, 640.15, 563423, 41
1842, 28, 55, 96, 17, 0, 45.05%, 0, 0, 7, 644.48, 566757, 41
1847, 28, 0, 96, 17, 0, 45.05%, 0, 0, 7, 585.72, 569762, 41
1852, 28, 18, 96, 17, 0, 45.05%, 0, 0, 7, 573.91, 572524, 41
1857, 28, 31, 96, 17, 0, 45.05%, 0, 0, 7, 647.03, 575910, 41
1862, 28, 0, 96, 16, 0, 45.05%, 0, 0, 7, 651.99, 579307, 41
1868, 29, 0, 96, 16, 0, 45.05%, 0, 0, 7, 645.43, 582655, 41
1873, 29, 55, 96, 16, 0, 45.05%, 0, 0, 7, 647.02, 586003, 41
1878, 29, 0, 96, 16, 0, 45.05%, 0, 0, 7, 647.71, 589368, 41
1883, 29, 55, 96, 16, 0, 45.05%, 0, 0, 7, 637.78, 592654, 41
1888, 29, 55, 96, 16, 0, 45.05%, 0, 0, 7, 597.29, 595609, 41
1893, 29, 55, 96, 15, 0, 45.05%, 0, 0, 7, 638.33, 598851, 41
1898, 29, 5, 96, 15, 0, 45.05%, 0, 0, 7, 631.64, 602050, 41
1904, 30, 14, 96, 15, 0, 45.05%, 0, 0, 7, 632.37, 605283, 41
1909, 30, 0, 96, 14, 0, 45.05%, 0, 0, 7, 636.12, 608558, 41
1914, 30, 0, 96, 14, 0, 45.05%, 0, 0, 7, 648.68, 611809, 41
1919, 30, 0, 96, 14, 0, 45.05%, 0, 0, 7, 645.58, 615118, 41
1924, 30, 55, 96, 14, 0, 45.05%, 0, 0, 7, 638.58, 618309, 41
1929, 30, 0, 96, 14, 0, 45.05%, 0, 0, 7, 647.99, 621662, 41
1934, 31, 55, 96, 14, 0, 45.05%, 0, 0, 7, 646.61, 625004, 41
1939, 31, 77, 96, 14, 0, 45.05%, 0, 0, 7, 643.08, 628301, 41
1945, 31, 31, 96, 14, 0, 45.05%, 0, 0, 7, 649.75, 631683, 41
1950, 31, 0, 96, 14, 0, 45.05%, 0, 0, 7, 647.87, 634932, 41
1955, 31, 77, 96, 14, 0, 45.05%, 0, 0, 7, 740.81, 638663, 41
1960, 32, 55, 96, 14, 0, 45.05%, 0, 0, 7, 840.20, 643134, 41
1965, 32, 0, 96, 14, 0, 45.05%, 0, 0, 7, 855.73, 647377, 41
1970, 32, 14, 96, 14, 0, 45.05%, 0, 0, 7, 832.06, 651742, 41
1976, 32, 55, 96, 14, 0, 45.05%, 0, 0, 7, 852.71, 656209, 41
1981, 32, 55, 96, 14, 0, 45.05%, 0, 0, 7, 838.53, 660362, 41
1986, 32, 31, 96, 14, 0, 45.05%, 0, 0, 7, 811.20, 664525, 41
1991, 33, 91, 96, 14, 0, 45.05%, 0, 0, 7, 828.11, 668873, 41
1996, 33, 0, 96, 13, 0, 45.05%, 0, 0, 7, 800.20, 672687, 41
2001, 33, 0, 96, 13, 0, 45.05%, 0, 0, 7, 820.38, 676939, 41
2006, 33, 15, 96, 13, 0, 45.05%, 0, 0, 7, 855.33, 681409, 41
2011, 33, 20, 96, 13, 0, 45.05%, 0, 0, 7, 846.15, 685833, 41
2017, 34, 20, 96, 13, 0, 45.05%, 0, 0, 7, 865.25, 690340, 41
2022, 34, 55, 96, 13, 0, 45.05%, 0, 0, 7, 852.50, 694620, 41
2027, 34, 14, 96, 13, 0, 45.05%, 0, 0, 7, 848.38, 698972, 41
2032, 34, 15, 96, 13, 0, 45.05%, 0, 0, 7, 859.32, 703448, 41
2037, 35, 70, 96, 12, 0, 45.05%, 0, 0, 7, 856.08, 707924, 41
2042, 35, 12, 96, 12, 0, 45.05%, 0, 0, 7, 858.43, 712381, 41
2047, 35, 0, 96, 11, 0, 45.05%, 0, 0, 7, 840.72, 716632, 41
2053, 35, 55, 96, 11, 0, 45.05%, 0, 0, 7, 849.43, 721089, 41
2058, 35, 0, 96, 11, 0, 45.05%, 0, 0, 7, 838.69, 725449, 41
2063, 36, 0, 96, 11, 0, 45.05%, 0, 0, 7, 851.87, 729794, 41
2068, 36, 18, 96, 11, 0, 45.05%, 0, 0, 7, 850.64, 734186, 41
2073, 36, 55, 96, 11, 0, 45.05%, 0, 0, 7, 859.95, 738607, 41
2078, 36, 55, 96, 11, 0, 45.05%, 0, 0, 7, 828.05, 742741, 41
2083, 36, 55, 96, 11, 0, 45.05%, 0, 0, 7, 849.03, 747116, 41
2089, 36, 0, 96, 11, 0, 45.05%, 0, 0, 7, 850.95, 751537, 41
2094, 37, 31, 96, 11, 0, 45.05%, 0, 0, 7, 875.61, 755942, 41
2099, 37, 0, 96, 11, 0, 45.05%, 0, 0, 7, 858.15, 760360, 41
2104, 37, 0, 96, 11, 0, 45.05%, 0, 0, 7, 851.92, 764626, 41
2109, 37, 0, 96, 11, 0, 45.05%, 0, 0, 7, 820.32, 768774, 41
2114, 38, 15, 96, 11, 0, 45.05%, 0, 0, 7, 846.67, 773125, 41
2119, 38, 0, 96, 11, 0, 45.05%, 0, 0, 7, 811.61, 777316, 41
2124, 38, 55, 96, 10, 0, 45.05%, 0, 0, 7, 840.65, 781529, 41
2129, 38, 0, 96, 10, 0, 45.05%, 0, 0, 7, 862.76, 785990, 41
2134, 38, 18, 96, 10, 0, 45.05%, 0, 0, 7, 860.40, 790270, 41
2140, 39, 31, 96, 10, 0, 45.05%, 0, 0, 7, 874.90, 794819, 41
2145, 39, 0, 96, 10, 0, 45.05%, 0, 0, 7, 872.25, 799327, 41
2150, 39, 0, 96, 10, 0, 45.05%, 0, 0, 7, 830.06, 803585, 41
2155, 39, 55, 96, 10, 0, 45.05%, 0, 0, 7, 811.75, 807683, 41
2160, 39, 0, 96, 10, 0, 45.05%, 0, 0, 7, 807.08, 811854, 41
2165, 40, 0, 96, 10, 0, 45.05%, 0, 0, 7, 821.81, 816169, 41
2170, 40, 31, 96, 10, 0, 45.05%, 0, 0, 7, 826.49, 820367, 41
2175, 40, 55, 96, 10, 0, 45.05%, 0, 0, 7, 812.48, 824472, 41
2181, 40, 31, 96, 10, 0, 45.05%, 0, 0, 7, 811.90, 828710, 41
2186, 40, 0, 96, 10, 0, 45.05%, 0, 0, 7, 824.69, 832840, 41
2191, 40, 55, 96, 10, 0, 45.05%, 0, 0, 7, 811.23, 836911, 41
2196, 41, 12, 96, 9, 0, 45.05%, 0, 0, 7, 801.95, 840974, 41
2201, 41, 0, 96, 9, 0, 45.05%, 0, 0, 7, 815.76, 845120, 41
2206, 41, 31, 96, 9, 0, 45.05%, 0, 0, 7, 808.03, 849172, 41
2211, 41, 55, 96, 9, 0, 45.05%, 0, 0, 7, 823.15, 853307, 41
2216, 41, 55, 96, 9, 0, 45.05%, 0, 0, 7, 819.91, 857442, 41
2221, 42, 31, 96, 9, 0, 45.05%, 0, 0, 7, 818.59, 861554, 41
2226, 42, 0, 96, 9, 0, 45.05%, 0, 0, 7, 811.30, 865802, 41
2231, 42, 55, 96, 9, 0, 45.05%, 0, 0, 7, 805.33, 869859, 41
2236, 42, 31, 96, 9, 0, 45.05%, 0, 0, 7, 811.29, 874084, 41
2241, 42, 55, 96, 9, 0, 45.05%, 0, 0, 7, 800.69, 878155, 41
2246, 43, 55, 96, 9, 0, 45.05%, 0, 0, 7, 816.50, 882296, 41
2251, 43, 55, 96, 9, 0, 45.05%, 0, 0, 7, 814.17, 886374, 41
2256, 43, 20, 96, 9, 0, 45.05%, 0, 0, 7, 817.23, 890584, 41
2262, 43, 31, 96, 9, 0, 45.05%, 0, 0, 7, 838.78, 894973, 41
2267, 43, 55, 96, 9, 0, 45.05%, 0, 0, 7, 845.18, 899339, 41
2272, 44, 0, 96, 9, 0, 45.05%, 0, 0, 7, 826.41, 903652, 41
2277, 44, 0, 96, 9, 0, 45.05%, 0, 0, 7, 839.04, 907949, 41
2282, 44, 5, 96, 9, 0, 45.05%, 0, 0, 7, 845.00, 912318, 41
2287, 44, 55, 96, 9, 0, 45.05%, 0, 0, 7, 849.41, 916621, 41
2293, 44, 55, 96, 9, 0, 45.05%, 0, 0, 7, 834.29, 920962, 41
2298, 45, 70, 96, 9, 0, 45.05%, 0, 0, 7, 824.72, 925213, 41
2303, 45, 12, 96, 9, 0, 45.05%, 0, 0, 7, 838.72, 929530, 41
2308, 45, 0, 96, 9, 0, 45.05%, 0, 0, 7, 809.72, 933726, 41
2313, 45, 0, 96, 9, 0, 45.05%, 0, 0, 7, 830.85, 938034, 41
2318, 46, 55, 96, 9, 0, 45.05%, 0, 0, 7, 852.86, 942435, 41
2323, 46, 55, 96, 9, 0, 45.05%, 0, 0, 7, 826.30, 946668, 41
2329, 46, 0, 96, 9, 0, 45.05%, 0, 0, 7, 832.80, 950801, 41
2334, 46, 55, 96, 9, 0, 45.05%, 0, 0, 7, 842.79, 955167, 41
2339, 47, 17, 96, 9, 0, 45.05%, 0, 0, 7, 833.17, 959314, 41
2344, 47, 55, 96, 8, 0, 45.05%, 0, 0, 7, 831.47, 963603, 41
2349, 47, 0, 96, 7, 0, 45.05%, 0, 0, 7, 829.44, 967817, 41
2354, 47, 55, 96, 7, 0, 45.05%, 0, 0, 7, 814.71, 971904, 41
2359, 47, 0, 96, 7, 0, 45.05%, 0, 0, 7, 821.62, 976161, 41
2364, 48, 31, 96, 7, 0, 45.05%, 0, 0, 7, 807.38, 980216, 41
2369, 48, 55, 96, 7, 0, 45.05%, 0, 0, 7, 807.65, 984245, 41
2374, 48, 55, 96, 7, 0, 45.05%, 0, 0, 7, 806.88, 988442, 41
2380, 48, 55, 96, 7, 0, 45.05%, 0, 0, 7, 817.21, 992533, 41
2385, 48, 55, 96, 7, 0, 45.05%, 0, 0, 7, 827.58, 996711, 41
2390, 48, 68, 96, 7, 0, 45.05%, 0, 0, 7, 816.39, 1000802, 41
2395, 49, 55, 96, 6, 0, 45.05%, 0, 0, 7, 801.50, 1004809, 41
2400, 49, 0, 96, 6, 0, 45.05%, 0, 0, 7, 795.32, 1008816, 41
2405, 49, 0, 96, 6, 0, 45.05%, 0, 0, 7, 838.15, 1013116, 41
2410, 49, 13, 96, 6, 0, 45.05%, 0, 0, 7, 829.47, 1017423, 41
2415, 49, 55, 96, 6, 0, 45.05%, 0, 0, 7, 825.94, 1021718, 41
2420, 50, 55, 96, 6, 0, 45.05%, 0, 0, 7, 833.04, 1026091, 41
2426, 50, 0, 96, 6, 0, 45.05%, 0, 0, 7, 825.02, 1030378, 41
2431, 50, 0, 96, 6, 0, 45.05%, 0, 0, 7, 803.96, 1034544, 41
2436, 50, 0, 96, 6, 0, 45.05%, 0, 0, 7, 826.58, 1038890, 41
2441, 51, 21, 96, 6, 0, 45.05%, 0, 0, 7, 842.99, 1043285, 41
2446, 51, 75, 96, 6, 0, 45.05%, 0, 0, 7, 829.08, 1047456, 41
2451, 51, 77, 96, 5, 0, 45.05%, 0, 0, 7, 796.98, 1051439, 41
2456, 51, 77, 96, 5, 0, 45.05%, 0, 0, 7, 822.36, 1055565, 41
2461, 51, 0, 96, 5, 0, 45.05%, 0, 0, 7, 836.60, 1059795, 41
2466, 51, 55, 96, 5, 0, 45.05%, 0, 0, 7, 812.52, 1063868, 41
2472, 52, 0, 96, 5, 0, 45.05%, 0, 0, 7, 818.56, 1068151, 41
2477, 52, 0, 96, 4, 0, 45.05%, 0, 0, 7, 823.28, 1072265, 41
2482, 52, 55, 96, 4, 0, 45.05%, 0, 0, 7, 842.72, 1076645, 41
2487, 52, 0, 96, 4, 0, 45.05%, 0, 0, 7, 842.74, 1081010, 41
2492, 53, 0, 96, 4, 0, 45.05%, 0, 0, 7, 842.88, 1085327, 41
2497, 53, 55, 96, 4, 0, 45.05%, 0, 0, 7, 826.06, 1089486, 41
2502, 53, 77, 96, 4, 0, 45.05%, 0, 0, 7, 846.39, 1093888, 41
2507, 53, 0, 97, 5, 0, 45.05%, 0, 0, 7, 820.03, 1098066, 41
2512, 53, 96, 97, 5, 0, 45.05%, 0, 0, 7, 661.62, 1101446, 41
2517, 53, 20, 97, 4, 0, 45.05%, 0, 0, 7, 770.94, 1105303, 41
2522, 53, 0, 97, 4, 0, 45.05%, 0, 0, 7, 796.06, 1109377, 41
2527, 54, 31, 97, 4, 0, 45.05%, 0, 0, 7, 807.54, 1113481, 41
2533, 54, 31, 97, 4, 0, 45.05%, 0, 0, 7, 817.32, 1117733, 41
2538, 54, 0, 97, 4, 0, 45.05%, 0, 0, 7, 817.23, 1121964, 41
2543, 54, 0, 97, 4, 0, 45.05%, 0, 0, 7, 832.82, 1126244, 41
2548, 55, 0, 97, 4, 0, 45.05%, 0, 0, 7, 837.44, 1130579, 41
2553, 55, 18, 97, 4, 0, 45.05%, 0, 0, 7, 832.98, 1134896, 41
2559, 55, 0, 97, 4, 0, 45.05%, 0, 0, 7, 834.36, 1139224, 41
2564, 55, 0, 97, 4, 0, 45.05%, 0, 0, 7, 837.40, 1143538, 41
2569, 56, 77, 97, 4, 0, 45.05%, 0, 0, 7, 827.24, 1147609, 41
2574, 56, 77, 97, 4, 0, 45.05%, 0, 0, 7, 807.43, 1151815, 41
2579, 56, 0, 97, 4, 0, 45.05%, 0, 0, 7, 834.45, 1156131, 41
2584, 56, 21, 97, 4, 0, 45.05%, 0, 0, 7, 841.03, 1160498, 41
2589, 56, 0, 97, 4, 0, 45.05%, 0, 0, 7, 836.36, 1164662, 41
2594, 57, 0, 97, 4, 0, 45.05%, 0, 0, 7, 814.88, 1168766, 41
2600, 57, 0, 97, 4, 0, 45.05%, 0, 0, 7, 836.40, 1173120, 41
2605, 57, 0, 97, 4, 0, 45.05%, 0, 0, 7, 855.61, 1177587, 41
2610, 57, 70, 97, 4, 0, 45.05%, 0, 0, 7, 861.96, 1182005, 41
2615, 58, 77, 97, 4, 0, 45.05%, 0, 0, 7, 827.48, 1186089, 41
2620, 58, 55, 97, 4, 0, 45.05%, 0, 0, 7, 855.48, 1190434, 41
2625, 58, 0, 97, 3, 0, 45.05%, 0, 0, 7, 853.40, 1194856, 41
2630, 58, 70, 97, 3, 0, 45.05%, 0, 0, 7, 815.82, 1199047, 41
2636, 58, 55, 97, 3, 0, 45.05%, 0, 0, 7, 848.95, 1203517, 41
2641, 58, 55, 97, 3, 0, 45.05%, 0, 0, 7, 857.15, 1207887, 41
2646, 59, 55, 97, 3, 0, 45.05%, 0, 0, 7, 848.41, 1212222, 41
2651, 59, 55, 97, 3, 0, 45.05%, 0, 0, 7, 840.18, 1216632, 41
2656, 59, 0, 97, 3, 0, 45.05%, 0, 0, 7, 838.12, 1220828, 41
2661, 59, 0, 97, 3, 0, 45.05%, 0, 0, 7, 868.68, 1225297, 41
2666, 60, 55, 97, 3, 0, 45.05%, 0, 0, 7, 882.66, 1229874, 41
2671, 60, 55, 97, 3, 0, 45.05%, 0, 0, 7, 872.86, 1234380, 41
2677, 60, 15, 97, 3, 0, 45.05%, 0, 0, 7, 865.59, 1238895, 41
2682, 60, 0, 97, 2, 0, 45.05%, 0, 0, 7, 853.77, 1243279, 41
2687, 60, 14, 97, 2, 0, 45.05%, 0, 0, 7, 864.14, 1247634, 41
2692, 60, 0, 97, 2, 0, 45.05%, 0, 0, 7, 858.83, 1252090, 41
2697, 61, 0, 97, 2, 0, 45.05%, 0, 0, 7, 858.82, 1256552, 41
2702, 61, 0, 97, 2, 0, 45.05%, 0, 0, 7, 838.31, 1260784, 41
2707, 61, 20, 97, 2, 0, 45.05%, 0, 0, 7, 839.87, 1265103, 41
2712, 61, 55, 97, 2, 0, 45.05%, 0, 0, 7, 844.74, 1269468, 41
2718, 62, 21, 97, 2, 0, 45.05%, 0, 0, 7, 836.37, 1273724, 41
2723, 62, 0, 97, 2, 0, 45.05%, 0, 0, 7, 860.71, 1278081, 41
2728, 62, 55, 97, 2, 0, 45.05%, 0, 0, 7, 859.30, 1282372, 41
2733, 62, 0, 97, 2, 0, 45.05%, 0, 0, 7, 841.12, 1286720, 41
2738, 62, 0, 97, 2, 0, 45.05%, 0, 0, 7, 868.42, 1291056, 41
2743, 62, 55, 97, 2, 0, 45.05%, 0, 0, 7, 879.98, 1295514, 41
2748, 63, 55, 97, 2, 0, 45.05%, 0, 0, 7, 809.40, 1299553, 41
2753, 63, 55, 97, 2, 0, 45.05%, 0, 0, 7, 845.67, 1303771, 41
2758, 63, 55, 97, 2, 0, 45.05%, 0, 0, 7, 826.49, 1307914, 41
2763, 63, 0, 97, 2, 0, 45.05%, 0, 0, 7, 853.07, 1312197, 41
2768, 63, 55, 97, 2, 0, 45.05%, 0, 0, 7, 872.15, 1316729, 41
2773, 64, 0, 97, 2, 0, 45.05%, 0, 0, 7, 858.09, 1321035, 41
2778, 64, 55, 97, 1, 0, 45.05%, 0, 0, 7, 770.13, 1324749, 41
2783, 64, 31, 97, 1, 0, 45.05%, 0, 0, 7, 809.05, 1328882, 41
2788, 64, 55, 97, 1, 0, 45.05%, 0, 0, 7, 861.38, 1333331, 41
2794, 64, 12, 97, 1, 0, 45.05%, 0, 0, 7, 878.22, 1337909, 41
2799, 64, 0, 97, 1, 0, 45.05%, 0, 0, 7, 901.26, 1342602, 41
2804, 65, 0, 97, 1, 0, 45.05%, 0, 0, 7, 901.31, 1347255, 41
2809, 65, 0, 97, 1, 0, 45.05%, 0, 0, 7, 895.04, 1351706, 41
2814, 65, 18, 97, 1, 0, 45.05%, 0, 0, 7, 856.17, 1356059, 41
2819, 65, 0, 97, 1, 0, 45.05%, 0, 0, 7, 828.06, 1360312, 41
2825, 65, 55, 97, 1, 0, 45.05%, 0, 0, 7, 852.36, 1364694, 41
2830, 66, 0, 97, 1, 0, 45.05%, 0, 0, 7, 881.48, 1369232, 41
2835, 66, 55, 97, 1, 0, 45.05%, 0, 0, 7, 880.07, 1373714, 41
2840, 66, 55, 97, 1, 0, 45.05%, 0, 0, 7, 888.78, 1378198, 41
2845, 66, 20, 97, 1, 0, 45.05%, 0, 0, 7, 890.13, 1382662, 41
2850, 66, 0, 97, 1, 0, 45.05%, 0, 0, 7, 863.91, 1386921, 41
2855, 67, 55, 97, 1, 0, 45.05%, 0, 0, 7, 882.77, 1391317, 41
2860, 67, 0, 97, 1, 0, 45.05%, 0, 0, 7, 849.47, 1395654, 41
2865, 67, 70, 97, 1, 0, 45.05%, 0, 0, 7, 877.42, 1400284, 41
2870, 67, 0, 97, 1, 0, 45.05%, 0, 0, 7, 883.30, 1404729, 41
2876, 68, 55, 97, 1, 0, 45.05%, 0, 0, 7, 881.34, 1409280, 41
2881, 68, 0, 97, 1, 0, 45.05%, 0, 0, 7, 862.60, 1413771, 41
2886, 68, 77, 97, 1, 0, 45.05%, 0, 0, 7, 880.75, 1418330, 41
2891, 68, 77, 97, 1, 0, 45.05%, 0, 0, 7, 869.31, 1422904, 41
2896, 69, 55, 98, 2, 0, 45.05%, 0, 0, 7, 817.78, 1427057, 41
2901, 69, 55, 98, 2, 0, 45.05%, 0, 0, 7, 850.46, 1431357, 41
2906, 69, 55, 98, 2, 0, 45.05%, 0, 0, 7, 854.83, 1435648, 41
2912, 69, 55, 98, 2, 0, 45.05%, 0, 0, 7, 856.31, 1440080, 41
2917, 69, 55, 98, 2, 0, 45.05%, 0, 0, 7, 867.52, 1444535, 41
2922, 70, 77, 98, 2, 0, 45.05%, 0, 0, 7, 834.64, 1448833, 41
2927, 70, 0, 98, 2, 0, 45.05%, 0, 0, 7, 822.67, 1453195, 41
2932, 70, 55, 98, 2, 0, 45.05%, 0, 0, 7, 839.50, 1457540, 41
2938, 70, 0, 98, 2, 0, 45.05%, 0, 0, 7, 852.76, 1461995, 41
2943, 70, 55, 98, 2, 0, 45.05%, 0, 0, 7, 843.87, 1466426, 41
2948, 70, 97, 98, 2, 0, 45.05%, 0, 0, 7, 464.61, 1468503, 41
2953, 70, 97, 98, 2, 0, 45.05%, 0, 0, 7, 415.11, 1470238, 41
2958, 71, 0, 98, 1, 0, 45.05%, 0, 0, 7, 768.97, 1474587, 41
2963, 71, 0, 98, 1, 0, 45.05%, 0, 0, 7, 817.35, 1478782, 41
2968, 71, 55, 98, 1, 0, 45.05%, 0, 0, 7, 868.93, 1483290, 41
2973, 71, 55, 98, 1, 0, 45.05%, 0, 0, 7, 860.06, 1487578, 41
2978, 71, 55, 98, 1, 0, 45.05%, 0, 0, 7, 855.65, 1491999, 41
2984, 72, 0, 98, 1, 0, 45.05%, 0, 0, 7, 862.86, 1496478, 41
2989, 72, 55, 98, 1, 0, 45.05%, 0, 0, 7, 843.11, 1500763, 41
2994, 72, 55, 98, 1, 0, 45.05%, 0, 0, 7, 850.89, 1505096, 41
2999, 72, 55, 98, 1, 0, 45.05%, 0, 0, 7, 824.64, 1509382, 41
3004, 72, 55, 98, 1, 0, 45.05%, 0, 0, 7, 841.33, 1513564, 41
3009, 73, 18, 98, 1, 0, 45.05%, 0, 0, 7, 836.99, 1517920, 41
3014, 73, 55, 98, 1, 0, 45.05%, 0, 0, 7, 823.03, 1522019, 41
3019, 73, 55, 98, 1, 0, 45.05%, 0, 0, 7, 813.26, 1526098, 41
3025, 73, 97, 98, 1, 0, 45.05%, 0, 0, 7, 748.71, 1530161, 41
3030, 73, 15, 98, 1, 0, 45.05%, 0, 0, 7, 795.48, 1534288, 41
3035, 73, 55, 98, 1, 0, 45.05%, 0, 0, 7, 820.68, 1538444, 41
3040, 73, 31, 99, 2, 0, 45.05%, 0, 0, 7, 816.56, 1542543, 41
3045, 74, 0, 99, 2, 0, 45.05%, 0, 0, 7, 842.32, 1546762, 41
3050, 74, 21, 99, 2, 0, 45.05%, 0, 0, 7, 839.52, 1551051, 41
3055, 74, 0, 99, 2, 0, 45.05%, 0, 0, 7, 844.47, 1555432, 41
3060, 74, 18, 99, 2, 0, 45.05%, 0, 0, 7, 822.04, 1559708, 41
3065, 75, 77, 99, 2, 0, 45.05%, 0, 0, 7, 793.53, 1563701, 41
3070, 75, 0, 99, 2, 0, 45.05%, 0, 0, 7, 801.60, 1567775, 41
3076, 75, 0, 99, 2, 0, 45.05%, 0, 0, 7, 826.55, 1572074, 41
3081, 75, 98, 99, 2, 0, 45.05%, 0, 0, 7, 720.62, 1575880, 41
3086, 75, 0, 99, 1, 0, 45.05%, 0, 0, 7, 641.83, 1578774, 41
3091, 75, 14, 99, 1, 0, 45.05%, 0, 0, 7, 785.76, 1583100, 41
3096, 76, 0, 99, 1, 0, 45.05%, 0, 0, 7, 829.13, 1587452, 41
3101, 76, 14, 99, 1, 0, 45.05%, 0, 0, 7, 827.10, 1591583, 41
3106, 76, 0, 99, 1, 0, 45.05%, 0, 0, 7, 827.95, 1595864, 41
3111, 76, 55, 99, 1, 0, 45.05%, 0, 0, 7, 809.56, 1599898, 41
3116, 77, 0, 99, 1, 0, 45.05%, 0, 0, 7, 819.83, 1604042, 41
3121, 77, 0, 99, 1, 0, 45.05%, 0, 0, 7, 813.82, 1608230, 41
3127, 77, 55, 99, 1, 0, 45.05%, 0, 0, 7, 826.49, 1612518, 41
3132, 77, 0, 99, 1, 0, 45.05%, 0, 0, 7, 841.71, 1616748, 41
3137, 77, 15, 99, 1, 0, 45.05%, 0, 0, 7, 820.30, 1621011, 41
3142, 77, 55, 99, 1, 0, 45.05%, 0, 0, 7, 827.96, 1625174, 41
3147, 78, 12, 99, 1, 0, 45.05%, 0, 0, 7, 836.47, 1629469, 41
3152, 78, 5, 99, 1, 0, 45.05%, 0, 0, 7, 810.89, 1633515, 41
3157, 78, 0, 99, 1, 0, 45.05%, 0, 0, 7, 828.82, 1637829, 41
3162, 78, 0, 99, 1, 0, 45.05%, 0, 0, 7, 812.16, 1641873, 41
3167, 78, 0, 99, 1, 0, 45.05%, 0, 0, 7, 810.60, 1645917, 41
3173, 79, 77, 99, 1, 0, 45.05%, 0, 0, 7, 835.93, 1650251, 41
3178, 79, 0, 99, 1, 0, 45.05%, 0, 0, 7, 820.86, 1654382, 41
3183, 79, 0, 99, 1, 0, 45.05%, 0, 0, 7, 810.29, 1658437, 41
3188, 79, 0, 99, 1, 0, 45.05%, 0, 0, 7, 807.36, 1662562, 41
3193, 79, 70, 99, 1, 0, 45.05%, 0, 0, 7, 816.07, 1666670, 41
3198, 80, 0, 99, 1, 0, 45.05%, 0, 0, 7, 799.84, 1670769, 41
3203, 80, 91, 99, 1, 0, 45.05%, 0, 0, 7, 840.62, 1675161, 41
3208, 80, 55, 99, 1, 0, 45.05%, 0, 0, 7, 816.46, 1679222, 41
3213, 80, 55, 99, 1, 0, 45.05%, 0, 0, 7, 802.40, 1683245, 41
3218, 81, 70, 99, 1, 0, 45.05%, 0, 0, 7, 836.36, 1687449, 41
3223, 81, 0, 99, 1, 0, 45.05%, 0, 0, 7, 829.03, 1691779, 41
3228, 81, 0, 99, 1, 0, 45.05%, 0, 0, 7, 806.20, 1695839, 41
3234, 81, 18, 99, 1, 0, 45.05%, 0, 0, 7, 802.80, 1700004, 41
3239, 81, 0, 99, 1, 0, 45.05%, 0, 0, 7, 806.73, 1704097, 41
3244, 82, 14, 99, 1, 0, 45.05%, 0, 0, 7, 843.04, 1708331, 41
3249, 82, 0, 99, 1, 0, 45.05%, 0, 0, 7, 811.14, 1712372, 41
3254, 82, 55, 99, 1, 0, 45.05%, 0, 0, 7, 813.04, 1716504, 41
3259, 82, 0, 99, 1, 0, 45.05%, 0, 0, 7, 777.82, 1720558, 41
3264, 82, 55, 99, 1, 0, 45.05%, 0, 0, 7, 831.78, 1724907, 41
3269, 82, 96, 99, 1, 0, 45.05%, 0, 0, 7, 776.57, 1728865, 41
3274, 83, 3, 99, 1, 0, 45.05%, 0, 0, 7, 806.64, 1732931, 41
3279, 83, 55, 99, 0, 0, 45.05%, 0, 0, 7, 826.58, 1737075, 41
3284, 83, 0, 99, 0, 0, 45.05%, 0, 0, 7, 830.96, 1741390, 41
3290, 83, 0, 99, 0, 0, 45.05%, 0, 0, 7, 830.72, 1745711, 41
3295, 83, 0, 99, 0, 0, 45.05%, 0, 0, 7, 817.44, 1749823, 41
3300, 84, 0, 99, 0, 0, 45.05%, 0, 0, 7, 849.37, 1754244, 41
3305, 84, 55, 99, 0, 0, 45.05%, 0, 0, 7, 749.01, 1758011, 41
3310, 84, 55, 99, 0, 0, 45.05%, 0, 0, 7, 818.72, 1762185, 41
3315, 84, 0, 99, 0, 0, 45.05%, 0, 0, 7, 817.53, 1766237, 41
3320, 84, 12, 99, 0, 0, 45.05%, 0, 0, 7, 790.82, 1770180, 41
3325, 85, 31, 99, 0, 0, 45.05%, 0, 0, 7, 811.55, 1774406, 41
3330, 85, 0, 99, 0, 0, 45.05%, 0, 0, 7, 827.14, 1778681, 41
3335, 85, 0, 99, 0, 0, 45.05%, 0, 0, 7, 832.93, 1782896, 41
3340, 85, 0, 99, 0, 0, 45.05%, 0, 0, 7, 831.20, 1787194, 41
3346, 85, 0, 99, 0, 0, 45.05%, 0, 0, 7, 826.07, 1791505, 41
3351, 86, 0, 99, 0, 0, 45.05%, 0, 0, 7, 832.15, 1795763, 41
3356, 86, 55, 99, 0, 0, 45.05%, 0, 0, 7, 809.33, 1799988, 41
3361, 86, 55, 99, 0, 0, 45.05%, 0, 0, 7, 826.07, 1804210, 41
3366, 86, 0, 99, 0, 0, 45.05%, 0, 0, 7, 833.30, 1808533, 41
3371, 86, 70, 99, 0, 0, 45.05%, 0, 0, 7, 834.93, 1812736, 41
3376, 87, 55, 99, 0, 0, 45.05%, 0, 0, 7, 821.33, 1816833, 41
3381, 87, 0, 99, 0, 0, 45.05%, 0, 0, 7, 817.97, 1821053, 41
3386, 87, 55, 99, 0, 0, 45.05%, 0, 0, 7, 803.64, 1825124, 41
3392, 87, 0, 99, 0, 0, 45.05%, 0, 0, 7, 819.61, 1829374, 41
3397, 87, 14, 99, 0, 0, 45.05%, 0, 0, 7, 800.51, 1833610, 41
3402, 88, 55, 99, 0, 0, 45.05%, 0, 0, 7, 811.50, 1837787, 41
3407, 88, 55, 99, 0, 0, 45.05%, 0, 0, 7, 831.50, 1842128, 41
3412, 88, 0, 99, 0, 0, 45.05%, 0, 0, 7, 815.45, 1846161, 41
3417, 88, 0, 99, 0, 0, 45.05%, 0, 0, 7, 828.26, 1850325, 41
3422, 88, 18, 99, 0, 0, 45.05%, 0, 0, 7, 825.16, 1854477, 41
3427, 89, 0, 99, 0, 0, 45.05%, 0, 0, 7, 791.42, 1858628, 41
3433, 89, 0, 99, 0, 0, 45.05%, 0, 0, 7, 819.99, 1862899, 41
3438, 89, 0, 99, 0, 0, 45.05%, 0, 0, 7, 828.42, 1867209, 41
3443, 89, 55, 99, 0, 0, 45.05%, 0, 0, 7, 822.71, 1871409, 41
3448, 89, 15, 99, 0, 0, 45.05%, 0, 0, 7, 807.21, 1875405, 41
3453, 90, 31, 99, 0, 0, 45.05%, 0, 0, 7, 813.76, 1879650, 41
3458, 90, 0, 99, 0, 0, 45.05%, 0, 0, 7, 829.19, 1883791, 41
3463, 90, 55, 99, 0, 0, 45.05%, 0, 0, 7, 864.10, 1888319, 41
3468, 90, 0, 99, 0, 0, 45.05%, 0, 0, 7, 815.01, 1892457, 41
3474, 90, 0, 99, 0, 0, 45.05%, 0, 0, 7, 812.11, 1896663, 41
3479, 91, 55, 99, 0, 0, 45.05%, 0, 0, 7, 831.88, 1900948, 41
3484, 91, 55, 99, 0, 0, 45.05%, 0, 0, 7, 836.22, 1905279, 41
3489, 91, 55, 99, 0, 0, 45.05%, 0, 0, 7, 819.14, 1909514, 41
3494, 91, 0, 99, 0, 0, 45.05%, 0, 0, 7, 832.17, 1913783, 41
3500, 91, 0, 99, 0, 0, 45.05%, 0, 0, 7, 793.99, 1917946, 41
3505, 92, 70, 99, 0, 0, 45.05%, 0, 0, 7, 815.15, 1922087, 41
3510, 92, 77, 99, 0, 0, 45.05%, 0, 0, 7, 808.74, 1926130, 41
3515, 92, 0, 99, 0, 0, 45.05%, 0, 0, 7, 810.93, 1930358, 41
3520, 92, 0, 99, 0, 0, 45.05%, 0, 0, 7, 824.61, 1934637, 41
3525, 92, 15, 99, 0, 0, 45.05%, 0, 0, 7, 827.90, 1938917, 41
3530, 92, 13, 99, 0, 0, 45.05%, 0, 0, 7, 785.18, 1942876, 41
3535, 93, 20, 99, 0, 0, 45.05%, 0, 0, 7, 812.71, 1947141, 41
3540, 93, 13, 99, 0, 0, 45.05%, 0, 0, 7, 820.82, 1951392, 41
3546, 93, 55, 99, 0, 0, 45.05%, 0, 0, 7, 786.13, 1955390, 41
3551, 93, 0, 99, 0, 0, 45.05%, 0, 0, 7, 802.32, 1959584, 41
3556, 94, 55, 99, 0, 0, 45.05%, 0, 0, 7, 789.67, 1963573, 41
3561, 94, 31, 99, 0, 0, 45.05%, 0, 0, 7, 797.32, 1967609, 41
3566, 94, 55, 99, 0, 0, 45.05%, 0, 0, 7, 794.12, 1971593, 41
3571, 94, 0, 99, 0, 0, 45.05%, 0, 0, 7, 800.33, 1975584, 41
3576, 94, 0, 99, 0, 0, 45.05%, 0, 0, 7, 802.97, 1979658, 41
3581, 94, 31, 99, 0, 0, 45.05%, 0, 0, 7, 781.90, 1983616, 41
3586, 95, 0, 99, 0, 0, 45.05%, 0, 0, 7, 804.90, 1987809, 41
3591, 95, 0, 99, 0, 0, 45.05%, 0, 0, 7, 814.40, 1991894, 41
3596, 95, 55, 99, 0, 0, 45.05%, 0, 0, 7, 812.66, 1996012, 41
3601, 95, 55, 99, 0, 0, 45.05%, 0, 0, 7, 792.38, 1999975, 41
3606, 95, 0, 99, 0, 0, 45.05%, 0, 0, 7, 799.90, 2004129, 41
3611, 95, 5, 99, 0, 0, 45.05%, 0, 0, 7, 812.09, 2008273, 41
3617, 96, 21, 99, 0, 0, 45.05%, 0, 0, 7, 814.55, 2012564, 41
3622, 96, 5, 99, 0, 0, 45.05%, 0, 0, 7, 789.92, 2016566, 41
3627, 96, 77, 99, 0, 0, 45.05%, 0, 0, 7, 816.09, 2020716, 41
3632, 96, 55, 99, 0, 0, 45.05%, 0, 0, 7, 784.52, 2024706, 41
3637, 96, 0, 99, 0, 0, 45.05%, 0, 0, 7, 806.09, 2028880, 41
3642, 97, 0, 99, 0, 0, 45.05%, 0, 0, 7, 843.99, 2033247, 41
3647, 97, 70, 99, 0, 0, 45.05%, 0, 0, 7, 845.99, 2037472, 41
3652, 97, 55, 99, 0, 0, 45.05%, 0, 0, 7, 845.35, 2041736, 41
3657, 97, 55, 99, 0, 0, 45.05%, 0, 0, 7, 838.73, 2046069, 41
3662, 97, 0, 99, 0, 0, 45.05%, 0, 0, 7, 813.85, 2050096, 41
3668, 98, 12, 99, 0, 0, 45.05%, 0, 0, 7, 809.90, 2054345, 41
3673, 98, 70, 99, 0, 0, 45.05%, 0, 0, 7, 826.73, 2058636, 41
3678, 98, 55, 99, 0, 0, 45.05%, 0, 0, 7, 802.57, 2062753, 41
3683, 98, 21, 99, 0, 0, 45.05%, 0, 0, 7, 822.85, 2067000, 41
3688, 98, 55, 99, 0, 0, 45.05%, 0, 0, 7, 839.78, 2071350, 41
3693, 99, 20, 99, 0, 0, 45.05%, 0, 0, 7, 835.49, 2075697, 41
3699, 99, 55, 99, 0, 0, 45.05%, 0, 0, 7, 852.57, 2080110, 41
3704, 99, 0, 99, 0, 0, 45.05%, 0, 0, 7, 843.75, 2084431, 41
3709, 99, 0, 99, 0, 0, 45.05%, 0, 0, 7, 857.67, 2088708, 41
3714, 99, 55, 99, 0, 0, 45.05%, 0, 0, 7, 834.84, 2093006, 41
3719, 100, 55, 99, 0, 0, 45.05%, 0, 0, 7, 850.22, 2097415, 41
3724, 100, 55, 99, 0, 0, 45.05%, 0, 0, 7, 812.42, 2101466, 41
3729, 100, 55, 99, 0, 0, 45.05%, 0, 0, 7, 810.22, 2105497, 41
3734, 100, 0, 99, 0, 0, 45.05%, 0, 0, 7, 814.99, 2109669, 41
3739, 100, 0, 99, 0, 0, 45.05%, 0, 0, 7, 833.33, 2114003, 41
3745, 100, 0, 99, 0, 0, 45.05%, 0, 0, 7, 803.16, 2118137, 41
3750, 101, 31, 99, 0, 0, 45.05%, 0, 0, 7, 813.95, 2122376, 41
3755, 101, 0, 99, 0, 0, 45.05%, 0, 0, 7, 836.38, 2126593, 41
3760, 101, 55, 99, 0, 0, 45.05%, 0, 0, 7, 818.59, 2130782, 41
3765, 101, 12, 99, 0, 0, 45.05%, 0, 0, 7, 814.68, 2135023, 41
3770, 101, 0, 99, 0, 0, 45.05%, 0, 0, 7, 822.14, 2139143, 41
3775, 102, 55, 99, 0, 0, 45.05%, 0, 0, 7, 816.48, 2143246, 41
3780, 102, 55, 99, 0, 0, 45.05%, 0, 0, 7, 820.72, 2147453, 41
3786, 102, 0, 99, 0, 0, 45.05%, 0, 0, 7, 816.38, 2151688, 41
3791, 102, 55, 99, 0, 0, 45.05%, 0, 0, 7, 816.59, 2155800, 41
3796, 102, 0, 99, 0, 0, 45.05%, 0, 0, 7, 782.88, 2159748, 41
3801, 102, 0, 99, 0, 0, 45.05%, 0, 0, 7, 815.48, 2163879, 41
3806, 103, 0, 99, 0, 0, 45.05%, 0, 0, 7, 821.66, 2168165, 41
3811, 103, 55, 99, 0, 0, 45.05%, 0, 0, 7, 829.58, 2172570, 41
3816, 103, 55, 99, 0, 0, 45.05%, 0, 0, 7, 822.15, 2176691, 41
3821, 103, 55, 99, 0, 0, 45.05%, 0, 0, 7, 810.27, 2180775, 41
3826, 103, 0, 99, 0, 0, 45.05%, 0, 0, 7, 828.55, 2184939, 41
3831, 104, 55, 99, 0, 0, 45.05%, 0, 0, 7, 811.63, 2189113, 41
3836, 104, 0, 99, 0, 0, 45.05%, 0, 0, 7, 796.22, 2193062, 41
3841, 104, 55, 99, 0, 0, 45.05%, 0, 0, 7, 828.83, 2197441, 41
3847, 104, 18, 99, 0, 0, 45.05%, 0, 0, 7, 835.89, 2201817, 41
3852, 105, 0, 99, 0, 0, 45.05%, 0, 0, 7, 814.83, 2206062, 41
3857, 105, 0, 99, 0, 0, 45.05%, 0, 0, 7, 813.15, 2210353, 41
3862, 105, 55, 99, 0, 0, 45.05%, 0, 0, 7, 816.24, 2214626, 41
3867, 105, 0, 99, 0, 0, 45.05%, 0, 0, 7, 847.17, 2218998, 41
3873, 105, 12, 99, 0, 0, 45.05%, 0, 0, 7, 835.90, 2223351, 41
3878, 106, 70, 99, 0, 0, 45.05%, 0, 0, 7, 810.22, 2227547, 41
3883, 106, 55, 99, 0, 0, 45.05%, 0, 0, 7, 826.93, 2231752, 41
3888, 106, 0, 99, 0, 0, 45.05%, 0, 0, 7, 852.76, 2236141, 41
3893, 106, 0, 99, 0, 0, 45.05%, 0, 0, 7, 886.03, 2240741, 41
3898, 107, 55, 99, 0, 0, 45.05%, 0, 0, 7, 870.35, 2245303, 41
3903, 107, 0, 99, 0, 0, 45.05%, 0, 0, 7, 831.93, 2249464, 41
3909, 107, 0, 99, 0, 0, 45.05%, 0, 0, 7, 849.25, 2253857, 41
3914, 107, 0, 99, 0, 0, 45.05%, 0, 0, 7, 884.22, 2258464, 41
3919, 108, 0, 99, 0, 0, 45.05%, 0, 0, 7, 889.15, 2263055, 41
3924, 108, 55, 99, 0, 0, 45.05%, 0, 0, 7, 852.26, 2267427, 41
3929, 108, 55, 99, 0, 0, 45.05%, 0, 0, 7, 853.98, 2271690, 41
3934, 108, 55, 99, 0, 0, 45.05%, 0, 0, 7, 858.97, 2276022, 41
3939, 108, 91, 99, 0, 0, 45.05%, 0, 0, 7, 864.05, 2280331, 41
3944, 109, 55, 99, 0, 0, 45.05%, 0, 0, 7, 853.39, 2284711, 41
3949, 109, 0, 99, 0, 0, 45.05%, 0, 0, 7, 862.19, 2289034, 41
3954, 109, 55, 99, 0, 0, 45.05%, 0, 0, 7, 862.43, 2293357, 41
3959, 109, 55, 99, 0, 0, 45.05%, 0, 0, 7, 812.64, 2297383, 41
3965, 109, 0, 99, 0, 0, 45.05%, 0, 0, 7, 837.29, 2301684, 41
3970, 110, 0, 99, 0, 0, 45.05%, 0, 0, 7, 868.75, 2306135, 41
3975, 110, 13, 99, 0, 0, 45.05%, 0, 0, 7, 819.90, 2310261, 41
3980, 110, 55, 99, 0, 0, 45.05%, 0, 0, 7, 843.61, 2314458, 41
3985, 110, 0, 99, 0, 0, 45.05%, 0, 0, 7, 876.53, 2318904, 41
3990, 111, 0, 99, 0, 0, 45.05%, 0, 0, 7, 845.91, 2323222, 41
3995, 111, 55, 99, 0, 0, 45.05%, 0, 0, 7, 840.61, 2327592, 41
4000, 111, 13, 99, 0, 0, 45.05%, 0, 0, 7, 819.26, 2331567, 41
4005, 111, 0, 99, 0, 0, 45.05%, 0, 0, 7, 834.77, 2335795, 41
4010, 111, 0, 99, 0, 0, 45.05%, 0, 0, 7, 822.21, 2339897, 41
4015, 111, 55, 99, 0, 0, 45.05%, 0, 0, 7, 846.98, 2344173, 41
4020, 112, 55, 99, 0, 0, 45.05%, 0, 0, 7, 871.55, 2348740, 41
4026, 112, 0, 99, 0, 0, 45.05%, 0, 0, 7, 865.64, 2353269, 41
4031, 112, 0, 99, 0, 0, 45.05%, 0, 0, 7, 852.98, 2357588, 41
4036, 112, 31, 99, 0, 0, 45.05%, 0, 0, 7, 849.93, 2361958, 41
4041, 113, 55, 99, 0, 0, 45.05%, 0, 0, 7, 857.52, 2366393, 41
4046, 113, 55, 99, 0, 0, 45.05%, 0, 0, 7, 848.14, 2370768, 41
4051, 113, 55, 99, 0, 0, 45.05%, 0, 0, 7, 840.60, 2375010, 41
4056, 113, 55, 99, 0, 0, 45.05%, 0, 0, 7, 802.05, 2379085, 41
4061, 113, 0, 99, 0, 0, 45.05%, 0, 0, 7, 812.28, 2383168, 41
4067, 113, 0, 99, 0, 0, 45.05%, 0, 0, 7, 819.42, 2387467, 41
4072, 114, 55, 99, 0, 0, 45.05%, 0, 0, 7, 795.49, 2391565, 41
4077, 114, 0, 99, 0, 0, 45.05%, 0, 0, 7, 811.02, 2395819, 41
4082, 114, 0, 99, 0, 0, 45.05%, 0, 0, 7, 836.05, 2400160, 41
4087, 114, 55, 99, 0, 0, 45.05%, 0, 0, 7, 829.43, 2404458, 41
4092, 114, 55, 99, 0, 0, 45.05%, 0, 0, 7, 798.67, 2408428, 41
4097, 114, 0, 99, 0, 0, 45.05%, 0, 0, 7, 819.59, 2412713, 41
4103, 115, 55, 99, 0, 0, 45.05%, 0, 0, 7, 828.46, 2417007, 41
4108, 115, 55, 99, 0, 0, 45.05%, 0, 0, 7, 829.93, 2421321, 41
4113, 115, 0, 99, 0, 0, 45.05%, 0, 0, 7, 849.41, 2425717, 41
4118, 115, 0, 99, 0, 0, 45.05%, 0, 0, 7, 832.71, 2429910, 41
4123, 116, 77, 99, 0, 0, 45.05%, 0, 0, 7, 823.65, 2434207, 41
4128, 116, 70, 99, 0, 0, 45.05%, 0, 0, 7, 813.50, 2438425, 41
4134, 116, 96, 99, 0, 0, 45.05%, 0, 0, 7, 778.62, 2442456, 41
4139, 116, 31, 99, 0, 0, 45.05%, 0, 0, 7, 791.41, 2446382, 41
4144, 116, 0, 99, 0, 0, 45.05%, 0, 0, 7, 819.30, 2450490, 41
4149, 117, 15, 99, 0, 0, 45.05%, 0, 0, 7, 845.49, 2454891, 41
4154, 117, 0, 99, 0, 0, 45.05%, 0, 0, 7, 837.43, 2459177, 41
4159, 117, 99, 100, 1, 0, 45.05%, 0, 0, 7, 785.42, 2463276, 41
4164, 117, 55, 100, 0, 0, 45.05%, 0, 0, 7, 724.71, 2466509, 41
4169, 117, 55, 100, 0, 0, 45.05%, 0, 0, 7, 729.22, 2470256, 41
4175, 117, 0, 100, 0, 0, 45.05%, 0, 0, 7, 816.51, 2474611, 41
4180, 118, 0, 100, 0, 0, 45.05%, 0, 0, 7, 822.03, 2478763, 41
4185, 118, 0, 100, 0, 0, 45.05%, 0, 0, 7, 828.59, 2482964, 41
4190, 118, 55, 100, 0, 0, 45.05%, 0, 0, 7, 837.67, 2487303, 41
4195, 118, 55, 100, 0, 0, 45.05%, 0, 0, 7, 824.00, 2491434, 41
4200, 118, 77, 100, 0, 0, 45.05%, 0, 0, 7, 831.08, 2495700, 41
4205, 118, 20, 100, 0, 0, 45.05%, 0, 0, 7, 801.96, 2499884, 41
4210, 119, 31, 100, 0, 0, 45.05%, 0, 0, 7, 831.59, 2504271, 41
4216, 119, 55, 100, 0, 0, 45.05%, 0, 0, 7, 827.69, 2508564, 41
4221, 119, 55, 100, 0, 0, 45.05%, 0, 0, 7, 816.67, 2512787, 41
4226, 119, 0, 100, 0, 0, 45.05%, 0, 0, 7, 813.38, 2517001, 41
4231, 120, 0, 100, 0, 0, 45.05%, 0, 0, 7, 841.27, 2521339, 41
4236, 120, 55, 100, 0, 0, 45.05%, 0, 0, 7, 846.17, 2525828, 41
4241, 120, 55, 100, 0, 0, 45.05%, 0, 0, 7, 820.24, 2529911, 41
4247, 120, 77, 100, 0, 0, 45.05%, 0, 0, 7, 837.37, 2534297, 41
4252, 120, 55, 100, 0, 0, 45.05%, 0, 0, 7, 831.51, 2538420, 41
4257, 121, 55, 100, 0, 0, 45.05%, 0, 0, 7, 826.17, 2542452, 41
4262, 121, 55, 100, 0, 0, 45.05%, 0, 0, 7, 816.76, 2546773, 41
4267, 121, 31, 100, 0, 0, 45.05%, 0, 0, 7, 822.95, 2551017, 41
4272, 121, 12, 100, 0, 0, 45.05%, 0, 0, 7, 806.94, 2555244, 41
4277, 121, 20, 100, 0, 0, 45.05%, 0, 0, 7, 808.14, 2559485, 41
4282, 122, 77, 100, 0, 0, 45.05%, 0, 0, 7, 826.65, 2563674, 41
4287, 122, 0, 100, 0, 0, 45.05%, 0, 0, 7, 827.72, 2567854, 41
4293, 122, 18, 100, 0, 0, 45.05%, 0, 0, 7, 799.52, 2571934, 41
4298, 122, 55, 100, 0, 0, 45.05%, 0, 0, 7, 804.81, 2576153, 41
4303, 122, 0, 100, 0, 0, 45.05%, 0, 0, 7, 824.81, 2580235, 41
4308, 123, 0, 100, 0, 0, 45.05%, 0, 0, 7, 820.24, 2584388, 41
4313, 123, 55, 100, 0, 0, 45.05%, 0, 0, 7, 805.43, 2588362, 41
4318, 123, 18, 100, 0, 0, 45.05%, 0, 0, 7, 817.24, 2592451, 41
4323, 123, 55, 100, 0, 0, 45.05%, 0, 0, 7, 789.98, 2596472, 41
4328, 123, 55, 100, 0, 0, 45.05%, 0, 0, 7, 856.16, 2600791, 41
4333, 123, 55, 100, 0, 0, 45.05%, 0, 0, 7, 864.95, 2605107, 41
4338, 124, 55, 100, 0, 0, 45.05%, 0, 0, 7, 849.76, 2609330, 41
4343, 124, 31, 100, 0, 0, 45.05%, 0, 0, 7, 854.00, 2613596, 41
4348, 124, 55, 100, 0, 0, 45.05%, 0, 0, 7, 834.31, 2617912, 41
4353, 124, 70, 100, 0, 0, 45.05%, 0, 0, 7, 843.16, 2622171, 41
4358, 124, 0, 100, 0, 0, 45.05%, 0, 0, 7, 835.27, 2626352, 41
4363, 125, 0, 100, 0, 0, 45.05%, 0, 0, 7, 840.40, 2630713, 41
4369, 125, 77, 100, 0, 0, 45.05%, 0, 0, 7, 856.06, 2635171, 41
4374, 125, 0, 100, 0, 0, 45.05%, 0, 0, 7, 831.05, 2639341, 41
4379, 125, 18, 100, 0, 0, 45.05%, 0, 0, 7, 856.36, 2643649, 41
4384, 125, 0, 100, 0, 0, 45.05%, 0, 0, 7, 832.38, 2647783, 41
4389, 126, 55, 100, 0, 0, 45.05%, 0, 0, 7, 782.75, 2651719, 41
4394, 126, 0, 100, 0, 0, 45.05%, 0, 0, 7, 841.27, 2656153, 41
4399, 126, 15, 100, 0, 0, 45.05%, 0, 0, 7, 819.84, 2660282, 41
4404, 126, 55, 100, 0, 0, 45.05%, 0, 0, 7, 858.99, 2664621, 41
4409, 126, 14, 100, 0, 0, 45.05%, 0, 0, 7, 865.78, 2668901, 41
4414, 127, 0, 100, 0, 0, 45.05%, 0, 0, 7, 875.72, 2673451, 41
4419, 127, 0, 100, 0, 0, 45.05%, 0, 0, 7, 880.79, 2677877, 41
4424, 127, 55, 100, 0, 0, 45.05%, 0, 0, 7, 855.64, 2682171, 41
4429, 127, 0, 100, 0, 0, 45.05%, 0, 0, 7, 864.04, 2686553, 41
4435, 128, 70, 100, 0, 0, 45.05%, 0, 0, 7, 846.88, 2690902, 41
4440, 128, 0, 100, 0, 0, 45.05%, 0, 0, 7, 851.70, 2695166, 41
4445, 128, 20, 100, 0, 0, 45.05%, 0, 0, 7, 836.87, 2699313, 41
4450, 128, 55, 100, 0, 0, 45.05%, 0, 0, 7, 831.28, 2703554, 41
4455, 128, 55, 100, 0, 0, 45.05%, 0, 0, 7, 843.78, 2707883, 41
4460, 129, 0, 100, 0, 0, 45.05%, 0, 0, 7, 829.58, 2712098, 41
4465, 129, 31, 100, 0, 0, 45.05%, 0, 0, 7, 838.59, 2716453, 41
4470, 129, 55, 100, 0, 0, 45.05%, 0, 0, 7, 832.12, 2720814, 41
4475, 129, 0, 100, 0, 0, 45.05%, 0, 0, 7, 809.81, 2724864, 41
4481, 129, 31, 100, 0, 0, 45.05%, 0, 0, 7, 834.87, 2729243, 41
4486, 130, 77, 100, 0, 0, 45.05%, 0, 0, 7, 825.39, 2733357, 41
4491, 130, 0, 100, 0, 0, 45.05%, 0, 0, 7, 834.41, 2737692, 41
4496, 130, 0, 100, 0, 0, 45.05%, 0, 0, 7, 840.32, 2742082, 41
4501, 130, 55, 100, 0, 0, 45.05%, 0, 0, 7, 829.84, 2746407, 41
4506, 130, 55, 100, 0, 0, 45.05%, 0, 0, 7, 827.11, 2750666, 41
4511, 131, 31, 100, 0, 0, 45.05%, 0, 0, 7, 842.25, 2754876, 41
4517, 131, 55, 100, 0, 0, 45.05%, 0, 0, 7, 831.14, 2759151, 41
4522, 131, 55, 100, 0, 0, 45.05%, 0, 0, 7, 833.52, 2763501, 41
4527, 131, 55, 100, 0, 0, 45.05%, 0, 0, 7, 804.88, 2767682, 41
4532, 131, 55, 100, 0, 0, 45.05%, 0, 0, 7, 821.75, 2771821, 41
4537, 132, 0, 100, 0, 0, 45.05%, 0, 0, 7, 793.56, 2775794, 41
4542, 132, 55, 100, 0, 0, 45.05%, 0, 0, 7, 801.02, 2779853, 41
4547, 132, 31, 100, 0, 0, 45.05%, 0, 0, 7, 805.82, 2784091, 41
4552, 132, 55, 100, 0, 0, 45.05%, 0, 0, 7, 833.58, 2788413, 41
4557, 132, 55, 100, 0, 0, 45.05%, 0, 0, 7, 827.57, 2792570, 41
4563, 132, 77, 100, 0, 0, 45.05%, 0, 0, 7, 819.78, 2796812, 41
4568, 133, 55, 100, 0, 0, 45.05%, 0, 0, 7, 818.72, 2801055, 41
4573, 133, 55, 100, 0, 0, 45.05%, 0, 0, 7, 839.44, 2805359, 41
4578, 133, 55, 100, 0, 0, 45.05%, 0, 0, 7, 824.94, 2809496, 41
4583, 133, 55, 100, 0, 0, 45.05%, 0, 0, 7, 812.67, 2813757, 41
4588, 133, 0, 100, 0, 0, 45.05%, 0, 0, 7, 821.43, 2817835, 41
4593, 134, 0, 101, 1, 0, 45.05%, 0, 0, 7, 800.98, 2821895, 41
4598, 134, 5, 101, 1, 0, 45.05%, 0, 0, 7, 837.43, 2826289, 41
4603, 134, 31, 101, 1, 0, 45.05%, 0, 0, 7, 818.20, 2830381, 41
4609, 134, 0, 101, 1, 0, 45.05%, 0, 0, 7, 797.82, 2834475, 41
4614, 134, 100, 101, 1, 0, 45.05%, 0, 0, 7, 545.48, 2837121, 41
4619, 134, 0, 101, 0, 0, 45.05%, 0, 0, 7, 773.34, 2841306, 41
4624, 135, 70, 101, 0, 0, 45.05%, 0, 0, 7, 830.75, 2845682, 41
4629, 135, 0, 101, 0, 0, 45.05%, 0, 0, 7, 822.88, 2849919, 41
4634, 135, 55, 101, 0, 0, 45.05%, 0, 0, 7, 839.16, 2854132, 41
4639, 135, 0, 101, 0, 0, 45.05%, 0, 0, 7, 836.42, 2858448, 41
4645, 136, 0, 101, 0, 0, 45.05%, 0, 0, 7, 824.58, 2862722, 41
4650, 136, 5, 101, 0, 0, 45.05%, 0, 0, 7, 840.57, 2867117, 41
4655, 136, 88, 101, 0, 0, 45.05%, 0, 0, 7, 833.85, 2871376, 41
4660, 136, 70, 101, 0, 0, 45.05%, 0, 0, 7, 819.58, 2875604, 41
4665, 136, 0, 101, 0, 0, 45.05%, 0, 0, 7, 812.40, 2879863, 41
4671, 137, 55, 101, 0, 0, 45.05%, 0, 0, 7, 835.10, 2884244, 41
4676, 137, 15, 101, 0, 0, 45.05%, 0, 0, 7, 826.88, 2888537, 41
4681, 137, 31, 101, 0, 0, 45.05%, 0, 0, 7, 819.39, 2892790, 41
4686, 137, 0, 101, 0, 0, 45.05%, 0, 0, 7, 812.20, 2896894, 41
4691, 138, 21, 101, 0, 0, 45.05%, 0, 0, 7, 811.43, 2901043, 41
4696, 138, 0, 101, 0, 0, 45.05%, 0, 0, 7, 826.43, 2905324, 41
4701, 138, 0, 101, 0, 0, 45.05%, 0, 0, 7, 832.27, 2909671, 41
4707, 138, 0, 101, 0, 0, 45.05%, 0, 0, 7, 816.88, 2913905, 41
4712, 138, 55, 101, 0, 0, 45.05%, 0, 0, 7, 814.49, 2918075, 41
4717, 139, 55, 101, 0, 0, 45.05%, 0, 0, 7, 802.97, 2922102, 41
4722, 139, 0, 101, 0, 0, 45.05%, 0, 0, 7, 829.41, 2926452, 41
4727, 139, 55, 101, 0, 0, 45.05%, 0, 0, 7, 804.34, 2930519, 41
4732, 139, 0, 101, 0, 0, 45.05%, 0, 0, 7, 810.91, 2934784, 41
4737, 139, 0, 101, 0, 0, 45.05%, 0, 0, 7, 827.50, 2938955, 41
4742, 140, 18, 101, 0, 0, 45.05%, 0, 0, 7, 831.53, 2943256, 41
4747, 140, 0, 101, 0, 0, 45.05%, 0, 0, 7, 817.01, 2947352, 41
4753, 140, 21, 101, 0, 0, 45.05%, 0, 0, 7, 808.71, 2951531, 41
4758, 140, 55, 101, 0, 0, 45.05%, 0, 0, 7, 834.18, 2955679, 41
4763, 141, 0, 101, 0, 0, 45.05%, 0, 0, 7, 819.53, 2959884, 41
4768, 141, 21, 101, 0, 0, 45.05%, 0, 0, 7, 819.81, 2964080, 41
4773, 141, 5, 101, 0, 0, 45.05%, 0, 0, 7, 812.65, 2968272, 41
4778, 141, 0, 101, 0, 0, 45.05%, 0, 0, 7, 827.64, 2972573, 41
4783, 141, 55, 101, 0, 0, 45.05%, 0, 0, 7, 843.40, 2976802, 41
4789, 142, 55, 101, 0, 0, 45.05%, 0, 0, 7, 839.48, 2981081, 41
4794, 142, 70, 101, 0, 0, 45.05%, 0, 0, 7, 854.74, 2985385, 41
4799, 142, 77, 101, 0, 0, 45.05%, 0, 0, 7, 838.89, 2989735, 41
4804, 142, 55, 101, 0, 0, 45.05%, 0, 0, 7, 843.02, 2994068, 41
4809, 142, 18, 101, 0, 0, 45.05%, 0, 0, 7, 821.90, 2998303, 41
4814, 143, 0, 101, 0, 0, 45.05%, 0, 0, 7, 816.95, 3002522, 41
4820, 143, 55, 101, 0, 0, 45.05%, 0, 0, 7, 835.68, 3006823, 41
4825, 143, 55, 101, 0, 0, 45.05%, 0, 0, 7, 826.56, 3011027, 41
4830, 143, 55, 101, 0, 0, 45.05%, 0, 0, 7, 844.02, 3015393, 41
4835, 143, 18, 101, 0, 0, 45.05%, 0, 0, 7, 800.22, 3019532, 41
4840, 144, 94, 101, 0, 0, 45.05%, 0, 0, 7, 801.71, 3023702, 41
4845, 144, 0, 101, 0, 0, 45.05%, 0, 0, 7, 816.20, 3027972, 41
4851, 144, 77, 101, 0, 0, 45.05%, 0, 0, 7, 837.69, 3032330, 41
4856, 144, 0, 101, 0, 0, 45.05%, 0, 0, 7, 815.87, 3036449, 41
4861, 144, 31, 101, 0, 0, 45.05%, 0, 0, 7, 816.27, 3040658, 41
4866, 144, 0, 101, 0, 0, 45.05%, 0, 0, 7, 800.75, 3044798, 41
4871, 145, 0, 101, 0, 0, 45.05%, 0, 0, 7, 828.83, 3049106, 41
4876, 145, 31, 101, 0, 0, 45.05%, 0, 0, 7, 830.32, 3053285, 41
4881, 145, 55, 101, 0, 0, 45.05%, 0, 0, 7, 825.25, 3057517, 41
4887, 145, 0, 101, 0, 0, 45.05%, 0, 0, 7, 836.78, 3061864, 41
4892, 146, 5, 101, 0, 0, 45.05%, 0, 0, 7, 839.48, 3066201, 41
4897, 146, 0, 101, 0, 0, 45.05%, 0, 0, 7, 796.35, 3070205, 41
4902, 146, 55, 101, 0, 0, 45.05%, 0, 0, 7, 839.20, 3074601, 41
4907, 146, 31, 101, 0, 0, 45.05%, 0, 0, 7, 832.34, 3078729, 41
4912, 147, 18, 101, 0, 0, 45.05%, 0, 0, 7, 818.85, 3083026, 41
4917, 147, 0, 101, 0, 0, 45.05%, 0, 0, 7, 803.91, 3087151, 41
4923, 147, 0, 101, 0, 0, 45.05%, 0, 0, 7, 831.46, 3091458, 41
4928, 147, 55, 101, 0, 0, 45.05%, 0, 0, 7, 811.28, 3095516, 41
4933, 147, 12, 101, 0, 0, 45.05%, 0, 0, 7, 809.30, 3099564, 41
4938, 147, 55, 101, 0, 0, 45.05%, 0, 0, 7, 828.26, 3103902, 41
4943, 147, 31, 101, 0, 0, 45.05%, 0, 0, 7, 801.67, 3107973, 41
4948, 148, 0, 101, 0, 0, 45.05%, 0, 0, 7, 804.50, 3112014, 41
4953, 148, 55, 101, 0, 0, 45.05%, 0, 0, 7, 816.63, 3116276, 41
4958, 148, 31, 101, 0, 0, 45.05%, 0, 0, 7, 835.29, 3120609, 41
4963, 148, 0, 101, 0, 0, 45.05%, 0, 0, 7, 804.84, 3124763, 41
4968, 148, 14, 101, 0, 0, 45.05%, 0, 0, 7, 800.22, 3128789, 41
4974, 149, 0, 101, 0, 0, 45.05%, 0, 0, 7, 832.06, 3133111, 41
4979, 149, 55, 101, 0, 0, 45.05%, 0, 0, 7, 839.48, 3137450, 41
4984, 149, 13, 101, 0, 0, 45.05%, 0, 0, 7, 803.00, 3141493, 41
4989, 149, 0, 101, 0, 0, 45.05%, 0, 0, 7, 827.13, 3145784, 41
4994, 150, 21, 101, 0, 0, 45.05%, 0, 0, 7, 835.41, 3150113, 41
5000, 150, 21, 101, 0, 0, 45.05%, 0, 0, 7, 831.39, 3154439, 41
5005, 150, 0, 101, 0, 0, 45.05%, 0, 0, 7, 818.35, 3158638, 41
5010, 150, 31, 101, 0, 0, 45.05%, 0, 0, 7, 806.53, 3162805, 41
5015, 150, 55, 101, 0, 0, 45.05%, 0, 0, 7, 840.80, 3167232, 41
5020, 151, 0, 101, 0, 0, 45.05%, 0, 0, 7, 827.53, 3171540, 41
5026, 151, 55, 101, 0, 0, 45.05%, 0, 0, 7, 829.86, 3175893, 41
5031, 151, 20, 101, 0, 0, 45.05%, 0, 0, 7, 819.86, 3179930, 41
5036, 151, 0, 101, 0, 0, 45.05%, 0, 0, 7, 828.81, 3184212, 41
5041, 151, 55, 101, 0, 0, 45.05%, 0, 0, 7, 774.18, 3188163, 41
5046, 152, 55, 101, 0, 0, 45.05%, 0, 0, 7, 796.62, 3192340, 41
5051, 152, 55, 101, 0, 0, 45.05%, 0, 0, 7, 808.19, 3196453, 41
5056, 152, 0, 101, 0, 0, 45.05%, 0, 0, 7, 812.72, 3200635, 41
5061, 152, 31, 101, 0, 0, 45.05%, 0, 0, 7, 812.60, 3204830, 41
5067, 153, 55, 101, 0, 0, 45.05%, 0, 0, 7, 819.46, 3209108, 41
5072, 153, 13, 101, 0, 0, 45.05%, 0, 0, 7, 834.17, 3213378, 41
5077, 153, 70, 101, 0, 0, 45.05%, 0, 0, 7, 806.86, 3217594, 41
5082, 153, 99, 101, 0, 0, 45.05%, 0, 0, 7, 765.00, 3221576, 41
5087, 153, 70, 101, 0, 0, 45.05%, 0, 0, 7, 826.07, 3225950, 41
5093, 154, 55, 101, 0, 0, 45.05%, 0, 0, 7, 825.79, 3230204, 41
5098, 154, 12, 101, 0, 0, 45.05%, 0, 0, 7, 814.50, 3234429, 41
5103, 154, 70, 101, 0, 0, 45.05%, 0, 0, 7, 802.84, 3238454, 41
5108, 154, 0, 101, 0, 0, 45.05%, 0, 0, 7, 804.81, 3242617, 41
5113, 154, 0, 101, 0, 0, 45.05%, 0, 0, 7, 811.31, 3246856, 41
5118, 155, 0, 101, 0, 0, 45.05%, 0, 0, 7, 833.09, 3251218, 41
5123, 155, 70, 101, 0, 0, 45.05%, 0, 0, 7, 804.40, 3255219, 41
5129, 155, 55, 101, 0, 0, 45.05%, 0, 0, 7, 793.59, 3259348, 41
5134, 155, 0, 101, 0, 0, 45.05%, 0, 0, 7, 824.48, 3263622, 41
5139, 155, 0, 101, 0, 0, 45.05%, 0, 0, 7, 825.87, 3267773, 41
5144, 156, 0, 101, 0, 0, 45.05%, 0, 0, 7, 810.20, 3271982, 41
5149, 156, 55, 101, 0, 0, 45.05%, 0, 0, 7, 848.45, 3276358, 41
5154, 156, 0, 101, 0, 0, 45.05%, 0, 0, 7, 835.93, 3280523, 41
5159, 156, 0, 101, 0, 0, 45.05%, 0, 0, 7, 785.21, 3284461, 41
5164, 157, 31, 101, 0, 0, 45.05%, 0, 0, 7, 820.19, 3288596, 41
5169, 157, 31, 101, 0, 0, 45.05%, 0, 0, 7, 822.87, 3292773, 41
5174, 157, 0, 101, 0, 0, 45.05%, 0, 0, 7, 826.08, 3297001, 41
5180, 157, 55, 101, 0, 0, 45.05%, 0, 0, 7, 809.76, 3301297, 41
5185, 157, 0, 101, 0, 0, 45.05%, 0, 0, 7, 806.56, 3305315, 41
5190, 158, 13, 101, 0, 0, 45.05%, 0, 0, 7, 825.59, 3309601, 41
5195, 158, 55, 101, 0, 0, 45.05%, 0, 0, 7, 833.78, 3313759, 41
5200, 158, 55, 101, 0, 0, 45.05%, 0, 0, 7, 809.47, 3317821, 41
5205, 158, 0, 101, 0, 0, 45.05%, 0, 0, 7, 817.18, 3321921, 41
5210, 158, 77, 101, 0, 0, 45.05%, 0, 0, 7, 806.85, 3326106, 41
5215, 159, 55, 101, 0, 0, 45.05%, 0, 0, 7, 805.02, 3330201, 41
5220, 159, 13, 101, 0, 0, 45.05%, 0, 0, 7, 795.36, 3334283, 41
5225, 159, 0, 101, 0, 0, 45.05%, 0, 0, 7, 817.62, 3338590, 41
5230, 159, 12, 101, 0, 0, 45.05%, 0, 0, 7, 798.32, 3342585, 41
5236, 159, 31, 101, 0, 0, 45.05%, 0, 0, 7, 804.13, 3346649, 41
5241, 160, 0, 101, 0, 0, 45.05%, 0, 0, 7, 816.83, 3350948, 41
5246, 160, 55, 101, 0, 0, 45.05%, 0, 0, 7, 792.24, 3354914, 41
5251, 160, 70, 101, 0, 0, 45.05%, 0, 0, 7, 815.19, 3359170, 41
5256, 160, 0, 101, 0, 0, 45.05%, 0, 0, 7, 822.54, 3363436, 41
5261, 160, 0, 101, 0, 0, 45.05%, 0, 0, 7, 844.65, 3367853, 41
5267, 161, 55, 101, 0, 0, 45.05%, 0, 0, 7, 830.66, 3372155, 41
5272, 161, 70, 101, 0, 0, 45.05%, 0, 0, 7, 818.92, 3376283, 41
5277, 161, 55, 101, 0, 0, 45.05%, 0, 0, 7, 811.99, 3380550, 41
5282, 161, 21, 101, 0, 0, 45.05%, 0, 0, 7, 807.52, 3384585, 41
5287, 161, 0, 101, 0, 0, 45.05%, 0, 0, 7, 794.51, 3388742, 41
5292, 162, 20, 101, 0, 0, 45.05%, 0, 0, 7, 815.52, 3393037, 41
5297, 162, 0, 101, 0, 0, 45.05%, 0, 0, 7, 822.44, 3397253, 41
5303, 162, 0, 101, 0, 0, 45.05%, 0, 0, 7, 835.70, 3401569, 41
5308, 162, 0, 101, 0, 0, 45.05%, 0, 0, 7, 837.37, 3405871, 41
5313, 162, 55, 101, 0, 0, 45.05%, 0, 0, 7, 808.31, 3410043, 41
5318, 163, 55, 101, 0, 0, 45.05%, 0, 0, 7, 823.25, 3414255, 41
5323, 163, 55, 101, 0, 0, 45.05%, 0, 0, 7, 824.64, 3418493, 41
5329, 163, 55, 101, 0, 0, 45.05%, 0, 0, 7, 841.24, 3422838, 41
5334, 163, 0, 101, 0, 0, 45.05%, 0, 0, 7, 817.70, 3427055, 41
5339, 163, 55, 101, 0, 0, 45.05%, 0, 0, 7, 807.88, 3431159, 41
5344, 163, 55, 101, 0, 0, 45.05%, 0, 0, 7, 814.81, 3435237, 41
5349, 164, 55, 101, 0, 0, 45.05%, 0, 0, 7, 804.62, 3439362, 41
5354, 164, 13, 101, 0, 0, 45.05%, 0, 0, 7, 820.19, 3443438, 41
5359, 164, 0, 101, 0, 0, 45.05%, 0, 0, 7, 811.08, 3447535, 41
5364, 164, 31, 101, 0, 0, 45.05%, 0, 0, 7, 789.71, 3451493, 41
5369, 164, 18, 101, 0, 0, 45.05%, 0, 0, 7, 829.29, 3455689, 41
5374, 165, 55, 101, 0, 0, 45.05%, 0, 0, 7, 827.49, 3459980, 41
5379, 165, 55, 101, 0, 0, 45.05%, 0, 0, 7, 821.34, 3464082, 41
5384, 165, 55, 101, 0, 0, 45.05%, 0, 0, 7, 817.24, 3468223, 41
5390, 165, 70, 101, 0, 0, 45.05%, 0, 0, 7, 841.98, 3472579, 41
5395, 165, 0, 101, 0, 0, 45.05%, 0, 0, 7, 839.88, 3476861, 41
5400, 166, 0, 101, 0, 0, 45.05%, 0, 0, 7, 814.34, 3481062, 41
5405, 166, 0, 101, 0, 0, 45.05%, 0, 0, 7, 784.27, 3484877, 41
5410, 166, 5, 101, 0, 0, 45.05%, 0, 0, 7, 825.84, 3489178, 41
5415, 166, 55, 101, 0, 0, 45.05%, 0, 0, 7, 825.80, 3493503, 41
5420, 166, 31, 101, 0, 0, 45.05%, 0, 0, 7, 813.66, 3497747, 41
5425, 167, 0, 101, 0, 0, 45.05%, 0, 0, 7, 823.76, 3501857, 41
5430, 167, 0, 101, 0, 0, 45.05%, 0, 0, 7, 820.59, 3505972, 41
5436, 167, 55, 101, 0, 0, 45.05%, 0, 0, 7, 818.55, 3510210, 41
5441, 167, 55, 101, 0, 0, 45.05%, 0, 0, 7, 790.08, 3514312, 41
5446, 167, 0, 101, 0, 0, 45.05%, 0, 0, 7, 844.91, 3518796, 41
5451, 168, 97, 101, 0, 0, 45.05%, 0, 0, 7, 763.81, 3522896, 41
5456, 168, 31, 101, 0, 0, 45.05%, 0, 0, 7, 803.75, 3527040, 41
5462, 168, 31, 101, 0, 0, 45.05%, 0, 0, 7, 821.29, 3531347, 41
5467, 168, 55, 101, 0, 0, 45.05%, 0, 0, 7, 820.38, 3535462, 41
5472, 168, 77, 101, 0, 0, 45.05%, 0, 0, 7, 815.03, 3539469, 41
5477, 169, 55, 101, 0, 0, 45.05%, 0, 0, 7, 811.63, 3543497, 41
5482, 169, 55, 101, 0, 0, 45.05%, 0, 0, 7, 834.18, 3547658, 41
5487, 169, 70, 101, 0, 0, 45.05%, 0, 0, 7, 835.27, 3551959, 41
5492, 169, 0, 101, 0, 0, 45.05%, 0, 0, 7, 825.07, 3556116, 41
5497, 169, 55, 101, 0, 0, 45.05%, 0, 0, 7, 829.82, 3560407, 41
5502, 170, 0, 101, 0, 0, 45.05%, 0, 0, 7, 843.16, 3564802, 41
5507, 170, 0, 101, 0, 0, 45.05%, 0, 0, 7, 801.34, 3568815, 41
5512, 170, 0, 101, 0, 0, 45.05%, 0, 0, 7, 826.99, 3573119, 41
5518, 170, 100, 101, 0, 0, 45.05%, 0, 0, 7, 718.73, 3576874, 41
5523, 170, 55, 101, 0, 0, 45.05%, 0, 0, 7, 755.37, 3580881, 41
5528, 170, 55, 101, 0, 0, 45.05%, 0, 0, 7, 825.98, 3585231, 41
5533, 171, 55, 101, 0, 0, 45.05%, 0, 0, 7, 821.86, 3589534, 41
5538, 171, 0, 101, 0, 0, 45.05%, 0, 0, 7, 823.00, 3593753, 41
5543, 171, 0, 101, 0, 0, 45.05%, 0, 0, 7, 822.79, 3597867, 41
5548, 171, 0, 101, 0, 0, 45.05%, 0, 0, 7, 812.36, 3602098, 41
5553, 171, 70, 101, 0, 0, 45.05%, 0, 0, 7, 804.59, 3606123, 41
5558, 171, 31, 101, 0, 0, 45.05%, 0, 0, 7, 809.82, 3610214, 41
5564, 172, 0, 101, 0, 0, 45.05%, 0, 0, 7, 829.03, 3614396, 41
5569, 172, 31, 101, 0, 0, 45.05%, 0, 0, 7, 824.11, 3618705, 41
5574, 172, 15, 101, 0, 0, 45.05%, 0, 0, 7, 799.43, 3622836, 41
5579, 172, 55, 101, 0, 0, 45.05%, 0, 0, 7, 808.44, 3627018, 41
5584, 173, 14, 101, 0, 0, 45.05%, 0, 0, 7, 785.49, 3631034, 41
5589, 173, 55, 101, 0, 0, 45.05%, 0, 0, 7, 820.24, 3635325, 41
5595, 173, 55, 101, 0, 0, 45.05%, 0, 0, 7, 840.03, 3639650, 41
5600, 173, 55, 101, 0, 0, 45.05%, 0, 0, 7, 819.40, 3643734, 41
5605, 173, 0, 101, 0, 0, 45.05%, 0, 0, 7, 794.29, 3647724, 41
5610, 174, 31, 101, 0, 0, 45.05%, 0, 0, 7, 833.53, 3652031, 41
5615, 174, 31, 101, 0, 0, 45.05%, 0, 0, 7, 821.47, 3656284, 41
5620, 174, 0, 101, 0, 0, 45.05%, 0, 0, 7, 841.70, 3660646, 41
5625, 174, 55, 101, 0, 0, 45.05%, 0, 0, 7, 835.84, 3664940, 41
5631, 174, 55, 101, 0, 0, 45.05%, 0, 0, 7, 815.27, 3669149, 41
5636, 175, 0, 101, 0, 0, 45.05%, 0, 0, 7, 829.40, 3673390, 41
5641, 175, 0, 101, 0, 0, 45.05%, 0, 0, 7, 831.79, 3677637, 41
5646, 175, 0, 101, 0, 0, 45.05%, 0, 0, 7, 838.63, 3681963, 41
5651, 175, 70, 101, 0, 0, 45.05%, 0, 0, 7, 799.36, 3685949, 41
5656, 175, 55, 101, 0, 0, 45.05%, 0, 0, 7, 812.50, 3690029, 41
5661, 176, 55, 101, 0, 0, 45.05%, 0, 0, 7, 787.69, 3693993, 41
5666, 176, 55, 101, 0, 0, 45.05%, 0, 0, 7, 803.88, 3698179, 41
5671, 176, 31, 101, 0, 0, 45.05%, 0, 0, 7, 827.37, 3702351, 41
5676, 176, 0, 101, 0, 0, 45.05%, 0, 0, 7, 820.52, 3706524, 41
5682, 176, 55, 101, 0, 0, 45.05%, 0, 0, 7, 777.11, 3710613, 41
5687, 176, 12, 101, 0, 0, 45.05%, 0, 0, 7, 780.36, 3714712, 41
5692, 177, 55, 101, 0, 0, 45.05%, 0, 0, 7, 773.55, 3718758, 41
5697, 177, 77, 101, 0, 0, 45.05%, 0, 0, 7, 797.00, 3722902, 41
5702, 177, 0, 101, 0, 0, 45.05%, 0, 0, 7, 758.57, 3726698, 41
5707, 177, 0, 101, 0, 0, 45.05%, 0, 0, 7, 781.97, 3730719, 41
5712, 177, 55, 101, 0, 0, 45.05%, 0, 0, 7, 788.41, 3734709, 41
5717, 178, 70, 101, 0, 0, 45.05%, 0, 0, 7, 800.27, 3738723, 41
5722, 178, 0, 101, 0, 0, 45.05%, 0, 0, 7, 791.01, 3742687, 41
5727, 178, 0, 101, 0, 0, 45.05%, 0, 0, 7, 817.33, 3746821, 41
5733, 178, 0, 101, 0, 0, 45.05%, 0, 0, 7, 795.95, 3750933, 41
5738, 178, 55, 101, 0, 0, 45.05%, 0, 0, 7, 786.63, 3755048, 41
5743, 179, 0, 101, 0, 0, 45.05%, 0, 0, 7, 777.46, 3758928, 41
5748, 179, 13, 101, 0, 0, 45.05%, 0, 0, 7, 768.49, 3762746, 41
5753, 179, 0, 101, 0, 0, 45.05%, 0, 0, 7, 773.37, 3766728, 41
5758, 179, 31, 101, 0, 0, 45.05%, 0, 0, 7, 789.73, 3770702, 41
5763, 179, 70, 101, 0, 0, 45.05%, 0, 0, 7, 781.11, 3774743, 41
5768, 180, 55, 101, 0, 0, 45.05%, 0, 0, 7, 792.71, 3778698, 41
5773, 180, 70, 101, 0, 0, 45.05%, 0, 0, 7, 800.93, 3782726, 41
5778, 180, 0, 101, 0, 0, 45.05%, 0, 0, 7, 788.40, 3786665, 41
5784, 180, 0, 101, 0, 0, 45.05%, 0, 0, 7, 790.43, 3790722, 41
5789, 180, 31, 101, 0, 0, 45.05%, 0, 0, 7, 799.78, 3794873, 41
5794, 181, 55, 101, 0, 0, 45.05%, 0, 0, 7, 776.56, 3798903, 41
5799, 181, 0, 101, 0, 0, 45.05%, 0, 0, 7, 780.39, 3802837, 41
5804, 181, 0, 101, 0, 0, 45.05%, 0, 0, 7, 806.36, 3807048, 41
5809, 181, 55, 101, 0, 0, 45.05%, 0, 0, 7, 785.67, 3811111, 41
5815, 181, 0, 101, 0, 0, 45.05%, 0, 0, 7, 804.79, 3815240, 41
5820, 182, 0, 101, 0, 0, 45.05%, 0, 0, 7, 782.18, 3819282, 41
5825, 182, 55, 101, 0, 0, 45.05%, 0, 0, 7, 796.51, 3823300, 41
5830, 182, 55, 101, 0, 0, 45.05%, 0, 0, 7, 785.58, 3827243, 41
5835, 182, 0, 101, 0, 0, 45.05%, 0, 0, 7, 791.81, 3831198, 41
5840, 182, 55, 101, 0, 0, 45.05%, 0, 0, 7, 787.86, 3835222, 41
5845, 182, 31, 101, 0, 0, 45.05%, 0, 0, 7, 804.51, 3839417, 41
5850, 183, 0, 101, 0, 0, 45.05%, 0, 0, 7, 816.97, 3843672, 41
5856, 183, 0, 101, 0, 0, 45.05%, 0, 0, 7, 801.78, 3847882, 41
5861, 183, 55, 101, 0, 0, 45.05%, 0, 0, 7, 782.69, 3851825, 41
5866, 183, 70, 101, 0, 0, 45.05%, 0, 0, 7, 791.59, 3855864, 41
5871, 183, 77, 101, 0, 0, 45.05%, 0, 0, 7, 784.66, 3859957, 41
5876, 183, 31, 101, 0, 0, 45.05%, 0, 0, 7, 786.49, 3863958, 41
5881, 184, 21, 101, 0, 0, 45.05%, 0, 0, 7, 778.82, 3867996, 41
5886, 184, 55, 101, 0, 0, 45.05%, 0, 0, 7, 801.32, 3872129, 41
5891, 184, 0, 101, 0, 0, 45.05%, 0, 0, 7, 785.95, 3876107, 41
5896, 184, 55, 101, 0, 0, 45.05%, 0, 0, 7, 801.85, 3880292, 41
5901, 184, 55, 101, 0, 0, 45.05%, 0, 0, 7, 791.52, 3884154, 41
5907, 184, 0, 101, 0, 0, 45.05%, 0, 0, 7, 799.86, 3888301, 41
5912, 185, 0, 101, 0, 0, 45.05%, 0, 0, 7, 794.82, 3892256, 41
5917, 185, 55, 101, 0, 0, 45.05%, 0, 0, 7, 791.56, 3896289, 41
5922, 185, 0, 101, 0, 0, 45.05%, 0, 0, 7, 798.49, 3900300, 41
5927, 185, 0, 101, 0, 0, 45.05%, 0, 0, 7, 793.92, 3904499, 41
5932, 186, 0, 101, 0, 0, 45.05%, 0, 0, 7, 801.00, 3908669, 41
5937, 186, 0, 101, 0, 0, 45.05%, 0, 0, 7, 788.97, 3912780, 41
5942, 186, 0, 101, 0, 0, 45.05%, 0, 0, 7, 754.37, 3916549, 41
5947, 186, 55, 101, 0, 0, 45.05%, 0, 0, 7, 767.08, 3920452, 41
5953, 186, 31, 101, 0, 0, 45.05%, 0, 0, 7, 776.71, 3924453, 41
5958, 187, 21, 101, 0, 0, 45.05%, 0, 0, 7, 786.02, 3928404, 41
5963, 187, 0, 101, 0, 0, 45.05%, 0, 0, 7, 795.96, 3932411, 41
5968, 187, 20, 101, 0, 0, 45.05%, 0, 0, 7, 813.19, 3936522, 41
5973, 187, 0, 101, 0, 0, 45.05%, 0, 0, 7, 812.10, 3940605, 41
5978, 188, 12, 101, 0, 0, 45.05%, 0, 0, 7, 822.37, 3944755, 41
5983, 188, 13, 101, 0, 0, 45.05%, 0, 0, 7, 788.43, 3948822, 41
5988, 188, 0, 101, 0, 0, 45.05%, 0, 0, 7, 761.30, 3952603, 41
5993, 188, 55, 101, 0, 0, 45.05%, 0, 0, 7, 768.51, 3956447, 41
5998, 188, 0, 101, 0, 0, 45.05%, 0, 0, 7, 790.26, 3960545, 41
6003, 188, 5, 101, 0, 0, 45.05%, 0, 0, 7, 760.86, 3964531, 41
6008, 189, 0, 101, 0, 0, 45.05%, 0, 0, 7, 791.90, 3968534, 41
6013, 189, 55, 101, 0, 0, 45.05%, 0, 0, 7, 774.74, 3972437, 41
6018, 189, 55, 101, 0, 0, 45.05%, 0, 0, 7, 779.24, 3976403, 41
6023, 189, 13, 101, 0, 0, 45.05%, 0, 0, 7, 787.66, 3980390, 41
6028, 189, 55, 101, 0, 0, 45.05%, 0, 0, 7, 799.05, 3984437, 41
6034, 189, 15, 101, 0, 0, 45.05%, 0, 0, 7, 796.49, 3988532, 41
6039, 190, 55, 101, 0, 0, 45.05%, 0, 0, 7, 785.63, 3992632, 41
6044, 190, 55, 101, 0, 0, 45.05%, 0, 0, 7, 813.67, 3996864, 41
6049, 190, 0, 101, 0, 0, 45.05%, 0, 0, 7, 823.72, 4000975, 41
6054, 190, 0, 101, 0, 0, 45.05%, 0, 0, 7, 816.84, 4005050, 41
6059, 190, 55, 101, 0, 0, 45.05%, 0, 0, 7, 819.88, 4009285, 41
6064, 191, 31, 101, 0, 0, 45.05%, 0, 0, 7, 828.31, 4013580, 41
6070, 191, 55, 101, 0, 0, 45.05%, 0, 0, 7, 792.54, 4017592, 41
6075, 191, 0, 101, 0, 0, 45.05%, 0, 0, 7, 791.29, 4021717, 41
6080, 191, 55, 101, 0, 0, 45.05%, 0, 0, 7, 777.02, 4025676, 41
6085, 191, 21, 101, 0, 0, 45.05%, 0, 0, 7, 804.12, 4029752, 41
6090, 192, 55, 101, 0, 0, 45.05%, 0, 0, 7, 812.57, 4033949, 41
6095, 192, 18, 101, 0, 0, 45.05%, 0, 0, 7, 798.39, 4037942, 41
6100, 192, 17, 101, 0, 0, 45.05%, 0, 0, 7, 826.17, 4042103, 41
6105, 192, 0, 101, 0, 0, 45.05%, 0, 0, 7, 813.30, 4046307, 41
6110, 192, 0, 101, 0, 0, 45.05%, 0, 0, 7, 806.39, 4050497, 41
6115, 193, 0, 101, 0, 0, 45.05%, 0, 0, 7, 821.97, 4054612, 41
6121, 193, 55, 101, 0, 0, 45.05%, 0, 0, 7, 806.83, 4058746, 41
6126, 193, 55, 101, 0, 0, 45.05%, 0, 0, 7, 764.44, 4062493, 41
6131, 193, 55, 101, 0, 0, 45.05%, 0, 0, 7, 800.81, 4066562, 41
6136, 193, 55, 101, 0, 0, 45.05%, 0, 0, 7, 810.75, 4070634, 41
6141, 193, 5, 101, 0, 0, 45.05%, 0, 0, 7, 804.47, 4074814, 41
6146, 194, 0, 101, 0, 0, 45.05%, 0, 0, 7, 779.87, 4078835, 41
6151, 194, 31, 101, 0, 0, 45.05%, 0, 0, 7, 795.93, 4082832, 41
6156, 194, 31, 101, 0, 0, 45.05%, 0, 0, 7, 817.78, 4086956, 41
6161, 194, 0, 101, 0, 0, 45.05%, 0, 0, 7, 791.68, 4091048, 41
6166, 195, 0, 101, 0, 0, 45.05%, 0, 0, 7, 823.40, 4095175, 41
6171, 195, 0, 101, 0, 0, 45.05%, 0, 0, 7, 790.36, 4099253, 41
6177, 195, 55, 101, 0, 0, 45.05%, 0, 0, 7, 811.55, 4103351, 41
6182, 195, 55, 101, 0, 0, 45.05%, 0, 0, 7, 819.25, 4107413, 41
6187, 195, 0, 101, 0, 0, 45.05%, 0, 0, 7, 822.36, 4111506, 41
6192, 196, 0, 101, 0, 0, 45.05%, 0, 0, 7, 807.43, 4115697, 41
6197, 196, 55, 101, 0, 0, 45.05%, 0, 0, 7, 793.00, 4119818, 41
6202, 196, 55, 101, 0, 0, 45.05%, 0, 0, 7, 810.24, 4123897, 41
6207, 196, 55, 101, 0, 0, 45.05%, 0, 0, 7, 787.46, 4127943, 41
6212, 196, 55, 101, 0, 0, 45.05%, 0, 0, 7, 767.35, 4131790, 41
6217, 196, 100, 101, 0, 0, 45.05%, 0, 0, 7, 749.09, 4135645, 41
6222, 196, 55, 101, 0, 0, 45.05%, 0, 0, 7, 748.76, 4139247, 41
6227, 197, 0, 101, 0, 0, 45.05%, 0, 0, 7, 787.99, 4143451, 41
6232, 197, 13, 101, 0, 0, 45.05%, 0, 0, 7, 780.13, 4147399, 41
6237, 197, 0, 101, 0, 0, 45.05%, 0, 0, 7, 797.94, 4151397, 41
6243, 197, 13, 101, 0, 0, 45.05%, 0, 0, 7, 787.44, 4155413, 41
6248, 197, 0, 101, 0, 0, 45.05%, 0, 0, 7, 792.55, 4159561, 41
6253, 198, 55, 101, 0, 0, 45.05%, 0, 0, 7, 788.74, 4163695, 41
6258, 198, 0, 101, 0, 0, 45.05%, 0, 0, 7, 766.61, 4167450, 41
6263, 198, 55, 101, 0, 0, 45.05%, 0, 0, 7, 799.60, 4171488, 41
6268, 198, 0, 101, 0, 0, 45.05%, 0, 0, 7, 786.57, 4175397, 41
6273, 198, 0, 101, 0, 0, 45.05%, 0, 0, 7, 782.70, 4179300, 41
6278, 199, 77, 101, 0, 0, 45.05%, 0, 0, 7, 794.01, 4183341, 41
6283, 199, 31, 101, 0, 0, 45.05%, 0, 0, 7, 791.74, 4187309, 41
6288, 199, 55, 101, 0, 0, 45.05%, 0, 0, 7, 807.80, 4191362, 41
6293, 199, 55, 101, 0, 0, 45.05%, 0, 0, 7, 800.63, 4195345, 41
6298, 199, 0, 101, 0, 0, 45.05%, 0, 0, 7, 797.67, 4199420, 41
6304, 199, 15, 101, 0, 0, 45.05%, 0, 0, 7, 794.82, 4203553, 41
6309, 200, 0, 101, 0, 0, 45.05%, 0, 0, 7, 778.79, 4207423, 41
6314, 200, 18, 101, 0, 0, 45.05%, 0, 0, 7, 781.80, 4211397, 41
6319, 200, 0, 101, 0, 0, 45.05%, 0, 0, 7, 799.33, 4215402, 41
6324, 200, 55, 101, 0, 0, 45.05%, 0, 0, 7, 789.19, 4219330, 41
6329, 200, 0, 101, 0, 0, 45.05%, 0, 0, 7, 809.27, 4223414, 41
6334, 201, 0, 101, 0, 0, 45.05%, 0, 0, 7, 776.93, 4227245, 41
6339, 201, 55, 101, 0, 0, 45.05%, 0, 0, 7, 800.04, 4231281, 41
6344, 201, 31, 101, 0, 0, 45.05%, 0, 0, 7, 799.01, 4235346, 41
6349, 201, 77, 101, 0, 0, 45.05%, 0, 0, 7, 768.01, 4239288, 41
6354, 201, 55, 101, 0, 0, 45.05%, 0, 0, 7, 777.60, 4243178, 41
6359, 201, 0, 101, 0, 0, 45.05%, 0, 0, 7, 768.34, 4246962, 41
6364, 202, 0, 101, 0, 0, 45.05%, 0, 0, 7, 804.05, 4251137, 41
6369, 202, 55, 101, 0, 0, 45.05%, 0, 0, 7, 813.50, 4255357, 41
6374, 202, 0, 101, 0, 0, 45.05%, 0, 0, 7, 800.25, 4259427, 41
6379, 202, 0, 101, 0, 0, 45.05%, 0, 0, 7, 805.30, 4263509, 41
6385, 202, 0, 101, 0, 0, 45.05%, 0, 0, 7, 812.83, 4267593, 41
6390, 203, 55, 101, 0, 0, 45.05%, 0, 0, 7, 805.67, 4271628, 41
6395, 203, 55, 101, 0, 0, 45.05%, 0, 0, 7, 800.52, 4275630, 41
6400, 203, 55, 101, 0, 0, 45.05%, 0, 0, 7, 815.95, 4279789, 41
6405, 203, 70, 101, 0, 0, 45.05%, 0, 0, 7, 805.94, 4283856, 41
6410, 204, 15, 101, 0, 0, 45.05%, 0, 0, 7, 820.23, 4288158, 41
6415, 204, 18, 101, 0, 0, 45.05%, 0, 0, 7, 801.48, 4292301, 41
6420, 204, 55, 101, 0, 0, 45.05%, 0, 0, 7, 810.37, 4296376, 41
6425, 204, 0, 101, 0, 0, 45.05%, 0, 0, 7, 782.52, 4300363, 41
6430, 204, 31, 101, 0, 0, 45.05%, 0, 0, 7, 805.66, 4304554, 41
6436, 205, 0, 101, 0, 0, 45.05%, 0, 0, 7, 787.96, 4308657, 41
6441, 205, 0, 101, 0, 0, 45.05%, 0, 0, 7, 809.48, 4312856, 41
6446, 205, 55, 101, 0, 0, 45.05%, 0, 0, 7, 819.14, 4316988, 41
6451, 205, 55, 101, 0, 0, 45.05%, 0, 0, 7, 774.30, 4321007, 41
6456, 205, 55, 101, 0, 0, 45.05%, 0, 0, 7, 804.42, 4325081, 41
6461, 206, 55, 101, 0, 0, 45.05%, 0, 0, 7, 801.53, 4329165, 41
6466, 206, 55, 101, 0, 0, 45.05%, 0, 0, 7, 771.92, 4332990, 41
6471, 206, 70, 101, 0, 0, 45.05%, 0, 0, 7, 767.55, 4336839, 41
6476, 206, 70, 101, 0, 0, 45.05%, 0, 0, 7, 765.36, 4340676, 41
6481, 206, 0, 101, 0, 0, 45.05%, 0, 0, 7, 765.67, 4344570, 41
6486, 206, 0, 101, 0, 0, 45.05%, 0, 0, 7, 778.54, 4348525, 41
6491, 207, 77, 101, 0, 0, 45.05%, 0, 0, 7, 788.23, 4352471, 41
6496, 207, 31, 101, 0, 0, 45.05%, 0, 0, 7, 792.30, 4356589, 41
6501, 207, 55, 101, 0, 0, 45.05%, 0, 0, 7, 798.35, 4360587, 41
6506, 207, 55, 101, 0, 0, 45.05%, 0, 0, 7, 800.24, 4364562, 41
6511, 207, 0, 101, 0, 0, 45.05%, 0, 0, 7, 791.35, 4368485, 41
6517, 208, 77, 101, 0, 0, 45.05%, 0, 0, 7, 762.43, 4372359, 41
6522, 208, 0, 101, 0, 0, 45.05%, 0, 0, 7, 793.60, 4376489, 41
6527, 208, 21, 101, 0, 0, 45.05%, 0, 0, 7, 793.19, 4380645, 41
6532, 208, 70, 101, 0, 0, 45.05%, 0, 0, 7, 785.28, 4384561, 41
6537, 208, 55, 101, 0, 0, 45.05%, 1, 0, 7, 756.84, 4388559, 41
6537, 208, 55, 101, 0, 0, 45.05%, 1, 0, 7, 0.00, 4388559, 41
