# relative_time, cycles_done, cur_item, corpus_count, pending_total, pending_favs, map_size, saved_crashes, saved_hangs, max_depth, execs_per_sec, total_execs, edges_found
76, 0, 0, 20, 20, 1, 41.18%, 0, 0, 2, 1.45, 5783, 28
106, 0, 0, 22, 22, 1, 44.12%, 0, 0, 2, 3.01, 8189, 30
111, 0, 0, 23, 23, 1, 45.59%, 0, 0, 2, 600.46, 10781, 31
135, 0, 0, 23, 23, 1, 45.59%, 0, 0, 2, 2.22, 12290, 31
140, 0, 0, 24, 24, 1, 45.59%, 0, 0, 2, 622.52, 15465, 31
164, 0, 0, 24, 24, 1, 45.59%, 0, 0, 2, 5.40, 15597, 31
169, 0, 0, 24, 24, 1, 45.59%, 0, 0, 2, 616.61, 18873, 31
190, 0, 0, 24, 24, 1, 45.59%, 0, 0, 2, 4.68, 19077, 31
195, 0, 0, 24, 24, 1, 45.59%, 0, 0, 2, 624.15, 22293, 31
216, 0, 0, 24, 24, 1, 45.59%, 0, 0, 2, 2.44, 22965, 31
221, 0, 0, 24, 24, 1, 45.59%, 0, 0, 2, 672.70, 26315, 31
244, 0, 0, 24, 24, 1, 45.59%, 0, 0, 2, 0.05, 27395, 31
249, 0, 0, 24, 24, 1, 45.59%, 0, 0, 2, 660.47, 30813, 31
272, 0, 0, 24, 24, 1, 45.59%, 0, 0, 2, 5.66, 31411, 31
277, 0, 0, 24, 24, 1, 45.59%, 1, 0, 2, 0.00, 34568, 31
