# relative_time, cycles_done, cur_item, corpus_count, pending_total, pending_favs, map_size, saved_crashes, saved_hangs, max_depth, execs_per_sec, total_execs, edges_found
76, 0, 0, 13, 12, 0, 33.33%, 0, 0, 2, 0.55, 5391, 25
106, 0, 0, 13, 12, 0, 33.33%, 0, 0, 2, 0.31, 7345, 25
111, 0, 0, 14, 11, 0, 33.33%, 0, 0, 3, 485.90, 9425, 25
135, 0, 12, 16, 13, 0, 33.33%, 0, 0, 3, 3.22, 10689, 25
140, 0, 14, 18, 14, 0, 37.33%, 0, 0, 4, 235.03, 13249, 28
164, 0, 14, 18, 14, 0, 37.33%, 0, 0, 4, 4.58, 13361, 28
169, 0, 14, 19, 15, 0, 37.33%, 0, 0, 4, 500.12, 15916, 28
190, 0, 14, 19, 15, 0, 37.33%, 0, 0, 4, 3.12, 16181, 28
195, 0, 17, 21, 16, 0, 37.33%, 0, 0, 4, 506.97, 18782, 28
216, 0, 17, 21, 16, 0, 37.33%, 0, 0, 4, 3.05, 19324, 28
221, 0, 0, 22, 16, 0, 38.67%, 0, 0, 5, 533.67, 21999, 29
244, 0, 21, 24, 18, 0, 38.67%, 0, 0, 6, 1.54, 22881, 29
249, 0, 21, 26, 20, 0, 41.33%, 0, 0, 6, 519.38, 25572, 31
273, 0, 21, 26, 20, 0, 41.33%, 0, 0, 6, 1.31, 26072, 31
278, 0, 21, 27, 21, 0, 42.67%, 0, 0, 6, 586.16, 29095, 32
299, 0, 21, 27, 21, 0, 42.67%, 0, 0, 6, 2.20, 30151, 32
304, 0, 21, 29, 23, 0, 42.67%, 0, 0, 6, 565.59, 33025, 32
320, 0, 21, 29, 23, 0, 42.67%, 0, 0, 6, 3.76, 34466, 32
333, 0, 21, 29, 23, 0, 42.67%, 0, 0, 6, 0.15, 34468, 32
338, 0, 26, 32, 25, 2, 45.33%, 0, 0, 7, 606.69, 37558, 34
365, 0, 25, 32, 23, 2, 45.33%, 0, 0, 7, 1.84, 38944, 34
370, 0, 24, 35, 23, 0, 46.67%, 0, 0, 8, 490.10, 41471, 35
395, 0, 24, 35, 23, 0, 46.67%, 0, 0, 8, 4.49, 42532, 35
401, 0, 30, 40, 28, 0, 49.33%, 0, 0, 8, 282.53, 45230, 37
414, 0, 30, 40, 28, 0, 49.33%, 0, 0, 8, 8.44, 46288, 37
422, 0, 30, 40, 28, 0, 49.33%, 0, 0, 8, 4.57, 46916, 37
433, 0, 30, 40, 28, 0, 49.33%, 0, 0, 8, 0.83, 46925, 37
438, 0, 30, 42, 30, 0, 50.67%, 0, 0, 8, 584.40, 49944, 38
459, 0, 30, 42, 30, 0, 50.67%, 0, 0, 8, 0.12, 50856, 38
464, 0, 30, 43, 31, 0, 50.67%, 0, 0, 8, 567.04, 53889, 38
484, 0, 30, 43, 31, 0, 50.67%, 0, 0, 8, 4.19, 54934, 38
489, 0, 39, 45, 32, 2, 50.67%, 0, 0, 8, 557.58, 57895, 38
502, 0, 39, 47, 34, 2, 52.00%, 0, 0, 9, 7.34, 58350, 39
518, 0, 41, 49, 34, 1, 54.67%, 0, 0, 9, 3.94, 60993, 41
524, 0, 47, 50, 33, 0, 54.67%, 0, 0, 9, 586.17, 64081, 41
540, 0, 47, 51, 34, 0, 54.67%, 0, 0, 10, 0.52, 65438, 41
545, 0, 24, 51, 34, 0, 54.67%, 0, 0, 10, 580.30, 68540, 41
561, 0, 47, 51, 34, 0, 54.67%, 0, 0, 10, 10.02, 70036, 41
563, 0, 39, 52, 35, 0, 54.67%, 1, 0, 10, 0.00, 70874, 41
