# relative_time, cycles_done, cur_item, corpus_count, pending_total, pending_favs, map_size, saved_crashes, saved_hangs, max_depth, execs_per_sec, total_execs, edges_found
76, 0, 0, 11, 10, 0, 29.41%, 0, 0, 2, 3.71, 5743, 20
105, 0, 0, 12, 10, 0, 29.41%, 0, 0, 2, 5.90, 8938, 20
111, 0, 12, 16, 12, 0, 33.82%, 0, 0, 3, 786.59, 12371, 23
135, 0, 12, 17, 13, 0, 35.29%, 0, 0, 3, 2.22, 14366, 24
140, 0, 12, 18, 14, 0, 35.29%, 0, 0, 3, 799.14, 18370, 24
164, 0, 12, 18, 14, 0, 35.29%, 0, 0, 3, 5.18, 18677, 24
169, 0, 16, 20, 14, 0, 35.29%, 0, 0, 4, 801.30, 22747, 24
190, 0, 16, 20, 14, 0, 35.29%, 0, 0, 4, 7.57, 23091, 24
195, 0, 16, 21, 15, 0, 35.29%, 0, 0, 4, 833.41, 27249, 24
216, 0, 16, 21, 15, 0, 35.29%, 0, 0, 4, 5.68, 28084, 24
221, 1, 16, 21, 15, 0, 35.29%, 0, 0, 4, 843.39, 32282, 24
244, 1, 16, 21, 15, 0, 35.29%, 0, 0, 4, 3.77, 33639, 24
249, 1, 13, 21, 14, 0, 35.29%, 0, 0, 4, 830.39, 37894, 24
272, 1, 16, 21, 14, 0, 35.29%, 0, 0, 4, 2.10, 38665, 24
277, 2, 16, 21, 14, 0, 35.29%, 0, 0, 4, 855.94, 43017, 24
299, 2, 16, 21, 14, 0, 35.29%, 0, 0, 4, 6.33, 44817, 24
304, 2, 13, 21, 14, 0, 35.29%, 0, 0, 4, 813.84, 49004, 24
333, 2, 16, 21, 14, 0, 35.29%, 0, 0, 4, 4.04, 51141, 24
338, 3, 16, 21, 14, 0, 35.29%, 0, 0, 4, 862.45, 55506, 24
364, 3, 14, 21, 14, 0, 35.29%, 0, 0, 4, 3.51, 57703, 24
370, 3, 21, 23, 15, 0, 39.71%, 0, 0, 5, 808.39, 61970, 27
395, 3, 21, 24, 16, 0, 39.71%, 0, 0, 5, 6.69, 63641, 27
400, 3, 21, 24, 16, 0, 39.71%, 0, 0, 5, 855.99, 67961, 27
414, 3, 21, 24, 16, 0, 39.71%, 0, 0, 5, 7.37, 69542, 27
422, 3, 21, 25, 17, 0, 39.71%, 0, 0, 5, 9.38, 70518, 27
433, 3, 21, 25, 17, 0, 39.71%, 0, 0, 5, 0.28, 70521, 27
438, 3, 21, 29, 21, 0, 44.12%, 0, 0, 5, 866.74, 74981, 30
459, 3, 21, 29, 21, 0, 44.12%, 0, 0, 5, 5.95, 76609, 30
464, 3, 26, 34, 25, 2, 44.12%, 0, 0, 6, 827.76, 80928, 30
484, 3, 26, 35, 26, 2, 45.59%, 0, 0, 6, 1.75, 82567, 31
489, 3, 26, 35, 26, 2, 45.59%, 0, 0, 6, 850.34, 86983, 31
502, 3, 26, 35, 26, 2, 45.59%, 0, 0, 6, 4.27, 87579, 31
518, 3, 34, 38, 26, 0, 45.59%, 0, 0, 6, 12.40, 91425, 31
523, 3, 34, 40, 28, 0, 45.59%, 0, 0, 7, 877.70, 95892, 31
539, 3, 40, 44, 31, 0, 47.06%, 0, 0, 8, 1.26, 98032, 32
542, 3, 40, 45, 32, 0, 48.53%, 1, 0, 8, 0.00, 100045, 33
