# relative_time, cycles_done, cur_item, corpus_count, pending_total, pending_favs, map_size, saved_crashes, saved_hangs, max_depth, execs_per_sec, total_execs, edges_found
76, 0, 0, 10, 9, 0, 28.38%, 0, 0, 2, 4.32, 5922, 21
106, 0, 1, 13, 8, 0, 29.73%, 0, 0, 3, 0.96, 8583, 22
112, 0, 7, 18, 13, 0, 29.73%, 0, 0, 4, 698.48, 12128, 22
135, 0, 1, 19, 13, 0, 31.08%, 0, 0, 4, 4.51, 13314, 23
140, 0, 18, 19, 13, 0, 31.08%, 0, 0, 4, 690.74, 16805, 23
164, 0, 18, 19, 13, 0, 31.08%, 0, 0, 4, 3.73, 17055, 23
170, 1, 18, 20, 14, 0, 32.43%, 0, 0, 5, 667.63, 20645, 24
190, 1, 18, 21, 15, 0, 33.78%, 0, 0, 5, 5.41, 20899, 25
195, 1, 18, 21, 15, 0, 33.78%, 0, 0, 5, 695.72, 24422, 25
216, 1, 18, 21, 15, 0, 33.78%, 0, 0, 5, 7.25, 25215, 25
221, 1, 10, 21, 13, 0, 33.78%, 0, 0, 5, 732.12, 28838, 25
244, 1, 10, 21, 13, 0, 33.78%, 0, 0, 5, 5.61, 29962, 25
249, 1, 19, 22, 14, 0, 33.78%, 0, 0, 6, 716.53, 33684, 25
273, 1, 19, 25, 17, 0, 37.84%, 0, 0, 6, 0.61, 34355, 28
278, 1, 24, 32, 23, 0, 40.54%, 0, 0, 7, 784.68, 38317, 30
299, 1, 24, 33, 24, 0, 40.54%, 0, 0, 7, 5.13, 39833, 30
304, 1, 24, 34, 25, 0, 41.89%, 0, 0, 7, 183.21, 43671, 31
333, 1, 24, 34, 25, 0, 41.89%, 0, 0, 7, 4.86, 45616, 31
338, 1, 24, 34, 25, 0, 41.89%, 0, 0, 7, 807.74, 49850, 31
365, 1, 26, 34, 24, 2, 41.89%, 0, 0, 7, 1.88, 51674, 31
370, 1, 33, 38, 27, 1, 41.89%, 0, 0, 8, 673.09, 55183, 31
395, 1, 30, 40, 28, 0, 43.24%, 0, 0, 8, 6.54, 56519, 32
401, 1, 30, 42, 30, 0, 43.24%, 0, 0, 8, 723.29, 60198, 32
414, 1, 30, 42, 30, 0, 43.24%, 0, 0, 8, 6.07, 61612, 32
422, 1, 30, 42, 30, 0, 43.24%, 0, 0, 8, 6.23, 62472, 32
433, 1, 30, 42, 30, 0, 43.24%, 0, 0, 8, 0.55, 62478, 32
438, 1, 39, 43, 30, 0, 43.24%, 0, 0, 9, 776.35, 66528, 32
459, 1, 39, 44, 31, 0, 43.24%, 0, 0, 9, 5.53, 67727, 32
464, 1, 39, 45, 32, 0, 43.24%, 0, 0, 9, 739.74, 71548, 32
484, 1, 24, 45, 32, 0, 43.24%, 0, 0, 9, 7.63, 72965, 32
489, 1, 41, 47, 33, 0, 43.24%, 0, 0, 10, 724.91, 76714, 32
502, 1, 1, 47, 32, 0, 43.24%, 0, 0, 10, 13.79, 77339, 32
519, 1, 1, 48, 33, 0, 43.24%, 0, 0, 10, 6.83, 80712, 32
524, 1, 26, 49, 33, 0, 43.24%, 0, 0, 10, 712.98, 84642, 32
540, 1, 20, 49, 33, 0, 43.24%, 0, 0, 10, 3.17, 86435, 32
545, 1, 33, 52, 34, 0, 44.59%, 0, 0, 10, 754.67, 90482, 33
561, 1, 42, 52, 34, 0, 44.59%, 0, 0, 10, 3.11, 92380, 33
566, 1, 51, 54, 36, 0, 45.95%, 0, 0, 10, 803.38, 96430, 34
575, 1, 51, 54, 36, 0, 45.95%, 0, 0, 10, 16.01, 98286, 34
589, 1, 51, 54, 36, 0, 45.95%, 0, 0, 10, 11.19, 101722, 34
594, 1, 31, 54, 35, 0, 45.95%, 0, 0, 10, 805.71, 105942, 34
602, 2, 52, 55, 35, 0, 45.95%, 0, 0, 10, 30.34, 107959, 34
615, 2, 26, 61, 41, 0, 45.95%, 0, 0, 10, 15.93, 112085, 34
620, 2, 52, 71, 50, 0, 45.95%, 0, 0, 10, 798.71, 116129, 34
627, 2, 26, 74, 52, 0, 45.95%, 0, 0, 10, 24.73, 118157, 34
632, 2, 33, 79, 56, 0, 45.95%, 0, 0, 11, 787.84, 122085, 34
643, 2, 26, 83, 60, 0, 45.95%, 0, 0, 11, 15.28, 124930, 34
648, 2, 26, 85, 61, 0, 47.30%, 0, 0, 11, 810.99, 128999, 35
649, 2, 83, 87, 63, 0, 48.65%, 1, 0, 11, 0.00, 130188, 36
