# relative_time, cycles_done, cur_item, corpus_count, pending_total, pending_favs, map_size, saved_crashes, saved_hangs, max_depth, execs_per_sec, total_execs, edges_found
76, 0, 0, 11, 9, 0, 29.41%, 0, 0, 2, 3.71, 5560, 20
106, 0, 12, 15, 10, 1, 30.88%, 0, 0, 4, 3.28, 8095, 21
111, 0, 11, 21, 13, 0, 39.71%, 0, 0, 4, 700.36, 11548, 27
135, 0, 20, 23, 14, 1, 39.71%, 0, 0, 5, 0.46, 12900, 27
140, 0, 19, 29, 18, 0, 42.65%, 0, 0, 5, 709.81, 16611, 29
164, 0, 19, 29, 18, 0, 42.65%, 0, 0, 5, 5.73, 16751, 29
169, 0, 19, 32, 21, 0, 44.12%, 0, 0, 5, 696.09, 20409, 30
190, 0, 19, 32, 21, 0, 44.12%, 0, 0, 5, 1.32, 20748, 30
195, 0, 19, 35, 24, 0, 47.06%, 0, 0, 5, 724.83, 24437, 32
216, 0, 19, 35, 24, 0, 47.06%, 0, 0, 5, 5.68, 25195, 32
217, 0, 19, 37, 26, 0, 47.06%, 1, 0, 5, 0.00, 26268, 32
