# relative_time, cycles_done, cur_item, corpus_count, pending_total, pending_favs, map_size, saved_crashes, saved_hangs, max_depth, execs_per_sec, total_execs, edges_found
76, 0, 0, 8, 7, 0, 29.41%, 0, 0, 2, 3.50, 5775, 20
106, 0, 3, 13, 11, 1, 30.88%, 0, 0, 3, 3.33, 8163, 21
111, 0, 4, 13, 9, 0, 30.88%, 0, 0, 3, 606.93, 10770, 21
135, 0, 9, 15, 11, 0, 30.88%, 0, 0, 4, 2.77, 12309, 21
140, 0, 15, 18, 13, 0, 35.29%, 0, 0, 5, 627.52, 15505, 24
164, 0, 15, 18, 13, 0, 35.29%, 0, 0, 5, 5.89, 15649, 24
169, 0, 15, 18, 13, 0, 35.29%, 0, 0, 5, 628.08, 18961, 24
190, 0, 15, 18, 13, 0, 35.29%, 0, 0, 5, 4.68, 19165, 24
195, 0, 15, 20, 15, 0, 35.29%, 0, 0, 5, 632.49, 22427, 24
216, 0, 15, 23, 18, 0, 39.71%, 0, 0, 5, 3.30, 23090, 27
221, 0, 17, 24, 17, 1, 39.71%, 0, 0, 6, 672.83, 26442, 27
244, 0, 17, 24, 17, 1, 39.71%, 0, 0, 6, 1.35, 27550, 27
249, 0, 22, 29, 22, 1, 44.12%, 0, 0, 6, 664.55, 30990, 30
273, 0, 22, 29, 22, 1, 44.12%, 0, 0, 6, 5.10, 31575, 30
278, 0, 22, 29, 22, 1, 44.12%, 0, 0, 6, 755.22, 35426, 30
299, 0, 22, 29, 22, 1, 44.12%, 0, 0, 6, 4.18, 36769, 30
304, 0, 27, 35, 24, 1, 45.59%, 0, 0, 7, 145.92, 40417, 31
320, 0, 17, 39, 26, 0, 47.06%, 0, 0, 7, 7.86, 42277, 32
333, 0, 17, 39, 26, 0, 47.06%, 0, 0, 7, 0.07, 42278, 32
338, 0, 37, 45, 32, 0, 48.53%, 0, 0, 8, 792.75, 46432, 33
365, 0, 37, 45, 32, 0, 48.53%, 0, 0, 8, 1.38, 48050, 33
370, 0, 37, 47, 34, 0, 48.53%, 0, 0, 8, 602.47, 51104, 33
395, 0, 37, 47, 34, 0, 48.53%, 0, 0, 8, 4.58, 52349, 33
400, 0, 43, 49, 34, 0, 48.53%, 0, 0, 8, 661.10, 55665, 33
414, 0, 43, 49, 34, 0, 48.53%, 0, 0, 8, 8.90, 56969, 33
422, 0, 43, 50, 35, 0, 48.53%, 0, 0, 9, 8.68, 57748, 33
433, 0, 43, 50, 35, 0, 48.53%, 0, 0, 9, 0.65, 57755, 33
438, 0, 33, 53, 38, 0, 48.53%, 0, 0, 9, 734.55, 61448, 33
459, 0, 33, 55, 40, 0, 48.53%, 0, 0, 9, 2.08, 62619, 33
464, 0, 48, 55, 40, 0, 48.53%, 0, 0, 9, 704.51, 66387, 33
484, 0, 17, 55, 40, 0, 48.53%, 0, 0, 9, 8.46, 67668, 33
489, 0, 16, 56, 41, 0, 48.53%, 0, 0, 9, 711.48, 71384, 33
502, 0, 16, 56, 41, 0, 48.53%, 0, 0, 9, 11.89, 71964, 33
518, 0, 17, 57, 42, 0, 48.53%, 0, 0, 9, 6.88, 75266, 33
523, 0, 17, 57, 42, 0, 48.53%, 0, 0, 9, 738.36, 79007, 33
539, 0, 17, 57, 42, 0, 48.53%, 0, 0, 9, 12.24, 80842, 33
545, 0, 17, 59, 44, 0, 48.53%, 0, 0, 9, 721.65, 84778, 33
561, 0, 43, 59, 44, 0, 48.53%, 0, 0, 9, 1.02, 86634, 33
566, 0, 48, 59, 44, 0, 48.53%, 0, 0, 9, 791.20, 90580, 33
575, 0, 17, 59, 44, 0, 48.53%, 0, 0, 9, 12.05, 92460, 33
589, 0, 43, 59, 44, 0, 48.53%, 0, 0, 9, 12.12, 95835, 33
594, 1, 43, 59, 44, 0, 48.53%, 0, 0, 9, 806.60, 100026, 33
602, 1, 17, 59, 44, 0, 48.53%, 0, 0, 9, 26.73, 101981, 33
615, 1, 17, 60, 44, 0, 48.53%, 0, 0, 9, 8.30, 105990, 33
620, 1, 33, 63, 47, 0, 48.53%, 0, 0, 9, 795.85, 110109, 33
627, 1, 43, 64, 48, 0, 48.53%, 0, 0, 9, 16.06, 111913, 33
629, 1, 7, 65, 47, 0, 50.00%, 1, 0, 9, 0.00, 113875, 34
