# relative_time, cycles_done, cur_item, corpus_count, pending_total, pending_favs, map_size, saved_crashes, saved_hangs, max_depth, execs_per_sec, total_execs, edges_found
76, 0, 1, 10, 8, 1, 28.38%, 0, 0, 3, 2.88, 5862, 21
106, 0, 1, 10, 8, 1, 28.38%, 0, 0, 3, 0.46, 8424, 21
111, 0, 1, 10, 8, 1, 28.38%, 0, 0, 3, 702.91, 11924, 21
135, 0, 2, 12, 8, 0, 28.38%, 0, 0, 3, 0.35, 13223, 21
140, 0, 2, 16, 12, 0, 32.43%, 0, 0, 3, 712.28, 16926, 24
164, 0, 2, 16, 12, 0, 32.43%, 0, 0, 3, 1.15, 17108, 24
170, 0, 2, 16, 12, 0, 32.43%, 0, 0, 3, 702.35, 20759, 24
190, 0, 2, 16, 12, 0, 32.43%, 0, 0, 3, 2.06, 21112, 24
195, 0, 15, 17, 11, 4, 33.78%, 0, 0, 4, 727.91, 24807, 25
216, 0, 16, 17, 10, 3, 33.78%, 0, 0, 4, 5.07, 25562, 25
221, 0, 16, 23, 16, 3, 39.19%, 0, 0, 5, 759.07, 29326, 29
244, 0, 16, 25, 18, 3, 40.54%, 0, 0, 5, 4.19, 30570, 30
249, 0, 16, 26, 19, 3, 41.89%, 0, 0, 5, 757.35, 34462, 31
273, 0, 16, 26, 19, 3, 41.89%, 0, 0, 5, 3.23, 35196, 31
278, 0, 19, 35, 24, 3, 45.95%, 0, 0, 6, 796.59, 39359, 34
299, 0, 19, 35, 24, 3, 45.95%, 0, 0, 6, 0.79, 40904, 34
304, 0, 19, 39, 28, 3, 45.95%, 0, 0, 6, 774.45, 44937, 34
333, 0, 19, 40, 29, 3, 45.95%, 0, 0, 6, 0.56, 46819, 34
338, 0, 25, 47, 30, 0, 45.95%, 0, 0, 7, 787.23, 50922, 34
365, 0, 25, 47, 30, 0, 45.95%, 0, 0, 7, 5.00, 52977, 34
370, 0, 33, 48, 31, 0, 45.95%, 0, 0, 7, 672.78, 56529, 34
396, 0, 32, 48, 31, 0, 45.95%, 0, 0, 7, 2.19, 57936, 34
401, 0, 31, 48, 31, 0, 45.95%, 0, 0, 7, 717.41, 61512, 34
414, 0, 31, 48, 31, 0, 45.95%, 0, 0, 7, 1.22, 62934, 34
422, 0, 31, 48, 31, 0, 45.95%, 0, 0, 7, 5.68, 63767, 34
433, 0, 31, 48, 31, 0, 45.95%, 0, 0, 7, 1.11, 63779, 34
438, 0, 25, 50, 33, 0, 45.95%, 0, 0, 7, 761.62, 67711, 34
459, 0, 10, 51, 34, 0, 45.95%, 0, 0, 7, 0.06, 68942, 34
464, 0, 25, 51, 34, 0, 45.95%, 0, 0, 7, 737.77, 72763, 34
484, 0, 23, 51, 34, 0, 45.95%, 0, 0, 7, 4.67, 74211, 34
489, 0, 23, 51, 34, 0, 45.95%, 0, 0, 7, 745.41, 78032, 34
502, 0, 23, 51, 34, 0, 45.95%, 0, 0, 7, 2.44, 78687, 34
519, 1, 31, 51, 34, 0, 45.95%, 0, 0, 7, 6.92, 82146, 34
524, 1, 32, 52, 35, 0, 45.95%, 0, 0, 7, 742.41, 86183, 34
540, 1, 10, 54, 37, 0, 45.95%, 0, 0, 7, 4.13, 87992, 34
545, 1, 25, 54, 37, 0, 45.95%, 0, 0, 7, 770.43, 92043, 34
553, 1, 31, 54, 37, 0, 45.95%, 0, 0, 7, 2.72, 94006, 34
561, 1, 31, 54, 37, 0, 45.95%, 0, 0, 7, 0.13, 94007, 34
566, 1, 31, 54, 37, 0, 45.95%, 0, 0, 7, 800.82, 98122, 34
575, 1, 23, 54, 37, 0, 45.95%, 0, 0, 7, 16.35, 99925, 34
589, 1, 10, 56, 37, 0, 47.30%, 0, 0, 7, 8.73, 103530, 35
594, 2, 13, 56, 35, 0, 47.30%, 0, 0, 7, 808.53, 107729, 35
602, 2, 23, 56, 35, 0, 47.30%, 0, 0, 7, 10.12, 109759, 35
615, 2, 54, 71, 50, 0, 47.30%, 0, 0, 7, 12.63, 113772, 35
616, 2, 54, 73, 52, 0, 48.65%, 1, 0, 8, 0.00, 114563, 36
