# relative_time, cycles_done, cur_item, corpus_count, pending_total, pending_favs, map_size, saved_crashes, saved_hangs, max_depth, execs_per_sec, total_execs, edges_found
76, 0, 1, 14, 12, 0, 29.73%, 0, 0, 3, 3.43, 5254, 22
106, 0, 1, 14, 12, 0, 29.73%, 0, 0, 3, 1.03, 7234, 22
111, 0, 13, 18, 14, 0, 31.08%, 0, 0, 4, 491.89, 9677, 23
135, 0, 13, 19, 15, 0, 32.43%, 0, 0, 4, 0.05, 10551, 24
140, 0, 13, 20, 16, 0, 36.49%, 0, 0, 4, 237.06, 13115, 27
164, 0, 13, 20, 16, 0, 36.49%, 0, 0, 4, 0.21, 13232, 27
170, 0, 13, 21, 17, 0, 36.49%, 0, 0, 4, 494.81, 15854, 27
190, 0, 13, 21, 17, 0, 36.49%, 0, 0, 4, 4.82, 16052, 27
195, 0, 16, 23, 18, 3, 37.84%, 0, 0, 4, 509.51, 18641, 28
216, 0, 19, 25, 19, 2, 37.84%, 0, 0, 5, 3.55, 19188, 28
221, 0, 19, 29, 23, 2, 41.89%, 0, 0, 5, 535.93, 21896, 31
244, 0, 19, 29, 23, 2, 41.89%, 0, 0, 5, 5.10, 22733, 31
249, 0, 28, 33, 25, 3, 41.89%, 0, 0, 6, 519.67, 25451, 31
273, 0, 27, 33, 24, 2, 41.89%, 0, 0, 6, 4.79, 25923, 31
278, 0, 27, 42, 31, 0, 41.89%, 0, 0, 6, 583.27, 28968, 31
299, 0, 27, 42, 31, 0, 41.89%, 0, 0, 6, 1.99, 29997, 31
304, 0, 27, 43, 32, 0, 41.89%, 0, 0, 6, 378.58, 32954, 31
333, 0, 26, 45, 34, 0, 41.89%, 0, 0, 6, 3.70, 34319, 31
338, 0, 27, 48, 37, 0, 43.24%, 0, 0, 6, 607.38, 37508, 32
365, 0, 28, 48, 35, 0, 43.24%, 0, 0, 6, 2.00, 38794, 32
370, 0, 46, 49, 36, 0, 43.24%, 0, 0, 7, 494.99, 41402, 32
395, 0, 46, 49, 36, 0, 43.24%, 0, 0, 7, 0.80, 42384, 32
401, 0, 13, 49, 36, 0, 43.24%, 0, 0, 7, 536.64, 45114, 32
414, 0, 21, 51, 38, 0, 43.24%, 0, 0, 7, 4.77, 46134, 32
422, 0, 27, 51, 38, 0, 43.24%, 0, 0, 7, 6.07, 46772, 32
433, 0, 27, 51, 38, 0, 43.24%, 0, 0, 7, 0.55, 46778, 32
438, 0, 18, 51, 38, 0, 43.24%, 0, 0, 7, 584.15, 49823, 32
459, 0, 21, 51, 38, 0, 43.24%, 0, 0, 7, 1.60, 50708, 32
464, 0, 21, 51, 38, 0, 43.24%, 0, 0, 7, 78.43, 53679, 32
484, 1, 19, 51, 38, 0, 43.24%, 0, 0, 7, 0.60, 54786, 32
489, 1, 27, 53, 37, 0, 44.59%, 0, 0, 7, 146.26, 57741, 33
502, 1, 27, 53, 37, 0, 44.59%, 0, 0, 7, 10.13, 58206, 33
518, 1, 52, 53, 37, 0, 44.59%, 0, 0, 7, 8.39, 60858, 33
524, 1, 52, 54, 37, 0, 45.95%, 0, 0, 7, 589.79, 63973, 34
540, 1, 52, 54, 37, 0, 45.95%, 0, 0, 7, 1.18, 65329, 34
545, 1, 26, 54, 37, 0, 45.95%, 0, 0, 7, 579.86, 68340, 34
561, 1, 52, 54, 37, 0, 45.95%, 0, 0, 7, 8.68, 69957, 34
566, 1, 53, 55, 38, 0, 45.95%, 0, 0, 7, 745.03, 73819, 34
575, 1, 21, 55, 38, 0, 45.95%, 0, 0, 7, 14.72, 75577, 34
589, 1, 46, 55, 38, 0, 45.95%, 0, 0, 7, 6.20, 78953, 34
594, 1, 53, 55, 38, 0, 45.95%, 0, 0, 7, 811.08, 82683, 34
602, 1, 53, 55, 38, 0, 45.95%, 0, 0, 7, 2.67, 85067, 34
615, 1, 27, 60, 42, 0, 45.95%, 0, 0, 8, 8.68, 89020, 34
620, 1, 27, 62, 43, 0, 45.95%, 0, 0, 8, 783.99, 92965, 34
627, 1, 56, 64, 45, 0, 45.95%, 0, 0, 8, 16.03, 94912, 34
632, 1, 63, 67, 47, 0, 45.95%, 0, 0, 8, 811.69, 98970, 34
643, 2, 28, 71, 50, 0, 45.95%, 0, 0, 8, 12.98, 101787, 34
648, 2, 28, 74, 53, 0, 45.95%, 0, 0, 8, 794.88, 105776, 34
662, 2, 66, 78, 56, 0, 45.95%, 0, 0, 8, 5.63, 108745, 34
667, 2, 21, 80, 57, 0, 45.95%, 0, 0, 8, 818.29, 112839, 34
673, 2, 79, 80, 55, 0, 45.95%, 0, 0, 8, 36.34, 116099, 34
679, 2, 21, 81, 55, 0, 45.95%, 0, 0, 8, 767.37, 120104, 34
680, 2, 27, 81, 55, 0, 45.95%, 1, 0, 8, 0.00, 120766, 34
