# relative_time, cycles_done, cur_item, corpus_count, pending_total, pending_favs, map_size, saved_crashes, saved_hangs, max_depth, execs_per_sec, total_execs, edges_found
63, 0, 2, 48, 33, 0, 48.53%, 0, 0, 7, 897.10, 42284, 33
68, 0, 45, 50, 35, 0, 48.53%, 0, 0, 8, 904.31, 46771, 33
73, 0, 44, 53, 38, 0, 48.53%, 0, 0, 8, 916.76, 51490, 33
78, 0, 45, 58, 43, 0, 48.53%, 0, 0, 8, 915.21, 56178, 33
83, 0, 26, 60, 45, 0, 48.53%, 0, 0, 8, 917.32, 60913, 33
88, 1, 24, 61, 45, 0, 48.53%, 0, 0, 8, 903.38, 65602, 33
93, 1, 44, 61, 44, 0, 48.53%, 0, 0, 8, 900.44, 70198, 33
98, 1, 20, 61, 43, 0, 48.53%, 0, 0, 8, 847.41, 74417, 33
103, 1, 18, 61, 42, 0, 48.53%, 0, 0, 8, 835.20, 78644, 33
109, 1, 24, 61, 42, 0, 48.53%, 0, 0, 8, 819.76, 82915, 33
114, 1, 24, 61, 42, 0, 48.53%, 0, 0, 8, 816.44, 87186, 33
119, 2, 0, 61, 40, 0, 48.53%, 0, 0, 8, 821.26, 91427, 33
124, 2, 26, 61, 38, 0, 48.53%, 0, 0, 8, 823.76, 95571, 33
129, 2, 2, 61, 38, 0, 48.53%, 0, 0, 8, 822.55, 99813, 33
134, 2, 16, 61, 38, 0, 48.53%, 0, 0, 8, 819.88, 104088, 33
139, 2, 13, 61, 38, 0, 48.53%, 0, 0, 8, 818.93, 108194, 33
145, 2, 2, 61, 35, 0, 48.53%, 0, 0, 8, 823.96, 112467, 33
150, 3, 44, 61, 35, 0, 48.53%, 0, 0, 8, 834.26, 116662, 33
155, 3, 0, 61, 33, 0, 48.53%, 0, 0, 8, 821.41, 120872, 33
160, 3, 16, 61, 33, 0, 48.53%, 0, 0, 8, 816.72, 125049, 33
165, 3, 20, 61, 33, 0, 48.53%, 0, 0, 8, 821.96, 129153, 33
170, 3, 45, 61, 32, 0, 48.53%, 0, 0, 8, 829.34, 133465, 33
175, 3, 20, 61, 32, 0, 48.53%, 0, 0, 8, 832.54, 137788, 33
180, 4, 15, 61, 32, 0, 48.53%, 0, 0, 8, 828.94, 141919, 33
185, 4, 0, 61, 31, 0, 48.53%, 0, 0, 8, 834.45, 146245, 33
191, 4, 26, 61, 31, 0, 48.53%, 0, 0, 8, 829.58, 150519, 33
196, 4, 12, 62, 31, 0, 50.00%, 0, 0, 8, 828.85, 154646, 34
201, 4, 61, 63, 32, 0, 50.00%, 0, 0, 9, 826.53, 158814, 34
204, 4, 61, 64, 33, 0, 50.00%, 1, 0, 9, 0.00, 160998, 34
