# relative_time, cycles_done, cur_item, corpus_count, pending_total, pending_favs, map_size, saved_crashes, saved_hangs, max_depth, execs_per_sec, total_execs, edges_found
76, 0, 1, 10, 8, 0, 32.00%, 0, 0, 3, 3.16, 5823, 24
106, 0, 13, 17, 13, 0, 33.33%, 0, 0, 4, 5.59, 8960, 25
111, 0, 13, 21, 17, 0, 37.33%, 0, 0, 4, 789.14, 12876, 28
135, 0, 13, 22, 18, 0, 38.67%, 0, 0, 4, 3.69, 14327, 29
140, 0, 18, 24, 19, 1, 40.00%, 0, 0, 5, 723.40, 18417, 30
164, 0, 18, 25, 20, 1, 40.00%, 0, 0, 5, 7.13, 18592, 30
169, 0, 22, 30, 23, 0, 41.33%, 0, 0, 5, 789.30, 22633, 31
190, 0, 22, 31, 24, 0, 42.67%, 0, 0, 5, 8.73, 22985, 32
195, 0, 22, 35, 28, 0, 45.33%, 0, 0, 5, 826.35, 27237, 34
216, 0, 22, 35, 28, 0, 45.33%, 0, 0, 5, 7.29, 27909, 34
221, 0, 22, 37, 30, 0, 46.67%, 0, 0, 5, 837.00, 32227, 35
244, 0, 22, 38, 31, 0, 46.67%, 0, 0, 5, 2.79, 33406, 35
249, 0, 30, 43, 32, 2, 48.00%, 0, 0, 6, 816.91, 37651, 36
273, 0, 30, 43, 32, 2, 48.00%, 0, 0, 6, 2.10, 38403, 36
278, 0, 43, 48, 34, 0, 49.33%, 0, 0, 7, 849.30, 42823, 37
299, 0, 27, 48, 33, 0, 49.33%, 0, 0, 7, 6.89, 44491, 37
304, 0, 39, 49, 34, 0, 49.33%, 0, 0, 7, 807.62, 48658, 37
306, 0, 47, 51, 36, 0, 49.33%, 1, 0, 8, 0.00, 50456, 37
