# relative_time, cycles_done, cur_item, corpus_count, pending_total, pending_favs, map_size, saved_crashes, saved_hangs, max_depth, execs_per_sec, total_execs, edges_found
76, 0, 0, 10, 9, 0, 29.41%, 0, 0, 2, 5.04, 5943, 20
106, 0, 10, 16, 12, 1, 32.35%, 0, 0, 4, 0.69, 9173, 22
111, 0, 10, 19, 15, 1, 35.29%, 0, 0, 4, 799.81, 13199, 24
135, 0, 10, 19, 15, 1, 35.29%, 0, 0, 4, 0.74, 14630, 24
140, 0, 16, 22, 16, 2, 35.29%, 0, 0, 5, 806.46, 18772, 24
164, 0, 16, 22, 16, 2, 35.29%, 0, 0, 5, 6.52, 18932, 24
169, 0, 11, 25, 17, 0, 41.18%, 0, 0, 5, 803.57, 23040, 28
190, 0, 24, 25, 16, 1, 41.18%, 0, 0, 5, 8.54, 23390, 28
195, 0, 24, 25, 15, 0, 41.18%, 0, 0, 5, 839.65, 27583, 28
216, 0, 24, 25, 15, 0, 41.18%, 0, 0, 5, 4.93, 28397, 28
221, 0, 24, 26, 16, 0, 41.18%, 0, 0, 5, 850.32, 32689, 28
244, 0, 24, 27, 17, 0, 41.18%, 0, 0, 5, 7.97, 33989, 28
249, 0, 16, 30, 19, 0, 42.65%, 0, 0, 5, 835.84, 38291, 29
273, 0, 24, 30, 19, 0, 42.65%, 0, 0, 5, 0.70, 39057, 29
278, 0, 22, 32, 21, 0, 42.65%, 0, 0, 5, 856.65, 43405, 29
299, 0, 15, 32, 21, 0, 42.65%, 0, 0, 5, 6.74, 45224, 29
304, 0, 33, 36, 24, 0, 44.12%, 0, 0, 5, 819.39, 49433, 30
333, 0, 33, 37, 25, 0, 45.59%, 0, 0, 5, 6.57, 51552, 31
338, 0, 33, 38, 26, 0, 45.59%, 0, 0, 5, 863.72, 56060, 31
365, 0, 15, 38, 25, 0, 45.59%, 0, 0, 5, 1.80, 58132, 31
370, 0, 11, 42, 29, 0, 45.59%, 0, 0, 5, 803.85, 62223, 31
395, 0, 11, 42, 29, 0, 45.59%, 0, 0, 5, 0.59, 64079, 31
400, 0, 29, 44, 31, 0, 45.59%, 0, 0, 6, 856.73, 68398, 31
414, 0, 24, 44, 31, 0, 45.59%, 0, 0, 6, 8.57, 70011, 31
422, 0, 28, 45, 32, 0, 45.59%, 0, 0, 6, 8.29, 70973, 31
433, 0, 28, 45, 32, 0, 45.59%, 0, 0, 6, 0.19, 70975, 31
438, 1, 33, 46, 31, 0, 45.59%, 0, 0, 6, 870.14, 75530, 31
459, 1, 22, 46, 31, 0, 45.59%, 0, 0, 6, 0.18, 77064, 31
464, 1, 18, 47, 32, 0, 45.59%, 0, 0, 6, 819.16, 81411, 31
484, 1, 11, 47, 32, 0, 45.59%, 0, 0, 6, 0.76, 83047, 31
489, 1, 24, 49, 34, 0, 45.59%, 0, 0, 6, 849.18, 87330, 31
502, 1, 24, 49, 34, 0, 45.59%, 0, 0, 6, 2.35, 88083, 31
518, 1, 33, 49, 34, 0, 45.59%, 0, 0, 6, 4.58, 91967, 31
523, 1, 35, 49, 34, 0, 45.59%, 0, 0, 6, 880.03, 96432, 31
539, 1, 24, 49, 33, 0, 45.59%, 0, 0, 6, 3.10, 98566, 31
545, 2, 22, 49, 33, 0, 45.59%, 0, 0, 6, 854.83, 103022, 31
553, 2, 29, 49, 33, 0, 45.59%, 0, 0, 6, 11.54, 105242, 31
561, 2, 29, 49, 33, 0, 45.59%, 0, 0, 6, 11.03, 105268, 31
566, 2, 11, 49, 33, 0, 45.59%, 0, 0, 6, 863.64, 109772, 31
575, 2, 11, 49, 33, 0, 45.59%, 0, 0, 6, 8.18, 111662, 31
589, 2, 11, 49, 32, 0, 45.59%, 0, 0, 6, 2.83, 115417, 31
594, 2, 16, 49, 32, 0, 45.59%, 0, 0, 6, 861.65, 119892, 31
602, 2, 22, 49, 32, 0, 45.59%, 0, 0, 6, 9.98, 122131, 31
615, 2, 51, 57, 40, 0, 45.59%, 0, 0, 6, 15.30, 126454, 31
620, 2, 51, 58, 41, 0, 45.59%, 0, 0, 6, 836.99, 130798, 31
627, 2, 51, 59, 42, 0, 45.59%, 0, 0, 6, 32.05, 132885, 31
632, 2, 51, 63, 46, 0, 45.59%, 0, 0, 6, 849.57, 137109, 31
643, 2, 20, 67, 48, 0, 45.59%, 0, 0, 7, 10.98, 140109, 31
648, 2, 11, 72, 52, 0, 45.59%, 0, 0, 7, 840.46, 144326, 31
662, 2, 18, 76, 56, 0, 45.59%, 0, 0, 7, 6.02, 147658, 31
667, 2, 24, 77, 56, 0, 45.59%, 0, 0, 7, 851.07, 152059, 31
673, 3, 15, 77, 56, 0, 45.59%, 0, 0, 7, 53.56, 155428, 31
678, 3, 15, 77, 55, 0, 45.59%, 0, 0, 7, 825.48, 159677, 31
686, 3, 33, 77, 55, 0, 45.59%, 0, 0, 7, 5.13, 161562, 31
691, 3, 22, 78, 56, 0, 45.59%, 0, 0, 7, 828.98, 165868, 31
696, 3, 24, 78, 56, 0, 45.59%, 0, 0, 7, 835.90, 170026, 31
701, 3, 16, 78, 55, 0, 45.59%, 0, 0, 7, 829.93, 174155, 31
707, 3, 11, 78, 54, 0, 45.59%, 0, 0, 7, 43.25, 176837, 31
712, 3, 11, 79, 54, 0, 47.06%, 0, 0, 7, 812.17, 180922, 32
717, 3, 18, 79, 54, 0, 47.06%, 0, 0, 7, 801.64, 183724, 32
723, 3, 78, 83, 58, 0, 48.53%, 0, 0, 7, 826.26, 187925, 33
728, 3, 78, 83, 58, 0, 48.53%, 0, 0, 7, 822.90, 192033, 33
733, 3, 78, 86, 61, 0, 48.53%, 0, 0, 7, 781.34, 195880, 33
738, 3, 36, 87, 61, 0, 48.53%, 0, 0, 7, 804.51, 199922, 33
743, 3, 82, 87, 61, 0, 48.53%, 0, 0, 7, 802.46, 203964, 33
748, 3, 82, 88, 62, 0, 48.53%, 0, 0, 7, 790.78, 204885, 33
753, 3, 11, 88, 61, 0, 48.53%, 0, 0, 7, 782.03, 208808, 33
758, 3, 78, 89, 62, 0, 48.53%, 0, 0, 7, 776.34, 212891, 33
763, 4, 33, 89, 61, 0, 48.53%, 0, 0, 7, 817.31, 217195, 33
768, 4, 18, 90, 62, 0, 48.53%, 0, 0, 7, 794.03, 221297, 33
773, 4, 11, 90, 62, 0, 48.53%, 0, 0, 7, 21.08, 223419, 33
779, 4, 90, 91, 62, 1, 50.00%, 0, 0, 7, 743.67, 227303, 34
784, 4, 90, 93, 63, 0, 50.00%, 0, 0, 7, 764.39, 231174, 34
789, 4, 14, 94, 64, 0, 50.00%, 0, 0, 7, 810.66, 235481, 34
794, 4, 93, 95, 64, 0, 50.00%, 0, 0, 7, 786.66, 239648, 34
800, 4, 93, 97, 66, 0, 50.00%, 0, 0, 7, 26.78, 242510, 34
805, 4, 29, 97, 65, 0, 50.00%, 0, 0, 7, 795.70, 246522, 34
810, 4, 24, 97, 65, 0, 50.00%, 0, 0, 7, 816.42, 250754, 34
815, 4, 90, 98, 65, 0, 50.00%, 0, 0, 7, 805.00, 254923, 34
820, 4, 79, 99, 66, 0, 50.00%, 0, 0, 7, 800.95, 258923, 34
828, 4, 36, 100, 66, 0, 50.00%, 0, 0, 7, 35.20, 261470, 34
833, 4, 18, 100, 66, 0, 50.00%, 0, 0, 7, 777.61, 265445, 34
838, 4, 100, 101, 67, 1, 51.47%, 0, 0, 7, 792.90, 269636, 35
843, 4, 11, 101, 66, 0, 51.47%, 0, 0, 7, 785.48, 273527, 35
848, 5, 100, 104, 69, 0, 51.47%, 0, 0, 7, 723.87, 277149, 35
853, 5, 100, 105, 70, 0, 51.47%, 0, 0, 7, 698.42, 280572, 35
858, 5, 36, 105, 70, 0, 51.47%, 0, 0, 7, 749.66, 284339, 35
863, 5, 11, 106, 71, 0, 51.47%, 0, 0, 7, 778.58, 288260, 35
866, 5, 100, 106, 71, 0, 51.47%, 1, 0, 7, 0.00, 290326, 35
