# relative_time, cycles_done, cur_item, corpus_count, pending_total, pending_favs, map_size, saved_crashes, saved_hangs, max_depth, execs_per_sec, total_execs, edges_found
76, 0, 2, 10, 7, 1, 28.38%, 0, 0, 3, 0.62, 5588, 21
106, 0, 4, 12, 8, 0, 29.73%, 0, 0, 3, 5.58, 8190, 22
111, 1, 2, 14, 9, 0, 29.73%, 0, 0, 4, 705.15, 11242, 22
135, 1, 10, 15, 10, 0, 29.73%, 0, 0, 4, 0.10, 13091, 22
140, 1, 15, 18, 12, 0, 33.78%, 0, 0, 4, 723.75, 16784, 25
164, 1, 15, 18, 12, 0, 33.78%, 0, 0, 4, 4.59, 17050, 25
169, 1, 15, 18, 12, 0, 33.78%, 0, 0, 4, 716.70, 20808, 25
190, 1, 15, 18, 12, 0, 33.78%, 0, 0, 4, 0.83, 21137, 25
195, 1, 16, 19, 11, 0, 33.78%, 0, 0, 5, 745.75, 24879, 25
216, 1, 16, 19, 11, 0, 33.78%, 0, 0, 5, 7.29, 25685, 25
221, 1, 16, 23, 14, 0, 37.84%, 0, 0, 5, 776.73, 29540, 28
244, 1, 16, 24, 15, 0, 37.84%, 0, 0, 5, 3.40, 30803, 28
249, 1, 16, 24, 14, 0, 37.84%, 0, 0, 5, 767.44, 34756, 28
273, 1, 22, 26, 16, 0, 39.19%, 0, 0, 6, 0.07, 35514, 29
273, 1, 22, 26, 16, 0, 39.19%, 0, 0, 6, 0.08, 35515, 29
278, 1, 22, 34, 24, 0, 45.95%, 0, 0, 6, 810.87, 39732, 34
299, 1, 22, 36, 26, 0, 45.95%, 0, 0, 6, 8.58, 41328, 34
304, 1, 22, 41, 31, 0, 45.95%, 0, 0, 6, 790.03, 45434, 34
333, 1, 33, 43, 32, 5, 45.95%, 0, 0, 7, 5.97, 47337, 34
333, 1, 33, 43, 32, 5, 45.95%, 1, 0, 7, 0.00, 47490, 34
