# relative_time, cycles_done, cur_item, corpus_count, pending_total, pending_favs, map_size, saved_crashes, saved_hangs, max_depth, execs_per_sec, total_execs, edges_found
76, 0, 0, 14, 13, 0, 33.33%, 0, 0, 2, 4.53, 5878, 25
106, 0, 12, 15, 12, 2, 34.67%, 0, 0, 2, 4.98, 8588, 26
111, 0, 1, 18, 11, 0, 37.33%, 0, 0, 4, 707.25, 12117, 28
135, 0, 16, 18, 11, 0, 37.33%, 0, 0, 4, 1.29, 13386, 28
140, 0, 15, 18, 11, 0, 37.33%, 0, 0, 4, 708.01, 17010, 28
164, 0, 16, 18, 11, 0, 37.33%, 0, 0, 4, 0.58, 17180, 28
169, 1, 15, 19, 12, 0, 37.33%, 0, 0, 4, 679.94, 20686, 28
190, 1, 15, 19, 12, 0, 37.33%, 0, 0, 4, 4.83, 21069, 28
195, 1, 16, 21, 14, 0, 37.33%, 0, 0, 4, 706.21, 24615, 28
216, 1, 16, 22, 15, 0, 41.33%, 0, 0, 4, 7.70, 25429, 31
221, 1, 21, 26, 18, 0, 45.33%, 0, 0, 5, 743.02, 29117, 34
244, 1, 21, 26, 18, 0, 45.33%, 0, 0, 5, 6.95, 30262, 34
249, 1, 21, 26, 18, 0, 45.33%, 0, 0, 5, 728.01, 34029, 34
273, 1, 21, 26, 18, 0, 45.33%, 0, 0, 5, 0.61, 34716, 34
278, 1, 23, 29, 20, 3, 46.67%, 0, 0, 6, 792.70, 38837, 35
299, 1, 23, 29, 20, 3, 46.67%, 0, 0, 6, 5.23, 40251, 35
304, 1, 24, 31, 20, 1, 46.67%, 0, 0, 6, 748.13, 44132, 35
333, 1, 24, 36, 25, 1, 46.67%, 0, 0, 6, 3.37, 46117, 35
338, 1, 22, 40, 28, 0, 46.67%, 0, 0, 6, 817.41, 50277, 35
365, 1, 25, 41, 28, 0, 46.67%, 0, 0, 6, 3.74, 52243, 35
370, 1, 16, 42, 29, 0, 46.67%, 0, 0, 6, 692.27, 55822, 35
395, 1, 25, 42, 29, 0, 46.67%, 0, 0, 6, 5.80, 57156, 35
400, 1, 33, 43, 30, 0, 46.67%, 0, 0, 7, 734.85, 60873, 35
412, 1, 38, 44, 30, 0, 46.67%, 0, 0, 7, 13.35, 62312, 35
422, 1, 21, 44, 29, 0, 46.67%, 0, 0, 7, 6.23, 63191, 35
433, 1, 21, 44, 29, 0, 46.67%, 0, 0, 7, 0.92, 63201, 35
438, 1, 1, 48, 32, 0, 46.67%, 0, 0, 7, 789.20, 67183, 35
459, 2, 16, 49, 32, 0, 46.67%, 0, 0, 7, 4.95, 68525, 35
464, 2, 30, 49, 31, 0, 46.67%, 0, 0, 7, 726.71, 72470, 35
484, 2, 45, 49, 30, 0, 46.67%, 0, 0, 7, 8.28, 73841, 35
489, 2, 23, 49, 28, 0, 46.67%, 0, 0, 7, 736.48, 77646, 35
502, 2, 23, 49, 28, 0, 46.67%, 0, 0, 7, 12.98, 78262, 35
518, 2, 21, 49, 28, 0, 46.67%, 0, 0, 7, 5.70, 81684, 35
523, 2, 26, 50, 29, 0, 48.00%, 0, 0, 7, 745.13, 85596, 36
540, 2, 49, 51, 29, 0, 48.00%, 0, 0, 7, 3.61, 87481, 36
545, 2, 49, 53, 31, 0, 49.33%, 0, 0, 7, 766.30, 91470, 37
561, 2, 49, 53, 31, 0, 49.33%, 0, 0, 7, 6.49, 93525, 37
566, 2, 49, 53, 31, 0, 49.33%, 0, 0, 7, 815.47, 97624, 37
575, 2, 49, 53, 31, 0, 49.33%, 0, 0, 7, 2.47, 99541, 37
589, 2, 49, 55, 33, 0, 49.33%, 0, 0, 7, 8.52, 103037, 37
594, 2, 51, 55, 32, 0, 49.33%, 0, 0, 7, 820.67, 107288, 37
602, 2, 25, 55, 31, 0, 49.33%, 0, 0, 7, 7.63, 109346, 37
613, 2, 24, 64, 40, 0, 49.33%, 0, 0, 8, 20.05, 113511, 37
618, 2, 1, 71, 46, 0, 49.33%, 0, 0, 8, 808.19, 115950, 37
627, 2, 31, 73, 46, 0, 49.33%, 0, 0, 8, 30.71, 119474, 37
632, 2, 16, 79, 50, 0, 49.33%, 0, 0, 8, 843.07, 123679, 37
643, 2, 70, 80, 51, 0, 49.33%, 0, 0, 8, 19.53, 126433, 37
648, 2, 73, 83, 52, 0, 49.33%, 0, 0, 8, 811.92, 130610, 37
662, 2, 84, 87, 54, 0, 49.33%, 0, 0, 9, 6.01, 133705, 37
667, 3, 51, 89, 55, 0, 49.33%, 0, 0, 9, 791.67, 137813, 37
673, 3, 64, 91, 57, 0, 49.33%, 0, 0, 9, 29.24, 140984, 37
678, 3, 53, 91, 56, 0, 49.33%, 0, 0, 9, 760.36, 144802, 37
686, 3, 1, 92, 56, 0, 49.33%, 0, 0, 9, 17.99, 146694, 37
691, 3, 87, 92, 55, 0, 49.33%, 0, 0, 9, 750.98, 150358, 37
696, 3, 83, 95, 57, 0, 49.33%, 0, 0, 9, 696.47, 153639, 37
702, 3, 23, 96, 57, 0, 49.33%, 0, 0, 9, 770.89, 157647, 37
707, 3, 49, 96, 56, 0, 49.33%, 0, 0, 9, 21.66, 160040, 37
712, 3, 23, 96, 55, 0, 49.33%, 0, 0, 9, 800.53, 163956, 37
718, 3, 2, 96, 55, 0, 49.33%, 0, 0, 9, 622.32, 166528, 37
723, 3, 16, 96, 53, 0, 49.33%, 0, 0, 9, 714.29, 170345, 37
728, 3, 49, 96, 53, 0, 49.33%, 0, 0, 9, 703.45, 174000, 37
733, 3, 43, 96, 53, 0, 49.33%, 0, 0, 9, 709.73, 177550, 37
738, 3, 24, 96, 51, 0, 49.33%, 0, 0, 9, 740.23, 181262, 37
747, 3, 26, 96, 51, 0, 49.33%, 0, 0, 9, 13.81, 185088, 37
752, 3, 24, 96, 51, 0, 49.33%, 0, 0, 9, 724.20, 188888, 37
757, 4, 24, 96, 50, 0, 49.33%, 0, 0, 9, 752.40, 192701, 37
762, 4, 71, 96, 50, 0, 49.33%, 0, 0, 9, 726.40, 196342, 37
767, 4, 26, 96, 49, 0, 49.33%, 0, 0, 9, 717.31, 199837, 37
774, 4, 51, 96, 49, 0, 49.33%, 0, 0, 9, 14.74, 202488, 37
779, 4, 23, 97, 50, 0, 49.33%, 0, 0, 9, 699.59, 206048, 37
784, 4, 15, 98, 51, 0, 49.33%, 0, 0, 9, 688.02, 209562, 37
789, 4, 77, 98, 51, 0, 49.33%, 0, 0, 9, 692.20, 213154, 37
794, 4, 14, 98, 49, 0, 49.33%, 0, 0, 9, 692.35, 216729, 37
800, 4, 25, 99, 49, 0, 49.33%, 0, 0, 9, 74.93, 219878, 37
805, 4, 24, 100, 50, 0, 49.33%, 0, 0, 9, 685.78, 223329, 37
810, 4, 1, 100, 49, 0, 49.33%, 0, 0, 9, 690.73, 226685, 37
815, 4, 96, 100, 49, 0, 49.33%, 0, 0, 9, 716.61, 230450, 37
821, 4, 25, 101, 49, 0, 49.33%, 0, 0, 9, 547.38, 232822, 37
828, 4, 100, 101, 49, 0, 49.33%, 0, 0, 9, 1.75, 233898, 37
833, 4, 14, 101, 48, 0, 49.33%, 0, 0, 9, 492.93, 236228, 37
838, 4, 34, 101, 47, 0, 49.33%, 0, 0, 9, 636.54, 239783, 37
843, 5, 25, 101, 46, 0, 49.33%, 0, 0, 9, 705.18, 243568, 37
848, 5, 24, 101, 45, 0, 49.33%, 0, 0, 9, 724.34, 247265, 37
853, 5, 98, 101, 45, 0, 49.33%, 0, 0, 9, 540.31, 250003, 37
858, 5, 25, 101, 43, 0, 49.33%, 0, 0, 9, 631.48, 253254, 37
863, 5, 49, 101, 43, 0, 49.33%, 0, 0, 9, 703.44, 256882, 37
868, 5, 86, 101, 43, 0, 49.33%, 0, 0, 9, 736.78, 260637, 37
874, 5, 25, 102, 43, 0, 49.33%, 0, 0, 9, 707.25, 264136, 37
879, 5, 88, 102, 42, 0, 49.33%, 0, 0, 9, 567.55, 266941, 37
884, 5, 49, 102, 41, 0, 49.33%, 0, 0, 9, 676.94, 270389, 37
889, 5, 51, 102, 41, 0, 49.33%, 0, 0, 9, 707.64, 273862, 37
894, 5, 51, 102, 41, 0, 49.33%, 0, 0, 9, 680.51, 277072, 37
899, 5, 23, 103, 42, 0, 49.33%, 0, 0, 9, 615.87, 280157, 37
904, 5, 1, 103, 42, 0, 49.33%, 0, 0, 9, 685.50, 283798, 37
909, 5, 91, 103, 42, 0, 49.33%, 0, 0, 9, 518.85, 286429, 37
913, 5, 23, 103, 41, 0, 49.33%, 1, 0, 9, 0.00, 288819, 37
