# relative_time, cycles_done, cur_item, corpus_count, pending_total, pending_favs, map_size, saved_crashes, saved_hangs, max_depth, execs_per_sec, total_execs, edges_found
76, 0, 0, 9, 7, 0, 28.38%, 0, 0, 2, 1.65, 5677, 21
106, 0, 0, 9, 5, 0, 28.38%, 0, 0, 2, 1.73, 8034, 21
111, 0, 0, 9, 5, 0, 28.38%, 0, 0, 2, 596.05, 10565, 21
135, 1, 0, 9, 5, 0, 28.38%, 0, 0, 2, 3.87, 12112, 21
140, 1, 0, 9, 4, 0, 28.38%, 0, 0, 2, 610.16, 15263, 21
164, 1, 0, 9, 4, 0, 28.38%, 0, 0, 2, 5.52, 15398, 21
170, 2, 0, 13, 8, 0, 29.73%, 0, 0, 2, 166.74, 18611, 22
190, 2, 0, 13, 8, 0, 29.73%, 0, 0, 2, 0.74, 18843, 22
195, 2, 0, 15, 10, 0, 31.08%, 0, 0, 2, 616.12, 22001, 23
216, 2, 0, 15, 10, 0, 31.08%, 0, 0, 2, 6.08, 22709, 23
221, 2, 13, 21, 15, 2, 39.19%, 0, 0, 3, 662.76, 26022, 29
244, 2, 13, 22, 16, 2, 40.54%, 0, 0, 3, 6.62, 27095, 30
249, 2, 13, 24, 18, 2, 40.54%, 0, 0, 3, 648.63, 30463, 30
273, 2, 13, 25, 19, 2, 40.54%, 0, 0, 3, 5.66, 31055, 30
278, 2, 19, 29, 21, 5, 41.89%, 0, 0, 4, 738.78, 34874, 31
299, 2, 26, 31, 21, 4, 41.89%, 0, 0, 4, 3.40, 36155, 31
304, 2, 28, 35, 22, 2, 41.89%, 0, 0, 5, 437.81, 39729, 31
333, 2, 15, 40, 25, 0, 43.24%, 0, 0, 5, 3.71, 41554, 32
338, 2, 37, 43, 27, 0, 43.24%, 0, 0, 5, 773.25, 45476, 32
365, 2, 37, 45, 29, 0, 43.24%, 0, 0, 5, 0.59, 47205, 32
370, 2, 15, 47, 30, 0, 43.24%, 0, 0, 5, 593.53, 50248, 32
395, 2, 15, 47, 30, 0, 43.24%, 0, 0, 5, 4.62, 51460, 32
401, 2, 15, 48, 30, 0, 44.59%, 0, 0, 5, 651.97, 54747, 33
414, 2, 28, 48, 29, 0, 44.59%, 0, 0, 5, 7.27, 56014, 33
422, 2, 15, 50, 30, 0, 45.95%, 0, 0, 5, 5.81, 56784, 34
433, 2, 15, 50, 30, 0, 45.95%, 0, 0, 5, 0.19, 56786, 34
438, 2, 48, 52, 31, 0, 47.30%, 0, 0, 5, 718.83, 60418, 35
440, 2, 48, 54, 33, 0, 48.65%, 1, 0, 5, 0.00, 61283, 36
