# relative_time, cycles_done, cur_item, corpus_count, pending_total, pending_favs, map_size, saved_crashes, saved_hangs, max_depth, execs_per_sec, total_execs, edges_found
76, 0, 0, 16, 14, 0, 30.88%, 0, 0, 2, 3.91, 5773, 21
106, 0, 0, 18, 15, 0, 35.29%, 0, 0, 2, 1.73, 8337, 24
111, 0, 16, 24, 21, 0, 41.18%, 0, 0, 3, 699.98, 11402, 28
135, 0, 16, 25, 22, 0, 41.18%, 0, 0, 3, 0.46, 13212, 28
140, 0, 16, 28, 25, 0, 41.18%, 0, 0, 3, 726.97, 16954, 28
164, 0, 16, 28, 25, 0, 41.18%, 0, 0, 3, 1.15, 17140, 28
169, 0, 29, 34, 26, 0, 42.65%, 0, 0, 4, 711.16, 20841, 29
190, 0, 29, 35, 27, 0, 42.65%, 0, 0, 5, 1.72, 21184, 29
195, 0, 29, 37, 29, 0, 45.59%, 0, 0, 5, 739.36, 24908, 31
216, 0, 29, 38, 30, 0, 45.59%, 0, 0, 5, 5.68, 25692, 31
221, 0, 29, 40, 32, 0, 47.06%, 0, 0, 5, 773.19, 29531, 32
244, 0, 29, 40, 32, 0, 47.06%, 0, 0, 5, 0.05, 30792, 32
249, 0, 41, 43, 34, 3, 48.53%, 0, 0, 5, 765.06, 34722, 33
273, 0, 41, 44, 35, 3, 48.53%, 0, 0, 6, 3.93, 35479, 33
278, 0, 36, 46, 35, 1, 48.53%, 0, 0, 6, 813.00, 39698, 33
299, 0, 36, 49, 38, 1, 48.53%, 0, 0, 6, 9.35, 41286, 33
304, 0, 29, 52, 40, 0, 48.53%, 0, 0, 6, 789.48, 45391, 33
333, 0, 0, 53, 41, 0, 48.53%, 0, 0, 6, 6.57, 47297, 33
338, 0, 29, 53, 41, 0, 48.53%, 0, 0, 6, 827.42, 51661, 33
365, 0, 18, 53, 41, 0, 48.53%, 0, 0, 6, 5.37, 53591, 33
370, 0, 38, 54, 42, 0, 48.53%, 0, 0, 6, 685.22, 57114, 33
395, 0, 38, 54, 42, 0, 48.53%, 0, 0, 6, 5.86, 58628, 33
401, 0, 38, 54, 42, 0, 48.53%, 0, 0, 6, 727.15, 62296, 33
414, 0, 20, 54, 42, 0, 48.53%, 0, 0, 6, 6.07, 63686, 33
433, 0, 20, 54, 42, 0, 48.53%, 0, 0, 6, 3.32, 64555, 33
438, 0, 0, 56, 44, 0, 48.53%, 0, 0, 6, 778.10, 68584, 33
459, 0, 0, 56, 44, 0, 48.53%, 0, 0, 6, 3.73, 69814, 33
464, 0, 0, 56, 44, 0, 48.53%, 0, 0, 6, 745.27, 73789, 33
484, 0, 20, 56, 44, 0, 48.53%, 0, 0, 6, 8.60, 75206, 33
489, 0, 0, 56, 44, 0, 48.53%, 0, 0, 6, 756.32, 79114, 33
502, 0, 0, 56, 44, 0, 48.53%, 0, 0, 6, 13.69, 79759, 33
518, 0, 0, 56, 44, 0, 48.53%, 0, 0, 6, 12.22, 83314, 33
524, 0, 29, 56, 44, 0, 48.53%, 0, 0, 6, 780.84, 87362, 33
540, 0, 38, 56, 44, 0, 48.53%, 0, 0, 6, 3.32, 89271, 33
545, 0, 20, 56, 44, 0, 48.53%, 0, 0, 6, 783.01, 93293, 33
561, 0, 0, 56, 44, 0, 48.53%, 0, 0, 6, 11.83, 95408, 33
566, 0, 0, 56, 44, 0, 48.53%, 0, 0, 6, 818.46, 99536, 33
575, 0, 0, 56, 44, 0, 48.53%, 0, 0, 6, 23.17, 101410, 33
589, 0, 29, 56, 44, 0, 48.53%, 0, 0, 6, 16.48, 105086, 33
594, 0, 0, 56, 44, 0, 48.53%, 0, 0, 6, 828.17, 109384, 33
602, 0, 21, 56, 44, 0, 48.53%, 0, 0, 6, 26.96, 111431, 33
615, 1, 29, 59, 47, 0, 48.53%, 0, 0, 6, 17.57, 115629, 33
620, 1, 0, 60, 48, 0, 48.53%, 0, 0, 6, 811.82, 119765, 33
627, 1, 0, 62, 50, 0, 48.53%, 0, 0, 6, 3.45, 121769, 33
632, 1, 38, 62, 50, 0, 48.53%, 0, 0, 6, 803.52, 125907, 33
643, 1, 0, 64, 52, 0, 48.53%, 0, 0, 6, 2.22, 128786, 33
648, 1, 0, 64, 52, 0, 48.53%, 0, 0, 6, 818.47, 132912, 33
662, 1, 41, 65, 53, 0, 48.53%, 0, 0, 6, 3.59, 136167, 33
666, 1, 29, 65, 53, 0, 48.53%, 1, 0, 6, 0.00, 139490, 33
