# relative_time, cycles_done, cur_item, corpus_count, pending_total, pending_favs, map_size, saved_crashes, saved_hangs, max_depth, execs_per_sec, total_execs, edges_found
76, 0, 1, 9, 7, 0, 32.00%, 0, 0, 3, 4.52, 5867, 24
106, 0, 1, 9, 7, 0, 32.00%, 0, 0, 3, 4.88, 8453, 24
111, 0, 1, 9, 6, 0, 32.00%, 0, 0, 3, 706.96, 11487, 24
135, 1, 1, 9, 5, 0, 32.00%, 0, 0, 3, 0.41, 13370, 24
140, 1, 9, 15, 10, 0, 34.67%, 0, 0, 3, 734.86, 17173, 26
164, 1, 9, 15, 10, 0, 34.67%, 0, 0, 3, 6.86, 17341, 26
170, 1, 9, 17, 12, 0, 37.33%, 0, 0, 3, 722.24, 21093, 28
190, 1, 9, 17, 12, 0, 37.33%, 0, 0, 3, 1.37, 21429, 28
195, 1, 9, 18, 13, 0, 37.33%, 0, 0, 3, 746.78, 25214, 28
216, 1, 9, 19, 14, 0, 37.33%, 0, 0, 3, 5.33, 25989, 28
221, 1, 16, 20, 11, 0, 37.33%, 0, 0, 4, 779.49, 29847, 28
244, 1, 16, 22, 13, 0, 41.33%, 0, 0, 4, 4.00, 31129, 31
249, 1, 15, 23, 13, 0, 41.33%, 0, 0, 4, 774.28, 35119, 31
273, 1, 15, 23, 13, 0, 41.33%, 0, 0, 4, 3.06, 35870, 31
278, 1, 21, 26, 16, 0, 41.33%, 0, 0, 5, 821.63, 40176, 31
299, 1, 21, 26, 16, 0, 41.33%, 0, 0, 5, 9.35, 41753, 31
304, 1, 21, 27, 17, 0, 42.67%, 0, 0, 5, 799.45, 45895, 32
333, 1, 21, 27, 17, 0, 42.67%, 0, 0, 5, 6.01, 47830, 32
338, 1, 26, 31, 20, 0, 45.33%, 0, 0, 6, 829.52, 52206, 34
365, 1, 26, 31, 20, 0, 45.33%, 0, 0, 6, 5.33, 54158, 34
370, 1, 26, 32, 21, 0, 46.67%, 0, 0, 6, 693.35, 57720, 35
396, 1, 26, 32, 21, 0, 46.67%, 0, 0, 6, 4.69, 59233, 35
401, 1, 26, 32, 21, 0, 46.67%, 0, 0, 6, 734.36, 62933, 35
414, 1, 26, 33, 22, 0, 46.67%, 0, 0, 6, 7.79, 64336, 35
421, 1, 26, 36, 25, 0, 48.00%, 0, 0, 6, 7.71, 65197, 36
433, 1, 26, 36, 25, 0, 48.00%, 0, 0, 6, 0.75, 65211, 36
438, 1, 29, 40, 27, 1, 48.00%, 0, 0, 7, 782.40, 69167, 36
459, 1, 29, 41, 28, 1, 48.00%, 0, 0, 7, 0.18, 70492, 36
464, 1, 31, 43, 29, 0, 48.00%, 0, 0, 7, 764.26, 74421, 36
484, 1, 31, 45, 31, 0, 50.67%, 0, 0, 7, 7.31, 75909, 38
488, 1, 44, 46, 31, 1, 50.67%, 1, 0, 7, 0.00, 79256, 38
