# relative_time, cycles_done, cur_item, corpus_count, pending_total, pending_favs, map_size, saved_crashes, saved_hangs, max_depth, execs_per_sec, total_execs, edges_found
76, 0, 0, 9, 8, 0, 29.41%, 0, 0, 2, 2.72, 5880, 20
106, 0, 0, 9, 6, 0, 29.41%, 0, 0, 2, 0.94, 8497, 20
111, 1, 0, 9, 6, 0, 29.41%, 0, 0, 2, 698.78, 11504, 20
135, 1, 0, 9, 6, 0, 29.41%, 0, 0, 2, 0.25, 13369, 20
140, 2, 0, 9, 6, 0, 29.41%, 0, 0, 2, 717.40, 16999, 20
164, 2, 1, 9, 6, 0, 29.41%, 0, 0, 2, 5.61, 17290, 20
169, 2, 1, 15, 12, 0, 33.82%, 0, 0, 3, 710.52, 21000, 23
190, 2, 1, 16, 13, 0, 35.29%, 0, 0, 3, 2.06, 21357, 24
195, 2, 1, 16, 13, 0, 35.29%, 0, 0, 3, 740.81, 25067, 24
216, 2, 1, 16, 13, 0, 35.29%, 0, 0, 3, 6.83, 25865, 24
221, 2, 14, 19, 14, 3, 35.29%, 0, 0, 4, 773.22, 29695, 24
244, 2, 9, 20, 13, 1, 35.29%, 0, 0, 4, 0.20, 30938, 24
249, 2, 13, 23, 13, 0, 41.18%, 0, 0, 4, 763.13, 34869, 28
273, 2, 13, 25, 15, 0, 41.18%, 0, 0, 4, 3.45, 35617, 28
278, 2, 20, 27, 17, 0, 41.18%, 0, 0, 4, 805.01, 39814, 28
299, 2, 20, 27, 17, 0, 41.18%, 0, 0, 4, 0.79, 41392, 28
304, 2, 25, 28, 18, 0, 42.65%, 0, 0, 5, 780.74, 45451, 29
333, 2, 22, 33, 21, 0, 45.59%, 0, 0, 5, 6.57, 47365, 31
338, 2, 22, 34, 22, 0, 45.59%, 0, 0, 5, 824.91, 51580, 31
365, 2, 22, 34, 22, 0, 45.59%, 0, 0, 5, 4.75, 53621, 31
370, 2, 31, 39, 26, 1, 45.59%, 0, 0, 6, 678.02, 57078, 31
395, 2, 31, 39, 26, 1, 45.59%, 0, 0, 6, 1.18, 58620, 31
400, 2, 31, 39, 26, 1, 45.59%, 0, 0, 6, 723.36, 62260, 31
414, 2, 13, 40, 26, 0, 45.59%, 0, 0, 6, 8.39, 63670, 31
422, 2, 32, 43, 29, 0, 47.06%, 0, 0, 6, 6.23, 64530, 32
433, 2, 32, 43, 29, 0, 47.06%, 0, 0, 6, 0.55, 64536, 32
438, 2, 32, 44, 30, 0, 47.06%, 0, 0, 6, 772.81, 68467, 32
459, 2, 32, 44, 30, 0, 47.06%, 0, 0, 6, 0.12, 69763, 32
464, 2, 13, 46, 31, 0, 47.06%, 0, 0, 6, 731.58, 73708, 32
484, 2, 27, 48, 33, 0, 48.53%, 0, 0, 6, 7.58, 75101, 33
489, 2, 27, 49, 34, 0, 50.00%, 0, 0, 6, 754.20, 78940, 34
502, 2, 27, 49, 34, 0, 50.00%, 0, 0, 6, 1.26, 79600, 34
518, 2, 27, 50, 35, 0, 50.00%, 0, 0, 6, 9.25, 83086, 34
524, 2, 41, 51, 34, 0, 50.00%, 0, 0, 6, 750.05, 87156, 34
540, 2, 41, 52, 35, 0, 50.00%, 0, 0, 7, 4.49, 88977, 34
545, 2, 46, 54, 37, 0, 51.47%, 0, 0, 7, 777.73, 92958, 35
553, 2, 13, 57, 39, 0, 51.47%, 0, 0, 7, 2.72, 95067, 35
561, 2, 13, 57, 39, 0, 51.47%, 0, 0, 7, 0.25, 95069, 35
566, 2, 10, 58, 40, 0, 51.47%, 0, 0, 7, 803.84, 99091, 35
575, 2, 48, 58, 39, 0, 51.47%, 0, 0, 7, 9.42, 101019, 35
576, 2, 48, 58, 39, 0, 51.47%, 1, 0, 7, 0.00, 101340, 35
