# relative_time, cycles_done, cur_item, corpus_count, pending_total, pending_favs, map_size, saved_crashes, saved_hangs, max_depth, execs_per_sec, total_execs, edges_found
76, 0, 0, 8, 7, 0, 32.00%, 0, 0, 2, 1.86, 5686, 24
106, 0, 8, 11, 7, 0, 33.33%, 0, 0, 4, 6.38, 8847, 25
112, 0, 8, 16, 12, 0, 36.00%, 0, 0, 4, 785.14, 12887, 27
135, 0, 15, 20, 15, 1, 41.33%, 0, 0, 5, 6.20, 14179, 31
140, 0, 15, 21, 16, 1, 41.33%, 0, 0, 5, 780.00, 18101, 31
164, 0, 15, 21, 16, 1, 41.33%, 0, 0, 5, 4.90, 18401, 31
170, 0, 15, 23, 18, 1, 42.67%, 0, 0, 5, 787.98, 22435, 32
190, 0, 15, 23, 18, 1, 42.67%, 0, 0, 5, 7.19, 22763, 32
196, 0, 13, 28, 19, 0, 44.00%, 0, 0, 6, 819.91, 26987, 33
216, 0, 13, 29, 20, 0, 44.00%, 0, 0, 6, 6.49, 27650, 33
221, 0, 13, 29, 20, 0, 44.00%, 0, 0, 6, 832.91, 31778, 33
244, 0, 13, 29, 20, 0, 44.00%, 0, 0, 6, 5.20, 33122, 33
249, 0, 29, 36, 26, 1, 45.33%, 0, 0, 6, 811.58, 37307, 34
273, 0, 27, 36, 25, 0, 45.33%, 0, 0, 6, 1.97, 38045, 34
273, 0, 27, 36, 25, 0, 45.33%, 0, 0, 6, 0.15, 38046, 34
278, 0, 21, 39, 27, 0, 46.67%, 0, 0, 6, 841.31, 42442, 35
299, 0, 8, 40, 28, 0, 46.67%, 0, 0, 6, 6.58, 44091, 35
304, 0, 8, 43, 30, 0, 46.67%, 0, 0, 6, 804.54, 48214, 35
320, 0, 36, 45, 32, 0, 46.67%, 0, 0, 6, 8.38, 50304, 35
333, 0, 36, 45, 32, 0, 46.67%, 0, 0, 6, 0.15, 50306, 35
338, 0, 19, 47, 34, 0, 46.67%, 0, 0, 6, 844.51, 54731, 35
365, 0, 8, 47, 34, 0, 46.67%, 0, 0, 6, 4.83, 56751, 35
370, 1, 8, 47, 34, 0, 46.67%, 0, 0, 6, 793.04, 60925, 35
396, 1, 33, 47, 33, 0, 46.67%, 0, 0, 6, 2.02, 62582, 35
401, 1, 8, 48, 31, 0, 46.67%, 0, 0, 6, 837.36, 66908, 35
414, 1, 8, 48, 30, 0, 46.67%, 0, 0, 6, 2.79, 68372, 35
422, 1, 27, 48, 30, 0, 46.67%, 0, 0, 6, 7.05, 69317, 35
433, 1, 27, 48, 30, 0, 46.67%, 0, 0, 6, 0.55, 69323, 35
438, 1, 27, 49, 30, 0, 48.00%, 0, 0, 6, 852.45, 73797, 36
459, 1, 48, 52, 33, 0, 53.33%, 0, 0, 7, 3.41, 75310, 40
464, 1, 48, 53, 34, 0, 53.33%, 0, 0, 7, 804.76, 79557, 40
484, 1, 48, 53, 34, 0, 53.33%, 0, 0, 7, 1.75, 81157, 40
489, 1, 48, 56, 37, 0, 54.67%, 0, 0, 7, 828.99, 85415, 41
502, 1, 48, 56, 37, 0, 54.67%, 0, 0, 7, 11.94, 86102, 41
504, 1, 51, 57, 37, 3, 54.67%, 1, 0, 8, 0.00, 87499, 41
