# relative_time, cycles_done, cur_item, corpus_count, pending_total, pending_favs, map_size, saved_crashes, saved_hangs, max_depth, execs_per_sec, total_execs, edges_found
76, 0, 1, 13, 11, 0, 29.73%, 0, 0, 3, 1.24, 5475, 22
106, 0, 1, 13, 11, 0, 29.73%, 0, 0, 3, 1.18, 7767, 22
111, 0, 1, 13, 11, 0, 29.73%, 0, 0, 3, 560.05, 10193, 22
135, 0, 1, 15, 13, 0, 31.08%, 0, 0, 3, 2.54, 11658, 23
140, 0, 12, 19, 15, 2, 36.49%, 0, 0, 4, 561.15, 14601, 27
164, 0, 12, 20, 16, 2, 36.49%, 0, 0, 4, 4.78, 14718, 27
170, 0, 14, 24, 15, 1, 37.84%, 0, 0, 5, 551.60, 17596, 28
190, 0, 3, 24, 15, 1, 37.84%, 0, 0, 5, 0.98, 17855, 28
195, 0, 24, 27, 16, 0, 39.19%, 0, 0, 5, 569.66, 20771, 29
216, 0, 24, 28, 17, 0, 40.54%, 0, 0, 5, 2.23, 21350, 30
221, 0, 24, 30, 19, 0, 43.24%, 0, 0, 5, 595.75, 24312, 32
244, 0, 24, 32, 21, 0, 44.59%, 0, 0, 5, 4.45, 25217, 33
249, 0, 24, 32, 21, 0, 44.59%, 0, 0, 5, 575.73, 28220, 33
273, 0, 24, 32, 21, 0, 44.59%, 0, 0, 5, 5.74, 28748, 33
278, 0, 25, 34, 22, 4, 44.59%, 0, 0, 5, 617.39, 31889, 33
299, 0, 27, 35, 22, 3, 44.59%, 0, 0, 5, 4.45, 33143, 33
304, 0, 22, 39, 23, 0, 44.59%, 0, 0, 5, 587.43, 36191, 33
333, 0, 22, 40, 24, 0, 44.59%, 0, 0, 6, 3.66, 37767, 33
338, 0, 29, 42, 26, 0, 45.95%, 0, 0, 6, 631.15, 41115, 34
365, 0, 29, 43, 27, 0, 45.95%, 0, 0, 6, 2.00, 42586, 34
370, 0, 1, 43, 26, 0, 45.95%, 0, 0, 6, 558.28, 45516, 34
395, 0, 1, 43, 26, 0, 45.95%, 0, 0, 6, 4.33, 46598, 34
401, 0, 41, 46, 29, 0, 45.95%, 0, 0, 6, 593.15, 49611, 34
414, 0, 41, 46, 29, 0, 45.95%, 0, 0, 6, 9.30, 50772, 34
422, 0, 41, 46, 29, 0, 45.95%, 0, 0, 6, 6.62, 51468, 34
433, 0, 41, 46, 29, 0, 45.95%, 0, 0, 6, 0.37, 51472, 34
438, 0, 41, 47, 30, 0, 45.95%, 0, 0, 6, 622.29, 54747, 34
459, 0, 41, 47, 30, 0, 45.95%, 0, 0, 6, 0.06, 55747, 34
464, 0, 28, 47, 30, 0, 45.95%, 0, 0, 6, 580.70, 58877, 34
484, 0, 1, 47, 30, 0, 45.95%, 0, 0, 6, 0.66, 59998, 34
489, 0, 1, 49, 32, 0, 45.95%, 0, 0, 6, 590.88, 63012, 34
502, 0, 1, 49, 32, 0, 45.95%, 0, 0, 6, 1.84, 63533, 34
519, 0, 25, 53, 35, 0, 47.30%, 0, 0, 6, 3.59, 66249, 35
521, 0, 49, 54, 36, 0, 48.65%, 1, 0, 6, 0.00, 67579, 36
