# relative_time, cycles_done, cur_item, corpus_count, pending_total, pending_favs, map_size, saved_crashes, saved_hangs, max_depth, execs_per_sec, total_execs, edges_found
64, 3, 16, 23, 16, 0, 35.29%, 0, 0, 5, 920.69, 44997, 24
69, 3, 16, 26, 19, 0, 35.29%, 0, 0, 5, 909.82, 49508, 24
74, 3, 26, 30, 21, 0, 35.29%, 0, 0, 7, 918.15, 54092, 24
79, 3, 0, 30, 19, 0, 35.29%, 0, 0, 7, 928.65, 58738, 24
84, 3, 0, 30, 19, 0, 35.29%, 0, 0, 7, 930.32, 63508, 24
89, 4, 16, 30, 18, 0, 35.29%, 0, 0, 7, 934.58, 68160, 24
94, 4, 0, 30, 18, 0, 35.29%, 0, 0, 7, 941.19, 72873, 24
99, 4, 0, 30, 18, 0, 35.29%, 0, 0, 7, 944.65, 77617, 24
104, 5, 0, 30, 18, 0, 35.29%, 0, 0, 7, 937.94, 82334, 24
110, 5, 0, 30, 18, 0, 35.29%, 0, 0, 7, 933.78, 87149, 24
115, 5, 0, 30, 18, 0, 35.29%, 0, 0, 7, 918.14, 91820, 24
120, 6, 0, 30, 17, 0, 35.29%, 0, 0, 7, 913.12, 96430, 24
125, 6, 0, 30, 17, 0, 35.29%, 0, 0, 7, 910.50, 101039, 24
130, 6, 0, 30, 17, 0, 35.29%, 0, 0, 7, 907.96, 105622, 24
135, 7, 0, 30, 17, 0, 35.29%, 0, 0, 7, 904.94, 110204, 24
140, 7, 0, 31, 16, 0, 39.71%, 0, 0, 7, 902.80, 114804, 27
145, 7, 0, 31, 16, 0, 39.71%, 0, 0, 7, 910.44, 119574, 27
150, 7, 30, 34, 19, 0, 41.18%, 0, 0, 7, 917.38, 124213, 28
155, 7, 30, 34, 19, 0, 41.18%, 0, 0, 7, 911.56, 128851, 28
160, 7, 30, 34, 18, 0, 41.18%, 0, 0, 7, 909.88, 133421, 28
165, 7, 30, 34, 18, 0, 41.18%, 0, 0, 7, 904.92, 138078, 28
170, 8, 0, 34, 18, 0, 41.18%, 0, 0, 7, 899.59, 142588, 28
175, 8, 0, 34, 18, 0, 41.18%, 0, 0, 7, 893.62, 147059, 28
180, 8, 33, 37, 21, 0, 42.65%, 0, 0, 8, 894.94, 151680, 29
186, 8, 33, 40, 24, 0, 47.06%, 0, 0, 8, 901.04, 156342, 32
191, 8, 33, 42, 26, 0, 47.06%, 0, 0, 8, 900.93, 160987, 32
196, 8, 33, 42, 26, 0, 47.06%, 0, 0, 8, 900.75, 165465, 32
201, 8, 35, 44, 27, 3, 47.06%, 0, 0, 9, 905.42, 170154, 32
206, 8, 38, 49, 31, 2, 47.06%, 0, 0, 9, 910.70, 174766, 32
211, 8, 37, 53, 34, 1, 48.53%, 0, 0, 9, 912.95, 179354, 33
212, 8, 37, 53, 34, 1, 48.53%, 1, 0, 9, 0.00, 179895, 33
