# relative_time, cycles_done, cur_item, corpus_count, pending_total, pending_favs, map_size, saved_crashes, saved_hangs, max_depth, execs_per_sec, total_execs, edges_found
76, 0, 0, 20, 20, 1, 40.54%, 0, 0, 2, 1.45, 5753, 30
106, 0, 0, 21, 21, 1, 41.89%, 0, 0, 2, 3.60, 8758, 31
111, 0, 0, 21, 21, 1, 41.89%, 0, 0, 2, 752.56, 11978, 31
135, 0, 0, 21, 21, 1, 41.89%, 0, 0, 2, 7.57, 13962, 31
140, 0, 0, 22, 22, 1, 41.89%, 0, 0, 2, 367.07, 17899, 31
164, 0, 0, 22, 22, 1, 41.89%, 0, 0, 2, 6.60, 18061, 31
170, 0, 0, 22, 22, 1, 41.89%, 0, 0, 2, 528.26, 21959, 31
190, 0, 0, 22, 22, 1, 41.89%, 0, 0, 2, 8.24, 22299, 31
192, 0, 0, 23, 23, 1, 43.24%, 1, 0, 2, 0.00, 24018, 32
