# relative_time, cycles_done, cur_item, corpus_count, pending_total, pending_favs, map_size, saved_crashes, saved_hangs, max_depth, execs_per_sec, total_execs, edges_found
76, 0, 0, 25, 25, 1, 45.33%, 0, 0, 2, 3.30, 5745, 34
106, 0, 0, 26, 26, 1, 46.67%, 0, 0, 2, 0.46, 8338, 35
111, 0, 0, 27, 27, 1, 46.67%, 0, 0, 2, 704.03, 11851, 35
135, 0, 0, 27, 27, 1, 46.67%, 0, 0, 2, 2.59, 13139, 35
140, 0, 0, 27, 27, 1, 46.67%, 0, 0, 2, 711.31, 16835, 35
164, 0, 0, 27, 27, 1, 46.67%, 0, 0, 2, 0.58, 17003, 35
169, 0, 0, 28, 28, 1, 48.00%, 0, 0, 2, 700.25, 20648, 36
190, 0, 0, 28, 28, 1, 48.00%, 0, 0, 2, 2.06, 21000, 36
195, 0, 0, 28, 28, 1, 48.00%, 0, 0, 2, 723.06, 24669, 36
216, 0, 0, 28, 28, 1, 48.00%, 0, 0, 2, 5.68, 25439, 36
220, 0, 0, 28, 28, 1, 48.00%, 1, 0, 2, 0.00, 28352, 36
