# relative_time, cycles_done, cur_item, corpus_count, pending_total, pending_favs, map_size, saved_crashes, saved_hangs, max_depth, execs_per_sec, total_execs, edges_found
76, 0, 0, 12, 11, 0, 29.73%, 0, 0, 2, 3.05, 5486, 22
106, 0, 7, 13, 10, 1, 29.73%, 0, 0, 3, 3.20, 7783, 22
112, 0, 14, 19, 14, 0, 36.49%, 0, 0, 4, 569.60, 10737, 27
135, 0, 14, 20, 15, 0, 37.84%, 0, 0, 4, 4.05, 11679, 28
140, 0, 14, 22, 17, 0, 37.84%, 0, 0, 4, 570.21, 14542, 28
164, 0, 14, 22, 17, 0, 37.84%, 0, 0, 4, 4.04, 14773, 28
170, 0, 14, 27, 22, 0, 41.89%, 0, 0, 4, 733.09, 18641, 31
190, 0, 14, 27, 22, 0, 41.89%, 0, 0, 4, 8.25, 18989, 31
196, 0, 23, 35, 29, 6, 44.59%, 0, 0, 5, 816.92, 23176, 33
216, 0, 23, 35, 29, 6, 44.59%, 0, 0, 5, 6.49, 23832, 33
221, 0, 23, 37, 31, 6, 44.59%, 0, 0, 5, 823.85, 27926, 33
244, 0, 23, 38, 32, 6, 44.59%, 0, 0, 5, 3.68, 29233, 33
249, 0, 34, 45, 34, 3, 45.95%, 0, 0, 6, 797.39, 33367, 34
273, 0, 34, 45, 34, 3, 45.95%, 0, 0, 6, 1.40, 34109, 34
278, 0, 29, 46, 34, 3, 45.95%, 0, 0, 6, 828.41, 38468, 34
299, 0, 43, 47, 33, 1, 45.95%, 0, 0, 7, 7.00, 40088, 34
304, 0, 26, 49, 34, 0, 45.95%, 0, 0, 7, 798.11, 44169, 34
333, 0, 24, 50, 35, 0, 45.95%, 0, 0, 7, 5.49, 46229, 34
338, 0, 29, 52, 37, 0, 45.95%, 0, 0, 7, 834.88, 50627, 34
365, 0, 30, 52, 37, 0, 45.95%, 0, 0, 7, 0.67, 52606, 34
370, 0, 34, 53, 38, 0, 45.95%, 0, 0, 7, 779.21, 56560, 34
395, 0, 26, 54, 39, 0, 45.95%, 0, 0, 7, 1.01, 58373, 34
401, 0, 24, 54, 39, 0, 45.95%, 0, 0, 7, 828.18, 62663, 34
414, 0, 1, 54, 39, 0, 45.95%, 0, 0, 7, 15.12, 64092, 34
422, 0, 1, 54, 39, 0, 45.95%, 0, 0, 7, 6.78, 65033, 34
433, 0, 1, 54, 39, 0, 45.95%, 0, 0, 7, 0.09, 65034, 34
438, 1, 24, 54, 39, 0, 45.95%, 0, 0, 7, 842.81, 69299, 34
459, 1, 30, 54, 39, 0, 45.95%, 0, 0, 7, 4.47, 70953, 34
464, 1, 30, 55, 40, 0, 45.95%, 0, 0, 7, 794.18, 75195, 34
484, 1, 24, 55, 40, 0, 45.95%, 0, 0, 7, 7.58, 76761, 34
489, 1, 17, 55, 40, 0, 45.95%, 0, 0, 7, 818.28, 80951, 34
502, 1, 53, 56, 41, 0, 47.30%, 0, 0, 7, 13.24, 81653, 35
518, 1, 1, 56, 39, 0, 47.30%, 0, 0, 7, 5.23, 85415, 35
521, 1, 55, 56, 38, 0, 47.30%, 1, 0, 7, 0.00, 87715, 35
