# relative_time, cycles_done, cur_item, corpus_count, pending_total, pending_favs, map_size, saved_crashes, saved_hangs, max_depth, execs_per_sec, total_execs, edges_found
76, 0, 0, 10, 9, 0, 30.88%, 0, 0, 2, 4.77, 5845, 21
106, 0, 6, 15, 11, 0, 30.88%, 0, 0, 3, 1.60, 9023, 21
112, 0, 16, 19, 14, 0, 35.29%, 0, 0, 4, 794.87, 13141, 24
135, 0, 16, 19, 14, 0, 35.29%, 0, 0, 4, 2.95, 14439, 24
140, 0, 17, 19, 12, 0, 35.29%, 0, 0, 4, 801.85, 18564, 24
164, 0, 17, 19, 12, 0, 35.29%, 0, 0, 4, 6.28, 18718, 24
169, 1, 18, 19, 12, 0, 35.29%, 0, 0, 4, 799.47, 22765, 24
190, 1, 18, 19, 12, 0, 35.29%, 0, 0, 4, 0.78, 23139, 24
195, 1, 16, 22, 14, 0, 39.71%, 0, 0, 5, 830.50, 27291, 27
216, 1, 17, 23, 15, 0, 39.71%, 0, 0, 5, 4.07, 28082, 27
221, 1, 19, 23, 15, 0, 39.71%, 0, 0, 5, 841.43, 32421, 27
244, 1, 19, 23, 15, 0, 39.71%, 0, 0, 5, 5.99, 33608, 27
249, 1, 23, 26, 17, 0, 44.12%, 0, 0, 7, 826.36, 37862, 30
273, 1, 23, 26, 17, 0, 44.12%, 0, 0, 7, 2.80, 38630, 30
278, 1, 23, 26, 17, 0, 44.12%, 0, 0, 7, 857.48, 43079, 30
299, 1, 23, 26, 17, 0, 44.12%, 0, 0, 7, 7.52, 44774, 30
304, 1, 23, 27, 18, 0, 45.59%, 0, 0, 7, 817.64, 48940, 31
333, 1, 23, 28, 19, 0, 45.59%, 0, 0, 7, 5.46, 51065, 31
338, 1, 25, 35, 24, 1, 45.59%, 0, 0, 8, 857.11, 55550, 31
365, 1, 23, 35, 23, 0, 45.59%, 0, 0, 8, 4.50, 57595, 31
368, 1, 17, 37, 25, 0, 45.59%, 1, 0, 8, 0.00, 60744, 31
