# relative_time, cycles_done, cur_item, corpus_count, pending_total, pending_favs, map_size, saved_crashes, saved_hangs, max_depth, execs_per_sec, total_execs, edges_found
63, 0, 0, 22, 22, 1, 38.24%, 0, 0, 2, 908.55, 42852, 26
68, 0, 0, 22, 22, 1, 38.24%, 0, 0, 2, 907.98, 47370, 26
73, 0, 0, 23, 23, 1, 39.71%, 0, 0, 2, 908.25, 51877, 27
78, 0, 0, 26, 26, 1, 41.18%, 0, 0, 2, 911.95, 56434, 28
83, 0, 0, 27, 27, 1, 42.65%, 0, 0, 2, 914.54, 61013, 29
89, 0, 0, 27, 27, 1, 42.65%, 0, 0, 2, 919.43, 65729, 29
94, 0, 0, 28, 28, 1, 42.65%, 0, 0, 2, 920.86, 70344, 29
99, 0, 0, 29, 29, 1, 42.65%, 0, 0, 2, 921.65, 75031, 29
104, 0, 0, 29, 29, 1, 42.65%, 0, 0, 2, 916.98, 79639, 29
109, 0, 0, 29, 29, 1, 42.65%, 0, 0, 2, 914.19, 84247, 29
114, 0, 0, 29, 29, 1, 42.65%, 0, 0, 2, 917.09, 88837, 29
119, 0, 18, 34, 29, 5, 45.59%, 0, 0, 3, 900.68, 93433, 31
124, 0, 0, 36, 26, 0, 45.59%, 0, 0, 3, 898.39, 97958, 31
129, 0, 0, 37, 27, 0, 45.59%, 0, 0, 3, 891.74, 102497, 31
134, 0, 0, 38, 28, 0, 45.59%, 0, 0, 3, 886.84, 107045, 31
139, 1, 0, 39, 27, 0, 45.59%, 0, 0, 4, 889.82, 111570, 31
144, 1, 0, 39, 27, 0, 45.59%, 0, 0, 4, 896.20, 116199, 31
149, 1, 0, 39, 27, 0, 45.59%, 0, 0, 4, 899.26, 120843, 31
154, 1, 0, 39, 27, 0, 45.59%, 0, 0, 4, 895.07, 125367, 31
159, 2, 30, 39, 27, 0, 45.59%, 0, 0, 4, 891.82, 129855, 31
164, 2, 0, 39, 27, 0, 45.59%, 0, 0, 4, 888.74, 134333, 31
169, 2, 0, 42, 29, 0, 45.59%, 0, 0, 5, 894.37, 138805, 31
175, 2, 0, 42, 29, 0, 45.59%, 0, 0, 5, 894.63, 143400, 31
180, 3, 0, 42, 29, 0, 45.59%, 0, 0, 5, 892.39, 148027, 31
185, 3, 0, 42, 28, 0, 45.59%, 0, 0, 5, 886.33, 152629, 31
190, 3, 0, 42, 28, 0, 45.59%, 0, 0, 5, 899.64, 157287, 31
195, 3, 0, 43, 29, 0, 45.59%, 0, 0, 5, 899.20, 161883, 31
200, 4, 0, 43, 28, 0, 45.59%, 0, 0, 5, 903.15, 166386, 31
205, 4, 0, 43, 28, 0, 45.59%, 0, 0, 5, 906.57, 170904, 31
211, 4, 0, 43, 28, 0, 45.59%, 0, 0, 5, 908.56, 175620, 31
216, 4, 0, 43, 28, 0, 45.59%, 0, 0, 5, 893.23, 180073, 31
221, 5, 0, 43, 28, 0, 45.59%, 0, 0, 5, 893.88, 184716, 31
226, 5, 0, 44, 29, 0, 45.59%, 0, 0, 5, 890.44, 189163, 31
231, 5, 0, 44, 29, 0, 45.59%, 0, 0, 5, 887.55, 193635, 31
236, 5, 0, 44, 29, 0, 45.59%, 0, 0, 5, 890.65, 198091, 31
241, 5, 0, 44, 29, 0, 45.59%, 0, 0, 5, 890.63, 202532, 31
246, 6, 0, 44, 29, 0, 45.59%, 0, 0, 5, 947.00, 207483, 31
251, 6, 0, 44, 29, 0, 45.59%, 0, 0, 5, 960.76, 212396, 31
256, 6, 44, 47, 31, 0, 50.00%, 0, 0, 5, 955.13, 217187, 34
261, 6, 44, 48, 32, 0, 50.00%, 0, 0, 5, 948.12, 221922, 34
266, 6, 46, 50, 33, 1, 50.00%, 1, 0, 5, 903.43, 226631, 34
266, 6, 46, 50, 33, 1, 50.00%, 1, 0, 5, 0.00, 226631, 34
