# relative_time, cycles_done, cur_item, corpus_count, pending_total, pending_favs, map_size, saved_crashes, saved_hangs, max_depth, execs_per_sec, total_execs, edges_found
76, 0, 0, 11, 10, 0, 29.41%, 0, 0, 2, 3.09, 5653, 20
106, 0, 11, 13, 9, 0, 29.41%, 0, 0, 4, 4.37, 8390, 20
111, 0, 11, 18, 14, 0, 35.29%, 0, 0, 4, 707.00, 11863, 24
135, 0, 11, 19, 15, 0, 35.29%, 0, 0, 4, 4.51, 13200, 24
140, 0, 11, 23, 19, 0, 39.71%, 0, 0, 4, 336.48, 16826, 27
164, 0, 11, 23, 19, 0, 39.71%, 0, 0, 4, 6.38, 16982, 27
169, 0, 21, 29, 24, 4, 44.12%, 0, 0, 5, 685.36, 20591, 30
190, 0, 21, 29, 24, 4, 44.12%, 0, 0, 5, 6.96, 20877, 30
195, 0, 21, 30, 25, 4, 44.12%, 0, 0, 5, 707.44, 24442, 30
216, 0, 26, 32, 25, 6, 44.12%, 0, 0, 6, 6.35, 25230, 30
221, 0, 20, 41, 31, 3, 44.12%, 0, 0, 6, 742.33, 28909, 30
244, 0, 14, 41, 29, 1, 44.12%, 0, 0, 6, 5.38, 30046, 30
249, 0, 17, 43, 30, 0, 44.12%, 0, 0, 6, 724.50, 33802, 30
272, 0, 24, 43, 30, 0, 44.12%, 0, 0, 6, 0.61, 34479, 30
277, 0, 24, 43, 30, 0, 44.12%, 0, 0, 6, 790.75, 38480, 30
299, 0, 17, 43, 30, 0, 44.12%, 0, 0, 6, 6.69, 40028, 30
304, 0, 27, 46, 33, 0, 45.59%, 0, 0, 6, 746.97, 43926, 31
319, 0, 27, 46, 33, 0, 45.59%, 0, 0, 6, 4.21, 45874, 31
333, 0, 27, 46, 33, 0, 45.59%, 0, 0, 6, 0.15, 45876, 31
338, 0, 45, 48, 34, 0, 45.59%, 0, 0, 7, 819.93, 50169, 31
365, 0, 26, 49, 35, 0, 45.59%, 0, 0, 7, 3.37, 52014, 31
370, 0, 17, 49, 35, 0, 45.59%, 0, 0, 7, 681.53, 55581, 31
395, 0, 2, 49, 35, 0, 45.59%, 0, 0, 7, 0.55, 56931, 31
400, 0, 14, 51, 37, 0, 45.59%, 0, 0, 7, 735.42, 60645, 31
414, 1, 2, 51, 36, 0, 45.59%, 0, 0, 7, 12.56, 62109, 31
422, 1, 2, 51, 36, 0, 45.59%, 0, 0, 7, 5.82, 62979, 31
433, 1, 2, 51, 36, 0, 45.59%, 0, 0, 7, 0.92, 62989, 31
438, 1, 45, 51, 35, 0, 45.59%, 0, 0, 7, 791.19, 67119, 31
459, 1, 26, 51, 35, 0, 45.59%, 0, 0, 7, 3.78, 68343, 31
464, 1, 20, 51, 35, 0, 45.59%, 0, 0, 7, 729.35, 72293, 31
484, 1, 27, 51, 34, 0, 45.59%, 0, 0, 7, 8.38, 73666, 31
489, 1, 24, 51, 34, 0, 45.59%, 0, 0, 7, 737.01, 77465, 31
502, 1, 45, 51, 34, 0, 45.59%, 0, 0, 7, 0.08, 78099, 31
518, 1, 14, 51, 34, 0, 45.59%, 0, 0, 7, 7.80, 81538, 31
524, 1, 25, 52, 33, 0, 47.06%, 0, 0, 7, 727.11, 85540, 32
539, 1, 27, 52, 32, 0, 47.06%, 0, 0, 7, 2.21, 87348, 32
544, 1, 51, 54, 34, 0, 48.53%, 0, 0, 7, 767.28, 91311, 33
561, 1, 53, 54, 33, 0, 48.53%, 0, 0, 7, 12.89, 93408, 33
566, 1, 55, 59, 37, 1, 51.47%, 0, 0, 9, 815.39, 97631, 35
575, 1, 53, 59, 36, 0, 51.47%, 0, 0, 9, 4.64, 99399, 35
589, 1, 57, 59, 36, 0, 51.47%, 0, 0, 9, 11.61, 102885, 35
590, 1, 57, 59, 36, 0, 51.47%, 1, 0, 9, 0.00, 104042, 35
