# relative_time, cycles_done, cur_item, corpus_count, pending_total, pending_favs, map_size, saved_crashes, saved_hangs, max_depth, execs_per_sec, total_execs, edges_found
76, 0, 0, 20, 20, 1, 40.54%, 0, 0, 2, 3.94, 6077, 30
106, 0, 0, 21, 21, 1, 40.54%, 0, 0, 2, 1.07, 9220, 30
111, 0, 0, 21, 21, 1, 40.54%, 0, 0, 2, 783.78, 13197, 30
135, 0, 0, 21, 21, 1, 40.54%, 0, 0, 2, 1.39, 14547, 30
140, 0, 0, 21, 21, 1, 40.54%, 0, 0, 2, 778.14, 18597, 30
164, 0, 0, 21, 21, 1, 40.54%, 0, 0, 2, 6.11, 18747, 30
170, 0, 0, 21, 21, 1, 40.54%, 0, 0, 2, 781.43, 22737, 30
190, 0, 0, 21, 21, 1, 40.54%, 0, 0, 2, 8.73, 23097, 30
195, 0, 0, 22, 22, 1, 40.54%, 0, 0, 2, 814.63, 27163, 30
216, 0, 0, 22, 22, 1, 40.54%, 0, 0, 2, 5.68, 27979, 30
221, 0, 0, 22, 22, 1, 40.54%, 0, 0, 2, 833.00, 32267, 30
222, 0, 0, 22, 22, 1, 40.54%, 1, 0, 2, 0.00, 33323, 30
