# relative_time, cycles_done, cur_item, corpus_count, pending_total, pending_favs, map_size, saved_crashes, saved_hangs, max_depth, execs_per_sec, total_execs, edges_found
76, 0, 10, 16, 12, 0, 32.35%, 0, 0, 5, 1.51, 5812, 22
105, 0, 10, 18, 14, 0, 35.29%, 0, 0, 5, 1.41, 8495, 24
111, 0, 10, 19, 15, 0, 35.29%, 0, 0, 5, 692.72, 11550, 24
134, 0, 10, 20, 16, 0, 39.71%, 0, 0, 5, 6.61, 13261, 27
140, 0, 17, 26, 18, 1, 41.18%, 0, 0, 6, 687.63, 16849, 28
164, 0, 10, 26, 17, 0, 41.18%, 0, 0, 6, 6.58, 17010, 28
169, 0, 15, 28, 19, 0, 41.18%, 0, 0, 6, 669.77, 20463, 28
190, 0, 10, 28, 19, 0, 41.18%, 0, 0, 6, 4.78, 20852, 28
195, 0, 28, 33, 23, 0, 44.12%, 0, 0, 6, 695.30, 24349, 30
216, 0, 28, 33, 23, 0, 44.12%, 0, 0, 6, 7.05, 25137, 30
221, 0, 33, 38, 26, 1, 45.59%, 0, 0, 7, 735.57, 28786, 31
244, 0, 33, 42, 30, 1, 45.59%, 0, 0, 7, 5.89, 29902, 31
249, 0, 10, 43, 30, 0, 45.59%, 0, 0, 7, 716.37, 33629, 31
272, 0, 10, 43, 30, 0, 45.59%, 0, 0, 7, 6.57, 34281, 31
278, 0, 21, 45, 32, 0, 47.06%, 0, 0, 7, 783.95, 38377, 32
299, 0, 44, 47, 33, 0, 48.53%, 0, 0, 8, 6.58, 39774, 33
304, 0, 44, 48, 33, 0, 48.53%, 0, 0, 8, 735.80, 43588, 33
333, 0, 10, 50, 35, 0, 48.53%, 0, 0, 8, 3.63, 45549, 33
338, 0, 10, 51, 36, 0, 48.53%, 0, 0, 8, 807.56, 49756, 33
364, 0, 46, 53, 38, 0, 48.53%, 0, 0, 9, 4.98, 51608, 33
369, 0, 44, 54, 38, 0, 50.00%, 0, 0, 9, 669.47, 55002, 34
395, 0, 53, 56, 40, 0, 51.47%, 0, 0, 10, 4.37, 56456, 35
397, 0, 53, 56, 40, 0, 51.47%, 1, 0, 10, 0.00, 57393, 35
