# relative_time, cycles_done, cur_item, corpus_count, pending_total, pending_favs, map_size, saved_crashes, saved_hangs, max_depth, execs_per_sec, total_execs, edges_found
63, 1, 39, 46, 33, 0, 45.59%, 0, 0, 7, 912.78, 43722, 31
68, 1, 37, 47, 34, 0, 45.59%, 0, 0, 7, 916.73, 48290, 31
73, 1, 48, 53, 38, 0, 48.53%, 0, 0, 7, 922.97, 52899, 33
78, 1, 48, 53, 38, 0, 48.53%, 0, 0, 7, 926.88, 57579, 33
83, 1, 31, 55, 39, 0, 48.53%, 0, 0, 7, 928.92, 62197, 33
88, 1, 31, 55, 39, 0, 48.53%, 0, 0, 7, 929.13, 66984, 33
93, 1, 1, 55, 39, 0, 48.53%, 0, 0, 7, 936.87, 71809, 33
98, 1, 21, 55, 39, 0, 48.53%, 0, 0, 7, 940.45, 76656, 33
103, 1, 31, 56, 40, 0, 48.53%, 0, 0, 7, 934.01, 81337, 33
109, 2, 32, 57, 40, 0, 48.53%, 0, 0, 7, 929.66, 85975, 33
114, 2, 1, 57, 37, 0, 48.53%, 0, 0, 7, 935.14, 90643, 33
119, 2, 49, 57, 36, 0, 48.53%, 0, 0, 7, 936.82, 95296, 33
124, 2, 32, 57, 35, 0, 48.53%, 0, 0, 7, 909.69, 100017, 33
129, 2, 1, 57, 35, 0, 48.53%, 0, 0, 7, 902.25, 104616, 33
134, 3, 39, 57, 35, 0, 48.53%, 0, 0, 7, 904.69, 109354, 33
139, 3, 52, 57, 34, 0, 48.53%, 0, 0, 7, 895.07, 113904, 33
144, 3, 52, 57, 34, 0, 48.53%, 0, 0, 7, 894.32, 118402, 33
149, 3, 52, 57, 34, 0, 48.53%, 0, 0, 7, 901.62, 122932, 33
154, 3, 1, 57, 34, 0, 48.53%, 0, 0, 7, 895.73, 127437, 33
159, 3, 37, 57, 33, 0, 48.53%, 0, 0, 7, 880.92, 131981, 33
164, 4, 52, 59, 34, 0, 48.53%, 0, 0, 8, 893.98, 136499, 33
169, 4, 19, 59, 33, 0, 48.53%, 0, 0, 8, 900.89, 141025, 33
174, 4, 32, 60, 33, 0, 50.00%, 0, 0, 8, 902.24, 145676, 34
177, 4, 59, 62, 35, 0, 51.47%, 1, 0, 8, 0.00, 147545, 35
