# relative_time, cycles_done, cur_item, corpus_count, pending_total, pending_favs, map_size, saved_crashes, saved_hangs, max_depth, execs_per_sec, total_execs, edges_found
76, 0, 0, 16, 16, 1, 34.67%, 0, 0, 2, 0.83, 5694, 26
106, 0, 0, 21, 21, 1, 41.33%, 0, 0, 2, 1.38, 8441, 31
111, 0, 0, 23, 23, 1, 42.67%, 0, 0, 2, 710.09, 11979, 32
135, 0, 0, 24, 24, 1, 42.67%, 0, 0, 2, 1.29, 13246, 32
140, 0, 0, 24, 24, 1, 42.67%, 0, 0, 2, 703.69, 16900, 32
164, 0, 0, 24, 24, 1, 42.67%, 0, 0, 2, 6.30, 17054, 32
169, 0, 0, 25, 25, 1, 42.67%, 0, 0, 2, 687.72, 20665, 32
190, 0, 0, 25, 25, 1, 42.67%, 0, 0, 2, 6.96, 20951, 32
195, 0, 0, 27, 27, 1, 42.67%, 0, 0, 2, 709.70, 24537, 32
216, 0, 0, 27, 27, 1, 42.67%, 0, 0, 2, 5.65, 25321, 32
221, 0, 0, 28, 28, 1, 42.67%, 0, 0, 2, 748.35, 29038, 32
244, 0, 0, 28, 28, 1, 42.67%, 0, 0, 2, 6.95, 30183, 32
249, 0, 0, 28, 28, 1, 42.67%, 0, 0, 2, 171.20, 33952, 32
272, 0, 0, 28, 28, 1, 42.67%, 0, 0, 2, 1.27, 34632, 32
278, 0, 0, 28, 28, 1, 42.67%, 0, 0, 2, 798.61, 38718, 32
299, 0, 0, 28, 28, 1, 42.67%, 0, 0, 2, 8.55, 40212, 32
304, 0, 0, 28, 28, 1, 42.67%, 0, 0, 2, 188.92, 44097, 32
317, 0, 0, 28, 28, 1, 42.67%, 0, 0, 2, 15.04, 46088, 32
333, 0, 0, 28, 28, 1, 42.67%, 0, 0, 2, 0.71, 46094, 32
338, 0, 0, 30, 30, 1, 45.33%, 0, 0, 2, 823.93, 50276, 34
365, 0, 0, 30, 30, 1, 45.33%, 0, 0, 2, 2.50, 52262, 34
370, 0, 0, 30, 30, 1, 45.33%, 0, 0, 2, 687.79, 55826, 34
395, 0, 0, 30, 30, 1, 45.33%, 0, 0, 2, 0.59, 57192, 34
400, 0, 0, 30, 30, 1, 45.33%, 0, 0, 2, 737.83, 60916, 34
414, 0, 28, 32, 29, 7, 45.33%, 0, 0, 3, 12.39, 62379, 34
422, 0, 29, 35, 31, 6, 46.67%, 0, 0, 3, 6.23, 63242, 35
433, 0, 29, 35, 31, 6, 46.67%, 0, 0, 3, 1.02, 63253, 35
438, 0, 18, 40, 28, 0, 46.67%, 0, 0, 4, 790.15, 67251, 35
459, 0, 28, 40, 28, 0, 46.67%, 0, 0, 4, 3.83, 68591, 35
464, 0, 28, 43, 31, 0, 46.67%, 0, 0, 4, 161.58, 72547, 35
484, 0, 17, 44, 32, 0, 46.67%, 0, 0, 4, 0.55, 73911, 35
489, 0, 28, 46, 34, 0, 46.67%, 0, 0, 4, 737.96, 77714, 35
502, 0, 28, 46, 34, 0, 46.67%, 0, 0, 4, 1.17, 78361, 35
518, 0, 16, 48, 35, 0, 46.67%, 0, 0, 4, 6.83, 81792, 35
524, 0, 28, 50, 37, 0, 46.67%, 0, 0, 4, 727.31, 85797, 35
539, 0, 28, 50, 37, 0, 46.67%, 0, 0, 4, 3.10, 87620, 35
545, 1, 28, 50, 37, 0, 46.67%, 0, 0, 4, 769.95, 91734, 35
561, 1, 16, 50, 37, 0, 46.67%, 0, 0, 4, 1.02, 93689, 35
566, 1, 28, 50, 37, 0, 46.67%, 0, 0, 4, 816.84, 97885, 35
575, 1, 20, 50, 37, 0, 46.67%, 0, 0, 4, 15.03, 99701, 35
589, 1, 33, 50, 37, 0, 46.67%, 0, 0, 4, 13.75, 103232, 35
594, 1, 50, 55, 41, 0, 50.67%, 0, 0, 4, 821.93, 107511, 38
602, 1, 54, 58, 43, 1, 50.67%, 0, 0, 5, 24.33, 109550, 38
603, 1, 54, 59, 44, 1, 50.67%, 1, 0, 5, 0.00, 109640, 38
