# relative_time, cycles_done, cur_item, corpus_count, pending_total, pending_favs, map_size, saved_crashes, saved_hangs, max_depth, execs_per_sec, total_execs, edges_found
63, 2, 0, 27, 22, 0, 35.29%, 0, 0, 3, 919.13, 43167, 24
68, 3, 22, 27, 22, 0, 35.29%, 0, 0, 3, 917.13, 47880, 24
73, 3, 0, 27, 21, 0, 35.29%, 0, 0, 3, 919.16, 52468, 24
78, 3, 0, 27, 21, 0, 35.29%, 0, 0, 3, 923.81, 57058, 24
83, 4, 0, 27, 21, 0, 35.29%, 0, 0, 3, 924.02, 61648, 24
88, 4, 0, 27, 21, 0, 35.29%, 0, 0, 3, 926.58, 66418, 24
93, 4, 0, 28, 21, 0, 35.29%, 0, 0, 4, 932.44, 71229, 24
98, 5, 0, 28, 21, 0, 35.29%, 0, 0, 4, 936.09, 76044, 24
103, 5, 20, 28, 21, 0, 35.29%, 0, 0, 4, 931.34, 80667, 24
108, 5, 0, 28, 21, 0, 35.29%, 0, 0, 4, 929.36, 85269, 24
113, 6, 0, 28, 21, 0, 35.29%, 0, 0, 4, 926.02, 89877, 24
119, 6, 0, 28, 21, 0, 35.29%, 0, 0, 4, 903.18, 94575, 24
124, 6, 0, 28, 20, 0, 35.29%, 0, 0, 4, 904.13, 99167, 24
129, 7, 0, 29, 21, 0, 35.29%, 0, 0, 4, 898.86, 103746, 24
134, 7, 0, 29, 21, 0, 35.29%, 0, 0, 4, 895.33, 108300, 24
139, 7, 0, 29, 21, 0, 35.29%, 0, 0, 4, 894.42, 113008, 24
144, 8, 12, 29, 20, 0, 35.29%, 0, 0, 4, 897.16, 117676, 24
149, 8, 0, 29, 20, 0, 35.29%, 0, 0, 4, 902.03, 122339, 24
154, 8, 0, 29, 18, 0, 35.29%, 0, 0, 4, 898.46, 126889, 24
159, 9, 0, 29, 18, 0, 35.29%, 0, 0, 4, 900.11, 131547, 24
165, 9, 0, 29, 18, 0, 35.29%, 0, 0, 4, 904.53, 136260, 24
170, 9, 30, 35, 22, 0, 41.18%, 0, 0, 4, 904.70, 140831, 28
175, 9, 30, 40, 27, 0, 44.12%, 0, 0, 4, 903.72, 145402, 30
180, 9, 30, 42, 29, 0, 44.12%, 0, 0, 4, 907.25, 149966, 30
185, 9, 36, 44, 29, 0, 45.59%, 0, 0, 4, 916.30, 154734, 31
190, 9, 0, 47, 31, 0, 45.59%, 0, 0, 5, 923.07, 159366, 31
195, 9, 0, 49, 31, 0, 47.06%, 0, 0, 5, 929.31, 164031, 32
200, 9, 29, 50, 32, 0, 47.06%, 0, 0, 5, 930.28, 168845, 32
205, 10, 0, 50, 32, 0, 47.06%, 0, 0, 5, 939.04, 173542, 32
207, 10, 48, 53, 35, 0, 48.53%, 1, 0, 5, 0.00, 175184, 33
