# relative_time, cycles_done, cur_item, corpus_count, pending_total, pending_favs, map_size, saved_crashes, saved_hangs, max_depth, execs_per_sec, total_execs, edges_found
76, 0, 0, 9, 8, 0, 32.00%, 0, 0, 2, 2.57, 5632, 24
106, 0, 1, 10, 7, 0, 32.00%, 0, 0, 3, 0.84, 7763, 24
112, 0, 16, 19, 14, 0, 37.33%, 0, 0, 3, 668.78, 11169, 28
135, 0, 16, 22, 16, 0, 38.67%, 0, 0, 4, 0.56, 12460, 29
140, 0, 12, 30, 21, 0, 44.00%, 0, 0, 5, 712.53, 16054, 33
164, 0, 27, 31, 22, 0, 44.00%, 0, 0, 6, 5.57, 16347, 33
170, 0, 27, 33, 24, 0, 45.33%, 0, 0, 6, 703.26, 19998, 34
190, 0, 27, 34, 25, 0, 50.67%, 0, 0, 6, 2.06, 20358, 38
195, 0, 27, 34, 25, 0, 50.67%, 0, 0, 6, 729.67, 24062, 38
216, 0, 27, 34, 25, 0, 50.67%, 0, 0, 6, 4.37, 24760, 38
221, 0, 23, 36, 25, 0, 52.00%, 0, 0, 7, 762.29, 28542, 39
244, 0, 1, 37, 25, 0, 52.00%, 0, 0, 7, 2.84, 29795, 39
249, 0, 35, 42, 30, 0, 53.33%, 0, 0, 7, 753.88, 33754, 40
273, 0, 35, 42, 30, 0, 53.33%, 0, 0, 7, 0.90, 34429, 40
273, 0, 35, 42, 30, 0, 53.33%, 0, 0, 7, 0.16, 34430, 40
278, 0, 35, 44, 32, 0, 53.33%, 0, 0, 7, 802.11, 38596, 40
299, 0, 33, 47, 34, 0, 53.33%, 0, 0, 7, 0.79, 40173, 40
302, 0, 33, 49, 36, 0, 53.33%, 1, 0, 7, 0.00, 42315, 40
