# relative_time, cycles_done, cur_item, corpus_count, pending_total, pending_favs, map_size, saved_crashes, saved_hangs, max_depth, execs_per_sec, total_execs, edges_found
76, 0, 0, 15, 15, 1, 33.33%, 0, 0, 2, 1.86, 5531, 25
106, 0, 0, 16, 16, 1, 34.67%, 0, 0, 2, 3.77, 7935, 26
111, 0, 0, 16, 16, 1, 34.67%, 0, 0, 2, 608.76, 10950, 26
135, 0, 0, 16, 16, 1, 34.67%, 0, 0, 2, 6.06, 12006, 26
140, 0, 0, 18, 18, 1, 36.00%, 0, 0, 2, 611.87, 15068, 27
164, 0, 0, 18, 18, 1, 36.00%, 0, 0, 2, 3.93, 15308, 27
169, 0, 0, 19, 19, 1, 40.00%, 0, 0, 2, 167.51, 18533, 30
190, 0, 0, 19, 19, 1, 40.00%, 0, 0, 2, 0.59, 18759, 30
195, 0, 0, 20, 20, 1, 40.00%, 0, 0, 2, 625.53, 21994, 30
216, 0, 0, 21, 21, 1, 40.00%, 0, 0, 2, 1.83, 22637, 30
221, 0, 0, 24, 24, 1, 41.33%, 0, 0, 2, 669.62, 25988, 31
244, 0, 0, 24, 24, 1, 41.33%, 0, 0, 2, 6.03, 27054, 31
249, 0, 0, 25, 25, 1, 41.33%, 0, 0, 2, 654.99, 30441, 31
273, 0, 0, 25, 25, 1, 41.33%, 0, 0, 2, 6.22, 31052, 31
278, 0, 0, 25, 25, 1, 41.33%, 0, 0, 2, 747.10, 34897, 31
299, 0, 0, 26, 26, 1, 42.67%, 0, 0, 2, 8.77, 36181, 32
304, 0, 0, 27, 27, 1, 44.00%, 0, 0, 2, 445.00, 39795, 33
320, 0, 0, 27, 27, 1, 44.00%, 0, 0, 2, 8.08, 41639, 33
333, 0, 0, 27, 27, 1, 44.00%, 0, 0, 2, 0.07, 41640, 33
338, 0, 0, 27, 27, 1, 44.00%, 0, 0, 2, 779.27, 45716, 33
365, 0, 0, 27, 27, 1, 44.00%, 0, 0, 2, 2.92, 47336, 33
370, 0, 0, 29, 29, 1, 45.33%, 0, 0, 2, 594.49, 50376, 34
395, 0, 0, 29, 29, 1, 45.33%, 0, 0, 2, 4.16, 51608, 34
400, 0, 0, 29, 29, 1, 45.33%, 0, 0, 2, 654.87, 54896, 34
414, 0, 0, 30, 30, 1, 45.33%, 0, 0, 2, 11.19, 56190, 34
422, 0, 0, 30, 30, 1, 45.33%, 0, 0, 2, 3.88, 56968, 34
433, 0, 0, 30, 30, 1, 45.33%, 0, 0, 2, 0.37, 56972, 34
438, 0, 0, 30, 30, 1, 45.33%, 0, 0, 2, 726.47, 60608, 34
459, 0, 27, 34, 32, 7, 46.67%, 0, 0, 3, 5.94, 61776, 35
464, 0, 11, 40, 33, 3, 46.67%, 0, 0, 3, 122.88, 65435, 35
484, 0, 20, 41, 33, 2, 46.67%, 0, 0, 3, 7.54, 66744, 35
489, 0, 24, 43, 33, 0, 46.67%, 0, 0, 3, 697.60, 70386, 35
502, 0, 15, 43, 33, 0, 46.67%, 0, 0, 3, 14.01, 70971, 35
518, 0, 15, 44, 34, 0, 46.67%, 0, 0, 3, 7.04, 74225, 35
523, 0, 26, 44, 34, 0, 46.67%, 0, 0, 3, 734.44, 77962, 35
540, 0, 0, 44, 34, 0, 46.67%, 0, 0, 3, 12.38, 79732, 35
545, 0, 15, 44, 34, 0, 46.67%, 0, 0, 3, 707.40, 83454, 35
561, 0, 15, 44, 34, 0, 46.67%, 0, 0, 3, 9.27, 85434, 35
566, 0, 32, 45, 35, 0, 46.67%, 0, 0, 4, 784.32, 89348, 35
575, 0, 32, 45, 35, 0, 46.67%, 0, 0, 4, 6.50, 91217, 35
588, 0, 26, 45, 35, 0, 46.67%, 0, 0, 4, 4.77, 94569, 35
594, 0, 15, 46, 36, 0, 46.67%, 0, 0, 4, 808.11, 98279, 35
602, 0, 16, 46, 36, 0, 46.67%, 0, 0, 4, 27.06, 100602, 35
613, 0, 16, 46, 36, 0, 46.67%, 0, 0, 4, 15.21, 104563, 35
618, 0, 11, 48, 38, 0, 46.67%, 0, 0, 4, 796.53, 106915, 35
627, 0, 26, 48, 38, 0, 46.67%, 0, 0, 4, 19.13, 110457, 35
632, 0, 15, 48, 38, 0, 46.67%, 0, 0, 4, 810.52, 114520, 35
643, 1, 3, 51, 40, 0, 46.67%, 0, 0, 4, 14.34, 117282, 35
648, 1, 15, 54, 42, 0, 46.67%, 0, 0, 4, 808.13, 121454, 35
662, 1, 15, 54, 42, 0, 46.67%, 0, 0, 4, 8.42, 124435, 35
667, 1, 15, 54, 41, 0, 46.67%, 0, 0, 4, 821.61, 128523, 35
673, 1, 26, 57, 44, 0, 46.67%, 0, 0, 4, 73.95, 131898, 35
679, 1, 26, 57, 44, 0, 46.67%, 0, 0, 4, 798.05, 136046, 35
686, 1, 15, 58, 44, 0, 46.67%, 0, 0, 4, 17.28, 137810, 35
691, 1, 58, 62, 47, 0, 50.67%, 0, 0, 4, 817.52, 141902, 38
696, 1, 58, 62, 47, 0, 50.67%, 0, 0, 4, 808.51, 145902, 38
702, 1, 58, 62, 47, 0, 50.67%, 0, 0, 4, 782.12, 149935, 38
707, 1, 58, 62, 47, 0, 50.67%, 0, 0, 4, 11.54, 152455, 38
712, 1, 60, 62, 46, 1, 50.67%, 0, 0, 4, 810.31, 156500, 38
717, 1, 59, 62, 45, 0, 50.67%, 0, 0, 4, 784.37, 159228, 38
718, 1, 59, 62, 45, 0, 50.67%, 1, 0, 4, 0.00, 159694, 38
