# relative_time, cycles_done, cur_item, corpus_count, pending_total, pending_favs, map_size, saved_crashes, saved_hangs, max_depth, execs_per_sec, total_execs, edges_found
76, 0, 0, 13, 11, 0, 29.73%, 0, 0, 2, 3.40, 5804, 22
106, 0, 11, 18, 15, 1, 37.84%, 0, 0, 3, 4.79, 8946, 28
111, 0, 11, 19, 16, 1, 37.84%, 0, 0, 3, 778.33, 12926, 28
135, 0, 13, 21, 16, 3, 39.19%, 0, 0, 4, 5.97, 14215, 29
140, 0, 28, 33, 22, 1, 41.89%, 0, 0, 5, 375.30, 18197, 31
164, 0, 28, 33, 22, 1, 41.89%, 0, 0, 5, 0.82, 18383, 31
169, 0, 23, 37, 25, 0, 43.24%, 0, 0, 5, 783.52, 22393, 32
190, 0, 23, 37, 25, 0, 43.24%, 0, 0, 5, 5.84, 22693, 32
195, 0, 23, 38, 26, 0, 43.24%, 0, 0, 5, 811.20, 26765, 32
216, 0, 23, 38, 26, 0, 43.24%, 0, 0, 5, 4.07, 27549, 32
221, 0, 28, 40, 27, 0, 43.24%, 0, 0, 5, 823.53, 31788, 32
244, 0, 28, 43, 30, 0, 43.24%, 0, 0, 5, 4.46, 32959, 32
249, 0, 28, 44, 31, 0, 43.24%, 0, 0, 5, 796.61, 37145, 32
272, 0, 30, 45, 32, 0, 44.59%, 0, 0, 6, 6.96, 37841, 33
278, 0, 44, 48, 34, 0, 44.59%, 0, 0, 7, 830.26, 42198, 33
299, 0, 44, 48, 34, 0, 44.59%, 0, 0, 7, 6.01, 43814, 33
304, 0, 44, 50, 36, 0, 45.95%, 0, 0, 7, 797.51, 47869, 34
333, 0, 23, 50, 35, 0, 45.95%, 0, 0, 7, 5.23, 49951, 34
338, 0, 34, 55, 40, 0, 45.95%, 0, 0, 7, 837.15, 54353, 34
365, 0, 0, 57, 41, 0, 45.95%, 0, 0, 7, 3.75, 56322, 34
370, 0, 48, 57, 40, 0, 45.95%, 0, 0, 7, 784.87, 60311, 34
395, 0, 34, 58, 41, 0, 45.95%, 0, 0, 8, 7.52, 62107, 34
401, 0, 48, 58, 41, 0, 45.95%, 0, 0, 8, 831.45, 66405, 34
414, 0, 0, 58, 41, 0, 45.95%, 0, 0, 8, 2.79, 67852, 34
422, 0, 44, 58, 41, 0, 45.95%, 0, 0, 8, 5.41, 68781, 34
433, 0, 48, 58, 41, 0, 45.95%, 0, 0, 8, 1.02, 68792, 34
438, 1, 0, 59, 42, 0, 45.95%, 0, 0, 8, 845.24, 73230, 34
459, 1, 0, 59, 42, 0, 45.95%, 0, 0, 8, 4.26, 74729, 34
464, 1, 59, 61, 43, 0, 47.30%, 0, 0, 8, 797.34, 78977, 35
484, 1, 59, 61, 43, 0, 47.30%, 0, 0, 8, 8.65, 80545, 35
484, 1, 59, 61, 43, 0, 47.30%, 1, 0, 8, 0.00, 80883, 35
