# relative_time, cycles_done, cur_item, corpus_count, pending_total, pending_favs, map_size, saved_crashes, saved_hangs, max_depth, execs_per_sec, total_execs, edges_found
63, 3, 15, 18, 9, 0, 35.29%, 0, 0, 5, 929.06, 44302, 24
68, 3, 0, 18, 9, 0, 35.29%, 0, 0, 5, 929.13, 48948, 24
73, 4, 15, 18, 9, 0, 35.29%, 0, 0, 5, 932.93, 53618, 24
78, 4, 18, 21, 11, 0, 42.65%, 0, 0, 5, 937.19, 58300, 29
83, 4, 18, 21, 11, 0, 42.65%, 0, 0, 5, 939.66, 62958, 29
88, 4, 18, 24, 14, 0, 42.65%, 0, 0, 5, 936.38, 67794, 29
93, 4, 20, 25, 14, 1, 44.12%, 0, 0, 6, 944.45, 72506, 30
98, 4, 19, 28, 15, 0, 45.59%, 0, 0, 7, 953.87, 77322, 31
103, 4, 19, 31, 18, 0, 45.59%, 0, 0, 7, 942.39, 82010, 31
108, 4, 27, 34, 20, 0, 45.59%, 0, 0, 7, 936.91, 86651, 31
114, 4, 0, 36, 22, 0, 45.59%, 0, 0, 7, 936.67, 91487, 31
119, 5, 18, 38, 24, 0, 45.59%, 0, 0, 7, 916.88, 96251, 31
124, 5, 19, 41, 25, 0, 47.06%, 0, 0, 7, 913.23, 100915, 32
129, 5, 18, 42, 26, 0, 47.06%, 0, 0, 7, 910.52, 105709, 32
134, 5, 38, 42, 25, 0, 47.06%, 0, 0, 7, 909.79, 110334, 32
135, 5, 38, 43, 26, 0, 47.06%, 1, 0, 7, 0.00, 110774, 32
