# relative_time, cycles_done, cur_item, corpus_count, pending_total, pending_favs, map_size, saved_crashes, saved_hangs, max_depth, execs_per_sec, total_execs, edges_found
76, 0, 0, 20, 20, 1, 44.00%, 0, 0, 2, 4.11, 5729, 33
106, 0, 0, 20, 20, 1, 44.00%, 0, 0, 2, 4.56, 8405, 33
111, 0, 0, 20, 20, 1, 44.00%, 0, 0, 2, 704.37, 11887, 33
135, 0, 0, 20, 20, 1, 44.00%, 0, 0, 2, 3.23, 13189, 33
140, 0, 0, 20, 20, 1, 44.00%, 0, 0, 2, 698.15, 16823, 33
164, 0, 0, 20, 20, 1, 44.00%, 0, 0, 2, 6.38, 16979, 33
169, 0, 0, 21, 21, 1, 45.33%, 0, 0, 2, 679.97, 20548, 34
190, 0, 0, 21, 21, 1, 45.33%, 0, 0, 2, 0.64, 20847, 34
195, 0, 0, 23, 23, 1, 46.67%, 0, 0, 2, 704.28, 24424, 35
216, 0, 0, 23, 23, 1, 46.67%, 0, 0, 2, 4.95, 25194, 35
221, 0, 0, 23, 23, 1, 46.67%, 0, 0, 2, 740.88, 28876, 35
244, 0, 0, 23, 23, 1, 46.67%, 0, 0, 2, 6.26, 30011, 35
249, 0, 0, 23, 23, 1, 46.67%, 0, 0, 2, 162.07, 33796, 35
273, 0, 0, 23, 23, 1, 46.67%, 0, 0, 2, 6.92, 34441, 35
277, 0, 0, 24, 24, 1, 46.67%, 1, 0, 2, 0.00, 38074, 35
