# relative_time, cycles_done, cur_item, corpus_count, pending_total, pending_favs, map_size, saved_crashes, saved_hangs, max_depth, execs_per_sec, total_execs, edges_found
76, 0, 0, 14, 13, 0, 31.08%, 0, 0, 2, 0.41, 5872, 23
106, 0, 15, 17, 11, 0, 32.43%, 0, 0, 3, 5.44, 8931, 24
111, 0, 17, 22, 15, 0, 37.84%, 0, 0, 4, 772.88, 12924, 28
135, 0, 17, 24, 16, 0, 37.84%, 0, 0, 4, 3.87, 14200, 28
140, 0, 19, 28, 20, 0, 39.19%, 0, 0, 5, 382.07, 18181, 29
164, 0, 19, 28, 20, 0, 39.19%, 0, 0, 5, 0.12, 18349, 29
169, 0, 27, 34, 25, 0, 41.89%, 0, 0, 6, 769.36, 22287, 31
190, 0, 27, 34, 25, 0, 41.89%, 0, 0, 6, 8.72, 22647, 31
195, 0, 27, 36, 27, 0, 41.89%, 0, 0, 6, 816.58, 26822, 31
216, 0, 27, 36, 27, 0, 41.89%, 0, 0, 6, 5.68, 27462, 31
221, 0, 27, 37, 28, 0, 41.89%, 0, 0, 6, 819.02, 31676, 31
244, 0, 30, 39, 29, 1, 41.89%, 0, 0, 7, 5.20, 32853, 31
249, 0, 39, 42, 30, 0, 43.24%, 0, 0, 8, 802.11, 36981, 32
272, 0, 39, 42, 30, 0, 43.24%, 0, 0, 8, 1.40, 37717, 32
278, 0, 39, 44, 32, 0, 44.59%, 0, 0, 8, 826.96, 42075, 33
299, 0, 43, 45, 32, 1, 44.59%, 0, 0, 9, 5.13, 43672, 33
304, 0, 29, 45, 30, 0, 44.59%, 0, 0, 9, 790.47, 47759, 33
320, 0, 15, 47, 31, 0, 45.95%, 0, 0, 9, 5.48, 49805, 34
333, 0, 15, 47, 31, 0, 45.95%, 0, 0, 9, 0.15, 49807, 34
338, 0, 40, 51, 34, 0, 47.30%, 0, 0, 9, 833.94, 54176, 35
365, 0, 40, 51, 34, 0, 47.30%, 0, 0, 9, 2.01, 56176, 35
368, 0, 48, 54, 37, 0, 48.65%, 1, 0, 9, 0.00, 58953, 36
