# relative_time, cycles_done, cur_item, corpus_count, pending_total, pending_favs, map_size, saved_crashes, saved_hangs, max_depth, execs_per_sec, total_execs, edges_found
63, 3, 0, 16, 8, 0, 33.82%, 0, 0, 3, 936.65, 44859, 23
68, 4, 0, 16, 8, 0, 33.82%, 0, 0, 3, 932.42, 49485, 23
73, 4, 0, 16, 7, 0, 33.82%, 0, 0, 3, 931.11, 54130, 23
78, 5, 0, 16, 7, 0, 33.82%, 0, 0, 3, 937.67, 58802, 23
83, 5, 0, 20, 11, 0, 33.82%, 0, 0, 3, 934.17, 63465, 23
88, 5, 14, 22, 13, 0, 33.82%, 0, 0, 4, 938.79, 68144, 23
94, 5, 0, 22, 13, 0, 33.82%, 0, 0, 4, 950.95, 72916, 23
99, 6, 14, 25, 15, 0, 35.29%, 0, 0, 4, 949.34, 77650, 24
104, 6, 0, 28, 17, 0, 39.71%, 0, 0, 4, 940.37, 82314, 27
109, 6, 25, 29, 18, 0, 41.18%, 0, 0, 4, 937.26, 86973, 28
114, 6, 28, 32, 20, 0, 44.12%, 0, 0, 5, 943.48, 91847, 30
119, 6, 28, 33, 21, 0, 45.59%, 0, 0, 5, 943.16, 96516, 31
124, 6, 28, 39, 27, 0, 45.59%, 0, 0, 5, 935.56, 101327, 31
129, 6, 31, 44, 31, 2, 47.06%, 0, 0, 6, 924.26, 105938, 32
134, 6, 31, 46, 33, 2, 47.06%, 0, 0, 6, 917.61, 110614, 32
139, 6, 31, 49, 36, 2, 48.53%, 0, 0, 6, 908.64, 115259, 33
144, 6, 29, 50, 34, 1, 48.53%, 0, 0, 6, 918.18, 119892, 33
149, 6, 48, 53, 36, 0, 48.53%, 0, 0, 7, 922.87, 124725, 33
154, 6, 48, 55, 38, 0, 50.00%, 0, 0, 7, 911.67, 129383, 34
160, 6, 48, 56, 39, 0, 51.47%, 0, 0, 7, 919.97, 134055, 35
163, 6, 55, 59, 41, 1, 51.47%, 1, 0, 8, 0.00, 137455, 35
