# relative_time, cycles_done, cur_item, corpus_count, pending_total, pending_favs, map_size, saved_crashes, saved_hangs, max_depth, execs_per_sec, total_execs, edges_found
76, 0, 0, 10, 8, 0, 29.73%, 0, 0, 2, 2.88, 5552, 22
106, 0, 9, 13, 10, 2, 29.73%, 0, 0, 3, 0.76, 7805, 22
111, 0, 9, 17, 14, 2, 32.43%, 0, 0, 3, 561.44, 10595, 24
135, 0, 9, 17, 14, 2, 32.43%, 0, 0, 3, 3.54, 11640, 24
140, 0, 9, 18, 15, 2, 33.78%, 0, 0, 3, 599.75, 14683, 25
164, 0, 9, 18, 15, 2, 33.78%, 0, 0, 3, 0.29, 14844, 25
169, 0, 9, 20, 17, 2, 37.84%, 0, 0, 3, 669.26, 18408, 28
190, 0, 9, 20, 17, 2, 37.84%, 0, 0, 3, 6.33, 18681, 28
195, 0, 20, 26, 17, 1, 40.54%, 0, 0, 4, 696.59, 22203, 30
216, 0, 20, 27, 17, 0, 41.89%, 0, 0, 4, 7.05, 22979, 31
221, 0, 30, 38, 27, 2, 44.59%, 0, 0, 5, 727.82, 26585, 33
244, 0, 17, 40, 28, 0, 44.59%, 0, 0, 5, 0.10, 27709, 33
249, 0, 26, 43, 31, 0, 44.59%, 0, 0, 5, 712.27, 31421, 33
272, 0, 26, 44, 32, 0, 44.59%, 0, 0, 5, 0.70, 32084, 33
278, 0, 13, 46, 33, 0, 44.59%, 0, 0, 5, 781.23, 36153, 33
299, 0, 22, 47, 34, 0, 44.59%, 0, 0, 5, 5.96, 37543, 33
304, 0, 44, 49, 36, 0, 44.59%, 0, 0, 6, 733.51, 41371, 33
333, 0, 26, 49, 36, 0, 44.59%, 0, 0, 6, 3.37, 43316, 33
337, 0, 49, 53, 39, 0, 47.30%, 1, 0, 6, 0.00, 46735, 35
