# relative_time, cycles_done, cur_item, corpus_count, pending_total, pending_favs, map_size, saved_crashes, saved_hangs, max_depth, execs_per_sec, total_execs, edges_found
76, 0, 2, 12, 9, 0, 29.41%, 0, 0, 3, 4.73, 5819, 20
106, 0, 2, 12, 9, 0, 29.41%, 0, 0, 3, 2.06, 8555, 20
112, 0, 2, 12, 9, 0, 29.41%, 0, 0, 3, 712.82, 12189, 20
135, 1, 13, 16, 12, 1, 32.35%, 0, 0, 4, 3.87, 13368, 22
140, 1, 13, 19, 15, 1, 36.76%, 0, 0, 4, 700.49, 17011, 25
164, 1, 13, 19, 15, 1, 36.76%, 0, 0, 4, 5.89, 17155, 25
170, 1, 13, 21, 17, 1, 36.76%, 0, 0, 4, 681.85, 20743, 25
190, 1, 13, 21, 17, 1, 36.76%, 0, 0, 4, 1.28, 21055, 25
195, 1, 13, 23, 19, 1, 38.24%, 0, 0, 4, 709.70, 24631, 26
216, 1, 13, 25, 21, 1, 41.18%, 0, 0, 4, 5.30, 25401, 28
221, 1, 23, 31, 25, 4, 47.06%, 0, 0, 5, 739.41, 29070, 32
244, 1, 23, 31, 25, 4, 47.06%, 0, 0, 5, 6.26, 30214, 32
249, 1, 23, 31, 25, 4, 47.06%, 0, 0, 5, 726.74, 33970, 32
273, 1, 23, 31, 25, 4, 47.06%, 0, 0, 5, 7.31, 34642, 32
278, 1, 23, 40, 34, 4, 50.00%, 0, 0, 5, 790.03, 38617, 34
299, 1, 25, 43, 34, 5, 50.00%, 0, 0, 5, 5.75, 40179, 34
304, 1, 30, 46, 34, 2, 50.00%, 0, 0, 6, 749.69, 44069, 34
317, 1, 29, 49, 36, 1, 50.00%, 1, 0, 6, 1.50, 45929, 34
320, 1, 29, 49, 36, 1, 50.00%, 1, 0, 6, 0.00, 45929, 34
