# relative_time, cycles_done, cur_item, corpus_count, pending_total, pending_favs, map_size, saved_crashes, saved_hangs, max_depth, execs_per_sec, total_execs, edges_found
76, 0, 0, 10, 9, 0, 29.41%, 0, 0, 2, 1.65, 5700, 20
106, 0, 9, 10, 7, 0, 29.41%, 0, 0, 2, 3.12, 8097, 20
111, 1, 1, 11, 7, 0, 29.41%, 0, 0, 3, 613.40, 11145, 20
135, 2, 10, 14, 10, 0, 30.88%, 0, 0, 4, 6.37, 12222, 21
140, 2, 10, 17, 13, 0, 35.29%, 0, 0, 4, 624.66, 15303, 24
164, 2, 10, 17, 13, 0, 35.29%, 0, 0, 4, 3.94, 15543, 24
169, 2, 10, 19, 15, 0, 35.29%, 0, 0, 4, 619.48, 18833, 24
190, 2, 10, 19, 15, 0, 35.29%, 0, 0, 4, 5.26, 19049, 24
195, 2, 15, 19, 13, 3, 35.29%, 0, 0, 4, 625.99, 22236, 24
216, 2, 15, 19, 13, 3, 35.29%, 0, 0, 4, 5.12, 22952, 24
221, 2, 14, 21, 14, 2, 35.29%, 0, 0, 5, 674.85, 26310, 24
244, 2, 14, 22, 15, 2, 35.29%, 0, 0, 5, 0.28, 27402, 24
249, 2, 16, 23, 14, 0, 35.29%, 0, 0, 5, 661.32, 30826, 24
273, 2, 16, 23, 14, 0, 35.29%, 0, 0, 5, 8.37, 31432, 24
273, 2, 16, 23, 14, 0, 35.29%, 0, 0, 5, 0.17, 31433, 24
278, 2, 15, 24, 15, 0, 35.29%, 0, 0, 5, 755.85, 35321, 24
299, 2, 24, 28, 18, 0, 41.18%, 0, 0, 6, 4.07, 36635, 28
304, 2, 24, 30, 20, 0, 44.12%, 0, 0, 6, 435.52, 40386, 30
317, 2, 24, 30, 20, 0, 44.12%, 0, 0, 6, 10.61, 42122, 30
333, 2, 24, 30, 20, 0, 44.12%, 0, 0, 6, 0.71, 42128, 30
338, 2, 24, 31, 21, 0, 44.12%, 0, 0, 6, 787.53, 46224, 30
365, 2, 24, 32, 22, 0, 44.12%, 0, 0, 6, 0.59, 47878, 30
370, 2, 24, 33, 23, 0, 44.12%, 0, 0, 6, 207.67, 50924, 30
395, 2, 24, 34, 24, 0, 44.12%, 0, 0, 6, 0.89, 52186, 30
400, 2, 28, 36, 24, 1, 44.12%, 0, 0, 7, 654.89, 55461, 30
414, 2, 13, 38, 25, 0, 44.12%, 0, 0, 7, 10.94, 56787, 30
422, 2, 24, 39, 26, 0, 45.59%, 0, 0, 7, 5.95, 57568, 31
433, 2, 24, 39, 26, 0, 45.59%, 0, 0, 7, 1.11, 57580, 31
438, 2, 38, 42, 28, 0, 45.59%, 0, 0, 7, 732.83, 61402, 31
459, 2, 38, 42, 28, 0, 45.59%, 0, 0, 7, 4.31, 62421, 31
464, 2, 38, 42, 28, 0, 45.59%, 0, 0, 7, 73.89, 66126, 31
484, 2, 38, 42, 28, 0, 45.59%, 0, 0, 7, 8.46, 67453, 31
489, 2, 38, 43, 29, 0, 45.59%, 0, 0, 7, 705.05, 71159, 31
502, 2, 14, 43, 29, 0, 45.59%, 0, 0, 7, 10.90, 71729, 31
518, 2, 47, 48, 33, 1, 47.06%, 0, 0, 7, 8.58, 75009, 32
523, 2, 28, 49, 33, 0, 47.06%, 0, 0, 7, 740.11, 78773, 32
526, 2, 47, 51, 35, 0, 48.53%, 1, 0, 7, 0.00, 80356, 33
