# relative_time, cycles_done, cur_item, corpus_count, pending_total, pending_favs, map_size, saved_crashes, saved_hangs, max_depth, execs_per_sec, total_execs, edges_found
76, 0, 0, 16, 14, 0, 34.67%, 0, 0, 2, 4.52, 5809, 26
106, 0, 12, 20, 14, 1, 40.00%, 0, 0, 3, 4.81, 8734, 30
111, 0, 16, 23, 16, 0, 41.33%, 0, 0, 3, 715.27, 11867, 31
135, 0, 19, 24, 16, 0, 41.33%, 0, 0, 4, 5.15, 13691, 31
140, 0, 20, 25, 17, 0, 41.33%, 0, 0, 4, 674.55, 17468, 31
164, 0, 20, 25, 17, 0, 41.33%, 0, 0, 4, 5.10, 17593, 31
170, 0, 0, 27, 19, 0, 41.33%, 0, 0, 4, 735.39, 21347, 31
190, 0, 0, 27, 19, 0, 41.33%, 0, 0, 4, 7.47, 21666, 31
195, 0, 19, 27, 19, 0, 41.33%, 0, 0, 4, 765.15, 25483, 31
216, 0, 0, 27, 19, 0, 41.33%, 0, 0, 4, 4.57, 26239, 31
221, 1, 0, 28, 19, 0, 42.67%, 0, 0, 4, 779.53, 30124, 32
244, 1, 27, 29, 20, 0, 42.67%, 0, 0, 4, 3.49, 31386, 32
249, 1, 27, 32, 23, 0, 45.33%, 0, 0, 4, 773.10, 35337, 34
273, 1, 27, 32, 23, 0, 45.33%, 0, 0, 4, 1.97, 36042, 34
278, 1, 27, 32, 23, 0, 45.33%, 0, 0, 4, 792.41, 40152, 34
299, 1, 27, 32, 23, 0, 45.33%, 0, 0, 4, 8.13, 41745, 34
304, 1, 31, 36, 26, 2, 46.67%, 0, 0, 4, 760.58, 45636, 35
320, 1, 32, 38, 27, 1, 46.67%, 0, 0, 4, 9.27, 47585, 35
333, 1, 32, 38, 27, 1, 46.67%, 0, 0, 4, 0.22, 47588, 35
338, 1, 30, 41, 29, 0, 48.00%, 0, 0, 4, 799.96, 51770, 36
365, 1, 31, 42, 29, 0, 48.00%, 0, 0, 4, 1.55, 53699, 36
366, 1, 40, 45, 32, 0, 48.00%, 1, 0, 5, 0.00, 55157, 36
