# relative_time, cycles_done, cur_item, corpus_count, pending_total, pending_favs, map_size, saved_crashes, saved_hangs, max_depth, execs_per_sec, total_execs, edges_found
76, 0, 0, 17, 17, 1, 41.18%, 0, 0, 2, 4.94, 5846, 28
106, 0, 0, 18, 18, 1, 41.18%, 0, 0, 2, 0.55, 9003, 28
111, 0, 0, 18, 18, 1, 41.18%, 0, 0, 2, 777.64, 12351, 28
135, 0, 0, 19, 19, 1, 42.65%, 0, 0, 2, 4.42, 14374, 29
140, 0, 0, 19, 19, 1, 42.65%, 0, 0, 2, 793.12, 18343, 29
164, 0, 0, 19, 19, 1, 42.65%, 0, 0, 2, 4.90, 18643, 29
169, 0, 0, 20, 20, 1, 44.12%, 0, 0, 2, 796.69, 22700, 30
190, 0, 0, 20, 20, 1, 44.12%, 0, 0, 2, 7.62, 23037, 30
192, 0, 0, 21, 21, 1, 45.59%, 1, 0, 2, 0.00, 24628, 31
