# relative_time, cycles_done, cur_item, corpus_count, pending_total, pending_favs, map_size, saved_crashes, saved_hangs, max_depth, execs_per_sec, total_execs, edges_found
76, 0, 12, 17, 12, 0, 33.33%, 0, 0, 5, 0.86, 5624, 25
106, 0, 12, 18, 13, 0, 34.67%, 0, 0, 5, 1.53, 7883, 26
112, 0, 12, 18, 13, 0, 34.67%, 0, 0, 5, 571.11, 10759, 26
135, 0, 12, 18, 13, 0, 34.67%, 0, 0, 5, 6.05, 11782, 26
140, 0, 17, 19, 13, 0, 36.00%, 0, 0, 6, 567.42, 14692, 27
164, 0, 17, 20, 14, 0, 36.00%, 0, 0, 6, 0.45, 14831, 27
170, 0, 17, 21, 15, 0, 37.33%, 0, 0, 6, 546.49, 17728, 28
190, 0, 17, 22, 16, 0, 41.33%, 0, 0, 6, 0.98, 17985, 31
195, 0, 17, 23, 17, 0, 41.33%, 0, 0, 6, 569.47, 20880, 31
216, 0, 17, 23, 17, 0, 41.33%, 0, 0, 6, 3.89, 21485, 31
221, 0, 17, 24, 18, 0, 41.33%, 0, 0, 6, 595.03, 24440, 31
244, 0, 17, 25, 19, 0, 41.33%, 0, 0, 6, 5.56, 25350, 31
249, 0, 20, 25, 18, 3, 41.33%, 0, 0, 6, 573.51, 28341, 31
273, 0, 18, 25, 17, 2, 41.33%, 0, 0, 6, 5.74, 28876, 31
278, 0, 20, 26, 16, 0, 41.33%, 0, 0, 7, 620.41, 32118, 31
299, 0, 20, 26, 16, 0, 41.33%, 0, 0, 7, 4.50, 33258, 31
304, 0, 20, 26, 16, 0, 41.33%, 0, 0, 7, 591.34, 36314, 31
320, 0, 22, 26, 16, 0, 41.33%, 0, 0, 7, 7.18, 37887, 31
333, 0, 22, 26, 16, 0, 41.33%, 0, 0, 7, 0.15, 37889, 31
338, 0, 19, 27, 17, 0, 41.33%, 0, 0, 7, 636.28, 41164, 31
365, 0, 19, 27, 17, 0, 41.33%, 0, 0, 7, 1.50, 42712, 31
370, 0, 20, 28, 17, 0, 42.67%, 0, 0, 7, 559.89, 45592, 32
395, 0, 20, 28, 17, 0, 42.67%, 0, 0, 7, 0.93, 46736, 32
401, 0, 27, 32, 21, 0, 44.00%, 0, 0, 8, 593.26, 49749, 33
414, 0, 27, 32, 21, 0, 44.00%, 0, 0, 8, 8.28, 50903, 33
422, 0, 27, 33, 22, 0, 45.33%, 0, 0, 8, 6.63, 51594, 34
433, 0, 27, 33, 22, 0, 45.33%, 0, 0, 8, 0.46, 51599, 34
438, 0, 27, 34, 23, 0, 46.67%, 0, 0, 8, 622.59, 54865, 35
459, 0, 27, 34, 23, 0, 46.67%, 0, 0, 8, 2.93, 55879, 35
464, 0, 27, 35, 24, 0, 48.00%, 0, 0, 8, 595.36, 58952, 36
484, 0, 27, 35, 24, 0, 48.00%, 0, 0, 8, 5.74, 60130, 36
489, 0, 34, 39, 27, 3, 49.33%, 0, 0, 9, 584.48, 63134, 37
502, 0, 34, 39, 27, 3, 49.33%, 0, 0, 9, 0.92, 63651, 37
519, 0, 37, 41, 27, 3, 49.33%, 0, 0, 10, 5.53, 66381, 37
524, 0, 33, 44, 28, 1, 49.33%, 0, 0, 10, 671.33, 70010, 37
540, 0, 38, 46, 28, 0, 49.33%, 0, 0, 10, 2.07, 71794, 37
545, 0, 38, 47, 29, 0, 49.33%, 0, 0, 10, 756.45, 75745, 37
561, 0, 38, 48, 30, 0, 49.33%, 0, 0, 10, 9.70, 77777, 37
566, 0, 38, 48, 30, 0, 49.33%, 0, 0, 10, 806.04, 81832, 37
575, 0, 38, 49, 31, 0, 49.33%, 0, 0, 10, 4.63, 83715, 37
589, 0, 41, 51, 32, 0, 49.33%, 0, 0, 10, 8.32, 87154, 37
594, 0, 41, 51, 32, 0, 49.33%, 0, 0, 10, 808.14, 91394, 37
602, 0, 41, 51, 32, 0, 49.33%, 0, 0, 10, 2.86, 93386, 37
615, 0, 45, 52, 32, 0, 49.33%, 0, 0, 11, 14.42, 97521, 37
620, 0, 45, 53, 33, 0, 49.33%, 0, 0, 11, 809.98, 101640, 37
627, 0, 45, 53, 33, 0, 49.33%, 0, 0, 11, 14.43, 103688, 37
632, 0, 45, 53, 33, 0, 49.33%, 0, 0, 11, 837.35, 108050, 37
643, 0, 38, 54, 34, 0, 49.33%, 0, 0, 11, 19.70, 110836, 37
648, 0, 37, 55, 35, 0, 49.33%, 0, 0, 11, 828.77, 115097, 37
662, 0, 50, 56, 36, 0, 49.33%, 0, 0, 11, 14.88, 118318, 37
667, 0, 50, 56, 36, 0, 49.33%, 0, 0, 11, 848.41, 122556, 37
673, 0, 50, 56, 36, 0, 49.33%, 0, 0, 11, 8.08, 125999, 37
679, 0, 0, 56, 36, 0, 49.33%, 0, 0, 11, 818.73, 130142, 37
686, 0, 45, 56, 36, 0, 49.33%, 0, 0, 11, 22.94, 132129, 37
691, 1, 20, 60, 40, 0, 49.33%, 0, 0, 11, 827.95, 136298, 37
697, 1, 50, 64, 44, 0, 49.33%, 0, 0, 11, 793.06, 140229, 37
702, 1, 18, 65, 44, 0, 49.33%, 0, 0, 11, 813.04, 144422, 37
707, 1, 31, 65, 44, 0, 49.33%, 0, 0, 11, 18.29, 146980, 37
712, 1, 38, 67, 45, 0, 49.33%, 0, 0, 11, 813.48, 151012, 37
718, 1, 22, 68, 46, 0, 49.33%, 0, 0, 11, 822.99, 153793, 37
723, 1, 0, 68, 45, 0, 49.33%, 0, 0, 11, 831.79, 157931, 37
728, 1, 26, 68, 45, 0, 49.33%, 0, 0, 11, 827.49, 162087, 37
733, 1, 20, 68, 44, 0, 49.33%, 0, 0, 11, 830.14, 166340, 37
738, 1, 22, 68, 44, 0, 49.33%, 0, 0, 11, 821.29, 170568, 37
747, 1, 20, 69, 43, 0, 49.33%, 0, 0, 11, 42.57, 174553, 37
752, 1, 31, 69, 43, 0, 49.33%, 0, 0, 11, 817.41, 178761, 37
757, 2, 65, 71, 45, 0, 49.33%, 0, 0, 11, 821.61, 182924, 37
762, 2, 31, 77, 49, 0, 49.33%, 0, 0, 11, 819.78, 187014, 37
767, 2, 83, 87, 58, 1, 52.00%, 0, 0, 11, 759.51, 190794, 39
774, 2, 83, 89, 60, 1, 52.00%, 0, 0, 11, 33.88, 193706, 39
779, 2, 83, 90, 61, 1, 52.00%, 0, 0, 11, 711.02, 197451, 39
784, 2, 90, 92, 62, 1, 54.67%, 0, 0, 11, 750.18, 201284, 41
789, 2, 90, 93, 60, 0, 54.67%, 0, 0, 12, 767.73, 205209, 41
794, 2, 45, 95, 62, 0, 54.67%, 0, 0, 12, 774.46, 209167, 41
800, 2, 81, 97, 64, 0, 54.67%, 0, 0, 12, 55.25, 212486, 41
805, 2, 81, 98, 65, 0, 54.67%, 0, 0, 12, 719.88, 216210, 41
810, 2, 0, 101, 68, 0, 54.67%, 0, 0, 12, 739.95, 219838, 41
815, 2, 0, 105, 72, 0, 54.67%, 0, 0, 12, 740.24, 223487, 41
820, 2, 90, 105, 72, 0, 54.67%, 1, 0, 12, 0.00, 226554, 41
