# relative_time, cycles_done, cur_item, corpus_count, pending_total, pending_favs, map_size, saved_crashes, saved_hangs, max_depth, execs_per_sec, total_execs, edges_found
61, 2, 34, 37, 25, 0, 43.59%, 0, 0, 4, 783.08, 47091, 34
66, 2, 19, 41, 28, 0, 44.87%, 0, 0, 4, 784.02, 51062, 35
71, 2, 0, 43, 30, 0, 44.87%, 0, 0, 4, 779.23, 55085, 35
76, 2, 0, 44, 31, 0, 44.87%, 0, 0, 4, 776.77, 59070, 35
81, 2, 17, 44, 31, 0, 44.87%, 0, 0, 4, 776.04, 62934, 35
86, 2, 0, 44, 31, 0, 44.87%, 0, 0, 4, 805.98, 67121, 35
92, 3, 0, 45, 32, 0, 44.87%, 0, 0, 4, 827.59, 70519, 35
97, 3, 27, 45, 30, 0, 44.87%, 0, 0, 4, 845.46, 74543, 35
102, 3, 16, 45, 29, 0, 44.87%, 0, 0, 4, 809.35, 78429, 35
107, 3, 0, 45, 29, 0, 44.87%, 0, 0, 4, 802.43, 82514, 35
112, 3, 0, 45, 29, 0, 44.87%, 0, 0, 4, 806.57, 86455, 35
117, 3, 34, 46, 29, 0, 44.87%, 0, 0, 5, 816.77, 90625, 35
122, 4, 34, 46, 28, 0, 44.87%, 0, 0, 5, 760.23, 94277, 35
127, 4, 38, 46, 28, 0, 44.87%, 0, 0, 5, 835.76, 97869, 35
132, 4, 0, 46, 27, 0, 44.87%, 0, 0, 5, 781.39, 101602, 35
137, 4, 0, 46, 27, 0, 44.87%, 0, 0, 5, 814.27, 105091, 35
142, 4, 0, 46, 27, 0, 44.87%, 0, 0, 5, 871.86, 109245, 35
147, 5, 0, 46, 27, 0, 44.87%, 0, 0, 5, 814.19, 113308, 35
152, 5, 0, 46, 26, 0, 44.87%, 0, 0, 5, 825.51, 117534, 35
157, 5, 0, 46, 26, 0, 44.87%, 0, 0, 5, 849.16, 121508, 35
163, 5, 26, 46, 26, 0, 44.87%, 0, 0, 5, 801.92, 125401, 35
168, 5, 0, 48, 28, 0, 44.87%, 0, 0, 5, 782.33, 129322, 35
173, 5, 0, 49, 28, 0, 44.87%, 0, 0, 5, 830.95, 133637, 35
178, 6, 0, 49, 28, 0, 44.87%, 0, 0, 5, 870.83, 137198, 35
183, 6, 0, 49, 28, 0, 44.87%, 0, 0, 5, 871.79, 141655, 35
188, 6, 0, 49, 28, 0, 44.87%, 0, 0, 5, 889.45, 145973, 35
193, 6, 0, 49, 28, 0, 44.87%, 0, 0, 5, 822.12, 149919, 35
198, 6, 34, 49, 27, 0, 44.87%, 0, 0, 5, 844.28, 154146, 35
203, 7, 22, 49, 26, 0, 44.87%, 0, 0, 5, 855.03, 158298, 35
208, 7, 0, 49, 26, 0, 44.87%, 0, 0, 5, 853.28, 162264, 35
214, 7, 0, 50, 25, 0, 46.15%, 0, 0, 5, 830.42, 166331, 36
219, 7, 49, 54, 29, 0, 50.00%, 0, 0, 5, 879.11, 170562, 39
224, 7, 49, 54, 29, 0, 50.00%, 0, 0, 5, 857.80, 174880, 39
229, 7, 0, 56, 27, 0, 51.28%, 0, 0, 5, 847.92, 179010, 40
234, 7, 51, 56, 27, 0, 51.28%, 0, 0, 5, 849.97, 183359, 40
239, 7, 53, 56, 27, 0, 51.28%, 0, 0, 5, 832.04, 187581, 40
244, 7, 53, 59, 30, 0, 57.69%, 0, 0, 5, 860.97, 191697, 45
249, 7, 53, 59, 30, 0, 57.69%, 0, 0, 5, 872.25, 196015, 45
255, 7, 57, 60, 30, 1, 57.69%, 0, 0, 5, 854.90, 200259, 45
260, 7, 54, 62, 31, 0, 58.97%, 0, 0, 5, 870.02, 204596, 46
265, 7, 54, 62, 31, 0, 58.97%, 0, 0, 5, 835.02, 208595, 46
270, 7, 0, 62, 30, 0, 58.97%, 0, 0, 5, 859.23, 212883, 46
275, 7, 58, 62, 30, 0, 58.97%, 0, 0, 5, 859.77, 216933, 46
280, 7, 61, 62, 30, 0, 58.97%, 0, 0, 5, 836.37, 221232, 46
285, 7, 57, 62, 30, 0, 58.97%, 0, 0, 5, 895.00, 225611, 46
291, 7, 61, 63, 30, 0, 58.97%, 0, 0, 5, 913.43, 230147, 46
296, 8, 34, 63, 30, 0, 58.97%, 0, 0, 5, 869.43, 234437, 46
301, 8, 24, 63, 30, 0, 58.97%, 0, 0, 5, 859.35, 238896, 46
306, 8, 58, 63, 29, 0, 58.97%, 0, 0, 5, 849.07, 243135, 46
311, 8, 0, 63, 29, 0, 58.97%, 0, 0, 5, 910.48, 247371, 46
316, 8, 0, 63, 28, 0, 58.97%, 0, 0, 5, 894.09, 251600, 46
321, 8, 19, 63, 28, 0, 58.97%, 0, 0, 5, 854.25, 255959, 46
327, 8, 0, 64, 29, 0, 58.97%, 0, 0, 5, 859.05, 260356, 46
332, 9, 0, 64, 28, 0, 58.97%, 0, 0, 5, 854.79, 264524, 46
337, 9, 0, 64, 28, 0, 58.97%, 0, 0, 5, 888.86, 268521, 46
342, 9, 0, 65, 29, 0, 58.97%, 0, 0, 6, 903.42, 272842, 46
347, 9, 0, 65, 29, 0, 58.97%, 0, 0, 6, 842.51, 276455, 46
352, 9, 49, 67, 30, 0, 58.97%, 0, 0, 6, 840.02, 280701, 46
357, 9, 49, 67, 30, 0, 58.97%, 0, 0, 6, 856.82, 285048, 46
362, 9, 0, 67, 30, 0, 58.97%, 0, 0, 6, 848.89, 289251, 46
367, 9, 0, 69, 32, 0, 58.97%, 0, 0, 6, 876.07, 293668, 46
372, 10, 0, 69, 32, 0, 58.97%, 0, 0, 6, 940.06, 297913, 46
377, 10, 0, 69, 32, 0, 58.97%, 0, 0, 6, 878.16, 302274, 46
382, 10, 16, 69, 32, 0, 58.97%, 0, 0, 6, 878.88, 306501, 46
388, 10, 58, 69, 32, 0, 58.97%, 0, 0, 6, 883.94, 311116, 46
393, 10, 69, 70, 32, 0, 61.54%, 0, 0, 6, 873.88, 315463, 48
394, 10, 69, 70, 32, 0, 61.54%, 1, 0, 6, 0.00, 316739, 48
