# relative_time, cycles_done, cur_item, corpus_count, pending_total, pending_favs, map_size, saved_crashes, saved_hangs, max_depth, execs_per_sec, total_execs, edges_found
61, 0, 0, 27, 27, 1, 52.56%, 0, 0, 2, 759.57, 45484, 41
66, 0, 0, 27, 27, 1, 52.56%, 0, 0, 2, 745.61, 49264, 41
71, 0, 0, 27, 27, 1, 52.56%, 0, 0, 2, 753.00, 53177, 41
76, 0, 0, 27, 27, 1, 52.56%, 0, 0, 2, 749.45, 57049, 41
81, 0, 0, 27, 27, 1, 52.56%, 0, 0, 2, 763.67, 60994, 41
86, 0, 0, 27, 27, 1, 52.56%, 0, 0, 2, 763.59, 64849, 41
92, 0, 0, 27, 27, 1, 52.56%, 0, 0, 2, 820.33, 68231, 41
97, 0, 0, 27, 27, 1, 52.56%, 0, 0, 2, 796.37, 72154, 41
102, 0, 0, 27, 27, 1, 52.56%, 0, 0, 2, 777.70, 76009, 41
107, 0, 0, 27, 27, 1, 52.56%, 0, 0, 2, 756.21, 79879, 41
112, 0, 0, 27, 27, 1, 52.56%, 0, 0, 2, 752.76, 83479, 41
117, 0, 0, 27, 27, 1, 52.56%, 0, 0, 2, 775.77, 87364, 41
122, 0, 0, 27, 27, 1, 52.56%, 0, 0, 2, 739.91, 91033, 41
127, 0, 0, 27, 27, 1, 52.56%, 0, 0, 2, 820.19, 94519, 41
132, 0, 0, 28, 28, 1, 52.56%, 0, 0, 2, 766.10, 98321, 41
137, 0, 0, 28, 28, 1, 52.56%, 0, 0, 2, 800.64, 101576, 41
142, 0, 0, 28, 28, 1, 52.56%, 0, 0, 2, 802.42, 105566, 41
147, 0, 0, 28, 28, 1, 52.56%, 0, 0, 2, 794.25, 109502, 41
153, 0, 0, 28, 28, 1, 52.56%, 0, 0, 2, 811.30, 113678, 41
158, 0, 0, 28, 28, 1, 52.56%, 0, 0, 2, 772.90, 117262, 41
163, 0, 0, 28, 28, 1, 52.56%, 0, 0, 2, 789.04, 121196, 41
168, 0, 0, 28, 28, 1, 52.56%, 0, 0, 2, 782.83, 125201, 41
173, 0, 0, 28, 28, 1, 52.56%, 0, 0, 2, 812.13, 129230, 41
178, 0, 0, 28, 28, 1, 52.56%, 0, 0, 2, 810.45, 132670, 41
183, 0, 0, 28, 28, 1, 52.56%, 0, 0, 2, 836.98, 136894, 41
188, 0, 0, 28, 28, 1, 52.56%, 0, 0, 2, 803.85, 140906, 41
193, 0, 0, 28, 28, 1, 52.56%, 0, 0, 2, 773.66, 144746, 41
198, 0, 0, 29, 29, 1, 53.85%, 0, 0, 2, 821.43, 148885, 42
203, 0, 0, 29, 29, 1, 53.85%, 0, 0, 2, 796.73, 152883, 42
209, 0, 0, 29, 29, 1, 53.85%, 0, 0, 2, 808.15, 156677, 42
214, 0, 0, 29, 29, 1, 53.85%, 0, 0, 2, 802.59, 160653, 42
219, 0, 0, 29, 29, 1, 53.85%, 0, 0, 2, 829.02, 164789, 42
224, 0, 0, 29, 29, 1, 53.85%, 0, 0, 2, 839.62, 168837, 42
229, 0, 0, 30, 30, 1, 55.13%, 0, 0, 2, 837.94, 173036, 43
234, 0, 0, 30, 30, 1, 55.13%, 0, 0, 2, 820.19, 177036, 43
239, 0, 0, 30, 30, 1, 55.13%, 0, 0, 2, 814.21, 180988, 43
244, 0, 0, 30, 30, 1, 55.13%, 0, 0, 2, 827.71, 185196, 43
249, 0, 0, 30, 30, 1, 55.13%, 0, 0, 2, 844.07, 189388, 43
255, 0, 0, 30, 30, 1, 55.13%, 0, 0, 2, 834.93, 193516, 43
260, 0, 0, 30, 30, 1, 55.13%, 0, 0, 2, 849.25, 197820, 43
265, 0, 0, 30, 30, 1, 55.13%, 0, 0, 2, 809.81, 201772, 43
270, 0, 0, 30, 30, 1, 55.13%, 0, 0, 2, 837.45, 206028, 43
275, 0, 0, 30, 30, 1, 55.13%, 0, 0, 2, 793.06, 209948, 43
280, 0, 0, 30, 30, 1, 55.13%, 0, 0, 2, 880.00, 214188, 43
285, 0, 0, 30, 30, 1, 55.13%, 0, 0, 2, 830.22, 218300, 43
291, 0, 0, 30, 30, 1, 55.13%, 0, 0, 2, 834.62, 222668, 43
296, 0, 0, 30, 30, 1, 55.13%, 0, 0, 2, 824.80, 226956, 43
301, 0, 0, 30, 30, 1, 55.13%, 0, 0, 2, 874.73, 231099, 43
306, 0, 0, 30, 30, 1, 55.13%, 0, 0, 2, 859.05, 235111, 43
311, 0, 0, 30, 30, 1, 55.13%, 0, 0, 2, 878.69, 239055, 43
316, 0, 0, 30, 30, 1, 55.13%, 0, 0, 2, 835.55, 243244, 43
321, 0, 0, 30, 30, 1, 55.13%, 0, 0, 2, 827.84, 247452, 43
327, 0, 0, 30, 30, 1, 55.13%, 0, 0, 2, 823.70, 251692, 43
332, 0, 0, 30, 30, 1, 55.13%, 0, 0, 2, 817.07, 255676, 43
337, 0, 0, 30, 30, 1, 55.13%, 0, 0, 2, 845.67, 259500, 43
342, 0, 0, 30, 30, 1, 55.13%, 0, 0, 2, 881.40, 263705, 43
347, 0, 0, 30, 30, 1, 55.13%, 0, 0, 2, 839.88, 267164, 43
352, 0, 0, 30, 30, 1, 55.13%, 0, 0, 2, 824.52, 271420, 43
357, 0, 26, 45, 39, 6, 56.41%, 0, 0, 3, 836.94, 275667, 44
362, 0, 48, 56, 40, 0, 56.41%, 0, 0, 4, 596.87, 279869, 44
367, 0, 47, 59, 43, 0, 56.41%, 0, 0, 4, 804.39, 284177, 44
372, 0, 54, 61, 44, 0, 57.69%, 0, 0, 4, 909.29, 288244, 45
378, 0, 59, 62, 45, 0, 57.69%, 0, 0, 5, 831.17, 292496, 45
383, 0, 26, 63, 46, 0, 57.69%, 0, 0, 5, 855.28, 296752, 45
388, 0, 38, 63, 44, 0, 57.69%, 0, 0, 5, 857.82, 301072, 45
393, 0, 62, 65, 45, 0, 57.69%, 0, 0, 5, 855.12, 305511, 45
398, 0, 62, 65, 45, 0, 57.69%, 0, 0, 5, 867.92, 309868, 45
403, 0, 48, 67, 46, 0, 57.69%, 0, 0, 5, 872.59, 314348, 45
408, 1, 66, 70, 49, 0, 61.54%, 0, 0, 5, 866.65, 318657, 48
413, 1, 66, 70, 49, 0, 61.54%, 0, 0, 5, 867.99, 322995, 48
418, 1, 68, 71, 49, 0, 61.54%, 0, 0, 6, 848.90, 327258, 48
423, 1, 68, 71, 49, 0, 61.54%, 0, 0, 6, 867.26, 331683, 48
429, 1, 29, 73, 50, 0, 61.54%, 0, 0, 6, 874.78, 336202, 48
434, 1, 48, 73, 49, 0, 61.54%, 0, 0, 6, 867.34, 340501, 48
439, 1, 34, 74, 49, 0, 61.54%, 0, 0, 6, 873.08, 344769, 48
444, 1, 68, 74, 48, 0, 61.54%, 0, 0, 6, 881.64, 349115, 48
449, 1, 48, 74, 48, 0, 61.54%, 0, 0, 6, 858.48, 353586, 48
454, 1, 48, 74, 48, 0, 61.54%, 0, 0, 6, 855.81, 357943, 48
455, 1, 68, 74, 48, 0, 61.54%, 1, 0, 6, 0.00, 359046, 48
