# relative_time, cycles_done, cur_item, corpus_count, pending_total, pending_favs, map_size, saved_crashes, saved_hangs, max_depth, execs_per_sec, total_execs, edges_found
61, 1, 40, 49, 40, 3, 50.68%, 0, 0, 5, 773.89, 46409, 37
66, 1, 43, 52, 41, 5, 52.05%, 0, 0, 6, 772.66, 50270, 38
71, 1, 33, 54, 37, 0, 52.05%, 0, 0, 6, 766.07, 54210, 38
76, 1, 51, 55, 38, 0, 52.05%, 0, 0, 6, 754.22, 57960, 38
82, 1, 41, 58, 41, 0, 52.05%, 0, 0, 7, 769.91, 61898, 38
87, 1, 46, 60, 42, 0, 52.05%, 0, 0, 7, 796.95, 65868, 38
92, 1, 46, 61, 43, 0, 52.05%, 0, 0, 7, 828.88, 69298, 38
97, 1, 54, 62, 44, 0, 52.05%, 0, 0, 7, 813.80, 73261, 38
99, 1, 21, 62, 43, 0, 52.05%, 1, 0, 7, 0.00, 74709, 38
