# relative_time, cycles_done, cur_item, corpus_count, pending_total, pending_favs, map_size, saved_crashes, saved_hangs, max_depth, execs_per_sec, total_execs, edges_found
60, 0, 14, 19, 14, 0, 30.14%, 0, 0, 4, 178.22, 10268, 22
66, 0, 2, 20, 14, 0, 34.25%, 0, 0, 4, 168.95, 11145, 25
71, 0, 19, 22, 16, 0, 34.25%, 0, 0, 4, 171.39, 12055, 25
76, 0, 19, 23, 17, 0, 35.62%, 0, 0, 4, 215.62, 13128, 26
81, 0, 19, 25, 19, 0, 36.99%, 0, 0, 4, 198.59, 14149, 27
86, 0, 23, 30, 23, 1, 38.36%, 0, 0, 5, 197.61, 15171, 28
91, 0, 23, 34, 27, 1, 39.73%, 0, 0, 5, 193.84, 16144, 29
97, 0, 23, 34, 27, 1, 39.73%, 0, 0, 5, 192.37, 17140, 29
102, 0, 23, 34, 27, 1, 39.73%, 0, 0, 5, 195.70, 18094, 29
107, 0, 23, 34, 27, 1, 39.73%, 0, 0, 5, 194.15, 19060, 29
112, 0, 23, 35, 28, 1, 39.73%, 0, 0, 5, 190.55, 20024, 29
117, 0, 23, 36, 29, 1, 39.73%, 0, 0, 5, 201.54, 20990, 29
122, 0, 23, 36, 29, 1, 39.73%, 0, 0, 5, 198.32, 22005, 29
127, 0, 23, 36, 29, 1, 39.73%, 0, 0, 5, 199.46, 23031, 29
132, 0, 23, 36, 29, 1, 39.73%, 0, 0, 5, 197.57, 24012, 29
137, 0, 23, 38, 31, 1, 39.73%, 0, 0, 5, 196.91, 25001, 29
142, 0, 23, 39, 32, 1, 41.10%, 0, 0, 5, 198.95, 26019, 30
147, 0, 23, 39, 32, 1, 41.10%, 0, 0, 5, 193.26, 27015, 30
152, 0, 38, 40, 31, 2, 41.10%, 0, 0, 6, 191.73, 27944, 30
158, 0, 32, 41, 31, 1, 41.10%, 0, 0, 6, 29.08, 28908, 30
163, 0, 32, 42, 31, 0, 41.10%, 0, 0, 6, 193.09, 29924, 30
168, 0, 24, 43, 32, 0, 41.10%, 0, 0, 6, 196.16, 30936, 30
173, 0, 24, 43, 32, 0, 41.10%, 0, 0, 6, 194.14, 31942, 30
178, 0, 24, 44, 33, 0, 41.10%, 0, 0, 6, 200.51, 32979, 30
183, 0, 2, 45, 34, 0, 41.10%, 0, 0, 6, 199.56, 33966, 30
188, 0, 13, 45, 34, 0, 41.10%, 0, 0, 6, 217.59, 35037, 30
194, 0, 23, 45, 34, 0, 41.10%, 0, 0, 6, 231.36, 36239, 30
199, 0, 24, 45, 34, 0, 41.10%, 0, 0, 6, 233.68, 37449, 30
204, 0, 23, 46, 35, 0, 41.10%, 0, 0, 6, 221.85, 38529, 30
209, 0, 32, 47, 36, 0, 41.10%, 0, 0, 6, 234.39, 39710, 30
214, 0, 38, 47, 36, 0, 41.10%, 0, 0, 6, 237.12, 40931, 30
219, 0, 0, 47, 36, 0, 41.10%, 0, 0, 6, 236.42, 42142, 30
224, 0, 29, 47, 36, 0, 41.10%, 0, 0, 6, 236.87, 43318, 30
229, 0, 19, 48, 37, 0, 41.10%, 0, 0, 6, 237.24, 44494, 30
235, 0, 23, 48, 37, 0, 41.10%, 0, 0, 6, 236.90, 45682, 30
240, 0, 32, 48, 37, 0, 41.10%, 0, 0, 6, 234.00, 46870, 30
245, 0, 24, 49, 38, 0, 41.10%, 0, 0, 6, 236.45, 48072, 30
250, 0, 32, 49, 38, 0, 41.10%, 0, 0, 6, 234.15, 49218, 30
255, 1, 2, 49, 38, 0, 41.10%, 0, 0, 6, 236.98, 50400, 30
260, 1, 24, 49, 38, 0, 41.10%, 0, 0, 6, 228.42, 51576, 30
265, 1, 23, 49, 38, 0, 41.10%, 0, 0, 6, 228.19, 52781, 30
271, 1, 24, 50, 38, 0, 41.10%, 0, 0, 6, 230.17, 53987, 30
276, 1, 49, 50, 38, 0, 41.10%, 0, 0, 6, 231.10, 55157, 30
281, 1, 24, 50, 37, 0, 41.10%, 0, 0, 6, 231.09, 56377, 30
286, 1, 38, 50, 37, 0, 41.10%, 0, 0, 6, 227.04, 57522, 30
291, 1, 31, 50, 36, 0, 41.10%, 0, 0, 6, 231.85, 58756, 30
296, 1, 32, 50, 35, 0, 41.10%, 0, 0, 6, 230.78, 59924, 30
301, 1, 1, 50, 35, 0, 41.10%, 0, 0, 6, 231.30, 61131, 30
306, 1, 11, 50, 35, 0, 41.10%, 0, 0, 6, 228.25, 62271, 30
311, 1, 24, 52, 36, 0, 41.10%, 0, 0, 6, 232.99, 63488, 30
316, 1, 1, 52, 36, 0, 41.10%, 0, 0, 6, 233.92, 64671, 30
322, 1, 1, 52, 36, 0, 41.10%, 0, 0, 6, 233.26, 65878, 30
327, 1, 23, 52, 36, 0, 41.10%, 0, 0, 6, 231.89, 67077, 30
332, 1, 38, 52, 36, 0, 41.10%, 0, 0, 6, 233.93, 68250, 30
337, 1, 24, 52, 36, 0, 41.10%, 0, 0, 6, 233.34, 69424, 30
342, 1, 24, 52, 36, 0, 41.10%, 0, 0, 6, 232.95, 70587, 30
347, 1, 24, 52, 36, 0, 41.10%, 0, 0, 6, 229.09, 71661, 30
352, 1, 27, 52, 36, 0, 41.10%, 0, 0, 6, 232.74, 72838, 30
357, 1, 32, 52, 35, 0, 41.10%, 0, 0, 6, 230.85, 74038, 30
362, 2, 32, 52, 35, 0, 41.10%, 0, 0, 6, 229.41, 75196, 30
367, 2, 1, 52, 35, 0, 41.10%, 0, 0, 6, 235.44, 76387, 30
372, 2, 32, 52, 35, 0, 41.10%, 0, 0, 6, 227.09, 77569, 30
378, 2, 29, 53, 35, 0, 42.47%, 0, 0, 6, 232.88, 78782, 31
383, 2, 23, 53, 35, 0, 42.47%, 0, 0, 6, 234.83, 79963, 31
388, 2, 29, 53, 35, 0, 42.47%, 0, 0, 6, 235.03, 81168, 31
393, 2, 24, 53, 35, 0, 42.47%, 0, 0, 6, 235.17, 82349, 31
398, 2, 1, 54, 36, 0, 42.47%, 0, 0, 6, 233.26, 83546, 31
403, 2, 32, 54, 36, 0, 42.47%, 0, 0, 6, 234.77, 84753, 31
408, 2, 52, 55, 37, 0, 43.84%, 0, 0, 6, 234.96, 85965, 32
413, 2, 12, 55, 36, 0, 43.84%, 0, 0, 6, 233.95, 87136, 32
419, 2, 54, 56, 37, 0, 43.84%, 0, 0, 6, 238.04, 88328, 32
424, 2, 54, 56, 37, 0, 43.84%, 0, 0, 6, 238.33, 89512, 32
429, 2, 54, 57, 38, 0, 43.84%, 0, 0, 6, 243.65, 90751, 32
434, 2, 54, 57, 38, 0, 43.84%, 0, 0, 6, 226.32, 91859, 32
439, 2, 54, 57, 38, 0, 43.84%, 0, 0, 6, 226.03, 93035, 32
444, 2, 54, 57, 38, 0, 43.84%, 0, 0, 6, 231.38, 94255, 32
449, 2, 54, 57, 38, 0, 43.84%, 0, 0, 6, 229.24, 95451, 32
454, 2, 54, 57, 38, 0, 43.84%, 0, 0, 6, 230.53, 96664, 32
459, 2, 54, 58, 39, 0, 43.84%, 0, 0, 6, 233.25, 97844, 32
464, 2, 53, 58, 39, 0, 43.84%, 0, 0, 6, 233.56, 99030, 32
469, 2, 13, 59, 39, 0, 43.84%, 0, 0, 6, 232.88, 100208, 32
474, 2, 54, 59, 39, 0, 43.84%, 0, 0, 6, 234.31, 101396, 32
480, 2, 54, 59, 39, 0, 43.84%, 0, 0, 6, 233.64, 102613, 32
485, 2, 24, 59, 39, 0, 43.84%, 0, 0, 6, 233.58, 103795, 32
490, 2, 1, 59, 39, 0, 43.84%, 0, 0, 6, 231.09, 105004, 32
495, 2, 57, 59, 39, 0, 43.84%, 0, 0, 6, 231.32, 106208, 32
500, 2, 24, 59, 38, 0, 43.84%, 0, 0, 6, 231.57, 107417, 32
505, 2, 1, 59, 38, 0, 43.84%, 0, 0, 6, 235.63, 108637, 32
510, 2, 14, 59, 38, 0, 43.84%, 0, 0, 6, 234.85, 109847, 32
516, 2, 24, 59, 38, 0, 43.84%, 0, 0, 6, 236.47, 111036, 32
521, 2, 32, 59, 37, 0, 43.84%, 0, 0, 6, 234.62, 112210, 32
526, 2, 13, 59, 37, 0, 43.84%, 0, 0, 6, 232.91, 113403, 32
531, 3, 24, 59, 37, 0, 43.84%, 0, 0, 6, 234.56, 114573, 32
536, 3, 52, 59, 37, 0, 43.84%, 0, 0, 6, 237.30, 115764, 32
541, 3, 24, 59, 37, 0, 43.84%, 0, 0, 6, 236.36, 116944, 32
546, 3, 54, 59, 37, 0, 43.84%, 0, 0, 6, 235.06, 118159, 32
551, 3, 32, 59, 36, 0, 43.84%, 0, 0, 6, 237.82, 119397, 32
556, 3, 38, 59, 36, 0, 43.84%, 0, 0, 6, 238.39, 120590, 32
561, 3, 54, 59, 36, 0, 43.84%, 0, 0, 6, 236.82, 121789, 32
566, 3, 1, 59, 36, 0, 43.84%, 0, 0, 6, 235.40, 122996, 32
571, 3, 1, 59, 36, 0, 43.84%, 0, 0, 6, 234.68, 124171, 32
577, 3, 52, 59, 36, 0, 43.84%, 0, 0, 6, 233.25, 125369, 32
582, 3, 54, 59, 36, 0, 43.84%, 0, 0, 6, 233.28, 126538, 32
587, 3, 32, 59, 36, 0, 43.84%, 0, 0, 6, 234.48, 127706, 32
592, 3, 54, 59, 36, 0, 43.84%, 0, 0, 6, 235.29, 128912, 32
597, 3, 38, 59, 36, 0, 43.84%, 0, 0, 6, 236.25, 130126, 32
602, 3, 12, 60, 37, 0, 43.84%, 0, 0, 6, 232.43, 131308, 32
607, 3, 1, 65, 42, 0, 43.84%, 0, 0, 6, 229.57, 132456, 32
612, 3, 38, 69, 46, 0, 43.84%, 0, 0, 6, 226.71, 133643, 32
618, 3, 1, 74, 51, 0, 43.84%, 0, 0, 6, 228.21, 134836, 32
623, 3, 54, 74, 51, 0, 43.84%, 0, 0, 6, 228.81, 136038, 32
628, 3, 1, 74, 51, 0, 43.84%, 0, 0, 6, 232.90, 137256, 32
633, 3, 54, 75, 52, 0, 43.84%, 0, 0, 6, 230.10, 138455, 32
638, 3, 54, 75, 51, 0, 43.84%, 0, 0, 6, 228.37, 139646, 32
643, 3, 68, 76, 52, 0, 43.84%, 0, 0, 6, 226.02, 140783, 32
649, 3, 54, 77, 52, 0, 43.84%, 0, 0, 7, 225.00, 141958, 32
654, 3, 54, 78, 53, 0, 43.84%, 0, 0, 7, 228.17, 143140, 32
659, 3, 1, 79, 54, 0, 43.84%, 0, 0, 7, 221.88, 144248, 32
664, 3, 13, 81, 56, 0, 43.84%, 0, 0, 7, 227.84, 145439, 32
669, 3, 82, 83, 58, 1, 45.21%, 0, 0, 7, 219.71, 146539, 33
674, 3, 82, 83, 58, 1, 45.21%, 0, 0, 7, 222.28, 147667, 33
679, 3, 29, 84, 58, 0, 45.21%, 0, 0, 7, 224.55, 148799, 33
684, 3, 52, 86, 60, 0, 45.21%, 0, 0, 7, 199.37, 149826, 33
689, 3, 85, 86, 60, 1, 45.21%, 0, 0, 7, 211.94, 150917, 33
694, 3, 52, 86, 59, 0, 45.21%, 0, 0, 7, 219.30, 151984, 33
699, 3, 86, 88, 61, 1, 45.21%, 0, 0, 7, 219.60, 153142, 33
705, 3, 56, 88, 60, 0, 45.21%, 0, 0, 7, 229.02, 154322, 33
710, 3, 86, 89, 60, 0, 45.21%, 0, 0, 7, 220.89, 155417, 33
715, 3, 86, 94, 65, 0, 50.68%, 0, 0, 7, 215.88, 156492, 37
720, 3, 86, 94, 65, 0, 50.68%, 0, 0, 7, 218.24, 157600, 37
725, 3, 86, 94, 65, 0, 50.68%, 0, 0, 7, 216.24, 158704, 37
730, 3, 86, 95, 66, 0, 50.68%, 0, 0, 7, 219.09, 159823, 37
735, 3, 86, 95, 66, 0, 50.68%, 0, 0, 7, 214.57, 160919, 37
740, 3, 86, 96, 67, 0, 50.68%, 0, 0, 7, 206.27, 161954, 37
745, 3, 86, 96, 67, 0, 50.68%, 0, 0, 7, 206.34, 162998, 37
750, 3, 86, 99, 70, 0, 50.68%, 0, 0, 7, 214.72, 164083, 37
755, 3, 86, 99, 70, 0, 50.68%, 0, 0, 7, 210.67, 165145, 37
760, 3, 86, 99, 70, 0, 50.68%, 0, 0, 7, 212.66, 166225, 37
765, 3, 86, 100, 71, 0, 50.68%, 0, 0, 7, 206.80, 167286, 37
770, 3, 90, 100, 71, 2, 50.68%, 0, 0, 7, 216.89, 168386, 37
776, 3, 92, 100, 70, 1, 50.68%, 0, 0, 7, 207.95, 169461, 37
781, 3, 92, 100, 70, 1, 50.68%, 0, 0, 7, 208.93, 170529, 37
786, 3, 92, 102, 72, 1, 50.68%, 0, 0, 7, 201.79, 171497, 37
791, 3, 92, 102, 72, 1, 50.68%, 0, 0, 7, 207.41, 172589, 37
796, 3, 92, 102, 72, 1, 50.68%, 0, 0, 7, 209.66, 173659, 37
801, 3, 47, 103, 72, 0, 50.68%, 0, 0, 7, 209.46, 174693, 37
806, 3, 90, 103, 71, 0, 50.68%, 0, 0, 7, 217.90, 175786, 37
811, 3, 90, 103, 71, 0, 50.68%, 0, 0, 7, 199.38, 176754, 37
816, 3, 90, 103, 71, 0, 50.68%, 0, 0, 7, 210.72, 177786, 37
821, 3, 90, 104, 72, 0, 50.68%, 0, 0, 7, 215.57, 178887, 37
826, 3, 90, 104, 72, 0, 50.68%, 0, 0, 7, 208.59, 179935, 37
831, 3, 90, 104, 72, 0, 50.68%, 0, 0, 7, 219.86, 181010, 37
836, 3, 90, 105, 73, 0, 50.68%, 0, 0, 7, 206.89, 182060, 37
841, 3, 90, 107, 75, 0, 50.68%, 0, 0, 7, 186.49, 182942, 37
847, 3, 90, 107, 75, 0, 50.68%, 0, 0, 7, 211.99, 184028, 37
852, 3, 90, 107, 75, 0, 50.68%, 0, 0, 7, 221.00, 185183, 37
857, 3, 81, 107, 75, 0, 50.68%, 0, 0, 7, 212.26, 186292, 37
862, 3, 90, 107, 74, 0, 50.68%, 0, 0, 7, 220.26, 187439, 37
867, 3, 106, 107, 74, 0, 50.68%, 0, 0, 7, 210.31, 188517, 37
872, 3, 106, 107, 74, 0, 50.68%, 0, 0, 7, 194.22, 189489, 37
877, 3, 106, 107, 74, 0, 50.68%, 0, 0, 7, 194.14, 190468, 37
883, 3, 106, 107, 74, 0, 50.68%, 0, 0, 7, 212.85, 191586, 37
888, 3, 90, 107, 73, 0, 50.68%, 0, 0, 7, 223.94, 192737, 37
893, 3, 54, 107, 73, 0, 50.68%, 0, 0, 7, 149.21, 193432, 37
898, 3, 90, 107, 73, 0, 50.68%, 0, 0, 7, 128.98, 194077, 37
903, 3, 90, 107, 73, 0, 50.68%, 0, 0, 7, 158.73, 194851, 37
908, 3, 94, 107, 73, 0, 50.68%, 0, 0, 7, 209.27, 196021, 37
913, 3, 94, 107, 73, 0, 50.68%, 0, 0, 7, 201.24, 197014, 37
918, 3, 94, 107, 73, 0, 50.68%, 0, 0, 7, 218.62, 198118, 37
923, 3, 75, 107, 72, 0, 50.68%, 0, 0, 7, 228.81, 199281, 37
928, 3, 1, 107, 71, 0, 50.68%, 0, 0, 7, 224.06, 200378, 37
933, 3, 90, 107, 71, 0, 50.68%, 0, 0, 7, 226.46, 201564, 37
938, 3, 92, 107, 71, 0, 50.68%, 0, 0, 7, 218.90, 202644, 37
943, 3, 1, 107, 71, 0, 50.68%, 0, 0, 7, 228.97, 203800, 37
949, 3, 24, 108, 72, 0, 50.68%, 0, 0, 7, 230.82, 204994, 37
954, 3, 97, 109, 73, 0, 50.68%, 0, 0, 7, 227.05, 206119, 37
959, 3, 24, 109, 72, 0, 50.68%, 0, 0, 7, 227.23, 207269, 37
964, 3, 24, 109, 72, 0, 50.68%, 0, 0, 7, 222.71, 208371, 37
969, 4, 1, 109, 72, 0, 50.68%, 0, 0, 7, 219.89, 209501, 37
974, 4, 90, 110, 73, 0, 52.05%, 0, 0, 7, 206.94, 210510, 38
979, 4, 109, 110, 73, 1, 52.05%, 0, 0, 7, 198.22, 211493, 38
984, 4, 109, 110, 73, 1, 52.05%, 0, 0, 7, 214.53, 212571, 38
989, 4, 90, 110, 72, 0, 52.05%, 0, 0, 7, 223.55, 213741, 38
994, 4, 109, 110, 72, 0, 52.05%, 0, 0, 7, 222.93, 214847, 38
999, 4, 109, 110, 72, 0, 52.05%, 0, 0, 7, 214.77, 215911, 38
1004, 4, 109, 110, 72, 0, 52.05%, 0, 0, 7, 218.73, 217027, 38
1009, 4, 109, 110, 72, 0, 52.05%, 0, 0, 7, 216.09, 218179, 38
1014, 4, 109, 110, 72, 0, 52.05%, 0, 0, 7, 207.09, 219227, 38
1019, 4, 109, 110, 72, 0, 52.05%, 0, 0, 7, 208.63, 220263, 38
1024, 4, 109, 110, 72, 0, 52.05%, 0, 0, 7, 221.94, 221363, 38
1029, 4, 109, 110, 72, 0, 52.05%, 0, 0, 7, 211.76, 222391, 38
1035, 4, 54, 112, 74, 0, 52.05%, 0, 0, 7, 174.17, 223219, 38
1040, 4, 24, 112, 74, 0, 52.05%, 0, 0, 7, 220.74, 224415, 38
1045, 4, 90, 112, 74, 0, 52.05%, 0, 0, 7, 214.31, 225501, 38
1050, 4, 90, 112, 74, 0, 52.05%, 0, 0, 7, 208.19, 226565, 38
1055, 4, 54, 112, 74, 0, 52.05%, 0, 0, 7, 210.48, 227663, 38
1060, 4, 90, 112, 74, 0, 52.05%, 0, 0, 7, 216.64, 228770, 38
1065, 4, 54, 112, 74, 0, 52.05%, 0, 0, 7, 216.44, 229876, 38
1070, 4, 54, 112, 74, 0, 52.05%, 0, 0, 7, 212.10, 230981, 38
1076, 4, 80, 112, 74, 0, 52.05%, 0, 0, 7, 221.44, 232096, 38
1081, 4, 90, 112, 73, 0, 52.05%, 0, 0, 7, 224.79, 233274, 38
1086, 4, 54, 112, 73, 0, 52.05%, 0, 0, 7, 224.64, 234431, 38
1091, 4, 91, 112, 73, 0, 52.05%, 0, 0, 7, 224.61, 235567, 38
1096, 4, 1, 112, 72, 0, 52.05%, 0, 0, 7, 222.93, 236680, 38
1101, 4, 90, 112, 72, 0, 52.05%, 0, 0, 7, 211.34, 237740, 38
1106, 4, 1, 112, 72, 0, 52.05%, 0, 0, 7, 220.66, 238897, 38
1111, 4, 24, 112, 72, 0, 52.05%, 0, 0, 7, 223.40, 240018, 38
1116, 4, 90, 112, 72, 0, 52.05%, 0, 0, 7, 223.73, 241140, 38
1121, 4, 1, 112, 72, 0, 52.05%, 0, 0, 7, 225.31, 242310, 38
1126, 4, 1, 112, 72, 0, 52.05%, 0, 0, 7, 220.87, 243442, 38
1132, 4, 54, 112, 72, 0, 52.05%, 0, 0, 7, 210.18, 244487, 38
1137, 4, 105, 112, 72, 0, 52.05%, 0, 0, 7, 191.67, 245439, 38
1142, 4, 109, 112, 71, 0, 52.05%, 0, 0, 7, 203.33, 246472, 38
1147, 4, 90, 113, 72, 0, 52.05%, 0, 0, 7, 198.89, 247437, 38
1152, 4, 1, 113, 72, 0, 52.05%, 0, 0, 7, 215.95, 248551, 38
1157, 4, 62, 113, 72, 0, 52.05%, 0, 0, 7, 209.38, 249649, 38
1162, 4, 54, 113, 71, 0, 52.05%, 0, 0, 7, 211.43, 250737, 38
1167, 4, 1, 113, 70, 0, 52.05%, 0, 0, 7, 215.40, 251825, 38
1172, 4, 90, 113, 70, 0, 52.05%, 0, 0, 7, 194.92, 252787, 38
1177, 4, 109, 113, 70, 0, 52.05%, 2, 0, 7, 196.61, 253778, 38
1177, 4, 109, 113, 70, 0, 52.05%, 2, 0, 7, 0.00, 253778, 38
