# relative_time, cycles_done, cur_item, corpus_count, pending_total, pending_favs, map_size, saved_crashes, saved_hangs, max_depth, execs_per_sec, total_execs, edges_found
61, 2, 0, 31, 24, 0, 39.74%, 0, 0, 5, 801.74, 48983, 31
66, 2, 0, 32, 25, 0, 39.74%, 0, 0, 5, 789.80, 53045, 31
71, 2, 16, 33, 26, 0, 39.74%, 0, 0, 5, 789.77, 57117, 31
76, 2, 0, 35, 27, 0, 41.03%, 0, 0, 5, 860.00, 60335, 32
81, 2, 0, 36, 26, 0, 42.31%, 0, 0, 5, 858.41, 63996, 33
87, 3, 0, 37, 26, 0, 42.31%, 0, 0, 5, 826.47, 68094, 33
92, 3, 34, 40, 29, 0, 43.59%, 0, 0, 5, 821.78, 71872, 34
97, 3, 34, 43, 32, 0, 46.15%, 0, 0, 5, 821.48, 76037, 36
102, 3, 40, 44, 32, 2, 46.15%, 0, 0, 5, 815.04, 79808, 36
107, 3, 0, 47, 32, 0, 47.44%, 0, 0, 5, 790.74, 83674, 37
112, 3, 0, 47, 32, 0, 47.44%, 0, 0, 5, 746.36, 87303, 37
117, 3, 44, 50, 34, 0, 47.44%, 0, 0, 5, 117.44, 91244, 37
122, 3, 44, 51, 35, 0, 47.44%, 0, 0, 5, 835.75, 95327, 37
127, 3, 44, 52, 36, 0, 47.44%, 0, 0, 5, 875.00, 98939, 37
132, 3, 38, 52, 36, 0, 47.44%, 0, 0, 5, 796.01, 102527, 37
138, 3, 0, 52, 36, 0, 47.44%, 0, 0, 5, 799.26, 106435, 37
143, 3, 0, 52, 36, 0, 47.44%, 0, 0, 5, 874.47, 110507, 37
148, 4, 0, 52, 36, 0, 47.44%, 0, 0, 5, 824.56, 114487, 37
153, 4, 0, 52, 35, 0, 47.44%, 0, 0, 5, 849.30, 118163, 37
158, 4, 0, 53, 36, 0, 47.44%, 0, 0, 5, 82.39, 121980, 37
163, 4, 0, 53, 36, 0, 47.44%, 0, 0, 5, 826.18, 126088, 37
168, 4, 0, 53, 36, 0, 47.44%, 0, 0, 5, 845.71, 130123, 37
173, 4, 30, 54, 35, 0, 47.44%, 0, 0, 6, 840.09, 134337, 37
178, 4, 38, 54, 35, 0, 47.44%, 0, 0, 6, 880.85, 137994, 37
184, 5, 14, 55, 35, 0, 48.72%, 0, 0, 6, 846.37, 142206, 38
189, 5, 30, 55, 35, 0, 48.72%, 0, 0, 6, 857.10, 145701, 38
194, 5, 0, 55, 35, 0, 48.72%, 0, 0, 6, 119.84, 149162, 38
199, 5, 54, 56, 36, 0, 48.72%, 0, 0, 6, 858.60, 153474, 38
204, 5, 54, 57, 37, 0, 50.00%, 0, 0, 6, 852.98, 157595, 39
209, 5, 54, 57, 37, 0, 50.00%, 0, 0, 6, 850.05, 161877, 39
214, 5, 0, 57, 36, 0, 50.00%, 0, 0, 6, 836.17, 165979, 39
219, 5, 56, 60, 39, 0, 58.97%, 0, 0, 6, 837.70, 170086, 46
224, 5, 56, 60, 39, 0, 58.97%, 0, 0, 6, 836.04, 173894, 46
229, 5, 56, 61, 40, 0, 58.97%, 0, 0, 6, 864.70, 178122, 46
234, 5, 58, 61, 39, 1, 58.97%, 0, 0, 6, 821.04, 181914, 46
239, 5, 0, 61, 37, 0, 58.97%, 0, 0, 6, 831.94, 185979, 46
244, 5, 59, 61, 37, 0, 58.97%, 0, 0, 6, 839.03, 190220, 46
249, 5, 61, 62, 38, 0, 58.97%, 0, 0, 7, 863.09, 194362, 46
255, 5, 0, 62, 37, 0, 58.97%, 0, 0, 7, 873.70, 198551, 46
260, 6, 0, 63, 38, 0, 58.97%, 0, 0, 7, 878.06, 202797, 46
265, 6, 0, 63, 38, 0, 58.97%, 0, 0, 7, 854.17, 207040, 46
270, 6, 30, 63, 38, 0, 58.97%, 0, 0, 7, 851.00, 211234, 46
275, 6, 16, 63, 37, 0, 58.97%, 0, 0, 7, 827.72, 215388, 46
280, 6, 0, 63, 36, 0, 58.97%, 0, 0, 7, 856.37, 219719, 46
286, 6, 0, 63, 36, 0, 58.97%, 0, 0, 7, 850.65, 223966, 46
291, 6, 0, 63, 36, 0, 58.97%, 0, 0, 7, 854.68, 227792, 46
296, 7, 0, 63, 35, 0, 58.97%, 0, 0, 7, 828.01, 231922, 46
301, 7, 38, 63, 34, 0, 58.97%, 0, 0, 7, 898.63, 236300, 46
306, 7, 0, 63, 34, 0, 58.97%, 0, 0, 7, 825.35, 240495, 46
311, 7, 59, 63, 34, 0, 58.97%, 0, 0, 7, 807.65, 244574, 46
316, 7, 44, 63, 34, 0, 58.97%, 0, 0, 7, 813.25, 248676, 46
321, 7, 0, 63, 34, 0, 58.97%, 0, 0, 7, 832.58, 252860, 46
326, 7, 0, 63, 34, 0, 58.97%, 0, 0, 7, 845.51, 257259, 46
331, 7, 59, 63, 34, 0, 58.97%, 0, 0, 7, 807.38, 261337, 46
336, 8, 0, 63, 34, 0, 58.97%, 0, 0, 7, 811.21, 265343, 46
342, 8, 56, 63, 34, 0, 58.97%, 0, 0, 7, 841.09, 269670, 46
347, 8, 0, 63, 33, 0, 58.97%, 0, 0, 7, 842.92, 273946, 46
352, 8, 56, 63, 33, 0, 58.97%, 0, 0, 7, 839.37, 278356, 46
357, 8, 0, 65, 35, 0, 58.97%, 0, 0, 7, 849.34, 282829, 46
362, 8, 0, 66, 35, 0, 61.54%, 0, 0, 7, 847.77, 287124, 48
366, 8, 65, 68, 37, 0, 61.54%, 1, 0, 8, 0.00, 290223, 48
