# relative_time, cycles_done, cur_item, corpus_count, pending_total, pending_favs, map_size, saved_crashes, saved_hangs, max_depth, execs_per_sec, total_execs, edges_found
60, 0, 0, 22, 22, 1, 37.29%, 0, 0, 2, 769.82, 46986, 22
66, 0, 0, 22, 22, 1, 37.29%, 0, 0, 2, 784.92, 51066, 22
71, 0, 0, 22, 22, 1, 37.29%, 0, 0, 2, 775.43, 54996, 22
76, 0, 0, 23, 23, 1, 37.29%, 0, 0, 2, 69.93, 58663, 22
81, 0, 0, 23, 23, 1, 37.29%, 0, 0, 2, 780.20, 62773, 22
86, 0, 0, 23, 23, 1, 37.29%, 0, 0, 2, 811.48, 67011, 22
91, 0, 0, 23, 23, 1, 37.29%, 0, 0, 2, 787.33, 70873, 22
96, 0, 0, 23, 23, 1, 37.29%, 0, 0, 2, 793.46, 74983, 22
101, 0, 0, 24, 24, 1, 37.29%, 0, 0, 2, 765.28, 78665, 22
106, 0, 0, 25, 25, 1, 37.29%, 0, 0, 2, 780.08, 82647, 22
112, 0, 0, 25, 25, 1, 37.29%, 0, 0, 2, 796.04, 86787, 22
117, 0, 0, 25, 25, 1, 37.29%, 0, 0, 2, 787.68, 90792, 22
122, 0, 0, 25, 25, 1, 37.29%, 0, 0, 2, 800.07, 94917, 22
127, 0, 0, 25, 25, 1, 37.29%, 0, 0, 2, 788.51, 98929, 22
132, 0, 0, 25, 25, 1, 37.29%, 0, 0, 2, 812.05, 102497, 22
137, 0, 0, 25, 25, 1, 37.29%, 0, 0, 2, 799.14, 106497, 22
142, 0, 0, 25, 25, 1, 37.29%, 0, 0, 2, 813.34, 110625, 22
147, 0, 0, 25, 25, 1, 37.29%, 0, 0, 2, 792.67, 114552, 22
152, 0, 0, 25, 25, 1, 37.29%, 0, 0, 2, 796.39, 118317, 22
158, 0, 0, 26, 26, 1, 37.29%, 0, 0, 2, 759.81, 122269, 22
163, 0, 0, 26, 26, 1, 37.29%, 0, 0, 2, 788.29, 126349, 22
168, 0, 0, 26, 26, 1, 37.29%, 0, 0, 2, 820.48, 130616, 22
173, 0, 0, 26, 26, 1, 37.29%, 0, 0, 2, 830.96, 134904, 22
178, 0, 0, 26, 26, 1, 37.29%, 0, 0, 2, 829.14, 139096, 22
183, 0, 0, 26, 26, 1, 37.29%, 0, 0, 2, 843.29, 143368, 22
189, 0, 0, 26, 26, 1, 37.29%, 0, 0, 2, 854.79, 147812, 22
194, 0, 0, 26, 26, 1, 37.29%, 0, 0, 2, 849.55, 152008, 22
199, 0, 0, 26, 26, 1, 37.29%, 0, 0, 2, 829.56, 156280, 22
204, 0, 0, 26, 26, 1, 37.29%, 0, 0, 2, 802.81, 160248, 22
209, 0, 0, 26, 26, 1, 37.29%, 0, 0, 2, 839.48, 164552, 22
214, 0, 0, 26, 26, 1, 37.29%, 0, 0, 2, 848.93, 168856, 22
219, 0, 0, 26, 26, 1, 37.29%, 0, 0, 2, 844.83, 173160, 22
224, 0, 0, 27, 27, 1, 42.37%, 0, 0, 2, 849.18, 177343, 25
230, 0, 0, 27, 27, 1, 42.37%, 0, 0, 2, 850.94, 181631, 25
235, 0, 0, 27, 27, 1, 42.37%, 0, 0, 2, 826.05, 185743, 25
240, 0, 0, 29, 29, 1, 42.37%, 0, 0, 2, 828.58, 189917, 25
245, 0, 0, 29, 29, 1, 42.37%, 0, 0, 2, 813.63, 194141, 25
250, 0, 0, 29, 29, 1, 42.37%, 0, 0, 2, 828.08, 198340, 25
255, 0, 0, 30, 30, 1, 44.07%, 0, 0, 2, 825.00, 202546, 26
260, 0, 0, 30, 30, 1, 44.07%, 0, 0, 2, 837.22, 206980, 26
265, 0, 0, 30, 30, 1, 44.07%, 0, 0, 2, 831.34, 211172, 26
271, 0, 0, 30, 30, 1, 44.07%, 0, 0, 2, 841.54, 215604, 26
276, 0, 0, 30, 30, 1, 44.07%, 0, 0, 2, 836.98, 219908, 26
281, 0, 0, 30, 30, 1, 44.07%, 0, 0, 2, 819.37, 224132, 26
286, 0, 0, 30, 30, 1, 44.07%, 0, 0, 2, 853.81, 228471, 26
291, 0, 0, 32, 24, 0, 44.07%, 0, 0, 3, 843.13, 232776, 26
296, 0, 0, 34, 26, 0, 44.07%, 0, 0, 3, 843.62, 237034, 26
301, 0, 0, 34, 26, 0, 44.07%, 0, 0, 3, 840.73, 241338, 26
306, 1, 0, 35, 26, 0, 45.76%, 0, 0, 3, 834.45, 245561, 27
311, 1, 0, 37, 28, 0, 45.76%, 0, 0, 3, 846.02, 249904, 27
316, 1, 34, 38, 29, 0, 45.76%, 0, 0, 3, 844.05, 254169, 27
321, 1, 12, 38, 29, 0, 45.76%, 0, 0, 3, 823.95, 258327, 27
327, 1, 0, 38, 29, 0, 45.76%, 0, 0, 3, 842.37, 262731, 27
332, 2, 0, 38, 29, 0, 45.76%, 0, 0, 3, 850.30, 267119, 27
337, 2, 0, 38, 28, 0, 45.76%, 0, 0, 3, 852.93, 271414, 27
342, 2, 0, 38, 28, 0, 45.76%, 0, 0, 3, 850.66, 275767, 27
347, 2, 0, 38, 28, 0, 45.76%, 0, 0, 3, 837.69, 279651, 27
352, 3, 0, 38, 28, 0, 45.76%, 0, 0, 3, 849.19, 283919, 27
357, 3, 0, 38, 28, 0, 45.76%, 0, 0, 3, 856.78, 288233, 27
362, 3, 0, 38, 27, 0, 45.76%, 0, 0, 3, 848.88, 292632, 27
367, 3, 0, 39, 27, 0, 45.76%, 0, 0, 3, 873.46, 297039, 27
373, 4, 0, 40, 27, 0, 47.46%, 0, 0, 3, 844.55, 301329, 28
378, 4, 39, 43, 30, 0, 50.85%, 0, 0, 4, 842.69, 305615, 30
383, 4, 39, 43, 30, 0, 50.85%, 0, 0, 4, 854.93, 310054, 30
388, 4, 41, 48, 34, 1, 52.54%, 0, 0, 5, 858.24, 314389, 31
393, 4, 41, 48, 34, 1, 52.54%, 0, 0, 5, 867.18, 318826, 31
398, 4, 41, 49, 35, 1, 52.54%, 0, 0, 5, 861.85, 323185, 31
403, 4, 46, 49, 32, 0, 52.54%, 0, 0, 5, 873.38, 327589, 31
408, 4, 49, 50, 32, 0, 52.54%, 0, 0, 6, 866.80, 331919, 31
409, 4, 49, 50, 32, 0, 52.54%, 2, 0, 6, 0.00, 332293, 31
