# relative_time, cycles_done, cur_item, corpus_count, pending_total, pending_favs, map_size, saved_crashes, saved_hangs, max_depth, execs_per_sec, total_execs, edges_found
60, 0, 31, 49, 35, 0, 43.84%, 0, 0, 7, 715.89, 43055, 32
66, 0, 24, 49, 35, 0, 43.84%, 0, 0, 7, 713.79, 46807, 32
71, 0, 12, 49, 35, 0, 43.84%, 0, 0, 7, 718.62, 50551, 32
76, 0, 20, 51, 36, 0, 43.84%, 0, 0, 7, 709.08, 54071, 32
81, 1, 25, 51, 36, 0, 43.84%, 0, 0, 7, 713.73, 57661, 32
86, 1, 34, 51, 36, 0, 43.84%, 0, 0, 7, 730.07, 61480, 32
91, 1, 39, 53, 37, 0, 43.84%, 0, 0, 7, 740.39, 64919, 32
96, 1, 1, 54, 37, 0, 43.84%, 0, 0, 7, 719.66, 68336, 32
102, 2, 24, 54, 36, 0, 43.84%, 0, 0, 7, 729.90, 72084, 32
107, 2, 12, 54, 35, 0, 43.84%, 0, 0, 7, 737.10, 75807, 32
112, 2, 55, 60, 40, 0, 47.95%, 0, 0, 7, 744.81, 79405, 35
117, 2, 55, 62, 42, 0, 47.95%, 0, 0, 7, 734.56, 83059, 35
122, 2, 55, 63, 43, 0, 47.95%, 0, 0, 7, 776.31, 86458, 35
127, 2, 58, 66, 45, 1, 52.05%, 0, 0, 7, 768.92, 89737, 38
132, 2, 64, 68, 44, 0, 52.05%, 0, 0, 7, 709.58, 93291, 38
134, 2, 64, 68, 44, 0, 52.05%, 2, 0, 7, 64.08, 94145, 38
