# relative_time, cycles_done, cur_item, corpus_count, pending_total, pending_favs, map_size, saved_crashes, saved_hangs, max_depth, execs_per_sec, total_execs, edges_found
61, 0, 0, 27, 27, 1, 52.56%, 0, 0, 2, 794.66, 46609, 41
66, 0, 0, 27, 27, 1, 52.56%, 0, 0, 2, 793.37, 50704, 41
71, 0, 0, 27, 27, 1, 52.56%, 0, 0, 2, 766.97, 54544, 41
76, 0, 0, 27, 27, 1, 52.56%, 0, 0, 2, 773.81, 58579, 41
81, 0, 0, 27, 27, 1, 52.56%, 0, 0, 2, 779.99, 62494, 41
87, 0, 0, 27, 27, 1, 52.56%, 0, 0, 2, 794.77, 66604, 41
92, 0, 0, 27, 27, 1, 52.56%, 0, 0, 2, 829.89, 70007, 41
97, 0, 0, 28, 28, 1, 52.56%, 0, 0, 2, 802.39, 73766, 41
102, 0, 0, 28, 28, 1, 52.56%, 0, 0, 2, 829.98, 77662, 41
107, 0, 0, 28, 28, 1, 52.56%, 0, 0, 2, 791.05, 81656, 41
112, 0, 0, 28, 28, 1, 52.56%, 0, 0, 2, 806.49, 85694, 41
117, 0, 0, 28, 28, 1, 52.56%, 0, 0, 2, 816.63, 89694, 41
122, 0, 0, 28, 28, 1, 52.56%, 0, 0, 2, 850.40, 93358, 41
127, 0, 0, 29, 29, 1, 52.56%, 0, 0, 2, 835.28, 96949, 41
133, 0, 0, 29, 29, 1, 52.56%, 0, 0, 2, 803.74, 100677, 41
138, 0, 0, 29, 29, 1, 52.56%, 0, 0, 2, 827.61, 104149, 41
143, 0, 0, 29, 29, 1, 52.56%, 0, 0, 2, 834.67, 108309, 41
148, 0, 0, 29, 29, 1, 52.56%, 0, 0, 2, 810.30, 112341, 41
153, 0, 0, 29, 29, 1, 52.56%, 0, 0, 2, 858.51, 116512, 41
158, 0, 0, 29, 29, 1, 52.56%, 0, 0, 2, 780.56, 120123, 41
163, 0, 0, 29, 29, 1, 52.56%, 0, 0, 2, 806.84, 124261, 41
169, 0, 0, 29, 29, 1, 52.56%, 0, 0, 2, 842.91, 128357, 41
174, 0, 0, 29, 29, 1, 52.56%, 0, 0, 2, 848.18, 132485, 41
179, 0, 0, 29, 29, 1, 52.56%, 0, 0, 2, 680.44, 135978, 41
185, 0, 0, 29, 29, 1, 52.56%, 0, 0, 2, 34.37, 140181, 41
190, 0, 0, 29, 29, 1, 52.56%, 0, 0, 2, 854.12, 144443, 41
195, 0, 0, 29, 29, 1, 52.56%, 0, 0, 2, 831.80, 148341, 41
200, 0, 0, 29, 29, 1, 52.56%, 0, 0, 2, 863.68, 152552, 41
205, 0, 0, 29, 29, 1, 52.56%, 0, 0, 2, 830.42, 156277, 41
210, 0, 0, 29, 29, 1, 52.56%, 0, 0, 2, 828.74, 160593, 41
215, 0, 0, 30, 30, 1, 53.85%, 0, 0, 2, 78.70, 164510, 42
220, 0, 0, 30, 30, 1, 53.85%, 0, 0, 2, 838.33, 168658, 42
226, 0, 0, 30, 30, 1, 53.85%, 0, 0, 2, 827.00, 172908, 42
231, 0, 0, 30, 30, 1, 53.85%, 0, 0, 2, 827.98, 177004, 42
236, 0, 0, 30, 30, 1, 53.85%, 0, 0, 2, 812.58, 181228, 42
241, 0, 0, 30, 30, 1, 53.85%, 0, 0, 2, 798.75, 185170, 42
246, 0, 0, 30, 30, 1, 53.85%, 0, 0, 2, 822.51, 189292, 42
251, 0, 0, 30, 30, 1, 53.85%, 0, 0, 2, 807.15, 193468, 42
256, 0, 0, 30, 30, 1, 53.85%, 0, 0, 2, 898.61, 197711, 42
261, 0, 30, 37, 34, 7, 55.13%, 0, 0, 3, 824.63, 201950, 43
266, 0, 42, 43, 32, 3, 55.13%, 0, 0, 4, 879.74, 206177, 43
271, 0, 40, 48, 34, 0, 55.13%, 0, 0, 5, 811.02, 210178, 43
277, 0, 40, 48, 34, 0, 55.13%, 0, 0, 5, 796.30, 214262, 43
282, 0, 51, 54, 38, 0, 55.13%, 0, 0, 5, 887.18, 218489, 43
287, 0, 51, 55, 39, 0, 55.13%, 0, 0, 5, 872.88, 222899, 43
292, 0, 51, 56, 40, 0, 55.13%, 0, 0, 5, 853.47, 227149, 43
297, 0, 20, 57, 40, 0, 55.13%, 0, 0, 5, 914.89, 231325, 43
302, 0, 52, 59, 40, 0, 56.41%, 0, 0, 5, 868.54, 235548, 44
307, 0, 52, 60, 41, 0, 56.41%, 0, 0, 5, 861.72, 239753, 44
312, 0, 52, 61, 41, 0, 57.69%, 0, 0, 5, 895.16, 243972, 45
317, 0, 45, 64, 44, 0, 57.69%, 0, 0, 6, 902.09, 248247, 45
322, 0, 60, 64, 44, 0, 57.69%, 0, 0, 6, 860.05, 252578, 45
328, 0, 64, 65, 44, 0, 58.97%, 0, 0, 6, 862.34, 256923, 46
333, 0, 45, 66, 45, 0, 58.97%, 0, 0, 6, 888.69, 261057, 46
338, 0, 52, 66, 45, 0, 58.97%, 0, 0, 6, 874.63, 265012, 46
343, 0, 22, 68, 46, 0, 61.54%, 0, 0, 6, 863.89, 269337, 48
348, 1, 19, 68, 46, 0, 61.54%, 0, 0, 6, 874.18, 273007, 48
353, 1, 52, 69, 47, 0, 61.54%, 0, 0, 6, 865.47, 277260, 48
358, 1, 52, 69, 47, 0, 61.54%, 0, 0, 6, 900.79, 281719, 48
363, 1, 67, 71, 48, 0, 61.54%, 0, 0, 7, 870.04, 285940, 48
364, 1, 29, 71, 48, 0, 61.54%, 1, 0, 7, 0.00, 286730, 48
