# relative_time, cycles_done, cur_item, corpus_count, pending_total, pending_favs, map_size, saved_crashes, saved_hangs, max_depth, execs_per_sec, total_execs, edges_found
61, 0, 0, 29, 29, 1, 47.95%, 0, 0, 2, 781.90, 46958, 35
66, 0, 0, 29, 29, 1, 47.95%, 0, 0, 2, 768.07, 50843, 35
71, 0, 0, 29, 29, 1, 47.95%, 0, 0, 2, 769.04, 54863, 35
76, 0, 0, 29, 29, 1, 47.95%, 0, 0, 2, 848.52, 58874, 35
81, 0, 0, 29, 29, 1, 47.95%, 0, 0, 2, 797.25, 62738, 35
86, 0, 0, 29, 29, 1, 47.95%, 0, 0, 2, 806.56, 66908, 35
92, 0, 0, 29, 29, 1, 47.95%, 0, 0, 2, 804.48, 70620, 35
97, 0, 0, 29, 29, 1, 47.95%, 0, 0, 2, 818.80, 74652, 35
102, 0, 0, 29, 29, 1, 47.95%, 0, 0, 2, 796.47, 78533, 35
107, 0, 0, 29, 29, 1, 47.95%, 0, 0, 2, 790.41, 82373, 35
112, 0, 0, 29, 29, 1, 47.95%, 0, 0, 2, 790.03, 86228, 35
117, 0, 0, 29, 29, 1, 47.95%, 0, 0, 2, 425.43, 90364, 35
122, 0, 0, 29, 29, 1, 47.95%, 0, 0, 2, 689.38, 94236, 35
127, 0, 0, 30, 30, 1, 47.95%, 0, 0, 2, 836.30, 97747, 35
132, 0, 0, 30, 30, 1, 47.95%, 0, 0, 2, 788.66, 101535, 35
137, 0, 0, 30, 30, 1, 47.95%, 0, 0, 2, 826.69, 104931, 35
142, 0, 0, 30, 30, 1, 47.95%, 0, 0, 2, 869.13, 109048, 35
148, 0, 0, 30, 30, 1, 47.95%, 0, 0, 2, 811.39, 113091, 35
153, 0, 0, 30, 30, 1, 47.95%, 0, 0, 2, 828.13, 117315, 35
158, 0, 0, 30, 30, 1, 47.95%, 0, 0, 2, 789.75, 121091, 35
163, 0, 0, 30, 30, 1, 47.95%, 0, 0, 2, 800.27, 125219, 35
168, 0, 0, 30, 30, 1, 47.95%, 0, 0, 2, 810.47, 129347, 35
173, 0, 0, 30, 30, 1, 47.95%, 0, 0, 2, 856.61, 133528, 35
178, 0, 0, 30, 30, 1, 47.95%, 0, 0, 2, 826.86, 137283, 35
183, 0, 0, 30, 30, 1, 47.95%, 0, 0, 2, 848.69, 141667, 35
189, 0, 0, 30, 30, 1, 47.95%, 0, 0, 2, 838.31, 145955, 35
194, 0, 0, 30, 30, 1, 47.95%, 0, 0, 2, 842.35, 150019, 35
199, 0, 0, 30, 30, 1, 47.95%, 0, 0, 2, 854.43, 154285, 35
204, 0, 0, 30, 30, 1, 47.95%, 0, 0, 2, 148.15, 158144, 35
209, 0, 0, 30, 30, 1, 47.95%, 0, 0, 2, 712.36, 162363, 35
214, 0, 0, 30, 30, 1, 47.95%, 0, 0, 2, 811.36, 166291, 35
219, 0, 0, 30, 30, 1, 47.95%, 0, 0, 2, 852.22, 170579, 35
224, 0, 0, 30, 30, 1, 47.95%, 0, 0, 2, 858.21, 174770, 35
229, 0, 0, 30, 30, 1, 47.95%, 0, 0, 2, 847.63, 178979, 35
234, 0, 0, 30, 30, 1, 47.95%, 0, 0, 2, 844.67, 183171, 35
240, 0, 0, 30, 30, 1, 47.95%, 0, 0, 2, 821.40, 187331, 35
245, 0, 0, 30, 30, 1, 47.95%, 0, 0, 2, 844.40, 191587, 35
250, 0, 20, 34, 31, 6, 47.95%, 0, 0, 3, 844.03, 195695, 35
254, 0, 42, 48, 39, 3, 50.68%, 1, 0, 5, 47.62, 199180, 37
