# relative_time, cycles_done, cur_item, corpus_count, pending_total, pending_favs, map_size, saved_crashes, saved_hangs, max_depth, execs_per_sec, total_execs, edges_found
60, 0, 0, 48, 32, 0, 52.54%, 0, 0, 6, 790.78, 46566, 31
66, 1, 24, 49, 33, 0, 52.54%, 0, 0, 6, 777.39, 50616, 31
71, 1, 17, 49, 32, 0, 52.54%, 0, 0, 6, 777.31, 54645, 31
76, 1, 0, 50, 33, 0, 52.54%, 0, 0, 6, 883.41, 58689, 31
81, 1, 0, 50, 32, 0, 52.54%, 0, 0, 6, 802.59, 62576, 31
86, 1, 0, 51, 32, 0, 52.54%, 0, 0, 6, 805.77, 66706, 31
91, 1, 0, 51, 32, 0, 52.54%, 0, 0, 6, 853.90, 70100, 31
96, 2, 35, 51, 32, 0, 52.54%, 0, 0, 6, 821.79, 74110, 31
101, 2, 0, 51, 31, 0, 52.54%, 0, 0, 6, 797.52, 77985, 31
106, 2, 45, 51, 31, 0, 52.54%, 0, 0, 6, 795.68, 82025, 31
111, 2, 45, 51, 31, 0, 52.54%, 0, 0, 6, 804.90, 85783, 31
117, 2, 45, 51, 30, 0, 52.54%, 0, 0, 6, 799.88, 89934, 31
122, 2, 0, 51, 29, 0, 52.54%, 0, 0, 6, 758.76, 93777, 31
127, 3, 30, 52, 30, 0, 52.54%, 0, 0, 6, 839.22, 97368, 31
132, 3, 0, 52, 28, 0, 52.54%, 0, 0, 6, 761.67, 100988, 31
137, 3, 35, 52, 28, 0, 52.54%, 0, 0, 6, 804.68, 104331, 31
142, 3, 45, 52, 28, 0, 52.54%, 0, 0, 6, 818.83, 108406, 31
147, 3, 0, 52, 28, 0, 52.54%, 0, 0, 6, 862.73, 112580, 31
152, 3, 0, 52, 28, 0, 52.54%, 0, 0, 6, 831.84, 116776, 31
157, 4, 0, 52, 28, 0, 52.54%, 0, 0, 6, 789.58, 120722, 31
162, 4, 0, 52, 28, 0, 52.54%, 0, 0, 6, 784.11, 124438, 31
167, 4, 0, 52, 27, 0, 52.54%, 0, 0, 6, 837.82, 128388, 31
172, 4, 0, 52, 26, 0, 52.54%, 0, 0, 6, 838.16, 132522, 31
174, 4, 37, 52, 26, 0, 52.54%, 1, 0, 6, 0.00, 133903, 31
