# relative_time, cycles_done, cur_item, corpus_count, pending_total, pending_favs, map_size, saved_crashes, saved_hangs, max_depth, execs_per_sec, total_execs, edges_found
61, 0, 40, 47, 35, 0, 52.56%, 0, 0, 6, 822.77, 50587, 41
66, 0, 32, 54, 40, 0, 55.13%, 0, 0, 7, 849.11, 54850, 43
71, 0, 45, 54, 38, 0, 55.13%, 0, 0, 7, 852.49, 59117, 43
76, 0, 52, 55, 39, 0, 55.13%, 0, 0, 7, 868.40, 62924, 43
82, 0, 56, 58, 42, 1, 56.41%, 0, 0, 7, 855.04, 67287, 44
87, 0, 58, 59, 41, 0, 58.97%, 0, 0, 7, 853.34, 71606, 46
92, 0, 59, 61, 42, 0, 61.54%, 0, 0, 7, 828.96, 75762, 48
97, 0, 45, 62, 43, 0, 61.54%, 0, 0, 7, 826.61, 80036, 48
102, 0, 52, 63, 44, 0, 61.54%, 0, 0, 7, 822.33, 84181, 48
107, 0, 46, 66, 46, 0, 61.54%, 0, 0, 7, 828.38, 88289, 48
112, 0, 59, 68, 48, 0, 61.54%, 0, 0, 7, 832.80, 92619, 48
117, 0, 52, 68, 48, 0, 61.54%, 0, 0, 7, 807.93, 96725, 48
122, 0, 32, 68, 48, 0, 61.54%, 0, 0, 7, 849.89, 101068, 48
127, 1, 45, 68, 47, 0, 61.54%, 0, 0, 7, 854.31, 105500, 48
133, 1, 56, 69, 48, 0, 61.54%, 0, 0, 7, 846.99, 109893, 48
138, 1, 59, 72, 49, 0, 61.54%, 0, 0, 7, 850.24, 114118, 48
143, 1, 66, 72, 49, 0, 61.54%, 0, 0, 7, 852.45, 118427, 48
148, 1, 67, 75, 51, 0, 61.54%, 0, 0, 7, 841.51, 122554, 48
153, 1, 46, 75, 51, 0, 61.54%, 0, 0, 7, 848.61, 126492, 48
158, 1, 45, 76, 51, 0, 61.54%, 0, 0, 7, 816.48, 130517, 48
163, 1, 20, 77, 52, 0, 61.54%, 0, 0, 7, 820.80, 134767, 48
164, 1, 59, 77, 52, 0, 61.54%, 1, 0, 7, 0.00, 135487, 48
