# relative_time, cycles_done, cur_item, corpus_count, pending_total, pending_favs, map_size, saved_crashes, saved_hangs, max_depth, execs_per_sec, total_execs, edges_found
61, 0, 0, 23, 23, 1, 50.00%, 0, 0, 2, 790.45, 47391, 39
66, 0, 0, 23, 23, 1, 50.00%, 0, 0, 2, 775.31, 51366, 39
71, 0, 0, 23, 23, 1, 50.00%, 0, 0, 2, 771.30, 55221, 39
76, 0, 0, 23, 23, 1, 50.00%, 0, 0, 2, 836.54, 58411, 39
81, 0, 0, 23, 23, 1, 50.00%, 0, 0, 2, 828.26, 62043, 39
86, 0, 0, 23, 23, 1, 50.00%, 0, 0, 2, 810.67, 66027, 39
91, 0, 0, 23, 23, 1, 50.00%, 0, 0, 2, 779.06, 69846, 39
96, 0, 0, 23, 23, 1, 50.00%, 0, 0, 2, 793.88, 73776, 39
102, 0, 0, 23, 23, 1, 50.00%, 0, 0, 2, 765.47, 77556, 39
107, 0, 0, 23, 23, 1, 50.00%, 0, 0, 2, 766.39, 81336, 39
112, 0, 0, 23, 23, 1, 50.00%, 0, 0, 2, 792.41, 85116, 39
117, 0, 0, 23, 23, 1, 50.00%, 0, 0, 2, 771.88, 88911, 39
122, 0, 0, 23, 23, 1, 50.00%, 0, 0, 2, 828.97, 92891, 39
127, 0, 0, 23, 23, 1, 50.00%, 0, 0, 2, 835.62, 96331, 39
132, 0, 0, 23, 23, 1, 50.00%, 0, 0, 2, 772.43, 99786, 39
137, 0, 0, 23, 23, 1, 50.00%, 0, 0, 2, 828.34, 103499, 39
142, 0, 0, 23, 23, 1, 50.00%, 0, 0, 2, 852.76, 107562, 39
147, 0, 0, 23, 23, 1, 50.00%, 0, 0, 2, 790.88, 111306, 39
152, 0, 0, 23, 23, 1, 50.00%, 0, 0, 2, 829.56, 114923, 39
158, 0, 0, 24, 24, 1, 50.00%, 0, 0, 2, 766.03, 118543, 39
163, 0, 0, 24, 24, 1, 50.00%, 0, 0, 2, 790.19, 122593, 39
168, 0, 0, 24, 24, 1, 50.00%, 0, 0, 2, 801.69, 126553, 39
173, 0, 0, 24, 24, 1, 50.00%, 0, 0, 2, 822.06, 130690, 39
178, 0, 0, 24, 24, 1, 50.00%, 0, 0, 2, 854.36, 134242, 39
183, 0, 0, 25, 25, 1, 51.28%, 0, 0, 2, 831.95, 138345, 40
188, 0, 0, 25, 25, 1, 51.28%, 0, 0, 2, 837.57, 141849, 40
193, 0, 0, 25, 25, 1, 51.28%, 0, 0, 2, 853.48, 145333, 40
198, 0, 0, 25, 25, 1, 51.28%, 0, 0, 2, 834.52, 149353, 40
203, 0, 0, 25, 25, 1, 51.28%, 0, 0, 2, 826.47, 153321, 40
209, 0, 0, 25, 25, 1, 51.28%, 0, 0, 2, 833.53, 157481, 40
214, 0, 0, 25, 25, 1, 51.28%, 0, 0, 2, 821.91, 161513, 40
219, 0, 0, 25, 25, 1, 51.28%, 0, 0, 2, 815.62, 165497, 40
224, 0, 0, 25, 25, 1, 51.28%, 0, 0, 2, 774.96, 169085, 40
229, 0, 0, 26, 26, 1, 51.28%, 0, 0, 2, 811.77, 173184, 40
234, 0, 0, 26, 26, 1, 51.28%, 0, 0, 2, 803.90, 176847, 40
239, 0, 0, 26, 26, 1, 51.28%, 0, 0, 2, 818.70, 180848, 40
244, 0, 0, 26, 26, 1, 51.28%, 0, 0, 2, 811.21, 184896, 40
249, 0, 0, 26, 26, 1, 51.28%, 0, 0, 2, 821.91, 188928, 40
254, 0, 0, 26, 26, 1, 51.28%, 0, 0, 2, 838.08, 193072, 40
259, 0, 0, 26, 26, 1, 51.28%, 0, 0, 2, 827.36, 197120, 40
264, 0, 0, 26, 26, 1, 51.28%, 0, 0, 2, 826.46, 201280, 40
270, 0, 0, 26, 26, 1, 51.28%, 0, 0, 2, 806.96, 205440, 40
275, 0, 0, 26, 26, 1, 51.28%, 0, 0, 2, 785.84, 209376, 40
280, 0, 0, 26, 26, 1, 51.28%, 0, 0, 2, 806.21, 213680, 40
285, 0, 0, 26, 26, 1, 51.28%, 0, 0, 2, 845.00, 217673, 40
290, 0, 0, 26, 26, 1, 51.28%, 0, 0, 2, 831.23, 221376, 40
295, 0, 0, 26, 26, 1, 51.28%, 0, 0, 2, 803.50, 225417, 40
300, 0, 0, 26, 26, 1, 51.28%, 0, 0, 2, 819.50, 229568, 40
305, 0, 0, 27, 27, 1, 51.28%, 0, 0, 2, 795.47, 233629, 40
310, 0, 0, 27, 27, 1, 51.28%, 0, 0, 2, 798.54, 237679, 40
315, 0, 0, 27, 27, 1, 51.28%, 0, 0, 2, 800.20, 241759, 40
321, 0, 0, 27, 27, 1, 51.28%, 0, 0, 2, 800.40, 245959, 40
326, 0, 0, 27, 27, 1, 51.28%, 0, 0, 2, 800.20, 250084, 40
331, 0, 0, 27, 27, 1, 51.28%, 0, 0, 2, 787.45, 254119, 40
336, 0, 0, 27, 27, 1, 51.28%, 0, 0, 2, 784.91, 258049, 40
341, 0, 0, 27, 27, 1, 51.28%, 0, 0, 2, 832.25, 262423, 40
346, 0, 0, 28, 28, 1, 51.28%, 0, 0, 2, 815.95, 266574, 40
351, 0, 0, 28, 28, 1, 51.28%, 0, 0, 2, 859.49, 270729, 40
356, 0, 0, 28, 28, 1, 51.28%, 0, 0, 2, 853.41, 275115, 40
362, 0, 0, 28, 28, 1, 51.28%, 0, 0, 2, 825.12, 279358, 40
367, 0, 0, 28, 28, 1, 51.28%, 0, 0, 2, 846.94, 283710, 40
372, 0, 0, 28, 28, 1, 51.28%, 0, 0, 2, 824.63, 287886, 40
377, 0, 0, 28, 28, 1, 51.28%, 0, 0, 2, 852.04, 292238, 40
382, 0, 0, 28, 28, 1, 51.28%, 0, 0, 2, 834.65, 296414, 40
387, 0, 0, 28, 28, 1, 51.28%, 0, 0, 2, 846.99, 300798, 40
392, 0, 0, 28, 28, 1, 51.28%, 0, 0, 2, 847.20, 305118, 40
398, 0, 0, 28, 28, 1, 51.28%, 0, 0, 2, 869.00, 309574, 40
403, 0, 0, 29, 29, 1, 52.56%, 0, 0, 2, 864.15, 313899, 41
408, 0, 0, 29, 29, 1, 52.56%, 0, 0, 2, 823.05, 318085, 41
413, 0, 0, 29, 29, 1, 52.56%, 0, 0, 2, 857.05, 322518, 41
418, 0, 0, 29, 29, 1, 52.56%, 0, 0, 2, 841.37, 326789, 41
423, 0, 0, 29, 29, 1, 52.56%, 0, 0, 2, 861.24, 331222, 41
428, 0, 0, 29, 29, 1, 52.56%, 0, 0, 2, 870.98, 335608, 41
433, 0, 0, 29, 29, 1, 52.56%, 0, 0, 2, 847.92, 339773, 41
438, 0, 0, 29, 29, 1, 52.56%, 0, 0, 2, 843.48, 344125, 41
443, 0, 0, 29, 29, 1, 52.56%, 0, 0, 2, 841.77, 348460, 41
448, 0, 0, 29, 29, 1, 52.56%, 0, 0, 2, 841.12, 352795, 41
454, 0, 0, 29, 29, 1, 52.56%, 0, 0, 2, 859.83, 357283, 41
459, 0, 0, 29, 29, 1, 52.56%, 0, 0, 2, 852.68, 361652, 41
464, 0, 0, 29, 29, 1, 52.56%, 0, 0, 2, 842.72, 365989, 41
469, 0, 0, 29, 29, 1, 52.56%, 0, 0, 2, 850.45, 370389, 41
474, 0, 0, 29, 29, 1, 52.56%, 0, 0, 2, 850.57, 374741, 41
479, 0, 0, 29, 29, 1, 52.56%, 0, 0, 2, 867.69, 379230, 41
484, 0, 0, 29, 29, 1, 52.56%, 0, 0, 2, 862.17, 383616, 41
489, 0, 0, 29, 29, 1, 52.56%, 0, 0, 2, 849.55, 387941, 41
494, 0, 0, 29, 29, 1, 52.56%, 0, 0, 2, 848.64, 392261, 41
499, 0, 0, 29, 29, 1, 52.56%, 0, 0, 2, 852.45, 396613, 41
504, 0, 0, 29, 29, 1, 52.56%, 0, 0, 2, 852.89, 401007, 41
509, 0, 0, 29, 29, 1, 52.56%, 0, 0, 2, 860.57, 405546, 41
514, 0, 0, 29, 29, 1, 52.56%, 0, 0, 2, 865.07, 409915, 41
519, 0, 0, 29, 29, 1, 52.56%, 0, 0, 2, 850.34, 414245, 41
524, 0, 0, 29, 29, 1, 52.56%, 0, 0, 2, 850.20, 418565, 41
530, 0, 0, 29, 29, 1, 52.56%, 0, 0, 2, 866.47, 423022, 41
535, 0, 0, 29, 29, 1, 52.56%, 0, 0, 2, 870.97, 427578, 41
540, 0, 0, 29, 29, 1, 52.56%, 0, 0, 2, 869.98, 431964, 41
545, 0, 0, 29, 29, 1, 52.56%, 0, 0, 2, 859.58, 436282, 41
550, 0, 0, 29, 29, 1, 52.56%, 0, 0, 2, 860.49, 440634, 41
555, 0, 0, 29, 29, 1, 52.56%, 0, 0, 2, 861.38, 444986, 41
560, 0, 0, 29, 29, 1, 52.56%, 0, 0, 2, 861.80, 449338, 41
565, 0, 0, 29, 29, 1, 52.56%, 0, 0, 2, 867.56, 453877, 41
570, 0, 0, 29, 29, 1, 52.56%, 0, 0, 2, 865.90, 458399, 41
575, 0, 0, 29, 29, 1, 52.56%, 0, 0, 2, 865.27, 462734, 41
580, 0, 0, 29, 29, 1, 52.56%, 0, 0, 2, 875.21, 467273, 41
586, 0, 0, 29, 29, 1, 52.56%, 0, 0, 2, 876.56, 471642, 41
591, 0, 0, 29, 29, 1, 52.56%, 0, 0, 2, 884.89, 476045, 41
596, 0, 0, 29, 29, 1, 52.56%, 0, 0, 2, 880.20, 480397, 41
601, 0, 0, 29, 29, 1, 52.56%, 0, 0, 2, 880.75, 484766, 41
606, 0, 0, 29, 29, 1, 52.56%, 0, 0, 2, 883.14, 489305, 41
611, 0, 0, 29, 29, 1, 52.56%, 0, 0, 2, 884.93, 493861, 41
616, 0, 0, 30, 30, 1, 53.85%, 0, 0, 2, 885.97, 498237, 42
621, 0, 0, 30, 30, 1, 53.85%, 0, 0, 2, 889.23, 502793, 42
626, 0, 0, 30, 30, 1, 53.85%, 0, 0, 2, 884.96, 507179, 42
631, 0, 0, 30, 30, 1, 53.85%, 0, 0, 2, 887.35, 511684, 42
637, 0, 0, 30, 30, 1, 53.85%, 0, 0, 2, 883.89, 516206, 42
642, 0, 0, 30, 30, 1, 53.85%, 0, 0, 2, 887.93, 520745, 42
647, 0, 0, 30, 30, 1, 53.85%, 0, 0, 2, 860.52, 525216, 42
652, 0, 0, 30, 30, 1, 53.85%, 0, 0, 2, 852.77, 529585, 42
657, 0, 0, 30, 30, 1, 53.85%, 0, 0, 2, 856.76, 534090, 42
662, 0, 0, 30, 30, 1, 53.85%, 0, 0, 2, 858.74, 538612, 42
668, 0, 0, 30, 30, 1, 53.85%, 0, 0, 2, 871.80, 543219, 42
673, 0, 0, 30, 30, 1, 53.85%, 0, 0, 2, 872.03, 547792, 42
678, 0, 0, 30, 30, 1, 53.85%, 0, 0, 2, 878.71, 552399, 42
683, 0, 0, 30, 30, 1, 53.85%, 0, 0, 2, 883.51, 557006, 42
688, 0, 0, 30, 30, 1, 53.85%, 0, 0, 2, 883.52, 561443, 42
693, 0, 0, 30, 30, 1, 53.85%, 0, 0, 2, 885.15, 566067, 42
699, 0, 0, 30, 30, 1, 53.85%, 0, 0, 2, 884.65, 570657, 42
704, 0, 0, 30, 30, 1, 53.85%, 0, 0, 2, 884.27, 575111, 42
709, 0, 0, 30, 30, 1, 53.85%, 0, 0, 2, 886.60, 579718, 42
714, 0, 0, 30, 30, 1, 53.85%, 0, 0, 2, 887.93, 584325, 42
719, 0, 0, 30, 30, 1, 53.85%, 0, 0, 2, 884.80, 588762, 42
724, 0, 0, 30, 30, 1, 53.85%, 0, 0, 2, 884.08, 593352, 42
729, 0, 0, 30, 30, 1, 53.85%, 0, 0, 2, 885.98, 597789, 42
734, 0, 0, 30, 30, 1, 53.85%, 0, 0, 2, 887.70, 602396, 42
739, 0, 0, 30, 30, 1, 53.85%, 0, 0, 2, 886.61, 606833, 42
745, 0, 0, 30, 30, 1, 53.85%, 0, 0, 2, 885.11, 611253, 42
750, 0, 0, 30, 30, 1, 53.85%, 0, 0, 2, 886.27, 615673, 42
755, 0, 0, 30, 30, 1, 53.85%, 0, 0, 2, 889.46, 620263, 42
760, 0, 0, 30, 30, 1, 53.85%, 0, 0, 2, 879.99, 624632, 42
765, 0, 0, 30, 30, 1, 53.85%, 0, 0, 2, 885.75, 629052, 42
770, 0, 0, 30, 30, 1, 53.85%, 0, 0, 2, 891.20, 633659, 42
775, 0, 0, 30, 30, 1, 53.85%, 0, 0, 2, 889.84, 638113, 42
780, 0, 0, 30, 30, 1, 53.85%, 0, 0, 2, 891.41, 642703, 42
785, 0, 0, 30, 30, 1, 53.85%, 0, 0, 2, 894.34, 647327, 42
790, 0, 0, 30, 30, 1, 53.85%, 0, 0, 2, 893.55, 651764, 42
795, 0, 0, 30, 30, 1, 53.85%, 0, 0, 2, 890.87, 656201, 42
800, 0, 0, 30, 30, 1, 53.85%, 0, 0, 2, 886.33, 660604, 42
806, 0, 0, 30, 30, 1, 53.85%, 0, 0, 2, 888.74, 665194, 42
811, 0, 0, 30, 30, 1, 53.85%, 0, 0, 2, 892.44, 669784, 42
816, 0, 0, 30, 30, 1, 53.85%, 0, 0, 2, 890.43, 674238, 42
821, 0, 0, 30, 30, 1, 53.85%, 0, 0, 2, 893.58, 678845, 42
826, 0, 0, 30, 30, 1, 53.85%, 0, 0, 2, 896.49, 683452, 42
831, 0, 0, 30, 30, 1, 53.85%, 0, 0, 2, 892.51, 687872, 42
836, 0, 0, 30, 30, 1, 53.85%, 0, 0, 2, 896.10, 692496, 42
841, 0, 0, 30, 30, 1, 53.85%, 0, 0, 2, 893.84, 696967, 42
847, 0, 0, 30, 30, 1, 53.85%, 0, 0, 2, 895.92, 701574, 42
852, 0, 0, 30, 30, 1, 53.85%, 0, 0, 2, 893.21, 706147, 42
857, 0, 0, 30, 30, 1, 53.85%, 0, 0, 2, 874.10, 710516, 42
862, 0, 0, 30, 30, 1, 53.85%, 0, 0, 2, 874.88, 715123, 42
867, 0, 0, 30, 30, 1, 53.85%, 0, 0, 2, 874.77, 719730, 42
872, 0, 0, 30, 30, 1, 53.85%, 0, 0, 2, 876.91, 724167, 42
877, 0, 0, 30, 30, 1, 53.85%, 0, 0, 2, 879.16, 728774, 42
883, 0, 0, 30, 30, 1, 53.85%, 0, 0, 2, 878.28, 733364, 42
888, 0, 0, 30, 30, 1, 53.85%, 0, 0, 2, 879.12, 737818, 42
893, 0, 0, 30, 30, 1, 53.85%, 0, 0, 2, 882.07, 742425, 42
898, 0, 0, 30, 30, 1, 53.85%, 0, 0, 2, 879.47, 746845, 42
903, 0, 0, 30, 30, 1, 53.85%, 0, 0, 2, 885.56, 751316, 42
908, 0, 0, 30, 30, 1, 53.85%, 0, 0, 2, 889.87, 755940, 42
913, 0, 0, 30, 30, 1, 53.85%, 0, 0, 2, 892.65, 760411, 42
918, 0, 0, 30, 30, 1, 53.85%, 0, 0, 2, 887.96, 764916, 42
923, 0, 0, 30, 30, 1, 53.85%, 0, 0, 2, 881.39, 769489, 42
928, 0, 0, 30, 30, 1, 53.85%, 0, 0, 2, 889.34, 774113, 42
933, 0, 0, 30, 30, 1, 53.85%, 0, 0, 2, 893.51, 778601, 42
939, 0, 0, 30, 30, 1, 53.85%, 0, 0, 2, 896.64, 783259, 42
944, 0, 0, 30, 30, 1, 53.85%, 0, 0, 2, 891.99, 787781, 42
949, 0, 0, 30, 30, 1, 53.85%, 0, 0, 2, 896.80, 792439, 42
954, 0, 0, 30, 30, 1, 53.85%, 0, 0, 2, 891.88, 797046, 42
959, 0, 0, 30, 30, 1, 53.85%, 0, 0, 2, 894.81, 801517, 42
964, 0, 0, 30, 30, 1, 53.85%, 0, 0, 2, 901.09, 806192, 42
969, 0, 0, 30, 30, 1, 53.85%, 0, 0, 2, 896.96, 810833, 42
975, 0, 0, 30, 30, 1, 53.85%, 0, 0, 2, 899.93, 815491, 42
980, 0, 0, 30, 30, 1, 53.85%, 0, 0, 2, 894.05, 819996, 42
985, 0, 0, 30, 30, 1, 53.85%, 0, 0, 2, 896.88, 824620, 42
990, 0, 0, 30, 30, 1, 53.85%, 0, 0, 2, 899.30, 829278, 42
995, 0, 0, 30, 30, 1, 53.85%, 0, 0, 2, 892.72, 833732, 42
1000, 0, 0, 30, 30, 1, 53.85%, 0, 0, 2, 899.92, 838373, 42
1005, 0, 0, 30, 30, 1, 53.85%, 0, 0, 2, 894.22, 842844, 42
1010, 0, 0, 30, 30, 1, 53.85%, 0, 0, 2, 899.36, 847485, 42
1015, 0, 0, 30, 30, 1, 53.85%, 0, 0, 2, 901.69, 851986, 42
1021, 0, 0, 30, 30, 1, 53.85%, 0, 0, 2, 897.79, 856495, 42
1026, 0, 0, 30, 30, 1, 53.85%, 0, 0, 2, 900.43, 861119, 42
1031, 0, 0, 30, 30, 1, 53.85%, 0, 0, 2, 900.98, 865792, 42
1036, 0, 0, 30, 30, 1, 53.85%, 0, 0, 2, 892.72, 870248, 42
1041, 0, 0, 30, 30, 1, 53.85%, 0, 0, 2, 889.66, 874855, 42
1046, 0, 0, 30, 30, 1, 53.85%, 0, 0, 2, 895.99, 879479, 42
1051, 0, 0, 30, 30, 1, 53.85%, 0, 0, 2, 891.62, 884120, 42
1056, 0, 0, 30, 30, 1, 53.85%, 0, 0, 2, 886.17, 888557, 42
1062, 0, 0, 30, 30, 1, 53.85%, 0, 0, 2, 888.68, 893181, 42
1067, 0, 0, 30, 30, 1, 53.85%, 0, 0, 2, 896.76, 897822, 42
1072, 0, 0, 30, 30, 1, 53.85%, 0, 0, 2, 897.59, 902310, 42
1077, 0, 0, 30, 30, 1, 53.85%, 0, 0, 2, 895.14, 906934, 42
1082, 0, 0, 30, 30, 1, 53.85%, 0, 0, 2, 897.69, 911592, 42
1087, 0, 0, 30, 30, 1, 53.85%, 0, 0, 2, 894.16, 916063, 42
1092, 0, 0, 30, 30, 1, 53.85%, 0, 0, 2, 890.27, 920568, 42
1098, 0, 0, 30, 30, 1, 53.85%, 0, 0, 2, 892.28, 925243, 42
1103, 0, 0, 30, 30, 1, 53.85%, 0, 0, 2, 886.64, 929867, 42
1108, 0, 0, 30, 30, 1, 53.85%, 0, 0, 2, 887.84, 934321, 42
1113, 0, 0, 30, 30, 1, 53.85%, 0, 0, 2, 888.02, 938775, 42
1118, 0, 0, 30, 30, 1, 53.85%, 0, 0, 2, 891.88, 943433, 42
1123, 0, 0, 30, 30, 1, 53.85%, 0, 0, 2, 893.93, 947938, 42
1128, 0, 0, 30, 30, 1, 53.85%, 0, 0, 2, 896.19, 952596, 42
1133, 0, 0, 30, 30, 1, 53.85%, 0, 0, 2, 896.69, 957254, 42
1139, 0, 0, 30, 30, 1, 53.85%, 0, 0, 2, 896.44, 961929, 42
1144, 0, 0, 30, 30, 1, 53.85%, 0, 0, 2, 895.43, 966587, 42
1149, 0, 0, 30, 30, 1, 53.85%, 0, 0, 2, 898.15, 971075, 42
1154, 0, 0, 30, 30, 1, 53.85%, 0, 0, 2, 896.25, 975614, 42
1159, 0, 0, 30, 30, 1, 53.85%, 0, 0, 2, 891.76, 980255, 42
1164, 0, 0, 30, 30, 1, 53.85%, 0, 0, 2, 889.08, 984726, 42
1169, 0, 0, 30, 30, 1, 53.85%, 0, 0, 2, 892.74, 989214, 42
1174, 0, 0, 30, 30, 1, 53.85%, 0, 0, 2, 891.39, 993702, 42
1179, 0, 0, 30, 30, 1, 53.85%, 0, 0, 2, 890.77, 998377, 42
1184, 0, 0, 30, 30, 1, 53.85%, 0, 0, 2, 886.30, 1003006, 42
1190, 0, 0, 30, 30, 1, 53.85%, 0, 0, 2, 888.44, 1007659, 42
1195, 0, 0, 30, 30, 1, 53.85%, 0, 0, 2, 890.38, 1012147, 42
1200, 0, 0, 30, 30, 1, 53.85%, 0, 0, 2, 889.03, 1016652, 42
1205, 0, 0, 30, 30, 1, 53.85%, 0, 0, 2, 889.40, 1021276, 42
1210, 0, 0, 30, 30, 1, 53.85%, 0, 0, 2, 892.07, 1025951, 42
1215, 0, 0, 30, 30, 1, 53.85%, 0, 0, 2, 889.26, 1030575, 42
1220, 0, 0, 30, 30, 1, 53.85%, 0, 0, 2, 894.31, 1035250, 42
1225, 0, 0, 30, 30, 1, 53.85%, 0, 0, 2, 894.67, 1039755, 42
1231, 0, 0, 30, 30, 1, 53.85%, 0, 0, 2, 893.54, 1044413, 42
1236, 0, 0, 30, 30, 1, 53.85%, 0, 0, 2, 900.24, 1049068, 42
1241, 0, 0, 30, 30, 1, 53.85%, 0, 0, 2, 889.82, 1053694, 42
1246, 0, 0, 30, 30, 1, 53.85%, 0, 0, 2, 889.53, 1058194, 42
1251, 0, 0, 30, 30, 1, 53.85%, 0, 0, 2, 888.18, 1062841, 42
1256, 0, 0, 30, 30, 1, 53.85%, 0, 0, 2, 887.47, 1067482, 42
1261, 0, 0, 30, 30, 1, 53.85%, 0, 0, 2, 890.03, 1071970, 42
1267, 0, 0, 30, 30, 1, 53.85%, 0, 0, 2, 891.98, 1076628, 42
1272, 0, 0, 30, 30, 1, 53.85%, 0, 0, 2, 892.05, 1081116, 42
1277, 0, 0, 30, 30, 1, 53.85%, 0, 0, 2, 895.10, 1085672, 42
1282, 0, 0, 30, 30, 1, 53.85%, 0, 0, 2, 898.09, 1090330, 42
1287, 0, 0, 30, 30, 1, 53.85%, 0, 0, 2, 899.22, 1094971, 42
1292, 0, 0, 30, 30, 1, 53.85%, 0, 0, 2, 892.73, 1099612, 42
1297, 0, 0, 30, 30, 1, 53.85%, 0, 0, 2, 895.59, 1104253, 42
1303, 0, 0, 30, 30, 1, 53.85%, 0, 0, 2, 896.27, 1108877, 42
1308, 0, 0, 30, 30, 1, 53.85%, 0, 0, 2, 893.43, 1113501, 42
1313, 0, 0, 30, 30, 1, 53.85%, 0, 0, 2, 899.08, 1118142, 42
1318, 0, 0, 30, 30, 1, 53.85%, 0, 0, 2, 902.36, 1122688, 42
1323, 0, 0, 30, 30, 1, 53.85%, 0, 0, 2, 900.74, 1127260, 42
1328, 0, 0, 30, 30, 1, 53.85%, 0, 0, 2, 901.05, 1131814, 42
1333, 0, 0, 30, 30, 1, 53.85%, 0, 0, 2, 902.69, 1136350, 42
1338, 0, 0, 30, 30, 1, 53.85%, 0, 0, 2, 897.24, 1140854, 42
1343, 0, 0, 30, 30, 1, 53.85%, 0, 0, 2, 898.76, 1145359, 42
1348, 0, 0, 30, 30, 1, 53.85%, 0, 0, 2, 845.99, 1149644, 42
1353, 0, 0, 30, 30, 1, 53.85%, 0, 0, 2, 805.86, 1153772, 42
1358, 0, 0, 30, 30, 1, 53.85%, 0, 0, 2, 800.71, 1157788, 42
1364, 0, 0, 30, 30, 1, 53.85%, 0, 0, 2, 805.00, 1161932, 42
1369, 0, 0, 30, 30, 1, 53.85%, 0, 0, 2, 801.43, 1165964, 42
1374, 0, 0, 30, 30, 1, 53.85%, 0, 0, 2, 801.98, 1170108, 42
1379, 0, 0, 30, 30, 1, 53.85%, 0, 0, 2, 798.87, 1174240, 42
1384, 0, 0, 30, 30, 1, 53.85%, 0, 0, 2, 796.55, 1178350, 42
1389, 0, 0, 30, 30, 1, 53.85%, 0, 0, 2, 800.22, 1182460, 42
1394, 0, 0, 30, 30, 1, 53.85%, 0, 0, 2, 802.36, 1186476, 42
1399, 0, 0, 30, 30, 1, 53.85%, 0, 0, 2, 804.54, 1190588, 42
1404, 0, 0, 30, 30, 1, 53.85%, 0, 0, 2, 799.43, 1194580, 42
1410, 0, 0, 30, 30, 1, 53.85%, 0, 0, 2, 798.36, 1198675, 42
1415, 0, 0, 30, 30, 1, 53.85%, 0, 0, 2, 799.55, 1202800, 42
1420, 0, 0, 30, 30, 1, 53.85%, 0, 0, 2, 788.25, 1206745, 42
1425, 0, 0, 30, 30, 1, 53.85%, 0, 0, 2, 794.05, 1210855, 42
1430, 0, 0, 30, 30, 1, 53.85%, 0, 0, 2, 798.82, 1215010, 42
1435, 0, 27, 41, 39, 9, 53.85%, 0, 0, 3, 797.91, 1219158, 42
1440, 0, 27, 43, 41, 9, 55.13%, 0, 0, 3, 800.54, 1223204, 43
1446, 0, 27, 43, 41, 9, 55.13%, 0, 0, 3, 799.32, 1227362, 43
1451, 0, 29, 46, 36, 1, 55.13%, 0, 0, 3, 798.24, 1231492, 43
1456, 0, 45, 51, 40, 0, 55.13%, 0, 0, 4, 807.08, 1235628, 43
1461, 0, 45, 55, 44, 0, 56.41%, 0, 0, 4, 805.02, 1239732, 44
1466, 0, 53, 60, 44, 0, 58.97%, 0, 0, 5, 800.76, 1243805, 46
1471, 0, 60, 64, 47, 0, 61.54%, 0, 0, 5, 799.28, 1247837, 48
1476, 0, 56, 67, 50, 0, 61.54%, 0, 0, 6, 799.57, 1251918, 48
1481, 0, 29, 68, 51, 0, 61.54%, 0, 0, 6, 792.22, 1255896, 48
1486, 0, 53, 69, 52, 0, 61.54%, 0, 0, 6, 801.36, 1259921, 48
1491, 0, 30, 71, 54, 0, 61.54%, 0, 0, 6, 795.96, 1263917, 48
1496, 0, 52, 73, 56, 0, 61.54%, 0, 0, 6, 805.24, 1267978, 48
1501, 0, 60, 77, 60, 0, 61.54%, 0, 0, 6, 808.93, 1272033, 48
1506, 0, 24, 77, 60, 0, 61.54%, 0, 0, 6, 797.56, 1276067, 48
1511, 0, 43, 77, 60, 0, 61.54%, 0, 0, 6, 805.91, 1280113, 48
1516, 0, 53, 77, 60, 0, 61.54%, 0, 0, 6, 807.94, 1284166, 48
1521, 0, 29, 78, 61, 0, 61.54%, 0, 0, 6, 789.64, 1288178, 48
1527, 1, 43, 80, 63, 0, 61.54%, 0, 0, 6, 799.52, 1292346, 48
1532, 1, 53, 85, 68, 0, 61.54%, 0, 0, 6, 801.21, 1296523, 48
1535, 1, 75, 85, 68, 0, 61.54%, 1, 0, 6, 0.00, 1298584, 48
