# relative_time, cycles_done, cur_item, corpus_count, pending_total, pending_favs, map_size, saved_crashes, saved_hangs, max_depth, execs_per_sec, total_execs, edges_found
61, 0, 0, 19, 19, 1, 31.51%, 0, 0, 2, 857.51, 49486, 23
66, 0, 0, 19, 19, 1, 31.51%, 0, 0, 2, 802.46, 53463, 23
72, 0, 0, 19, 19, 1, 31.51%, 0, 0, 2, 852.96, 57646, 23
77, 0, 0, 19, 19, 1, 31.51%, 0, 0, 2, 833.65, 60655, 23
82, 0, 0, 20, 20, 1, 31.51%, 0, 0, 2, 803.65, 64627, 23
87, 0, 0, 20, 20, 1, 31.51%, 0, 0, 2, 810.85, 68718, 23
92, 0, 0, 20, 20, 1, 31.51%, 0, 0, 2, 827.95, 72526, 23
97, 0, 0, 20, 20, 1, 31.51%, 0, 0, 2, 822.01, 76638, 23
102, 0, 0, 20, 20, 1, 31.51%, 0, 0, 2, 838.27, 80542, 23
107, 0, 0, 20, 20, 1, 31.51%, 0, 0, 2, 768.48, 84174, 23
113, 0, 0, 20, 20, 1, 31.51%, 0, 0, 2, 821.60, 88318, 23
118, 0, 0, 20, 20, 1, 31.51%, 0, 0, 2, 882.03, 92163, 23
123, 0, 0, 20, 20, 1, 31.51%, 0, 0, 2, 857.93, 96311, 23
128, 0, 0, 20, 20, 1, 31.51%, 0, 0, 2, 49.23, 99422, 23
133, 0, 0, 20, 20, 1, 31.51%, 0, 0, 2, 817.85, 103502, 23
138, 0, 0, 20, 20, 1, 31.51%, 0, 0, 2, 806.24, 107486, 23
143, 0, 0, 20, 20, 1, 31.51%, 0, 0, 2, 881.16, 111747, 23
148, 0, 0, 20, 20, 1, 31.51%, 0, 0, 2, 841.47, 115886, 23
153, 0, 0, 21, 21, 1, 35.62%, 0, 0, 2, 846.28, 119461, 26
158, 0, 0, 21, 21, 1, 35.62%, 0, 0, 2, 793.37, 123149, 26
163, 0, 0, 22, 22, 1, 35.62%, 0, 0, 2, 807.18, 127148, 26
168, 0, 0, 22, 22, 1, 35.62%, 0, 0, 2, 826.78, 131228, 26
174, 0, 0, 22, 22, 1, 35.62%, 0, 0, 2, 840.25, 135436, 26
179, 0, 0, 22, 22, 1, 35.62%, 0, 0, 2, 886.19, 139216, 26
184, 0, 0, 22, 22, 1, 35.62%, 0, 0, 2, 106.36, 143245, 26
189, 0, 0, 22, 22, 1, 35.62%, 0, 0, 2, 847.83, 147500, 26
195, 0, 0, 22, 22, 1, 35.62%, 0, 0, 2, 888.96, 151065, 26
200, 0, 0, 22, 22, 1, 35.62%, 0, 0, 2, 868.60, 155417, 26
205, 0, 0, 22, 22, 1, 35.62%, 0, 0, 2, 836.40, 159548, 26
210, 0, 0, 22, 22, 1, 35.62%, 0, 0, 2, 841.98, 163798, 26
215, 0, 0, 23, 23, 1, 36.99%, 0, 0, 2, 875.62, 168027, 27
220, 0, 0, 23, 23, 1, 36.99%, 0, 0, 2, 891.63, 171874, 27
225, 0, 0, 23, 23, 1, 36.99%, 0, 0, 2, 831.21, 175955, 27
231, 0, 0, 23, 23, 1, 36.99%, 0, 0, 2, 813.15, 180227, 27
236, 0, 0, 24, 24, 1, 38.36%, 0, 0, 2, 837.45, 184218, 28
241, 0, 0, 24, 24, 1, 38.36%, 0, 0, 2, 825.00, 188490, 28
246, 0, 0, 24, 24, 1, 38.36%, 0, 0, 2, 836.49, 192650, 28
251, 0, 0, 25, 25, 1, 38.36%, 0, 0, 2, 848.86, 196849, 28
256, 0, 0, 25, 25, 1, 38.36%, 0, 0, 2, 815.93, 200881, 28
261, 0, 0, 26, 26, 1, 38.36%, 0, 0, 2, 840.12, 205192, 28
266, 0, 0, 27, 27, 1, 38.36%, 0, 0, 2, 843.16, 209375, 28
271, 0, 0, 27, 27, 1, 38.36%, 0, 0, 2, 813.08, 213391, 28
277, 0, 0, 27, 27, 1, 38.36%, 0, 0, 2, 847.08, 217791, 28
282, 0, 0, 27, 27, 1, 38.36%, 0, 0, 2, 858.34, 222041, 28
287, 0, 0, 27, 27, 1, 38.36%, 0, 0, 2, 822.44, 226047, 28
292, 0, 0, 27, 27, 1, 38.36%, 0, 0, 2, 859.21, 229878, 28
297, 0, 0, 27, 27, 1, 38.36%, 0, 0, 2, 885.04, 234145, 28
302, 0, 0, 27, 27, 1, 38.36%, 0, 0, 2, 872.75, 238599, 28
307, 0, 0, 27, 27, 1, 38.36%, 0, 0, 2, 840.62, 242783, 28
312, 0, 0, 28, 28, 1, 38.36%, 0, 0, 2, 892.90, 247004, 28
317, 0, 0, 30, 30, 1, 39.73%, 0, 0, 2, 865.31, 251217, 29
322, 0, 0, 30, 30, 1, 39.73%, 0, 0, 2, 849.60, 255396, 29
327, 0, 0, 30, 30, 1, 39.73%, 0, 0, 2, 845.07, 259716, 29
332, 0, 0, 30, 30, 1, 39.73%, 0, 0, 2, 828.46, 263876, 29
338, 0, 0, 30, 30, 1, 39.73%, 0, 0, 2, 846.53, 267972, 29
343, 0, 0, 30, 30, 1, 39.73%, 0, 0, 2, 858.61, 272297, 29
348, 0, 0, 30, 30, 1, 39.73%, 0, 0, 2, 833.71, 276484, 29
353, 0, 0, 38, 29, 0, 41.10%, 0, 0, 4, 867.20, 280893, 30
358, 0, 37, 39, 30, 0, 41.10%, 0, 0, 4, 850.00, 285142, 30
363, 0, 29, 39, 30, 0, 41.10%, 0, 0, 4, 864.06, 289451, 30
368, 0, 12, 42, 32, 0, 42.47%, 0, 0, 4, 884.63, 294010, 31
373, 1, 42, 45, 34, 0, 43.84%, 0, 0, 4, 866.95, 298367, 32
378, 1, 42, 46, 35, 0, 43.84%, 0, 0, 4, 878.66, 302913, 32
383, 1, 42, 48, 37, 0, 43.84%, 0, 0, 4, 881.94, 307132, 32
389, 1, 0, 48, 36, 0, 43.84%, 0, 0, 4, 885.48, 311661, 32
394, 1, 0, 50, 38, 0, 43.84%, 0, 0, 4, 899.15, 316264, 32
399, 1, 0, 50, 38, 0, 43.84%, 0, 0, 4, 904.90, 320728, 32
404, 1, 12, 50, 37, 0, 43.84%, 0, 0, 4, 902.51, 325250, 32
409, 2, 33, 50, 37, 0, 43.84%, 0, 0, 4, 872.08, 329555, 32
414, 2, 0, 50, 37, 0, 43.84%, 0, 0, 4, 887.79, 333974, 32
419, 2, 0, 50, 37, 0, 43.84%, 0, 0, 4, 863.56, 338381, 32
424, 2, 0, 50, 37, 0, 43.84%, 0, 0, 4, 881.80, 343008, 32
429, 2, 9, 50, 37, 0, 43.84%, 0, 0, 4, 882.68, 347475, 32
434, 3, 0, 50, 36, 0, 43.84%, 0, 0, 4, 851.56, 351640, 32
439, 3, 0, 50, 36, 0, 43.84%, 0, 0, 4, 883.28, 356268, 32
444, 3, 15, 50, 35, 0, 43.84%, 0, 0, 4, 894.48, 360764, 32
449, 3, 0, 50, 35, 0, 43.84%, 0, 0, 4, 886.52, 365206, 32
455, 3, 0, 51, 36, 0, 43.84%, 0, 0, 4, 894.19, 369889, 32
460, 4, 0, 51, 36, 0, 43.84%, 0, 0, 4, 888.83, 374380, 32
465, 4, 38, 52, 37, 0, 43.84%, 0, 0, 5, 867.20, 378878, 32
470, 4, 0, 52, 36, 0, 43.84%, 0, 0, 5, 883.03, 383500, 32
475, 4, 29, 52, 36, 0, 43.84%, 0, 0, 5, 895.68, 388160, 32
480, 4, 33, 53, 37, 0, 43.84%, 0, 0, 5, 902.57, 392681, 32
485, 5, 0, 53, 37, 0, 43.84%, 0, 0, 5, 896.71, 397336, 32
490, 5, 0, 53, 36, 0, 43.84%, 0, 0, 5, 898.79, 401839, 32
495, 5, 39, 54, 36, 0, 43.84%, 0, 0, 5, 893.67, 406318, 32
501, 5, 8, 54, 36, 0, 43.84%, 0, 0, 5, 895.78, 410971, 32
506, 5, 0, 54, 35, 0, 43.84%, 0, 0, 5, 899.63, 415591, 32
511, 6, 0, 55, 35, 0, 43.84%, 0, 0, 5, 906.45, 420145, 32
516, 6, 0, 55, 34, 0, 43.84%, 0, 0, 5, 899.60, 424806, 32
521, 6, 43, 56, 34, 0, 45.21%, 0, 0, 5, 897.66, 429272, 33
526, 6, 55, 59, 37, 0, 47.95%, 0, 0, 5, 899.17, 433920, 35
531, 6, 55, 61, 39, 0, 52.05%, 0, 0, 5, 902.24, 438408, 38
536, 6, 60, 62, 38, 0, 52.05%, 0, 0, 5, 900.15, 442922, 38
541, 6, 0, 62, 38, 0, 52.05%, 0, 0, 5, 903.16, 447429, 38
547, 6, 22, 62, 38, 0, 52.05%, 0, 0, 5, 893.60, 452059, 38
552, 6, 0, 62, 38, 0, 52.05%, 0, 0, 5, 897.06, 456650, 38
557, 6, 0, 62, 38, 0, 52.05%, 0, 0, 5, 901.97, 461310, 38
562, 7, 60, 62, 38, 0, 52.05%, 0, 0, 5, 905.07, 465792, 38
567, 7, 0, 62, 38, 0, 52.05%, 0, 0, 5, 907.30, 470322, 38
572, 7, 0, 62, 38, 0, 52.05%, 0, 0, 5, 892.34, 474883, 38
577, 7, 0, 62, 37, 0, 52.05%, 0, 0, 5, 906.59, 479572, 38
583, 7, 0, 62, 37, 0, 52.05%, 0, 0, 5, 915.65, 484270, 38
588, 7, 0, 62, 36, 0, 52.05%, 0, 0, 5, 879.33, 488795, 38
593, 7, 29, 62, 36, 0, 52.05%, 0, 0, 5, 885.80, 493438, 38
598, 8, 0, 63, 36, 0, 52.05%, 0, 0, 5, 874.87, 497878, 38
603, 8, 0, 66, 39, 0, 52.05%, 0, 0, 5, 886.62, 502537, 38
608, 8, 15, 69, 42, 0, 52.05%, 0, 0, 5, 881.38, 506989, 38
613, 8, 0, 78, 51, 0, 52.05%, 0, 0, 5, 880.37, 511451, 38
618, 8, 0, 79, 52, 0, 52.05%, 0, 0, 5, 889.10, 516114, 38
624, 8, 76, 83, 55, 0, 52.05%, 0, 0, 5, 878.65, 520709, 38
629, 8, 29, 84, 55, 0, 52.05%, 0, 0, 5, 864.39, 524989, 38
634, 8, 22, 86, 56, 0, 52.05%, 0, 0, 5, 885.68, 529634, 38
639, 8, 60, 91, 61, 0, 52.05%, 0, 0, 5, 886.28, 534207, 38
644, 9, 0, 94, 64, 0, 52.05%, 0, 0, 5, 895.86, 538695, 38
649, 9, 0, 96, 66, 0, 52.05%, 0, 0, 5, 881.46, 543128, 38
654, 9, 67, 97, 66, 0, 52.05%, 0, 0, 5, 878.86, 547691, 38
659, 9, 0, 98, 66, 0, 52.05%, 0, 0, 5, 890.50, 552135, 38
663, 9, 17, 98, 66, 0, 52.05%, 1, 0, 5, 0.00, 555075, 38
