# relative_time, cycles_done, cur_item, corpus_count, pending_total, pending_favs, map_size, saved_crashes, saved_hangs, max_depth, execs_per_sec, total_execs, edges_found
60, 1, 12, 18, 14, 0, 33.33%, 0, 0, 5, 267.17, 16943, 26
65, 1, 12, 18, 14, 0, 33.33%, 0, 0, 5, 258.98, 18264, 26
71, 1, 12, 19, 15, 0, 34.62%, 0, 0, 5, 267.82, 19705, 27
76, 1, 12, 20, 16, 0, 35.90%, 0, 0, 5, 272.16, 21146, 28
81, 1, 19, 20, 15, 2, 35.90%, 0, 0, 5, 266.66, 22382, 28
86, 1, 18, 20, 13, 0, 35.90%, 0, 0, 5, 275.51, 23814, 28
91, 1, 1, 20, 13, 0, 35.90%, 0, 0, 5, 278.25, 25157, 28
96, 1, 19, 20, 13, 0, 35.90%, 0, 0, 5, 272.20, 26582, 28
101, 1, 19, 20, 13, 0, 35.90%, 0, 0, 5, 276.45, 27980, 28
106, 1, 19, 21, 14, 0, 35.90%, 0, 0, 6, 266.64, 29312, 28
111, 1, 12, 21, 14, 0, 35.90%, 0, 0, 6, 275.16, 30731, 28
117, 1, 14, 22, 15, 0, 35.90%, 0, 0, 6, 278.42, 32158, 28
122, 1, 1, 23, 16, 0, 35.90%, 0, 0, 6, 274.20, 33547, 28
127, 2, 18, 23, 16, 0, 35.90%, 0, 0, 6, 271.91, 34878, 28
132, 2, 13, 24, 17, 0, 35.90%, 0, 0, 6, 275.82, 36271, 28
137, 2, 14, 24, 16, 0, 35.90%, 0, 0, 6, 273.93, 37648, 28
142, 2, 18, 24, 16, 0, 35.90%, 0, 0, 6, 279.70, 39117, 28
147, 2, 19, 24, 16, 0, 35.90%, 0, 0, 6, 280.95, 40574, 28
152, 2, 14, 24, 16, 0, 35.90%, 0, 0, 6, 274.35, 41845, 28
157, 2, 14, 24, 16, 0, 35.90%, 0, 0, 6, 279.66, 43300, 28
163, 2, 19, 24, 16, 0, 35.90%, 0, 0, 6, 277.86, 44739, 28
168, 2, 20, 24, 16, 0, 35.90%, 0, 0, 6, 273.58, 46166, 28
173, 3, 1, 24, 15, 0, 35.90%, 0, 0, 6, 279.20, 47564, 28
178, 3, 19, 24, 15, 0, 35.90%, 0, 0, 6, 277.18, 48986, 28
183, 3, 12, 24, 15, 0, 35.90%, 0, 0, 6, 277.46, 50388, 28
188, 3, 12, 24, 14, 0, 35.90%, 0, 0, 6, 277.88, 51833, 28
193, 3, 18, 24, 14, 0, 35.90%, 0, 0, 6, 275.75, 53235, 28
198, 3, 14, 24, 14, 0, 35.90%, 0, 0, 6, 277.37, 54629, 28
203, 3, 19, 24, 14, 0, 35.90%, 0, 0, 6, 275.88, 56021, 28
208, 3, 19, 26, 16, 0, 35.90%, 0, 0, 6, 279.75, 57434, 28
213, 4, 14, 26, 16, 0, 35.90%, 0, 0, 6, 277.72, 58828, 28
219, 4, 1, 26, 16, 0, 35.90%, 0, 0, 6, 279.18, 60256, 28
224, 4, 1, 27, 17, 0, 35.90%, 0, 0, 6, 286.05, 61535, 28
229, 4, 14, 27, 17, 0, 35.90%, 0, 0, 6, 279.92, 62981, 28
234, 4, 18, 27, 17, 0, 35.90%, 0, 0, 6, 281.34, 64430, 28
239, 5, 14, 27, 17, 0, 35.90%, 0, 0, 6, 281.14, 65881, 28
244, 5, 1, 27, 16, 0, 35.90%, 0, 0, 6, 276.85, 67269, 28
249, 5, 1, 27, 16, 0, 35.90%, 0, 0, 6, 284.27, 68684, 28
254, 5, 7, 27, 16, 0, 35.90%, 0, 0, 6, 285.70, 70092, 28
260, 6, 18, 27, 16, 0, 35.90%, 0, 0, 6, 332.46, 71846, 28
265, 6, 23, 27, 16, 0, 35.90%, 0, 0, 6, 341.90, 73613, 28
270, 6, 12, 27, 15, 0, 35.90%, 0, 0, 6, 347.16, 75400, 28
275, 6, 12, 27, 14, 0, 35.90%, 0, 0, 6, 348.74, 77148, 28
280, 6, 27, 30, 16, 0, 41.03%, 0, 0, 6, 344.39, 78919, 32
285, 6, 27, 31, 17, 0, 41.03%, 0, 0, 6, 338.70, 80690, 32
291, 6, 27, 31, 17, 0, 41.03%, 0, 0, 6, 336.74, 82460, 32
296, 6, 27, 32, 18, 0, 42.31%, 0, 0, 6, 343.21, 84237, 33
301, 6, 27, 33, 19, 0, 42.31%, 0, 0, 6, 343.36, 86040, 33
306, 6, 27, 33, 19, 0, 42.31%, 0, 0, 6, 340.31, 87804, 33
311, 6, 27, 33, 19, 0, 42.31%, 0, 0, 6, 340.94, 89604, 33
316, 6, 27, 34, 20, 0, 42.31%, 0, 0, 6, 333.54, 91291, 33
321, 6, 29, 37, 22, 2, 42.31%, 0, 0, 7, 343.65, 93019, 33
327, 6, 29, 38, 23, 2, 42.31%, 0, 0, 7, 342.73, 94802, 33
332, 6, 29, 38, 23, 2, 42.31%, 0, 0, 7, 344.32, 96590, 33
337, 6, 29, 39, 24, 2, 43.59%, 0, 0, 7, 346.16, 98385, 34
342, 6, 29, 39, 24, 2, 43.59%, 0, 0, 7, 348.27, 100179, 34
347, 6, 29, 39, 24, 2, 43.59%, 0, 0, 7, 346.83, 101763, 34
352, 6, 29, 39, 24, 2, 43.59%, 0, 0, 7, 386.78, 103700, 34
357, 6, 29, 39, 24, 2, 43.59%, 0, 0, 7, 440.18, 105993, 34
362, 6, 28, 40, 24, 2, 43.59%, 0, 0, 7, 449.48, 108232, 34
368, 6, 40, 42, 24, 0, 43.59%, 0, 0, 8, 457.77, 110577, 34
373, 6, 40, 43, 25, 0, 43.59%, 0, 0, 8, 459.32, 112915, 34
378, 6, 40, 44, 26, 0, 43.59%, 0, 0, 8, 457.96, 115244, 34
383, 6, 40, 44, 26, 0, 43.59%, 0, 0, 8, 460.35, 117564, 34
388, 6, 40, 46, 28, 0, 43.59%, 0, 0, 8, 458.04, 119874, 34
393, 6, 26, 46, 27, 0, 43.59%, 0, 0, 8, 462.30, 122229, 34
398, 6, 41, 47, 27, 0, 44.87%, 0, 0, 9, 454.95, 124528, 35
403, 6, 41, 50, 30, 0, 47.44%, 0, 0, 9, 457.71, 126862, 37
408, 6, 41, 50, 30, 0, 47.44%, 0, 0, 9, 439.43, 129093, 37
413, 6, 41, 50, 30, 0, 47.44%, 0, 0, 9, 456.16, 131494, 37
418, 6, 41, 50, 30, 0, 47.44%, 0, 0, 9, 456.62, 133798, 37
423, 6, 47, 52, 31, 2, 47.44%, 0, 0, 10, 454.02, 136086, 37
429, 6, 47, 53, 32, 2, 47.44%, 0, 0, 10, 463.76, 138418, 37
434, 6, 46, 54, 32, 1, 47.44%, 0, 0, 10, 461.07, 140555, 37
439, 6, 46, 54, 32, 1, 47.44%, 0, 0, 10, 465.68, 142907, 37
444, 6, 31, 55, 32, 0, 48.72%, 0, 0, 10, 463.29, 145212, 38
449, 6, 31, 56, 33, 0, 48.72%, 0, 0, 10, 460.39, 147543, 38
454, 6, 54, 58, 34, 0, 48.72%, 0, 0, 10, 460.12, 149873, 38
459, 6, 54, 59, 35, 0, 48.72%, 0, 0, 10, 457.24, 152211, 38
464, 6, 54, 59, 35, 0, 48.72%, 0, 0, 10, 451.24, 154542, 38
469, 6, 54, 60, 36, 0, 48.72%, 0, 0, 10, 453.80, 156867, 38
474, 6, 54, 60, 36, 0, 48.72%, 0, 0, 10, 458.22, 159207, 38
479, 6, 54, 60, 36, 0, 48.72%, 0, 0, 10, 458.25, 161556, 38
484, 6, 47, 60, 36, 0, 48.72%, 0, 0, 10, 458.65, 163877, 38
490, 6, 49, 61, 37, 0, 48.72%, 0, 0, 10, 455.34, 166253, 38
495, 6, 28, 61, 37, 0, 48.72%, 0, 0, 10, 458.90, 168577, 38
500, 6, 49, 61, 37, 0, 48.72%, 0, 0, 10, 456.03, 170939, 38
505, 6, 49, 63, 39, 0, 48.72%, 0, 0, 10, 464.23, 173306, 38
510, 6, 47, 63, 39, 0, 48.72%, 0, 0, 10, 459.34, 175616, 38
515, 6, 49, 63, 39, 0, 48.72%, 0, 0, 10, 457.55, 177914, 38
520, 6, 57, 63, 38, 0, 48.72%, 0, 0, 10, 457.48, 180301, 38
525, 6, 43, 63, 36, 0, 48.72%, 0, 0, 10, 459.28, 182637, 38
530, 6, 29, 63, 35, 0, 48.72%, 0, 0, 10, 458.74, 185028, 38
535, 6, 48, 63, 35, 0, 48.72%, 0, 0, 10, 459.33, 187427, 38
540, 7, 54, 63, 34, 0, 48.72%, 0, 0, 10, 464.28, 189789, 38
545, 7, 54, 64, 34, 0, 48.72%, 0, 0, 11, 459.17, 192102, 38
550, 7, 18, 64, 34, 0, 48.72%, 0, 0, 11, 463.54, 194432, 38
555, 7, 49, 64, 34, 0, 48.72%, 0, 0, 11, 462.69, 196766, 38
561, 7, 47, 64, 34, 0, 48.72%, 0, 0, 11, 465.29, 199160, 38
566, 7, 28, 64, 34, 0, 48.72%, 0, 0, 11, 458.39, 201533, 38
571, 7, 46, 64, 32, 0, 48.72%, 0, 0, 11, 460.03, 203892, 38
576, 7, 14, 64, 32, 0, 48.72%, 0, 0, 11, 465.31, 206273, 38
581, 7, 63, 64, 32, 0, 48.72%, 0, 0, 11, 463.05, 208661, 38
586, 7, 50, 64, 31, 0, 48.72%, 0, 0, 11, 460.92, 211030, 38
592, 7, 46, 64, 30, 0, 48.72%, 0, 0, 11, 455.92, 213380, 38
597, 7, 18, 64, 30, 0, 48.72%, 0, 0, 11, 458.32, 215670, 38
602, 7, 46, 70, 36, 0, 48.72%, 0, 0, 11, 464.60, 218053, 38
607, 7, 50, 72, 38, 0, 48.72%, 0, 0, 11, 461.21, 220372, 38
612, 7, 50, 74, 40, 0, 48.72%, 0, 0, 11, 459.49, 222748, 38
617, 7, 54, 74, 40, 0, 48.72%, 0, 0, 11, 453.85, 225003, 38
622, 7, 50, 79, 45, 0, 48.72%, 0, 0, 11, 443.14, 227277, 38
627, 7, 1, 82, 48, 0, 48.72%, 0, 0, 11, 452.92, 229547, 38
632, 7, 46, 82, 48, 0, 48.72%, 0, 0, 11, 458.99, 231829, 38
637, 7, 47, 84, 50, 0, 48.72%, 0, 0, 11, 458.07, 234189, 38
643, 7, 18, 85, 51, 0, 48.72%, 0, 0, 11, 440.88, 236380, 38
648, 7, 36, 88, 54, 0, 48.72%, 0, 0, 11, 425.87, 238577, 38
653, 7, 54, 90, 55, 0, 48.72%, 0, 0, 11, 419.57, 240788, 38
658, 7, 50, 90, 55, 0, 48.72%, 0, 0, 11, 430.87, 242987, 38
663, 7, 47, 94, 59, 0, 48.72%, 0, 0, 11, 420.70, 245106, 38
668, 7, 54, 94, 59, 0, 48.72%, 0, 0, 11, 429.80, 247298, 38
673, 8, 46, 94, 59, 0, 48.72%, 0, 0, 11, 430.66, 249499, 38
678, 8, 46, 95, 60, 0, 48.72%, 0, 0, 11, 431.65, 251682, 38
683, 8, 45, 95, 60, 0, 48.72%, 0, 0, 11, 432.46, 253950, 38
688, 8, 54, 96, 59, 0, 48.72%, 0, 0, 11, 436.11, 256204, 38
694, 8, 80, 96, 59, 0, 48.72%, 0, 0, 11, 436.42, 258504, 38
699, 8, 42, 96, 57, 0, 48.72%, 0, 0, 11, 442.24, 260803, 38
704, 8, 47, 96, 56, 0, 48.72%, 0, 0, 11, 434.77, 262964, 38
709, 8, 46, 98, 58, 0, 48.72%, 0, 0, 11, 432.62, 265147, 38
714, 8, 31, 98, 58, 0, 48.72%, 0, 0, 11, 438.08, 267448, 38
719, 8, 54, 98, 58, 0, 48.72%, 0, 0, 11, 434.92, 269708, 38
724, 8, 60, 100, 60, 0, 51.28%, 0, 0, 11, 443.89, 272042, 40
730, 8, 99, 106, 64, 0, 61.54%, 0, 0, 12, 447.68, 274310, 48
735, 8, 99, 108, 66, 0, 61.54%, 0, 0, 12, 445.83, 276556, 48
740, 8, 99, 108, 66, 0, 61.54%, 0, 0, 12, 439.65, 278756, 48
745, 8, 99, 109, 67, 0, 61.54%, 0, 0, 12, 445.00, 280979, 48
750, 8, 99, 110, 68, 0, 61.54%, 0, 0, 12, 450.82, 283226, 48
755, 8, 99, 110, 68, 0, 61.54%, 0, 0, 12, 458.83, 285529, 48
760, 8, 99, 110, 68, 0, 61.54%, 0, 0, 12, 446.25, 287804, 48
765, 8, 99, 110, 68, 0, 61.54%, 0, 0, 12, 434.27, 289970, 48
770, 8, 99, 110, 68, 0, 61.54%, 0, 0, 12, 429.21, 292096, 48
775, 8, 99, 111, 69, 0, 61.54%, 0, 0, 12, 393.72, 293986, 48
780, 8, 104, 113, 70, 2, 61.54%, 0, 0, 13, 410.39, 296068, 48
784, 8, 104, 113, 70, 2, 61.54%, 1, 0, 13, 0.00, 297861, 48
