# relative_time, cycles_done, cur_item, corpus_count, pending_total, pending_favs, map_size, saved_crashes, saved_hangs, max_depth, execs_per_sec, total_execs, edges_found
61, 1, 18, 24, 19, 0, 37.29%, 0, 0, 5, 286.57, 17199, 22
66, 1, 18, 24, 19, 0, 37.29%, 0, 0, 5, 266.03, 18519, 22
71, 1, 18, 24, 19, 0, 37.29%, 0, 0, 5, 267.28, 19914, 22
76, 1, 18, 24, 19, 0, 37.29%, 0, 0, 5, 277.18, 21354, 22
81, 1, 18, 24, 19, 0, 37.29%, 0, 0, 5, 268.57, 22499, 22
86, 1, 18, 24, 19, 0, 37.29%, 0, 0, 5, 274.85, 23905, 22
91, 1, 23, 26, 20, 1, 37.29%, 0, 0, 6, 273.63, 25278, 22
96, 1, 23, 28, 22, 1, 37.29%, 0, 0, 6, 274.96, 26667, 22
101, 1, 20, 31, 24, 0, 37.29%, 0, 0, 6, 276.22, 28064, 22
106, 1, 18, 31, 24, 0, 37.29%, 0, 0, 6, 261.70, 29376, 22
111, 1, 8, 31, 24, 0, 37.29%, 0, 0, 6, 274.71, 30792, 22
116, 1, 23, 31, 24, 0, 37.29%, 0, 0, 6, 277.25, 32202, 22
122, 1, 23, 31, 24, 0, 37.29%, 0, 0, 6, 276.71, 33657, 22
127, 1, 20, 32, 25, 0, 37.29%, 0, 0, 6, 271.52, 34988, 22
132, 1, 19, 32, 25, 0, 37.29%, 0, 0, 6, 278.44, 36427, 22
137, 1, 23, 32, 23, 0, 37.29%, 0, 0, 6, 278.43, 37831, 22
142, 2, 5, 32, 23, 0, 37.29%, 0, 0, 6, 276.74, 39194, 22
147, 2, 20, 32, 23, 0, 37.29%, 0, 0, 6, 278.01, 40652, 22
152, 2, 22, 32, 22, 0, 37.29%, 0, 0, 6, 270.80, 41845, 22
157, 2, 23, 32, 21, 0, 37.29%, 0, 0, 6, 283.02, 43320, 22
162, 2, 18, 32, 20, 0, 37.29%, 0, 0, 6, 274.56, 44698, 22
167, 2, 14, 32, 20, 0, 37.29%, 0, 0, 6, 270.92, 46064, 22
172, 2, 20, 32, 19, 0, 37.29%, 0, 0, 6, 276.76, 47464, 22
177, 2, 20, 33, 19, 0, 42.37%, 0, 0, 6, 277.58, 48905, 25
182, 3, 32, 36, 22, 0, 44.07%, 0, 0, 7, 270.73, 50275, 26
188, 3, 32, 39, 25, 0, 47.46%, 0, 0, 7, 276.81, 51681, 28
193, 3, 32, 40, 26, 0, 47.46%, 0, 0, 7, 280.22, 53083, 28
198, 3, 32, 40, 26, 0, 47.46%, 0, 0, 7, 278.28, 54463, 28
203, 3, 32, 40, 26, 0, 47.46%, 0, 0, 7, 278.70, 55868, 28
208, 3, 32, 40, 26, 0, 47.46%, 0, 0, 7, 278.95, 57277, 28
213, 3, 32, 40, 26, 0, 47.46%, 0, 0, 7, 278.73, 58686, 28
218, 3, 32, 41, 27, 0, 47.46%, 0, 0, 7, 279.31, 60127, 28
223, 3, 39, 44, 29, 2, 49.15%, 0, 0, 8, 286.89, 61397, 29
228, 3, 39, 44, 29, 2, 49.15%, 0, 0, 8, 278.70, 62802, 29
233, 3, 39, 45, 30, 2, 49.15%, 0, 0, 8, 271.21, 64179, 29
238, 3, 36, 45, 28, 1, 49.15%, 0, 0, 8, 279.39, 65577, 29
243, 3, 42, 48, 30, 0, 49.15%, 0, 0, 9, 279.91, 66983, 29
248, 3, 42, 49, 31, 0, 49.15%, 0, 0, 9, 268.14, 68335, 29
253, 3, 42, 49, 31, 0, 49.15%, 0, 0, 9, 275.67, 69730, 29
258, 3, 42, 49, 31, 0, 49.15%, 0, 0, 9, 329.31, 71411, 29
263, 3, 42, 49, 31, 0, 49.15%, 0, 0, 9, 340.58, 73133, 29
268, 3, 42, 49, 31, 0, 49.15%, 0, 0, 9, 349.72, 74945, 29
273, 3, 42, 49, 31, 0, 49.15%, 0, 0, 9, 348.10, 76691, 29
278, 3, 42, 49, 31, 0, 49.15%, 0, 0, 9, 345.36, 78413, 29
284, 3, 42, 49, 31, 0, 49.15%, 0, 0, 9, 345.56, 80186, 29
289, 3, 42, 51, 33, 0, 49.15%, 0, 0, 9, 344.26, 81907, 29
294, 3, 5, 51, 33, 0, 49.15%, 0, 0, 9, 349.25, 83674, 29
299, 3, 35, 51, 33, 0, 49.15%, 0, 0, 9, 349.44, 85464, 29
304, 3, 35, 51, 33, 0, 49.15%, 0, 0, 9, 345.33, 87186, 29
309, 3, 35, 51, 33, 0, 49.15%, 0, 0, 9, 350.28, 88986, 29
314, 3, 35, 51, 33, 0, 49.15%, 0, 0, 9, 345.27, 90698, 29
319, 3, 35, 51, 33, 0, 49.15%, 0, 0, 9, 346.09, 92438, 29
324, 3, 35, 51, 33, 0, 49.15%, 0, 0, 9, 344.01, 94215, 29
330, 3, 42, 51, 33, 0, 49.15%, 0, 0, 9, 345.29, 95992, 29
335, 3, 42, 51, 33, 0, 49.15%, 0, 0, 9, 347.44, 97724, 29
340, 3, 45, 51, 33, 0, 49.15%, 0, 0, 9, 350.03, 99528, 29
345, 3, 5, 51, 32, 0, 49.15%, 0, 0, 9, 351.05, 101212, 29
350, 3, 18, 52, 33, 0, 49.15%, 0, 0, 9, 347.29, 102998, 29
355, 3, 32, 53, 33, 0, 49.15%, 0, 0, 9, 434.35, 105245, 29
360, 3, 42, 53, 33, 0, 49.15%, 0, 0, 9, 442.92, 107489, 29
365, 3, 5, 53, 33, 0, 49.15%, 0, 0, 9, 452.54, 109854, 29
370, 4, 20, 53, 31, 0, 49.15%, 0, 0, 9, 456.42, 112207, 29
376, 4, 50, 53, 31, 0, 49.15%, 0, 0, 9, 455.53, 114590, 29
381, 4, 32, 53, 29, 0, 49.15%, 0, 0, 9, 453.64, 116892, 29
386, 4, 42, 53, 28, 0, 49.15%, 0, 0, 9, 453.29, 119265, 29
391, 4, 5, 53, 28, 0, 49.15%, 0, 0, 9, 455.61, 121651, 29
396, 4, 5, 53, 26, 0, 49.15%, 0, 0, 9, 450.60, 123929, 29
401, 4, 42, 54, 27, 0, 49.15%, 0, 0, 9, 449.83, 126218, 29
406, 4, 42, 54, 26, 0, 49.15%, 0, 0, 9, 454.29, 128522, 29
411, 4, 20, 54, 24, 0, 49.15%, 0, 0, 9, 458.18, 130880, 29
416, 4, 36, 54, 23, 0, 49.15%, 0, 0, 9, 455.82, 133173, 29
421, 4, 53, 54, 23, 0, 49.15%, 0, 0, 9, 460.61, 135491, 29
427, 4, 5, 54, 22, 0, 49.15%, 0, 0, 9, 465.09, 137879, 29
432, 5, 42, 54, 21, 0, 49.15%, 0, 0, 9, 454.95, 139922, 29
437, 5, 42, 54, 21, 0, 49.15%, 0, 0, 9, 464.67, 142266, 29
442, 5, 5, 54, 21, 0, 49.15%, 0, 0, 9, 462.73, 144652, 29
447, 5, 42, 54, 21, 0, 49.15%, 0, 0, 9, 460.29, 147024, 29
452, 5, 14, 54, 21, 0, 49.15%, 0, 0, 9, 460.92, 149412, 29
457, 5, 42, 54, 21, 0, 49.15%, 0, 0, 9, 457.97, 151705, 29
462, 5, 42, 54, 21, 0, 49.15%, 0, 0, 9, 462.10, 154024, 29
467, 5, 20, 54, 21, 0, 49.15%, 0, 0, 9, 464.72, 156366, 29
472, 5, 14, 54, 20, 0, 49.15%, 0, 0, 9, 464.28, 158769, 29
477, 5, 35, 54, 20, 0, 49.15%, 0, 0, 9, 465.63, 161093, 29
483, 5, 5, 54, 20, 0, 49.15%, 0, 0, 9, 461.93, 163449, 29
488, 5, 42, 54, 20, 0, 49.15%, 0, 0, 9, 460.04, 165760, 29
493, 6, 42, 54, 20, 0, 49.15%, 0, 0, 9, 463.98, 168154, 29
498, 6, 42, 54, 20, 0, 49.15%, 0, 0, 9, 464.27, 170543, 29
503, 6, 42, 54, 19, 0, 49.15%, 0, 0, 9, 469.88, 172889, 29
508, 6, 32, 54, 19, 0, 49.15%, 0, 0, 9, 467.74, 175291, 29
513, 6, 36, 54, 18, 0, 49.15%, 0, 0, 9, 464.38, 177596, 29
518, 6, 5, 54, 17, 0, 49.15%, 0, 0, 9, 466.52, 180003, 29
524, 6, 35, 54, 17, 0, 49.15%, 0, 0, 9, 470.02, 182366, 29
529, 6, 42, 54, 17, 0, 49.15%, 0, 0, 9, 464.46, 184748, 29
534, 6, 42, 54, 17, 0, 49.15%, 0, 0, 9, 465.14, 187065, 29
539, 6, 42, 54, 17, 0, 49.15%, 0, 0, 9, 466.12, 189378, 29
544, 6, 42, 54, 17, 0, 49.15%, 0, 0, 9, 463.63, 191689, 29
549, 7, 32, 54, 17, 0, 49.15%, 0, 0, 9, 463.81, 194010, 29
554, 7, 42, 54, 16, 0, 49.15%, 0, 0, 9, 458.70, 196409, 29
559, 7, 42, 54, 16, 0, 49.15%, 0, 0, 9, 456.22, 198795, 29
564, 7, 36, 54, 16, 0, 49.15%, 0, 0, 9, 456.14, 201187, 29
570, 7, 42, 54, 16, 0, 49.15%, 0, 0, 9, 457.26, 203566, 29
575, 7, 42, 54, 16, 0, 49.15%, 0, 0, 9, 457.73, 205901, 29
580, 7, 5, 54, 15, 0, 49.15%, 0, 0, 9, 457.14, 208209, 29
585, 7, 5, 54, 15, 0, 49.15%, 0, 0, 9, 458.67, 210610, 29
590, 7, 42, 54, 15, 0, 49.15%, 0, 0, 9, 457.70, 212985, 29
595, 7, 5, 54, 15, 0, 49.15%, 0, 0, 9, 453.43, 215327, 29
600, 8, 18, 55, 16, 0, 49.15%, 0, 0, 9, 458.46, 217644, 29
605, 8, 42, 59, 20, 0, 49.15%, 0, 0, 9, 463.92, 219983, 29
610, 8, 55, 67, 28, 0, 49.15%, 0, 0, 9, 456.46, 222272, 29
615, 8, 55, 70, 31, 0, 49.15%, 0, 0, 9, 453.61, 224597, 29
621, 8, 55, 71, 32, 0, 49.15%, 0, 0, 9, 441.94, 226815, 29
626, 8, 55, 73, 34, 0, 49.15%, 0, 0, 9, 449.83, 229133, 29
631, 8, 55, 74, 35, 0, 49.15%, 0, 0, 9, 453.85, 231429, 29
636, 8, 55, 75, 36, 0, 49.15%, 0, 0, 9, 455.13, 233709, 29
641, 8, 71, 75, 35, 0, 49.15%, 0, 0, 9, 449.27, 235974, 29
646, 8, 71, 80, 40, 0, 50.85%, 0, 0, 9, 431.80, 238103, 30
651, 8, 71, 80, 40, 0, 50.85%, 0, 0, 9, 429.90, 240287, 30
656, 8, 71, 80, 40, 0, 50.85%, 0, 0, 9, 437.18, 242479, 30
661, 8, 71, 80, 40, 0, 50.85%, 0, 0, 9, 427.84, 244679, 30
666, 8, 71, 80, 40, 0, 50.85%, 0, 0, 9, 435.53, 246863, 30
671, 8, 71, 82, 42, 0, 50.85%, 0, 0, 9, 434.60, 249101, 30
677, 8, 77, 84, 43, 1, 50.85%, 0, 0, 9, 426.52, 251303, 30
682, 8, 58, 85, 43, 0, 50.85%, 0, 0, 9, 437.13, 253525, 30
687, 8, 77, 85, 42, 0, 50.85%, 0, 0, 9, 434.34, 255759, 30
692, 8, 63, 85, 42, 0, 50.85%, 0, 0, 9, 446.92, 258022, 30
697, 8, 32, 86, 42, 0, 50.85%, 0, 0, 9, 443.21, 260221, 30
702, 8, 42, 86, 42, 0, 50.85%, 0, 0, 9, 437.95, 262502, 30
707, 8, 42, 86, 42, 0, 50.85%, 0, 0, 9, 438.73, 264780, 30
712, 8, 42, 87, 43, 0, 50.85%, 0, 0, 9, 440.29, 266986, 30
717, 8, 76, 87, 43, 0, 50.85%, 0, 0, 9, 441.25, 269246, 30
723, 8, 5, 87, 42, 0, 50.85%, 0, 0, 9, 441.09, 271528, 30
728, 8, 35, 87, 42, 0, 50.85%, 0, 0, 9, 446.00, 273876, 30
733, 8, 42, 87, 42, 0, 50.85%, 0, 0, 9, 436.90, 276094, 30
738, 8, 73, 87, 42, 0, 50.85%, 0, 0, 9, 429.26, 278291, 30
743, 8, 42, 88, 42, 0, 50.85%, 0, 0, 9, 431.77, 280480, 30
748, 8, 42, 88, 42, 0, 50.85%, 0, 0, 9, 441.68, 282721, 30
753, 8, 77, 88, 42, 0, 50.85%, 0, 0, 9, 446.29, 284995, 30
758, 8, 60, 89, 43, 0, 50.85%, 0, 0, 9, 444.38, 287351, 30
763, 8, 18, 89, 42, 0, 50.85%, 0, 0, 9, 433.90, 289590, 30
768, 9, 20, 89, 42, 0, 50.85%, 0, 0, 9, 421.84, 291723, 30
774, 9, 70, 90, 43, 0, 50.85%, 0, 0, 9, 379.28, 293652, 30
779, 9, 85, 90, 42, 0, 50.85%, 0, 0, 9, 407.28, 295807, 30
784, 9, 42, 90, 41, 0, 50.85%, 0, 0, 9, 432.70, 298072, 30
789, 9, 42, 90, 41, 0, 50.85%, 0, 0, 9, 581.81, 301139, 30
794, 9, 35, 90, 41, 0, 50.85%, 0, 0, 9, 622.34, 304426, 30
799, 9, 36, 90, 41, 0, 50.85%, 0, 0, 9, 616.20, 307547, 30
804, 9, 42, 90, 41, 0, 50.85%, 0, 0, 9, 605.08, 310639, 30
809, 9, 77, 90, 40, 0, 50.85%, 0, 0, 9, 607.83, 313704, 30
814, 9, 77, 90, 40, 0, 50.85%, 0, 0, 9, 627.73, 316861, 30
819, 9, 14, 90, 40, 0, 50.85%, 0, 0, 9, 631.43, 320138, 30
824, 9, 32, 90, 40, 0, 50.85%, 0, 0, 9, 615.27, 323261, 30
830, 9, 32, 90, 39, 0, 50.85%, 0, 0, 9, 639.79, 326618, 30
835, 9, 55, 90, 39, 0, 50.85%, 0, 0, 9, 628.20, 329790, 30
840, 9, 5, 90, 38, 0, 50.85%, 0, 0, 9, 611.99, 332967, 30
845, 10, 42, 90, 37, 0, 50.85%, 0, 0, 9, 600.46, 336081, 30
850, 10, 42, 90, 37, 0, 50.85%, 0, 0, 9, 635.14, 339298, 30
855, 10, 77, 90, 37, 0, 50.85%, 0, 0, 9, 632.27, 342487, 30
860, 10, 42, 90, 36, 0, 50.85%, 0, 0, 9, 628.03, 345749, 30
866, 10, 42, 90, 36, 0, 50.85%, 0, 0, 9, 627.69, 348992, 30
871, 10, 5, 90, 36, 0, 50.85%, 0, 0, 9, 615.78, 352150, 30
876, 10, 36, 90, 36, 0, 50.85%, 0, 0, 9, 629.00, 355414, 30
881, 10, 42, 90, 36, 0, 50.85%, 0, 0, 9, 628.16, 358543, 30
886, 10, 75, 90, 36, 0, 50.85%, 0, 0, 9, 614.53, 361754, 30
891, 10, 14, 90, 35, 0, 50.85%, 0, 0, 9, 629.64, 364880, 30
896, 11, 20, 90, 34, 0, 50.85%, 0, 0, 9, 622.32, 368059, 30
901, 11, 18, 91, 35, 0, 50.85%, 0, 0, 9, 632.03, 371222, 30
907, 11, 17, 91, 35, 0, 50.85%, 0, 0, 9, 631.90, 374447, 30
912, 11, 42, 91, 34, 0, 50.85%, 0, 0, 9, 629.75, 377565, 30
917, 11, 18, 91, 34, 0, 50.85%, 0, 0, 9, 637.19, 380887, 30
922, 11, 92, 93, 36, 1, 52.54%, 0, 0, 9, 586.38, 383943, 31
927, 11, 5, 93, 35, 0, 52.54%, 0, 0, 9, 565.94, 386592, 31
932, 11, 92, 96, 38, 0, 52.54%, 0, 0, 9, 524.35, 389320, 31
937, 11, 92, 96, 38, 0, 52.54%, 0, 0, 9, 478.47, 391683, 31
942, 11, 92, 97, 39, 0, 52.54%, 0, 0, 9, 467.60, 394030, 31
947, 11, 92, 97, 39, 0, 52.54%, 0, 0, 9, 472.29, 396397, 31
950, 11, 92, 97, 39, 0, 52.54%, 1, 0, 9, 0.00, 397838, 31
