# relative_time, cycles_done, cur_item, corpus_count, pending_total, pending_favs, map_size, saved_crashes, saved_hangs, max_depth, execs_per_sec, total_execs, edges_found
61, 3, 0, 17, 9, 0, 28.77%, 0, 0, 3, 600.72, 36690, 21
66, 3, 0, 17, 9, 0, 28.77%, 0, 0, 3, 670.00, 39806, 21
71, 4, 0, 17, 8, 0, 28.77%, 0, 0, 3, 624.56, 42841, 21
76, 4, 0, 17, 8, 0, 28.77%, 0, 0, 3, 94.02, 45511, 21
81, 4, 0, 17, 8, 0, 28.77%, 0, 0, 3, 602.06, 48378, 21
86, 5, 0, 19, 9, 0, 31.51%, 0, 0, 3, 646.54, 51465, 23
91, 5, 18, 19, 8, 0, 31.51%, 0, 0, 3, 604.83, 54403, 23
97, 5, 18, 19, 8, 0, 31.51%, 0, 0, 3, 643.43, 57532, 23
102, 5, 0, 19, 8, 0, 31.51%, 0, 0, 3, 596.90, 60552, 23
107, 5, 18, 19, 8, 0, 31.51%, 0, 0, 3, 570.73, 63427, 23
112, 5, 0, 19, 8, 0, 31.51%, 0, 0, 3, 567.15, 66219, 23
117, 5, 0, 19, 8, 0, 31.51%, 0, 0, 3, 108.61, 69209, 23
122, 6, 0, 19, 8, 0, 31.51%, 0, 0, 3, 637.00, 72328, 23
128, 6, 0, 20, 9, 0, 31.51%, 0, 0, 3, 611.94, 75043, 23
133, 6, 0, 20, 9, 0, 31.51%, 0, 0, 3, 609.75, 77753, 23
138, 7, 0, 20, 9, 0, 31.51%, 0, 0, 3, 613.68, 80721, 23
143, 7, 19, 20, 9, 0, 31.51%, 0, 0, 3, 618.51, 83741, 23
148, 7, 0, 20, 8, 0, 31.51%, 0, 0, 3, 619.65, 86782, 23
153, 7, 0, 20, 8, 0, 31.51%, 0, 0, 3, 639.87, 89584, 23
158, 8, 0, 20, 8, 0, 31.51%, 0, 0, 3, 599.78, 92527, 23
163, 8, 0, 20, 8, 0, 31.51%, 0, 0, 3, 618.63, 95692, 23
168, 8, 0, 20, 8, 0, 31.51%, 0, 0, 3, 681.02, 98791, 23
173, 9, 0, 20, 8, 0, 31.51%, 0, 0, 3, 640.68, 101983, 23
179, 9, 0, 20, 8, 0, 31.51%, 0, 0, 3, 650.76, 104674, 23
184, 9, 0, 20, 8, 0, 31.51%, 0, 0, 3, 645.57, 107917, 23
189, 10, 0, 20, 8, 0, 31.51%, 0, 0, 3, 645.20, 110527, 23
194, 10, 18, 20, 8, 0, 31.51%, 0, 0, 3, 584.91, 113142, 23
199, 10, 7, 20, 8, 0, 31.51%, 0, 0, 3, 627.01, 116386, 23
204, 11, 0, 20, 8, 0, 31.51%, 0, 0, 3, 641.77, 119488, 23
209, 11, 17, 20, 8, 0, 31.51%, 0, 0, 3, 639.40, 122726, 23
214, 11, 0, 20, 8, 0, 31.51%, 0, 0, 3, 627.38, 125797, 23
219, 12, 0, 20, 8, 0, 31.51%, 0, 0, 3, 633.84, 128950, 23
224, 12, 0, 20, 8, 0, 31.51%, 0, 0, 3, 638.39, 131704, 23
230, 12, 9, 20, 8, 0, 31.51%, 0, 0, 3, 638.76, 134968, 23
235, 12, 0, 20, 8, 0, 31.51%, 0, 0, 3, 623.98, 137785, 23
240, 13, 0, 20, 8, 0, 31.51%, 0, 0, 3, 632.65, 140983, 23
245, 13, 0, 20, 8, 0, 31.51%, 0, 0, 3, 633.44, 144118, 23
250, 14, 0, 20, 8, 0, 31.51%, 0, 0, 3, 610.83, 147337, 23
255, 14, 0, 20, 8, 0, 31.51%, 0, 0, 3, 644.16, 150499, 23
260, 14, 0, 20, 8, 0, 31.51%, 0, 0, 3, 805.88, 154518, 23
266, 15, 0, 22, 10, 0, 31.51%, 0, 0, 3, 813.06, 158825, 23
271, 15, 0, 22, 9, 0, 31.51%, 0, 0, 3, 807.96, 162885, 23
276, 15, 0, 22, 9, 0, 31.51%, 0, 0, 3, 801.96, 167022, 23
281, 16, 0, 23, 9, 0, 31.51%, 0, 0, 3, 831.85, 171405, 23
286, 16, 0, 25, 11, 0, 35.62%, 0, 0, 3, 802.98, 175445, 26
291, 16, 23, 26, 11, 0, 36.99%, 0, 0, 3, 774.10, 179249, 27
296, 16, 23, 30, 15, 0, 38.36%, 0, 0, 3, 809.18, 183377, 28
301, 16, 23, 34, 19, 0, 39.73%, 0, 0, 3, 827.47, 187701, 29
306, 16, 25, 38, 21, 1, 41.10%, 0, 0, 4, 889.97, 191839, 30
312, 16, 25, 41, 24, 1, 41.10%, 0, 0, 4, 881.69, 196110, 30
317, 16, 25, 41, 24, 1, 41.10%, 0, 0, 4, 830.08, 200210, 30
322, 16, 25, 44, 27, 1, 42.47%, 0, 0, 4, 825.11, 204463, 31
327, 16, 41, 47, 28, 2, 42.47%, 0, 0, 5, 822.11, 208574, 31
332, 16, 41, 50, 31, 2, 43.84%, 0, 0, 5, 797.77, 212741, 32
337, 16, 0, 51, 29, 0, 43.84%, 0, 0, 5, 849.70, 216726, 32
342, 16, 40, 51, 29, 0, 43.84%, 0, 0, 5, 868.01, 221028, 32
347, 16, 40, 51, 29, 0, 43.84%, 0, 0, 5, 787.64, 225164, 32
352, 16, 0, 52, 30, 0, 43.84%, 0, 0, 5, 848.34, 229585, 32
357, 16, 49, 53, 31, 0, 43.84%, 0, 0, 6, 846.42, 233859, 32
362, 16, 49, 53, 31, 0, 43.84%, 0, 0, 6, 834.38, 238087, 32
367, 16, 49, 55, 33, 0, 43.84%, 0, 0, 6, 854.62, 242440, 32
373, 16, 0, 56, 33, 0, 46.58%, 0, 0, 6, 834.45, 246646, 34
378, 16, 55, 58, 35, 0, 52.05%, 0, 0, 7, 856.20, 251017, 38
382, 16, 55, 59, 36, 0, 52.05%, 1, 0, 7, 0.00, 254264, 38
