# relative_time, cycles_done, cur_item, corpus_count, pending_total, pending_favs, map_size, saved_crashes, saved_hangs, max_depth, execs_per_sec, total_execs, edges_found
61, 1, 0, 36, 23, 0, 49.15%, 0, 0, 5, 804.73, 48700, 29
66, 1, 0, 38, 25, 0, 49.15%, 0, 0, 5, 779.07, 52675, 29
71, 2, 0, 38, 24, 0, 49.15%, 0, 0, 5, 794.34, 56721, 29
76, 2, 0, 38, 24, 0, 49.15%, 0, 0, 5, 40.20, 59986, 29
81, 2, 0, 43, 28, 0, 49.15%, 0, 0, 5, 805.98, 63631, 29
86, 2, 0, 44, 29, 0, 49.15%, 0, 0, 5, 812.03, 67746, 29
91, 2, 0, 44, 29, 0, 49.15%, 0, 0, 5, 822.68, 71550, 29
96, 3, 0, 45, 29, 0, 50.85%, 0, 0, 5, 810.98, 75658, 30
102, 3, 16, 46, 30, 0, 50.85%, 0, 0, 5, 804.13, 79630, 30
107, 3, 0, 46, 30, 0, 50.85%, 0, 0, 5, 367.81, 83561, 30
112, 3, 44, 47, 31, 0, 52.54%, 0, 0, 5, 670.71, 86957, 31
117, 3, 44, 48, 32, 0, 52.54%, 0, 0, 5, 62.04, 90918, 31
122, 3, 44, 50, 34, 0, 52.54%, 0, 0, 5, 823.25, 95014, 31
127, 3, 0, 51, 33, 0, 52.54%, 0, 0, 6, 875.00, 98571, 31
133, 3, 46, 53, 34, 0, 52.54%, 0, 0, 6, 798.83, 102125, 31
135, 3, 46, 53, 34, 0, 52.54%, 1, 0, 6, 0.00, 103986, 31
