# relative_time, cycles_done, cur_item, corpus_count, pending_total, pending_favs, map_size, saved_crashes, saved_hangs, max_depth, execs_per_sec, total_execs, edges_found
61, 1, 25, 52, 37, 0, 43.84%, 0, 0, 6, 846.12, 51124, 32
66, 1, 24, 52, 35, 0, 43.84%, 0, 0, 6, 835.46, 55372, 32
71, 1, 26, 52, 34, 0, 43.84%, 0, 0, 6, 835.20, 59741, 32
76, 2, 6, 54, 36, 0, 43.84%, 0, 0, 6, 880.00, 63445, 32
81, 2, 16, 54, 33, 0, 43.84%, 0, 0, 6, 857.91, 67809, 32
86, 2, 12, 54, 32, 0, 43.84%, 0, 0, 6, 871.92, 72213, 32
91, 3, 18, 55, 30, 0, 43.84%, 0, 0, 6, 845.38, 76491, 32
96, 3, 36, 55, 30, 0, 43.84%, 0, 0, 6, 844.93, 80894, 32
102, 3, 16, 55, 30, 0, 43.84%, 0, 0, 6, 822.56, 84897, 32
107, 3, 21, 55, 28, 0, 43.84%, 0, 0, 6, 836.58, 89149, 32
112, 3, 6, 55, 27, 0, 43.84%, 0, 0, 6, 829.24, 93338, 32
117, 4, 13, 55, 27, 0, 43.84%, 0, 0, 6, 800.84, 97623, 32
122, 4, 13, 55, 27, 0, 43.84%, 0, 0, 6, 860.45, 102147, 32
127, 4, 36, 55, 27, 0, 43.84%, 0, 0, 6, 855.44, 106465, 32
132, 5, 6, 55, 27, 0, 43.84%, 0, 0, 6, 877.12, 111019, 32
137, 5, 36, 55, 26, 0, 43.84%, 0, 0, 6, 862.11, 115316, 32
142, 5, 21, 57, 28, 0, 43.84%, 0, 0, 6, 871.70, 119669, 32
147, 5, 19, 57, 27, 0, 43.84%, 0, 0, 6, 835.49, 123800, 32
153, 6, 13, 57, 26, 0, 43.84%, 0, 0, 6, 860.35, 127796, 32
158, 6, 35, 57, 25, 0, 43.84%, 0, 0, 6, 827.83, 131910, 32
163, 6, 25, 58, 24, 0, 43.84%, 0, 0, 6, 832.54, 136243, 32
168, 6, 16, 59, 25, 0, 43.84%, 0, 0, 6, 871.83, 140787, 32
173, 7, 13, 60, 26, 0, 43.84%, 0, 0, 6, 877.59, 145154, 32
178, 7, 16, 60, 26, 0, 43.84%, 0, 0, 6, 875.74, 149680, 32
183, 7, 6, 60, 26, 0, 43.84%, 0, 0, 6, 890.05, 154143, 32
188, 8, 6, 60, 23, 0, 43.84%, 0, 0, 6, 905.18, 158758, 32
193, 8, 36, 60, 23, 0, 43.84%, 0, 0, 6, 902.99, 163226, 32
199, 8, 6, 60, 23, 0, 43.84%, 0, 0, 6, 870.86, 167742, 32
204, 8, 18, 60, 22, 0, 43.84%, 0, 0, 6, 847.95, 171930, 32
209, 9, 27, 60, 21, 0, 43.84%, 0, 0, 6, 879.07, 176439, 32
214, 9, 25, 60, 20, 0, 43.84%, 0, 0, 6, 894.30, 180929, 32
219, 9, 59, 60, 19, 0, 43.84%, 0, 0, 6, 885.13, 185303, 32
224, 10, 27, 60, 18, 0, 43.84%, 0, 0, 6, 894.26, 189844, 32
229, 10, 6, 60, 18, 0, 43.84%, 0, 0, 6, 893.91, 194281, 32
234, 10, 6, 60, 18, 0, 43.84%, 0, 0, 6, 870.06, 198640, 32
239, 10, 36, 60, 17, 0, 43.84%, 0, 0, 6, 866.47, 202928, 32
244, 11, 35, 60, 17, 0, 43.84%, 0, 0, 6, 880.34, 207388, 32
250, 11, 27, 60, 16, 0, 43.84%, 0, 0, 6, 891.59, 211997, 32
255, 11, 36, 60, 16, 0, 43.84%, 0, 0, 6, 906.65, 216654, 32
260, 11, 36, 60, 13, 0, 43.84%, 0, 0, 6, 886.53, 221265, 32
265, 12, 27, 60, 13, 0, 43.84%, 0, 0, 6, 887.24, 225751, 32
270, 12, 21, 60, 13, 0, 43.84%, 0, 0, 6, 890.22, 230434, 32
275, 12, 6, 60, 13, 0, 43.84%, 0, 0, 6, 884.44, 235095, 32
281, 13, 6, 60, 12, 0, 43.84%, 0, 0, 6, 872.61, 239619, 32
286, 13, 26, 60, 12, 0, 43.84%, 0, 0, 6, 877.56, 244089, 32
291, 13, 60, 64, 15, 0, 47.95%, 0, 0, 6, 874.82, 248540, 35
296, 13, 60, 65, 16, 0, 47.95%, 0, 0, 6, 896.16, 253273, 35
301, 13, 60, 65, 16, 0, 47.95%, 0, 0, 6, 888.20, 257792, 35
306, 13, 61, 66, 16, 1, 47.95%, 0, 0, 6, 884.79, 262252, 35
311, 13, 66, 67, 15, 0, 52.05%, 0, 0, 6, 886.56, 266696, 38
316, 13, 66, 67, 15, 0, 52.05%, 0, 0, 6, 892.14, 271361, 38
321, 13, 66, 67, 15, 0, 52.05%, 0, 0, 6, 877.50, 275730, 38
327, 13, 62, 67, 15, 0, 52.05%, 0, 0, 6, 893.85, 280354, 38
332, 13, 62, 67, 15, 0, 52.05%, 0, 0, 6, 894.97, 285019, 38
337, 13, 62, 67, 15, 0, 52.05%, 0, 0, 6, 907.88, 289594, 38
342, 13, 62, 67, 15, 0, 52.05%, 0, 0, 6, 894.02, 294088, 38
347, 13, 62, 67, 15, 0, 52.05%, 0, 0, 6, 883.86, 298168, 38
352, 13, 62, 67, 15, 0, 52.05%, 1, 0, 6, 0.00, 302431, 38
