# relative_time, cycles_done, cur_item, corpus_count, pending_total, pending_favs, map_size, saved_crashes, saved_hangs, max_depth, execs_per_sec, total_execs, edges_found
61, 2, 9, 18, 13, 0, 27.40%, 0, 0, 4, 171.34, 10538, 20
66, 2, 1, 18, 13, 0, 27.40%, 0, 0, 4, 171.89, 11438, 20
71, 3, 1, 18, 12, 0, 27.40%, 0, 0, 4, 171.81, 12331, 20
76, 3, 15, 18, 12, 0, 27.40%, 0, 0, 4, 176.95, 13201, 20
81, 3, 18, 24, 16, 0, 34.25%, 0, 0, 6, 196.67, 14228, 25
86, 3, 18, 25, 17, 0, 35.62%, 0, 0, 6, 200.32, 15240, 26
92, 3, 18, 26, 18, 0, 35.62%, 0, 0, 6, 198.83, 16252, 26
97, 3, 18, 27, 19, 0, 36.99%, 0, 0, 6, 201.02, 17293, 27
102, 3, 18, 27, 19, 0, 36.99%, 0, 0, 6, 202.78, 18357, 27
107, 3, 18, 27, 19, 0, 36.99%, 0, 0, 6, 199.37, 19348, 27
112, 3, 18, 30, 22, 0, 38.36%, 0, 0, 6, 200.72, 20375, 28
117, 3, 24, 31, 22, 4, 38.36%, 0, 0, 7, 199.88, 21405, 28
122, 3, 26, 33, 22, 2, 38.36%, 0, 0, 7, 200.06, 22400, 28
127, 3, 29, 35, 22, 1, 41.10%, 0, 0, 7, 202.04, 23408, 30
132, 3, 34, 36, 21, 0, 41.10%, 0, 0, 7, 201.10, 24445, 30
137, 3, 34, 38, 23, 0, 42.47%, 0, 0, 8, 197.22, 25436, 31
142, 3, 34, 41, 26, 0, 43.84%, 0, 0, 8, 200.43, 26468, 32
148, 3, 34, 41, 26, 0, 43.84%, 0, 0, 8, 196.39, 27446, 32
153, 3, 34, 41, 26, 0, 43.84%, 0, 0, 8, 195.60, 28371, 32
158, 3, 34, 41, 26, 0, 43.84%, 0, 0, 8, 197.52, 29367, 32
163, 3, 37, 44, 28, 1, 50.68%, 0, 0, 9, 194.22, 30373, 37
168, 3, 37, 44, 28, 1, 50.68%, 0, 0, 9, 200.67, 31409, 37
173, 3, 37, 44, 28, 1, 50.68%, 0, 0, 9, 204.48, 32445, 37
178, 3, 43, 45, 26, 1, 50.68%, 0, 0, 9, 202.71, 33444, 37
183, 3, 42, 46, 26, 0, 50.68%, 0, 0, 10, 207.46, 34488, 37
186, 3, 42, 46, 26, 0, 50.68%, 1, 0, 10, 0.00, 34984, 37
