# relative_time, cycles_done, cur_item, corpus_count, pending_total, pending_favs, map_size, saved_crashes, saved_hangs, max_depth, execs_per_sec, total_execs, edges_found
61, 0, 0, 22, 22, 1, 42.31%, 0, 0, 2, 172.42, 10533, 33
66, 0, 0, 22, 22, 1, 42.31%, 0, 0, 2, 172.09, 11430, 33
71, 0, 0, 22, 22, 1, 42.31%, 0, 0, 2, 170.76, 12312, 33
76, 0, 0, 22, 22, 1, 42.31%, 0, 0, 2, 190.80, 13185, 33
81, 0, 0, 23, 23, 1, 48.72%, 0, 0, 2, 197.91, 14218, 38
86, 0, 0, 23, 23, 1, 48.72%, 0, 0, 2, 200.17, 15232, 38
92, 0, 0, 24, 24, 1, 50.00%, 0, 0, 2, 196.42, 16241, 39
97, 0, 0, 24, 24, 1, 50.00%, 0, 0, 2, 197.59, 17222, 39
102, 0, 0, 25, 25, 1, 50.00%, 0, 0, 2, 196.45, 18207, 39
107, 0, 0, 25, 25, 1, 50.00%, 0, 0, 2, 199.86, 19224, 39
112, 0, 0, 25, 25, 1, 50.00%, 0, 0, 2, 207.35, 20246, 39
117, 0, 0, 26, 26, 1, 50.00%, 0, 0, 2, 202.45, 21253, 39
122, 0, 0, 26, 26, 1, 50.00%, 0, 0, 2, 202.54, 22261, 39
127, 0, 0, 26, 26, 1, 50.00%, 0, 0, 2, 197.35, 23281, 39
132, 0, 0, 26, 26, 1, 50.00%, 0, 0, 2, 205.92, 24269, 39
137, 0, 0, 26, 26, 1, 50.00%, 0, 0, 2, 202.58, 25309, 39
142, 0, 0, 26, 26, 1, 50.00%, 0, 0, 2, 198.04, 26314, 39
147, 0, 0, 26, 26, 1, 50.00%, 0, 0, 2, 193.39, 27277, 39
153, 0, 0, 26, 26, 1, 50.00%, 0, 0, 2, 194.80, 28231, 39
158, 0, 0, 27, 27, 1, 51.28%, 0, 0, 2, 187.48, 29162, 40
163, 0, 0, 27, 27, 1, 51.28%, 0, 0, 2, 196.65, 30179, 40
168, 0, 0, 27, 27, 1, 51.28%, 0, 0, 2, 201.60, 31220, 40
173, 0, 0, 27, 27, 1, 51.28%, 0, 0, 2, 203.44, 32276, 40
178, 0, 0, 27, 27, 1, 51.28%, 0, 0, 2, 204.58, 33332, 40
183, 0, 0, 27, 27, 1, 51.28%, 0, 0, 2, 203.79, 34340, 40
189, 0, 0, 27, 27, 1, 51.28%, 0, 0, 2, 223.48, 35484, 40
194, 0, 0, 27, 27, 1, 51.28%, 0, 0, 2, 236.32, 36672, 40
199, 0, 0, 27, 27, 1, 51.28%, 0, 0, 2, 231.11, 37836, 40
204, 0, 0, 27, 27, 1, 51.28%, 0, 0, 2, 40.61, 39012, 40
209, 0, 0, 27, 27, 1, 51.28%, 0, 0, 2, 238.09, 40232, 40
214, 0, 0, 27, 27, 1, 51.28%, 0, 0, 2, 238.56, 41456, 40
219, 0, 0, 27, 27, 1, 51.28%, 0, 0, 2, 238.87, 42640, 40
224, 0, 0, 27, 27, 1, 51.28%, 0, 0, 2, 241.95, 43904, 40
229, 0, 0, 27, 27, 1, 51.28%, 0, 0, 2, 237.55, 45116, 40
235, 0, 0, 27, 27, 1, 51.28%, 0, 0, 2, 234.45, 46268, 40
240, 0, 0, 28, 28, 1, 52.56%, 0, 0, 2, 237.57, 47467, 41
245, 0, 0, 28, 28, 1, 52.56%, 0, 0, 2, 236.82, 48679, 41
250, 0, 0, 28, 28, 1, 52.56%, 0, 0, 2, 239.60, 49875, 41
255, 0, 0, 28, 28, 1, 52.56%, 0, 0, 2, 239.54, 51075, 41
260, 0, 0, 28, 28, 1, 52.56%, 0, 0, 2, 232.23, 52275, 41
265, 0, 0, 28, 28, 1, 52.56%, 0, 0, 2, 235.02, 53527, 41
271, 0, 0, 28, 28, 1, 52.56%, 0, 0, 2, 233.39, 54751, 41
276, 0, 0, 28, 28, 1, 52.56%, 0, 0, 2, 233.88, 55947, 41
281, 0, 0, 28, 28, 1, 52.56%, 0, 0, 2, 229.57, 57099, 41
286, 0, 0, 28, 28, 1, 52.56%, 0, 0, 2, 237.36, 58339, 41
291, 0, 0, 28, 28, 1, 52.56%, 0, 0, 2, 235.57, 59555, 41
296, 0, 0, 28, 28, 1, 52.56%, 0, 0, 2, 236.94, 60775, 41
301, 0, 0, 28, 28, 1, 52.56%, 0, 0, 2, 234.12, 61959, 41
306, 0, 0, 28, 28, 1, 52.56%, 0, 0, 2, 235.22, 63183, 41
311, 0, 0, 28, 28, 1, 52.56%, 0, 0, 2, 233.06, 64359, 41
316, 0, 0, 28, 28, 1, 52.56%, 0, 0, 2, 232.64, 65551, 41
321, 0, 0, 28, 28, 1, 52.56%, 0, 0, 2, 233.87, 66743, 41
327, 0, 0, 28, 28, 1, 52.56%, 0, 0, 2, 235.42, 67975, 41
332, 0, 0, 28, 28, 1, 52.56%, 0, 0, 2, 234.55, 69163, 41
337, 0, 0, 28, 28, 1, 52.56%, 0, 0, 2, 234.93, 70391, 41
342, 0, 0, 28, 28, 1, 52.56%, 0, 0, 2, 234.54, 71567, 41
347, 0, 0, 28, 28, 1, 52.56%, 0, 0, 2, 234.27, 72663, 41
352, 0, 0, 28, 28, 1, 52.56%, 0, 0, 2, 236.38, 73851, 41
357, 0, 0, 28, 28, 1, 52.56%, 0, 0, 2, 235.66, 75027, 41
362, 0, 0, 28, 28, 1, 52.56%, 0, 0, 2, 247.04, 76287, 41
367, 0, 0, 28, 28, 1, 52.56%, 0, 0, 2, 244.14, 77507, 41
372, 0, 0, 28, 28, 1, 52.56%, 0, 0, 2, 241.48, 78767, 41
377, 0, 0, 28, 28, 1, 52.56%, 0, 0, 2, 234.63, 79935, 41
383, 0, 0, 28, 28, 1, 52.56%, 0, 0, 2, 239.38, 81183, 41
388, 0, 0, 28, 28, 1, 52.56%, 0, 0, 2, 238.65, 82415, 41
393, 0, 0, 28, 28, 1, 52.56%, 0, 0, 2, 238.90, 83623, 41
398, 0, 0, 28, 28, 1, 52.56%, 0, 0, 2, 238.15, 84807, 41
403, 0, 0, 28, 28, 1, 52.56%, 0, 0, 2, 237.61, 85995, 41
408, 0, 0, 28, 28, 1, 52.56%, 0, 0, 2, 237.59, 87183, 41
413, 0, 0, 28, 28, 1, 52.56%, 0, 0, 2, 236.49, 88367, 41
418, 0, 0, 28, 28, 1, 52.56%, 0, 0, 2, 239.88, 89587, 41
423, 0, 0, 28, 28, 1, 52.56%, 0, 0, 2, 242.54, 90815, 41
428, 0, 0, 28, 28, 1, 52.56%, 0, 0, 2, 233.43, 91995, 41
433, 0, 0, 28, 28, 1, 52.56%, 0, 0, 2, 233.04, 93183, 41
439, 0, 0, 28, 28, 1, 52.56%, 0, 0, 2, 233.28, 94375, 41
444, 0, 0, 29, 29, 1, 52.56%, 0, 0, 2, 233.84, 95582, 41
449, 0, 0, 29, 29, 1, 52.56%, 0, 0, 2, 232.02, 96774, 41
454, 0, 0, 29, 29, 1, 52.56%, 0, 0, 2, 232.96, 98006, 41
459, 0, 0, 29, 29, 1, 52.56%, 0, 0, 2, 235.59, 99222, 41
464, 0, 0, 29, 29, 1, 52.56%, 0, 0, 2, 240.63, 100470, 41
469, 0, 0, 29, 29, 1, 52.56%, 0, 0, 2, 237.04, 101674, 41
474, 0, 0, 29, 29, 1, 52.56%, 0, 0, 2, 236.36, 102886, 41
479, 0, 0, 29, 29, 1, 52.56%, 0, 0, 2, 236.98, 104082, 41
484, 0, 0, 29, 29, 1, 52.56%, 0, 0, 2, 239.92, 105302, 41
489, 0, 0, 29, 29, 1, 52.56%, 0, 0, 2, 231.89, 106514, 41
495, 0, 0, 29, 29, 1, 52.56%, 0, 0, 2, 232.67, 107726, 41
500, 0, 0, 29, 29, 1, 52.56%, 0, 0, 2, 235.58, 108922, 41
505, 0, 0, 29, 29, 1, 52.56%, 0, 0, 2, 236.48, 110118, 41
510, 0, 0, 29, 29, 1, 52.56%, 0, 0, 2, 234.40, 111342, 41
515, 0, 0, 29, 29, 1, 52.56%, 0, 0, 2, 237.42, 112546, 41
520, 0, 0, 29, 29, 1, 52.56%, 0, 0, 2, 236.15, 113778, 41
525, 0, 0, 29, 29, 1, 52.56%, 0, 0, 2, 234.63, 114986, 41
530, 0, 0, 29, 29, 1, 52.56%, 0, 0, 2, 236.18, 116170, 41
535, 0, 0, 29, 29, 1, 52.56%, 0, 0, 2, 239.99, 117382, 41
540, 0, 0, 29, 29, 1, 52.56%, 0, 0, 2, 239.58, 118590, 41
545, 0, 0, 29, 29, 1, 52.56%, 0, 0, 2, 240.56, 119798, 41
550, 0, 0, 29, 29, 1, 52.56%, 0, 0, 2, 241.33, 121018, 41
555, 0, 0, 29, 29, 1, 52.56%, 0, 0, 2, 243.09, 122266, 41
560, 0, 0, 29, 29, 1, 52.56%, 0, 0, 2, 240.05, 123474, 41
566, 0, 0, 29, 29, 1, 52.56%, 0, 0, 2, 236.32, 124682, 41
571, 0, 0, 29, 29, 1, 52.56%, 0, 0, 2, 235.99, 125910, 41
576, 0, 0, 29, 29, 1, 52.56%, 0, 0, 2, 234.69, 127130, 41
581, 0, 0, 30, 30, 1, 52.56%, 0, 0, 2, 238.12, 128329, 41
586, 0, 0, 30, 30, 1, 52.56%, 0, 0, 2, 236.84, 129505, 41
591, 0, 0, 30, 30, 1, 52.56%, 0, 0, 2, 236.81, 130729, 41
596, 0, 0, 30, 30, 1, 52.56%, 0, 0, 2, 238.01, 131925, 41
601, 0, 0, 30, 30, 1, 52.56%, 0, 0, 2, 234.08, 133125, 41
607, 0, 0, 30, 30, 1, 52.56%, 0, 0, 2, 233.81, 134325, 41
612, 0, 0, 30, 30, 1, 52.56%, 0, 0, 2, 232.27, 135505, 41
617, 0, 0, 30, 30, 1, 52.56%, 0, 0, 2, 234.15, 136713, 41
622, 0, 0, 30, 30, 1, 52.56%, 0, 0, 2, 233.69, 137909, 41
627, 0, 0, 30, 30, 1, 52.56%, 0, 0, 2, 237.54, 139141, 41
632, 0, 0, 30, 30, 1, 52.56%, 0, 0, 2, 232.45, 140341, 41
638, 0, 0, 30, 30, 1, 52.56%, 0, 0, 2, 232.19, 141557, 41
643, 0, 0, 30, 30, 1, 52.56%, 0, 0, 2, 228.98, 142701, 41
648, 0, 0, 30, 30, 1, 52.56%, 0, 0, 2, 228.96, 143853, 41
653, 0, 0, 30, 30, 1, 52.56%, 0, 0, 2, 226.23, 145001, 41
658, 0, 0, 30, 30, 1, 52.56%, 0, 0, 2, 222.14, 146157, 41
663, 0, 0, 30, 30, 1, 52.56%, 0, 0, 2, 225.89, 147293, 41
668, 0, 0, 30, 30, 1, 52.56%, 0, 0, 2, 223.31, 148469, 41
673, 0, 0, 30, 30, 1, 52.56%, 0, 0, 2, 221.07, 149585, 41
678, 0, 0, 30, 30, 1, 52.56%, 0, 0, 2, 227.55, 150773, 41
683, 0, 0, 30, 30, 1, 52.56%, 0, 0, 2, 208.25, 151841, 41
688, 0, 0, 30, 30, 1, 52.56%, 0, 0, 2, 210.38, 152877, 41
693, 0, 0, 30, 30, 1, 52.56%, 0, 0, 2, 215.50, 153937, 41
698, 0, 0, 30, 30, 1, 52.56%, 0, 0, 2, 224.62, 155121, 41
703, 0, 0, 30, 30, 1, 52.56%, 0, 0, 2, 225.06, 156237, 41
708, 0, 0, 30, 30, 1, 52.56%, 0, 0, 2, 218.50, 157349, 41
714, 0, 0, 30, 30, 1, 52.56%, 0, 0, 2, 216.30, 158473, 41
719, 0, 0, 30, 30, 1, 52.56%, 0, 0, 2, 218.94, 159593, 41
724, 0, 0, 30, 30, 1, 52.56%, 0, 0, 2, 214.63, 160693, 41
729, 0, 0, 30, 30, 1, 52.56%, 0, 0, 2, 221.01, 161817, 41
734, 0, 0, 30, 30, 1, 52.56%, 0, 0, 2, 215.82, 162897, 41
739, 0, 0, 30, 30, 1, 52.56%, 0, 0, 2, 207.63, 163949, 41
744, 0, 0, 30, 30, 1, 52.56%, 0, 0, 2, 198.52, 164969, 41
749, 0, 0, 30, 30, 1, 52.56%, 0, 0, 2, 213.42, 166097, 41
754, 0, 0, 30, 30, 1, 52.56%, 0, 0, 2, 210.13, 167217, 41
759, 0, 0, 30, 30, 1, 52.56%, 0, 0, 2, 216.59, 168317, 41
765, 0, 0, 30, 30, 1, 52.56%, 0, 0, 2, 209.62, 169417, 41
770, 0, 0, 30, 30, 1, 52.56%, 0, 0, 2, 218.11, 170513, 41
775, 0, 0, 30, 30, 1, 52.56%, 0, 0, 2, 210.43, 171609, 41
780, 0, 0, 30, 30, 1, 52.56%, 0, 0, 2, 208.56, 172649, 41
785, 0, 0, 30, 30, 1, 52.56%, 0, 0, 2, 196.89, 173636, 41
790, 0, 0, 30, 30, 1, 52.56%, 0, 0, 2, 208.96, 174749, 41
795, 0, 0, 30, 30, 1, 52.56%, 0, 0, 2, 213.33, 175797, 41
800, 0, 0, 30, 30, 1, 52.56%, 0, 0, 2, 209.91, 176841, 41
805, 0, 0, 30, 30, 1, 52.56%, 0, 0, 2, 217.33, 177941, 41
810, 0, 0, 30, 30, 1, 52.56%, 0, 0, 2, 201.98, 178953, 41
815, 0, 0, 30, 30, 1, 52.56%, 0, 0, 2, 207.86, 179973, 41
820, 0, 0, 30, 30, 1, 52.56%, 0, 0, 2, 218.08, 181097, 41
825, 0, 0, 30, 30, 1, 52.56%, 0, 0, 2, 216.51, 182181, 41
830, 0, 0, 30, 30, 1, 52.56%, 0, 0, 2, 218.89, 183269, 41
835, 0, 0, 30, 30, 1, 52.56%, 0, 0, 2, 213.45, 184357, 41
841, 0, 0, 30, 30, 1, 52.56%, 0, 0, 2, 187.79, 185255, 41
846, 0, 0, 30, 30, 1, 52.56%, 0, 0, 2, 207.53, 186313, 41
851, 0, 0, 30, 30, 1, 52.56%, 0, 0, 2, 220.85, 187477, 41
856, 0, 0, 30, 30, 1, 52.56%, 0, 0, 2, 222.19, 188601, 41
861, 0, 0, 30, 30, 1, 52.56%, 0, 0, 2, 222.81, 189697, 41
866, 0, 0, 30, 30, 1, 52.56%, 0, 0, 2, 217.02, 190845, 41
871, 0, 0, 30, 30, 1, 52.56%, 0, 0, 2, 196.90, 191792, 41
876, 0, 0, 30, 30, 1, 52.56%, 0, 0, 2, 198.47, 192785, 41
881, 0, 0, 30, 30, 1, 52.56%, 0, 0, 2, 212.60, 193845, 41
886, 0, 0, 30, 30, 1, 52.56%, 0, 0, 2, 227.37, 195005, 41
891, 0, 0, 30, 30, 1, 52.56%, 0, 0, 2, 164.94, 195845, 41
896, 0, 0, 30, 30, 1, 52.56%, 0, 0, 2, 133.62, 196469, 41
901, 0, 0, 30, 30, 1, 52.56%, 0, 0, 2, 126.52, 197115, 41
907, 0, 0, 30, 30, 1, 52.56%, 0, 0, 2, 206.70, 198285, 41
912, 0, 0, 30, 30, 1, 52.56%, 0, 0, 2, 194.93, 199292, 41
917, 0, 0, 30, 30, 1, 52.56%, 0, 0, 2, 213.50, 200409, 41
922, 0, 0, 30, 30, 1, 52.56%, 0, 0, 2, 230.82, 201625, 41
927, 0, 0, 30, 30, 1, 52.56%, 0, 0, 2, 223.09, 202761, 41
932, 0, 0, 30, 30, 1, 52.56%, 0, 0, 2, 229.43, 203969, 41
937, 0, 0, 30, 30, 1, 52.56%, 0, 0, 2, 215.31, 205061, 41
942, 0, 0, 30, 30, 1, 52.56%, 0, 0, 2, 229.28, 206233, 41
948, 0, 0, 30, 30, 1, 52.56%, 0, 0, 2, 229.15, 207437, 41
953, 0, 0, 30, 30, 1, 52.56%, 0, 0, 2, 228.41, 208589, 41
958, 0, 0, 30, 30, 1, 52.56%, 0, 0, 2, 227.76, 209781, 41
963, 0, 0, 30, 30, 1, 52.56%, 0, 0, 2, 225.59, 210901, 41
968, 0, 0, 30, 30, 1, 52.56%, 0, 0, 2, 222.14, 212009, 41
973, 0, 0, 30, 30, 1, 52.56%, 0, 0, 2, 203.59, 213025, 41
978, 0, 0, 30, 30, 1, 52.56%, 0, 0, 2, 199.60, 214031, 41
983, 0, 0, 30, 30, 1, 52.56%, 0, 0, 2, 213.19, 215101, 41
988, 0, 0, 30, 30, 1, 52.56%, 0, 0, 2, 224.64, 216285, 41
993, 0, 0, 30, 30, 1, 52.56%, 0, 0, 2, 223.73, 217397, 41
998, 0, 0, 30, 30, 1, 52.56%, 0, 0, 2, 215.68, 218473, 41
1003, 0, 0, 30, 30, 1, 52.56%, 0, 0, 2, 228.63, 219617, 41
1008, 0, 0, 30, 30, 1, 52.56%, 0, 0, 2, 225.60, 220777, 41
1013, 0, 0, 30, 30, 1, 52.56%, 0, 0, 2, 211.86, 221833, 41
1019, 0, 0, 30, 30, 1, 52.56%, 0, 0, 2, 208.26, 222881, 41
1024, 0, 0, 30, 30, 1, 52.56%, 0, 0, 2, 218.03, 223977, 41
1029, 0, 0, 30, 30, 1, 52.56%, 0, 0, 2, 249.07, 225029, 41
1034, 0, 0, 30, 30, 1, 52.56%, 0, 0, 2, 178.56, 225863, 41
1039, 0, 0, 30, 30, 1, 52.56%, 0, 0, 2, 221.49, 227033, 41
1044, 0, 0, 30, 30, 1, 52.56%, 0, 0, 2, 217.83, 228153, 41
1049, 0, 0, 30, 30, 1, 52.56%, 0, 0, 2, 211.11, 229197, 41
1054, 0, 0, 30, 30, 1, 52.56%, 0, 0, 2, 216.29, 230313, 41
1059, 0, 0, 30, 30, 1, 52.56%, 0, 0, 2, 214.23, 231425, 41
1065, 0, 0, 30, 30, 1, 52.56%, 0, 0, 2, 222.03, 232565, 41
1070, 0, 0, 30, 30, 1, 52.56%, 0, 0, 2, 216.31, 233641, 41
1075, 0, 0, 30, 30, 1, 52.56%, 0, 0, 2, 218.14, 234725, 41
1080, 0, 0, 30, 30, 1, 52.56%, 0, 0, 2, 227.44, 235941, 41
1085, 0, 0, 30, 30, 1, 52.56%, 0, 0, 2, 224.80, 237101, 41
1090, 0, 0, 30, 30, 1, 52.56%, 0, 0, 2, 226.57, 238289, 41
1095, 0, 0, 30, 30, 1, 52.56%, 0, 0, 2, 224.76, 239421, 41
1100, 0, 0, 30, 30, 1, 52.56%, 0, 0, 2, 212.76, 240537, 41
1105, 0, 0, 30, 30, 1, 52.56%, 0, 0, 2, 224.53, 241681, 41
1111, 0, 0, 30, 30, 1, 52.56%, 0, 0, 2, 222.87, 242833, 41
1116, 0, 0, 30, 30, 1, 52.56%, 0, 0, 2, 226.75, 244013, 41
1121, 0, 0, 30, 30, 1, 52.56%, 0, 0, 2, 226.67, 245145, 41
1126, 0, 0, 30, 30, 1, 52.56%, 0, 0, 2, 224.08, 246305, 41
1131, 0, 0, 30, 30, 1, 52.56%, 0, 0, 2, 218.91, 247385, 41
1136, 0, 0, 30, 30, 1, 52.56%, 0, 0, 2, 193.37, 248342, 41
1141, 0, 0, 30, 30, 1, 52.56%, 0, 0, 2, 204.80, 249385, 41
1146, 0, 0, 30, 30, 1, 52.56%, 0, 0, 2, 203.00, 250361, 41
1152, 0, 0, 30, 30, 1, 52.56%, 0, 0, 2, 215.86, 251497, 41
1157, 0, 0, 30, 30, 1, 52.56%, 0, 0, 2, 210.79, 252573, 41
1162, 0, 0, 30, 30, 1, 52.56%, 0, 0, 2, 211.20, 253693, 41
1167, 0, 0, 30, 30, 1, 52.56%, 0, 0, 2, 222.45, 254805, 41
1172, 0, 0, 30, 30, 1, 52.56%, 0, 0, 2, 194.13, 255752, 41
1177, 0, 0, 30, 30, 1, 52.56%, 0, 0, 2, 202.27, 256801, 41
1182, 0, 0, 30, 30, 1, 52.56%, 0, 0, 2, 258.13, 258151, 41
1187, 0, 0, 30, 30, 1, 52.56%, 0, 0, 2, 273.47, 259556, 41
1192, 0, 0, 30, 30, 1, 52.56%, 0, 0, 2, 265.24, 260846, 41
1197, 0, 0, 30, 30, 1, 52.56%, 0, 0, 2, 270.61, 262206, 41
1202, 0, 0, 30, 30, 1, 52.56%, 0, 0, 2, 276.58, 263591, 41
1207, 0, 0, 30, 30, 1, 52.56%, 0, 0, 2, 263.00, 264941, 41
1212, 0, 0, 30, 30, 1, 52.56%, 0, 0, 2, 262.83, 266271, 41
1217, 0, 0, 30, 30, 1, 52.56%, 0, 0, 2, 271.95, 267651, 41
1222, 0, 0, 30, 30, 1, 52.56%, 0, 0, 2, 262.81, 268981, 41
1227, 0, 0, 30, 30, 1, 52.56%, 0, 0, 2, 265.96, 270301, 41
1233, 0, 0, 30, 30, 1, 52.56%, 0, 0, 2, 272.36, 271676, 41
1238, 0, 0, 30, 30, 1, 52.56%, 0, 0, 2, 271.16, 273026, 41
1243, 0, 0, 30, 30, 1, 52.56%, 0, 0, 2, 270.32, 274391, 41
1248, 0, 0, 30, 30, 1, 52.56%, 0, 0, 2, 262.20, 275701, 41
1253, 0, 0, 30, 30, 1, 52.56%, 0, 0, 2, 259.26, 277051, 41
1258, 0, 0, 30, 30, 1, 52.56%, 0, 0, 2, 258.95, 278391, 41
1263, 0, 0, 30, 30, 1, 52.56%, 0, 0, 2, 243.13, 279661, 41
1268, 0, 0, 30, 30, 1, 52.56%, 0, 0, 2, 264.96, 281021, 41
1273, 0, 0, 30, 30, 1, 52.56%, 0, 0, 2, 269.36, 282411, 41
1278, 0, 0, 30, 30, 1, 52.56%, 0, 0, 2, 266.71, 283751, 41
1283, 0, 0, 30, 30, 1, 52.56%, 0, 0, 2, 271.29, 285106, 41
1289, 0, 0, 30, 30, 1, 52.56%, 0, 0, 2, 275.31, 286551, 41
1294, 0, 30, 32, 31, 9, 52.56%, 0, 0, 2, 270.52, 287902, 41
1299, 0, 22, 39, 36, 6, 52.56%, 0, 0, 3, 271.76, 289247, 41
1304, 0, 22, 41, 38, 6, 56.41%, 0, 0, 3, 249.56, 290463, 44
1309, 0, 42, 43, 36, 6, 57.69%, 0, 0, 4, 258.78, 291797, 45
1314, 0, 43, 50, 40, 3, 57.69%, 0, 0, 6, 261.12, 293124, 45
1319, 0, 43, 53, 43, 3, 58.97%, 0, 0, 6, 277.33, 294570, 46
1324, 0, 43, 54, 44, 3, 58.97%, 0, 0, 6, 271.92, 295927, 46
1329, 0, 43, 55, 45, 3, 58.97%, 0, 0, 6, 251.24, 297229, 46
1334, 0, 43, 55, 45, 3, 58.97%, 0, 0, 6, 231.28, 298371, 46
1340, 0, 43, 55, 45, 3, 58.97%, 0, 0, 6, 269.93, 299804, 46
1345, 0, 43, 55, 45, 3, 58.97%, 0, 0, 6, 278.44, 301188, 46
1350, 0, 48, 57, 46, 5, 58.97%, 0, 0, 6, 275.81, 302566, 46
1355, 0, 52, 58, 45, 3, 58.97%, 0, 0, 7, 264.11, 303866, 46
1360, 0, 47, 61, 45, 0, 58.97%, 0, 0, 7, 316.64, 305503, 46
1365, 0, 47, 61, 45, 0, 58.97%, 0, 0, 7, 328.06, 307177, 46
1370, 0, 47, 61, 45, 0, 58.97%, 0, 0, 7, 343.80, 308893, 46
1375, 0, 47, 61, 45, 0, 58.97%, 0, 0, 7, 344.86, 310627, 46
1380, 0, 47, 61, 45, 0, 58.97%, 0, 0, 7, 324.25, 312235, 46
1385, 0, 47, 62, 46, 0, 58.97%, 0, 0, 7, 342.45, 313942, 46
1390, 0, 42, 64, 47, 0, 58.97%, 0, 0, 7, 317.61, 315508, 46
1395, 0, 60, 64, 47, 0, 58.97%, 0, 0, 7, 341.28, 317294, 46
1400, 0, 60, 64, 47, 0, 58.97%, 0, 0, 7, 339.43, 318980, 46
1405, 0, 60, 64, 47, 0, 58.97%, 0, 0, 7, 338.06, 320673, 46
1411, 0, 35, 65, 48, 0, 58.97%, 0, 0, 8, 329.96, 322327, 46
1416, 0, 35, 65, 48, 0, 58.97%, 0, 0, 8, 316.49, 323938, 46
1421, 0, 60, 65, 48, 0, 58.97%, 0, 0, 8, 292.05, 325367, 46
1426, 0, 60, 65, 48, 0, 58.97%, 0, 0, 8, 322.42, 327027, 46
1431, 0, 66, 67, 50, 1, 58.97%, 0, 0, 8, 317.96, 328656, 46
1436, 0, 66, 69, 51, 0, 61.54%, 0, 0, 8, 271.18, 329947, 48
1441, 0, 66, 69, 51, 0, 61.54%, 0, 0, 8, 293.77, 331437, 48
1446, 0, 66, 72, 54, 0, 61.54%, 0, 0, 8, 390.59, 333473, 48
1451, 0, 68, 74, 55, 0, 61.54%, 0, 0, 8, 487.35, 336064, 48
1451, 0, 68, 74, 55, 0, 61.54%, 1, 0, 8, 0.00, 336163, 48
