# relative_time, cycles_done, cur_item, corpus_count, pending_total, pending_favs, map_size, saved_crashes, saved_hangs, max_depth, execs_per_sec, total_execs, edges_found
61, 1, 23, 37, 25, 0, 49.15%, 0, 0, 6, 769.41, 46290, 29
66, 1, 23, 41, 29, 0, 49.15%, 0, 0, 6, 758.68, 50136, 29
71, 1, 23, 41, 28, 0, 49.15%, 0, 0, 6, 760.96, 54088, 29
76, 1, 16, 42, 29, 0, 49.15%, 0, 0, 6, 760.52, 58010, 29
81, 1, 0, 42, 29, 0, 49.15%, 0, 0, 6, 772.54, 61908, 29
87, 1, 0, 42, 29, 0, 49.15%, 0, 0, 6, 788.69, 66009, 29
92, 2, 0, 42, 29, 0, 49.15%, 0, 0, 6, 789.95, 69441, 29
97, 2, 19, 43, 29, 0, 49.15%, 0, 0, 6, 788.17, 73154, 29
102, 2, 0, 45, 31, 0, 49.15%, 0, 0, 6, 779.94, 77033, 29
107, 2, 0, 45, 31, 0, 49.15%, 0, 0, 6, 775.57, 80955, 29
112, 2, 25, 46, 32, 0, 49.15%, 0, 0, 6, 786.74, 84852, 29
117, 2, 0, 47, 33, 0, 49.15%, 0, 0, 6, 812.78, 88858, 29
123, 3, 0, 47, 33, 0, 49.15%, 0, 0, 6, 833.33, 92640, 29
128, 3, 0, 47, 33, 0, 49.15%, 0, 0, 6, 837.97, 96219, 29
133, 3, 33, 48, 34, 0, 49.15%, 0, 0, 6, 786.54, 99933, 29
138, 3, 0, 48, 34, 0, 49.15%, 0, 0, 6, 788.38, 103292, 29
143, 3, 0, 48, 34, 0, 49.15%, 0, 0, 6, 837.99, 107131, 29
148, 3, 0, 48, 34, 0, 49.15%, 0, 0, 6, 832.12, 111099, 29
153, 3, 17, 48, 34, 0, 49.15%, 0, 0, 6, 857.44, 115237, 29
158, 4, 0, 48, 34, 0, 49.15%, 0, 0, 6, 776.12, 118766, 29
163, 4, 25, 48, 34, 0, 49.15%, 0, 0, 6, 798.59, 122854, 29
168, 4, 0, 48, 34, 0, 49.15%, 0, 0, 6, 810.50, 126840, 29
174, 4, 0, 48, 33, 0, 49.15%, 0, 0, 6, 832.74, 131103, 29
179, 4, 0, 48, 32, 0, 49.15%, 0, 0, 6, 714.83, 134834, 29
184, 5, 0, 48, 32, 0, 49.15%, 0, 0, 6, 819.75, 139129, 29
189, 5, 0, 48, 32, 0, 49.15%, 0, 0, 6, 850.18, 143285, 29
194, 5, 0, 48, 32, 0, 49.15%, 0, 0, 6, 832.64, 147149, 29
199, 5, 0, 48, 31, 0, 49.15%, 0, 0, 6, 847.79, 151330, 29
204, 5, 0, 48, 30, 0, 49.15%, 0, 0, 6, 798.88, 155127, 29
209, 5, 0, 48, 30, 0, 49.15%, 0, 0, 6, 847.60, 159436, 29
215, 6, 0, 48, 29, 0, 49.15%, 0, 0, 6, 857.27, 163492, 29
220, 6, 33, 48, 29, 0, 49.15%, 0, 0, 6, 850.21, 167671, 29
225, 6, 25, 48, 29, 0, 49.15%, 0, 0, 6, 844.47, 171774, 29
230, 6, 17, 48, 29, 0, 49.15%, 0, 0, 6, 844.40, 176011, 29
235, 6, 22, 48, 29, 0, 49.15%, 0, 0, 6, 839.88, 180126, 29
240, 6, 0, 48, 26, 0, 49.15%, 0, 0, 6, 812.89, 184201, 29
245, 7, 23, 48, 26, 0, 49.15%, 0, 0, 6, 843.45, 188439, 29
250, 7, 33, 48, 26, 0, 49.15%, 0, 0, 6, 797.07, 192427, 29
256, 7, 23, 48, 26, 0, 49.15%, 0, 0, 6, 70.83, 196582, 29
261, 7, 0, 48, 26, 0, 49.15%, 0, 0, 6, 854.62, 200945, 29
266, 7, 0, 48, 26, 0, 49.15%, 0, 0, 6, 816.39, 205129, 29
271, 7, 0, 48, 26, 0, 49.15%, 0, 0, 6, 797.38, 209161, 29
276, 8, 0, 48, 26, 0, 49.15%, 0, 0, 6, 810.89, 213337, 29
281, 8, 33, 48, 25, 0, 49.15%, 0, 0, 6, 813.10, 217415, 29
286, 8, 0, 48, 25, 0, 49.15%, 0, 0, 6, 888.88, 221716, 29
291, 8, 44, 48, 25, 0, 49.15%, 0, 0, 6, 895.13, 225933, 29
297, 8, 25, 48, 24, 0, 49.15%, 0, 0, 6, 844.12, 230228, 29
302, 8, 16, 48, 24, 0, 49.15%, 0, 0, 6, 898.61, 234411, 29
307, 9, 0, 48, 24, 0, 49.15%, 0, 0, 6, 872.91, 238466, 29
312, 9, 0, 48, 24, 0, 49.15%, 0, 0, 6, 885.53, 242522, 29
317, 9, 0, 48, 24, 0, 49.15%, 0, 0, 6, 848.69, 246722, 29
322, 9, 0, 48, 24, 0, 49.15%, 0, 0, 6, 838.00, 251011, 29
327, 9, 0, 48, 24, 0, 49.15%, 0, 0, 6, 848.26, 255361, 29
332, 10, 0, 48, 23, 0, 49.15%, 0, 0, 6, 847.70, 259584, 29
338, 10, 0, 48, 22, 0, 49.15%, 0, 0, 6, 867.30, 263474, 29
343, 10, 0, 48, 21, 0, 49.15%, 0, 0, 6, 857.76, 267760, 29
348, 10, 13, 48, 20, 0, 49.15%, 0, 0, 6, 856.02, 271279, 29
353, 10, 0, 48, 20, 0, 49.15%, 0, 0, 6, 849.07, 275571, 29
358, 10, 0, 48, 20, 0, 49.15%, 0, 0, 6, 858.39, 279924, 29
363, 11, 19, 48, 20, 0, 49.15%, 0, 0, 6, 892.20, 284188, 29
368, 11, 0, 48, 20, 0, 49.15%, 0, 0, 6, 881.43, 288530, 29
373, 11, 0, 48, 20, 0, 49.15%, 0, 0, 6, 921.23, 292716, 29
378, 11, 0, 48, 20, 0, 49.15%, 0, 0, 6, 847.32, 296953, 29
384, 11, 0, 48, 19, 0, 49.15%, 0, 0, 6, 871.00, 301274, 29
389, 11, 33, 48, 19, 0, 49.15%, 0, 0, 6, 871.24, 305636, 29
394, 12, 0, 48, 19, 0, 49.15%, 0, 0, 6, 868.65, 309936, 29
399, 12, 0, 48, 19, 0, 49.15%, 0, 0, 6, 888.77, 314475, 29
404, 12, 25, 48, 19, 0, 49.15%, 0, 0, 6, 880.99, 318830, 29
409, 12, 0, 48, 19, 0, 49.15%, 0, 0, 6, 887.84, 323344, 29
414, 12, 0, 48, 19, 0, 49.15%, 0, 0, 6, 883.46, 327740, 29
419, 13, 0, 48, 19, 0, 49.15%, 0, 0, 6, 848.76, 331957, 29
424, 13, 17, 49, 20, 0, 49.15%, 0, 0, 6, 864.11, 336510, 29
429, 13, 0, 49, 20, 0, 49.15%, 0, 0, 6, 869.26, 341087, 29
434, 13, 0, 49, 20, 0, 49.15%, 0, 0, 6, 862.25, 345434, 29
439, 13, 0, 49, 20, 0, 49.15%, 0, 0, 6, 855.44, 349738, 29
445, 13, 0, 50, 21, 0, 49.15%, 0, 0, 6, 873.53, 354336, 29
450, 14, 0, 50, 21, 0, 49.15%, 0, 0, 6, 882.17, 358807, 29
455, 14, 0, 50, 21, 0, 49.15%, 0, 0, 6, 878.63, 363400, 29
460, 14, 19, 50, 21, 0, 49.15%, 0, 0, 6, 884.59, 368003, 29
465, 14, 0, 50, 21, 0, 49.15%, 0, 0, 6, 889.16, 372478, 29
470, 14, 17, 50, 21, 0, 49.15%, 0, 0, 6, 885.16, 376941, 29
475, 15, 19, 50, 21, 0, 49.15%, 0, 0, 6, 878.48, 381368, 29
480, 15, 0, 50, 21, 0, 49.15%, 0, 0, 6, 889.98, 386029, 29
485, 15, 0, 50, 21, 0, 49.15%, 0, 0, 6, 883.39, 390624, 29
491, 15, 0, 50, 21, 0, 49.15%, 0, 0, 6, 887.99, 395231, 29
496, 15, 0, 50, 21, 0, 49.15%, 0, 0, 6, 894.93, 399878, 29
501, 15, 48, 50, 21, 0, 49.15%, 0, 0, 6, 892.60, 404391, 29
506, 16, 0, 50, 20, 0, 49.15%, 0, 0, 6, 893.93, 409043, 29
511, 16, 8, 50, 20, 0, 49.15%, 0, 0, 6, 885.38, 413490, 29
516, 16, 4, 50, 20, 0, 49.15%, 0, 0, 6, 887.91, 418058, 29
521, 16, 0, 50, 19, 0, 49.15%, 0, 0, 6, 896.27, 422700, 29
527, 16, 0, 50, 19, 0, 49.15%, 0, 0, 6, 895.58, 427324, 29
532, 17, 0, 50, 19, 0, 49.15%, 0, 0, 6, 905.47, 431835, 29
537, 17, 0, 50, 19, 0, 49.15%, 0, 0, 6, 906.75, 436510, 29
542, 17, 0, 50, 19, 0, 49.15%, 0, 0, 6, 902.11, 440993, 29
547, 17, 0, 50, 19, 0, 49.15%, 0, 0, 6, 903.84, 445637, 29
552, 17, 0, 50, 18, 0, 49.15%, 0, 0, 6, 897.41, 450070, 29
557, 17, 0, 50, 18, 0, 49.15%, 0, 0, 6, 898.27, 454602, 29
562, 18, 50, 52, 19, 0, 50.85%, 0, 0, 6, 903.46, 459141, 30
567, 18, 50, 54, 21, 0, 52.54%, 0, 0, 6, 903.82, 463763, 31
573, 18, 50, 54, 21, 0, 52.54%, 0, 0, 6, 903.57, 468284, 31
578, 18, 52, 56, 22, 0, 52.54%, 0, 0, 6, 903.30, 472781, 31
583, 18, 52, 56, 22, 0, 52.54%, 1, 0, 6, 878.62, 477336, 31
583, 18, 52, 56, 22, 0, 52.54%, 1, 0, 6, 0.00, 477336, 31
