# relative_time, cycles_done, cur_item, corpus_count, pending_total, pending_favs, map_size, saved_crashes, saved_hangs, max_depth, execs_per_sec, total_execs, edges_found
61, 2, 0, 20, 12, 0, 31.51%, 0, 0, 4, 651.74, 36813, 23
66, 2, 0, 20, 12, 0, 31.51%, 0, 0, 4, 584.41, 39790, 23
71, 3, 0, 20, 11, 0, 31.51%, 0, 0, 4, 597.19, 42780, 23
76, 3, 13, 20, 11, 0, 31.51%, 0, 0, 4, 13.68, 45321, 23
81, 3, 13, 20, 11, 0, 31.51%, 0, 0, 4, 645.45, 47997, 23
86, 3, 0, 20, 11, 0, 31.51%, 0, 0, 4, 645.62, 51047, 23
92, 4, 0, 20, 11, 0, 31.51%, 0, 0, 4, 599.93, 54017, 23
97, 4, 10, 20, 11, 0, 31.51%, 0, 0, 4, 618.46, 57083, 23
102, 4, 0, 20, 11, 0, 31.51%, 0, 0, 4, 607.71, 59954, 23
107, 5, 0, 20, 11, 0, 31.51%, 0, 0, 4, 594.96, 62985, 23
112, 5, 18, 20, 11, 0, 31.51%, 0, 0, 4, 605.53, 65855, 23
117, 5, 0, 20, 11, 0, 31.51%, 0, 0, 4, 103.09, 68850, 23
122, 5, 0, 20, 11, 0, 31.51%, 0, 0, 4, 622.77, 71940, 23
128, 6, 0, 20, 11, 0, 31.51%, 0, 0, 4, 676.62, 74657, 23
133, 6, 0, 20, 11, 0, 31.51%, 0, 0, 4, 611.71, 77337, 23
138, 6, 18, 20, 11, 0, 31.51%, 0, 0, 4, 604.54, 80256, 23
143, 7, 0, 20, 11, 0, 31.51%, 0, 0, 4, 626.71, 83342, 23
148, 7, 18, 20, 11, 0, 31.51%, 0, 0, 4, 613.50, 86462, 23
153, 7, 20, 22, 12, 0, 35.62%, 0, 0, 4, 642.56, 89321, 26
158, 7, 20, 26, 16, 0, 39.73%, 0, 0, 4, 83.19, 92205, 29
163, 7, 20, 26, 16, 0, 39.73%, 0, 0, 4, 635.95, 95363, 29
168, 7, 20, 27, 17, 0, 39.73%, 0, 0, 4, 644.62, 98394, 29
173, 7, 25, 30, 17, 0, 39.73%, 0, 0, 4, 634.80, 101588, 29
179, 7, 3, 32, 19, 0, 39.73%, 0, 0, 4, 655.43, 104357, 29
184, 7, 0, 32, 19, 0, 39.73%, 0, 0, 4, 645.94, 107592, 29
189, 7, 23, 33, 20, 0, 39.73%, 0, 0, 4, 645.99, 110218, 29
194, 7, 0, 34, 21, 0, 39.73%, 0, 0, 4, 129.78, 112979, 29
199, 8, 25, 36, 23, 0, 42.47%, 0, 0, 4, 642.15, 116116, 31
204, 8, 35, 39, 25, 1, 43.84%, 0, 0, 5, 641.73, 119354, 32
209, 8, 35, 41, 27, 1, 45.21%, 0, 0, 5, 645.17, 122520, 33
214, 8, 35, 41, 27, 1, 45.21%, 0, 0, 5, 643.20, 125772, 33
219, 8, 35, 42, 28, 1, 45.21%, 0, 0, 5, 634.76, 128923, 33
224, 8, 37, 42, 26, 1, 45.21%, 0, 0, 5, 626.10, 131693, 33
230, 8, 37, 46, 30, 1, 46.58%, 0, 0, 6, 635.57, 134937, 34
235, 8, 37, 47, 31, 1, 46.58%, 0, 0, 6, 654.89, 137847, 34
240, 8, 37, 48, 32, 1, 50.68%, 0, 0, 6, 645.68, 140987, 37
245, 8, 37, 49, 33, 1, 50.68%, 0, 0, 6, 640.12, 144158, 37
250, 8, 43, 51, 33, 1, 52.05%, 0, 0, 7, 628.28, 147239, 38
255, 8, 50, 54, 34, 0, 52.05%, 0, 0, 8, 635.14, 150420, 38
256, 8, 50, 54, 34, 0, 52.05%, 1, 0, 8, 0.00, 150713, 38
