# relative_time, cycles_done, cur_item, corpus_count, pending_total, pending_favs, map_size, saved_crashes, saved_hangs, max_depth, execs_per_sec, total_execs, edges_found
60, 0, 0, 15, 15, 1, 33.90%, 0, 0, 2, 68.38, 47979, 20
66, 0, 0, 15, 15, 1, 33.90%, 0, 0, 2, 772.66, 51917, 20
71, 0, 0, 15, 15, 1, 33.90%, 0, 0, 2, 790.81, 55907, 20
76, 0, 0, 15, 15, 1, 33.90%, 0, 0, 2, 88.37, 59372, 20
81, 0, 0, 16, 16, 1, 33.90%, 0, 0, 2, 779.82, 63129, 20
87, 0, 0, 16, 16, 1, 33.90%, 0, 0, 2, 860.47, 67247, 20
92, 0, 0, 16, 16, 1, 33.90%, 0, 0, 2, 803.39, 71218, 20
97, 0, 0, 17, 17, 1, 35.59%, 0, 0, 2, 811.20, 75353, 21
102, 0, 0, 18, 18, 1, 37.29%, 0, 0, 2, 809.54, 79248, 22
107, 0, 0, 18, 18, 1, 37.29%, 0, 0, 2, 744.39, 83204, 22
112, 0, 0, 18, 18, 1, 37.29%, 0, 0, 2, 765.58, 86918, 22
117, 0, 0, 18, 18, 1, 37.29%, 0, 0, 2, 870.00, 90647, 22
123, 0, 0, 18, 18, 1, 37.29%, 0, 0, 2, 852.90, 94750, 22
128, 0, 0, 18, 18, 1, 37.29%, 0, 0, 2, 868.33, 98303, 22
133, 0, 0, 18, 18, 1, 37.29%, 0, 0, 2, 798.79, 101798, 22
138, 0, 0, 18, 18, 1, 37.29%, 0, 0, 2, 831.35, 105632, 22
143, 0, 0, 18, 18, 1, 37.29%, 0, 0, 2, 868.03, 109761, 22
148, 0, 0, 18, 18, 1, 37.29%, 0, 0, 2, 834.58, 113920, 22
153, 0, 0, 18, 18, 1, 37.29%, 0, 0, 2, 819.31, 117520, 22
158, 0, 0, 18, 18, 1, 37.29%, 0, 0, 2, 780.24, 121193, 22
164, 0, 0, 18, 18, 1, 37.29%, 0, 0, 2, 796.33, 125258, 22
169, 0, 0, 18, 18, 1, 37.29%, 0, 0, 2, 793.13, 129203, 22
174, 0, 0, 18, 18, 1, 37.29%, 0, 0, 2, 823.90, 133376, 22
179, 0, 0, 18, 18, 1, 37.29%, 0, 0, 2, 868.67, 137012, 22
185, 0, 0, 18, 18, 1, 37.29%, 0, 0, 2, 68.01, 141088, 22
190, 0, 0, 18, 18, 1, 37.29%, 0, 0, 2, 854.87, 145410, 22
195, 0, 0, 18, 18, 1, 37.29%, 0, 0, 2, 872.55, 148895, 22
200, 0, 0, 18, 18, 1, 37.29%, 0, 0, 2, 851.59, 153162, 22
205, 0, 0, 18, 18, 1, 37.29%, 0, 0, 2, 809.25, 157168, 22
210, 0, 0, 18, 18, 1, 37.29%, 0, 0, 2, 139.74, 161312, 22
215, 0, 0, 18, 18, 1, 37.29%, 0, 0, 2, 152.47, 165317, 22
221, 0, 0, 18, 18, 1, 37.29%, 0, 0, 2, 51.75, 169074, 22
226, 0, 0, 18, 18, 1, 37.29%, 0, 0, 2, 810.40, 173120, 22
231, 0, 0, 18, 18, 1, 37.29%, 0, 0, 2, 785.84, 177098, 22
236, 0, 0, 18, 18, 1, 37.29%, 0, 0, 2, 844.43, 180960, 22
241, 0, 0, 18, 18, 1, 37.29%, 0, 0, 2, 802.12, 184988, 22
246, 0, 0, 18, 18, 1, 37.29%, 0, 0, 2, 860.44, 189049, 22
251, 0, 0, 18, 18, 1, 37.29%, 0, 0, 2, 835.85, 193360, 22
256, 0, 0, 18, 18, 1, 37.29%, 0, 0, 2, 845.79, 197392, 22
261, 0, 0, 18, 18, 1, 37.29%, 0, 0, 2, 835.29, 201696, 22
267, 0, 0, 18, 18, 1, 37.29%, 0, 0, 2, 836.74, 206032, 22
272, 0, 0, 18, 18, 1, 37.29%, 0, 0, 2, 795.49, 209978, 22
277, 0, 0, 18, 18, 1, 37.29%, 0, 0, 2, 828.41, 214320, 22
282, 0, 0, 18, 18, 1, 37.29%, 0, 0, 2, 839.83, 218512, 22
287, 0, 0, 18, 18, 1, 37.29%, 0, 0, 2, 815.71, 222688, 22
292, 0, 0, 18, 18, 1, 37.29%, 0, 0, 2, 828.35, 226528, 22
297, 0, 0, 18, 18, 1, 37.29%, 0, 0, 2, 831.43, 230624, 22
302, 0, 0, 18, 18, 1, 37.29%, 0, 0, 2, 846.88, 234864, 22
307, 0, 0, 18, 18, 1, 37.29%, 0, 0, 2, 823.40, 238976, 22
312, 0, 0, 18, 18, 1, 37.29%, 0, 0, 2, 870.75, 243109, 22
317, 0, 0, 19, 19, 1, 37.29%, 0, 0, 2, 845.22, 247303, 22
323, 0, 0, 19, 19, 1, 37.29%, 0, 0, 2, 829.05, 251511, 22
328, 0, 0, 19, 19, 1, 37.29%, 0, 0, 2, 834.16, 255735, 22
333, 0, 0, 19, 19, 1, 37.29%, 0, 0, 2, 833.42, 259895, 22
338, 0, 0, 19, 19, 1, 37.29%, 0, 0, 2, 835.16, 263943, 22
343, 0, 0, 19, 19, 1, 37.29%, 0, 0, 2, 878.42, 268259, 22
348, 0, 0, 19, 19, 1, 37.29%, 0, 0, 2, 855.42, 272475, 22
353, 0, 0, 19, 19, 1, 37.29%, 0, 0, 2, 888.10, 276878, 22
358, 0, 0, 19, 19, 1, 37.29%, 0, 0, 2, 868.69, 281179, 22
363, 0, 0, 19, 19, 1, 37.29%, 0, 0, 2, 852.45, 285415, 22
368, 0, 0, 19, 19, 1, 37.29%, 0, 0, 2, 872.77, 289934, 22
374, 0, 0, 19, 19, 1, 37.29%, 0, 0, 2, 853.96, 294252, 22
379, 0, 0, 19, 19, 1, 37.29%, 0, 0, 2, 865.08, 298740, 22
384, 0, 0, 19, 19, 1, 37.29%, 0, 0, 2, 838.01, 302999, 22
389, 0, 0, 19, 19, 1, 37.29%, 0, 0, 2, 869.91, 307376, 22
394, 0, 0, 19, 19, 1, 37.29%, 0, 0, 2, 873.93, 311881, 22
399, 0, 0, 19, 19, 1, 37.29%, 0, 0, 2, 887.55, 316454, 22
405, 0, 0, 19, 19, 1, 37.29%, 0, 0, 2, 887.47, 321044, 22
410, 0, 0, 19, 19, 1, 37.29%, 0, 0, 2, 865.08, 325311, 22
415, 0, 0, 19, 19, 1, 37.29%, 0, 0, 2, 878.65, 329816, 22
420, 0, 0, 19, 19, 1, 37.29%, 0, 0, 2, 875.22, 334321, 22
425, 0, 0, 19, 19, 1, 37.29%, 0, 0, 2, 887.75, 338792, 22
430, 0, 0, 19, 19, 1, 37.29%, 0, 0, 2, 877.40, 343382, 22
435, 0, 0, 19, 19, 1, 37.29%, 0, 0, 2, 855.30, 347445, 22
440, 0, 0, 19, 19, 1, 37.29%, 0, 0, 2, 869.30, 351831, 22
445, 0, 0, 19, 19, 1, 37.29%, 0, 0, 2, 875.69, 356404, 22
450, 0, 0, 19, 19, 1, 37.29%, 0, 0, 2, 882.64, 360824, 22
456, 0, 0, 19, 19, 1, 37.29%, 0, 0, 2, 887.59, 365431, 22
461, 0, 0, 19, 19, 1, 37.29%, 0, 0, 2, 883.89, 369868, 22
466, 0, 0, 19, 19, 1, 37.29%, 0, 0, 2, 873.63, 374390, 22
471, 0, 0, 19, 19, 1, 37.29%, 0, 0, 2, 868.20, 378776, 22
476, 0, 0, 19, 19, 1, 37.29%, 0, 0, 2, 885.44, 383349, 22
481, 0, 0, 19, 19, 1, 37.29%, 0, 0, 2, 897.68, 387990, 22
486, 0, 0, 19, 19, 1, 37.29%, 0, 0, 2, 898.10, 392648, 22
491, 0, 0, 20, 20, 1, 42.37%, 0, 0, 2, 891.38, 397092, 25
497, 0, 0, 22, 22, 1, 44.07%, 0, 0, 2, 891.58, 401679, 26
502, 0, 0, 23, 23, 1, 44.07%, 0, 0, 2, 895.77, 406276, 26
507, 0, 0, 24, 24, 1, 44.07%, 0, 0, 2, 894.44, 410669, 26
512, 0, 0, 24, 24, 1, 44.07%, 0, 0, 2, 896.53, 415293, 26
517, 0, 0, 24, 24, 1, 44.07%, 0, 0, 2, 885.38, 419866, 26
522, 0, 0, 24, 24, 1, 44.07%, 0, 0, 2, 893.61, 424456, 26
528, 0, 0, 24, 24, 1, 44.07%, 0, 0, 2, 897.69, 429046, 26
533, 0, 0, 26, 26, 1, 45.76%, 0, 0, 2, 899.88, 433498, 27
538, 0, 0, 27, 27, 1, 47.46%, 0, 0, 2, 901.94, 438059, 28
543, 0, 0, 27, 27, 1, 47.46%, 0, 0, 2, 901.48, 442523, 28
548, 0, 0, 27, 27, 1, 47.46%, 0, 0, 2, 899.08, 446934, 28
553, 0, 0, 27, 27, 1, 47.46%, 0, 0, 2, 900.68, 451379, 28
558, 0, 0, 27, 27, 1, 47.46%, 0, 0, 2, 899.22, 455808, 28
563, 0, 0, 28, 28, 1, 47.46%, 0, 0, 2, 901.60, 460386, 28
568, 0, 0, 28, 28, 1, 47.46%, 0, 0, 2, 908.29, 464868, 28
573, 0, 25, 39, 30, 2, 49.15%, 0, 0, 3, 896.86, 469324, 29
578, 0, 29, 42, 31, 0, 50.85%, 0, 0, 3, 873.96, 473645, 30
583, 0, 41, 43, 31, 0, 50.85%, 0, 0, 4, 871.43, 478068, 30
588, 0, 0, 46, 34, 0, 50.85%, 0, 0, 4, 876.59, 482649, 30
594, 0, 0, 47, 35, 0, 50.85%, 0, 0, 4, 870.98, 487246, 30
599, 1, 0, 47, 34, 0, 50.85%, 0, 0, 4, 879.22, 491829, 30
604, 1, 0, 51, 38, 0, 50.85%, 0, 0, 4, 887.72, 496309, 30
609, 1, 0, 55, 41, 0, 50.85%, 0, 0, 5, 877.35, 500761, 30
614, 1, 0, 56, 41, 0, 50.85%, 0, 0, 5, 885.48, 505348, 30
619, 1, 0, 56, 41, 0, 50.85%, 0, 0, 5, 891.57, 509819, 30
624, 1, 14, 58, 43, 0, 50.85%, 0, 0, 5, 880.73, 514258, 30
629, 2, 0, 59, 44, 0, 50.85%, 0, 0, 5, 885.49, 518850, 30
634, 2, 0, 67, 52, 0, 50.85%, 0, 0, 5, 886.87, 523291, 30
639, 2, 0, 71, 54, 0, 50.85%, 0, 0, 5, 882.61, 527838, 30
644, 2, 0, 73, 56, 0, 50.85%, 0, 0, 5, 890.94, 532323, 30
649, 2, 0, 73, 55, 0, 50.85%, 0, 0, 5, 876.75, 536714, 30
655, 2, 20, 73, 55, 0, 50.85%, 0, 0, 5, 881.93, 541274, 30
660, 2, 69, 74, 56, 0, 50.85%, 0, 0, 5, 878.33, 545684, 30
662, 2, 74, 77, 57, 0, 52.54%, 1, 0, 5, 0.00, 547979, 31
