# relative_time, cycles_done, cur_item, corpus_count, pending_total, pending_favs, map_size, saved_crashes, saved_hangs, max_depth, execs_per_sec, total_execs, edges_found
61, 0, 0, 26, 26, 1, 46.58%, 0, 0, 2, 756.17, 46202, 34
66, 0, 0, 26, 26, 1, 46.58%, 0, 0, 2, 750.20, 50012, 34
71, 0, 0, 26, 26, 1, 46.58%, 0, 0, 2, 758.07, 53972, 34
76, 0, 0, 26, 26, 1, 46.58%, 0, 0, 2, 741.31, 57681, 34
81, 0, 0, 26, 26, 1, 46.58%, 0, 0, 2, 763.48, 61667, 34
86, 0, 0, 26, 26, 1, 46.58%, 0, 0, 2, 777.68, 65567, 34
91, 0, 0, 26, 26, 1, 46.58%, 0, 0, 2, 780.07, 69002, 34
97, 0, 0, 27, 27, 1, 47.95%, 0, 0, 2, 780.54, 72729, 35
102, 0, 0, 27, 27, 1, 47.95%, 0, 0, 2, 780.50, 76629, 35
107, 0, 0, 27, 27, 1, 47.95%, 0, 0, 2, 781.14, 80559, 35
112, 0, 0, 27, 27, 1, 47.95%, 0, 0, 2, 779.22, 84399, 35
117, 0, 0, 28, 28, 1, 47.95%, 0, 0, 2, 794.96, 88336, 35
122, 0, 0, 28, 28, 1, 47.95%, 0, 0, 2, 840.57, 91989, 35
127, 0, 0, 28, 28, 1, 47.95%, 0, 0, 2, 821.35, 95525, 35
132, 0, 0, 28, 28, 1, 47.95%, 0, 0, 2, 731.11, 99345, 35
137, 0, 0, 28, 28, 1, 47.95%, 0, 0, 2, 818.39, 102661, 35
143, 0, 0, 28, 28, 1, 47.95%, 0, 0, 2, 838.32, 106533, 35
148, 0, 0, 28, 28, 1, 47.95%, 0, 0, 2, 809.36, 110533, 35
153, 0, 0, 28, 28, 1, 47.95%, 0, 0, 2, 821.05, 114677, 35
158, 0, 0, 28, 28, 1, 47.95%, 0, 0, 2, 777.82, 118293, 35
163, 0, 0, 28, 28, 1, 47.95%, 0, 0, 2, 787.02, 122356, 35
168, 0, 0, 29, 29, 1, 47.95%, 0, 0, 2, 832.44, 126380, 35
173, 0, 0, 29, 29, 1, 47.95%, 0, 0, 2, 826.16, 130524, 35
178, 0, 0, 29, 29, 1, 47.95%, 0, 0, 2, 815.20, 134156, 35
184, 0, 0, 29, 29, 1, 47.95%, 0, 0, 2, 843.43, 138508, 35
189, 0, 0, 29, 29, 1, 47.95%, 0, 0, 2, 851.62, 142844, 35
194, 0, 0, 29, 29, 1, 47.95%, 0, 0, 2, 807.66, 146732, 35
199, 0, 0, 29, 29, 1, 47.95%, 0, 0, 2, 832.48, 150940, 35
204, 0, 0, 29, 29, 1, 47.95%, 0, 0, 2, 150.59, 154684, 35
209, 0, 0, 29, 29, 1, 47.95%, 0, 0, 2, 837.91, 158908, 35
214, 0, 0, 29, 29, 1, 47.95%, 0, 0, 2, 860.99, 162931, 35
219, 0, 0, 29, 29, 1, 47.95%, 0, 0, 2, 852.37, 167180, 35
224, 0, 0, 29, 29, 1, 47.95%, 0, 0, 2, 844.01, 171276, 35
230, 0, 0, 29, 29, 1, 47.95%, 0, 0, 2, 843.76, 175500, 35
235, 0, 0, 29, 29, 1, 47.95%, 0, 0, 2, 842.10, 179724, 35
240, 0, 0, 29, 29, 1, 47.95%, 0, 0, 2, 818.91, 183692, 35
245, 0, 0, 29, 29, 1, 47.95%, 0, 0, 2, 833.86, 187884, 35
250, 0, 0, 29, 29, 1, 47.95%, 0, 0, 2, 819.33, 191900, 35
255, 0, 0, 29, 29, 1, 47.95%, 0, 0, 2, 841.55, 196028, 35
260, 0, 0, 29, 29, 1, 47.95%, 0, 0, 2, 854.78, 200212, 35
265, 0, 0, 29, 29, 1, 47.95%, 0, 0, 2, 831.52, 204204, 35
270, 0, 0, 29, 29, 1, 47.95%, 0, 0, 2, 841.57, 208380, 35
275, 0, 0, 29, 29, 1, 47.95%, 0, 0, 2, 830.15, 212265, 35
280, 0, 0, 29, 29, 1, 47.95%, 0, 0, 2, 825.82, 216380, 35
286, 0, 0, 29, 29, 1, 47.95%, 0, 0, 2, 824.95, 220732, 35
291, 0, 0, 29, 29, 1, 47.95%, 0, 0, 2, 850.05, 225020, 35
296, 0, 0, 29, 29, 1, 47.95%, 0, 0, 2, 829.30, 229292, 35
301, 0, 0, 29, 29, 1, 47.95%, 0, 0, 2, 833.96, 233660, 35
306, 0, 0, 29, 29, 1, 47.95%, 0, 0, 2, 885.41, 237731, 35
311, 0, 0, 29, 29, 1, 47.95%, 0, 0, 2, 836.95, 241772, 35
316, 0, 0, 29, 29, 1, 47.95%, 0, 0, 2, 902.42, 245984, 35
321, 0, 0, 29, 29, 1, 47.95%, 0, 0, 2, 848.74, 250156, 35
327, 0, 0, 29, 29, 1, 47.95%, 0, 0, 2, 835.86, 254476, 35
332, 0, 0, 29, 29, 1, 47.95%, 0, 0, 2, 824.79, 258540, 35
337, 0, 0, 29, 29, 1, 47.95%, 0, 0, 2, 871.97, 262449, 35
342, 0, 0, 29, 29, 1, 47.95%, 0, 0, 2, 868.53, 266682, 35
347, 0, 0, 29, 29, 1, 47.95%, 0, 0, 2, 855.36, 270201, 35
352, 0, 0, 29, 29, 1, 47.95%, 0, 0, 2, 841.09, 274476, 35
357, 0, 0, 29, 29, 1, 47.95%, 0, 0, 2, 848.74, 278871, 35
362, 0, 0, 29, 29, 1, 47.95%, 0, 0, 2, 835.55, 282988, 35
367, 0, 0, 29, 29, 1, 47.95%, 0, 0, 2, 867.41, 287473, 35
372, 0, 0, 29, 29, 1, 47.95%, 0, 0, 2, 841.18, 291868, 35
378, 0, 0, 29, 29, 1, 47.95%, 0, 0, 2, 838.86, 296364, 35
383, 0, 0, 29, 29, 1, 47.95%, 0, 0, 2, 864.22, 300733, 35
388, 0, 0, 29, 29, 1, 47.95%, 0, 0, 2, 863.90, 305204, 35
393, 0, 0, 29, 29, 1, 47.95%, 0, 0, 2, 868.96, 309573, 35
398, 0, 0, 29, 29, 1, 47.95%, 0, 0, 2, 885.66, 314112, 35
403, 0, 0, 29, 29, 1, 47.95%, 0, 0, 2, 888.09, 318498, 35
409, 0, 0, 29, 29, 1, 47.95%, 0, 0, 2, 888.10, 323037, 35
414, 0, 0, 29, 29, 1, 47.95%, 0, 0, 2, 888.28, 327457, 35
419, 0, 0, 29, 29, 1, 47.95%, 0, 0, 2, 870.20, 331758, 35
424, 0, 0, 29, 29, 1, 47.95%, 0, 0, 2, 885.44, 336246, 35
429, 0, 0, 29, 29, 1, 47.95%, 0, 0, 2, 870.21, 340819, 35
434, 0, 0, 29, 29, 1, 47.95%, 0, 0, 2, 868.64, 345392, 35
439, 0, 0, 29, 29, 1, 47.95%, 0, 0, 2, 864.30, 349744, 35
444, 0, 0, 29, 29, 1, 47.95%, 0, 0, 2, 867.87, 354317, 35
449, 0, 0, 29, 29, 1, 47.95%, 0, 0, 2, 881.71, 358771, 35
454, 0, 0, 29, 29, 1, 47.95%, 0, 0, 2, 874.96, 363191, 35
460, 0, 0, 29, 29, 1, 47.95%, 0, 0, 2, 882.62, 367798, 35
465, 0, 0, 29, 29, 1, 47.95%, 0, 0, 2, 881.26, 372286, 35
470, 0, 0, 29, 29, 1, 47.95%, 0, 0, 2, 880.95, 376757, 35
475, 0, 0, 29, 29, 1, 47.95%, 0, 0, 2, 882.34, 381398, 35
480, 0, 0, 29, 29, 1, 47.95%, 0, 0, 2, 888.85, 386073, 35
485, 0, 0, 29, 29, 1, 47.95%, 0, 0, 2, 886.99, 390561, 35
490, 0, 0, 29, 29, 1, 47.95%, 0, 0, 2, 883.66, 395168, 35
495, 0, 0, 29, 29, 1, 47.95%, 0, 0, 2, 894.41, 399809, 35
500, 0, 0, 29, 29, 1, 47.95%, 0, 0, 2, 896.40, 404331, 35
505, 0, 0, 29, 29, 1, 47.95%, 0, 0, 2, 891.10, 408802, 35
511, 0, 0, 29, 29, 1, 47.95%, 0, 0, 2, 893.82, 413460, 35
516, 0, 0, 29, 29, 1, 47.95%, 0, 0, 2, 891.58, 417914, 35
521, 0, 0, 29, 29, 1, 47.95%, 0, 0, 2, 889.69, 422419, 35
526, 0, 0, 29, 29, 1, 47.95%, 0, 0, 2, 887.43, 427026, 35
531, 0, 0, 29, 29, 1, 47.95%, 0, 0, 2, 897.32, 431667, 35
536, 0, 0, 29, 29, 1, 47.95%, 0, 0, 2, 904.36, 436352, 35
541, 0, 0, 30, 30, 1, 47.95%, 0, 0, 2, 895.79, 440837, 35
546, 0, 0, 30, 30, 1, 47.95%, 0, 0, 2, 903.38, 445521, 35
552, 0, 0, 30, 30, 1, 47.95%, 0, 0, 2, 900.68, 450153, 35
557, 0, 0, 30, 30, 1, 47.95%, 0, 0, 2, 899.25, 454629, 35
562, 0, 0, 30, 30, 1, 47.95%, 0, 0, 2, 906.85, 459165, 35
567, 0, 0, 30, 30, 1, 47.95%, 0, 0, 2, 901.18, 463702, 35
572, 0, 0, 30, 30, 1, 47.95%, 0, 0, 2, 909.89, 468309, 35
577, 0, 0, 30, 30, 1, 47.95%, 0, 0, 2, 908.72, 472827, 35
582, 0, 0, 30, 30, 1, 47.95%, 0, 0, 2, 912.33, 477363, 35
587, 0, 0, 30, 30, 1, 47.95%, 0, 0, 2, 911.55, 481899, 35
592, 0, 0, 30, 30, 1, 47.95%, 0, 0, 2, 922.99, 486597, 35
597, 0, 0, 30, 30, 1, 47.95%, 0, 0, 2, 920.77, 491169, 35
602, 0, 0, 30, 30, 1, 47.95%, 0, 0, 2, 925.75, 495867, 35
607, 0, 0, 30, 30, 1, 47.95%, 0, 0, 2, 929.51, 500511, 35
612, 0, 0, 30, 30, 1, 47.95%, 0, 0, 2, 930.61, 505209, 35
617, 0, 0, 30, 30, 1, 47.95%, 0, 0, 2, 926.43, 509799, 35
623, 0, 0, 30, 30, 1, 47.95%, 0, 0, 2, 904.01, 514371, 35
628, 0, 0, 30, 30, 1, 47.95%, 0, 0, 2, 889.88, 518925, 35
633, 0, 0, 30, 30, 1, 47.95%, 0, 0, 2, 898.58, 523605, 35
638, 0, 0, 30, 30, 1, 47.95%, 0, 0, 2, 896.10, 528234, 35
643, 0, 0, 30, 30, 1, 47.95%, 0, 0, 2, 889.84, 532773, 35
648, 0, 0, 30, 30, 1, 47.95%, 0, 0, 2, 898.22, 537448, 35
653, 0, 0, 30, 30, 1, 47.95%, 0, 0, 2, 900.49, 542089, 35
658, 0, 0, 30, 30, 1, 47.95%, 0, 0, 2, 906.13, 546789, 35
663, 0, 0, 30, 30, 1, 47.95%, 0, 0, 2, 902.46, 551433, 35
668, 0, 0, 30, 30, 1, 47.95%, 0, 0, 2, 913.54, 556149, 35
674, 0, 0, 30, 30, 1, 47.95%, 0, 0, 2, 907.63, 560775, 35
679, 0, 0, 30, 30, 1, 47.95%, 0, 0, 2, 917.85, 565509, 35
684, 0, 0, 30, 30, 1, 47.95%, 0, 0, 2, 913.17, 570135, 35
689, 0, 0, 30, 30, 1, 47.95%, 0, 0, 2, 911.49, 574779, 35
694, 0, 0, 30, 30, 1, 47.95%, 0, 0, 2, 913.59, 579423, 35
699, 0, 0, 30, 30, 1, 47.95%, 0, 0, 2, 915.68, 584103, 35
704, 0, 0, 30, 30, 1, 47.95%, 0, 0, 2, 917.08, 588765, 35
709, 0, 0, 30, 30, 1, 47.95%, 0, 0, 2, 915.06, 593409, 35
714, 0, 0, 30, 30, 1, 47.95%, 0, 0, 2, 922.59, 598125, 35
719, 0, 0, 30, 30, 1, 47.95%, 0, 0, 2, 915.59, 602733, 35
724, 0, 0, 30, 30, 1, 47.95%, 0, 0, 2, 916.63, 607377, 35
729, 0, 0, 30, 30, 1, 47.95%, 0, 0, 2, 915.05, 612003, 35
734, 0, 0, 30, 30, 1, 47.95%, 0, 0, 2, 921.30, 616737, 35
739, 0, 0, 30, 30, 1, 47.95%, 0, 0, 2, 912.23, 621345, 35
744, 0, 0, 30, 30, 1, 47.95%, 0, 0, 2, 913.59, 625971, 35
750, 0, 0, 30, 30, 1, 47.95%, 0, 0, 2, 919.13, 630687, 35
755, 0, 0, 30, 30, 1, 47.95%, 0, 0, 2, 911.52, 635295, 35
760, 0, 0, 30, 30, 1, 47.95%, 0, 0, 2, 918.99, 639993, 35
765, 0, 0, 30, 30, 1, 47.95%, 0, 0, 2, 918.18, 644619, 35
770, 0, 0, 30, 30, 1, 47.95%, 0, 0, 2, 921.47, 649263, 35
775, 0, 0, 30, 30, 1, 47.95%, 0, 0, 2, 923.98, 653961, 35
780, 0, 0, 30, 30, 1, 47.95%, 0, 0, 2, 918.75, 658605, 35
785, 0, 0, 30, 30, 1, 47.95%, 0, 0, 2, 926.91, 663339, 35
790, 0, 0, 30, 30, 1, 47.95%, 0, 0, 2, 922.51, 667947, 35
795, 0, 0, 30, 30, 1, 47.95%, 0, 0, 2, 913.51, 672555, 35
800, 0, 0, 30, 30, 1, 47.95%, 0, 0, 2, 925.58, 677271, 35
805, 0, 0, 30, 30, 1, 47.95%, 0, 0, 2, 922.00, 681897, 35
810, 0, 0, 30, 30, 1, 47.95%, 0, 0, 2, 921.93, 686523, 35
816, 0, 0, 30, 30, 1, 47.95%, 0, 0, 2, 925.63, 691221, 35
821, 0, 0, 30, 30, 1, 47.95%, 0, 0, 2, 925.79, 695847, 35
826, 0, 0, 30, 30, 1, 47.95%, 0, 0, 2, 923.98, 700437, 35
831, 0, 0, 30, 30, 1, 47.95%, 0, 0, 2, 925.09, 705081, 35
836, 0, 0, 30, 30, 1, 47.95%, 0, 0, 2, 928.45, 709815, 35
841, 0, 0, 30, 30, 1, 47.95%, 0, 0, 2, 923.90, 714441, 35
846, 0, 0, 30, 30, 1, 47.95%, 0, 0, 2, 921.39, 719049, 35
851, 0, 0, 30, 30, 1, 47.95%, 0, 0, 2, 929.43, 723783, 35
856, 0, 0, 30, 30, 1, 47.95%, 0, 0, 2, 923.28, 728391, 35
861, 0, 0, 30, 30, 1, 47.95%, 0, 0, 2, 930.84, 733125, 35
866, 0, 0, 30, 30, 1, 47.95%, 0, 0, 2, 931.80, 737769, 35
871, 0, 0, 30, 30, 1, 47.95%, 0, 0, 2, 933.90, 742431, 35
876, 0, 0, 30, 30, 1, 47.95%, 0, 0, 2, 925.63, 747057, 35
881, 0, 0, 30, 30, 1, 47.95%, 0, 0, 2, 932.23, 751755, 35
886, 0, 0, 30, 30, 1, 47.95%, 0, 0, 2, 932.94, 756399, 35
891, 0, 0, 30, 30, 1, 47.95%, 0, 0, 2, 934.63, 761043, 35
896, 0, 0, 30, 30, 1, 47.95%, 0, 0, 2, 926.70, 765651, 35
902, 0, 0, 30, 30, 1, 47.95%, 0, 0, 2, 938.45, 770403, 35
907, 0, 0, 30, 30, 1, 47.95%, 0, 0, 2, 930.86, 775065, 35
912, 0, 0, 30, 30, 1, 47.95%, 0, 0, 2, 931.60, 779709, 35
917, 0, 0, 30, 30, 1, 47.95%, 0, 0, 2, 929.99, 784461, 35
922, 0, 0, 30, 30, 1, 47.95%, 0, 0, 2, 923.25, 789123, 35
927, 0, 0, 30, 30, 1, 47.95%, 0, 0, 2, 919.52, 793785, 35
932, 0, 0, 30, 30, 1, 47.95%, 0, 0, 2, 919.88, 798411, 35
937, 0, 0, 30, 30, 1, 47.95%, 0, 0, 2, 931.11, 803091, 35
942, 0, 13, 47, 36, 3, 49.32%, 0, 0, 4, 899.64, 807744, 36
947, 0, 44, 50, 37, 1, 49.32%, 0, 0, 5, 910.25, 812401, 36
953, 0, 48, 54, 38, 0, 49.32%, 0, 0, 6, 907.39, 817193, 36
958, 0, 51, 58, 41, 0, 49.32%, 0, 0, 6, 905.98, 821937, 36
963, 0, 24, 60, 43, 0, 49.32%, 0, 0, 7, 902.64, 826501, 36
968, 0, 51, 60, 42, 0, 49.32%, 0, 0, 7, 912.98, 831306, 36
973, 0, 50, 61, 43, 0, 49.32%, 0, 0, 7, 912.67, 835940, 36
978, 0, 51, 62, 44, 0, 49.32%, 0, 0, 7, 913.40, 840602, 36
980, 0, 62, 63, 44, 0, 52.05%, 1, 0, 7, 0.00, 842560, 38
