# relative_time, cycles_done, cur_item, corpus_count, pending_total, pending_favs, map_size, saved_crashes, saved_hangs, max_depth, execs_per_sec, total_execs, edges_found
61, 0, 33, 52, 39, 0, 44.87%, 0, 0, 8, 815.12, 51976, 35
66, 1, 8, 52, 38, 0, 44.87%, 0, 0, 8, 791.03, 55851, 35
71, 1, 41, 52, 38, 0, 44.87%, 0, 0, 8, 806.36, 59993, 35
76, 1, 20, 52, 37, 0, 44.87%, 0, 0, 8, 825.53, 64233, 35
81, 1, 47, 52, 36, 0, 44.87%, 0, 0, 8, 834.20, 67724, 35
86, 1, 28, 52, 35, 0, 44.87%, 0, 0, 8, 843.39, 72006, 35
91, 1, 23, 52, 35, 0, 44.87%, 0, 0, 8, 804.25, 75714, 35
96, 2, 19, 52, 34, 0, 44.87%, 0, 0, 8, 840.59, 79965, 35
101, 2, 8, 52, 34, 0, 44.87%, 0, 0, 8, 836.98, 84212, 35
106, 2, 20, 52, 33, 0, 44.87%, 0, 0, 8, 715.88, 88031, 35
112, 2, 19, 52, 33, 0, 44.87%, 0, 0, 8, 812.43, 92295, 35
117, 2, 11, 52, 33, 0, 44.87%, 0, 0, 8, 844.42, 96590, 35
122, 3, 0, 52, 32, 0, 44.87%, 0, 0, 8, 838.60, 100982, 35
127, 3, 8, 52, 32, 0, 44.87%, 0, 0, 8, 839.47, 105104, 35
132, 3, 33, 53, 33, 0, 44.87%, 0, 0, 8, 848.08, 109384, 35
137, 3, 19, 53, 33, 0, 44.87%, 0, 0, 8, 851.04, 113652, 35
142, 3, 19, 53, 32, 0, 44.87%, 0, 0, 8, 846.84, 117849, 35
147, 4, 52, 53, 32, 0, 44.87%, 0, 0, 8, 852.56, 122167, 35
152, 4, 20, 53, 29, 0, 44.87%, 0, 0, 8, 830.39, 125768, 35
157, 4, 8, 54, 30, 0, 44.87%, 0, 0, 8, 831.11, 130033, 35
162, 4, 0, 55, 30, 0, 46.15%, 0, 0, 8, 813.54, 134140, 36
167, 4, 54, 59, 34, 0, 50.00%, 0, 0, 9, 815.20, 138424, 39
172, 4, 54, 59, 34, 0, 50.00%, 0, 0, 9, 843.79, 142824, 39
178, 4, 54, 59, 34, 0, 50.00%, 0, 0, 9, 830.91, 147091, 39
183, 4, 56, 60, 34, 2, 50.00%, 0, 0, 10, 842.15, 151363, 39
188, 4, 58, 63, 36, 1, 52.56%, 0, 0, 10, 859.70, 155707, 41
193, 4, 58, 65, 38, 1, 52.56%, 0, 0, 10, 822.74, 159916, 41
198, 4, 62, 67, 38, 1, 53.85%, 0, 0, 11, 855.39, 164258, 42
203, 4, 62, 68, 39, 1, 53.85%, 0, 0, 11, 859.30, 168685, 42
208, 4, 62, 68, 39, 1, 53.85%, 0, 0, 11, 848.11, 172901, 42
213, 4, 66, 69, 38, 0, 58.97%, 0, 0, 12, 853.69, 177198, 46
218, 4, 68, 70, 38, 0, 58.97%, 0, 0, 12, 865.87, 181629, 46
223, 4, 68, 72, 40, 0, 61.54%, 0, 0, 13, 885.62, 185573, 48
228, 4, 68, 72, 40, 0, 61.54%, 0, 0, 13, 849.11, 189849, 48
233, 4, 11, 73, 40, 0, 61.54%, 0, 0, 13, 835.63, 194061, 48
238, 4, 29, 73, 40, 0, 61.54%, 0, 0, 13, 838.62, 198249, 48
243, 4, 57, 74, 41, 0, 61.54%, 0, 0, 13, 840.41, 202637, 48
249, 4, 19, 75, 42, 0, 61.54%, 0, 0, 13, 843.75, 207020, 48
254, 4, 71, 76, 43, 0, 61.54%, 0, 0, 13, 854.45, 211334, 48
259, 4, 19, 76, 43, 0, 61.54%, 0, 0, 13, 861.85, 215658, 48
264, 5, 54, 76, 41, 0, 61.54%, 0, 0, 13, 854.29, 220070, 48
269, 5, 58, 76, 40, 0, 61.54%, 0, 0, 13, 866.49, 224405, 48
274, 5, 33, 76, 39, 0, 61.54%, 0, 0, 13, 865.04, 228877, 48
279, 5, 75, 77, 38, 0, 61.54%, 0, 0, 13, 859.36, 233182, 48
284, 5, 72, 78, 38, 0, 61.54%, 0, 0, 13, 865.40, 237543, 48
289, 5, 20, 79, 38, 0, 61.54%, 0, 0, 13, 865.03, 241845, 48
294, 5, 56, 79, 37, 0, 61.54%, 0, 0, 13, 871.35, 246207, 48
299, 5, 68, 80, 37, 0, 61.54%, 0, 0, 13, 868.33, 250540, 48
304, 5, 57, 80, 35, 0, 61.54%, 0, 0, 13, 865.75, 254875, 48
310, 5, 68, 80, 35, 0, 61.54%, 0, 0, 13, 870.08, 259360, 48
315, 5, 76, 80, 34, 0, 61.54%, 0, 0, 13, 859.61, 263662, 48
320, 5, 68, 80, 33, 0, 61.54%, 0, 0, 13, 834.84, 267672, 48
323, 6, 71, 80, 33, 0, 61.54%, 1, 0, 13, 0.00, 270691, 48
