# relative_time, cycles_done, cur_item, corpus_count, pending_total, pending_favs, map_size, saved_crashes, saved_hangs, max_depth, execs_per_sec, total_execs, edges_found
61, 1, 28, 37, 24, 0, 39.73%, 0, 0, 8, 777.73, 46684, 29
66, 1, 36, 39, 25, 1, 39.73%, 0, 0, 9, 775.17, 50557, 29
71, 1, 35, 43, 28, 0, 42.47%, 0, 0, 9, 769.15, 54581, 31
76, 1, 35, 44, 29, 0, 42.47%, 0, 0, 9, 758.00, 58473, 31
81, 1, 35, 45, 30, 0, 43.84%, 0, 0, 9, 770.23, 62335, 32
86, 1, 35, 46, 31, 0, 43.84%, 0, 0, 9, 786.10, 66259, 32
92, 1, 44, 47, 29, 1, 43.84%, 0, 0, 10, 827.52, 69703, 32
97, 1, 46, 51, 32, 0, 43.84%, 0, 0, 11, 810.09, 73799, 32
102, 1, 46, 51, 32, 0, 43.84%, 0, 0, 11, 793.99, 77648, 32
107, 1, 44, 52, 33, 0, 43.84%, 0, 0, 11, 784.68, 81637, 32
112, 1, 49, 53, 32, 0, 43.84%, 0, 0, 11, 792.84, 85555, 32
117, 1, 24, 53, 31, 0, 43.84%, 0, 0, 11, 806.92, 89656, 32
123, 1, 40, 53, 31, 0, 43.84%, 0, 0, 11, 836.40, 93201, 32
128, 1, 44, 53, 30, 0, 43.84%, 0, 0, 11, 795.78, 96635, 32
133, 2, 24, 55, 32, 0, 43.84%, 0, 0, 11, 803.80, 100265, 32
138, 2, 53, 56, 33, 0, 43.84%, 0, 0, 11, 814.03, 103713, 32
143, 2, 44, 56, 31, 0, 43.84%, 0, 0, 11, 855.08, 107875, 32
148, 2, 16, 57, 32, 0, 43.84%, 0, 0, 11, 819.83, 111889, 32
153, 2, 1, 58, 32, 0, 43.84%, 0, 0, 11, 828.69, 116099, 32
158, 2, 36, 58, 32, 0, 43.84%, 0, 0, 11, 812.09, 119752, 32
164, 2, 40, 58, 32, 0, 43.84%, 0, 0, 11, 800.52, 123797, 32
169, 2, 44, 58, 30, 0, 43.84%, 0, 0, 11, 842.59, 127792, 32
174, 3, 24, 58, 29, 0, 43.84%, 0, 0, 11, 842.29, 132009, 32
179, 3, 44, 58, 29, 0, 43.84%, 0, 0, 11, 732.24, 135540, 32
184, 3, 1, 58, 28, 0, 43.84%, 0, 0, 11, 828.60, 139848, 32
189, 3, 51, 58, 27, 0, 43.84%, 0, 0, 11, 842.42, 144092, 32
194, 3, 44, 58, 26, 0, 43.84%, 0, 0, 11, 812.54, 147920, 32
199, 3, 36, 58, 25, 0, 43.84%, 0, 0, 11, 840.94, 152261, 32
204, 3, 16, 58, 25, 0, 43.84%, 0, 0, 11, 822.79, 156034, 32
210, 4, 24, 58, 25, 0, 43.84%, 0, 0, 11, 848.38, 160330, 32
215, 4, 44, 58, 25, 0, 43.84%, 0, 0, 11, 841.62, 164324, 32
220, 4, 35, 58, 25, 0, 43.84%, 0, 0, 11, 858.02, 168535, 32
225, 4, 1, 58, 25, 0, 43.84%, 0, 0, 11, 815.21, 172649, 32
230, 4, 35, 58, 24, 0, 43.84%, 0, 0, 11, 857.78, 176774, 32
235, 4, 35, 59, 25, 0, 43.84%, 0, 0, 11, 850.21, 181020, 32
240, 4, 35, 59, 24, 0, 43.84%, 0, 0, 11, 776.42, 185023, 32
245, 4, 16, 59, 24, 0, 43.84%, 0, 0, 11, 806.99, 189153, 32
251, 5, 36, 59, 24, 0, 43.84%, 0, 0, 11, 801.33, 193338, 32
256, 5, 46, 59, 23, 0, 43.84%, 0, 0, 11, 861.39, 197479, 32
261, 5, 36, 59, 23, 0, 43.84%, 0, 0, 11, 843.22, 201837, 32
266, 5, 44, 59, 22, 0, 43.84%, 0, 0, 11, 813.33, 205974, 32
271, 5, 16, 59, 22, 0, 43.84%, 0, 0, 11, 805.97, 209871, 32
276, 5, 35, 59, 22, 0, 43.84%, 0, 0, 11, 777.79, 214007, 32
281, 5, 24, 59, 21, 0, 43.84%, 0, 0, 11, 832.40, 218382, 32
287, 5, 55, 59, 20, 0, 43.84%, 0, 0, 11, 883.05, 222652, 32
292, 6, 40, 59, 19, 0, 43.84%, 0, 0, 11, 789.44, 226226, 32
297, 6, 36, 59, 18, 0, 43.84%, 0, 0, 11, 829.66, 230496, 32
302, 6, 44, 59, 18, 0, 43.84%, 0, 0, 11, 885.06, 234801, 32
307, 6, 35, 59, 18, 0, 43.84%, 0, 0, 11, 880.75, 238865, 32
312, 6, 24, 59, 17, 0, 43.84%, 0, 0, 11, 849.25, 242939, 32
317, 6, 46, 59, 17, 0, 43.84%, 0, 0, 11, 851.31, 247184, 32
322, 6, 46, 59, 17, 0, 43.84%, 0, 0, 11, 840.74, 251396, 32
327, 7, 44, 59, 17, 0, 43.84%, 0, 0, 11, 869.97, 255585, 32
332, 7, 44, 59, 17, 0, 43.84%, 0, 0, 11, 851.98, 259657, 32
337, 7, 59, 62, 19, 0, 52.05%, 0, 0, 12, 842.27, 263573, 38
343, 7, 59, 62, 19, 0, 52.05%, 0, 0, 12, 858.64, 267919, 38
348, 7, 59, 62, 19, 0, 52.05%, 0, 0, 12, 865.43, 271387, 38
353, 7, 59, 62, 19, 0, 52.05%, 0, 0, 12, 855.93, 275582, 38
358, 7, 59, 62, 19, 0, 52.05%, 0, 0, 12, 856.50, 279960, 38
363, 7, 59, 62, 18, 0, 52.05%, 0, 0, 12, 890.55, 284259, 38
368, 7, 61, 63, 19, 0, 52.05%, 0, 0, 13, 900.09, 288609, 38
368, 7, 61, 63, 19, 0, 52.05%, 1, 0, 13, 0.00, 288987, 38
