# relative_time, cycles_done, cur_item, corpus_count, pending_total, pending_favs, map_size, saved_crashes, saved_hangs, max_depth, execs_per_sec, total_execs, edges_found
61, 0, 0, 24, 24, 1, 45.21%, 0, 0, 2, 787.59, 46203, 33
66, 0, 0, 24, 24, 1, 45.21%, 0, 0, 2, 809.70, 50009, 33
71, 0, 0, 24, 24, 1, 45.21%, 0, 0, 2, 812.87, 53881, 33
76, 0, 0, 24, 24, 1, 45.21%, 0, 0, 2, 767.35, 57813, 33
81, 0, 0, 24, 24, 1, 45.21%, 0, 0, 2, 769.23, 61653, 33
86, 0, 0, 25, 25, 1, 45.21%, 0, 0, 2, 784.17, 65575, 33
92, 0, 0, 25, 25, 1, 45.21%, 0, 0, 2, 795.58, 68860, 33
97, 0, 0, 25, 25, 1, 45.21%, 0, 0, 2, 785.17, 72565, 33
102, 0, 0, 25, 25, 1, 45.21%, 0, 0, 2, 783.99, 76480, 33
107, 0, 0, 25, 25, 1, 45.21%, 0, 0, 2, 754.70, 80350, 33
112, 0, 0, 25, 25, 1, 45.21%, 0, 0, 2, 782.75, 84250, 33
117, 0, 0, 25, 25, 1, 45.21%, 0, 0, 2, 788.71, 88135, 33
122, 0, 0, 25, 25, 1, 45.21%, 0, 0, 2, 827.19, 91616, 33
127, 0, 0, 25, 25, 1, 45.21%, 0, 0, 2, 815.14, 95104, 33
132, 0, 0, 25, 25, 1, 45.21%, 0, 0, 2, 765.73, 98740, 33
137, 0, 0, 25, 25, 1, 45.21%, 0, 0, 2, 806.65, 102016, 33
142, 0, 0, 25, 25, 1, 45.21%, 0, 0, 2, 837.24, 105856, 33
148, 0, 0, 25, 25, 1, 45.21%, 0, 0, 2, 829.71, 109888, 33
153, 0, 0, 25, 25, 1, 45.21%, 0, 0, 2, 824.92, 114048, 33
158, 0, 0, 25, 25, 1, 45.21%, 0, 0, 2, 786.11, 117728, 33
163, 0, 0, 25, 25, 1, 45.21%, 0, 0, 2, 785.33, 121600, 33
168, 0, 0, 25, 25, 1, 45.21%, 0, 0, 2, 795.68, 125515, 33
173, 0, 0, 25, 25, 1, 45.21%, 0, 0, 2, 826.92, 129728, 33
178, 0, 0, 25, 25, 1, 45.21%, 0, 0, 2, 785.78, 133345, 33
183, 0, 0, 25, 25, 1, 45.21%, 0, 0, 2, 865.00, 137539, 33
188, 0, 0, 25, 25, 1, 45.21%, 0, 0, 2, 822.84, 141712, 33
193, 0, 0, 25, 25, 1, 45.21%, 0, 0, 2, 818.59, 145600, 33
198, 0, 0, 25, 25, 1, 45.21%, 0, 0, 2, 830.00, 149760, 33
204, 0, 0, 25, 25, 1, 45.21%, 0, 0, 2, 830.49, 153808, 33
209, 0, 0, 26, 26, 1, 45.21%, 0, 0, 2, 831.40, 157719, 33
214, 0, 0, 26, 26, 1, 45.21%, 0, 0, 2, 845.56, 161783, 33
219, 0, 0, 26, 26, 1, 45.21%, 0, 0, 2, 845.94, 166023, 33
224, 0, 0, 26, 26, 1, 45.21%, 0, 0, 2, 838.66, 170071, 33
229, 0, 0, 27, 27, 1, 46.58%, 0, 0, 2, 833.94, 174206, 34
234, 0, 0, 27, 27, 1, 46.58%, 0, 0, 2, 844.14, 178318, 34
239, 0, 0, 28, 28, 1, 46.58%, 0, 0, 2, 803.65, 182373, 34
245, 0, 0, 28, 28, 1, 46.58%, 0, 0, 2, 834.24, 186597, 34
250, 0, 0, 28, 28, 1, 46.58%, 0, 0, 2, 828.31, 190661, 34
255, 0, 0, 28, 28, 1, 46.58%, 0, 0, 2, 844.31, 194869, 34
260, 0, 0, 28, 28, 1, 46.58%, 0, 0, 2, 851.06, 199185, 34
265, 0, 0, 28, 28, 1, 46.58%, 0, 0, 2, 837.93, 203157, 34
270, 0, 0, 28, 28, 1, 46.58%, 0, 0, 2, 836.41, 207221, 34
275, 0, 0, 28, 28, 1, 46.58%, 0, 0, 2, 818.91, 211157, 34
281, 0, 0, 28, 28, 1, 46.58%, 0, 0, 2, 890.55, 215395, 34
286, 0, 0, 28, 28, 1, 46.58%, 0, 0, 2, 834.27, 219509, 34
291, 0, 0, 28, 28, 1, 46.58%, 0, 0, 2, 885.92, 223886, 34
296, 0, 0, 28, 28, 1, 46.58%, 0, 0, 2, 832.31, 228005, 34
301, 0, 0, 28, 28, 1, 46.58%, 0, 0, 2, 826.18, 232165, 34
306, 0, 0, 28, 28, 1, 46.58%, 0, 0, 2, 885.11, 236262, 34
311, 0, 0, 28, 28, 1, 46.58%, 0, 0, 2, 833.41, 240277, 34
316, 0, 0, 28, 28, 1, 46.58%, 0, 0, 2, 827.69, 244469, 34
321, 0, 0, 28, 28, 1, 46.58%, 0, 0, 2, 835.80, 248789, 34
326, 0, 0, 28, 28, 1, 46.58%, 0, 0, 2, 857.02, 253007, 34
331, 0, 0, 28, 28, 1, 46.58%, 0, 0, 2, 850.93, 257221, 34
337, 0, 0, 28, 28, 1, 46.58%, 0, 0, 2, 852.89, 261133, 34
342, 0, 0, 28, 28, 1, 46.58%, 0, 0, 2, 886.41, 265383, 34
347, 0, 0, 29, 29, 1, 47.95%, 0, 0, 2, 844.50, 268844, 35
352, 0, 0, 29, 29, 1, 47.95%, 0, 0, 2, 826.07, 273100, 35
357, 0, 0, 29, 29, 1, 47.95%, 0, 0, 2, 842.12, 277276, 35
362, 0, 0, 29, 29, 1, 47.95%, 0, 0, 2, 830.93, 281388, 35
367, 0, 0, 29, 29, 1, 47.95%, 0, 0, 2, 863.32, 285858, 35
372, 0, 0, 29, 29, 1, 47.95%, 0, 0, 2, 916.26, 290054, 35
377, 0, 0, 29, 29, 1, 47.95%, 0, 0, 2, 858.01, 294409, 35
382, 0, 0, 29, 29, 1, 47.95%, 0, 0, 2, 865.30, 298659, 35
388, 0, 0, 29, 29, 1, 47.95%, 0, 0, 2, 859.77, 303130, 35
393, 0, 0, 29, 29, 1, 47.95%, 0, 0, 2, 868.08, 307482, 35
398, 0, 0, 29, 29, 1, 47.95%, 0, 0, 2, 877.78, 312021, 35
403, 0, 0, 29, 29, 1, 47.95%, 0, 0, 2, 877.40, 316560, 35
408, 0, 0, 29, 29, 1, 47.95%, 0, 0, 2, 865.16, 320861, 35
413, 0, 0, 29, 29, 1, 47.95%, 0, 0, 2, 869.42, 325349, 35
418, 0, 0, 29, 29, 1, 47.95%, 0, 0, 2, 860.86, 329667, 35
423, 0, 0, 29, 29, 1, 47.95%, 0, 0, 2, 873.44, 334019, 35
428, 0, 0, 29, 29, 1, 47.95%, 0, 0, 2, 881.11, 338558, 35
434, 0, 0, 29, 29, 1, 47.95%, 0, 0, 2, 887.81, 343097, 35
439, 0, 0, 29, 29, 1, 47.95%, 0, 0, 2, 886.72, 347415, 35
444, 0, 0, 29, 29, 1, 47.95%, 0, 0, 2, 884.41, 351784, 35
449, 0, 0, 29, 29, 1, 47.95%, 0, 0, 2, 868.03, 356289, 35
454, 0, 0, 29, 29, 1, 47.95%, 0, 0, 2, 865.92, 360692, 35
459, 0, 0, 29, 29, 1, 47.95%, 0, 0, 2, 875.07, 365282, 35
464, 0, 0, 29, 29, 1, 47.95%, 0, 0, 2, 875.60, 369719, 35
469, 0, 0, 29, 29, 1, 47.95%, 0, 0, 2, 868.32, 374292, 35
474, 0, 0, 29, 29, 1, 47.95%, 0, 0, 2, 866.71, 378678, 35
479, 0, 0, 29, 29, 1, 47.95%, 0, 0, 2, 879.62, 383132, 35
484, 0, 0, 29, 29, 1, 47.95%, 0, 0, 2, 873.27, 387705, 35
489, 0, 0, 29, 29, 1, 47.95%, 0, 0, 2, 868.94, 392091, 35
495, 0, 0, 29, 29, 1, 47.95%, 0, 0, 2, 877.06, 396698, 35
500, 0, 0, 29, 29, 1, 47.95%, 0, 0, 2, 880.51, 401135, 35
505, 0, 0, 29, 29, 1, 47.95%, 0, 0, 2, 882.62, 405759, 35
510, 0, 0, 29, 29, 1, 47.95%, 0, 0, 2, 885.31, 410383, 35
515, 0, 0, 29, 29, 1, 47.95%, 0, 0, 2, 882.19, 414769, 35
520, 0, 0, 29, 29, 1, 47.95%, 0, 0, 2, 884.29, 419325, 35
525, 0, 0, 29, 29, 1, 47.95%, 0, 0, 2, 890.44, 423949, 35
530, 0, 0, 29, 29, 1, 47.95%, 0, 0, 2, 891.19, 428420, 35
536, 0, 0, 29, 29, 1, 47.95%, 0, 0, 2, 894.11, 433061, 35
541, 0, 0, 29, 29, 1, 47.95%, 0, 0, 2, 891.56, 437532, 35
546, 0, 0, 29, 29, 1, 47.95%, 0, 0, 2, 892.89, 442173, 35
551, 0, 0, 29, 29, 1, 47.95%, 0, 0, 2, 890.11, 446593, 35
556, 0, 0, 29, 29, 1, 47.95%, 0, 0, 2, 887.59, 451149, 35
561, 0, 0, 30, 30, 1, 49.32%, 0, 0, 2, 893.98, 455593, 36
566, 0, 0, 30, 30, 1, 49.32%, 0, 0, 2, 897.18, 460217, 36
571, 0, 0, 30, 30, 1, 49.32%, 0, 0, 2, 895.24, 464654, 36
576, 0, 0, 30, 30, 1, 49.32%, 0, 0, 2, 898.75, 469295, 36
582, 0, 0, 30, 30, 1, 49.32%, 0, 0, 2, 897.05, 473749, 36
587, 0, 0, 30, 30, 1, 49.32%, 0, 0, 2, 904.77, 478227, 36
592, 0, 0, 30, 30, 1, 49.32%, 0, 0, 2, 906.14, 482727, 36
597, 0, 0, 30, 30, 1, 49.32%, 0, 0, 2, 912.09, 487371, 36
602, 0, 0, 30, 30, 1, 49.32%, 0, 0, 2, 911.90, 491889, 36
607, 0, 0, 30, 30, 1, 49.32%, 0, 0, 2, 912.19, 496569, 36
612, 0, 0, 30, 30, 1, 49.32%, 0, 0, 2, 917.15, 501285, 36
617, 0, 0, 30, 30, 1, 49.32%, 0, 0, 2, 912.23, 505947, 36
622, 0, 0, 30, 30, 1, 49.32%, 0, 0, 2, 914.33, 510483, 36
627, 0, 0, 30, 30, 1, 49.32%, 0, 0, 2, 906.98, 514965, 36
632, 0, 0, 30, 30, 1, 49.32%, 0, 0, 2, 912.81, 519483, 36
637, 0, 0, 30, 30, 1, 49.32%, 0, 0, 2, 911.10, 523983, 36
643, 0, 0, 30, 30, 1, 49.32%, 0, 0, 2, 872.86, 528501, 36
648, 0, 0, 30, 30, 1, 49.32%, 0, 0, 2, 877.42, 533130, 36
653, 0, 0, 30, 30, 1, 49.32%, 0, 0, 2, 884.74, 537805, 36
658, 0, 0, 30, 30, 1, 49.32%, 0, 0, 2, 882.41, 542276, 36
663, 0, 0, 30, 30, 1, 49.32%, 0, 0, 2, 886.49, 546917, 36
668, 0, 0, 30, 30, 1, 49.32%, 0, 0, 2, 892.43, 551456, 36
673, 0, 0, 30, 30, 1, 49.32%, 0, 0, 2, 894.07, 556029, 36
678, 0, 0, 30, 30, 1, 49.32%, 0, 0, 2, 889.14, 560534, 36
683, 0, 0, 30, 30, 1, 49.32%, 0, 0, 2, 892.47, 565090, 36
688, 0, 0, 30, 30, 1, 49.32%, 0, 0, 2, 901.02, 569731, 36
693, 0, 0, 30, 30, 1, 49.32%, 0, 0, 2, 897.15, 574304, 36
699, 0, 0, 30, 30, 1, 49.32%, 0, 0, 2, 904.72, 579027, 36
704, 0, 0, 30, 30, 1, 49.32%, 0, 0, 2, 907.59, 583761, 36
709, 0, 0, 30, 30, 1, 49.32%, 0, 0, 2, 907.36, 588459, 36
714, 0, 0, 30, 30, 1, 49.32%, 0, 0, 2, 904.56, 593049, 36
719, 0, 0, 30, 30, 1, 49.32%, 0, 0, 2, 905.62, 597675, 36
724, 0, 0, 30, 30, 1, 49.32%, 0, 0, 2, 902.68, 602247, 36
729, 0, 0, 30, 30, 1, 49.32%, 0, 0, 2, 909.17, 606945, 36
734, 0, 0, 30, 30, 1, 49.32%, 0, 0, 2, 904.52, 611499, 36
739, 0, 0, 30, 30, 1, 49.32%, 0, 0, 2, 903.06, 616071, 36
745, 0, 0, 30, 30, 1, 49.32%, 0, 0, 2, 911.79, 620751, 36
750, 0, 0, 30, 30, 1, 49.32%, 0, 0, 2, 901.63, 625270, 36
755, 0, 0, 30, 30, 1, 49.32%, 0, 0, 2, 909.19, 629931, 36
760, 0, 0, 30, 30, 1, 49.32%, 0, 0, 2, 904.41, 634431, 36
765, 0, 0, 30, 30, 1, 49.32%, 0, 0, 2, 908.49, 639003, 36
770, 0, 0, 30, 30, 1, 49.32%, 0, 0, 2, 909.78, 643611, 36
775, 0, 0, 30, 30, 1, 49.32%, 0, 0, 2, 910.78, 648237, 36
780, 0, 0, 30, 30, 1, 49.32%, 0, 0, 2, 909.66, 652827, 36
785, 0, 0, 30, 30, 1, 49.32%, 0, 0, 2, 912.49, 657507, 36
791, 0, 0, 30, 30, 1, 49.32%, 0, 0, 2, 912.93, 662223, 36
796, 0, 0, 30, 30, 1, 49.32%, 0, 0, 2, 908.06, 666759, 36
801, 0, 0, 30, 30, 1, 49.32%, 0, 0, 2, 913.52, 671421, 36
806, 0, 0, 30, 30, 1, 49.32%, 0, 0, 2, 909.29, 675957, 36
811, 0, 0, 30, 30, 1, 49.32%, 0, 0, 2, 911.25, 680511, 36
816, 0, 0, 30, 30, 1, 49.32%, 0, 0, 2, 911.43, 685083, 36
821, 0, 0, 30, 30, 1, 49.32%, 0, 0, 2, 913.14, 689727, 36
826, 0, 0, 30, 30, 1, 49.32%, 0, 0, 2, 915.09, 694281, 36
831, 0, 0, 30, 30, 1, 49.32%, 0, 0, 2, 915.15, 698871, 36
836, 0, 0, 30, 30, 1, 49.32%, 0, 0, 2, 916.59, 703569, 36
841, 0, 0, 30, 30, 1, 49.32%, 0, 0, 2, 911.97, 708249, 36
847, 0, 0, 30, 30, 1, 49.32%, 0, 0, 2, 908.75, 712893, 36
852, 0, 0, 30, 30, 1, 49.32%, 0, 0, 2, 914.12, 717447, 36
857, 0, 0, 30, 30, 1, 49.32%, 0, 0, 2, 903.43, 722091, 36
862, 0, 0, 30, 30, 1, 49.32%, 0, 0, 2, 895.29, 726675, 36
867, 0, 0, 30, 30, 1, 49.32%, 0, 0, 2, 898.40, 731265, 36
872, 0, 0, 30, 30, 1, 49.32%, 0, 0, 2, 879.64, 735825, 36
877, 0, 0, 30, 30, 1, 49.32%, 0, 0, 2, 871.93, 740224, 36
883, 0, 25, 36, 34, 9, 49.32%, 0, 0, 3, 863.56, 744788, 36
888, 0, 25, 39, 37, 9, 49.32%, 0, 0, 3, 881.58, 749433, 36
893, 0, 25, 39, 37, 9, 49.32%, 0, 0, 3, 881.92, 753921, 36
898, 0, 19, 47, 38, 4, 49.32%, 0, 0, 4, 883.14, 758552, 36
903, 0, 35, 52, 38, 0, 49.32%, 0, 0, 6, 883.85, 763027, 36
908, 0, 52, 56, 41, 0, 50.68%, 0, 0, 6, 882.16, 767648, 37
909, 0, 52, 58, 43, 0, 50.68%, 1, 0, 6, 0.00, 768729, 37
