# relative_time, cycles_done, cur_item, corpus_count, pending_total, pending_favs, map_size, saved_crashes, saved_hangs, max_depth, execs_per_sec, total_execs, edges_found
61, 3, 0, 27, 17, 0, 37.29%, 0, 0, 4, 802.34, 48102, 22
66, 3, 0, 27, 16, 0, 37.29%, 0, 0, 4, 780.75, 52104, 22
71, 3, 0, 27, 15, 0, 37.29%, 0, 0, 4, 776.92, 56179, 22
76, 4, 0, 27, 15, 0, 37.29%, 0, 0, 4, 840.99, 59418, 22
81, 4, 12, 27, 15, 0, 37.29%, 0, 0, 4, 790.41, 63139, 22
86, 4, 0, 27, 14, 0, 37.29%, 0, 0, 4, 815.99, 67201, 22
92, 5, 0, 27, 14, 0, 37.29%, 0, 0, 4, 806.09, 71081, 22
97, 5, 24, 27, 14, 0, 37.29%, 0, 0, 4, 820.05, 75141, 22
102, 5, 0, 27, 13, 0, 37.29%, 0, 0, 4, 779.39, 78903, 22
107, 6, 0, 27, 13, 0, 37.29%, 0, 0, 4, 868.88, 82771, 22
112, 6, 0, 27, 13, 0, 37.29%, 0, 0, 4, 752.31, 86502, 22
117, 6, 0, 27, 13, 0, 37.29%, 0, 0, 4, 865.67, 90198, 22
122, 6, 0, 27, 13, 0, 37.29%, 0, 0, 4, 844.76, 94259, 22
127, 7, 0, 27, 13, 0, 37.29%, 0, 0, 4, 861.25, 97870, 22
132, 7, 0, 27, 13, 0, 37.29%, 0, 0, 4, 818.48, 101509, 22
137, 7, 0, 27, 13, 0, 37.29%, 0, 0, 4, 797.10, 105270, 22
142, 8, 0, 27, 13, 0, 37.29%, 0, 0, 4, 861.43, 109379, 22
148, 8, 0, 27, 13, 0, 37.29%, 0, 0, 4, 812.98, 113436, 22
153, 8, 0, 29, 15, 0, 37.29%, 0, 0, 4, 800.01, 116978, 22
158, 8, 0, 29, 15, 0, 37.29%, 0, 0, 4, 870.00, 120609, 22
163, 9, 0, 29, 14, 0, 37.29%, 0, 0, 4, 822.63, 124731, 22
168, 9, 0, 29, 13, 0, 37.29%, 0, 0, 4, 798.96, 128653, 22
173, 9, 0, 29, 13, 0, 37.29%, 0, 0, 4, 820.15, 132779, 22
178, 9, 0, 30, 14, 0, 42.37%, 0, 0, 4, 861.18, 136449, 25
183, 10, 29, 34, 17, 0, 47.46%, 0, 0, 4, 827.95, 140539, 28
188, 10, 29, 34, 17, 0, 47.46%, 0, 0, 4, 851.08, 144011, 28
194, 10, 29, 35, 18, 0, 47.46%, 0, 0, 4, 818.03, 147536, 28
199, 10, 20, 35, 15, 0, 47.46%, 0, 0, 4, 827.81, 151731, 28
204, 10, 31, 36, 16, 0, 49.15%, 0, 0, 4, 802.65, 155788, 29
209, 10, 0, 37, 16, 0, 49.15%, 0, 0, 4, 828.61, 159915, 29
214, 10, 35, 37, 16, 0, 49.15%, 0, 0, 4, 846.50, 164023, 29
219, 10, 35, 37, 16, 0, 49.15%, 0, 0, 4, 841.36, 168152, 29
224, 10, 29, 37, 16, 0, 49.15%, 0, 0, 4, 807.42, 171691, 29
229, 10, 0, 37, 16, 0, 49.15%, 0, 0, 4, 842.26, 175846, 29
234, 10, 35, 39, 18, 0, 49.15%, 0, 0, 4, 830.16, 179557, 29
239, 11, 0, 39, 18, 0, 49.15%, 0, 0, 4, 816.30, 183553, 29
245, 11, 24, 39, 18, 0, 49.15%, 0, 0, 4, 829.43, 187742, 29
250, 11, 0, 40, 19, 0, 49.15%, 0, 0, 4, 810.97, 191848, 29
255, 11, 0, 42, 21, 0, 50.85%, 0, 0, 5, 852.04, 196010, 30
260, 11, 22, 43, 21, 0, 50.85%, 0, 0, 5, 822.37, 200177, 30
265, 11, 41, 45, 22, 0, 50.85%, 0, 0, 5, 800.00, 204414, 30
270, 11, 31, 46, 23, 0, 50.85%, 0, 0, 5, 798.08, 208440, 30
275, 12, 33, 46, 23, 0, 50.85%, 0, 0, 5, 815.02, 212583, 30
281, 12, 33, 48, 24, 0, 50.85%, 0, 0, 5, 860.88, 216943, 30
286, 12, 0, 48, 24, 0, 50.85%, 0, 0, 5, 789.87, 220919, 30
291, 12, 0, 48, 24, 0, 50.85%, 0, 0, 5, 809.52, 224729, 30
296, 12, 0, 48, 24, 0, 50.85%, 0, 0, 5, 873.01, 228885, 30
301, 13, 0, 48, 24, 0, 50.85%, 0, 0, 5, 844.80, 233234, 30
306, 13, 0, 48, 24, 0, 50.85%, 0, 0, 5, 817.17, 237504, 30
311, 13, 0, 48, 24, 0, 50.85%, 0, 0, 5, 872.96, 241610, 30
316, 13, 0, 48, 24, 0, 50.85%, 0, 0, 5, 825.86, 245671, 30
322, 13, 0, 49, 25, 0, 50.85%, 0, 0, 5, 826.33, 249914, 30
327, 13, 0, 49, 25, 0, 50.85%, 0, 0, 5, 835.23, 254183, 30
332, 14, 41, 50, 26, 0, 50.85%, 0, 0, 5, 802.70, 258188, 30
333, 14, 50, 51, 26, 0, 52.54%, 1, 0, 5, 0.00, 259213, 31
