# relative_time, cycles_done, cur_item, corpus_count, pending_total, pending_favs, map_size, saved_crashes, saved_hangs, max_depth, execs_per_sec, total_execs, edges_found
60, 1, 43, 49, 33, 0, 51.28%, 0, 0, 6, 796.96, 49566, 40
65, 1, 43, 50, 34, 0, 51.28%, 0, 0, 6, 802.93, 53701, 40
70, 1, 46, 52, 35, 1, 51.28%, 0, 0, 7, 806.89, 57850, 40
75, 1, 47, 53, 35, 0, 51.28%, 0, 0, 7, 791.42, 61922, 40
80, 1, 44, 58, 40, 0, 53.85%, 0, 0, 7, 812.47, 65726, 42
86, 1, 44, 59, 41, 0, 53.85%, 0, 0, 7, 842.31, 70149, 42
91, 1, 56, 61, 42, 1, 58.97%, 0, 0, 8, 799.00, 74233, 46
96, 1, 18, 63, 41, 0, 61.54%, 0, 0, 8, 825.02, 78361, 48
101, 1, 29, 65, 42, 0, 61.54%, 0, 0, 8, 804.17, 82416, 48
106, 1, 46, 69, 45, 0, 61.54%, 0, 0, 8, 797.89, 86461, 48
111, 1, 61, 69, 45, 0, 61.54%, 0, 0, 8, 802.26, 90782, 48
116, 1, 0, 69, 45, 0, 61.54%, 0, 0, 8, 804.18, 95041, 48
122, 1, 24, 70, 46, 0, 61.54%, 0, 0, 8, 815.49, 99188, 48
127, 1, 60, 70, 46, 0, 61.54%, 0, 0, 8, 842.93, 103585, 48
132, 1, 0, 71, 47, 0, 61.54%, 0, 0, 9, 842.02, 107817, 48
137, 2, 0, 71, 46, 0, 61.54%, 0, 0, 9, 836.17, 112183, 48
142, 2, 60, 71, 46, 0, 61.54%, 0, 0, 9, 841.93, 116426, 48
147, 2, 61, 71, 46, 0, 61.54%, 0, 0, 9, 815.61, 120644, 48
152, 2, 61, 71, 46, 0, 61.54%, 0, 0, 9, 815.57, 124498, 48
157, 2, 31, 72, 47, 0, 61.54%, 0, 0, 9, 837.53, 128755, 48
162, 2, 0, 72, 47, 0, 61.54%, 0, 0, 9, 801.22, 132462, 48
167, 2, 0, 72, 46, 0, 61.54%, 0, 0, 9, 832.19, 136702, 48
173, 2, 0, 72, 46, 0, 61.54%, 0, 0, 9, 856.51, 141128, 48
178, 2, 0, 72, 46, 0, 61.54%, 0, 0, 9, 829.64, 145287, 48
183, 2, 61, 72, 45, 0, 61.54%, 0, 0, 9, 846.84, 149702, 48
188, 3, 18, 72, 44, 0, 61.54%, 0, 0, 9, 864.20, 154249, 48
193, 3, 0, 72, 44, 0, 61.54%, 0, 0, 9, 868.71, 158741, 48
198, 3, 60, 72, 44, 0, 61.54%, 0, 0, 9, 868.68, 163238, 48
203, 3, 47, 72, 43, 0, 61.54%, 0, 0, 9, 866.63, 167486, 48
209, 3, 31, 73, 44, 0, 61.54%, 0, 0, 9, 823.14, 171531, 48
214, 3, 0, 73, 44, 0, 61.54%, 0, 0, 9, 866.52, 175928, 48
219, 3, 60, 73, 43, 0, 61.54%, 0, 0, 9, 865.29, 180236, 48
224, 3, 0, 73, 43, 0, 61.54%, 0, 0, 9, 861.52, 184494, 48
229, 3, 60, 73, 43, 0, 61.54%, 0, 0, 9, 860.10, 188795, 48
234, 4, 0, 73, 43, 0, 61.54%, 0, 0, 9, 882.74, 192986, 48
239, 4, 0, 73, 42, 0, 61.54%, 0, 0, 9, 851.20, 197207, 48
244, 4, 54, 73, 41, 0, 61.54%, 0, 0, 9, 848.07, 201494, 48
249, 4, 0, 74, 41, 0, 61.54%, 0, 0, 9, 862.70, 205839, 48
254, 4, 0, 74, 41, 0, 61.54%, 0, 0, 9, 872.39, 210211, 48
259, 4, 15, 74, 41, 0, 61.54%, 0, 0, 9, 880.64, 214743, 48
264, 4, 61, 74, 41, 0, 61.54%, 0, 0, 9, 876.98, 219128, 48
269, 4, 0, 74, 41, 0, 61.54%, 0, 0, 9, 876.32, 223483, 48
274, 4, 24, 74, 41, 0, 61.54%, 0, 0, 9, 881.30, 228018, 48
279, 4, 60, 74, 41, 0, 61.54%, 0, 0, 9, 869.71, 232307, 48
284, 5, 0, 74, 41, 0, 61.54%, 0, 0, 9, 874.86, 236674, 48
289, 5, 0, 74, 41, 0, 61.54%, 0, 0, 9, 843.20, 240905, 48
294, 5, 60, 74, 41, 0, 61.54%, 0, 0, 9, 882.72, 245369, 48
300, 5, 0, 74, 41, 0, 61.54%, 0, 0, 9, 891.10, 249936, 48
305, 5, 60, 74, 41, 0, 61.54%, 0, 0, 9, 885.79, 254316, 48
310, 5, 29, 74, 40, 0, 61.54%, 0, 0, 9, 886.54, 258702, 48
315, 5, 60, 74, 40, 0, 61.54%, 0, 0, 9, 889.60, 263267, 48
320, 5, 16, 74, 38, 0, 61.54%, 0, 0, 9, 866.99, 267721, 48
325, 5, 60, 74, 38, 0, 61.54%, 0, 0, 9, 868.14, 272044, 48
330, 6, 60, 74, 38, 0, 61.54%, 0, 0, 9, 877.79, 276406, 48
335, 6, 46, 74, 38, 0, 61.54%, 0, 0, 9, 859.65, 280858, 48
340, 6, 47, 74, 38, 0, 61.54%, 0, 0, 9, 863.96, 285274, 48
345, 6, 28, 74, 38, 0, 61.54%, 0, 0, 9, 870.60, 289335, 48
351, 6, 61, 75, 37, 0, 61.54%, 0, 0, 10, 865.77, 293743, 48
356, 6, 61, 75, 37, 0, 61.54%, 0, 0, 10, 870.56, 298296, 48
361, 6, 0, 75, 37, 0, 61.54%, 0, 0, 10, 871.85, 302715, 48
366, 6, 0, 75, 36, 0, 61.54%, 0, 0, 10, 880.01, 307269, 48
371, 6, 0, 75, 36, 0, 61.54%, 0, 0, 10, 885.95, 311714, 48
376, 7, 60, 75, 35, 0, 61.54%, 0, 0, 10, 877.22, 316107, 48
381, 7, 60, 75, 35, 0, 61.54%, 0, 0, 10, 880.79, 320499, 48
386, 7, 0, 75, 34, 0, 61.54%, 0, 0, 10, 869.04, 325023, 48
391, 7, 28, 75, 34, 0, 61.54%, 0, 0, 10, 887.31, 329668, 48
396, 7, 0, 75, 34, 0, 61.54%, 0, 0, 10, 878.80, 334100, 48
402, 7, 14, 75, 34, 0, 61.54%, 0, 0, 10, 893.34, 338779, 48
407, 7, 0, 75, 34, 0, 61.54%, 0, 0, 10, 879.72, 343189, 48
412, 7, 0, 75, 34, 0, 61.54%, 0, 0, 10, 891.29, 347818, 48
417, 7, 0, 75, 34, 0, 61.54%, 0, 0, 10, 906.17, 352367, 48
422, 8, 60, 75, 34, 0, 61.54%, 0, 0, 10, 909.49, 356921, 48
427, 8, 60, 75, 34, 0, 61.54%, 0, 0, 10, 913.55, 361478, 48
432, 8, 0, 75, 32, 0, 61.54%, 0, 0, 10, 900.03, 365902, 48
437, 8, 0, 75, 32, 0, 61.54%, 0, 0, 10, 896.99, 370183, 48
442, 8, 0, 75, 32, 0, 61.54%, 0, 0, 10, 898.86, 374807, 48
447, 8, 60, 75, 32, 0, 61.54%, 0, 0, 10, 905.09, 379498, 48
452, 8, 0, 75, 32, 0, 61.54%, 0, 0, 10, 904.83, 383999, 48
458, 8, 0, 75, 32, 0, 61.54%, 0, 0, 10, 911.71, 388682, 48
463, 8, 60, 75, 32, 0, 61.54%, 0, 0, 10, 914.66, 393293, 48
468, 8, 60, 75, 32, 0, 61.54%, 0, 0, 10, 910.11, 397825, 48
473, 9, 15, 75, 32, 0, 61.54%, 0, 0, 10, 917.35, 402386, 48
478, 9, 61, 75, 32, 0, 61.54%, 0, 0, 10, 905.81, 407067, 48
483, 9, 0, 76, 33, 0, 61.54%, 0, 0, 10, 906.00, 411751, 48
488, 9, 0, 76, 33, 0, 61.54%, 0, 0, 10, 902.54, 416396, 48
493, 9, 0, 76, 33, 0, 61.54%, 0, 0, 10, 902.14, 420969, 48
498, 9, 60, 76, 33, 0, 61.54%, 0, 0, 10, 914.78, 425525, 48
504, 9, 60, 76, 33, 0, 61.54%, 0, 0, 10, 912.32, 430204, 48
509, 9, 60, 76, 33, 0, 61.54%, 0, 0, 10, 908.28, 434760, 48
514, 9, 29, 77, 34, 0, 61.54%, 0, 0, 10, 891.17, 439392, 48
519, 10, 0, 77, 34, 0, 61.54%, 0, 0, 10, 891.12, 444088, 48
524, 10, 47, 77, 34, 0, 61.54%, 0, 0, 10, 877.88, 448548, 48
529, 10, 0, 77, 34, 0, 61.54%, 0, 0, 10, 882.82, 453200, 48
534, 10, 0, 77, 32, 0, 61.54%, 0, 0, 10, 893.13, 457935, 48
540, 10, 47, 77, 32, 0, 61.54%, 0, 0, 10, 894.00, 462626, 48
545, 10, 60, 77, 32, 0, 61.54%, 0, 0, 10, 891.70, 467299, 48
550, 10, 47, 77, 32, 0, 61.54%, 0, 0, 10, 902.62, 471887, 48
555, 10, 60, 77, 31, 0, 61.54%, 0, 0, 10, 905.68, 476638, 48
560, 10, 31, 77, 31, 0, 61.54%, 0, 0, 10, 903.08, 481209, 48
565, 11, 0, 77, 31, 0, 61.54%, 0, 0, 10, 898.63, 485752, 48
570, 11, 0, 77, 30, 0, 61.54%, 0, 0, 10, 900.94, 490473, 48
575, 11, 60, 77, 30, 0, 61.54%, 0, 0, 10, 892.57, 494968, 48
580, 11, 0, 77, 30, 0, 61.54%, 0, 0, 10, 903.85, 499525, 48
585, 11, 0, 77, 30, 0, 61.54%, 0, 0, 10, 900.42, 504092, 48
591, 11, 0, 77, 30, 0, 61.54%, 0, 0, 10, 903.70, 508763, 48
596, 11, 28, 77, 29, 0, 61.54%, 0, 0, 10, 912.07, 513318, 48
601, 11, 29, 81, 33, 0, 61.54%, 0, 0, 10, 893.43, 517895, 48
606, 11, 28, 99, 51, 0, 61.54%, 0, 0, 10, 875.09, 522252, 48
611, 11, 0, 107, 59, 0, 61.54%, 0, 0, 10, 870.55, 526564, 48
616, 11, 46, 110, 62, 0, 61.54%, 0, 0, 10, 882.53, 531121, 48
621, 11, 61, 112, 64, 0, 61.54%, 0, 0, 10, 883.51, 535676, 48
626, 11, 0, 114, 66, 0, 61.54%, 0, 0, 10, 893.01, 540280, 48
631, 11, 29, 115, 66, 0, 61.54%, 0, 0, 10, 877.90, 544589, 48
637, 11, 0, 115, 66, 0, 61.54%, 0, 0, 10, 893.90, 549192, 48
642, 11, 0, 119, 70, 0, 61.54%, 0, 0, 10, 880.33, 553684, 48
647, 12, 24, 121, 72, 0, 61.54%, 0, 0, 10, 882.26, 558199, 48
652, 12, 0, 122, 73, 0, 61.54%, 0, 0, 10, 891.88, 562771, 48
657, 12, 0, 123, 74, 0, 61.54%, 0, 0, 10, 887.32, 567301, 48
662, 12, 110, 124, 74, 0, 61.54%, 0, 0, 10, 862.81, 571603, 48
668, 12, 28, 125, 74, 0, 61.54%, 0, 0, 10, 839.67, 575851, 48
673, 12, 83, 127, 75, 0, 61.54%, 0, 0, 10, 857.38, 580348, 48
678, 12, 0, 127, 74, 0, 61.54%, 0, 0, 10, 877.96, 584917, 48
683, 12, 0, 127, 74, 0, 61.54%, 0, 0, 10, 876.69, 589461, 48
688, 12, 0, 127, 74, 0, 61.54%, 0, 0, 10, 853.47, 593913, 48
693, 12, 31, 128, 75, 0, 61.54%, 0, 0, 10, 856.80, 598438, 48
699, 12, 123, 128, 75, 0, 61.54%, 0, 0, 10, 854.02, 602848, 48
704, 12, 0, 128, 74, 0, 61.54%, 0, 0, 10, 876.90, 607359, 48
709, 12, 42, 128, 74, 0, 61.54%, 0, 0, 10, 876.42, 611935, 48
714, 12, 61, 128, 73, 0, 61.54%, 0, 0, 10, 860.68, 616394, 48
719, 12, 24, 128, 73, 0, 61.54%, 0, 0, 10, 873.92, 620888, 48
724, 12, 0, 128, 72, 0, 61.54%, 0, 0, 10, 837.44, 625065, 48
730, 12, 0, 128, 72, 0, 61.54%, 0, 0, 10, 876.01, 629663, 48
735, 13, 0, 128, 72, 0, 61.54%, 0, 0, 10, 876.42, 634055, 48
740, 13, 0, 128, 71, 0, 61.54%, 0, 0, 10, 877.28, 638611, 48
745, 13, 0, 128, 71, 0, 61.54%, 0, 0, 10, 878.23, 643169, 48
750, 13, 29, 128, 71, 0, 61.54%, 0, 0, 10, 876.83, 647677, 48
755, 13, 0, 128, 71, 0, 61.54%, 0, 0, 10, 862.78, 651972, 48
760, 13, 109, 128, 71, 0, 61.54%, 0, 0, 10, 840.93, 656344, 48
765, 13, 118, 128, 69, 0, 61.54%, 0, 0, 10, 816.70, 660561, 48
770, 13, 0, 128, 68, 0, 61.54%, 0, 0, 10, 786.69, 664281, 48
775, 13, 31, 129, 68, 0, 61.54%, 0, 0, 10, 846.30, 668628, 48
781, 13, 0, 129, 68, 0, 61.54%, 0, 0, 10, 878.04, 673193, 48
786, 13, 0, 129, 68, 0, 61.54%, 0, 0, 10, 899.43, 677681, 48
791, 13, 0, 129, 67, 0, 61.54%, 0, 0, 10, 888.90, 682321, 48
796, 13, 0, 129, 67, 0, 61.54%, 0, 0, 10, 882.11, 686746, 48
801, 13, 0, 129, 67, 0, 61.54%, 0, 0, 10, 883.76, 691154, 48
806, 13, 0, 129, 67, 0, 61.54%, 0, 0, 10, 881.90, 695547, 48
811, 13, 0, 129, 67, 0, 61.54%, 0, 0, 10, 881.65, 700109, 48
816, 14, 116, 129, 67, 0, 61.54%, 0, 0, 10, 891.14, 704685, 48
821, 14, 42, 129, 66, 0, 61.54%, 0, 0, 10, 851.89, 708901, 48
826, 14, 0, 129, 66, 0, 61.54%, 0, 0, 10, 878.16, 713322, 48
832, 14, 61, 129, 66, 0, 61.54%, 0, 0, 10, 886.59, 717902, 48
837, 14, 0, 129, 66, 0, 61.54%, 0, 0, 10, 853.65, 722102, 48
842, 14, 0, 129, 65, 0, 61.54%, 0, 0, 10, 850.44, 726413, 48
847, 14, 0, 129, 65, 0, 61.54%, 0, 0, 10, 885.25, 730855, 48
852, 14, 0, 129, 64, 0, 61.54%, 0, 0, 10, 902.44, 735522, 48
855, 14, 61, 129, 64, 0, 61.54%, 2, 0, 10, 0.00, 738067, 48
