# relative_time, cycles_done, cur_item, corpus_count, pending_total, pending_favs, map_size, saved_crashes, saved_hangs, max_depth, execs_per_sec, total_execs, edges_found
61, 0, 4, 16, 13, 0, 32.20%, 0, 0, 3, 172.96, 10405, 19
66, 0, 4, 16, 13, 0, 32.20%, 0, 0, 3, 166.17, 11278, 19
71, 0, 4, 16, 13, 0, 32.20%, 0, 0, 3, 171.52, 12176, 19
76, 0, 4, 16, 13, 0, 32.20%, 0, 0, 3, 177.55, 13046, 19
82, 0, 4, 16, 13, 0, 32.20%, 0, 0, 3, 193.22, 14069, 19
87, 0, 4, 16, 13, 0, 32.20%, 0, 0, 3, 197.58, 15098, 19
92, 0, 4, 17, 14, 0, 33.90%, 0, 0, 3, 193.97, 16023, 20
97, 0, 4, 17, 14, 0, 33.90%, 0, 0, 3, 193.80, 17013, 20
102, 0, 4, 17, 14, 0, 33.90%, 0, 0, 3, 194.31, 17952, 20
107, 0, 10, 19, 14, 2, 40.68%, 0, 0, 4, 197.12, 18940, 24
112, 0, 20, 26, 19, 1, 44.07%, 0, 0, 5, 193.08, 19934, 26
117, 0, 20, 26, 19, 1, 44.07%, 0, 0, 5, 194.46, 20915, 26
122, 0, 20, 26, 19, 1, 44.07%, 0, 0, 5, 195.90, 21932, 26
128, 0, 20, 27, 20, 1, 45.76%, 0, 0, 5, 200.39, 22967, 27
133, 0, 20, 28, 21, 1, 47.46%, 0, 0, 5, 195.40, 23947, 28
138, 0, 20, 28, 21, 1, 47.46%, 0, 0, 5, 198.44, 24964, 28
143, 0, 20, 28, 21, 1, 47.46%, 0, 0, 5, 197.09, 25962, 28
148, 0, 20, 29, 22, 1, 49.15%, 0, 0, 5, 194.79, 26926, 29
153, 0, 20, 30, 23, 1, 49.15%, 0, 0, 5, 193.24, 27863, 29
158, 0, 27, 31, 23, 5, 49.15%, 0, 0, 6, 185.36, 28760, 29
163, 0, 26, 32, 23, 4, 49.15%, 0, 0, 6, 199.58, 29806, 29
169, 0, 24, 34, 24, 3, 49.15%, 0, 0, 6, 200.69, 30833, 29
174, 0, 28, 34, 21, 1, 49.15%, 0, 0, 6, 201.97, 31836, 29
179, 0, 32, 37, 23, 0, 49.15%, 0, 0, 7, 200.00, 32850, 29
184, 0, 32, 39, 25, 0, 49.15%, 0, 0, 7, 203.64, 33885, 29
189, 0, 32, 40, 26, 0, 49.15%, 0, 0, 7, 219.89, 34972, 29
194, 0, 32, 40, 26, 0, 49.15%, 0, 0, 7, 231.49, 36164, 29
199, 0, 32, 40, 26, 0, 49.15%, 0, 0, 7, 236.24, 37380, 29
204, 0, 32, 40, 26, 0, 49.15%, 0, 0, 7, 224.28, 38460, 29
209, 0, 32, 40, 26, 0, 49.15%, 0, 0, 7, 230.71, 39616, 29
215, 0, 32, 40, 26, 0, 49.15%, 0, 0, 7, 231.91, 40808, 29
220, 0, 27, 40, 26, 0, 49.15%, 0, 0, 7, 233.24, 41958, 29
225, 0, 27, 42, 28, 0, 49.15%, 0, 0, 7, 236.76, 43146, 29
230, 0, 25, 42, 28, 0, 49.15%, 0, 0, 7, 237.25, 44329, 29
235, 0, 25, 43, 29, 0, 49.15%, 0, 0, 7, 226.84, 45488, 29
240, 0, 4, 43, 29, 0, 49.15%, 0, 0, 7, 228.15, 46687, 29
245, 0, 26, 43, 29, 0, 49.15%, 0, 0, 7, 228.29, 47855, 29
251, 0, 17, 43, 29, 0, 49.15%, 0, 0, 7, 228.14, 49058, 29
256, 0, 32, 43, 29, 0, 49.15%, 0, 0, 7, 232.24, 50285, 29
261, 0, 28, 43, 29, 0, 49.15%, 0, 0, 7, 233.08, 51508, 29
266, 0, 28, 43, 29, 0, 49.15%, 0, 0, 7, 230.28, 52708, 29
271, 0, 27, 43, 29, 0, 49.15%, 0, 0, 7, 231.69, 53871, 29
276, 0, 27, 43, 29, 0, 49.15%, 0, 0, 7, 232.85, 55090, 29
282, 0, 0, 43, 29, 0, 49.15%, 0, 0, 7, 233.81, 56315, 29
287, 0, 27, 44, 30, 0, 49.15%, 0, 0, 7, 235.77, 57502, 29
292, 0, 0, 44, 30, 0, 49.15%, 0, 0, 7, 229.22, 58629, 29
297, 0, 32, 44, 30, 0, 49.15%, 0, 0, 7, 233.66, 59852, 29
302, 0, 4, 45, 31, 0, 49.15%, 0, 0, 7, 235.29, 61069, 29
307, 0, 28, 45, 31, 0, 49.15%, 0, 0, 7, 234.14, 62237, 29
312, 1, 25, 45, 31, 0, 49.15%, 0, 0, 7, 232.83, 63391, 29
317, 1, 26, 45, 31, 0, 49.15%, 0, 0, 7, 236.13, 64621, 29
322, 1, 10, 45, 31, 0, 49.15%, 0, 0, 7, 233.91, 65832, 29
328, 1, 28, 45, 30, 0, 49.15%, 0, 0, 7, 233.37, 67027, 29
333, 1, 25, 46, 31, 0, 49.15%, 0, 0, 7, 235.24, 68196, 29
338, 1, 28, 46, 31, 0, 49.15%, 0, 0, 7, 233.69, 69362, 29
343, 1, 37, 46, 31, 0, 49.15%, 0, 0, 7, 233.50, 70566, 29
348, 1, 28, 46, 30, 0, 49.15%, 0, 0, 7, 230.85, 71624, 29
353, 1, 28, 47, 31, 0, 49.15%, 0, 0, 7, 232.96, 72788, 29
358, 1, 30, 47, 31, 0, 49.15%, 0, 0, 7, 232.83, 73996, 29
363, 1, 25, 47, 30, 0, 49.15%, 0, 0, 7, 231.99, 75179, 29
368, 1, 18, 47, 30, 0, 49.15%, 0, 0, 7, 237.51, 76393, 29
374, 1, 26, 47, 30, 0, 49.15%, 0, 0, 7, 234.68, 77587, 29
379, 1, 4, 47, 30, 0, 49.15%, 0, 0, 7, 239.19, 78790, 29
384, 1, 32, 47, 30, 0, 49.15%, 0, 0, 7, 234.43, 79995, 29
389, 1, 33, 47, 30, 0, 49.15%, 0, 0, 7, 233.43, 81159, 29
394, 1, 43, 48, 30, 0, 49.15%, 0, 0, 7, 234.39, 82371, 29
399, 1, 32, 48, 29, 0, 49.15%, 0, 0, 7, 234.73, 83583, 29
404, 1, 28, 48, 28, 0, 49.15%, 0, 0, 7, 237.21, 84795, 29
409, 1, 28, 48, 28, 0, 49.15%, 0, 0, 7, 236.99, 85958, 29
414, 1, 32, 48, 28, 0, 49.15%, 0, 0, 7, 238.36, 87140, 29
420, 2, 0, 48, 28, 0, 49.15%, 0, 0, 7, 236.91, 88365, 29
425, 2, 18, 48, 28, 0, 49.15%, 0, 0, 7, 234.51, 89543, 29
430, 2, 18, 48, 28, 0, 49.15%, 0, 0, 7, 231.97, 90705, 29
435, 2, 18, 48, 27, 0, 49.15%, 0, 0, 7, 230.96, 91820, 29
440, 2, 18, 48, 27, 0, 49.15%, 0, 0, 7, 234.01, 93037, 29
445, 2, 25, 48, 27, 0, 49.15%, 0, 0, 7, 234.62, 94210, 29
450, 2, 0, 48, 27, 0, 49.15%, 0, 0, 7, 233.30, 95382, 29
455, 2, 18, 48, 27, 0, 49.15%, 0, 0, 7, 233.87, 96600, 29
461, 2, 27, 48, 27, 0, 49.15%, 0, 0, 7, 235.65, 97826, 29
466, 2, 17, 48, 27, 0, 49.15%, 0, 0, 7, 235.81, 99055, 29
471, 2, 18, 48, 27, 0, 49.15%, 0, 0, 7, 234.65, 100234, 29
476, 2, 28, 48, 27, 0, 49.15%, 0, 0, 7, 234.70, 101456, 29
481, 2, 18, 48, 27, 0, 49.15%, 0, 0, 7, 238.97, 102695, 29
486, 2, 17, 48, 27, 0, 49.15%, 0, 0, 7, 236.02, 103917, 29
492, 2, 28, 48, 27, 0, 49.15%, 0, 0, 7, 232.37, 105107, 29
497, 2, 27, 48, 26, 0, 49.15%, 0, 0, 7, 234.60, 106280, 29
502, 3, 17, 48, 25, 0, 49.15%, 0, 0, 7, 236.80, 107508, 29
507, 3, 32, 48, 25, 0, 49.15%, 0, 0, 7, 235.91, 108682, 29
512, 3, 26, 48, 25, 0, 49.15%, 0, 0, 7, 237.37, 109904, 29
517, 3, 25, 48, 24, 0, 49.15%, 0, 0, 7, 235.78, 111123, 29
522, 3, 28, 48, 24, 0, 49.15%, 0, 0, 7, 233.50, 112328, 29
527, 3, 26, 48, 24, 0, 49.15%, 0, 0, 7, 234.88, 113502, 29
533, 3, 18, 48, 24, 0, 49.15%, 0, 0, 7, 238.34, 114725, 29
538, 3, 28, 48, 24, 0, 49.15%, 0, 0, 7, 239.98, 115927, 29
543, 3, 28, 48, 24, 0, 49.15%, 0, 0, 7, 239.04, 117162, 29
548, 3, 4, 48, 24, 0, 49.15%, 0, 0, 7, 240.06, 118391, 29
553, 3, 0, 48, 23, 0, 49.15%, 0, 0, 7, 240.62, 119596, 29
558, 3, 32, 48, 23, 0, 49.15%, 0, 0, 7, 239.32, 120784, 29
563, 3, 0, 48, 23, 0, 49.15%, 0, 0, 7, 234.72, 121949, 29
568, 3, 25, 48, 23, 0, 49.15%, 0, 0, 7, 238.34, 123134, 29
573, 3, 47, 48, 23, 0, 49.15%, 0, 0, 7, 235.16, 124337, 29
578, 3, 17, 48, 22, 0, 49.15%, 0, 0, 7, 231.39, 125521, 29
583, 4, 17, 48, 22, 0, 49.15%, 0, 0, 7, 232.13, 126689, 29
589, 4, 28, 48, 22, 0, 49.15%, 0, 0, 7, 234.11, 127908, 29
594, 4, 4, 48, 22, 0, 49.15%, 0, 0, 7, 233.17, 129075, 29
599, 4, 25, 48, 22, 0, 49.15%, 0, 0, 7, 232.63, 130283, 29
604, 4, 0, 50, 24, 0, 49.15%, 0, 0, 7, 231.30, 131474, 29
609, 4, 27, 55, 29, 0, 49.15%, 0, 0, 7, 227.95, 132613, 29
614, 4, 32, 56, 30, 0, 49.15%, 0, 0, 7, 228.96, 133759, 29
619, 4, 17, 58, 31, 0, 49.15%, 0, 0, 7, 232.24, 134971, 29
624, 4, 25, 60, 33, 0, 49.15%, 0, 0, 7, 232.33, 136167, 29
629, 4, 28, 61, 34, 0, 49.15%, 0, 0, 7, 233.83, 137343, 29
635, 4, 12, 63, 36, 0, 49.15%, 0, 0, 7, 231.34, 138537, 29
640, 4, 28, 65, 37, 0, 49.15%, 0, 0, 7, 228.15, 139687, 29
645, 4, 32, 66, 38, 0, 49.15%, 0, 0, 7, 227.92, 140872, 29
650, 4, 4, 67, 39, 0, 49.15%, 0, 0, 7, 226.14, 142004, 29
655, 4, 28, 68, 40, 0, 49.15%, 0, 0, 7, 223.48, 143163, 29
660, 4, 27, 69, 41, 0, 49.15%, 0, 0, 7, 222.24, 144288, 29
665, 4, 68, 70, 42, 0, 49.15%, 0, 0, 7, 228.01, 145479, 29
671, 4, 68, 70, 42, 0, 49.15%, 0, 0, 7, 221.84, 146615, 29
676, 4, 68, 70, 42, 0, 49.15%, 0, 0, 7, 224.01, 147735, 29
681, 4, 26, 70, 41, 0, 49.15%, 0, 0, 7, 225.77, 148908, 29
686, 4, 50, 70, 41, 0, 49.15%, 0, 0, 7, 204.48, 149941, 29
691, 4, 25, 70, 40, 0, 49.15%, 0, 0, 7, 205.19, 151013, 29
696, 4, 4, 70, 40, 0, 49.15%, 0, 0, 7, 223.70, 152153, 29
701, 4, 28, 71, 41, 0, 49.15%, 0, 0, 7, 218.03, 153247, 29
706, 4, 28, 71, 41, 0, 49.15%, 0, 0, 7, 224.84, 154420, 29
711, 4, 57, 72, 42, 0, 49.15%, 0, 0, 7, 217.01, 155494, 29
716, 4, 27, 73, 42, 0, 49.15%, 0, 0, 7, 218.89, 156585, 29
721, 4, 28, 73, 42, 0, 49.15%, 0, 0, 7, 219.67, 157690, 29
727, 4, 26, 74, 43, 0, 49.15%, 0, 0, 7, 219.12, 158795, 29
732, 4, 25, 74, 43, 0, 49.15%, 0, 0, 7, 219.04, 159931, 29
737, 4, 0, 74, 43, 0, 49.15%, 0, 0, 7, 213.80, 161030, 29
742, 5, 0, 74, 43, 0, 49.15%, 0, 0, 7, 211.16, 162064, 29
747, 5, 4, 74, 43, 0, 49.15%, 0, 0, 7, 208.11, 163088, 29
752, 5, 26, 74, 43, 0, 49.15%, 0, 0, 7, 222.86, 164234, 29
757, 5, 67, 76, 45, 0, 49.15%, 0, 0, 7, 219.08, 165295, 29
762, 5, 32, 76, 44, 0, 49.15%, 0, 0, 7, 216.92, 166361, 29
767, 5, 64, 76, 44, 0, 49.15%, 0, 0, 7, 213.74, 167415, 29
772, 5, 72, 76, 43, 0, 49.15%, 0, 0, 7, 216.11, 168516, 29
777, 5, 4, 76, 42, 0, 49.15%, 0, 0, 7, 199.60, 169508, 29
783, 5, 0, 76, 42, 0, 49.15%, 0, 0, 7, 199.72, 170577, 29
788, 5, 18, 76, 42, 0, 49.15%, 0, 0, 7, 204.72, 171577, 29
793, 5, 28, 76, 42, 0, 49.15%, 0, 0, 7, 199.88, 172624, 29
798, 5, 65, 76, 42, 0, 49.15%, 0, 0, 7, 203.04, 173704, 29
803, 5, 65, 77, 43, 0, 49.15%, 0, 0, 7, 210.27, 174813, 29
808, 5, 61, 77, 42, 0, 49.15%, 0, 0, 7, 201.24, 175852, 29
813, 5, 25, 77, 41, 0, 49.15%, 0, 0, 7, 193.58, 176817, 29
818, 5, 0, 77, 41, 0, 49.15%, 0, 0, 7, 218.72, 177970, 29
824, 5, 26, 77, 41, 0, 49.15%, 0, 0, 7, 213.63, 179076, 29
829, 5, 18, 77, 41, 0, 49.15%, 0, 0, 7, 204.38, 180086, 29
834, 5, 28, 77, 41, 0, 49.15%, 0, 0, 7, 217.68, 181252, 29
839, 5, 27, 78, 42, 0, 49.15%, 0, 0, 7, 183.08, 182168, 29
844, 5, 10, 78, 42, 0, 49.15%, 0, 0, 7, 189.55, 183160, 29
849, 5, 26, 78, 42, 0, 49.15%, 0, 0, 7, 216.21, 184323, 29
854, 5, 26, 78, 41, 0, 49.15%, 0, 0, 7, 219.95, 185423, 29
859, 5, 0, 78, 41, 0, 49.15%, 0, 0, 7, 214.02, 186520, 29
864, 5, 17, 78, 41, 0, 49.15%, 0, 0, 7, 229.24, 187682, 29
869, 5, 28, 78, 41, 0, 49.15%, 0, 0, 7, 195.67, 188635, 29
875, 5, 18, 78, 41, 0, 49.15%, 0, 0, 7, 195.99, 189653, 29
880, 5, 25, 78, 41, 0, 49.15%, 0, 0, 7, 202.51, 190694, 29
885, 5, 32, 78, 41, 0, 49.15%, 0, 0, 7, 226.44, 191885, 29
890, 5, 25, 78, 41, 0, 49.15%, 0, 0, 7, 182.01, 192848, 29
895, 5, 34, 78, 41, 0, 49.15%, 0, 0, 7, 136.28, 193473, 29
900, 5, 0, 78, 40, 0, 49.15%, 0, 0, 7, 127.54, 194118, 29
906, 5, 62, 78, 40, 0, 49.15%, 0, 0, 7, 199.99, 195183, 29
911, 5, 26, 78, 38, 0, 49.15%, 0, 0, 7, 195.43, 196214, 29
916, 5, 17, 78, 38, 0, 49.15%, 0, 0, 7, 209.00, 197267, 29
921, 6, 10, 78, 38, 0, 49.15%, 0, 0, 7, 227.85, 198459, 29
926, 6, 26, 78, 38, 0, 49.15%, 0, 0, 7, 223.07, 199566, 29
931, 6, 27, 78, 38, 0, 49.15%, 0, 0, 7, 230.00, 200761, 29
936, 6, 28, 78, 38, 0, 49.15%, 0, 0, 7, 217.86, 201905, 29
941, 6, 0, 78, 38, 0, 49.15%, 0, 0, 7, 226.16, 203040, 29
947, 6, 0, 78, 38, 0, 49.15%, 0, 0, 7, 227.52, 204223, 29
952, 6, 17, 78, 38, 0, 49.15%, 0, 0, 7, 225.12, 205366, 29
957, 6, 18, 78, 38, 0, 49.15%, 0, 0, 7, 233.40, 206540, 29
962, 6, 32, 78, 38, 0, 49.15%, 0, 0, 7, 220.58, 207632, 29
967, 6, 27, 78, 38, 0, 49.15%, 0, 0, 7, 219.40, 208774, 29
972, 6, 18, 78, 38, 0, 49.15%, 0, 0, 7, 205.18, 209850, 29
977, 6, 4, 78, 38, 0, 49.15%, 0, 0, 7, 198.82, 210845, 29
982, 6, 27, 78, 38, 0, 49.15%, 0, 0, 7, 206.81, 211867, 29
987, 6, 66, 78, 38, 0, 49.15%, 0, 0, 7, 222.82, 213000, 29
992, 6, 26, 78, 37, 0, 49.15%, 0, 0, 7, 219.12, 214104, 29
997, 6, 32, 78, 37, 0, 49.15%, 0, 0, 7, 213.33, 215177, 29
1002, 6, 4, 78, 37, 0, 49.15%, 0, 0, 7, 222.19, 216291, 29
1007, 6, 28, 78, 37, 0, 49.15%, 0, 0, 7, 224.83, 217457, 29
1012, 6, 28, 78, 37, 0, 49.15%, 0, 0, 7, 212.28, 218522, 29
1017, 6, 10, 78, 37, 0, 49.15%, 0, 0, 7, 206.00, 219550, 29
1022, 6, 27, 78, 37, 0, 49.15%, 0, 0, 7, 210.16, 220646, 29
1028, 6, 18, 78, 37, 0, 49.15%, 0, 0, 7, 7.60, 221721, 29
1033, 6, 32, 78, 37, 0, 49.15%, 0, 0, 7, 172.16, 222648, 29
1038, 6, 18, 78, 37, 0, 49.15%, 0, 0, 7, 210.51, 223730, 29
1043, 6, 52, 78, 37, 0, 49.15%, 0, 0, 7, 221.76, 224871, 29
1048, 6, 25, 78, 36, 0, 49.15%, 0, 0, 7, 208.66, 225935, 29
1054, 6, 54, 78, 36, 0, 49.15%, 0, 0, 7, 211.57, 227034, 29
1059, 6, 28, 78, 35, 0, 49.15%, 0, 0, 7, 220.04, 228132, 29
1064, 7, 71, 78, 35, 0, 49.15%, 0, 0, 7, 218.30, 229253, 29
1069, 7, 25, 78, 34, 0, 49.15%, 0, 0, 7, 219.84, 230381, 29
1074, 7, 25, 78, 34, 0, 49.15%, 0, 0, 7, 212.94, 231427, 29
1079, 7, 27, 79, 35, 0, 49.15%, 0, 0, 7, 229.37, 232645, 29
1084, 7, 28, 79, 34, 0, 49.15%, 0, 0, 7, 221.42, 233742, 29
1089, 7, 28, 79, 34, 0, 49.15%, 0, 0, 7, 226.62, 234932, 29
1094, 7, 28, 79, 34, 0, 49.15%, 0, 0, 7, 224.99, 236058, 29
1099, 7, 0, 79, 34, 0, 49.15%, 0, 0, 7, 215.10, 237147, 29
1104, 7, 0, 79, 34, 0, 49.15%, 0, 0, 7, 219.47, 238239, 29
1109, 7, 4, 79, 34, 0, 49.15%, 0, 0, 7, 220.48, 239350, 29
1114, 7, 18, 80, 35, 0, 49.15%, 0, 0, 7, 222.31, 240463, 29
1119, 7, 25, 80, 35, 0, 49.15%, 0, 0, 7, 224.60, 241593, 29
1124, 7, 28, 80, 35, 0, 49.15%, 0, 0, 7, 223.04, 242706, 29
1129, 7, 18, 81, 36, 0, 49.15%, 0, 0, 7, 218.11, 243796, 29
1135, 7, 0, 81, 36, 0, 49.15%, 0, 0, 7, 193.92, 244761, 29
1140, 7, 27, 81, 36, 0, 49.15%, 0, 0, 7, 186.96, 245697, 29
1145, 7, 4, 81, 36, 0, 49.15%, 0, 0, 7, 187.09, 246710, 29
1150, 7, 28, 81, 36, 0, 49.15%, 0, 0, 7, 214.64, 247853, 29
1155, 7, 0, 81, 36, 0, 49.15%, 0, 0, 7, 218.44, 248984, 29
1160, 7, 25, 81, 36, 0, 49.15%, 0, 0, 7, 219.92, 250062, 29
1165, 7, 0, 81, 35, 0, 49.15%, 0, 0, 7, 218.89, 251129, 29
1170, 7, 75, 81, 35, 0, 49.15%, 0, 0, 7, 197.47, 252132, 29
1175, 7, 75, 81, 35, 0, 49.15%, 0, 0, 7, 191.28, 253126, 29
1181, 7, 18, 81, 34, 0, 49.15%, 0, 0, 7, 242.85, 254406, 29
1186, 7, 27, 81, 34, 0, 49.15%, 0, 0, 7, 267.90, 255830, 29
1191, 7, 0, 81, 34, 0, 49.15%, 0, 0, 7, 254.32, 257082, 29
1196, 7, 28, 81, 34, 0, 49.15%, 0, 0, 7, 266.94, 258443, 29
1201, 7, 10, 81, 34, 0, 49.15%, 0, 0, 7, 271.69, 259853, 29
1206, 7, 28, 81, 34, 0, 49.15%, 0, 0, 7, 272.79, 261216, 29
1211, 7, 26, 81, 34, 0, 49.15%, 0, 0, 7, 256.97, 262502, 29
1216, 7, 32, 81, 34, 0, 49.15%, 0, 0, 7, 267.41, 263899, 29
1221, 7, 4, 81, 34, 0, 49.15%, 0, 0, 7, 259.42, 265221, 29
1226, 8, 10, 81, 34, 0, 49.15%, 0, 0, 7, 261.15, 266518, 29
1231, 8, 4, 81, 34, 0, 49.15%, 0, 0, 7, 267.59, 267875, 29
1236, 8, 32, 81, 34, 0, 49.15%, 0, 0, 7, 266.54, 269216, 29
1241, 8, 18, 81, 34, 0, 49.15%, 0, 0, 7, 265.25, 270556, 29
1247, 8, 0, 81, 34, 0, 49.15%, 0, 0, 7, 256.93, 271899, 29
1252, 8, 28, 81, 34, 0, 49.15%, 0, 0, 7, 249.54, 273190, 29
1257, 8, 28, 81, 34, 0, 49.15%, 0, 0, 7, 255.67, 274505, 29
1262, 8, 26, 82, 35, 0, 49.15%, 0, 0, 7, 251.60, 275799, 29
1267, 8, 0, 82, 35, 0, 49.15%, 0, 0, 7, 251.71, 277097, 29
1272, 8, 32, 82, 35, 0, 49.15%, 0, 0, 7, 263.84, 278441, 29
1277, 8, 4, 82, 35, 0, 49.15%, 0, 0, 7, 257.47, 279795, 29
1282, 8, 26, 82, 35, 0, 49.15%, 0, 0, 7, 264.77, 281187, 29
1288, 8, 0, 82, 35, 0, 49.15%, 0, 0, 7, 271.93, 282615, 29
1293, 8, 51, 82, 35, 0, 49.15%, 0, 0, 7, 265.53, 283940, 29
1298, 8, 28, 82, 34, 0, 49.15%, 0, 0, 7, 267.17, 285320, 29
1303, 8, 27, 82, 34, 0, 49.15%, 0, 0, 7, 249.24, 286571, 29
1308, 8, 26, 82, 34, 0, 49.15%, 0, 0, 7, 256.32, 287840, 29
1313, 8, 28, 82, 34, 0, 49.15%, 0, 0, 7, 261.03, 289137, 29
1318, 8, 28, 82, 34, 0, 49.15%, 0, 0, 7, 271.17, 290495, 29
1323, 8, 67, 82, 34, 0, 49.15%, 0, 0, 7, 273.13, 291911, 29
1328, 8, 4, 82, 34, 0, 49.15%, 0, 0, 7, 259.71, 293224, 29
1333, 8, 18, 82, 34, 0, 49.15%, 0, 0, 7, 231.50, 294347, 29
1338, 8, 28, 82, 34, 0, 49.15%, 0, 0, 7, 260.71, 295685, 29
1343, 8, 0, 82, 34, 0, 49.15%, 0, 0, 7, 268.94, 297048, 29
1348, 9, 18, 82, 34, 0, 49.15%, 0, 0, 7, 271.57, 298470, 29
1354, 9, 27, 82, 34, 0, 49.15%, 0, 0, 7, 266.47, 299797, 29
1359, 9, 18, 82, 34, 0, 49.15%, 0, 0, 7, 298.98, 301291, 29
1364, 9, 28, 82, 34, 0, 49.15%, 0, 0, 7, 324.48, 302957, 29
1369, 9, 28, 82, 34, 0, 49.15%, 0, 0, 7, 336.15, 304628, 29
1374, 9, 25, 83, 34, 0, 49.15%, 0, 0, 7, 345.98, 306439, 29
1379, 9, 25, 83, 34, 0, 49.15%, 0, 0, 7, 318.64, 308032, 29
1384, 9, 0, 84, 35, 0, 49.15%, 0, 0, 7, 332.95, 309755, 29
1389, 9, 17, 84, 35, 0, 49.15%, 0, 0, 7, 321.58, 311421, 29
1394, 9, 28, 85, 36, 0, 49.15%, 0, 0, 7, 337.66, 313149, 29
1399, 9, 27, 85, 36, 0, 49.15%, 0, 0, 7, 336.63, 314839, 29
1405, 9, 25, 85, 36, 0, 49.15%, 0, 0, 7, 335.27, 316519, 29
1410, 9, 28, 85, 36, 0, 49.15%, 0, 0, 7, 328.92, 318163, 29
1415, 9, 4, 85, 36, 0, 49.15%, 0, 0, 7, 328.01, 319867, 29
1420, 9, 81, 85, 36, 0, 49.15%, 0, 0, 7, 290.18, 321321, 29
1425, 9, 4, 85, 35, 0, 49.15%, 0, 0, 7, 311.60, 322923, 29
1430, 9, 85, 86, 36, 0, 49.15%, 0, 0, 7, 321.40, 324640, 29
1435, 9, 85, 86, 36, 0, 49.15%, 0, 0, 7, 265.18, 325924, 29
1440, 9, 85, 86, 36, 0, 49.15%, 0, 0, 7, 284.07, 327384, 29
1445, 9, 86, 87, 35, 0, 50.85%, 0, 0, 7, 369.83, 329306, 30
1448, 9, 86, 88, 36, 0, 50.85%, 1, 0, 8, 0.00, 330283, 30
