# relative_time, cycles_done, cur_item, corpus_count, pending_total, pending_favs, map_size, saved_crashes, saved_hangs, max_depth, execs_per_sec, total_execs, edges_found
61, 0, 0, 24, 24, 1, 39.73%, 0, 0, 2, 643.54, 36514, 29
66, 0, 0, 24, 24, 1, 39.73%, 0, 0, 2, 598.24, 39532, 29
71, 0, 0, 24, 24, 1, 39.73%, 0, 0, 2, 597.93, 42623, 29
76, 0, 0, 24, 24, 1, 39.73%, 0, 0, 2, 615.89, 45082, 29
81, 0, 0, 24, 24, 1, 39.73%, 0, 0, 2, 629.05, 47818, 29
86, 0, 0, 24, 24, 1, 39.73%, 0, 0, 2, 637.99, 50890, 29
91, 0, 0, 24, 24, 1, 39.73%, 0, 0, 2, 611.21, 53710, 29
96, 0, 0, 25, 25, 1, 43.84%, 0, 0, 2, 613.57, 56717, 32
101, 0, 0, 26, 26, 1, 45.21%, 0, 0, 2, 588.27, 59500, 33
107, 0, 0, 27, 27, 1, 46.58%, 0, 0, 2, 603.89, 62599, 34
112, 0, 0, 27, 27, 1, 46.58%, 0, 0, 2, 601.80, 65337, 34
117, 0, 0, 27, 27, 1, 46.58%, 0, 0, 2, 572.27, 68307, 34
122, 0, 0, 27, 27, 1, 46.58%, 0, 0, 2, 605.71, 71371, 34
127, 0, 0, 27, 27, 1, 46.58%, 0, 0, 2, 646.77, 74033, 34
132, 0, 0, 27, 27, 1, 46.58%, 0, 0, 2, 604.01, 76735, 34
137, 0, 0, 27, 27, 1, 46.58%, 0, 0, 2, 607.91, 79699, 34
142, 0, 0, 27, 27, 1, 46.58%, 0, 0, 2, 617.26, 82843, 34
147, 0, 0, 27, 27, 1, 46.58%, 0, 0, 2, 607.36, 85795, 34
153, 0, 0, 27, 27, 1, 46.58%, 0, 0, 2, 630.81, 88543, 34
158, 0, 0, 27, 27, 1, 46.58%, 0, 0, 2, 583.02, 91279, 34
163, 0, 0, 27, 27, 1, 46.58%, 0, 0, 2, 603.53, 94333, 34
168, 0, 0, 27, 27, 1, 46.58%, 0, 0, 2, 613.90, 97423, 34
173, 0, 0, 27, 27, 1, 46.58%, 0, 0, 2, 631.78, 100615, 34
178, 0, 0, 27, 27, 1, 46.58%, 0, 0, 2, 650.07, 103363, 34
183, 0, 0, 28, 28, 1, 47.95%, 0, 0, 2, 631.88, 106538, 35
188, 0, 0, 28, 28, 1, 47.95%, 0, 0, 2, 647.25, 109250, 35
194, 0, 0, 28, 28, 1, 47.95%, 0, 0, 2, 584.06, 111929, 35
199, 0, 0, 28, 28, 1, 47.95%, 0, 0, 2, 621.29, 115142, 35
204, 0, 0, 28, 28, 1, 47.95%, 0, 0, 2, 632.11, 118178, 35
209, 0, 0, 28, 28, 1, 47.95%, 0, 0, 2, 657.60, 121322, 35
214, 0, 0, 28, 28, 1, 47.95%, 0, 0, 2, 636.24, 124442, 35
219, 0, 0, 28, 28, 1, 47.95%, 0, 0, 2, 626.10, 127562, 35
224, 0, 0, 28, 28, 1, 47.95%, 0, 0, 2, 619.69, 130430, 35
229, 0, 0, 28, 28, 1, 47.95%, 0, 0, 2, 648.51, 133526, 35
234, 0, 0, 28, 28, 1, 47.95%, 0, 0, 2, 615.23, 136334, 35
239, 0, 0, 28, 28, 1, 47.95%, 0, 0, 2, 627.93, 139514, 35
244, 0, 0, 28, 28, 1, 47.95%, 0, 0, 2, 631.70, 142598, 35
249, 0, 0, 28, 28, 1, 47.95%, 0, 0, 2, 638.71, 145778, 35
255, 0, 0, 28, 28, 1, 47.95%, 0, 0, 2, 630.74, 148910, 35
260, 0, 0, 28, 28, 1, 47.95%, 0, 0, 2, 640.77, 152090, 35
265, 0, 0, 28, 28, 1, 47.95%, 0, 0, 2, 649.22, 155402, 35
270, 0, 0, 28, 28, 1, 47.95%, 0, 0, 2, 634.02, 158558, 35
275, 0, 0, 29, 29, 1, 47.95%, 0, 0, 2, 612.53, 161661, 35
280, 0, 0, 29, 29, 1, 47.95%, 0, 0, 2, 612.41, 164757, 35
285, 0, 0, 29, 29, 1, 47.95%, 0, 0, 2, 106.19, 167853, 35
290, 0, 0, 29, 29, 1, 47.95%, 0, 0, 2, 641.64, 170673, 35
295, 0, 0, 29, 29, 1, 47.95%, 0, 0, 2, 646.77, 173791, 35
301, 0, 0, 29, 29, 1, 47.95%, 0, 0, 2, 634.87, 177081, 35
306, 0, 0, 29, 29, 1, 47.95%, 0, 0, 2, 625.40, 180213, 35
311, 0, 0, 29, 29, 1, 47.95%, 0, 0, 2, 632.69, 183525, 35
316, 0, 0, 29, 29, 1, 47.95%, 0, 0, 2, 444.02, 186573, 35
321, 0, 0, 29, 29, 1, 47.95%, 0, 0, 2, 585.45, 189706, 35
326, 0, 0, 29, 29, 1, 47.95%, 0, 0, 2, 650.83, 192946, 35
331, 0, 0, 29, 29, 1, 47.95%, 0, 0, 2, 608.22, 196005, 35
336, 0, 0, 29, 29, 1, 47.95%, 0, 0, 2, 600.51, 198957, 35
341, 0, 0, 29, 29, 1, 47.95%, 0, 0, 2, 630.50, 202197, 35
346, 0, 0, 29, 29, 1, 47.95%, 0, 0, 2, 640.83, 205322, 35
351, 0, 0, 29, 29, 1, 47.95%, 0, 0, 2, 641.75, 208641, 35
356, 0, 0, 29, 29, 1, 47.95%, 0, 0, 2, 648.17, 211881, 35
362, 0, 0, 29, 29, 1, 47.95%, 0, 0, 2, 638.32, 215193, 35
367, 0, 0, 29, 29, 1, 47.95%, 0, 0, 2, 652.22, 218465, 35
372, 0, 0, 29, 29, 1, 47.95%, 0, 0, 2, 625.24, 221793, 35
377, 0, 0, 29, 29, 1, 47.95%, 0, 0, 2, 637.23, 225069, 35
382, 0, 0, 29, 29, 1, 47.95%, 0, 0, 2, 627.79, 228117, 35
387, 0, 0, 29, 29, 1, 47.95%, 0, 0, 2, 659.68, 231530, 35
392, 0, 0, 29, 29, 1, 47.95%, 0, 0, 2, 653.76, 234845, 35
397, 0, 0, 29, 29, 1, 47.95%, 0, 0, 2, 661.23, 238238, 35
403, 0, 0, 29, 29, 1, 47.95%, 0, 0, 2, 658.75, 241566, 35
408, 0, 0, 29, 29, 1, 47.95%, 0, 0, 2, 634.03, 244833, 35
413, 0, 0, 29, 29, 1, 47.95%, 0, 0, 2, 653.00, 248222, 35
418, 0, 0, 29, 29, 1, 47.95%, 0, 0, 2, 648.38, 251563, 35
423, 0, 0, 29, 29, 1, 47.95%, 0, 0, 2, 662.06, 254930, 35
428, 0, 0, 29, 29, 1, 47.95%, 0, 0, 2, 668.41, 258323, 35
433, 0, 0, 29, 29, 1, 47.95%, 0, 0, 2, 653.25, 261534, 35
439, 0, 0, 29, 29, 1, 47.95%, 0, 0, 2, 645.71, 264849, 35
444, 0, 0, 29, 29, 1, 47.95%, 0, 0, 2, 645.66, 268177, 35
449, 0, 0, 29, 29, 1, 47.95%, 0, 0, 2, 638.68, 271466, 35
454, 0, 0, 29, 29, 1, 47.95%, 0, 0, 2, 652.88, 274872, 35
459, 0, 0, 29, 29, 1, 47.95%, 0, 0, 2, 648.15, 278193, 35
464, 0, 0, 29, 29, 1, 47.95%, 0, 0, 2, 647.47, 281577, 35
469, 0, 0, 29, 29, 1, 47.95%, 0, 0, 2, 636.53, 284853, 35
474, 0, 0, 29, 29, 1, 47.95%, 0, 0, 2, 655.32, 288262, 35
479, 0, 0, 29, 29, 1, 47.95%, 0, 0, 2, 650.51, 291609, 35
485, 0, 0, 29, 29, 1, 47.95%, 0, 0, 2, 658.55, 295022, 35
490, 0, 0, 29, 29, 1, 47.95%, 0, 0, 2, 653.79, 298415, 35
495, 0, 0, 29, 29, 1, 47.95%, 0, 0, 2, 651.72, 301743, 35
500, 0, 0, 29, 29, 1, 47.95%, 0, 0, 2, 659.44, 305123, 35
505, 0, 0, 29, 29, 1, 47.95%, 0, 0, 2, 642.98, 308385, 35
510, 0, 0, 29, 29, 1, 47.95%, 0, 0, 2, 654.04, 311727, 35
515, 0, 0, 29, 29, 1, 47.95%, 0, 0, 2, 662.66, 315133, 35
520, 0, 0, 29, 29, 1, 47.95%, 0, 0, 2, 656.20, 318461, 35
525, 0, 0, 29, 29, 1, 47.95%, 0, 0, 2, 654.63, 321841, 35
530, 0, 0, 29, 29, 1, 47.95%, 0, 0, 2, 653.46, 325156, 35
536, 0, 0, 29, 29, 1, 47.95%, 0, 0, 2, 667.93, 328575, 35
541, 0, 0, 29, 29, 1, 47.95%, 0, 0, 2, 662.70, 331903, 35
546, 0, 0, 29, 29, 1, 47.95%, 0, 0, 2, 650.36, 335193, 35
551, 0, 0, 29, 29, 1, 47.95%, 0, 0, 2, 662.65, 338598, 35
556, 0, 0, 30, 30, 1, 47.95%, 0, 0, 2, 658.40, 341894, 35
561, 0, 0, 30, 30, 1, 47.95%, 0, 0, 2, 661.35, 345274, 35
566, 0, 0, 30, 30, 1, 47.95%, 0, 0, 2, 657.63, 348589, 35
571, 0, 0, 30, 30, 1, 47.95%, 0, 0, 2, 650.09, 351820, 35
576, 0, 0, 30, 30, 1, 47.95%, 0, 0, 2, 662.65, 355206, 35
581, 0, 0, 30, 30, 1, 47.95%, 0, 0, 2, 665.98, 358560, 35
586, 0, 0, 30, 30, 1, 47.95%, 0, 0, 2, 662.02, 361888, 35
591, 0, 0, 30, 30, 1, 47.95%, 0, 0, 2, 667.69, 365229, 35
596, 0, 0, 30, 30, 1, 47.95%, 0, 0, 2, 666.20, 368570, 35
602, 0, 0, 30, 30, 1, 47.95%, 0, 0, 2, 668.85, 371937, 35
607, 0, 0, 30, 30, 1, 47.95%, 0, 0, 2, 664.66, 375330, 35
612, 0, 0, 30, 30, 1, 47.95%, 0, 0, 2, 660.84, 378645, 35
617, 0, 0, 30, 30, 1, 47.95%, 0, 0, 2, 664.40, 381999, 35
622, 0, 0, 30, 30, 1, 47.95%, 0, 0, 2, 666.81, 385314, 35
627, 0, 0, 30, 30, 1, 47.95%, 0, 0, 2, 664.42, 388564, 35
632, 0, 0, 30, 30, 1, 47.95%, 0, 0, 2, 649.85, 391944, 35
637, 0, 0, 30, 30, 1, 47.95%, 0, 0, 2, 628.19, 395168, 35
643, 0, 0, 30, 30, 1, 47.95%, 0, 0, 2, 637.04, 398464, 35
648, 0, 0, 30, 30, 1, 47.95%, 0, 0, 2, 551.19, 401331, 35
653, 0, 0, 30, 30, 1, 47.95%, 0, 0, 2, 648.35, 404596, 35
658, 0, 0, 30, 30, 1, 47.95%, 0, 0, 2, 826.00, 409076, 35
663, 0, 0, 30, 30, 1, 47.95%, 0, 0, 2, 867.67, 413655, 35
668, 0, 0, 30, 30, 1, 47.95%, 0, 0, 2, 885.93, 418262, 35
673, 0, 0, 30, 30, 1, 47.95%, 0, 0, 2, 884.54, 422903, 35
678, 0, 0, 30, 30, 1, 47.95%, 0, 0, 2, 889.05, 427391, 35
683, 0, 0, 30, 30, 1, 47.95%, 0, 0, 2, 892.38, 431879, 35
689, 0, 0, 30, 30, 1, 47.95%, 0, 0, 2, 890.27, 436537, 35
694, 0, 0, 30, 30, 1, 47.95%, 0, 0, 2, 893.59, 441178, 35
699, 0, 0, 30, 30, 1, 47.95%, 0, 0, 2, 893.93, 445836, 35
704, 0, 0, 30, 30, 1, 47.95%, 0, 0, 2, 889.85, 450324, 35
709, 0, 0, 30, 30, 1, 47.95%, 0, 0, 2, 898.09, 454982, 35
714, 0, 0, 30, 30, 1, 47.95%, 0, 0, 2, 896.12, 459521, 35
719, 0, 0, 30, 30, 1, 47.95%, 0, 0, 2, 890.07, 464026, 35
724, 0, 0, 30, 30, 1, 47.95%, 0, 0, 2, 895.62, 468667, 35
730, 0, 0, 30, 30, 1, 47.95%, 0, 0, 2, 893.17, 473325, 35
735, 0, 0, 30, 30, 1, 47.95%, 0, 0, 2, 896.86, 477966, 35
740, 0, 0, 30, 30, 1, 47.95%, 0, 0, 2, 898.27, 482471, 35
745, 0, 0, 30, 30, 1, 47.95%, 0, 0, 2, 891.02, 487095, 35
750, 0, 0, 30, 30, 1, 47.95%, 0, 0, 2, 896.44, 491702, 35
755, 0, 0, 30, 30, 1, 47.95%, 0, 0, 2, 899.06, 496360, 35
761, 0, 0, 30, 30, 1, 47.95%, 0, 0, 2, 893.56, 500967, 35
766, 0, 0, 30, 30, 1, 47.95%, 0, 0, 2, 900.86, 505624, 35
771, 0, 0, 30, 30, 1, 47.95%, 0, 0, 2, 903.46, 510142, 35
776, 0, 0, 30, 30, 1, 47.95%, 0, 0, 2, 902.37, 514624, 35
781, 0, 0, 30, 30, 1, 47.95%, 0, 0, 2, 904.05, 519124, 35
786, 0, 0, 30, 30, 1, 47.95%, 0, 0, 2, 902.48, 523786, 35
791, 0, 0, 30, 30, 1, 47.95%, 0, 0, 2, 902.64, 528430, 35
796, 0, 0, 30, 30, 1, 47.95%, 0, 0, 2, 901.53, 533056, 35
802, 0, 0, 30, 30, 1, 47.95%, 0, 0, 2, 891.14, 537636, 35
807, 0, 0, 30, 30, 1, 47.95%, 0, 0, 2, 902.96, 542308, 35
812, 0, 0, 30, 30, 1, 47.95%, 0, 0, 2, 906.19, 546844, 35
817, 0, 0, 30, 30, 1, 47.95%, 0, 0, 2, 903.64, 551488, 35
822, 0, 0, 30, 30, 1, 47.95%, 0, 0, 2, 907.37, 556024, 35
827, 0, 0, 30, 30, 1, 47.95%, 0, 0, 2, 885.31, 560578, 35
833, 0, 0, 30, 30, 1, 47.95%, 0, 0, 2, 884.34, 565210, 35
838, 0, 0, 30, 30, 1, 47.95%, 0, 0, 2, 883.27, 569698, 35
843, 0, 0, 30, 30, 1, 47.95%, 0, 0, 2, 879.42, 574254, 35
848, 0, 0, 30, 30, 1, 47.95%, 0, 0, 2, 885.76, 578912, 35
853, 0, 0, 30, 30, 1, 47.95%, 0, 0, 2, 881.23, 583502, 35
858, 0, 0, 30, 30, 1, 47.95%, 0, 0, 2, 886.39, 588126, 35
863, 0, 0, 30, 30, 1, 47.95%, 0, 0, 2, 891.96, 592750, 35
868, 0, 0, 30, 30, 1, 47.95%, 0, 0, 2, 889.98, 597221, 35
873, 0, 0, 30, 30, 1, 47.95%, 0, 0, 2, 889.72, 601692, 35
878, 0, 0, 30, 30, 1, 47.95%, 0, 0, 2, 891.98, 606180, 35
884, 0, 0, 30, 30, 1, 47.95%, 0, 0, 2, 888.98, 610787, 35
889, 0, 0, 30, 30, 1, 47.95%, 0, 0, 2, 893.00, 615275, 35
894, 0, 0, 30, 30, 1, 47.95%, 0, 0, 2, 894.93, 619797, 35
899, 0, 0, 30, 30, 1, 47.95%, 0, 0, 2, 894.74, 624404, 35
904, 0, 0, 30, 30, 1, 47.95%, 0, 0, 2, 891.07, 628909, 35
909, 0, 0, 30, 30, 1, 47.95%, 0, 0, 2, 896.95, 633550, 35
914, 0, 0, 30, 30, 1, 47.95%, 0, 0, 2, 903.44, 638086, 35
919, 0, 0, 30, 30, 1, 47.95%, 0, 0, 2, 900.16, 642662, 35
924, 0, 0, 30, 30, 1, 47.95%, 0, 0, 2, 896.99, 647218, 35
929, 0, 0, 30, 30, 1, 47.95%, 0, 0, 2, 900.91, 651740, 35
934, 0, 0, 30, 30, 1, 47.95%, 0, 0, 2, 902.30, 656302, 35
939, 0, 0, 30, 30, 1, 47.95%, 0, 0, 2, 899.47, 660838, 35
944, 0, 0, 30, 30, 1, 47.95%, 0, 0, 2, 903.30, 665500, 35
950, 0, 0, 30, 30, 1, 47.95%, 0, 0, 2, 907.19, 670090, 35
955, 0, 0, 30, 30, 1, 47.95%, 0, 0, 2, 906.13, 674716, 35
960, 0, 0, 30, 30, 1, 47.95%, 0, 0, 2, 905.30, 679270, 35
965, 0, 0, 30, 30, 1, 47.95%, 0, 0, 2, 908.44, 683950, 35
970, 0, 0, 30, 30, 1, 47.95%, 0, 0, 2, 907.57, 688558, 35
975, 0, 0, 30, 30, 1, 47.95%, 0, 0, 2, 909.82, 693202, 35
980, 0, 0, 30, 30, 1, 47.95%, 0, 0, 2, 901.95, 697774, 35
985, 0, 0, 30, 30, 1, 47.95%, 0, 0, 2, 907.28, 702382, 35
990, 0, 0, 30, 30, 1, 47.95%, 0, 0, 2, 908.50, 707008, 35
995, 0, 0, 30, 30, 1, 47.95%, 0, 0, 2, 905.13, 711634, 35
1001, 0, 0, 30, 30, 1, 47.95%, 0, 0, 2, 911.66, 716278, 35
1006, 0, 0, 30, 30, 1, 47.95%, 0, 0, 2, 903.19, 720868, 35
1011, 0, 0, 30, 30, 1, 47.95%, 0, 0, 2, 910.88, 725494, 35
1016, 0, 0, 30, 30, 1, 47.95%, 0, 0, 2, 911.23, 730138, 35
1021, 0, 0, 30, 30, 1, 47.95%, 0, 0, 2, 906.02, 734764, 35
1026, 0, 0, 30, 30, 1, 47.95%, 0, 0, 2, 906.37, 739318, 35
1031, 0, 0, 30, 30, 1, 47.95%, 0, 0, 2, 909.22, 743926, 35
1036, 0, 0, 30, 30, 1, 47.95%, 0, 0, 2, 902.95, 748426, 35
1041, 0, 0, 30, 30, 1, 47.95%, 0, 0, 2, 901.06, 752998, 35
1046, 0, 0, 30, 30, 1, 47.95%, 0, 0, 2, 903.99, 757660, 35
1051, 0, 0, 30, 30, 1, 47.95%, 0, 0, 2, 898.67, 762189, 35
1057, 0, 0, 30, 30, 1, 47.95%, 0, 0, 2, 894.94, 766796, 35
1062, 0, 0, 30, 30, 1, 47.95%, 0, 0, 2, 896.76, 771454, 35
1067, 0, 0, 30, 30, 1, 47.95%, 0, 0, 2, 905.68, 776056, 35
1072, 0, 0, 30, 30, 1, 47.95%, 0, 0, 2, 906.94, 780754, 35
1077, 0, 0, 30, 30, 1, 47.95%, 0, 0, 2, 905.34, 785344, 35
1082, 0, 0, 30, 30, 1, 47.95%, 0, 0, 2, 908.79, 789988, 35
1087, 0, 0, 30, 30, 1, 47.95%, 0, 0, 2, 905.27, 794668, 35
1093, 0, 0, 30, 30, 1, 47.95%, 0, 0, 2, 897.81, 799300, 35
1098, 0, 0, 30, 30, 1, 47.95%, 0, 0, 2, 901.13, 803924, 35
1103, 0, 0, 30, 30, 1, 47.95%, 0, 0, 2, 894.32, 808531, 35
1108, 0, 0, 30, 30, 1, 47.95%, 0, 0, 2, 898.10, 813087, 35
1113, 0, 0, 30, 30, 1, 47.95%, 0, 0, 2, 895.59, 817592, 35
1118, 0, 0, 30, 30, 1, 47.95%, 0, 0, 2, 898.49, 822131, 35
1123, 0, 0, 30, 30, 1, 47.95%, 0, 0, 2, 903.06, 826762, 35
1128, 0, 0, 30, 30, 1, 47.95%, 0, 0, 2, 905.86, 831442, 35
1133, 0, 0, 30, 30, 1, 47.95%, 0, 0, 2, 903.05, 836068, 35
1138, 0, 0, 30, 30, 1, 47.95%, 0, 0, 2, 904.74, 840712, 35
1143, 0, 0, 30, 30, 1, 47.95%, 0, 0, 2, 902.30, 845374, 35
1149, 0, 0, 30, 30, 1, 47.95%, 0, 0, 2, 904.86, 850018, 35
1154, 0, 0, 30, 30, 1, 47.95%, 0, 0, 2, 906.63, 854716, 35
1159, 0, 0, 30, 30, 1, 47.95%, 0, 0, 2, 897.91, 859252, 35
1164, 0, 0, 30, 30, 1, 47.95%, 0, 0, 2, 896.72, 863883, 35
1169, 0, 0, 30, 30, 1, 47.95%, 0, 0, 2, 899.02, 868524, 35
1174, 0, 0, 30, 30, 1, 47.95%, 0, 0, 2, 899.02, 873131, 35
1179, 0, 0, 30, 30, 1, 47.95%, 0, 0, 2, 901.58, 877792, 35
1184, 0, 0, 30, 30, 1, 47.95%, 0, 0, 2, 911.19, 882472, 35
1190, 0, 0, 30, 30, 1, 47.95%, 0, 0, 2, 912.32, 887116, 35
1195, 0, 0, 30, 30, 1, 47.95%, 0, 0, 2, 898.69, 891706, 35
1200, 0, 0, 30, 30, 1, 47.95%, 0, 0, 2, 900.83, 896422, 35
1205, 0, 0, 30, 30, 1, 47.95%, 0, 0, 2, 898.44, 901062, 35
1210, 0, 0, 30, 30, 1, 47.95%, 0, 0, 2, 901.07, 905703, 35
1215, 0, 0, 30, 30, 1, 47.95%, 0, 0, 2, 897.09, 910276, 35
1220, 0, 0, 30, 30, 1, 47.95%, 0, 0, 2, 902.37, 914926, 35
1225, 0, 0, 30, 30, 1, 47.95%, 0, 0, 2, 905.87, 919624, 35
1230, 0, 0, 30, 30, 1, 47.95%, 0, 0, 2, 898.33, 924233, 35
1236, 0, 0, 30, 30, 1, 47.95%, 0, 0, 2, 908.64, 928822, 35
1241, 0, 0, 30, 30, 1, 47.95%, 0, 0, 2, 910.09, 933448, 35
1246, 0, 0, 30, 30, 1, 47.95%, 0, 0, 2, 912.11, 938074, 35
1251, 0, 0, 30, 30, 1, 47.95%, 0, 0, 2, 909.59, 942700, 35
1256, 0, 0, 30, 30, 1, 47.95%, 0, 0, 2, 905.96, 947236, 35
1261, 0, 0, 30, 30, 1, 47.95%, 0, 0, 2, 911.24, 951844, 35
1266, 0, 0, 30, 30, 1, 47.95%, 0, 0, 2, 909.52, 956470, 35
1271, 0, 0, 30, 30, 1, 47.95%, 0, 0, 2, 909.47, 961078, 35
1276, 0, 0, 30, 30, 1, 47.95%, 0, 0, 2, 901.49, 965686, 35
1281, 0, 0, 30, 30, 1, 47.95%, 0, 0, 2, 907.84, 970348, 35
1286, 0, 0, 30, 30, 1, 47.95%, 0, 0, 2, 907.97, 974884, 35
1292, 0, 0, 30, 30, 1, 47.95%, 0, 0, 2, 908.55, 979492, 35
1297, 0, 0, 30, 30, 1, 47.95%, 0, 0, 2, 897.38, 983971, 35
1302, 0, 0, 30, 30, 1, 47.95%, 0, 0, 2, 900.52, 988564, 35
1307, 0, 17, 47, 36, 2, 47.95%, 0, 0, 4, 895.31, 993214, 35
1312, 0, 42, 53, 40, 1, 49.32%, 0, 0, 4, 908.15, 997817, 36
1317, 0, 29, 58, 44, 5, 49.32%, 0, 0, 4, 910.80, 1002483, 36
1322, 0, 51, 64, 43, 1, 49.32%, 0, 0, 5, 911.48, 1007132, 36
1327, 0, 54, 65, 43, 0, 49.32%, 0, 0, 5, 910.14, 1011722, 36
1332, 0, 60, 67, 45, 0, 49.32%, 0, 0, 5, 911.39, 1016480, 36
1337, 0, 54, 68, 46, 0, 49.32%, 0, 0, 6, 904.85, 1021063, 36
1342, 0, 37, 69, 47, 0, 49.32%, 0, 0, 6, 906.57, 1025645, 36
1346, 0, 69, 70, 47, 0, 49.32%, 1, 0, 6, 0.00, 1028972, 36
