# relative_time, cycles_done, cur_item, corpus_count, pending_total, pending_favs, map_size, saved_crashes, saved_hangs, max_depth, execs_per_sec, total_execs, edges_found
61, 0, 0, 25, 25, 1, 47.95%, 0, 0, 2, 796.75, 47770, 35
66, 0, 0, 25, 25, 1, 47.95%, 0, 0, 2, 765.75, 51685, 35
71, 0, 0, 25, 25, 1, 47.95%, 0, 0, 2, 772.65, 55570, 35
76, 0, 0, 25, 25, 1, 47.95%, 0, 0, 2, 841.06, 58784, 35
81, 0, 0, 26, 26, 1, 47.95%, 0, 0, 2, 779.08, 62357, 35
86, 0, 0, 26, 26, 1, 47.95%, 0, 0, 2, 804.72, 66391, 35
91, 0, 0, 26, 26, 1, 47.95%, 0, 0, 2, 776.45, 70127, 35
96, 0, 0, 27, 27, 1, 47.95%, 0, 0, 2, 792.60, 74199, 35
102, 0, 0, 27, 27, 1, 47.95%, 0, 0, 2, 779.65, 78084, 35
107, 0, 0, 27, 27, 1, 47.95%, 0, 0, 2, 762.70, 82134, 35
112, 0, 0, 27, 27, 1, 47.95%, 0, 0, 2, 793.78, 86229, 35
118, 0, 0, 27, 27, 1, 47.95%, 0, 0, 2, 850.25, 89854, 35
123, 0, 0, 27, 27, 1, 47.95%, 0, 0, 2, 807.51, 93822, 35
128, 0, 0, 27, 27, 1, 47.95%, 0, 0, 2, 51.91, 96940, 35
133, 0, 0, 27, 27, 1, 47.95%, 0, 0, 2, 802.94, 100914, 35
138, 0, 0, 27, 27, 1, 47.95%, 0, 0, 2, 824.21, 104782, 35
143, 0, 0, 27, 27, 1, 47.95%, 0, 0, 2, 853.90, 108755, 35
148, 0, 0, 27, 27, 1, 47.95%, 0, 0, 2, 795.59, 112644, 35
153, 0, 0, 27, 27, 1, 47.95%, 0, 0, 2, 792.53, 116169, 35
159, 0, 0, 28, 28, 1, 47.95%, 0, 0, 2, 760.77, 119746, 35
164, 0, 0, 29, 29, 1, 47.95%, 0, 0, 2, 782.65, 123728, 35
169, 0, 0, 29, 29, 1, 47.95%, 0, 0, 2, 793.41, 127613, 35
174, 0, 0, 29, 29, 1, 47.95%, 0, 0, 2, 814.21, 131708, 35
179, 0, 0, 29, 29, 1, 47.95%, 0, 0, 2, 819.45, 135153, 35
184, 0, 0, 29, 29, 1, 47.95%, 0, 0, 2, 113.59, 138652, 35
189, 0, 0, 29, 29, 1, 47.95%, 0, 0, 2, 841.90, 142764, 35
194, 0, 0, 29, 29, 1, 47.95%, 0, 0, 2, 387.45, 146224, 35
199, 0, 0, 29, 29, 1, 47.95%, 0, 0, 2, 737.01, 150410, 35
205, 0, 0, 29, 29, 1, 47.95%, 0, 0, 2, 834.47, 154396, 35
210, 0, 0, 29, 29, 1, 47.95%, 0, 0, 2, 860.25, 158596, 35
215, 0, 0, 29, 29, 1, 47.95%, 0, 0, 2, 827.37, 162524, 35
220, 0, 0, 29, 29, 1, 47.95%, 0, 0, 2, 151.56, 166364, 35
225, 0, 0, 29, 29, 1, 47.95%, 0, 0, 2, 795.75, 170258, 35
230, 0, 0, 29, 29, 1, 47.95%, 0, 0, 2, 760.38, 174308, 35
235, 0, 0, 29, 29, 1, 47.95%, 0, 0, 2, 804.67, 177948, 35
241, 0, 0, 29, 29, 1, 47.95%, 0, 0, 2, 835.29, 182092, 35
246, 0, 0, 29, 29, 1, 47.95%, 0, 0, 2, 301.58, 186238, 35
251, 0, 0, 30, 30, 1, 47.95%, 0, 0, 2, 699.76, 190313, 35
256, 0, 0, 30, 30, 1, 47.95%, 0, 0, 2, 765.48, 194265, 35
261, 0, 0, 30, 30, 1, 47.95%, 0, 0, 2, 815.61, 198499, 35
266, 0, 0, 30, 30, 1, 47.95%, 0, 0, 2, 811.05, 202707, 35
271, 0, 0, 30, 30, 1, 47.95%, 0, 0, 2, 782.20, 206625, 35
276, 0, 0, 30, 30, 1, 47.95%, 0, 0, 2, 810.85, 210819, 35
282, 0, 0, 30, 30, 1, 47.95%, 0, 0, 2, 822.59, 215075, 35
287, 0, 0, 30, 30, 1, 47.95%, 0, 0, 2, 813.73, 219123, 35
292, 0, 19, 35, 33, 6, 47.95%, 0, 0, 3, 805.63, 222860, 35
297, 0, 21, 44, 38, 2, 47.95%, 0, 0, 3, 828.57, 227044, 35
302, 0, 21, 46, 40, 2, 47.95%, 0, 0, 3, 828.04, 231346, 35
307, 0, 21, 46, 40, 2, 47.95%, 0, 0, 3, 799.16, 235442, 35
312, 0, 45, 51, 41, 0, 47.95%, 0, 0, 4, 874.71, 239654, 35
317, 0, 45, 53, 43, 0, 47.95%, 0, 0, 4, 839.56, 243733, 35
322, 0, 49, 54, 43, 0, 47.95%, 0, 0, 5, 834.14, 247940, 35
327, 0, 49, 56, 44, 0, 50.68%, 0, 0, 5, 829.11, 252049, 37
333, 0, 55, 58, 46, 0, 52.05%, 0, 0, 5, 829.36, 256172, 38
338, 0, 56, 59, 45, 0, 52.05%, 0, 0, 6, 829.37, 260232, 38
343, 0, 49, 61, 47, 0, 52.05%, 0, 0, 6, 867.97, 264442, 38
348, 0, 57, 62, 48, 0, 52.05%, 1, 0, 6, 813.42, 268599, 38
348, 0, 57, 62, 48, 0, 52.05%, 1, 0, 6, 0.00, 268599, 38
