# relative_time, cycles_done, cur_item, corpus_count, pending_total, pending_favs, map_size, saved_crashes, saved_hangs, max_depth, execs_per_sec, total_execs, edges_found
61, 1, 23, 30, 22, 0, 49.15%, 0, 0, 5, 586.73, 29746, 29
66, 1, 23, 31, 23, 0, 49.15%, 0, 0, 5, 577.46, 32616, 29
71, 1, 29, 34, 25, 3, 49.15%, 0, 0, 6, 573.55, 35609, 29
76, 1, 28, 36, 26, 2, 49.15%, 0, 0, 6, 576.43, 38551, 29
81, 1, 26, 41, 29, 0, 49.15%, 0, 0, 6, 575.46, 41408, 29
86, 1, 25, 43, 31, 0, 49.15%, 0, 0, 6, 581.82, 44306, 29
91, 1, 21, 46, 34, 0, 49.15%, 0, 0, 6, 535.27, 46851, 29
96, 1, 25, 49, 36, 0, 49.15%, 0, 0, 6, 633.47, 49794, 29
102, 1, 23, 50, 36, 0, 50.85%, 0, 0, 6, 627.08, 52676, 30
107, 1, 49, 52, 38, 0, 50.85%, 0, 0, 7, 611.52, 55751, 30
112, 1, 49, 53, 39, 0, 52.54%, 0, 0, 7, 586.57, 58580, 31
117, 1, 49, 53, 39, 0, 52.54%, 0, 0, 7, 593.18, 61638, 31
122, 1, 21, 53, 38, 0, 52.54%, 0, 0, 7, 584.72, 64361, 31
127, 1, 52, 53, 38, 0, 52.54%, 0, 0, 7, 614.78, 66998, 31
129, 1, 52, 54, 39, 0, 52.54%, 1, 0, 8, 0.00, 67798, 31
