# relative_time, cycles_done, cur_item, corpus_count, pending_total, pending_favs, map_size, saved_crashes, saved_hangs, max_depth, execs_per_sec, total_execs, edges_found
61, 0, 0, 24, 24, 1, 50.00%, 0, 0, 2, 178.52, 10625, 39
66, 0, 0, 24, 24, 1, 50.00%, 0, 0, 2, 173.95, 11510, 39
71, 0, 0, 25, 25, 1, 50.00%, 0, 0, 2, 175.44, 12405, 39
76, 0, 0, 25, 25, 1, 50.00%, 0, 0, 2, 194.16, 13401, 39
81, 0, 0, 25, 25, 1, 50.00%, 0, 0, 2, 198.18, 14442, 39
86, 0, 0, 25, 25, 1, 50.00%, 0, 0, 2, 199.52, 15456, 39
91, 0, 0, 25, 25, 1, 50.00%, 0, 0, 2, 197.34, 16476, 39
96, 0, 0, 25, 25, 1, 50.00%, 0, 0, 2, 195.20, 17448, 39
101, 0, 0, 25, 25, 1, 50.00%, 0, 0, 2, 193.63, 18387, 39
107, 0, 0, 25, 25, 1, 50.00%, 0, 0, 2, 200.68, 19450, 39
112, 0, 0, 26, 26, 1, 51.28%, 0, 0, 2, 201.42, 20445, 40
117, 0, 0, 26, 26, 1, 51.28%, 0, 0, 2, 203.05, 21485, 40
122, 0, 0, 26, 26, 1, 51.28%, 0, 0, 2, 200.18, 22495, 40
127, 0, 0, 26, 26, 1, 51.28%, 0, 0, 2, 196.87, 23512, 40
132, 0, 0, 26, 26, 1, 51.28%, 0, 0, 2, 199.76, 24550, 40
137, 0, 0, 26, 26, 1, 51.28%, 0, 0, 2, 199.66, 25549, 40
142, 0, 0, 26, 26, 1, 51.28%, 0, 0, 2, 201.20, 26585, 40
147, 0, 0, 26, 26, 1, 51.28%, 0, 0, 2, 197.07, 27562, 40
153, 0, 0, 26, 26, 1, 51.28%, 0, 0, 2, 197.44, 28522, 40
158, 0, 0, 26, 26, 1, 51.28%, 0, 0, 2, 191.91, 29465, 40
163, 0, 0, 26, 26, 1, 51.28%, 0, 0, 2, 198.00, 30487, 40
168, 0, 0, 26, 26, 1, 51.28%, 0, 0, 2, 203.63, 31513, 40
173, 0, 0, 26, 26, 1, 51.28%, 0, 0, 2, 205.62, 32557, 40
178, 0, 0, 26, 26, 1, 51.28%, 0, 0, 2, 204.46, 33577, 40
183, 0, 0, 26, 26, 1, 51.28%, 0, 0, 2, 202.38, 34613, 40
188, 0, 0, 26, 26, 1, 51.28%, 0, 0, 2, 220.95, 35721, 40
194, 0, 0, 26, 26, 1, 51.28%, 0, 0, 2, 234.41, 36945, 40
199, 0, 0, 26, 26, 1, 51.28%, 0, 0, 2, 236.19, 38121, 40
204, 0, 0, 26, 26, 1, 51.28%, 0, 0, 2, 41.41, 39305, 40
209, 0, 0, 26, 26, 1, 51.28%, 0, 0, 2, 203.81, 40569, 40
214, 0, 0, 26, 26, 1, 51.28%, 0, 0, 2, 231.49, 41797, 40
219, 0, 0, 27, 27, 1, 51.28%, 0, 0, 2, 239.27, 43000, 40
224, 0, 0, 27, 27, 1, 51.28%, 0, 0, 2, 239.30, 44180, 40
229, 0, 0, 27, 27, 1, 51.28%, 0, 0, 2, 239.76, 45368, 40
234, 0, 0, 27, 27, 1, 51.28%, 0, 0, 2, 233.35, 46512, 40
240, 0, 0, 27, 27, 1, 51.28%, 0, 0, 2, 235.90, 47720, 40
245, 0, 0, 28, 28, 1, 51.28%, 0, 0, 2, 235.29, 48919, 40
250, 0, 0, 28, 28, 1, 51.28%, 0, 0, 2, 239.63, 50115, 40
255, 0, 0, 28, 28, 1, 51.28%, 0, 0, 2, 241.43, 51315, 40
260, 0, 0, 28, 28, 1, 51.28%, 0, 0, 2, 241.82, 52523, 40
265, 0, 0, 28, 28, 1, 51.28%, 0, 0, 2, 239.31, 53719, 40
270, 0, 0, 28, 28, 1, 51.28%, 0, 0, 2, 233.34, 54927, 40
275, 0, 0, 28, 28, 1, 51.28%, 0, 0, 2, 235.60, 56139, 40
280, 0, 0, 28, 28, 1, 51.28%, 0, 0, 2, 229.98, 57315, 40
285, 0, 0, 28, 28, 1, 51.28%, 0, 0, 2, 226.44, 58483, 40
290, 0, 0, 28, 28, 1, 51.28%, 0, 0, 2, 232.64, 59679, 40
295, 0, 0, 28, 28, 1, 51.28%, 0, 0, 2, 233.08, 60871, 40
301, 0, 0, 28, 28, 1, 51.28%, 0, 0, 2, 235.45, 62111, 40
306, 0, 0, 29, 29, 1, 52.56%, 0, 0, 2, 234.24, 63342, 41
311, 0, 0, 29, 29, 1, 52.56%, 0, 0, 2, 232.61, 64530, 41
316, 0, 0, 29, 29, 1, 52.56%, 0, 0, 2, 236.68, 65758, 41
321, 0, 0, 29, 29, 1, 52.56%, 0, 0, 2, 235.87, 66998, 41
326, 0, 0, 29, 29, 1, 52.56%, 0, 0, 2, 236.79, 68230, 41
331, 0, 0, 29, 29, 1, 52.56%, 0, 0, 2, 234.91, 69414, 41
336, 0, 0, 29, 29, 1, 52.56%, 0, 0, 2, 237.57, 70618, 41
341, 0, 0, 29, 29, 1, 52.56%, 0, 0, 2, 235.48, 71810, 41
347, 0, 0, 29, 29, 1, 52.56%, 0, 0, 2, 234.01, 72934, 41
352, 0, 0, 29, 29, 1, 52.56%, 0, 0, 2, 236.72, 74150, 41
357, 0, 0, 29, 29, 1, 52.56%, 0, 0, 2, 237.75, 75382, 41
362, 0, 0, 29, 29, 1, 52.56%, 0, 0, 2, 242.30, 76634, 41
367, 0, 0, 29, 29, 1, 52.56%, 0, 0, 2, 240.00, 77846, 41
372, 0, 0, 29, 29, 1, 52.56%, 0, 0, 2, 244.02, 79086, 41
377, 0, 0, 29, 29, 1, 52.56%, 0, 0, 2, 240.09, 80270, 41
382, 0, 0, 29, 29, 1, 52.56%, 0, 0, 2, 237.90, 81458, 41
387, 0, 0, 29, 29, 1, 52.56%, 0, 0, 2, 238.71, 82654, 41
392, 0, 0, 29, 29, 1, 52.56%, 0, 0, 2, 239.14, 83866, 41
397, 0, 0, 29, 29, 1, 52.56%, 0, 0, 2, 238.15, 85062, 41
402, 0, 0, 29, 29, 1, 52.56%, 0, 0, 2, 237.80, 86266, 41
407, 0, 0, 29, 29, 1, 52.56%, 0, 0, 2, 236.93, 87458, 41
413, 0, 0, 29, 29, 1, 52.56%, 0, 0, 2, 237.41, 88686, 41
418, 0, 0, 29, 29, 1, 52.56%, 0, 0, 2, 243.73, 89922, 41
423, 0, 0, 29, 29, 1, 52.56%, 0, 0, 2, 240.93, 91126, 41
428, 0, 0, 29, 29, 1, 52.56%, 0, 0, 2, 243.89, 92338, 41
433, 0, 0, 29, 29, 1, 52.56%, 0, 0, 2, 238.92, 93542, 41
438, 0, 0, 29, 29, 1, 52.56%, 0, 0, 2, 242.00, 94762, 41
443, 0, 0, 29, 29, 1, 52.56%, 0, 0, 2, 244.46, 96042, 41
448, 0, 0, 29, 29, 1, 52.56%, 0, 0, 2, 242.59, 97290, 41
453, 0, 0, 29, 29, 1, 52.56%, 0, 0, 2, 240.68, 98486, 41
458, 0, 0, 29, 29, 1, 52.56%, 0, 0, 2, 243.00, 99734, 41
464, 0, 0, 29, 29, 1, 52.56%, 0, 0, 2, 246.06, 100966, 41
469, 0, 0, 29, 29, 1, 52.56%, 0, 0, 2, 242.41, 102178, 41
474, 0, 0, 29, 29, 1, 52.56%, 0, 0, 2, 243.76, 103398, 41
479, 0, 0, 29, 29, 1, 52.56%, 0, 0, 2, 238.62, 104602, 41
484, 0, 0, 29, 29, 1, 52.56%, 0, 0, 2, 239.52, 105826, 41
489, 0, 0, 29, 29, 1, 52.56%, 0, 0, 2, 234.75, 107062, 41
494, 0, 0, 29, 29, 1, 52.56%, 0, 0, 2, 232.49, 108278, 41
499, 0, 0, 29, 29, 1, 52.56%, 0, 0, 2, 237.02, 109490, 41
504, 0, 0, 29, 29, 1, 52.56%, 0, 0, 2, 235.36, 110678, 41
509, 0, 0, 29, 29, 1, 52.56%, 0, 0, 2, 232.69, 111866, 41
514, 0, 0, 29, 29, 1, 52.56%, 0, 0, 2, 237.67, 113086, 41
519, 0, 0, 29, 29, 1, 52.56%, 0, 0, 2, 236.37, 114282, 41
524, 0, 0, 29, 29, 1, 52.56%, 0, 0, 2, 234.14, 115494, 41
530, 0, 0, 29, 29, 1, 52.56%, 0, 0, 2, 237.05, 116734, 41
535, 0, 0, 29, 29, 1, 52.56%, 0, 0, 2, 239.30, 117954, 41
540, 0, 0, 29, 29, 1, 52.56%, 0, 0, 2, 240.96, 119178, 41
545, 0, 0, 29, 29, 1, 52.56%, 0, 0, 2, 241.85, 120410, 41
550, 0, 0, 29, 29, 1, 52.56%, 0, 0, 2, 240.78, 121626, 41
555, 0, 0, 29, 29, 1, 52.56%, 0, 0, 2, 239.50, 122842, 41
560, 0, 0, 29, 29, 1, 52.56%, 0, 0, 2, 239.83, 124054, 41
565, 0, 0, 29, 29, 1, 52.56%, 0, 0, 2, 235.62, 125238, 41
570, 0, 0, 29, 29, 1, 52.56%, 0, 0, 2, 238.29, 126462, 41
575, 0, 0, 29, 29, 1, 52.56%, 0, 0, 2, 236.09, 127642, 41
580, 0, 0, 29, 29, 1, 52.56%, 0, 0, 2, 241.65, 128846, 41
585, 0, 0, 29, 29, 1, 52.56%, 0, 0, 2, 238.24, 130030, 41
590, 0, 0, 29, 29, 1, 52.56%, 0, 0, 2, 237.52, 131250, 41
595, 0, 0, 29, 29, 1, 52.56%, 0, 0, 2, 240.19, 132458, 41
600, 0, 0, 29, 29, 1, 52.56%, 0, 0, 2, 235.19, 133666, 41
605, 0, 0, 29, 29, 1, 52.56%, 0, 0, 2, 233.91, 134874, 41
611, 0, 0, 29, 29, 1, 52.56%, 0, 0, 2, 233.41, 136078, 41
616, 0, 0, 29, 29, 1, 52.56%, 0, 0, 2, 233.97, 137286, 41
621, 0, 0, 29, 29, 1, 52.56%, 0, 0, 2, 234.45, 138458, 41
626, 0, 0, 29, 29, 1, 52.56%, 0, 0, 2, 237.30, 139642, 41
631, 0, 0, 29, 29, 1, 52.56%, 0, 0, 2, 237.66, 140874, 41
636, 0, 0, 29, 29, 1, 52.56%, 0, 0, 2, 234.22, 142082, 41
641, 0, 0, 29, 29, 1, 52.56%, 0, 0, 2, 231.77, 143250, 41
646, 0, 0, 29, 29, 1, 52.56%, 0, 0, 2, 233.12, 144450, 41
652, 0, 0, 29, 29, 1, 52.56%, 0, 0, 2, 230.61, 145638, 41
657, 0, 0, 29, 29, 1, 52.56%, 0, 0, 2, 225.60, 146758, 41
662, 0, 0, 29, 29, 1, 52.56%, 0, 0, 2, 228.38, 147894, 41
667, 0, 0, 30, 30, 1, 52.56%, 0, 0, 2, 228.44, 149077, 41
672, 0, 0, 30, 30, 1, 52.56%, 0, 0, 2, 224.55, 150197, 41
677, 0, 0, 30, 30, 1, 52.56%, 0, 0, 2, 229.23, 151337, 41
682, 0, 0, 30, 30, 1, 52.56%, 0, 0, 2, 229.03, 152529, 41
687, 0, 0, 30, 30, 1, 52.56%, 0, 0, 2, 210.77, 153517, 41
692, 0, 0, 30, 30, 1, 52.56%, 0, 0, 2, 214.58, 154577, 41
697, 0, 0, 30, 30, 1, 52.56%, 0, 0, 2, 226.49, 155729, 41
702, 0, 0, 30, 30, 1, 52.56%, 0, 0, 2, 221.43, 156869, 41
708, 0, 0, 30, 30, 1, 52.56%, 0, 0, 2, 221.45, 158049, 41
713, 0, 0, 30, 30, 1, 52.56%, 0, 0, 2, 215.92, 159137, 41
718, 0, 0, 30, 30, 1, 52.56%, 0, 0, 2, 219.14, 160261, 41
723, 0, 0, 30, 30, 1, 52.56%, 0, 0, 2, 218.75, 161365, 41
728, 0, 0, 30, 30, 1, 52.56%, 0, 0, 2, 218.67, 162473, 41
733, 0, 0, 30, 30, 1, 52.56%, 0, 0, 2, 215.47, 163601, 41
738, 0, 0, 30, 30, 1, 52.56%, 0, 0, 2, 214.73, 164681, 41
743, 0, 0, 30, 30, 1, 52.56%, 0, 0, 2, 214.17, 165745, 41
748, 0, 0, 30, 30, 1, 52.56%, 0, 0, 2, 209.53, 166809, 41
753, 0, 0, 30, 30, 1, 52.56%, 0, 0, 2, 213.69, 167921, 41
758, 0, 0, 30, 30, 1, 52.56%, 0, 0, 2, 216.99, 169049, 41
763, 0, 0, 30, 30, 1, 52.56%, 0, 0, 2, 216.89, 170145, 41
769, 0, 0, 30, 30, 1, 52.56%, 0, 0, 2, 217.11, 171225, 41
774, 0, 0, 30, 30, 1, 52.56%, 0, 0, 2, 210.28, 172313, 41
779, 0, 0, 30, 30, 1, 52.56%, 0, 0, 2, 207.92, 173361, 41
784, 0, 0, 30, 30, 1, 52.56%, 0, 0, 2, 189.54, 174341, 41
789, 0, 0, 30, 30, 1, 52.56%, 0, 0, 2, 209.07, 175461, 41
794, 0, 0, 30, 30, 1, 52.56%, 0, 0, 2, 205.92, 176485, 41
799, 0, 0, 30, 30, 1, 52.56%, 0, 0, 2, 205.96, 177533, 41
804, 0, 0, 30, 30, 1, 52.56%, 0, 0, 2, 216.05, 178641, 41
809, 0, 0, 30, 30, 1, 52.56%, 0, 0, 2, 204.54, 179685, 41
814, 0, 0, 30, 30, 1, 52.56%, 0, 0, 2, 198.14, 180662, 41
819, 0, 0, 30, 30, 1, 52.56%, 0, 0, 2, 220.79, 181837, 41
824, 0, 0, 30, 30, 1, 52.56%, 0, 0, 2, 216.95, 182913, 41
829, 0, 0, 30, 30, 1, 52.56%, 0, 0, 2, 214.10, 183993, 41
834, 0, 0, 30, 30, 1, 52.56%, 0, 0, 2, 222.04, 185129, 41
839, 0, 0, 30, 30, 1, 52.56%, 0, 0, 2, 186.75, 186035, 41
845, 0, 0, 30, 30, 1, 52.56%, 0, 0, 2, 199.83, 187061, 41
850, 0, 0, 30, 30, 1, 52.56%, 0, 0, 2, 219.31, 188237, 41
855, 0, 0, 30, 30, 1, 52.56%, 0, 0, 2, 222.23, 189357, 41
860, 0, 0, 30, 30, 1, 52.56%, 0, 0, 2, 221.01, 190481, 41
865, 0, 0, 30, 30, 1, 52.56%, 0, 0, 2, 230.23, 191641, 41
870, 0, 0, 30, 30, 1, 52.56%, 0, 0, 2, 197.46, 192587, 41
875, 0, 0, 30, 30, 1, 52.56%, 0, 0, 2, 197.65, 193613, 41
880, 0, 0, 30, 30, 1, 52.56%, 0, 0, 2, 208.62, 194645, 41
885, 0, 0, 30, 30, 1, 52.56%, 0, 0, 2, 228.38, 195805, 41
890, 0, 0, 30, 30, 1, 52.56%, 0, 0, 2, 177.84, 196733, 41
895, 0, 0, 30, 30, 1, 52.56%, 0, 0, 2, 136.46, 197359, 41
901, 0, 0, 30, 30, 1, 52.56%, 0, 0, 2, 129.10, 198007, 41
906, 0, 0, 30, 30, 1, 52.56%, 0, 0, 2, 202.94, 199093, 41
911, 0, 0, 30, 30, 1, 52.56%, 0, 0, 2, 197.17, 200135, 41
916, 0, 0, 30, 30, 1, 52.56%, 0, 0, 2, 212.61, 201213, 41
921, 0, 0, 30, 30, 1, 52.56%, 0, 0, 2, 230.65, 202417, 41
926, 0, 0, 30, 30, 1, 52.56%, 0, 0, 2, 225.57, 203529, 41
931, 0, 0, 30, 30, 1, 52.56%, 0, 0, 2, 232.77, 204697, 41
936, 0, 0, 30, 30, 1, 52.56%, 0, 0, 2, 225.44, 205829, 41
941, 0, 0, 30, 30, 1, 52.56%, 0, 0, 2, 228.33, 206989, 41
946, 0, 0, 30, 30, 1, 52.56%, 0, 0, 2, 230.94, 208201, 41
952, 0, 23, 33, 31, 8, 52.56%, 0, 0, 2, 226.75, 209384, 41
957, 0, 22, 40, 36, 6, 52.56%, 0, 0, 3, 234.34, 210566, 41
962, 0, 29, 44, 38, 5, 52.56%, 0, 0, 3, 222.83, 211675, 41
967, 0, 26, 47, 38, 3, 52.56%, 0, 0, 3, 220.89, 212822, 41
972, 0, 25, 48, 36, 1, 52.56%, 0, 0, 3, 204.84, 213860, 41
977, 0, 39, 49, 36, 0, 52.56%, 0, 0, 4, 197.53, 214890, 41
982, 0, 39, 50, 37, 0, 52.56%, 0, 0, 4, 207.09, 215924, 41
987, 0, 27, 50, 37, 0, 52.56%, 0, 0, 4, 221.83, 217064, 41
992, 0, 27, 50, 37, 0, 52.56%, 0, 0, 4, 219.76, 218214, 41
997, 0, 45, 51, 38, 0, 52.56%, 0, 0, 4, 214.39, 219304, 41
1003, 0, 39, 51, 38, 0, 52.56%, 0, 0, 4, 226.79, 220485, 41
1008, 0, 39, 51, 37, 0, 52.56%, 0, 0, 4, 229.91, 221633, 41
1013, 0, 23, 51, 37, 0, 52.56%, 0, 0, 4, 213.71, 222700, 41
1018, 0, 51, 53, 38, 0, 55.13%, 0, 0, 4, 206.72, 223741, 43
1023, 0, 51, 54, 39, 0, 55.13%, 0, 0, 4, 212.29, 224809, 43
1028, 0, 25, 55, 39, 0, 55.13%, 0, 0, 4, 209.48, 225840, 43
1033, 0, 52, 59, 42, 0, 55.13%, 0, 0, 5, 178.61, 226750, 43
1038, 0, 52, 60, 43, 0, 56.41%, 0, 0, 5, 210.08, 227798, 44
1043, 0, 52, 60, 43, 0, 56.41%, 0, 0, 5, 222.07, 228954, 44
1048, 0, 52, 60, 43, 0, 56.41%, 0, 0, 5, 208.60, 229998, 44
1053, 0, 52, 60, 43, 0, 56.41%, 0, 0, 5, 210.44, 231090, 44
1058, 0, 52, 60, 43, 0, 56.41%, 0, 0, 5, 221.18, 232238, 44
1063, 0, 52, 60, 43, 0, 56.41%, 0, 0, 5, 221.97, 233338, 44
1068, 0, 52, 60, 43, 0, 56.41%, 0, 0, 5, 220.02, 234436, 44
1073, 0, 59, 60, 42, 1, 56.41%, 0, 0, 5, 210.72, 235496, 44
1079, 0, 58, 60, 41, 0, 56.41%, 0, 0, 5, 231.04, 236724, 44
1084, 0, 58, 60, 41, 0, 56.41%, 0, 0, 5, 220.93, 237841, 44
1089, 0, 28, 60, 41, 0, 56.41%, 0, 0, 5, 228.87, 239013, 44
1094, 0, 54, 60, 41, 0, 56.41%, 0, 0, 5, 225.59, 240182, 44
1099, 0, 42, 60, 41, 0, 56.41%, 0, 0, 5, 217.79, 241325, 44
1104, 0, 58, 60, 41, 0, 56.41%, 0, 0, 5, 221.30, 242431, 44
1109, 0, 58, 60, 41, 0, 56.41%, 0, 0, 5, 222.98, 243558, 44
1114, 0, 58, 60, 41, 0, 56.41%, 0, 0, 5, 225.18, 244690, 44
1119, 0, 58, 60, 41, 0, 56.41%, 0, 0, 5, 226.38, 245832, 44
1124, 0, 58, 60, 41, 0, 56.41%, 0, 0, 5, 226.81, 247009, 44
1129, 0, 58, 60, 41, 0, 56.41%, 0, 0, 5, 219.34, 248089, 44
1134, 0, 58, 60, 41, 0, 56.41%, 0, 0, 5, 196.82, 249072, 44
1140, 0, 58, 60, 41, 0, 56.41%, 0, 0, 5, 188.34, 250038, 44
1145, 0, 28, 60, 41, 0, 56.41%, 0, 0, 5, 189.03, 251063, 44
1150, 0, 58, 60, 41, 0, 56.41%, 0, 0, 5, 216.05, 252213, 44
1155, 0, 58, 60, 41, 0, 56.41%, 0, 0, 5, 220.27, 253316, 44
1160, 0, 58, 60, 41, 0, 56.41%, 0, 0, 5, 220.58, 254404, 44
1165, 0, 58, 60, 41, 0, 56.41%, 0, 0, 5, 220.35, 255479, 44
1170, 0, 58, 60, 41, 0, 56.41%, 0, 0, 5, 201.82, 256504, 44
1175, 0, 58, 60, 41, 0, 56.41%, 0, 0, 5, 195.82, 257482, 44
1180, 0, 58, 60, 41, 0, 56.41%, 0, 0, 5, 241.85, 258699, 44
1185, 0, 58, 60, 41, 0, 56.41%, 0, 0, 5, 268.64, 260091, 44
1190, 0, 58, 60, 41, 0, 56.41%, 0, 0, 5, 255.08, 261421, 44
1195, 0, 58, 60, 41, 0, 56.41%, 0, 0, 5, 270.40, 262798, 44
1200, 0, 58, 60, 41, 0, 56.41%, 0, 0, 5, 272.91, 264179, 44
1205, 0, 58, 60, 41, 0, 56.41%, 0, 0, 5, 273.71, 265558, 44
1211, 0, 58, 60, 41, 0, 56.41%, 0, 0, 5, 265.59, 266933, 44
1216, 0, 58, 60, 41, 0, 56.41%, 0, 0, 5, 270.15, 268336, 44
1221, 0, 58, 61, 42, 0, 56.41%, 0, 0, 6, 261.84, 269723, 44
1226, 0, 23, 61, 42, 0, 56.41%, 0, 0, 6, 264.91, 271085, 44
1231, 0, 61, 62, 43, 1, 56.41%, 0, 0, 6, 271.69, 272508, 44
1236, 0, 61, 64, 44, 0, 61.54%, 0, 0, 6, 268.04, 273845, 48
1241, 0, 61, 64, 44, 0, 61.54%, 0, 0, 6, 266.08, 275195, 48
1247, 0, 58, 65, 44, 0, 61.54%, 0, 0, 6, 259.45, 276538, 48
1252, 0, 12, 65, 44, 0, 61.54%, 0, 0, 6, 253.22, 277874, 48
1257, 0, 63, 66, 44, 0, 61.54%, 0, 0, 6, 257.65, 279180, 48
1262, 0, 63, 66, 44, 0, 61.54%, 0, 0, 6, 255.22, 280483, 48
1267, 0, 42, 66, 44, 0, 61.54%, 0, 0, 6, 257.76, 281808, 48
1272, 0, 52, 66, 44, 0, 61.54%, 0, 0, 6, 268.16, 283197, 48
1277, 0, 61, 66, 44, 0, 61.54%, 0, 0, 6, 259.96, 284550, 48
1282, 0, 52, 66, 44, 0, 61.54%, 0, 0, 6, 268.28, 285956, 48
1288, 1, 44, 68, 46, 0, 61.54%, 0, 0, 6, 276.73, 287407, 48
1293, 1, 58, 68, 45, 0, 61.54%, 0, 0, 6, 270.35, 288792, 48
1298, 1, 17, 70, 47, 0, 61.54%, 0, 0, 6, 271.03, 290146, 48
1303, 1, 68, 71, 47, 0, 61.54%, 0, 0, 6, 250.32, 291388, 48
1308, 1, 63, 72, 48, 0, 61.54%, 0, 0, 6, 259.53, 292720, 48
1313, 1, 65, 74, 50, 0, 61.54%, 0, 0, 6, 266.18, 294048, 48
1318, 1, 61, 74, 49, 0, 61.54%, 0, 0, 6, 274.36, 295429, 48
1323, 1, 51, 74, 49, 0, 61.54%, 0, 0, 6, 274.96, 296858, 48
1329, 1, 58, 74, 49, 0, 61.54%, 0, 0, 6, 256.40, 298202, 48
1334, 1, 52, 75, 50, 0, 61.54%, 0, 0, 6, 232.52, 299334, 48
1339, 1, 58, 77, 52, 0, 61.54%, 0, 0, 6, 265.61, 300709, 48
1344, 1, 7, 78, 52, 0, 61.54%, 0, 0, 6, 277.06, 302105, 48
1349, 1, 58, 79, 51, 0, 61.54%, 0, 0, 6, 273.53, 303478, 48
1354, 1, 68, 79, 51, 0, 61.54%, 0, 0, 6, 265.76, 304794, 48
1357, 1, 51, 81, 53, 0, 61.54%, 1, 0, 6, 0.00, 305693, 48
