# relative_time, cycles_done, cur_item, corpus_count, pending_total, pending_favs, map_size, saved_crashes, saved_hangs, max_depth, execs_per_sec, total_execs, edges_found
61, 1, 16, 18, 11, 0, 35.90%, 0, 0, 3, 185.94, 10522, 28
66, 1, 0, 19, 12, 0, 35.90%, 0, 0, 4, 174.57, 11422, 28
71, 1, 0, 19, 11, 0, 35.90%, 0, 0, 4, 170.36, 12293, 28
76, 1, 0, 19, 11, 0, 35.90%, 0, 0, 4, 194.50, 13329, 28
81, 2, 9, 19, 11, 0, 35.90%, 0, 0, 4, 205.95, 14323, 28
86, 2, 0, 19, 11, 0, 35.90%, 0, 0, 4, 201.32, 15353, 28
92, 2, 0, 20, 12, 0, 35.90%, 0, 0, 4, 199.29, 16363, 28
97, 2, 15, 20, 12, 0, 35.90%, 0, 0, 4, 203.97, 17401, 28
102, 2, 12, 20, 12, 0, 35.90%, 0, 0, 4, 200.05, 18402, 28
107, 3, 16, 20, 12, 0, 35.90%, 0, 0, 4, 199.26, 19404, 28
112, 3, 0, 20, 11, 0, 35.90%, 0, 0, 4, 199.68, 20391, 28
117, 3, 0, 20, 11, 0, 35.90%, 0, 0, 4, 195.01, 21370, 28
122, 3, 0, 20, 10, 0, 35.90%, 0, 0, 4, 196.02, 22338, 28
127, 3, 0, 20, 10, 0, 35.90%, 0, 0, 4, 196.84, 23366, 28
132, 4, 0, 20, 10, 0, 35.90%, 0, 0, 4, 199.06, 24400, 28
137, 4, 0, 20, 10, 0, 35.90%, 0, 0, 4, 198.99, 25429, 28
142, 4, 9, 20, 10, 0, 35.90%, 0, 0, 4, 199.23, 26425, 28
148, 4, 0, 20, 10, 0, 35.90%, 0, 0, 4, 196.95, 27440, 28
153, 5, 20, 22, 11, 0, 39.74%, 0, 0, 4, 197.55, 28351, 31
158, 5, 0, 22, 11, 0, 39.74%, 0, 0, 4, 191.19, 29299, 31
163, 5, 0, 22, 11, 0, 39.74%, 0, 0, 4, 200.18, 30339, 31
168, 5, 0, 22, 11, 0, 39.74%, 0, 0, 4, 202.79, 31390, 31
173, 5, 20, 23, 12, 0, 41.03%, 0, 0, 4, 202.74, 32407, 32
178, 5, 22, 24, 12, 0, 41.03%, 0, 0, 5, 203.62, 33433, 32
184, 5, 22, 24, 12, 0, 41.03%, 0, 0, 5, 202.41, 34441, 32
189, 5, 22, 25, 13, 0, 42.31%, 0, 0, 5, 222.85, 35576, 33
194, 5, 22, 25, 13, 0, 42.31%, 0, 0, 5, 233.17, 36748, 33
199, 5, 22, 25, 13, 0, 42.31%, 0, 0, 5, 232.84, 37952, 33
204, 5, 12, 25, 12, 0, 42.31%, 0, 0, 5, 225.82, 39068, 33
209, 6, 24, 26, 13, 0, 42.31%, 0, 0, 6, 236.01, 40247, 33
214, 6, 24, 29, 16, 0, 42.31%, 0, 0, 6, 238.14, 41472, 33
219, 6, 24, 30, 17, 0, 43.59%, 0, 0, 6, 236.60, 42643, 34
224, 6, 24, 30, 17, 0, 43.59%, 0, 0, 6, 236.32, 43810, 34
230, 6, 24, 30, 17, 0, 43.59%, 0, 0, 6, 237.87, 45012, 34
235, 6, 24, 30, 17, 0, 43.59%, 0, 0, 6, 232.88, 46157, 34
240, 6, 29, 30, 16, 0, 43.59%, 0, 0, 6, 237.67, 47354, 34
245, 6, 29, 33, 19, 0, 44.87%, 0, 0, 7, 236.54, 48527, 35
250, 6, 29, 34, 20, 0, 44.87%, 0, 0, 7, 239.41, 49746, 35
255, 6, 29, 34, 20, 0, 44.87%, 0, 0, 7, 241.31, 50954, 35
260, 6, 29, 34, 20, 0, 44.87%, 0, 0, 7, 240.64, 52146, 35
265, 6, 31, 34, 19, 0, 44.87%, 0, 0, 7, 235.28, 53370, 35
270, 6, 31, 35, 20, 0, 44.87%, 0, 0, 8, 231.44, 54550, 35
275, 6, 22, 36, 21, 0, 44.87%, 0, 0, 8, 233.05, 55753, 35
280, 6, 0, 38, 22, 0, 44.87%, 0, 0, 8, 230.12, 56925, 35
285, 6, 31, 38, 22, 0, 44.87%, 0, 0, 8, 226.94, 58095, 35
290, 6, 11, 38, 22, 0, 44.87%, 0, 0, 8, 227.08, 59281, 35
295, 6, 15, 38, 21, 0, 44.87%, 0, 0, 8, 229.65, 60466, 35
301, 7, 0, 38, 21, 0, 44.87%, 0, 0, 8, 231.22, 61690, 35
306, 7, 31, 38, 21, 0, 44.87%, 0, 0, 8, 232.70, 62923, 35
311, 7, 0, 40, 22, 0, 46.15%, 0, 0, 8, 234.08, 64139, 36
316, 7, 39, 41, 23, 0, 46.15%, 0, 0, 9, 234.52, 65319, 36
321, 7, 39, 41, 23, 0, 46.15%, 0, 0, 9, 237.12, 66523, 36
326, 7, 39, 43, 25, 0, 48.72%, 0, 0, 9, 235.53, 67753, 38
331, 7, 39, 44, 26, 0, 50.00%, 0, 0, 9, 232.51, 68928, 39
336, 7, 39, 44, 26, 0, 50.00%, 0, 0, 9, 233.70, 70116, 39
341, 7, 39, 44, 26, 0, 50.00%, 0, 0, 9, 232.50, 71336, 39
347, 7, 39, 44, 26, 0, 50.00%, 0, 0, 9, 230.59, 72412, 39
352, 7, 41, 45, 26, 2, 50.00%, 0, 0, 9, 234.53, 73600, 39
357, 7, 41, 46, 27, 2, 50.00%, 0, 0, 10, 237.30, 74828, 39
362, 7, 43, 48, 27, 1, 51.28%, 0, 0, 10, 235.68, 76011, 40
367, 7, 42, 49, 27, 0, 51.28%, 0, 0, 10, 238.88, 77198, 40
372, 7, 42, 50, 28, 0, 51.28%, 0, 0, 10, 234.73, 78417, 40
377, 7, 42, 50, 28, 0, 51.28%, 0, 0, 10, 232.47, 79581, 40
382, 7, 42, 50, 28, 0, 51.28%, 0, 0, 10, 235.35, 80773, 40
387, 7, 42, 50, 28, 0, 51.28%, 0, 0, 10, 239.03, 81977, 40
392, 7, 47, 50, 28, 0, 51.28%, 0, 0, 10, 238.71, 83186, 40
397, 7, 47, 52, 30, 0, 52.56%, 0, 0, 11, 235.83, 84368, 41
402, 7, 47, 53, 31, 0, 53.85%, 0, 0, 11, 236.98, 85583, 42
407, 7, 50, 54, 30, 1, 53.85%, 0, 0, 12, 234.03, 86799, 42
413, 7, 50, 54, 30, 1, 53.85%, 0, 0, 12, 236.78, 88017, 42
418, 7, 42, 54, 29, 0, 53.85%, 0, 0, 12, 242.67, 89281, 42
423, 7, 52, 54, 28, 0, 53.85%, 0, 0, 12, 240.82, 90481, 42
428, 7, 52, 55, 29, 0, 53.85%, 0, 0, 12, 231.12, 91660, 42
433, 7, 52, 56, 30, 0, 58.97%, 0, 0, 12, 226.68, 92775, 46
438, 7, 52, 56, 30, 0, 58.97%, 0, 0, 12, 239.19, 93987, 46
443, 7, 52, 57, 31, 0, 61.54%, 0, 0, 12, 241.28, 95210, 48
448, 7, 52, 58, 32, 0, 61.54%, 0, 0, 12, 238.62, 96401, 48
453, 7, 52, 58, 32, 0, 61.54%, 0, 0, 12, 239.17, 97637, 48
458, 7, 55, 59, 32, 1, 61.54%, 0, 0, 13, 242.46, 98850, 48
463, 7, 55, 59, 32, 1, 61.54%, 0, 0, 13, 244.68, 100067, 48
469, 7, 56, 59, 31, 0, 61.54%, 0, 0, 13, 240.93, 101307, 48
474, 7, 56, 59, 31, 0, 61.54%, 0, 0, 13, 241.83, 102511, 48
479, 7, 56, 59, 31, 0, 61.54%, 0, 0, 13, 235.00, 103699, 48
484, 7, 42, 60, 32, 0, 61.54%, 0, 0, 13, 234.91, 104903, 48
489, 7, 41, 60, 32, 0, 61.54%, 0, 0, 13, 231.87, 106090, 48
494, 7, 55, 60, 32, 0, 61.54%, 0, 0, 13, 230.53, 107260, 48
499, 7, 56, 60, 32, 0, 61.54%, 0, 0, 13, 234.83, 108502, 48
504, 7, 55, 60, 32, 0, 61.54%, 0, 0, 13, 233.61, 109688, 48
509, 7, 55, 61, 33, 0, 61.54%, 0, 0, 13, 234.75, 110930, 48
514, 7, 55, 61, 33, 0, 61.54%, 0, 0, 13, 237.94, 112158, 48
520, 8, 42, 62, 34, 0, 61.54%, 0, 0, 13, 236.86, 113398, 48
525, 8, 0, 65, 37, 0, 61.54%, 0, 0, 13, 233.86, 114611, 48
530, 8, 63, 66, 38, 0, 61.54%, 0, 0, 13, 237.96, 115803, 48
535, 8, 63, 66, 38, 0, 61.54%, 0, 0, 13, 238.13, 117007, 48
540, 8, 55, 66, 37, 0, 61.54%, 0, 0, 13, 240.23, 118253, 48
545, 8, 60, 66, 37, 0, 61.54%, 0, 0, 13, 237.59, 119446, 48
550, 8, 56, 66, 36, 0, 61.54%, 0, 0, 13, 240.03, 120655, 48
555, 8, 42, 66, 36, 0, 61.54%, 0, 0, 13, 239.75, 121900, 48
560, 8, 45, 67, 37, 0, 61.54%, 0, 0, 13, 240.30, 123113, 48
565, 8, 41, 67, 36, 0, 61.54%, 0, 0, 13, 236.07, 124287, 48
570, 8, 24, 68, 37, 0, 61.54%, 0, 0, 13, 236.72, 125521, 48
575, 8, 55, 68, 37, 0, 61.54%, 0, 0, 13, 234.39, 126700, 48
580, 8, 55, 68, 37, 0, 61.54%, 0, 0, 13, 239.56, 127905, 48
586, 8, 21, 69, 38, 0, 61.54%, 0, 0, 13, 236.88, 129119, 48
591, 8, 0, 70, 37, 0, 61.54%, 0, 0, 13, 235.55, 130339, 48
596, 8, 41, 70, 36, 0, 61.54%, 0, 0, 13, 237.35, 131571, 48
601, 8, 0, 71, 37, 0, 61.54%, 0, 0, 13, 233.14, 132737, 48
606, 9, 41, 77, 43, 0, 61.54%, 0, 0, 13, 233.22, 133942, 48
611, 9, 42, 78, 44, 0, 61.54%, 0, 0, 13, 232.09, 135138, 48
616, 9, 0, 82, 48, 0, 61.54%, 0, 0, 13, 232.98, 136306, 48
622, 9, 50, 89, 55, 0, 61.54%, 0, 0, 13, 232.50, 137505, 48
627, 9, 0, 94, 60, 0, 61.54%, 0, 0, 13, 236.54, 138692, 48
632, 9, 42, 94, 59, 0, 61.54%, 0, 0, 13, 237.53, 139918, 48
637, 9, 50, 95, 60, 0, 61.54%, 0, 0, 13, 233.00, 141075, 48
642, 9, 56, 97, 61, 0, 61.54%, 0, 0, 13, 229.95, 142218, 48
647, 9, 92, 98, 62, 0, 61.54%, 0, 0, 13, 230.06, 143399, 48
652, 9, 50, 101, 64, 0, 61.54%, 0, 0, 13, 229.48, 144537, 48
657, 9, 85, 102, 65, 0, 61.54%, 0, 0, 13, 225.53, 145659, 48
662, 9, 39, 103, 65, 0, 61.54%, 0, 0, 13, 227.61, 146790, 48
667, 9, 0, 103, 65, 0, 61.54%, 0, 0, 13, 226.04, 147963, 48
672, 9, 25, 103, 65, 0, 61.54%, 0, 0, 13, 223.43, 149077, 48
677, 9, 67, 104, 65, 0, 61.54%, 0, 0, 13, 224.66, 150246, 48
683, 9, 20, 104, 64, 0, 61.54%, 0, 0, 13, 224.07, 151420, 48
688, 9, 39, 104, 63, 0, 61.54%, 0, 0, 13, 208.31, 152403, 48
693, 9, 56, 104, 63, 0, 61.54%, 0, 0, 13, 213.09, 153470, 48
698, 9, 53, 104, 63, 0, 61.54%, 0, 0, 13, 223.77, 154653, 48
703, 9, 0, 105, 64, 0, 61.54%, 0, 0, 13, 223.78, 155770, 48
708, 9, 42, 105, 64, 0, 61.54%, 0, 0, 13, 220.89, 156903, 48
713, 9, 38, 105, 64, 0, 61.54%, 0, 0, 13, 216.45, 157990, 48
718, 9, 20, 105, 62, 0, 61.54%, 0, 0, 13, 215.27, 159116, 48
723, 9, 20, 105, 62, 0, 61.54%, 0, 0, 13, 215.30, 160247, 48
728, 9, 55, 106, 63, 0, 61.54%, 0, 0, 13, 220.50, 161388, 48
733, 9, 105, 106, 63, 0, 61.54%, 0, 0, 13, 215.97, 162471, 48
739, 9, 105, 106, 63, 0, 61.54%, 0, 0, 13, 213.96, 163582, 48
744, 9, 46, 107, 63, 0, 61.54%, 0, 0, 13, 196.73, 164577, 48
749, 9, 46, 107, 63, 0, 61.54%, 0, 0, 13, 211.30, 165695, 48
754, 9, 62, 107, 63, 0, 61.54%, 0, 0, 13, 209.11, 166777, 48
759, 10, 59, 107, 63, 0, 61.54%, 0, 0, 13, 218.12, 167925, 48
764, 10, 94, 107, 62, 0, 61.54%, 0, 0, 13, 211.02, 168995, 48
769, 10, 39, 108, 62, 0, 61.54%, 0, 0, 13, 217.04, 170084, 48
774, 10, 39, 108, 62, 0, 61.54%, 0, 0, 13, 208.42, 171140, 48
779, 10, 56, 108, 62, 0, 61.54%, 0, 0, 13, 206.98, 172182, 48
784, 10, 56, 108, 62, 0, 61.54%, 0, 0, 13, 192.29, 173161, 48
789, 10, 56, 109, 63, 0, 61.54%, 0, 0, 13, 206.68, 174262, 48
794, 10, 0, 110, 64, 0, 61.54%, 0, 0, 13, 207.67, 175294, 48
799, 10, 0, 110, 64, 0, 61.54%, 0, 0, 13, 207.08, 176332, 48
805, 10, 42, 110, 64, 0, 61.54%, 0, 0, 13, 216.12, 177427, 48
810, 10, 104, 110, 64, 0, 61.54%, 0, 0, 13, 202.14, 178444, 48
815, 10, 104, 110, 64, 0, 61.54%, 0, 0, 13, 201.42, 179463, 48
820, 10, 56, 110, 62, 0, 61.54%, 0, 0, 13, 217.16, 180626, 48
825, 10, 0, 110, 62, 0, 61.54%, 0, 0, 13, 215.30, 181714, 48
830, 10, 41, 110, 62, 0, 61.54%, 0, 0, 13, 217.12, 182809, 48
835, 10, 98, 110, 62, 0, 61.54%, 0, 0, 13, 214.60, 183942, 48
840, 10, 98, 110, 62, 0, 61.54%, 0, 0, 13, 186.58, 184831, 48
846, 10, 56, 110, 61, 0, 61.54%, 0, 0, 13, 206.79, 185885, 48
851, 10, 20, 110, 61, 0, 61.54%, 0, 0, 13, 218.82, 187010, 48
856, 10, 24, 110, 61, 0, 61.54%, 0, 0, 13, 220.19, 188121, 48
861, 10, 56, 110, 61, 0, 61.54%, 0, 0, 13, 221.18, 189206, 48
866, 10, 0, 110, 61, 0, 61.54%, 0, 0, 13, 223.87, 190393, 48
871, 10, 0, 110, 61, 0, 61.54%, 0, 0, 13, 196.80, 191370, 48
876, 10, 41, 110, 60, 0, 61.54%, 0, 0, 13, 197.62, 192393, 48
881, 10, 0, 110, 60, 0, 61.54%, 0, 0, 13, 212.97, 193490, 48
886, 10, 56, 110, 60, 0, 61.54%, 0, 0, 13, 227.29, 194647, 48
892, 10, 42, 110, 60, 0, 61.54%, 0, 0, 13, 161.86, 195466, 48
897, 11, 42, 110, 60, 0, 61.54%, 0, 0, 13, 132.37, 196113, 48
902, 11, 41, 110, 60, 0, 61.54%, 0, 0, 13, 136.28, 196793, 48
907, 11, 56, 110, 60, 0, 61.54%, 0, 0, 13, 207.31, 197975, 48
912, 11, 31, 110, 60, 0, 61.54%, 0, 0, 13, 194.70, 198968, 48
917, 11, 56, 110, 60, 0, 61.54%, 0, 0, 13, 213.82, 200070, 48
922, 11, 0, 110, 60, 0, 61.54%, 0, 0, 13, 229.08, 201244, 48
927, 11, 12, 110, 60, 0, 61.54%, 0, 0, 13, 226.15, 202406, 48
932, 11, 55, 110, 60, 0, 61.54%, 0, 0, 13, 229.43, 203607, 48
938, 11, 0, 110, 60, 0, 61.54%, 0, 0, 13, 217.49, 204736, 48
943, 11, 70, 110, 60, 0, 61.54%, 0, 0, 13, 229.62, 205946, 48
948, 11, 56, 111, 60, 0, 61.54%, 0, 0, 13, 230.12, 207149, 48
953, 11, 56, 111, 60, 0, 61.54%, 0, 0, 13, 227.98, 208289, 48
958, 11, 42, 111, 60, 0, 61.54%, 0, 0, 13, 229.31, 209459, 48
963, 11, 55, 111, 60, 0, 61.54%, 0, 0, 13, 224.72, 210617, 48
968, 11, 102, 112, 61, 0, 61.54%, 0, 0, 13, 223.92, 211736, 48
973, 11, 102, 112, 61, 0, 61.54%, 0, 0, 13, 206.85, 212756, 48
979, 11, 102, 112, 61, 0, 61.54%, 0, 0, 13, 199.31, 213781, 48
984, 11, 56, 112, 60, 0, 61.54%, 0, 0, 13, 213.48, 214889, 48
989, 11, 24, 112, 59, 0, 61.54%, 0, 0, 13, 224.65, 216077, 48
994, 11, 55, 112, 59, 0, 61.54%, 0, 0, 13, 223.90, 217188, 48
999, 11, 56, 112, 59, 0, 61.54%, 0, 0, 13, 217.38, 218252, 48
1004, 11, 38, 112, 59, 0, 61.54%, 0, 0, 13, 219.34, 219369, 48
1009, 11, 32, 112, 59, 0, 61.54%, 0, 0, 13, 219.00, 220538, 48
1015, 11, 56, 112, 57, 0, 61.54%, 0, 0, 13, 207.72, 221625, 48
1020, 11, 40, 112, 57, 0, 61.54%, 0, 0, 13, 209.52, 222671, 48
1025, 11, 42, 112, 56, 0, 61.54%, 0, 0, 13, 217.21, 223795, 48
1030, 11, 12, 112, 56, 0, 61.54%, 0, 0, 13, 205.19, 224821, 48
1035, 11, 96, 112, 56, 0, 61.54%, 0, 0, 13, 178.92, 225647, 48
1040, 11, 24, 112, 55, 0, 61.54%, 0, 0, 13, 222.69, 226849, 48
1045, 11, 56, 112, 55, 0, 61.54%, 0, 0, 13, 215.59, 227981, 48
1050, 11, 55, 112, 55, 0, 61.54%, 0, 0, 13, 210.34, 229058, 48
1056, 11, 15, 112, 55, 0, 61.54%, 0, 0, 13, 208.09, 230151, 48
1061, 12, 41, 112, 55, 0, 61.54%, 0, 0, 13, 218.11, 231304, 48
1066, 12, 95, 112, 55, 0, 61.54%, 0, 0, 13, 217.99, 232414, 48
1071, 12, 56, 112, 53, 0, 61.54%, 0, 0, 13, 215.19, 233528, 48
1076, 12, 16, 112, 53, 0, 61.54%, 0, 0, 13, 226.55, 234653, 48
1081, 12, 31, 112, 53, 0, 61.54%, 0, 0, 13, 226.39, 235834, 48
1086, 12, 39, 112, 53, 0, 61.54%, 0, 0, 13, 230.22, 237011, 48
1092, 12, 44, 112, 52, 0, 61.54%, 0, 0, 13, 227.47, 238183, 48
1097, 12, 56, 112, 51, 0, 61.54%, 0, 0, 13, 224.68, 239343, 48
1102, 12, 20, 112, 51, 0, 61.54%, 0, 0, 13, 216.99, 240452, 48
1107, 12, 79, 112, 51, 0, 61.54%, 0, 0, 13, 219.52, 241609, 48
1112, 12, 65, 112, 50, 0, 61.54%, 0, 0, 13, 220.78, 242772, 48
1118, 12, 56, 112, 49, 0, 61.54%, 0, 0, 13, 223.84, 243953, 48
1123, 12, 56, 112, 49, 0, 61.54%, 0, 0, 13, 223.68, 245080, 48
1128, 12, 107, 112, 49, 0, 61.54%, 0, 0, 13, 211.98, 246160, 48
1133, 12, 24, 112, 48, 0, 61.54%, 0, 0, 13, 200.66, 247206, 48
1138, 12, 56, 112, 48, 0, 61.54%, 0, 0, 13, 191.20, 248176, 48
1143, 12, 0, 113, 49, 0, 61.54%, 0, 0, 13, 192.93, 249178, 48
1148, 12, 56, 113, 49, 0, 61.54%, 0, 0, 13, 206.01, 250238, 48
1153, 12, 42, 113, 49, 0, 61.54%, 0, 0, 13, 216.32, 251389, 48
1158, 12, 87, 113, 49, 0, 61.54%, 0, 0, 13, 215.52, 252479, 48
1163, 12, 55, 113, 48, 0, 61.54%, 0, 0, 13, 209.69, 253534, 48
1169, 12, 56, 113, 47, 0, 61.54%, 0, 0, 13, 212.62, 254666, 48
1174, 12, 0, 113, 47, 0, 61.54%, 0, 0, 13, 199.89, 255664, 48
1179, 12, 62, 113, 47, 0, 61.54%, 0, 0, 13, 225.10, 256794, 48
1184, 12, 42, 114, 48, 0, 61.54%, 0, 0, 13, 267.19, 258231, 48
1189, 12, 97, 114, 48, 0, 61.54%, 0, 0, 13, 246.38, 259547, 48
1194, 12, 56, 114, 47, 0, 61.54%, 0, 0, 13, 268.65, 260919, 48
1199, 12, 15, 114, 46, 0, 61.54%, 0, 0, 13, 271.70, 262284, 48
1204, 13, 0, 114, 46, 0, 61.54%, 0, 0, 13, 272.03, 263647, 48
1209, 13, 56, 114, 46, 0, 61.54%, 0, 0, 13, 268.62, 264994, 48
1214, 13, 0, 114, 46, 0, 61.54%, 0, 0, 13, 266.59, 266321, 48
1219, 13, 99, 114, 45, 0, 61.54%, 0, 0, 13, 271.25, 267690, 48
1224, 13, 99, 114, 45, 0, 61.54%, 0, 0, 13, 256.18, 268950, 48
1230, 13, 0, 114, 44, 0, 61.54%, 0, 0, 13, 271.00, 270367, 48
1235, 13, 42, 114, 44, 0, 61.54%, 0, 0, 13, 266.68, 271702, 48
1240, 13, 0, 114, 44, 0, 61.54%, 0, 0, 13, 270.51, 273068, 48
1245, 13, 0, 114, 44, 0, 61.54%, 0, 0, 13, 265.46, 274398, 48
1250, 13, 42, 114, 43, 0, 61.54%, 0, 0, 13, 257.67, 275724, 48
1255, 13, 56, 114, 43, 0, 61.54%, 0, 0, 13, 260.10, 277032, 48
1260, 13, 62, 114, 43, 0, 61.54%, 0, 0, 13, 265.79, 278400, 48
1265, 13, 56, 114, 43, 0, 61.54%, 0, 0, 13, 258.54, 279661, 48
1270, 13, 41, 114, 43, 0, 61.54%, 0, 0, 13, 266.17, 281037, 48
1276, 13, 0, 114, 43, 0, 61.54%, 0, 0, 13, 269.02, 282437, 48
1281, 13, 56, 114, 43, 0, 61.54%, 0, 0, 13, 269.97, 283761, 48
1286, 13, 24, 114, 43, 0, 61.54%, 0, 0, 13, 272.33, 285126, 48
1291, 13, 20, 114, 43, 0, 61.54%, 0, 0, 13, 265.53, 286472, 48
1296, 13, 0, 114, 42, 0, 61.54%, 0, 0, 13, 264.77, 287814, 48
1301, 13, 0, 114, 42, 0, 61.54%, 0, 0, 13, 258.21, 289131, 48
1306, 13, 39, 114, 42, 0, 61.54%, 0, 0, 13, 253.51, 290368, 48
1311, 13, 0, 114, 42, 0, 61.54%, 0, 0, 13, 253.61, 291663, 48
1316, 14, 0, 115, 43, 0, 61.54%, 0, 0, 13, 262.69, 293002, 48
1321, 14, 42, 115, 43, 0, 61.54%, 0, 0, 13, 270.07, 294404, 48
1326, 14, 0, 115, 43, 0, 61.54%, 0, 0, 13, 273.75, 295793, 48
1331, 14, 42, 115, 43, 0, 61.54%, 0, 0, 13, 240.21, 296987, 48
1336, 14, 62, 115, 43, 0, 61.54%, 0, 0, 13, 242.84, 298222, 48
1341, 14, 42, 115, 43, 0, 61.54%, 0, 0, 13, 270.85, 299674, 48
1346, 14, 56, 115, 43, 0, 61.54%, 0, 0, 13, 273.42, 301094, 48
1352, 14, 51, 115, 43, 0, 61.54%, 0, 0, 13, 264.77, 302436, 48
1357, 14, 41, 115, 42, 0, 61.54%, 0, 0, 13, 266.94, 303790, 48
1362, 14, 0, 115, 41, 0, 61.54%, 0, 0, 13, 318.20, 305525, 48
1367, 14, 55, 117, 43, 0, 61.54%, 0, 0, 13, 319.40, 307151, 48
1372, 14, 19, 117, 43, 0, 61.54%, 0, 0, 13, 343.74, 308974, 48
1377, 14, 86, 117, 42, 0, 61.54%, 0, 0, 13, 338.24, 310700, 48
1382, 14, 56, 117, 41, 0, 61.54%, 0, 0, 13, 324.96, 312327, 48
1387, 14, 56, 117, 41, 0, 61.54%, 0, 0, 13, 328.70, 314015, 48
1392, 14, 0, 118, 42, 0, 61.54%, 0, 0, 13, 327.01, 315674, 48
1398, 14, 42, 118, 42, 0, 61.54%, 0, 0, 13, 336.67, 317449, 48
1403, 14, 0, 118, 42, 0, 61.54%, 0, 0, 13, 336.39, 319192, 48
1408, 14, 0, 118, 42, 0, 61.54%, 0, 0, 13, 332.40, 320911, 48
1413, 14, 43, 118, 41, 0, 61.54%, 0, 0, 13, 332.80, 322620, 48
1418, 15, 0, 118, 41, 0, 61.54%, 0, 0, 13, 299.24, 324103, 48
1423, 15, 56, 119, 42, 0, 61.54%, 0, 0, 13, 302.10, 325634, 48
1429, 15, 80, 119, 42, 0, 61.54%, 0, 0, 13, 334.30, 327397, 48
1434, 15, 0, 119, 41, 0, 61.54%, 0, 0, 13, 277.62, 328784, 48
1439, 15, 62, 119, 41, 0, 61.54%, 0, 0, 13, 285.99, 330231, 48
1444, 15, 42, 119, 41, 0, 61.54%, 0, 0, 13, 333.26, 331934, 48
1449, 15, 0, 120, 42, 0, 61.54%, 0, 0, 13, 480.90, 334441, 48
1454, 15, 118, 120, 42, 0, 61.54%, 0, 0, 13, 618.13, 337496, 48
1459, 15, 119, 120, 41, 0, 61.54%, 0, 0, 13, 314.66, 338846, 48
1464, 15, 119, 120, 41, 0, 61.54%, 0, 0, 13, 218.67, 339808, 48
1469, 15, 56, 120, 40, 0, 61.54%, 0, 0, 13, 644.86, 343179, 48
1474, 15, 119, 120, 40, 0, 61.54%, 0, 0, 13, 592.64, 346480, 48
1479, 15, 62, 121, 41, 0, 61.54%, 0, 0, 13, 747.64, 350488, 48
1485, 15, 0, 121, 41, 0, 61.54%, 0, 0, 13, 759.89, 354413, 48
1490, 16, 56, 121, 41, 0, 61.54%, 1, 0, 13, 788.49, 358439, 48
1490, 16, 56, 121, 41, 0, 61.54%, 1, 0, 13, 0.00, 358439, 48
