# relative_time, cycles_done, cur_item, corpus_count, pending_total, pending_favs, map_size, saved_crashes, saved_hangs, max_depth, execs_per_sec, total_execs, edges_found
60, 0, 0, 22, 22, 1, 48.72%, 0, 0, 2, 268.66, 17045, 38
65, 0, 0, 22, 22, 1, 48.72%, 0, 0, 2, 257.99, 18345, 38
71, 0, 0, 23, 23, 1, 48.72%, 0, 0, 2, 270.14, 19772, 38
76, 0, 0, 23, 23, 1, 48.72%, 0, 0, 2, 275.16, 21147, 38
81, 0, 0, 23, 23, 1, 48.72%, 0, 0, 2, 265.66, 22327, 38
86, 0, 0, 23, 23, 1, 48.72%, 0, 0, 2, 275.25, 23767, 38
91, 0, 0, 23, 23, 1, 48.72%, 0, 0, 2, 266.77, 25052, 38
96, 0, 0, 23, 23, 1, 48.72%, 0, 0, 2, 274.62, 26477, 38
101, 0, 0, 23, 23, 1, 48.72%, 0, 0, 2, 278.01, 27887, 38
106, 0, 0, 24, 24, 1, 50.00%, 0, 0, 2, 278.77, 29299, 39
111, 0, 0, 25, 25, 1, 50.00%, 0, 0, 2, 276.77, 30701, 39
116, 0, 0, 25, 25, 1, 50.00%, 0, 0, 2, 276.70, 32111, 39
121, 0, 0, 25, 25, 1, 50.00%, 0, 0, 2, 274.70, 33561, 39
126, 0, 0, 25, 25, 1, 50.00%, 0, 0, 2, 276.78, 34956, 39
131, 0, 0, 25, 25, 1, 50.00%, 0, 0, 2, 278.95, 36386, 39
136, 0, 0, 25, 25, 1, 50.00%, 0, 0, 2, 276.37, 37771, 39
141, 0, 0, 25, 25, 1, 50.00%, 0, 0, 2, 274.64, 39141, 39
147, 0, 0, 25, 25, 1, 50.00%, 0, 0, 2, 279.52, 40616, 39
152, 0, 0, 25, 25, 1, 50.00%, 0, 0, 2, 264.03, 41846, 39
157, 0, 0, 25, 25, 1, 50.00%, 0, 0, 2, 284.60, 43341, 39
162, 0, 0, 25, 25, 1, 50.00%, 0, 0, 2, 277.40, 44771, 39
167, 0, 0, 25, 25, 1, 50.00%, 0, 0, 2, 271.66, 46141, 39
172, 0, 0, 25, 25, 1, 50.00%, 0, 0, 2, 277.42, 47556, 39
177, 0, 0, 25, 25, 1, 50.00%, 0, 0, 2, 278.48, 48986, 39
183, 0, 0, 25, 25, 1, 50.00%, 0, 0, 2, 274.34, 50421, 39
188, 0, 0, 25, 25, 1, 50.00%, 0, 0, 2, 277.02, 51816, 39
193, 0, 0, 25, 25, 1, 50.00%, 0, 0, 2, 286.36, 53246, 39
198, 0, 0, 25, 25, 1, 50.00%, 0, 0, 2, 283.00, 54656, 39
203, 0, 0, 25, 25, 1, 50.00%, 0, 0, 2, 281.79, 56071, 39
208, 0, 0, 25, 25, 1, 50.00%, 0, 0, 2, 277.25, 57476, 39
213, 0, 0, 25, 25, 1, 50.00%, 0, 0, 2, 278.04, 58886, 39
218, 0, 0, 26, 26, 1, 51.28%, 0, 0, 2, 285.08, 60368, 40
223, 0, 0, 26, 26, 1, 51.28%, 0, 0, 2, 290.36, 61653, 40
228, 0, 0, 26, 26, 1, 51.28%, 0, 0, 2, 278.86, 63048, 40
233, 0, 0, 26, 26, 1, 51.28%, 0, 0, 2, 277.38, 64448, 40
238, 0, 0, 26, 26, 1, 51.28%, 0, 0, 2, 281.59, 65848, 40
243, 0, 0, 26, 26, 1, 51.28%, 0, 0, 2, 279.38, 67238, 40
248, 0, 0, 26, 26, 1, 51.28%, 0, 0, 2, 281.76, 68638, 40
253, 0, 0, 26, 26, 1, 51.28%, 0, 0, 2, 279.51, 70033, 40
258, 0, 0, 26, 26, 1, 51.28%, 0, 0, 2, 331.49, 71773, 40
264, 0, 0, 26, 26, 1, 51.28%, 0, 0, 2, 344.26, 73555, 40
269, 0, 0, 26, 26, 1, 51.28%, 0, 0, 2, 348.49, 75355, 40
274, 0, 0, 26, 26, 1, 51.28%, 0, 0, 2, 352.86, 77118, 40
279, 0, 0, 26, 26, 1, 51.28%, 0, 0, 2, 347.67, 78889, 40
284, 0, 0, 26, 26, 1, 51.28%, 0, 0, 2, 348.60, 80683, 40
289, 0, 0, 26, 26, 1, 51.28%, 0, 0, 2, 346.44, 82411, 40
294, 0, 0, 26, 26, 1, 51.28%, 0, 0, 2, 349.31, 84205, 40
299, 0, 0, 26, 26, 1, 51.28%, 0, 0, 2, 352.79, 85973, 40
305, 0, 0, 26, 26, 1, 51.28%, 0, 0, 2, 348.08, 87691, 40
310, 0, 0, 26, 26, 1, 51.28%, 0, 0, 2, 351.40, 89494, 40
315, 0, 0, 26, 26, 1, 51.28%, 0, 0, 2, 347.53, 91225, 40
320, 0, 0, 26, 26, 1, 51.28%, 0, 0, 2, 342.64, 92899, 40
325, 0, 0, 26, 26, 1, 51.28%, 0, 0, 2, 345.56, 94669, 40
330, 0, 0, 26, 26, 1, 51.28%, 0, 0, 2, 349.50, 96463, 40
335, 0, 0, 26, 26, 1, 51.28%, 0, 0, 2, 344.48, 98251, 40
340, 0, 0, 26, 26, 1, 51.28%, 0, 0, 2, 345.01, 100043, 40
346, 0, 0, 26, 26, 1, 51.28%, 0, 0, 2, 337.03, 101695, 40
351, 0, 0, 26, 26, 1, 51.28%, 0, 0, 2, 338.24, 103459, 40
356, 0, 0, 26, 26, 1, 51.28%, 0, 0, 2, 431.94, 105817, 40
361, 0, 0, 26, 26, 1, 51.28%, 0, 0, 2, 437.66, 108057, 40
366, 0, 0, 26, 26, 1, 51.28%, 0, 0, 2, 451.95, 110377, 40
371, 0, 0, 26, 26, 1, 51.28%, 0, 0, 2, 457.63, 112717, 40
376, 0, 0, 26, 26, 1, 51.28%, 0, 0, 2, 459.08, 115066, 40
381, 0, 0, 26, 26, 1, 51.28%, 0, 0, 2, 450.51, 117369, 40
386, 0, 0, 26, 26, 1, 51.28%, 0, 0, 2, 452.69, 119701, 40
391, 0, 0, 26, 26, 1, 51.28%, 0, 0, 2, 457.13, 122023, 40
397, 0, 0, 26, 26, 1, 51.28%, 0, 0, 2, 454.18, 124354, 40
402, 0, 0, 26, 26, 1, 51.28%, 0, 0, 2, 453.81, 126685, 40
407, 0, 0, 27, 27, 1, 51.28%, 0, 0, 2, 452.43, 128987, 40
412, 0, 0, 27, 27, 1, 51.28%, 0, 0, 2, 456.50, 131282, 40
417, 0, 0, 27, 27, 1, 51.28%, 0, 0, 2, 454.40, 133622, 40
422, 0, 0, 27, 27, 1, 51.28%, 0, 0, 2, 453.55, 135926, 40
427, 0, 0, 27, 27, 1, 51.28%, 0, 0, 2, 466.45, 138275, 40
432, 0, 0, 27, 27, 1, 51.28%, 0, 0, 2, 459.88, 140363, 40
437, 0, 0, 27, 27, 1, 51.28%, 0, 0, 2, 459.92, 142676, 40
442, 0, 0, 27, 27, 1, 51.28%, 0, 0, 2, 462.66, 145007, 40
447, 0, 0, 27, 27, 1, 51.28%, 0, 0, 2, 462.97, 147347, 40
453, 0, 0, 27, 27, 1, 51.28%, 0, 0, 2, 462.55, 149687, 40
458, 0, 0, 27, 27, 1, 51.28%, 0, 0, 2, 456.95, 151991, 40
463, 0, 0, 27, 27, 1, 51.28%, 0, 0, 2, 459.14, 154322, 40
468, 0, 0, 27, 27, 1, 51.28%, 0, 0, 2, 460.20, 156635, 40
473, 0, 0, 27, 27, 1, 51.28%, 0, 0, 2, 459.17, 158975, 40
478, 0, 0, 27, 27, 1, 51.28%, 0, 0, 2, 466.90, 161324, 40
483, 0, 0, 27, 27, 1, 51.28%, 0, 0, 2, 469.46, 163682, 40
488, 0, 0, 27, 27, 1, 51.28%, 0, 0, 2, 464.68, 166049, 40
493, 0, 0, 27, 27, 1, 51.28%, 0, 0, 2, 463.97, 168380, 40
498, 0, 0, 27, 27, 1, 51.28%, 0, 0, 2, 460.16, 170720, 40
504, 0, 0, 27, 27, 1, 51.28%, 0, 0, 2, 470.84, 173159, 40
509, 0, 0, 27, 27, 1, 51.28%, 0, 0, 2, 466.23, 175499, 40
514, 0, 0, 27, 27, 1, 51.28%, 0, 0, 2, 467.35, 177839, 40
519, 0, 0, 27, 27, 1, 51.28%, 0, 0, 2, 463.62, 180161, 40
524, 0, 0, 27, 27, 1, 51.28%, 0, 0, 2, 465.67, 182501, 40
529, 0, 0, 27, 27, 1, 51.28%, 0, 0, 2, 456.91, 184832, 40
534, 0, 0, 27, 27, 1, 51.28%, 0, 0, 2, 456.77, 187154, 40
539, 0, 0, 27, 27, 1, 51.28%, 0, 0, 2, 460.57, 189485, 40
544, 0, 0, 27, 27, 1, 51.28%, 0, 0, 2, 455.76, 191825, 40
549, 0, 0, 27, 27, 1, 51.28%, 0, 0, 2, 461.61, 194192, 40
554, 0, 0, 27, 27, 1, 51.28%, 0, 0, 2, 460.81, 196532, 40
559, 0, 0, 27, 27, 1, 51.28%, 0, 0, 2, 457.02, 198854, 40
564, 0, 0, 27, 27, 1, 51.28%, 0, 0, 2, 455.09, 201185, 40
569, 0, 0, 27, 27, 1, 51.28%, 0, 0, 2, 453.79, 203516, 40
574, 0, 0, 28, 28, 1, 51.28%, 0, 0, 2, 459.34, 205845, 40
579, 0, 0, 28, 28, 1, 51.28%, 0, 0, 2, 458.08, 208185, 40
584, 0, 0, 28, 28, 1, 51.28%, 0, 0, 2, 456.93, 210507, 40
590, 0, 0, 28, 28, 1, 51.28%, 0, 0, 2, 455.88, 212847, 40
595, 0, 0, 28, 28, 1, 51.28%, 0, 0, 2, 450.32, 215151, 40
600, 0, 0, 28, 28, 1, 51.28%, 0, 0, 2, 457.05, 217482, 40
605, 0, 0, 28, 28, 1, 51.28%, 0, 0, 2, 461.84, 219813, 40
610, 0, 0, 28, 28, 1, 51.28%, 0, 0, 2, 460.03, 222144, 40
615, 0, 0, 28, 28, 1, 51.28%, 0, 0, 2, 453.30, 224466, 40
620, 0, 0, 28, 28, 1, 51.28%, 0, 0, 2, 444.77, 226727, 40
625, 0, 0, 28, 28, 1, 51.28%, 0, 0, 2, 450.98, 229047, 40
630, 0, 0, 28, 28, 1, 51.28%, 0, 0, 2, 455.05, 231324, 40
635, 0, 0, 28, 28, 1, 51.28%, 0, 0, 2, 448.26, 233591, 40
640, 0, 0, 28, 28, 1, 51.28%, 0, 0, 2, 448.82, 235860, 40
646, 0, 0, 28, 28, 1, 51.28%, 0, 0, 2, 430.96, 238055, 40
651, 0, 0, 28, 28, 1, 51.28%, 0, 0, 2, 434.44, 240239, 40
656, 0, 0, 28, 28, 1, 51.28%, 0, 0, 2, 437.47, 242415, 40
661, 0, 0, 28, 28, 1, 51.28%, 0, 0, 2, 428.87, 244639, 40
666, 0, 0, 28, 28, 1, 51.28%, 0, 0, 2, 437.45, 246903, 40
671, 0, 0, 28, 28, 1, 51.28%, 0, 0, 2, 437.38, 249071, 40
676, 0, 0, 28, 28, 1, 51.28%, 0, 0, 2, 430.48, 251215, 40
681, 0, 0, 29, 29, 1, 52.56%, 0, 0, 2, 438.30, 253414, 41
686, 0, 0, 29, 29, 1, 52.56%, 0, 0, 2, 434.76, 255582, 41
691, 0, 0, 29, 29, 1, 52.56%, 0, 0, 2, 443.49, 257878, 41
696, 0, 0, 29, 29, 1, 52.56%, 0, 0, 2, 442.12, 260086, 41
701, 0, 0, 29, 29, 1, 52.56%, 0, 0, 2, 440.67, 262302, 41
706, 0, 0, 29, 29, 1, 52.56%, 0, 0, 2, 437.53, 264494, 41
712, 0, 0, 29, 29, 1, 52.56%, 0, 0, 2, 446.43, 266798, 41
717, 0, 0, 29, 29, 1, 52.56%, 0, 0, 2, 443.53, 269022, 41
722, 0, 0, 29, 29, 1, 52.56%, 0, 0, 2, 446.93, 271238, 41
727, 0, 0, 29, 29, 1, 52.56%, 0, 0, 2, 451.41, 273568, 41
732, 0, 0, 29, 29, 1, 52.56%, 0, 0, 2, 443.47, 275798, 41
737, 0, 0, 29, 29, 1, 52.56%, 0, 0, 2, 442.29, 278022, 41
742, 0, 0, 29, 29, 1, 52.56%, 0, 0, 2, 437.38, 280182, 41
747, 0, 0, 29, 29, 1, 52.56%, 0, 0, 2, 442.13, 282422, 41
752, 0, 0, 29, 29, 1, 52.56%, 0, 0, 2, 454.10, 284719, 41
757, 0, 0, 29, 29, 1, 52.56%, 0, 0, 2, 452.29, 287077, 41
762, 0, 0, 29, 29, 1, 52.56%, 0, 0, 2, 443.60, 289302, 41
767, 0, 0, 29, 29, 1, 52.56%, 0, 0, 2, 427.34, 291438, 41
772, 0, 0, 29, 29, 1, 52.56%, 0, 0, 2, 395.06, 293446, 41
777, 0, 0, 29, 29, 1, 52.56%, 0, 0, 2, 409.76, 295478, 41
782, 0, 0, 29, 29, 1, 52.56%, 0, 0, 2, 430.03, 297646, 41
788, 0, 0, 29, 29, 1, 52.56%, 0, 0, 2, 558.27, 300479, 41
793, 0, 0, 29, 29, 1, 52.56%, 0, 0, 2, 624.94, 303682, 41
798, 0, 0, 29, 29, 1, 52.56%, 0, 0, 2, 619.94, 306826, 41
803, 0, 0, 29, 29, 1, 52.56%, 0, 0, 2, 618.41, 309970, 41
808, 0, 0, 29, 29, 1, 52.56%, 0, 0, 2, 594.55, 313066, 41
813, 0, 0, 29, 29, 1, 52.56%, 0, 0, 2, 617.82, 316222, 41
818, 0, 0, 29, 29, 1, 52.56%, 0, 0, 2, 623.84, 319522, 41
823, 0, 0, 29, 29, 1, 52.56%, 0, 0, 2, 617.51, 322702, 41
828, 0, 0, 29, 29, 1, 52.56%, 0, 0, 2, 632.59, 325882, 41
833, 0, 0, 29, 29, 1, 52.56%, 0, 0, 2, 618.96, 329026, 41
838, 0, 0, 29, 29, 1, 52.56%, 0, 0, 2, 608.35, 332122, 41
843, 0, 0, 29, 29, 1, 52.56%, 0, 0, 2, 599.32, 335194, 41
848, 0, 0, 29, 29, 1, 52.56%, 0, 0, 2, 612.16, 338278, 41
853, 0, 0, 29, 29, 1, 52.56%, 0, 0, 2, 638.42, 341566, 41
858, 0, 0, 29, 29, 1, 52.56%, 0, 0, 2, 631.88, 344830, 41
864, 0, 0, 29, 29, 1, 52.56%, 0, 0, 2, 610.26, 347998, 41
869, 0, 0, 29, 29, 1, 52.56%, 0, 0, 2, 609.56, 351106, 41
874, 0, 0, 29, 29, 1, 52.56%, 0, 0, 2, 621.01, 354262, 41
879, 0, 0, 29, 29, 1, 52.56%, 0, 0, 2, 616.42, 357478, 41
884, 0, 0, 29, 29, 1, 52.56%, 0, 0, 2, 616.89, 360646, 41
889, 0, 0, 29, 29, 1, 52.56%, 0, 0, 2, 618.44, 363850, 41
894, 0, 0, 30, 30, 1, 52.56%, 0, 0, 2, 628.36, 367109, 41
899, 0, 0, 30, 30, 1, 52.56%, 0, 0, 2, 625.05, 370217, 41
904, 0, 0, 30, 30, 1, 52.56%, 0, 0, 2, 619.69, 373361, 41
910, 0, 0, 30, 30, 1, 52.56%, 0, 0, 2, 611.60, 376577, 41
915, 0, 0, 30, 30, 1, 52.56%, 0, 0, 2, 637.87, 379937, 41
920, 0, 0, 30, 30, 1, 52.56%, 0, 0, 2, 624.78, 383093, 41
925, 0, 0, 30, 30, 1, 52.56%, 0, 0, 2, 514.31, 385711, 41
930, 0, 0, 30, 30, 1, 52.56%, 0, 0, 2, 571.26, 388827, 41
935, 0, 0, 30, 30, 1, 52.56%, 0, 0, 2, 486.46, 391196, 41
940, 0, 0, 30, 30, 1, 52.56%, 0, 0, 2, 474.71, 393554, 41
945, 0, 0, 30, 30, 1, 52.56%, 0, 0, 2, 472.63, 395903, 41
951, 0, 0, 30, 30, 1, 52.56%, 0, 0, 2, 497.82, 398432, 41
956, 0, 0, 30, 30, 1, 52.56%, 0, 0, 2, 769.43, 402746, 41
961, 0, 0, 30, 30, 1, 52.56%, 0, 0, 2, 817.13, 406909, 41
966, 0, 0, 30, 30, 1, 52.56%, 0, 0, 2, 833.22, 411101, 41
971, 0, 0, 30, 30, 1, 52.56%, 0, 0, 2, 838.60, 415293, 41
976, 0, 0, 30, 30, 1, 52.56%, 0, 0, 2, 841.41, 419661, 41
981, 0, 0, 30, 30, 1, 52.56%, 0, 0, 2, 838.26, 424013, 41
986, 0, 0, 30, 30, 1, 52.56%, 0, 0, 2, 837.13, 428205, 41
991, 0, 0, 30, 30, 1, 52.56%, 0, 0, 2, 835.41, 432397, 41
996, 0, 0, 30, 30, 1, 52.56%, 0, 0, 2, 813.68, 436493, 41
1001, 0, 0, 30, 30, 1, 52.56%, 0, 0, 2, 806.38, 440621, 41
1007, 0, 0, 30, 30, 1, 52.56%, 0, 0, 2, 830.81, 444941, 41
1012, 0, 0, 30, 30, 1, 52.56%, 0, 0, 2, 811.09, 449005, 41
1017, 0, 0, 30, 30, 1, 52.56%, 0, 0, 2, 814.86, 453149, 41
1022, 0, 0, 30, 30, 1, 52.56%, 0, 0, 2, 807.60, 457261, 41
1027, 0, 0, 30, 30, 1, 52.56%, 0, 0, 2, 823.57, 461421, 41
1032, 0, 0, 30, 30, 1, 52.56%, 0, 0, 2, 837.33, 465613, 41
1037, 0, 0, 30, 30, 1, 52.56%, 0, 0, 2, 841.14, 469965, 41
1042, 0, 0, 30, 30, 1, 52.56%, 0, 0, 2, 833.92, 474141, 41
1047, 0, 0, 30, 30, 1, 52.56%, 0, 0, 2, 842.25, 478509, 41
1052, 0, 0, 30, 30, 1, 52.56%, 0, 0, 2, 826.37, 482701, 41
1057, 0, 0, 30, 30, 1, 52.56%, 0, 0, 2, 822.22, 486813, 41
1063, 0, 0, 30, 30, 1, 52.56%, 0, 0, 2, 823.94, 490973, 41
1068, 0, 0, 30, 30, 1, 52.56%, 0, 0, 2, 812.66, 495101, 41
1073, 0, 0, 30, 30, 1, 52.56%, 0, 0, 2, 827.32, 499277, 41
1078, 0, 0, 30, 30, 1, 52.56%, 0, 0, 2, 836.33, 503485, 41
1083, 0, 0, 30, 30, 1, 52.56%, 0, 0, 2, 838.76, 507677, 41
1088, 0, 0, 30, 30, 1, 52.56%, 0, 0, 2, 825.27, 511821, 41
1093, 0, 0, 30, 30, 1, 52.56%, 0, 0, 2, 825.79, 515965, 41
1098, 0, 0, 30, 30, 1, 52.56%, 0, 0, 2, 835.97, 520333, 41
1103, 0, 0, 30, 30, 1, 52.56%, 0, 0, 2, 836.93, 524701, 41
1108, 0, 0, 30, 30, 1, 52.56%, 0, 0, 2, 834.54, 528893, 41
1113, 0, 0, 30, 30, 1, 52.56%, 0, 0, 2, 836.57, 533117, 41
1118, 0, 0, 30, 30, 1, 52.56%, 0, 0, 2, 820.01, 537245, 41
1123, 0, 0, 30, 30, 1, 52.56%, 0, 0, 2, 808.42, 541373, 41
1128, 0, 0, 30, 30, 1, 52.56%, 0, 0, 2, 803.37, 545517, 41
1134, 0, 0, 30, 30, 1, 52.56%, 0, 0, 2, 816.42, 549693, 41
1139, 0, 0, 30, 30, 1, 52.56%, 0, 0, 2, 835.43, 554061, 41
1144, 0, 0, 30, 30, 1, 52.56%, 0, 0, 2, 838.09, 558269, 41
1149, 0, 0, 30, 30, 1, 52.56%, 0, 0, 2, 834.41, 562461, 41
1154, 0, 0, 30, 30, 1, 52.56%, 0, 0, 2, 828.46, 566653, 41
1159, 0, 0, 30, 30, 1, 52.56%, 0, 0, 2, 820.93, 570845, 41
1164, 0, 0, 30, 30, 1, 52.56%, 0, 0, 2, 810.24, 575037, 41
1169, 0, 0, 30, 30, 1, 52.56%, 0, 0, 2, 802.21, 579101, 41
1174, 0, 0, 30, 30, 1, 52.56%, 0, 0, 2, 826.43, 583469, 41
1180, 0, 0, 30, 30, 1, 52.56%, 0, 0, 2, 805.52, 587581, 41
1185, 0, 0, 30, 30, 1, 52.56%, 0, 0, 2, 806.91, 591693, 41
1190, 0, 0, 30, 30, 1, 52.56%, 0, 0, 2, 829.98, 595869, 41
1195, 0, 0, 30, 30, 1, 52.56%, 0, 0, 2, 812.07, 599965, 41
1200, 0, 0, 30, 30, 1, 52.56%, 0, 0, 2, 834.29, 604157, 41
1205, 0, 0, 30, 30, 1, 52.56%, 0, 0, 2, 805.32, 608237, 41
1210, 0, 0, 30, 30, 1, 52.56%, 0, 0, 2, 832.09, 612461, 41
1215, 0, 0, 30, 30, 1, 52.56%, 0, 0, 2, 833.16, 616669, 41
1220, 0, 0, 30, 30, 1, 52.56%, 0, 0, 2, 809.71, 620797, 41
1225, 0, 0, 30, 30, 1, 52.56%, 0, 0, 2, 826.67, 624989, 41
1230, 0, 0, 30, 30, 1, 52.56%, 0, 0, 2, 826.02, 629181, 41
1235, 0, 0, 30, 30, 1, 52.56%, 0, 0, 2, 819.27, 633373, 41
1240, 0, 0, 30, 30, 1, 52.56%, 0, 0, 2, 823.41, 637565, 41
1245, 0, 0, 30, 30, 1, 52.56%, 0, 0, 2, 835.00, 641773, 41
1250, 0, 0, 30, 30, 1, 52.56%, 0, 0, 2, 813.37, 645885, 41
1255, 0, 0, 30, 30, 1, 52.56%, 0, 0, 2, 833.54, 650109, 41
1261, 0, 0, 30, 30, 1, 52.56%, 0, 0, 2, 843.14, 654493, 41
1266, 0, 0, 30, 30, 1, 52.56%, 0, 0, 2, 840.00, 658717, 41
1271, 0, 0, 30, 30, 1, 52.56%, 0, 0, 2, 844.00, 663101, 41
1276, 0, 0, 30, 30, 1, 52.56%, 0, 0, 2, 815.57, 667213, 41
1281, 0, 0, 30, 30, 1, 52.56%, 0, 0, 2, 836.34, 671405, 41
1286, 0, 0, 30, 30, 1, 52.56%, 0, 0, 2, 831.22, 675581, 41
1291, 0, 0, 30, 30, 1, 52.56%, 0, 0, 2, 839.56, 679949, 41
1296, 0, 0, 30, 30, 1, 52.56%, 0, 0, 2, 832.95, 684125, 41
1301, 0, 0, 30, 30, 1, 52.56%, 0, 0, 2, 828.79, 688317, 41
1306, 0, 0, 30, 30, 1, 52.56%, 0, 0, 2, 825.63, 692493, 41
1311, 0, 0, 30, 30, 1, 52.56%, 0, 0, 2, 829.12, 696717, 41
1317, 0, 0, 30, 30, 1, 52.56%, 0, 0, 2, 822.86, 701021, 41
1322, 0, 0, 30, 30, 1, 52.56%, 0, 0, 2, 823.32, 705213, 41
1327, 0, 0, 30, 30, 1, 52.56%, 0, 0, 2, 830.64, 709405, 41
1332, 0, 0, 30, 30, 1, 52.56%, 0, 0, 2, 834.35, 713613, 41
1337, 0, 0, 30, 30, 1, 52.56%, 0, 0, 2, 827.40, 717789, 41
1342, 0, 0, 30, 30, 1, 52.56%, 0, 0, 2, 808.42, 721933, 41
1347, 0, 0, 30, 30, 1, 52.56%, 0, 0, 2, 810.36, 725981, 41
1352, 0, 0, 30, 30, 1, 52.56%, 0, 0, 2, 825.85, 730173, 41
1357, 0, 0, 30, 30, 1, 52.56%, 0, 0, 2, 807.56, 734317, 41
1362, 0, 0, 30, 30, 1, 52.56%, 0, 0, 2, 811.12, 738445, 41
1367, 0, 0, 30, 30, 1, 52.56%, 0, 0, 2, 833.77, 742813, 41
1372, 0, 0, 30, 30, 1, 52.56%, 0, 0, 2, 823.19, 746973, 41
1377, 0, 0, 30, 30, 1, 52.56%, 0, 0, 2, 804.50, 751085, 41
1383, 0, 0, 30, 30, 1, 52.56%, 0, 0, 2, 801.15, 755133, 41
1388, 0, 0, 30, 30, 1, 52.56%, 0, 0, 2, 805.44, 759261, 41
1393, 0, 0, 30, 30, 1, 52.56%, 0, 0, 2, 814.50, 763405, 41
1398, 0, 0, 30, 30, 1, 52.56%, 0, 0, 2, 826.50, 767597, 41
1403, 0, 0, 30, 30, 1, 52.56%, 0, 0, 2, 814.79, 771709, 41
1408, 0, 0, 30, 30, 1, 52.56%, 0, 0, 2, 827.46, 775901, 41
1413, 0, 0, 30, 30, 1, 52.56%, 0, 0, 2, 838.75, 780109, 41
1418, 0, 0, 30, 30, 1, 52.56%, 0, 0, 2, 830.63, 784301, 41
1423, 0, 0, 30, 30, 1, 52.56%, 0, 0, 2, 834.59, 788509, 41
1428, 0, 0, 30, 30, 1, 52.56%, 0, 0, 2, 834.84, 792717, 41
1433, 0, 0, 30, 30, 1, 52.56%, 0, 0, 2, 837.96, 796925, 41
1438, 0, 0, 30, 30, 1, 52.56%, 0, 0, 2, 831.27, 801101, 41
1443, 0, 0, 30, 30, 1, 52.56%, 0, 0, 2, 838.58, 805325, 41
1448, 0, 0, 30, 30, 1, 52.56%, 0, 0, 2, 817.41, 809469, 41
1453, 0, 0, 30, 30, 1, 52.56%, 0, 0, 2, 837.03, 813677, 41
1458, 0, 0, 30, 30, 1, 52.56%, 0, 0, 2, 830.05, 817869, 41
1464, 0, 0, 30, 30, 1, 52.56%, 0, 0, 2, 847.41, 822253, 41
1469, 0, 0, 30, 30, 1, 52.56%, 0, 0, 2, 847.00, 826637, 41
1474, 0, 0, 30, 30, 1, 52.56%, 0, 0, 2, 845.57, 831021, 41
1479, 0, 0, 30, 30, 1, 52.56%, 0, 0, 2, 846.16, 835405, 41
1484, 0, 0, 30, 30, 1, 52.56%, 0, 0, 2, 831.28, 839565, 41
1489, 0, 0, 30, 30, 1, 52.56%, 0, 0, 2, 837.47, 843949, 41
1495, 0, 0, 30, 30, 1, 52.56%, 0, 0, 2, 817.34, 848141, 41
1500, 0, 0, 30, 30, 1, 52.56%, 0, 0, 2, 835.38, 852525, 41
1505, 0, 0, 30, 30, 1, 52.56%, 0, 0, 2, 818.95, 856733, 41
1510, 0, 0, 30, 30, 1, 52.56%, 0, 0, 2, 823.57, 860957, 41
1515, 0, 0, 30, 30, 1, 52.56%, 0, 0, 2, 827.67, 865165, 41
1520, 0, 0, 30, 30, 1, 52.56%, 0, 0, 2, 814.86, 869325, 41
1525, 0, 0, 30, 30, 1, 52.56%, 0, 0, 2, 835.23, 873645, 41
1530, 0, 0, 30, 30, 1, 52.56%, 0, 0, 2, 820.09, 877837, 41
1536, 0, 0, 30, 30, 1, 52.56%, 0, 0, 2, 848.22, 882221, 41
1541, 0, 0, 30, 30, 1, 52.56%, 0, 0, 2, 865.91, 886586, 41
1546, 0, 0, 30, 30, 1, 52.56%, 0, 0, 2, 864.64, 891040, 41
1551, 0, 0, 30, 30, 1, 52.56%, 0, 0, 2, 834.42, 895229, 41
1556, 0, 0, 30, 30, 1, 52.56%, 0, 0, 2, 857.56, 899710, 41
1561, 0, 0, 30, 30, 1, 52.56%, 0, 0, 2, 858.01, 904147, 41
1566, 0, 0, 30, 30, 1, 52.56%, 0, 0, 2, 851.66, 908448, 41
1571, 0, 0, 30, 30, 1, 52.56%, 0, 0, 2, 855.76, 912885, 41
1577, 0, 0, 30, 30, 1, 52.56%, 0, 0, 2, 856.63, 917339, 41
1582, 0, 0, 30, 30, 1, 52.56%, 0, 0, 2, 838.74, 921533, 41
1587, 0, 0, 30, 30, 1, 52.56%, 0, 0, 2, 858.95, 925924, 41
1592, 0, 0, 30, 30, 1, 52.56%, 0, 0, 2, 865.45, 930344, 41
1597, 0, 0, 30, 30, 1, 52.56%, 0, 0, 2, 858.61, 934730, 41
1602, 0, 0, 30, 30, 1, 52.56%, 0, 0, 2, 860.98, 939184, 41
1607, 0, 0, 30, 30, 1, 52.56%, 0, 0, 2, 852.83, 943502, 41
1612, 0, 0, 30, 30, 1, 52.56%, 0, 0, 2, 843.77, 947837, 41
1617, 0, 0, 30, 30, 1, 52.56%, 0, 0, 2, 856.28, 952155, 41
1622, 0, 0, 30, 30, 1, 52.56%, 0, 0, 2, 858.08, 956575, 41
1628, 0, 0, 30, 30, 1, 52.56%, 0, 0, 2, 863.02, 961012, 41
1633, 0, 0, 30, 30, 1, 52.56%, 0, 0, 2, 855.15, 965364, 41
1638, 0, 0, 30, 30, 1, 52.56%, 0, 0, 2, 842.28, 969661, 41
1643, 0, 0, 30, 30, 1, 52.56%, 0, 0, 2, 850.80, 974045, 41
1648, 0, 0, 30, 30, 1, 52.56%, 0, 0, 2, 855.22, 978352, 41
1653, 0, 0, 30, 30, 1, 52.56%, 0, 0, 2, 834.30, 982621, 41
1658, 0, 0, 30, 30, 1, 52.56%, 0, 0, 2, 852.74, 987022, 41
1664, 0, 0, 30, 30, 1, 52.56%, 0, 0, 2, 860.92, 991476, 41
1669, 0, 0, 30, 30, 1, 52.56%, 0, 0, 2, 864.23, 995930, 41
1674, 0, 0, 30, 30, 1, 52.56%, 0, 0, 2, 840.60, 1000157, 41
1679, 0, 0, 30, 30, 1, 52.56%, 0, 0, 2, 856.02, 1004447, 41
1684, 0, 0, 30, 30, 1, 52.56%, 0, 0, 2, 851.10, 1008731, 41
1689, 0, 0, 30, 30, 1, 52.56%, 0, 0, 2, 851.37, 1012981, 41
1694, 0, 0, 30, 30, 1, 52.56%, 0, 0, 2, 851.22, 1017384, 41
1699, 0, 0, 30, 30, 1, 52.56%, 0, 0, 2, 851.70, 1021668, 41
1704, 0, 0, 30, 30, 1, 52.56%, 0, 0, 2, 855.14, 1026020, 41
1709, 0, 0, 30, 30, 1, 52.56%, 0, 0, 2, 842.53, 1030381, 41
1714, 0, 0, 30, 30, 1, 52.56%, 0, 0, 2, 851.35, 1034809, 41
1720, 0, 0, 30, 30, 1, 52.56%, 0, 0, 2, 853.81, 1039212, 41
1725, 0, 0, 30, 30, 1, 52.56%, 0, 0, 2, 855.31, 1043598, 41
1730, 0, 0, 30, 30, 1, 52.56%, 0, 0, 2, 857.35, 1047984, 41
1735, 0, 0, 30, 30, 1, 52.56%, 0, 0, 2, 856.01, 1052438, 41
1740, 0, 0, 30, 30, 1, 52.56%, 0, 0, 2, 853.84, 1056807, 41
1745, 0, 0, 30, 30, 1, 52.56%, 0, 0, 2, 854.15, 1061210, 41
1750, 0, 0, 30, 30, 1, 52.56%, 0, 0, 2, 833.86, 1065373, 41
1756, 0, 0, 30, 30, 1, 52.56%, 0, 0, 2, 842.34, 1069805, 41
1761, 0, 0, 30, 30, 1, 52.56%, 0, 0, 2, 829.08, 1073997, 41
1766, 0, 0, 30, 30, 1, 52.56%, 0, 0, 2, 848.78, 1078413, 41
1771, 0, 0, 30, 30, 1, 52.56%, 0, 0, 2, 844.78, 1082749, 41
1776, 0, 0, 30, 30, 1, 52.56%, 0, 0, 2, 837.02, 1086957, 41
1781, 0, 0, 30, 30, 1, 52.56%, 0, 0, 2, 841.53, 1091213, 41
1786, 0, 0, 30, 30, 1, 52.56%, 0, 0, 2, 830.82, 1095405, 41
1791, 0, 0, 30, 30, 1, 52.56%, 0, 0, 2, 832.85, 1099629, 41
1796, 0, 0, 30, 30, 1, 52.56%, 0, 0, 2, 837.46, 1103837, 41
1801, 0, 0, 30, 30, 1, 52.56%, 0, 0, 2, 845.28, 1108205, 41
1806, 0, 0, 30, 30, 1, 52.56%, 0, 0, 2, 852.28, 1112499, 41
1811, 0, 0, 30, 30, 1, 52.56%, 0, 0, 2, 836.68, 1116749, 41
1816, 0, 0, 30, 30, 1, 52.56%, 0, 0, 2, 840.00, 1120941, 41
1821, 0, 0, 30, 30, 1, 52.56%, 0, 0, 2, 834.03, 1125133, 41
1827, 0, 0, 30, 30, 1, 52.56%, 0, 0, 2, 833.97, 1129341, 41
1832, 0, 0, 30, 30, 1, 52.56%, 0, 0, 2, 836.90, 1133725, 41
1837, 0, 0, 30, 30, 1, 52.56%, 0, 0, 2, 832.64, 1137933, 41
1842, 0, 0, 30, 30, 1, 52.56%, 0, 0, 2, 852.69, 1142351, 41
1847, 0, 0, 30, 30, 1, 52.56%, 0, 0, 2, 839.39, 1146637, 41
1852, 0, 0, 30, 30, 1, 52.56%, 0, 0, 2, 830.58, 1150845, 41
1857, 0, 0, 30, 30, 1, 52.56%, 0, 0, 2, 844.77, 1155213, 41
1862, 0, 0, 30, 30, 1, 52.56%, 0, 0, 2, 857.83, 1159606, 41
1868, 0, 0, 30, 30, 1, 52.56%, 0, 0, 2, 880.39, 1164145, 41
1873, 0, 0, 30, 30, 1, 52.56%, 0, 0, 2, 863.59, 1168514, 41
1878, 0, 0, 30, 30, 1, 52.56%, 0, 0, 2, 876.44, 1172951, 41
1883, 0, 0, 30, 30, 1, 52.56%, 0, 0, 2, 842.52, 1177325, 41
1888, 0, 0, 30, 30, 1, 52.56%, 0, 0, 2, 855.41, 1181757, 41
1893, 0, 0, 30, 30, 1, 52.56%, 0, 0, 2, 833.67, 1185997, 41
1898, 0, 0, 30, 30, 1, 52.56%, 0, 0, 2, 824.60, 1190205, 41
1904, 0, 0, 30, 30, 1, 52.56%, 0, 0, 2, 849.01, 1194573, 41
1909, 0, 0, 30, 30, 1, 52.56%, 0, 0, 2, 823.53, 1198765, 41
1914, 0, 0, 30, 30, 1, 52.56%, 0, 0, 2, 832.12, 1202973, 41
1919, 0, 0, 30, 30, 1, 52.56%, 0, 0, 2, 834.63, 1207357, 41
1924, 0, 14, 40, 32, 3, 53.85%, 0, 0, 4, 817.03, 1211454, 42
1929, 0, 45, 53, 39, 0, 55.13%, 0, 0, 4, 838.02, 1215641, 43
1934, 0, 53, 57, 40, 0, 57.69%, 0, 0, 5, 842.38, 1220074, 45
1939, 0, 53, 59, 42, 0, 57.69%, 0, 0, 5, 842.42, 1224264, 45
1944, 0, 53, 59, 42, 0, 57.69%, 0, 0, 5, 851.65, 1228546, 45
1949, 0, 53, 60, 43, 0, 57.69%, 0, 0, 5, 835.55, 1232843, 45
1954, 0, 55, 61, 43, 0, 57.69%, 0, 0, 5, 838.47, 1237017, 45
1959, 0, 55, 63, 45, 0, 61.54%, 0, 0, 5, 847.81, 1241281, 48
1964, 0, 62, 65, 45, 0, 61.54%, 0, 0, 5, 854.86, 1245614, 48
1970, 0, 45, 69, 49, 0, 61.54%, 0, 0, 6, 831.74, 1249794, 48
1975, 0, 58, 72, 52, 0, 61.54%, 0, 0, 6, 844.51, 1254188, 48
1980, 0, 45, 74, 53, 0, 61.54%, 0, 0, 6, 838.16, 1258563, 48
1985, 0, 45, 75, 54, 0, 61.54%, 0, 0, 6, 821.48, 1262826, 48
1990, 0, 72, 76, 55, 0, 61.54%, 0, 0, 6, 822.29, 1267086, 48
1995, 0, 45, 76, 55, 0, 61.54%, 0, 0, 6, 821.01, 1271342, 48
2000, 0, 45, 77, 56, 0, 61.54%, 0, 0, 6, 838.55, 1275545, 48
2006, 0, 37, 77, 56, 0, 61.54%, 0, 0, 6, 828.61, 1279874, 48
2011, 1, 45, 79, 58, 0, 61.54%, 0, 0, 6, 837.00, 1284230, 48
2016, 1, 58, 83, 61, 0, 61.54%, 0, 0, 6, 822.23, 1288508, 48
2021, 1, 83, 84, 62, 0, 61.54%, 0, 0, 6, 828.13, 1292679, 48
2026, 1, 45, 86, 61, 0, 61.54%, 0, 0, 6, 843.78, 1296890, 48
2031, 1, 62, 86, 60, 0, 61.54%, 0, 0, 6, 838.22, 1301220, 48
2036, 1, 71, 86, 60, 0, 61.54%, 0, 0, 6, 830.45, 1305487, 48
2041, 1, 51, 87, 58, 0, 61.54%, 0, 0, 6, 846.79, 1309769, 48
2046, 1, 88, 90, 61, 0, 61.54%, 0, 0, 6, 848.45, 1314020, 48
2052, 1, 62, 91, 58, 0, 61.54%, 0, 0, 6, 851.74, 1318408, 48
2057, 1, 45, 91, 57, 0, 61.54%, 0, 0, 6, 855.33, 1322705, 48
2062, 1, 45, 92, 58, 0, 61.54%, 0, 0, 6, 843.65, 1326928, 48
2067, 2, 30, 95, 61, 0, 61.54%, 0, 0, 6, 838.20, 1331249, 48
2068, 2, 45, 96, 62, 0, 61.54%, 1, 0, 6, 0.00, 1332397, 48
