# relative_time, cycles_done, cur_item, corpus_count, pending_total, pending_favs, map_size, saved_crashes, saved_hangs, max_depth, execs_per_sec, total_execs, edges_found
61, 0, 0, 26, 26, 1, 51.28%, 0, 0, 2, 819.52, 51648, 40
66, 0, 0, 26, 26, 1, 51.28%, 0, 0, 2, 770.37, 55512, 40
71, 0, 0, 26, 26, 1, 51.28%, 0, 0, 2, 803.31, 59787, 40
76, 0, 0, 26, 26, 1, 51.28%, 0, 0, 2, 819.11, 63968, 40
81, 0, 0, 27, 27, 1, 51.28%, 0, 0, 2, 830.91, 67495, 40
86, 0, 0, 27, 27, 1, 51.28%, 0, 0, 2, 843.66, 71927, 40
91, 0, 0, 27, 27, 1, 51.28%, 0, 0, 2, 802.26, 75574, 40
97, 0, 0, 28, 28, 1, 52.56%, 0, 0, 2, 831.20, 79886, 41
102, 0, 0, 28, 28, 1, 52.56%, 0, 0, 2, 836.93, 84110, 41
107, 0, 0, 28, 28, 1, 52.56%, 0, 0, 2, 837.27, 88078, 41
112, 0, 0, 28, 28, 1, 52.56%, 0, 0, 2, 840.28, 92350, 41
117, 0, 0, 28, 28, 1, 52.56%, 0, 0, 2, 849.02, 96702, 41
122, 0, 0, 28, 28, 1, 52.56%, 0, 0, 2, 831.82, 100910, 41
127, 0, 0, 28, 28, 1, 52.56%, 0, 0, 2, 877.78, 104928, 41
132, 0, 0, 28, 28, 1, 52.56%, 0, 0, 2, 851.23, 109214, 41
137, 0, 0, 28, 28, 1, 52.56%, 0, 0, 2, 844.30, 113454, 41
142, 0, 0, 28, 28, 1, 52.56%, 0, 0, 2, 855.54, 117831, 41
147, 0, 0, 28, 28, 1, 52.56%, 0, 0, 2, 840.34, 122078, 41
152, 0, 0, 28, 28, 1, 52.56%, 0, 0, 2, 785.62, 125816, 41
158, 0, 0, 28, 28, 1, 52.56%, 0, 0, 2, 822.55, 130110, 41
163, 0, 0, 28, 28, 1, 52.56%, 0, 0, 2, 812.98, 134350, 41
168, 0, 0, 28, 28, 1, 52.56%, 0, 0, 2, 836.72, 138558, 41
173, 0, 0, 28, 28, 1, 52.56%, 0, 0, 2, 845.77, 142958, 41
178, 0, 0, 28, 28, 1, 52.56%, 0, 0, 2, 846.66, 147342, 41
183, 0, 0, 28, 28, 1, 52.56%, 0, 0, 2, 836.32, 151534, 41
188, 0, 0, 28, 28, 1, 52.56%, 0, 0, 2, 852.81, 155860, 41
193, 0, 0, 28, 28, 1, 52.56%, 0, 0, 2, 839.62, 160190, 41
198, 0, 0, 28, 28, 1, 52.56%, 0, 0, 2, 858.99, 164530, 41
204, 0, 0, 28, 28, 1, 52.56%, 0, 0, 2, 860.85, 168950, 41
209, 0, 0, 28, 28, 1, 52.56%, 0, 0, 2, 850.96, 173294, 41
214, 0, 0, 28, 28, 1, 52.56%, 0, 0, 2, 861.26, 177620, 41
219, 0, 0, 28, 28, 1, 52.56%, 0, 0, 2, 860.11, 181904, 41
224, 0, 0, 28, 28, 1, 52.56%, 0, 0, 2, 855.14, 185882, 41
229, 0, 0, 28, 28, 1, 52.56%, 0, 0, 2, 853.85, 190183, 41
234, 0, 0, 28, 28, 1, 52.56%, 0, 0, 2, 841.96, 194462, 41
239, 0, 0, 28, 28, 1, 52.56%, 0, 0, 2, 846.91, 198830, 41
244, 0, 0, 28, 28, 1, 52.56%, 0, 0, 2, 844.88, 203038, 41
250, 0, 0, 28, 28, 1, 52.56%, 0, 0, 2, 845.34, 207406, 41
255, 0, 0, 28, 28, 1, 52.56%, 0, 0, 2, 853.23, 211688, 41
260, 0, 0, 28, 28, 1, 52.56%, 0, 0, 2, 864.11, 216057, 41
265, 0, 0, 28, 28, 1, 52.56%, 0, 0, 2, 864.90, 220392, 41
270, 0, 0, 28, 28, 1, 52.56%, 0, 0, 2, 865.92, 224829, 41
275, 0, 0, 28, 28, 1, 52.56%, 0, 0, 2, 861.36, 229147, 41
280, 0, 0, 28, 28, 1, 52.56%, 0, 0, 2, 860.32, 233499, 41
285, 0, 0, 28, 28, 1, 52.56%, 0, 0, 2, 856.97, 237834, 41
290, 0, 0, 28, 28, 1, 52.56%, 0, 0, 2, 869.40, 242203, 41
295, 0, 0, 28, 28, 1, 52.56%, 0, 0, 2, 862.00, 246521, 41
300, 0, 0, 28, 28, 1, 52.56%, 0, 0, 2, 867.50, 250907, 41
305, 0, 0, 28, 28, 1, 52.56%, 0, 0, 2, 863.17, 255259, 41
310, 0, 0, 28, 28, 1, 52.56%, 0, 0, 2, 845.39, 259611, 41
316, 0, 0, 29, 29, 1, 52.56%, 0, 0, 2, 820.00, 263828, 41
321, 0, 0, 29, 29, 1, 52.56%, 0, 0, 2, 820.88, 267989, 41
326, 0, 0, 29, 29, 1, 52.56%, 0, 0, 2, 842.19, 272437, 41
331, 0, 0, 29, 29, 1, 52.56%, 0, 0, 2, 843.97, 276789, 41
336, 0, 0, 29, 29, 1, 52.56%, 0, 0, 2, 853.64, 281208, 41
341, 0, 0, 29, 29, 1, 52.56%, 0, 0, 2, 856.85, 285645, 41
346, 0, 0, 29, 29, 1, 52.56%, 0, 0, 2, 866.98, 289657, 41
351, 0, 0, 29, 29, 1, 52.56%, 0, 0, 2, 853.73, 294060, 41
357, 0, 0, 29, 29, 1, 52.56%, 0, 0, 2, 850.19, 298446, 41
362, 0, 0, 29, 29, 1, 52.56%, 0, 0, 2, 842.98, 302757, 41
367, 0, 0, 29, 29, 1, 52.56%, 0, 0, 2, 853.82, 307133, 41
372, 0, 0, 29, 29, 1, 52.56%, 0, 0, 2, 858.90, 311519, 41
377, 0, 0, 29, 29, 1, 52.56%, 0, 0, 2, 866.70, 315939, 41
382, 0, 0, 29, 29, 1, 52.56%, 0, 0, 2, 853.27, 320257, 41
387, 0, 0, 29, 29, 1, 52.56%, 0, 0, 2, 865.08, 324660, 41
392, 0, 0, 29, 29, 1, 52.56%, 0, 0, 2, 868.75, 329080, 41
397, 0, 0, 29, 29, 1, 52.56%, 0, 0, 2, 844.20, 333365, 41
402, 0, 0, 29, 29, 1, 52.56%, 0, 0, 2, 855.95, 337699, 41
407, 0, 0, 29, 29, 1, 52.56%, 0, 0, 2, 850.96, 341989, 41
412, 0, 0, 29, 29, 1, 52.56%, 0, 0, 2, 857.81, 346335, 41
417, 0, 0, 29, 29, 1, 52.56%, 0, 0, 2, 863.00, 350755, 41
422, 0, 0, 29, 29, 1, 52.56%, 0, 0, 2, 871.04, 355192, 41
427, 0, 0, 29, 29, 1, 52.56%, 0, 0, 2, 881.34, 359578, 41
433, 0, 0, 29, 29, 1, 52.56%, 0, 0, 2, 887.72, 363607, 41
438, 0, 0, 29, 29, 1, 52.56%, 0, 0, 2, 875.14, 367959, 41
443, 0, 0, 29, 29, 1, 52.56%, 0, 0, 2, 862.46, 372311, 41
448, 0, 0, 29, 29, 1, 52.56%, 0, 0, 2, 876.46, 376748, 41
453, 0, 0, 29, 29, 1, 52.56%, 0, 0, 2, 882.12, 381168, 41
458, 0, 0, 29, 29, 1, 52.56%, 0, 0, 2, 873.78, 385537, 41
463, 0, 0, 29, 29, 1, 52.56%, 0, 0, 2, 875.03, 389940, 41
468, 0, 0, 29, 29, 1, 52.56%, 0, 0, 2, 879.48, 394360, 41
473, 0, 0, 29, 29, 1, 52.56%, 0, 0, 2, 877.74, 398916, 41
478, 0, 0, 29, 29, 1, 52.56%, 0, 0, 2, 876.94, 403285, 41
483, 0, 0, 29, 29, 1, 52.56%, 0, 0, 2, 876.67, 407654, 41
488, 0, 0, 29, 29, 1, 52.56%, 0, 0, 2, 877.38, 412074, 41
494, 0, 0, 29, 29, 1, 52.56%, 0, 0, 2, 884.46, 416528, 41
499, 0, 0, 29, 29, 1, 52.56%, 0, 0, 2, 879.30, 420931, 41
504, 0, 0, 29, 29, 1, 52.56%, 0, 0, 2, 891.49, 425521, 41
509, 0, 0, 29, 29, 1, 52.56%, 0, 0, 2, 885.62, 429941, 41
514, 0, 0, 29, 29, 1, 52.56%, 0, 0, 2, 864.41, 434293, 41
519, 0, 0, 29, 29, 1, 52.56%, 0, 0, 2, 862.74, 438679, 41
524, 0, 0, 29, 29, 1, 52.56%, 0, 0, 2, 866.27, 443082, 41
529, 0, 0, 29, 29, 1, 52.56%, 0, 0, 2, 865.51, 447485, 41
534, 0, 0, 29, 29, 1, 52.56%, 0, 0, 2, 859.70, 451854, 41
539, 0, 0, 29, 29, 1, 52.56%, 0, 0, 2, 862.65, 456240, 41
544, 0, 0, 29, 29, 1, 52.56%, 0, 0, 2, 857.60, 460626, 41
549, 0, 0, 29, 29, 1, 52.56%, 0, 0, 2, 859.68, 465046, 41
554, 0, 0, 29, 29, 1, 52.56%, 0, 0, 2, 857.41, 469449, 41
559, 0, 0, 29, 29, 1, 52.56%, 0, 0, 2, 862.13, 473852, 41
564, 0, 0, 29, 29, 1, 52.56%, 0, 0, 2, 861.59, 478238, 41
569, 0, 0, 29, 29, 1, 52.56%, 0, 0, 2, 856.22, 482641, 41
574, 0, 0, 29, 29, 1, 52.56%, 0, 0, 2, 860.70, 487044, 41
579, 0, 0, 29, 29, 1, 52.56%, 0, 0, 2, 866.34, 491447, 41
584, 0, 0, 29, 29, 1, 52.56%, 0, 0, 2, 866.91, 495833, 41
590, 0, 0, 30, 30, 1, 53.85%, 0, 0, 2, 871.55, 500294, 42
595, 0, 0, 30, 30, 1, 53.85%, 0, 0, 2, 855.58, 504629, 42
600, 0, 0, 30, 30, 1, 53.85%, 0, 0, 2, 871.68, 509032, 42
605, 0, 0, 30, 30, 1, 53.85%, 0, 0, 2, 886.70, 513639, 42
610, 0, 0, 30, 30, 1, 53.85%, 0, 0, 2, 883.48, 518042, 42
615, 0, 0, 30, 30, 1, 53.85%, 0, 0, 2, 881.40, 522615, 42
620, 0, 0, 30, 30, 1, 53.85%, 0, 0, 2, 869.49, 527001, 42
625, 0, 0, 30, 30, 1, 53.85%, 0, 0, 2, 875.98, 531421, 42
630, 0, 0, 30, 30, 1, 53.85%, 0, 0, 2, 875.92, 535824, 42
635, 0, 0, 30, 30, 1, 53.85%, 0, 0, 2, 880.58, 540397, 42
640, 0, 0, 30, 30, 1, 53.85%, 0, 0, 2, 869.77, 544783, 42
645, 0, 0, 30, 30, 1, 53.85%, 0, 0, 2, 870.56, 549203, 42
650, 0, 0, 30, 30, 1, 53.85%, 0, 0, 2, 877.56, 553606, 42
656, 0, 0, 30, 30, 1, 53.85%, 0, 0, 2, 891.00, 558077, 42
661, 0, 0, 30, 30, 1, 53.85%, 0, 0, 2, 883.97, 562531, 42
666, 0, 0, 30, 30, 1, 53.85%, 0, 0, 2, 896.49, 567121, 42
671, 0, 0, 30, 30, 1, 53.85%, 0, 0, 2, 888.47, 571728, 42
676, 0, 0, 30, 30, 1, 53.85%, 0, 0, 2, 880.07, 576131, 42
681, 0, 0, 30, 30, 1, 53.85%, 0, 0, 2, 880.98, 580534, 42
686, 0, 0, 30, 30, 1, 53.85%, 0, 0, 2, 890.16, 585124, 42
691, 0, 0, 30, 30, 1, 53.85%, 0, 0, 2, 896.47, 589731, 42
696, 0, 0, 30, 30, 1, 53.85%, 0, 0, 2, 892.58, 594185, 42
701, 0, 0, 30, 30, 1, 53.85%, 0, 0, 2, 881.94, 598588, 42
706, 0, 0, 30, 30, 1, 53.85%, 0, 0, 2, 883.06, 602991, 42
712, 0, 0, 30, 30, 1, 53.85%, 0, 0, 2, 892.63, 607598, 42
717, 0, 0, 30, 30, 1, 53.85%, 0, 0, 2, 886.47, 612001, 42
722, 0, 0, 30, 30, 1, 53.85%, 0, 0, 2, 901.92, 616618, 42
727, 0, 0, 30, 30, 1, 53.85%, 0, 0, 2, 893.56, 621062, 42
732, 0, 0, 30, 30, 1, 53.85%, 0, 0, 2, 883.72, 625465, 42
737, 0, 23, 39, 32, 5, 53.85%, 0, 0, 3, 897.80, 630090, 42
742, 0, 45, 53, 41, 1, 56.41%, 0, 0, 4, 887.14, 634473, 44
747, 0, 45, 54, 42, 1, 56.41%, 0, 0, 4, 900.24, 639070, 44
752, 0, 51, 58, 41, 1, 56.41%, 0, 0, 5, 909.58, 643618, 44
757, 0, 52, 59, 41, 0, 56.41%, 0, 0, 5, 910.82, 648166, 44
762, 0, 56, 62, 42, 0, 58.97%, 0, 0, 5, 894.66, 652758, 46
768, 0, 60, 64, 44, 0, 58.97%, 0, 0, 6, 882.04, 657156, 46
773, 0, 64, 70, 49, 0, 61.54%, 0, 0, 6, 877.28, 661505, 48
778, 0, 59, 70, 49, 0, 61.54%, 0, 0, 6, 888.92, 665933, 48
783, 0, 64, 72, 51, 0, 61.54%, 0, 0, 6, 866.60, 670438, 48
788, 0, 52, 72, 51, 0, 61.54%, 0, 0, 6, 861.05, 674829, 48
793, 0, 52, 73, 52, 0, 61.54%, 0, 0, 6, 871.02, 679407, 48
798, 0, 50, 75, 54, 0, 61.54%, 0, 0, 6, 866.64, 683820, 48
803, 0, 52, 78, 57, 0, 61.54%, 0, 0, 6, 875.52, 688434, 48
808, 0, 64, 78, 57, 0, 61.54%, 0, 0, 6, 870.75, 692977, 48
814, 0, 52, 78, 57, 0, 61.54%, 0, 0, 6, 887.49, 697636, 48
819, 0, 51, 78, 57, 0, 61.54%, 0, 0, 6, 896.18, 702189, 48
824, 1, 50, 79, 58, 0, 61.54%, 0, 0, 6, 897.55, 706814, 48
829, 1, 51, 81, 60, 0, 61.54%, 0, 0, 6, 889.75, 711312, 48
834, 1, 52, 81, 59, 0, 61.54%, 0, 0, 6, 889.09, 715971, 48
839, 1, 52, 81, 59, 0, 61.54%, 0, 0, 6, 877.48, 720530, 48
844, 1, 49, 81, 59, 0, 61.54%, 0, 0, 6, 877.76, 724933, 48
849, 1, 67, 81, 57, 0, 61.54%, 0, 0, 6, 874.52, 729490, 48
854, 1, 30, 83, 57, 0, 61.54%, 0, 0, 7, 878.26, 733913, 48
860, 1, 64, 83, 56, 0, 61.54%, 0, 0, 7, 873.87, 738450, 48
865, 1, 50, 84, 57, 0, 61.54%, 0, 0, 7, 873.20, 742823, 48
870, 1, 51, 84, 57, 0, 61.54%, 0, 0, 7, 882.76, 747414, 48
875, 1, 64, 87, 59, 0, 61.54%, 0, 0, 7, 884.57, 751987, 48
880, 1, 52, 87, 58, 0, 61.54%, 0, 0, 7, 885.76, 756571, 48
885, 1, 50, 87, 56, 0, 61.54%, 0, 0, 7, 886.04, 761037, 48
890, 2, 64, 90, 59, 0, 61.54%, 0, 0, 7, 879.69, 765545, 48
895, 2, 52, 101, 70, 0, 61.54%, 0, 0, 7, 876.41, 769931, 48
900, 2, 99, 104, 73, 0, 61.54%, 0, 0, 8, 867.78, 774295, 48
906, 2, 52, 106, 73, 0, 61.54%, 0, 0, 8, 865.11, 778743, 48
906, 2, 52, 106, 73, 0, 61.54%, 1, 0, 8, 0.00, 778807, 48
