# relative_time, cycles_done, cur_item, corpus_count, pending_total, pending_favs, map_size, saved_crashes, saved_hangs, max_depth, execs_per_sec, total_execs, edges_found
61, 0, 0, 27, 27, 1, 46.58%, 0, 0, 2, 785.55, 49074, 34
66, 0, 0, 27, 27, 1, 46.58%, 0, 0, 2, 810.85, 53198, 34
71, 0, 0, 27, 27, 1, 46.58%, 0, 0, 2, 818.06, 57470, 34
76, 0, 0, 27, 27, 1, 46.58%, 0, 0, 2, 286.87, 61170, 34
82, 0, 0, 27, 27, 1, 46.58%, 0, 0, 2, 711.21, 65374, 34
87, 0, 0, 27, 27, 1, 46.58%, 0, 0, 2, 811.75, 69742, 34
92, 0, 0, 27, 27, 1, 46.58%, 0, 0, 2, 815.81, 73838, 34
97, 0, 0, 27, 27, 1, 46.58%, 0, 0, 2, 822.27, 77902, 34
102, 0, 0, 27, 27, 1, 46.58%, 0, 0, 2, 794.16, 81804, 34
107, 0, 0, 27, 27, 1, 46.58%, 0, 0, 2, 806.66, 85934, 34
112, 0, 0, 27, 27, 1, 46.58%, 0, 0, 2, 804.27, 89966, 34
117, 0, 0, 27, 27, 1, 46.58%, 0, 0, 2, 779.01, 93924, 34
122, 0, 0, 27, 27, 1, 46.58%, 0, 0, 2, 819.74, 98078, 34
127, 0, 0, 28, 28, 1, 47.95%, 0, 0, 2, 814.08, 102165, 35
132, 0, 0, 28, 28, 1, 47.95%, 0, 0, 2, 825.75, 106357, 35
137, 0, 0, 28, 28, 1, 47.95%, 0, 0, 2, 834.07, 110597, 35
143, 0, 0, 28, 28, 1, 47.95%, 0, 0, 2, 826.82, 114805, 35
148, 0, 0, 28, 28, 1, 47.95%, 0, 0, 2, 813.51, 118869, 35
153, 0, 0, 28, 28, 1, 47.95%, 0, 0, 2, 823.85, 122661, 35
158, 0, 0, 28, 28, 1, 47.95%, 0, 0, 2, 781.27, 126511, 35
163, 0, 0, 28, 28, 1, 47.95%, 0, 0, 2, 801.70, 130613, 35
168, 0, 0, 28, 28, 1, 47.95%, 0, 0, 2, 820.45, 134693, 35
173, 0, 0, 28, 28, 1, 47.95%, 0, 0, 2, 835.04, 139013, 35
178, 0, 0, 28, 28, 1, 47.95%, 0, 0, 2, 836.40, 143221, 35
184, 0, 0, 28, 28, 1, 47.95%, 0, 0, 2, 843.71, 147525, 35
189, 0, 0, 28, 28, 1, 47.95%, 0, 0, 2, 853.21, 151806, 35
194, 0, 0, 28, 28, 1, 47.95%, 0, 0, 2, 856.01, 156039, 35
199, 0, 0, 28, 28, 1, 47.95%, 0, 0, 2, 837.84, 160289, 35
204, 0, 0, 28, 28, 1, 47.95%, 0, 0, 2, 819.58, 164386, 35
209, 0, 0, 28, 28, 1, 47.95%, 0, 0, 2, 829.75, 168501, 35
214, 0, 0, 28, 28, 1, 47.95%, 0, 0, 2, 853.02, 172818, 35
219, 0, 0, 28, 28, 1, 47.95%, 0, 0, 2, 848.49, 177061, 35
224, 0, 0, 28, 28, 1, 47.95%, 0, 0, 2, 858.47, 181403, 35
229, 0, 0, 28, 28, 1, 47.95%, 0, 0, 2, 854.99, 185653, 35
234, 0, 0, 28, 28, 1, 47.95%, 0, 0, 2, 833.77, 189797, 35
239, 0, 0, 28, 28, 1, 47.95%, 0, 0, 2, 835.72, 193973, 35
244, 0, 0, 28, 28, 1, 47.95%, 0, 0, 2, 845.59, 198181, 35
249, 0, 0, 28, 28, 1, 47.95%, 0, 0, 2, 853.82, 202449, 35
254, 0, 0, 28, 28, 1, 47.95%, 0, 0, 2, 860.66, 206801, 35
260, 0, 0, 28, 28, 1, 47.95%, 0, 0, 2, 869.93, 211238, 35
265, 0, 0, 28, 28, 1, 47.95%, 0, 0, 2, 860.09, 215539, 35
270, 0, 0, 28, 28, 1, 47.95%, 0, 0, 2, 863.07, 219840, 35
275, 0, 0, 28, 28, 1, 47.95%, 0, 0, 2, 859.49, 224226, 35
280, 0, 0, 28, 28, 1, 47.95%, 0, 0, 2, 858.19, 228476, 35
285, 0, 0, 28, 28, 1, 47.95%, 0, 0, 2, 870.17, 232845, 35
290, 0, 0, 29, 29, 1, 47.95%, 0, 0, 2, 850.50, 237020, 35
295, 0, 0, 29, 29, 1, 47.95%, 0, 0, 2, 831.16, 241356, 35
300, 0, 0, 29, 29, 1, 47.95%, 0, 0, 2, 832.25, 245704, 35
305, 0, 0, 29, 29, 1, 47.95%, 0, 0, 2, 843.83, 250092, 35
310, 0, 0, 29, 29, 1, 47.95%, 0, 0, 2, 837.95, 254412, 35
316, 0, 0, 29, 29, 1, 47.95%, 0, 0, 2, 855.55, 258896, 35
321, 0, 0, 29, 29, 1, 47.95%, 0, 0, 2, 813.19, 263052, 35
326, 0, 0, 29, 29, 1, 47.95%, 0, 0, 2, 838.78, 267404, 35
331, 0, 0, 29, 29, 1, 47.95%, 0, 0, 2, 840.22, 271740, 35
336, 0, 0, 29, 29, 1, 47.95%, 0, 0, 2, 851.02, 276092, 35
341, 0, 0, 29, 29, 1, 47.95%, 0, 0, 2, 852.50, 280520, 35
346, 0, 0, 29, 29, 1, 47.95%, 0, 0, 2, 834.31, 284476, 35
351, 0, 0, 29, 29, 1, 47.95%, 0, 0, 2, 842.75, 288764, 35
356, 0, 0, 29, 29, 1, 47.95%, 0, 0, 2, 858.74, 293168, 35
361, 0, 0, 29, 29, 1, 47.95%, 0, 0, 2, 855.79, 297486, 35
366, 0, 0, 29, 29, 1, 47.95%, 0, 0, 2, 862.40, 301787, 35
371, 0, 0, 29, 29, 1, 47.95%, 0, 0, 2, 851.98, 306156, 35
376, 0, 0, 29, 29, 1, 47.95%, 0, 0, 2, 844.51, 310444, 35
381, 0, 0, 29, 29, 1, 47.95%, 0, 0, 2, 857.46, 314826, 35
387, 0, 0, 29, 29, 1, 47.95%, 0, 0, 2, 859.68, 319331, 35
392, 0, 0, 29, 29, 1, 47.95%, 0, 0, 2, 869.24, 323836, 35
397, 0, 0, 29, 29, 1, 47.95%, 0, 0, 2, 877.31, 328426, 35
402, 0, 0, 29, 29, 1, 47.95%, 0, 0, 2, 873.41, 332982, 35
407, 0, 0, 29, 29, 1, 47.95%, 0, 0, 2, 879.63, 337385, 35
412, 0, 0, 29, 29, 1, 47.95%, 0, 0, 2, 877.71, 341771, 35
417, 0, 0, 29, 29, 1, 47.95%, 0, 0, 2, 896.03, 346395, 35
423, 0, 0, 29, 29, 1, 47.95%, 0, 0, 2, 894.90, 351019, 35
428, 0, 0, 29, 29, 1, 47.95%, 0, 0, 2, 902.86, 355532, 35
433, 0, 0, 29, 29, 1, 47.95%, 0, 0, 2, 899.13, 359708, 35
438, 0, 0, 29, 29, 1, 47.95%, 0, 0, 2, 889.89, 364262, 35
443, 0, 0, 29, 29, 1, 47.95%, 0, 0, 2, 897.28, 368682, 35
448, 0, 0, 29, 29, 1, 47.95%, 0, 0, 2, 890.74, 373255, 35
453, 0, 0, 29, 29, 1, 47.95%, 0, 0, 2, 896.44, 377692, 35
458, 0, 0, 29, 29, 1, 47.95%, 0, 0, 2, 902.27, 382172, 35
463, 0, 0, 29, 29, 1, 47.95%, 0, 0, 2, 896.76, 386787, 35
469, 0, 0, 29, 29, 1, 47.95%, 0, 0, 2, 877.69, 391360, 35
474, 0, 0, 29, 29, 1, 47.95%, 0, 0, 2, 881.86, 396001, 35
479, 0, 0, 29, 29, 1, 47.95%, 0, 0, 2, 878.99, 400625, 35
484, 0, 0, 29, 29, 1, 47.95%, 0, 0, 2, 882.55, 405096, 35
489, 0, 0, 29, 29, 1, 47.95%, 0, 0, 2, 872.12, 409686, 35
495, 0, 0, 29, 29, 1, 47.95%, 0, 0, 2, 874.27, 414276, 35
500, 0, 0, 29, 29, 1, 47.95%, 0, 0, 2, 886.65, 418917, 35
505, 0, 0, 29, 29, 1, 47.95%, 0, 0, 2, 884.12, 423354, 35
510, 0, 0, 29, 29, 1, 47.95%, 0, 0, 2, 883.04, 427774, 35
515, 0, 0, 29, 29, 1, 47.95%, 0, 0, 2, 890.97, 432262, 35
520, 0, 0, 29, 29, 1, 47.95%, 0, 0, 2, 884.15, 436852, 35
525, 0, 0, 30, 30, 1, 47.95%, 0, 0, 2, 879.51, 441279, 35
530, 0, 0, 30, 30, 1, 47.95%, 0, 0, 2, 886.74, 445869, 35
535, 0, 0, 30, 30, 1, 47.95%, 0, 0, 2, 893.70, 450357, 35
540, 0, 0, 30, 30, 1, 47.95%, 0, 0, 2, 891.88, 454828, 35
545, 0, 0, 30, 30, 1, 47.95%, 0, 0, 2, 888.92, 459452, 35
550, 0, 22, 34, 30, 7, 49.32%, 0, 0, 3, 894.28, 463960, 36
555, 0, 26, 50, 38, 3, 49.32%, 0, 0, 4, 893.14, 468526, 36
561, 0, 27, 56, 41, 0, 49.32%, 0, 0, 5, 901.08, 473213, 36
566, 0, 27, 59, 43, 0, 50.68%, 0, 0, 5, 892.72, 477795, 37
571, 0, 21, 62, 45, 0, 52.05%, 0, 0, 5, 889.87, 482436, 38
576, 0, 40, 63, 46, 0, 52.05%, 0, 0, 5, 887.18, 486867, 38
581, 0, 58, 64, 47, 0, 52.05%, 0, 0, 5, 894.61, 491514, 38
581, 0, 58, 64, 47, 0, 52.05%, 1, 0, 5, 0.00, 491679, 38
