# relative_time, cycles_done, cur_item, corpus_count, pending_total, pending_favs, map_size, saved_crashes, saved_hangs, max_depth, execs_per_sec, total_execs, edges_found
60, 0, 0, 27, 27, 1, 46.58%, 0, 0, 2, 274.60, 16925, 34
65, 0, 0, 27, 27, 1, 46.58%, 0, 0, 2, 274.14, 18350, 34
70, 0, 0, 27, 27, 1, 46.58%, 0, 0, 2, 265.12, 19725, 34
75, 0, 0, 27, 27, 1, 46.58%, 0, 0, 2, 272.90, 21130, 34
81, 0, 0, 27, 27, 1, 46.58%, 0, 0, 2, 270.70, 22295, 34
86, 0, 0, 27, 27, 1, 46.58%, 0, 0, 2, 274.32, 23705, 34
91, 0, 0, 27, 27, 1, 46.58%, 0, 0, 2, 257.86, 24905, 34
96, 0, 0, 27, 27, 1, 46.58%, 0, 0, 2, 270.70, 26320, 34
101, 0, 0, 27, 27, 1, 46.58%, 0, 0, 2, 272.35, 27720, 34
106, 0, 0, 27, 27, 1, 46.58%, 0, 0, 2, 290.04, 29080, 34
111, 0, 0, 27, 27, 1, 46.58%, 0, 0, 2, 274.74, 30485, 34
116, 0, 0, 27, 27, 1, 46.58%, 0, 0, 2, 275.22, 31890, 34
121, 0, 0, 27, 27, 1, 46.58%, 0, 0, 2, 280.10, 33320, 34
126, 0, 0, 27, 27, 1, 46.58%, 0, 0, 2, 272.54, 34625, 34
131, 0, 0, 27, 27, 1, 46.58%, 0, 0, 2, 274.23, 36030, 34
136, 0, 0, 27, 27, 1, 46.58%, 0, 0, 2, 276.05, 37430, 34
142, 0, 0, 27, 27, 1, 46.58%, 0, 0, 2, 277.50, 38855, 34
147, 0, 0, 27, 27, 1, 46.58%, 0, 0, 2, 276.09, 40250, 34
152, 0, 0, 27, 27, 1, 46.58%, 0, 0, 2, 265.83, 41455, 34
157, 0, 0, 27, 27, 1, 46.58%, 0, 0, 2, 273.32, 42865, 34
162, 0, 0, 27, 27, 1, 46.58%, 0, 0, 2, 277.85, 44285, 34
167, 0, 0, 27, 27, 1, 46.58%, 0, 0, 2, 267.14, 45640, 34
172, 0, 0, 28, 28, 1, 46.58%, 0, 0, 2, 274.78, 47047, 34
177, 0, 0, 28, 28, 1, 46.58%, 0, 0, 2, 274.97, 48452, 34
182, 0, 0, 28, 28, 1, 46.58%, 0, 0, 2, 273.29, 49827, 34
187, 0, 0, 28, 28, 1, 46.58%, 0, 0, 2, 277.54, 51237, 34
192, 0, 0, 29, 29, 1, 47.95%, 0, 0, 2, 276.02, 52639, 35
197, 0, 0, 29, 29, 1, 47.95%, 0, 0, 2, 277.42, 54049, 35
202, 0, 0, 29, 29, 1, 47.95%, 0, 0, 2, 277.34, 55444, 35
207, 0, 0, 29, 29, 1, 47.95%, 0, 0, 2, 277.43, 56854, 35
212, 0, 0, 29, 29, 1, 47.95%, 0, 0, 2, 276.41, 58259, 35
217, 0, 0, 29, 29, 1, 47.95%, 0, 0, 2, 283.69, 59699, 35
223, 0, 0, 29, 29, 1, 47.95%, 0, 0, 2, 278.22, 61029, 35
228, 0, 0, 29, 29, 1, 47.95%, 0, 0, 2, 273.26, 62419, 35
233, 0, 0, 30, 30, 1, 47.95%, 0, 0, 2, 275.08, 63816, 35
238, 0, 0, 30, 30, 1, 47.95%, 0, 0, 2, 278.08, 65216, 35
243, 0, 0, 30, 30, 1, 47.95%, 0, 0, 2, 278.36, 66616, 35
248, 0, 0, 30, 30, 1, 47.95%, 0, 0, 2, 275.27, 68041, 35
253, 0, 0, 30, 30, 1, 47.95%, 0, 0, 2, 274.86, 69441, 35
258, 0, 0, 30, 30, 1, 47.95%, 0, 0, 2, 323.69, 71098, 35
263, 0, 0, 30, 30, 1, 47.95%, 0, 0, 2, 344.35, 72838, 35
268, 0, 0, 30, 30, 1, 47.95%, 0, 0, 2, 349.14, 74638, 35
273, 0, 0, 30, 30, 1, 47.95%, 0, 0, 2, 349.76, 76400, 35
278, 0, 0, 30, 30, 1, 47.95%, 0, 0, 2, 348.78, 78202, 35
284, 0, 0, 30, 30, 1, 47.95%, 0, 0, 2, 349.50, 79984, 35
289, 0, 0, 30, 30, 1, 47.95%, 0, 0, 2, 343.86, 81760, 35
294, 0, 27, 31, 29, 6, 47.95%, 0, 0, 2, 340.96, 83516, 35
299, 0, 21, 37, 29, 3, 47.95%, 0, 0, 3, 347.49, 85307, 35
304, 0, 33, 43, 31, 0, 47.95%, 0, 0, 4, 346.58, 87090, 35
310, 0, 44, 47, 34, 1, 50.68%, 0, 0, 4, 351.11, 88900, 37
315, 0, 21, 50, 36, 0, 52.05%, 0, 0, 5, 346.34, 90685, 38
320, 0, 48, 50, 35, 1, 52.05%, 0, 0, 5, 333.93, 92274, 38
325, 0, 35, 53, 37, 0, 52.05%, 0, 0, 5, 343.57, 94023, 38
330, 0, 43, 54, 38, 0, 52.05%, 0, 0, 5, 346.26, 95809, 38
335, 0, 43, 54, 38, 0, 52.05%, 0, 0, 5, 344.13, 97592, 38
341, 0, 53, 56, 39, 0, 52.05%, 0, 0, 6, 344.57, 99398, 38
346, 0, 53, 56, 39, 0, 52.05%, 0, 0, 6, 350.05, 101042, 38
351, 0, 53, 58, 41, 0, 52.05%, 0, 0, 6, 347.44, 102776, 38
351, 0, 53, 58, 41, 0, 52.05%, 1, 0, 6, 0.00, 102801, 38
