# relative_time, cycles_done, cur_item, corpus_count, pending_total, pending_favs, map_size, saved_crashes, saved_hangs, max_depth, execs_per_sec, total_execs, edges_found
61, 0, 0, 24, 24, 1, 50.00%, 0, 0, 2, 785.28, 48073, 39
66, 0, 0, 24, 24, 1, 50.00%, 0, 0, 2, 759.62, 51943, 39
71, 0, 0, 24, 24, 1, 50.00%, 0, 0, 2, 777.77, 55873, 39
76, 0, 0, 24, 24, 1, 50.00%, 0, 0, 2, 97.19, 59038, 39
81, 0, 0, 26, 26, 1, 52.56%, 0, 0, 2, 771.71, 62802, 41
87, 0, 0, 26, 26, 1, 52.56%, 0, 0, 2, 806.22, 66864, 41
92, 0, 0, 26, 26, 1, 52.56%, 0, 0, 2, 792.04, 70707, 41
97, 0, 0, 26, 26, 1, 52.56%, 0, 0, 2, 801.31, 74802, 41
102, 0, 0, 26, 26, 1, 52.56%, 0, 0, 2, 784.64, 78642, 41
107, 0, 0, 26, 26, 1, 52.56%, 0, 0, 2, 785.11, 82512, 41
112, 0, 0, 26, 26, 1, 52.56%, 0, 0, 2, 628.05, 86076, 41
117, 0, 0, 26, 26, 1, 52.56%, 0, 0, 2, 870.65, 89775, 41
122, 0, 0, 26, 26, 1, 52.56%, 0, 0, 2, 841.98, 93760, 41
128, 0, 0, 27, 27, 1, 52.56%, 0, 0, 2, 827.05, 97303, 41
133, 0, 0, 27, 27, 1, 52.56%, 0, 0, 2, 812.66, 100823, 41
138, 0, 0, 27, 27, 1, 52.56%, 0, 0, 2, 782.19, 104599, 41
143, 0, 0, 27, 27, 1, 52.56%, 0, 0, 2, 826.03, 108823, 41
148, 0, 0, 27, 27, 1, 52.56%, 0, 0, 2, 803.27, 112669, 41
153, 0, 0, 27, 27, 1, 52.56%, 0, 0, 2, 800.59, 116224, 41
158, 0, 0, 27, 27, 1, 52.56%, 0, 0, 2, 767.08, 119854, 41
163, 0, 0, 27, 27, 1, 52.56%, 0, 0, 2, 793.04, 123949, 41
168, 0, 0, 27, 27, 1, 52.56%, 0, 0, 2, 795.57, 127819, 41
174, 0, 0, 27, 27, 1, 52.56%, 0, 0, 2, 826.83, 132007, 41
179, 0, 0, 27, 27, 1, 52.56%, 0, 0, 2, 850.00, 135671, 41
184, 0, 0, 27, 27, 1, 52.56%, 0, 0, 2, 831.28, 139815, 41
189, 0, 0, 27, 27, 1, 52.56%, 0, 0, 2, 852.83, 143256, 41
194, 0, 0, 27, 27, 1, 52.56%, 0, 0, 2, 807.97, 147015, 41
199, 0, 0, 27, 27, 1, 52.56%, 0, 0, 2, 807.49, 151015, 41
204, 0, 0, 28, 28, 1, 52.56%, 0, 0, 2, 836.63, 155054, 41
209, 0, 0, 28, 28, 1, 52.56%, 0, 0, 2, 867.81, 159175, 41
214, 0, 0, 28, 28, 1, 52.56%, 0, 0, 2, 830.28, 163198, 41
219, 0, 0, 28, 28, 1, 52.56%, 0, 0, 2, 833.12, 167342, 41
224, 0, 0, 28, 28, 1, 52.56%, 0, 0, 2, 817.32, 170830, 41
229, 0, 0, 28, 28, 1, 52.56%, 0, 0, 2, 856.28, 175002, 41
234, 0, 0, 28, 28, 1, 52.56%, 0, 0, 2, 803.61, 178886, 41
240, 0, 0, 28, 28, 1, 52.56%, 0, 0, 2, 817.16, 183054, 41
245, 0, 0, 28, 28, 1, 52.56%, 0, 0, 2, 827.44, 187134, 41
250, 0, 0, 28, 28, 1, 52.56%, 0, 0, 2, 798.89, 191321, 41
255, 0, 0, 28, 28, 1, 52.56%, 0, 0, 2, 821.30, 195374, 41
260, 0, 0, 28, 28, 1, 52.56%, 0, 0, 2, 864.98, 199465, 41
265, 0, 0, 28, 28, 1, 52.56%, 0, 0, 2, 870.24, 203834, 41
270, 0, 0, 28, 28, 1, 52.56%, 0, 0, 2, 854.42, 208016, 41
275, 0, 0, 28, 28, 1, 52.56%, 0, 0, 2, 808.84, 212094, 41
281, 0, 0, 28, 28, 1, 52.56%, 0, 0, 2, 826.85, 216430, 41
286, 0, 0, 28, 28, 1, 52.56%, 0, 0, 2, 813.43, 220526, 41
291, 0, 0, 28, 28, 1, 52.56%, 0, 0, 2, 790.22, 224231, 41
296, 0, 0, 28, 28, 1, 52.56%, 0, 0, 2, 805.19, 228334, 41
301, 0, 0, 28, 28, 1, 52.56%, 0, 0, 2, 833.33, 232702, 41
306, 0, 0, 28, 28, 1, 52.56%, 0, 0, 2, 825.07, 236830, 41
311, 0, 0, 28, 28, 1, 52.56%, 0, 0, 2, 816.32, 240990, 41
317, 0, 0, 28, 28, 1, 52.56%, 0, 0, 2, 498.76, 245201, 41
322, 0, 0, 28, 28, 1, 52.56%, 0, 0, 2, 741.67, 249310, 41
327, 0, 0, 28, 28, 1, 52.56%, 0, 0, 2, 818.76, 253614, 41
332, 0, 0, 29, 29, 1, 52.56%, 0, 0, 2, 801.84, 257658, 41
337, 0, 0, 29, 29, 1, 52.56%, 0, 0, 2, 808.45, 261637, 41
342, 0, 0, 29, 29, 1, 52.56%, 0, 0, 2, 837.68, 265941, 41
347, 0, 0, 29, 29, 1, 52.56%, 0, 0, 2, 783.24, 270258, 41
352, 0, 0, 29, 29, 1, 52.56%, 0, 0, 2, 873.17, 274493, 41
357, 0, 0, 29, 29, 1, 52.56%, 0, 0, 2, 871.28, 278947, 41
362, 0, 0, 29, 29, 1, 52.56%, 0, 0, 2, 831.64, 283141, 41
368, 0, 0, 29, 29, 1, 52.56%, 0, 0, 2, 866.97, 287617, 41
373, 0, 0, 29, 29, 1, 52.56%, 0, 0, 2, 830.69, 291909, 41
378, 0, 0, 29, 29, 1, 52.56%, 0, 0, 2, 849.60, 296261, 41
383, 0, 0, 29, 29, 1, 52.56%, 0, 0, 2, 847.94, 300325, 41
388, 0, 0, 29, 29, 1, 52.56%, 0, 0, 2, 857.24, 304651, 41
393, 0, 0, 29, 29, 1, 52.56%, 0, 0, 2, 870.60, 309139, 41
398, 0, 0, 29, 29, 1, 52.56%, 0, 0, 2, 878.00, 313661, 41
403, 0, 0, 29, 29, 1, 52.56%, 0, 0, 2, 880.21, 318200, 41
408, 0, 0, 29, 29, 1, 52.56%, 0, 0, 2, 855.08, 322518, 41
414, 0, 0, 29, 29, 1, 52.56%, 0, 0, 2, 863.16, 326955, 41
419, 0, 0, 29, 29, 1, 52.56%, 0, 0, 2, 861.63, 331426, 41
424, 0, 0, 29, 29, 1, 52.56%, 0, 0, 2, 858.94, 335965, 41
429, 0, 0, 29, 29, 1, 52.56%, 0, 0, 2, 869.67, 340555, 41
434, 0, 0, 29, 29, 1, 52.56%, 0, 0, 2, 847.65, 344821, 41
439, 0, 0, 29, 29, 1, 52.56%, 0, 0, 2, 857.53, 349191, 41
445, 0, 0, 29, 29, 1, 52.56%, 0, 0, 2, 866.77, 353764, 41
450, 0, 0, 29, 29, 1, 52.56%, 0, 0, 2, 875.02, 358184, 41
455, 0, 0, 29, 29, 1, 52.56%, 0, 0, 2, 875.41, 362774, 41
460, 0, 0, 29, 29, 1, 52.56%, 0, 0, 2, 880.75, 367347, 41
465, 0, 0, 29, 29, 1, 52.56%, 0, 0, 2, 858.27, 371665, 41
470, 0, 0, 29, 29, 1, 52.56%, 0, 0, 2, 872.77, 376238, 41
475, 0, 0, 29, 29, 1, 52.56%, 0, 0, 2, 880.07, 380811, 41
480, 0, 0, 29, 29, 1, 52.56%, 0, 0, 2, 891.25, 385265, 41
485, 0, 0, 29, 29, 1, 52.56%, 0, 0, 2, 882.61, 389685, 41
490, 0, 0, 29, 29, 1, 52.56%, 0, 0, 2, 879.66, 394105, 41
496, 0, 0, 29, 29, 1, 52.56%, 0, 0, 2, 882.21, 398695, 41
501, 0, 0, 29, 29, 1, 52.56%, 0, 0, 2, 874.59, 403217, 41
506, 0, 0, 29, 29, 1, 52.56%, 0, 0, 2, 877.79, 407620, 41
511, 0, 0, 29, 29, 1, 52.56%, 0, 0, 2, 889.91, 412227, 41
516, 0, 0, 29, 29, 1, 52.56%, 0, 0, 2, 891.20, 416817, 41
521, 0, 0, 30, 30, 1, 52.56%, 0, 0, 2, 877.68, 421193, 41
526, 0, 0, 30, 30, 1, 52.56%, 0, 0, 2, 882.80, 425596, 41
531, 0, 0, 30, 30, 1, 52.56%, 0, 0, 2, 886.51, 430169, 41
537, 0, 0, 30, 30, 1, 52.56%, 0, 0, 2, 892.94, 434759, 41
542, 0, 0, 30, 30, 1, 52.56%, 0, 0, 2, 895.66, 439213, 41
547, 0, 0, 30, 30, 1, 52.56%, 0, 0, 2, 893.00, 443650, 41
552, 0, 0, 30, 30, 1, 52.56%, 0, 0, 2, 888.69, 448036, 41
557, 0, 0, 30, 30, 1, 52.56%, 0, 0, 2, 892.53, 452456, 41
562, 0, 0, 30, 30, 1, 52.56%, 0, 0, 2, 891.71, 457046, 41
567, 0, 0, 30, 30, 1, 52.56%, 0, 0, 2, 900.02, 461653, 41
572, 0, 0, 30, 30, 1, 52.56%, 0, 0, 2, 881.01, 466039, 41
577, 0, 0, 30, 30, 1, 52.56%, 0, 0, 2, 896.85, 470646, 41
582, 0, 0, 30, 30, 1, 52.56%, 0, 0, 2, 898.28, 475083, 41
587, 0, 0, 30, 30, 1, 52.56%, 0, 0, 2, 905.70, 479710, 41
593, 0, 0, 30, 30, 1, 52.56%, 0, 0, 2, 873.86, 484228, 41
598, 0, 0, 30, 30, 1, 52.56%, 0, 0, 2, 877.81, 488656, 41
603, 0, 0, 30, 30, 1, 52.56%, 0, 0, 2, 874.85, 493273, 41
608, 0, 0, 30, 30, 1, 52.56%, 0, 0, 2, 874.96, 497744, 41
613, 0, 0, 30, 30, 1, 52.56%, 0, 0, 2, 872.47, 502198, 41
618, 0, 0, 30, 30, 1, 52.56%, 0, 0, 2, 873.17, 506822, 41
623, 0, 0, 30, 30, 1, 52.56%, 0, 0, 2, 877.15, 511259, 41
628, 0, 0, 30, 30, 1, 52.56%, 0, 0, 2, 874.66, 515849, 41
633, 0, 0, 30, 30, 1, 52.56%, 0, 0, 2, 879.58, 520320, 41
639, 0, 0, 30, 30, 1, 52.56%, 0, 0, 2, 882.62, 524927, 41
644, 0, 0, 30, 30, 1, 52.56%, 0, 0, 2, 881.27, 529398, 41
649, 0, 0, 30, 30, 1, 52.56%, 0, 0, 2, 870.63, 534005, 41
654, 0, 0, 30, 30, 1, 52.56%, 0, 0, 2, 889.49, 538646, 41
659, 0, 0, 30, 30, 1, 52.56%, 0, 0, 2, 887.33, 543270, 41
664, 0, 0, 30, 30, 1, 52.56%, 0, 0, 2, 894.50, 547928, 41
669, 0, 0, 30, 30, 1, 52.56%, 0, 0, 2, 897.27, 552450, 41
674, 0, 0, 30, 30, 1, 52.56%, 0, 0, 2, 899.87, 556972, 41
679, 0, 0, 30, 30, 1, 52.56%, 0, 0, 2, 898.79, 561511, 41
685, 0, 0, 30, 30, 1, 52.56%, 0, 0, 2, 907.82, 566182, 41
690, 0, 0, 30, 30, 1, 52.56%, 0, 0, 2, 902.79, 570736, 41
695, 0, 0, 30, 30, 1, 52.56%, 0, 0, 2, 905.00, 575380, 41
700, 0, 0, 30, 30, 1, 52.56%, 0, 0, 2, 905.32, 579970, 41
705, 0, 0, 30, 30, 1, 52.56%, 0, 0, 2, 906.19, 584632, 41
710, 0, 0, 30, 30, 1, 52.56%, 0, 0, 2, 906.89, 589258, 41
715, 0, 0, 30, 30, 1, 52.56%, 0, 0, 2, 908.21, 593884, 41
720, 0, 0, 30, 30, 1, 52.56%, 0, 0, 2, 901.65, 598420, 41
725, 0, 0, 30, 30, 1, 52.56%, 0, 0, 2, 903.67, 603064, 41
730, 0, 0, 30, 30, 1, 52.56%, 0, 0, 2, 904.47, 607600, 41
735, 0, 0, 30, 30, 1, 52.56%, 0, 0, 2, 906.81, 612154, 41
740, 0, 0, 30, 30, 1, 52.56%, 0, 0, 2, 907.21, 616726, 41
746, 0, 0, 30, 30, 1, 52.56%, 0, 0, 2, 910.61, 621388, 41
751, 0, 0, 30, 30, 1, 52.56%, 0, 0, 2, 908.21, 625960, 41
756, 0, 0, 30, 30, 1, 52.56%, 0, 0, 2, 908.43, 630604, 41
761, 0, 0, 30, 30, 1, 52.56%, 0, 0, 2, 896.33, 635230, 41
766, 0, 0, 30, 30, 1, 52.56%, 0, 0, 2, 905.66, 639748, 41
771, 0, 0, 30, 30, 1, 52.56%, 0, 0, 2, 910.70, 644320, 41
776, 0, 0, 30, 30, 1, 52.56%, 0, 0, 2, 910.57, 648892, 41
781, 0, 0, 30, 30, 1, 52.56%, 0, 0, 2, 915.00, 653554, 41
786, 0, 0, 30, 30, 1, 52.56%, 0, 0, 2, 909.59, 658090, 41
791, 0, 0, 30, 30, 1, 52.56%, 0, 0, 2, 910.73, 662716, 41
796, 0, 0, 30, 30, 1, 52.56%, 0, 0, 2, 906.36, 667234, 41
801, 0, 0, 30, 30, 1, 52.56%, 0, 0, 2, 907.76, 671752, 41
807, 0, 0, 30, 30, 1, 52.56%, 0, 0, 2, 902.40, 676270, 41
812, 0, 0, 30, 30, 1, 52.56%, 0, 0, 2, 909.08, 680896, 41
817, 0, 0, 30, 30, 1, 52.56%, 0, 0, 2, 908.69, 685450, 41
822, 0, 0, 30, 30, 1, 52.56%, 0, 0, 2, 912.68, 690022, 41
827, 0, 0, 30, 30, 1, 52.56%, 0, 0, 2, 912.83, 694702, 41
832, 0, 0, 30, 30, 1, 52.56%, 0, 0, 2, 912.43, 699256, 41
837, 0, 0, 30, 30, 1, 52.56%, 0, 0, 2, 915.93, 703918, 41
842, 0, 21, 37, 33, 7, 52.56%, 0, 0, 3, 908.13, 708417, 41
847, 0, 36, 43, 31, 1, 52.56%, 0, 0, 4, 914.74, 713010, 41
852, 0, 46, 51, 35, 0, 53.85%, 0, 0, 4, 914.25, 717644, 42
857, 0, 46, 52, 36, 0, 55.13%, 0, 0, 4, 898.17, 722205, 43
862, 0, 33, 57, 36, 0, 57.69%, 0, 0, 5, 894.37, 726756, 45
867, 0, 54, 60, 38, 0, 57.69%, 0, 0, 6, 894.00, 731310, 45
872, 0, 54, 62, 40, 0, 57.69%, 0, 0, 6, 897.35, 735896, 45
878, 0, 56, 63, 39, 0, 57.69%, 0, 0, 6, 890.93, 740591, 45
883, 0, 59, 63, 39, 0, 57.69%, 0, 0, 6, 891.79, 745147, 45
888, 0, 59, 64, 40, 0, 57.69%, 0, 0, 7, 897.96, 749762, 45
893, 0, 59, 67, 41, 0, 60.26%, 0, 0, 7, 899.32, 754316, 47
898, 0, 58, 68, 42, 0, 60.26%, 0, 0, 7, 891.59, 758834, 47
903, 0, 59, 69, 43, 0, 60.26%, 0, 0, 8, 900.46, 763583, 47
908, 0, 50, 70, 44, 0, 60.26%, 0, 0, 8, 902.81, 768302, 47
913, 0, 24, 71, 45, 0, 60.26%, 0, 0, 8, 909.03, 772880, 47
918, 0, 59, 73, 46, 0, 61.54%, 0, 0, 8, 906.97, 777613, 48
923, 0, 50, 74, 46, 0, 61.54%, 0, 0, 8, 901.64, 782210, 48
929, 0, 58, 76, 48, 0, 61.54%, 0, 0, 8, 908.36, 786948, 48
934, 1, 33, 78, 50, 0, 61.54%, 0, 0, 8, 909.74, 791564, 48
939, 1, 59, 81, 53, 0, 61.54%, 0, 0, 8, 909.97, 796136, 48
944, 1, 59, 84, 56, 0, 61.54%, 0, 0, 8, 912.81, 800741, 48
949, 1, 59, 84, 55, 0, 61.54%, 0, 0, 8, 912.23, 805489, 48
954, 1, 59, 84, 55, 0, 61.54%, 0, 0, 8, 912.57, 810102, 48
959, 1, 66, 89, 59, 0, 61.54%, 0, 0, 8, 908.87, 814852, 48
964, 1, 33, 90, 60, 0, 61.54%, 0, 0, 8, 916.30, 819581, 48
968, 1, 71, 90, 60, 0, 61.54%, 1, 0, 8, 0.00, 822508, 48
