# relative_time, cycles_done, cur_item, corpus_count, pending_total, pending_favs, map_size, saved_crashes, saved_hangs, max_depth, execs_per_sec, total_execs, edges_found
61, 1, 0, 28, 20, 0, 39.74%, 0, 0, 4, 586.94, 34797, 31
66, 1, 0, 28, 19, 0, 39.74%, 0, 0, 4, 582.29, 37727, 31
71, 2, 0, 29, 20, 0, 39.74%, 0, 0, 4, 576.66, 40730, 31
76, 2, 0, 29, 18, 0, 39.74%, 0, 0, 4, 579.69, 43687, 31
81, 2, 0, 30, 19, 0, 41.03%, 0, 0, 4, 620.90, 46543, 32
86, 2, 0, 30, 18, 0, 41.03%, 0, 0, 4, 602.48, 49494, 32
91, 2, 14, 30, 18, 0, 41.03%, 0, 0, 4, 578.83, 52005, 32
96, 3, 0, 30, 18, 0, 41.03%, 0, 0, 4, 593.79, 54966, 32
101, 3, 29, 31, 18, 0, 41.03%, 0, 0, 4, 592.00, 57926, 32
106, 3, 29, 33, 20, 0, 43.59%, 0, 0, 4, 603.67, 60734, 34
112, 3, 0, 35, 19, 0, 43.59%, 0, 0, 4, 610.24, 63682, 34
117, 3, 0, 35, 19, 0, 43.59%, 0, 0, 4, 613.13, 66823, 34
122, 3, 0, 35, 19, 0, 43.59%, 0, 0, 4, 581.56, 69632, 34
127, 4, 0, 36, 20, 0, 44.87%, 0, 0, 4, 630.86, 72269, 35
132, 4, 14, 36, 19, 0, 44.87%, 0, 0, 4, 591.74, 75106, 35
137, 4, 0, 36, 19, 0, 44.87%, 0, 0, 4, 615.75, 77740, 35
142, 4, 0, 36, 19, 0, 44.87%, 0, 0, 4, 606.38, 80821, 35
147, 4, 12, 36, 19, 0, 44.87%, 0, 0, 4, 613.32, 83887, 35
152, 4, 0, 36, 19, 0, 44.87%, 0, 0, 4, 653.69, 87034, 35
158, 5, 35, 36, 19, 0, 44.87%, 0, 0, 4, 598.21, 89867, 35
163, 5, 0, 37, 20, 0, 44.87%, 0, 0, 4, 613.22, 92999, 35
168, 5, 0, 37, 20, 0, 44.87%, 0, 0, 4, 609.13, 96008, 35
173, 5, 0, 37, 20, 0, 44.87%, 0, 0, 4, 629.67, 99134, 35
178, 5, 0, 37, 20, 0, 44.87%, 0, 0, 4, 606.00, 101978, 35
183, 5, 0, 37, 19, 0, 44.87%, 0, 0, 4, 637.93, 105280, 35
189, 6, 0, 37, 19, 0, 44.87%, 0, 0, 4, 627.48, 108493, 35
194, 6, 0, 37, 19, 0, 44.87%, 0, 0, 4, 624.29, 111544, 35
199, 6, 0, 38, 20, 0, 44.87%, 0, 0, 4, 645.05, 114760, 35
204, 6, 0, 38, 20, 0, 44.87%, 0, 0, 4, 78.77, 117619, 35
209, 6, 0, 38, 20, 0, 44.87%, 0, 0, 4, 641.46, 120880, 35
214, 6, 0, 38, 20, 0, 44.87%, 0, 0, 4, 639.84, 124018, 35
219, 7, 0, 39, 21, 0, 44.87%, 0, 0, 4, 652.67, 127248, 35
224, 7, 0, 41, 22, 0, 44.87%, 0, 0, 4, 655.61, 130548, 35
229, 7, 0, 41, 21, 0, 44.87%, 0, 0, 4, 645.92, 133678, 35
235, 7, 0, 41, 21, 0, 44.87%, 0, 0, 4, 636.62, 136867, 35
240, 7, 16, 41, 21, 0, 44.87%, 0, 0, 4, 624.09, 139918, 35
245, 7, 35, 41, 20, 0, 44.87%, 0, 0, 4, 646.79, 143189, 35
250, 8, 0, 41, 20, 0, 44.87%, 0, 0, 4, 648.02, 146385, 35
255, 8, 0, 41, 20, 0, 44.87%, 0, 0, 4, 629.27, 149667, 35
260, 8, 20, 41, 20, 0, 44.87%, 0, 0, 4, 640.11, 153024, 35
266, 8, 16, 41, 20, 0, 44.87%, 0, 0, 4, 637.75, 156300, 35
271, 8, 0, 41, 19, 0, 44.87%, 0, 0, 4, 618.90, 159379, 35
276, 8, 0, 41, 19, 0, 44.87%, 0, 0, 4, 626.59, 162604, 35
281, 9, 29, 42, 20, 0, 44.87%, 0, 0, 4, 676.36, 165943, 35
286, 9, 0, 44, 22, 0, 44.87%, 0, 0, 4, 679.45, 169186, 35
291, 9, 0, 45, 23, 0, 44.87%, 0, 0, 4, 684.62, 172588, 35
296, 9, 0, 45, 21, 0, 44.87%, 0, 0, 4, 653.08, 175905, 35
301, 9, 0, 45, 21, 0, 44.87%, 0, 0, 4, 643.09, 179077, 35
306, 9, 0, 45, 21, 0, 44.87%, 0, 0, 4, 677.52, 182120, 35
311, 10, 0, 46, 21, 0, 46.15%, 0, 0, 4, 679.86, 185304, 36
316, 10, 45, 46, 21, 0, 46.15%, 0, 0, 4, 656.80, 188544, 36
321, 10, 45, 46, 21, 0, 46.15%, 0, 0, 4, 585.01, 191663, 36
326, 10, 45, 47, 22, 0, 47.44%, 0, 0, 4, 632.53, 194877, 37
331, 10, 45, 48, 23, 0, 48.72%, 0, 0, 4, 647.92, 198208, 38
337, 10, 45, 48, 23, 0, 48.72%, 0, 0, 4, 671.84, 201212, 38
342, 10, 47, 48, 22, 1, 48.72%, 0, 0, 4, 663.46, 204524, 38
347, 10, 0, 48, 20, 0, 48.72%, 0, 0, 4, 650.82, 207337, 38
352, 10, 46, 48, 19, 0, 48.72%, 0, 0, 4, 650.32, 210530, 38
357, 10, 47, 48, 19, 0, 48.72%, 0, 0, 4, 679.71, 213724, 38
362, 10, 46, 48, 19, 0, 48.72%, 0, 0, 4, 737.41, 217365, 38
367, 10, 0, 49, 20, 0, 48.72%, 0, 0, 4, 924.34, 221779, 38
372, 10, 39, 49, 19, 0, 48.72%, 0, 0, 4, 851.31, 226021, 38
377, 10, 0, 50, 18, 0, 50.00%, 0, 0, 4, 877.04, 230534, 39
383, 11, 0, 50, 17, 0, 50.00%, 0, 0, 4, 892.36, 234855, 39
388, 11, 0, 50, 17, 0, 50.00%, 0, 0, 4, 886.63, 239426, 39
393, 11, 49, 53, 20, 0, 52.56%, 0, 0, 4, 891.05, 244003, 41
398, 11, 49, 53, 20, 0, 52.56%, 0, 0, 4, 903.39, 248675, 41
403, 11, 0, 54, 17, 0, 53.85%, 0, 0, 5, 899.49, 253157, 42
408, 11, 12, 54, 17, 0, 53.85%, 0, 0, 5, 893.20, 257721, 42
413, 11, 0, 54, 17, 0, 53.85%, 0, 0, 5, 896.17, 262207, 42
418, 11, 51, 55, 18, 0, 53.85%, 0, 0, 5, 882.32, 266625, 42
423, 11, 55, 57, 19, 0, 58.97%, 0, 0, 5, 894.84, 271091, 46
429, 11, 55, 57, 19, 0, 58.97%, 0, 0, 5, 901.74, 275739, 46
434, 11, 47, 57, 19, 0, 58.97%, 0, 0, 5, 861.16, 280193, 46
439, 11, 55, 57, 19, 0, 58.97%, 0, 0, 5, 867.51, 284710, 46
444, 11, 55, 57, 19, 0, 58.97%, 0, 0, 5, 881.28, 289375, 46
449, 11, 55, 57, 19, 0, 58.97%, 0, 0, 5, 891.36, 294068, 46
454, 11, 55, 57, 19, 0, 58.97%, 0, 0, 5, 885.96, 298631, 46
459, 11, 55, 58, 20, 0, 58.97%, 0, 0, 6, 887.39, 303160, 46
465, 11, 53, 59, 21, 0, 58.97%, 0, 0, 6, 897.83, 307840, 46
470, 11, 45, 60, 22, 0, 58.97%, 0, 0, 6, 896.47, 312528, 46
475, 11, 0, 62, 23, 0, 61.54%, 0, 0, 6, 895.67, 317081, 48
480, 12, 0, 62, 22, 0, 61.54%, 0, 0, 6, 899.43, 321665, 48
485, 12, 12, 62, 21, 0, 61.54%, 0, 0, 6, 897.02, 326349, 48
490, 12, 61, 62, 21, 0, 61.54%, 0, 0, 6, 897.69, 330889, 48
495, 12, 61, 62, 21, 0, 61.54%, 0, 0, 6, 910.50, 335555, 48
500, 12, 0, 62, 21, 0, 61.54%, 0, 0, 6, 907.36, 340118, 48
505, 12, 0, 62, 20, 0, 61.54%, 0, 0, 6, 907.82, 344843, 48
511, 12, 0, 62, 20, 0, 61.54%, 0, 0, 6, 909.90, 349578, 48
516, 13, 0, 62, 20, 0, 61.54%, 0, 0, 6, 907.66, 354160, 48
521, 13, 45, 62, 20, 0, 61.54%, 0, 0, 6, 914.04, 358839, 48
526, 13, 0, 63, 21, 0, 61.54%, 0, 0, 6, 909.37, 363582, 48
531, 13, 55, 63, 21, 0, 61.54%, 0, 0, 6, 914.88, 368175, 48
536, 13, 55, 63, 21, 0, 61.54%, 0, 0, 6, 916.62, 372912, 48
541, 13, 0, 63, 21, 0, 61.54%, 0, 0, 6, 910.99, 377496, 48
546, 13, 61, 63, 21, 0, 61.54%, 0, 0, 6, 906.51, 382025, 48
551, 14, 29, 63, 21, 0, 61.54%, 0, 0, 6, 913.04, 386678, 48
557, 14, 0, 63, 21, 0, 61.54%, 0, 0, 6, 907.98, 391262, 48
562, 14, 0, 63, 21, 0, 61.54%, 0, 0, 6, 916.94, 395894, 48
567, 14, 0, 63, 21, 0, 61.54%, 0, 0, 6, 919.31, 400494, 48
572, 14, 0, 64, 22, 0, 61.54%, 0, 0, 6, 918.71, 405228, 48
577, 14, 12, 64, 22, 0, 61.54%, 0, 0, 6, 920.03, 409960, 48
582, 14, 45, 64, 22, 0, 61.54%, 0, 0, 6, 919.94, 414683, 48
587, 15, 45, 64, 22, 0, 61.54%, 0, 0, 6, 908.26, 419268, 48
592, 15, 0, 64, 22, 0, 61.54%, 0, 0, 6, 901.40, 423850, 48
597, 15, 0, 64, 22, 0, 61.54%, 0, 0, 6, 901.39, 428449, 48
602, 15, 0, 67, 24, 0, 61.54%, 0, 0, 6, 902.86, 433107, 48
608, 15, 55, 68, 25, 0, 61.54%, 0, 0, 6, 914.61, 437847, 48
613, 15, 57, 75, 32, 0, 61.54%, 0, 0, 7, 903.68, 442492, 48
618, 15, 57, 79, 36, 0, 61.54%, 0, 0, 7, 888.28, 447070, 48
623, 15, 57, 85, 42, 0, 61.54%, 0, 0, 7, 899.24, 451719, 48
628, 15, 0, 89, 45, 0, 61.54%, 0, 0, 7, 890.60, 456254, 48
633, 15, 79, 94, 50, 0, 61.54%, 0, 0, 8, 892.09, 460986, 48
638, 15, 79, 96, 52, 0, 61.54%, 0, 0, 8, 876.86, 465437, 48
643, 15, 79, 97, 53, 0, 61.54%, 0, 0, 8, 879.49, 470017, 48
648, 15, 0, 98, 52, 0, 61.54%, 0, 0, 8, 888.41, 474657, 48
654, 15, 0, 100, 54, 0, 61.54%, 0, 0, 8, 898.67, 479285, 48
659, 15, 0, 100, 54, 0, 61.54%, 0, 0, 8, 905.40, 484027, 48
664, 15, 55, 103, 57, 0, 61.54%, 0, 0, 8, 901.67, 488605, 48
669, 16, 0, 103, 56, 0, 61.54%, 0, 0, 8, 912.10, 493323, 48
674, 16, 0, 106, 59, 0, 61.54%, 0, 0, 8, 902.83, 497881, 48
679, 16, 103, 106, 59, 0, 61.54%, 0, 0, 8, 883.16, 502364, 48
684, 16, 47, 106, 58, 0, 61.54%, 0, 0, 8, 905.23, 507028, 48
689, 16, 0, 108, 60, 0, 61.54%, 0, 0, 8, 891.11, 511496, 48
694, 16, 0, 108, 59, 0, 61.54%, 0, 0, 8, 912.72, 516193, 48
699, 16, 61, 108, 59, 0, 61.54%, 0, 0, 8, 918.15, 520828, 48
704, 16, 0, 109, 59, 0, 61.54%, 0, 0, 8, 904.29, 525340, 48
709, 16, 35, 109, 58, 0, 61.54%, 0, 0, 8, 905.35, 529870, 48
714, 16, 0, 109, 58, 0, 61.54%, 0, 0, 8, 920.90, 534546, 48
720, 16, 0, 109, 57, 0, 61.54%, 0, 0, 8, 875.74, 538901, 48
725, 16, 55, 109, 57, 0, 61.54%, 0, 0, 8, 913.01, 543668, 48
730, 17, 68, 110, 58, 0, 61.54%, 0, 0, 8, 911.14, 548315, 48
735, 17, 35, 110, 57, 0, 61.54%, 0, 0, 8, 919.66, 553010, 48
740, 17, 0, 110, 57, 0, 61.54%, 0, 0, 8, 918.16, 557614, 48
745, 17, 61, 110, 56, 0, 61.54%, 0, 0, 8, 912.97, 562262, 48
750, 17, 0, 110, 56, 0, 61.54%, 0, 0, 8, 915.58, 566876, 48
755, 17, 0, 110, 55, 0, 61.54%, 0, 0, 8, 918.06, 571505, 48
760, 17, 0, 110, 55, 0, 61.54%, 0, 0, 8, 916.47, 576077, 48
765, 17, 55, 110, 55, 0, 61.54%, 0, 0, 8, 919.59, 580684, 48
770, 17, 0, 110, 55, 0, 61.54%, 0, 0, 8, 925.04, 585341, 48
775, 17, 55, 112, 57, 0, 61.54%, 0, 0, 8, 905.24, 589813, 48
780, 17, 0, 112, 57, 0, 61.54%, 0, 0, 8, 894.96, 594295, 48
786, 18, 0, 112, 57, 0, 61.54%, 0, 0, 8, 909.06, 598921, 48
791, 18, 61, 112, 57, 0, 61.54%, 0, 0, 8, 919.12, 603534, 48
796, 18, 0, 112, 57, 0, 61.54%, 0, 0, 8, 923.81, 608183, 48
801, 18, 0, 112, 57, 0, 61.54%, 0, 0, 8, 920.09, 612845, 48
806, 18, 0, 112, 57, 0, 61.54%, 0, 0, 8, 928.83, 617472, 48
811, 18, 0, 112, 57, 0, 61.54%, 0, 0, 8, 920.72, 622064, 48
816, 18, 0, 112, 57, 0, 61.54%, 0, 0, 8, 921.21, 626736, 48
821, 18, 93, 112, 57, 0, 61.54%, 0, 0, 8, 885.07, 631231, 48
826, 18, 45, 112, 56, 0, 61.54%, 0, 0, 8, 903.00, 635872, 48
831, 18, 35, 112, 54, 0, 61.54%, 0, 0, 8, 905.02, 640337, 48
836, 18, 0, 112, 54, 0, 61.54%, 0, 0, 8, 918.67, 644930, 48
841, 18, 0, 112, 54, 0, 61.54%, 0, 0, 8, 929.49, 649655, 48
846, 19, 0, 115, 57, 0, 61.54%, 0, 0, 8, 889.97, 654065, 48
851, 19, 55, 115, 57, 0, 61.54%, 0, 0, 8, 892.13, 658614, 48
857, 19, 0, 115, 57, 0, 61.54%, 0, 0, 8, 918.32, 663287, 48
862, 19, 0, 115, 57, 0, 61.54%, 0, 0, 8, 929.92, 667953, 48
867, 19, 61, 115, 57, 0, 61.54%, 0, 0, 8, 929.14, 672603, 48
872, 19, 113, 117, 59, 0, 61.54%, 0, 0, 8, 920.73, 677351, 48
877, 19, 0, 118, 58, 0, 61.54%, 0, 0, 8, 879.71, 681661, 48
882, 19, 20, 118, 58, 0, 61.54%, 0, 0, 8, 892.61, 686242, 48
887, 19, 55, 118, 57, 0, 61.54%, 0, 0, 8, 889.25, 690885, 48
892, 19, 35, 118, 56, 0, 61.54%, 0, 0, 8, 888.49, 695411, 48
897, 19, 116, 119, 57, 0, 61.54%, 0, 0, 9, 879.60, 700026, 48
902, 19, 0, 119, 56, 0, 61.54%, 0, 0, 9, 869.28, 704390, 48
908, 19, 0, 119, 56, 0, 61.54%, 0, 0, 9, 900.00, 709118, 48
913, 19, 0, 119, 56, 0, 61.54%, 0, 0, 9, 906.66, 713892, 48
918, 20, 0, 119, 56, 0, 61.54%, 0, 0, 9, 888.60, 718568, 48
923, 20, 0, 119, 56, 0, 61.54%, 0, 0, 9, 898.40, 723114, 48
928, 20, 118, 120, 57, 0, 61.54%, 0, 0, 10, 867.66, 727482, 48
933, 20, 0, 120, 56, 0, 61.54%, 0, 0, 10, 886.39, 732064, 48
938, 20, 97, 120, 56, 0, 61.54%, 0, 0, 10, 786.65, 736132, 48
943, 20, 117, 121, 56, 0, 61.54%, 0, 0, 10, 706.66, 739806, 48
949, 20, 0, 123, 57, 0, 61.54%, 0, 0, 10, 835.48, 744251, 48
954, 20, 45, 123, 56, 0, 61.54%, 0, 0, 10, 861.59, 748676, 48
959, 20, 55, 123, 56, 0, 61.54%, 0, 0, 10, 907.27, 753391, 48
964, 20, 87, 123, 56, 0, 61.54%, 0, 0, 10, 889.28, 757938, 48
969, 20, 0, 123, 55, 0, 61.54%, 0, 0, 10, 886.92, 762411, 48
974, 20, 0, 123, 55, 0, 61.54%, 0, 0, 10, 893.70, 766920, 48
979, 20, 0, 123, 55, 0, 61.54%, 0, 0, 10, 907.20, 771562, 48
984, 20, 0, 123, 55, 0, 61.54%, 0, 0, 10, 885.68, 775991, 48
989, 20, 0, 123, 55, 0, 61.54%, 0, 0, 10, 889.44, 780550, 48
994, 21, 0, 124, 55, 0, 61.54%, 0, 0, 10, 905.16, 785075, 48
999, 21, 50, 124, 54, 0, 61.54%, 0, 0, 10, 890.41, 789601, 48
1004, 21, 0, 124, 54, 0, 61.54%, 0, 0, 10, 868.22, 793829, 48
1010, 21, 0, 125, 55, 0, 61.54%, 0, 0, 10, 895.39, 798446, 48
1015, 21, 0, 125, 55, 0, 61.54%, 0, 0, 10, 875.16, 802976, 48
1020, 21, 55, 125, 54, 0, 61.54%, 0, 0, 10, 873.70, 807562, 48
1025, 21, 55, 125, 53, 0, 61.54%, 0, 0, 10, 872.45, 812004, 48
1030, 21, 0, 125, 53, 0, 61.54%, 0, 0, 10, 870.56, 816498, 48
1035, 21, 0, 125, 52, 0, 61.54%, 0, 0, 10, 877.43, 821046, 48
1040, 21, 0, 125, 52, 0, 61.54%, 0, 0, 10, 884.27, 825671, 48
1046, 21, 0, 125, 52, 0, 61.54%, 0, 0, 10, 877.61, 830181, 48
1051, 21, 0, 125, 52, 0, 61.54%, 0, 0, 10, 889.26, 834805, 48
1056, 21, 0, 125, 52, 0, 61.54%, 0, 0, 10, 886.66, 839413, 48
1061, 22, 96, 125, 52, 0, 61.54%, 0, 0, 10, 865.22, 843920, 48
1066, 22, 0, 125, 51, 0, 61.54%, 0, 0, 10, 852.53, 848114, 48
1071, 22, 0, 125, 51, 0, 61.54%, 0, 0, 10, 881.50, 852727, 48
1076, 22, 20, 126, 52, 0, 61.54%, 0, 0, 10, 857.34, 857018, 48
1082, 22, 0, 126, 52, 0, 61.54%, 0, 0, 10, 887.98, 861644, 48
1087, 22, 0, 126, 52, 0, 61.54%, 0, 0, 10, 877.92, 866032, 48
1092, 22, 0, 126, 52, 0, 61.54%, 0, 0, 10, 878.95, 870576, 48
1097, 22, 0, 126, 52, 0, 61.54%, 0, 0, 10, 887.53, 875154, 48
1102, 22, 29, 126, 52, 0, 61.54%, 0, 0, 10, 869.09, 879683, 48
1107, 22, 0, 126, 52, 0, 61.54%, 0, 0, 10, 857.60, 884167, 48
1112, 22, 0, 126, 52, 0, 61.54%, 0, 0, 10, 871.89, 888742, 48
1118, 22, 125, 126, 52, 0, 61.54%, 0, 0, 10, 856.92, 893091, 48
1123, 22, 0, 126, 51, 0, 61.54%, 0, 0, 10, 849.45, 897541, 48
1128, 22, 0, 126, 51, 0, 61.54%, 0, 0, 10, 851.22, 901862, 48
1133, 22, 0, 126, 51, 0, 61.54%, 0, 0, 10, 892.63, 906557, 48
1138, 23, 0, 126, 50, 0, 61.54%, 0, 0, 10, 885.04, 911137, 48
1143, 23, 0, 126, 50, 0, 61.54%, 0, 0, 10, 881.72, 915700, 48
1148, 23, 90, 126, 50, 0, 61.54%, 0, 0, 10, 809.03, 919867, 48
1154, 23, 71, 126, 49, 0, 61.54%, 0, 0, 10, 849.43, 924332, 48
1159, 23, 50, 126, 48, 0, 61.54%, 0, 0, 10, 873.51, 928903, 48
1164, 23, 0, 126, 48, 0, 61.54%, 0, 0, 10, 874.24, 933470, 48
1169, 23, 88, 126, 48, 0, 61.54%, 0, 0, 10, 861.57, 937831, 48
1174, 23, 0, 126, 47, 0, 61.54%, 0, 0, 10, 849.37, 942226, 48
1179, 23, 0, 126, 46, 0, 61.54%, 0, 0, 10, 861.13, 946614, 48
1184, 23, 0, 126, 46, 0, 61.54%, 0, 0, 10, 892.89, 951275, 48
1189, 23, 0, 126, 45, 0, 61.54%, 0, 0, 10, 879.19, 955664, 48
1195, 23, 0, 126, 45, 0, 61.54%, 0, 0, 10, 899.31, 960246, 48
1200, 23, 0, 126, 44, 0, 61.54%, 0, 0, 10, 888.59, 964796, 48
1205, 23, 0, 126, 44, 0, 61.54%, 0, 0, 10, 889.65, 969296, 48
1210, 24, 0, 126, 44, 0, 61.54%, 0, 0, 10, 873.30, 973836, 48
1215, 24, 20, 126, 44, 0, 61.54%, 0, 0, 10, 862.27, 978378, 48
1220, 24, 0, 126, 44, 0, 61.54%, 0, 0, 10, 862.47, 982739, 48
1225, 24, 0, 126, 44, 0, 61.54%, 0, 0, 10, 859.34, 987214, 48
1230, 24, 0, 126, 44, 0, 61.54%, 0, 0, 10, 872.65, 991776, 48
1236, 24, 0, 126, 44, 0, 61.54%, 0, 0, 10, 886.11, 996385, 48
1241, 24, 0, 126, 44, 0, 61.54%, 0, 0, 10, 887.84, 1000926, 48
1246, 24, 12, 126, 44, 0, 61.54%, 0, 0, 10, 889.55, 1005522, 48
1251, 24, 61, 126, 44, 0, 61.54%, 0, 0, 10, 860.48, 1009773, 48
1256, 24, 0, 126, 44, 0, 61.54%, 0, 0, 10, 889.31, 1014221, 48
1261, 24, 0, 126, 43, 0, 61.54%, 0, 0, 10, 855.68, 1018477, 48
1266, 24, 0, 126, 43, 0, 61.54%, 0, 0, 10, 872.93, 1023037, 48
1271, 24, 0, 126, 43, 0, 61.54%, 0, 0, 10, 864.79, 1027395, 48
1276, 25, 0, 126, 43, 0, 61.54%, 0, 0, 10, 898.40, 1031990, 48
1281, 25, 0, 126, 43, 0, 61.54%, 0, 0, 10, 867.49, 1036318, 48
1287, 25, 45, 126, 43, 0, 61.54%, 0, 0, 10, 868.70, 1040832, 48
1292, 25, 55, 127, 44, 0, 61.54%, 0, 0, 10, 879.72, 1045386, 48
1297, 25, 55, 127, 44, 0, 61.54%, 0, 0, 10, 871.38, 1049858, 48
1302, 25, 126, 127, 44, 0, 61.54%, 0, 0, 10, 844.79, 1054109, 48
1307, 25, 50, 127, 43, 0, 61.54%, 0, 0, 10, 813.44, 1058064, 48
1312, 25, 50, 127, 43, 0, 61.54%, 0, 0, 10, 861.91, 1062427, 48
1317, 25, 0, 127, 43, 0, 61.54%, 0, 0, 10, 872.25, 1066853, 48
1322, 25, 0, 127, 42, 0, 61.54%, 0, 0, 10, 869.03, 1071381, 48
1327, 25, 0, 127, 42, 0, 61.54%, 0, 0, 10, 871.87, 1075855, 48
1333, 25, 0, 127, 41, 0, 61.54%, 0, 0, 10, 851.82, 1080079, 48
1338, 25, 0, 127, 41, 0, 61.54%, 0, 0, 10, 862.48, 1084437, 48
1343, 25, 0, 127, 41, 0, 61.54%, 0, 0, 10, 886.03, 1089046, 48
1348, 25, 45, 127, 41, 0, 61.54%, 0, 0, 10, 859.03, 1093387, 48
1353, 26, 0, 127, 40, 0, 61.54%, 0, 0, 10, 844.86, 1097707, 48
1358, 26, 47, 127, 40, 0, 61.54%, 0, 0, 10, 858.77, 1102191, 48
1363, 26, 0, 127, 40, 0, 61.54%, 0, 0, 10, 858.94, 1106499, 48
1368, 26, 0, 127, 40, 0, 61.54%, 0, 0, 10, 878.01, 1111078, 48
1373, 26, 0, 127, 40, 0, 61.54%, 0, 0, 10, 888.13, 1115519, 48
1378, 26, 0, 127, 40, 0, 61.54%, 0, 0, 10, 899.69, 1120075, 48
1383, 26, 0, 127, 40, 0, 61.54%, 0, 0, 10, 873.40, 1124482, 48
1388, 26, 45, 127, 40, 0, 61.54%, 0, 0, 10, 890.71, 1129104, 48
1394, 26, 0, 127, 39, 0, 61.54%, 0, 0, 10, 883.84, 1133651, 48
1399, 26, 0, 127, 39, 0, 61.54%, 0, 0, 10, 880.65, 1138213, 48
1404, 26, 35, 127, 39, 0, 61.54%, 0, 0, 10, 875.54, 1142744, 48
1409, 26, 0, 127, 39, 0, 61.54%, 0, 0, 10, 889.96, 1147355, 48
1414, 26, 55, 127, 39, 0, 61.54%, 0, 0, 10, 875.44, 1151917, 48
1419, 27, 0, 127, 39, 0, 61.54%, 0, 0, 10, 879.67, 1156464, 48
1425, 27, 0, 127, 38, 0, 61.54%, 0, 0, 10, 858.05, 1160908, 48
1430, 27, 55, 127, 38, 0, 61.54%, 0, 0, 10, 883.57, 1165414, 48
1435, 27, 0, 127, 38, 0, 61.54%, 0, 0, 10, 886.07, 1169980, 48
1440, 27, 0, 127, 38, 0, 61.54%, 0, 0, 10, 866.44, 1174473, 48
1445, 27, 0, 127, 38, 0, 61.54%, 0, 0, 10, 881.41, 1179027, 48
1450, 27, 0, 127, 38, 0, 61.54%, 0, 0, 10, 864.66, 1183506, 48
1455, 27, 0, 127, 38, 0, 61.54%, 0, 0, 10, 884.79, 1188049, 48
1461, 27, 0, 127, 38, 0, 61.54%, 0, 0, 10, 873.02, 1192543, 48
1466, 27, 0, 127, 38, 0, 61.54%, 0, 0, 10, 870.79, 1197091, 48
1471, 27, 0, 127, 38, 0, 61.54%, 0, 0, 10, 879.66, 1201498, 48
1476, 27, 0, 127, 38, 0, 61.54%, 0, 0, 10, 896.20, 1206157, 48
1481, 27, 0, 127, 38, 0, 61.54%, 0, 0, 10, 883.30, 1210718, 48
1486, 28, 61, 128, 39, 0, 61.54%, 0, 0, 10, 876.94, 1215271, 48
1491, 28, 0, 128, 39, 0, 61.54%, 0, 0, 10, 874.82, 1219709, 48
1497, 28, 101, 128, 39, 0, 61.54%, 0, 0, 10, 793.20, 1223933, 48
1502, 28, 0, 128, 38, 0, 61.54%, 0, 0, 10, 759.01, 1227353, 48
1507, 28, 0, 128, 38, 0, 61.54%, 0, 0, 10, 861.96, 1231822, 48
1512, 28, 0, 128, 38, 0, 61.54%, 0, 0, 10, 890.11, 1236451, 48
1517, 28, 0, 128, 38, 0, 61.54%, 0, 0, 10, 870.95, 1240964, 48
1522, 28, 0, 128, 38, 0, 61.54%, 0, 0, 10, 870.20, 1245456, 48
1527, 28, 0, 128, 38, 0, 61.54%, 0, 0, 10, 867.65, 1249815, 48
1532, 28, 0, 128, 38, 0, 61.54%, 0, 0, 10, 899.15, 1254508, 48
1537, 28, 0, 128, 38, 0, 61.54%, 0, 0, 10, 902.50, 1259051, 48
1542, 28, 0, 128, 38, 0, 61.54%, 0, 0, 10, 902.16, 1263546, 48
1548, 28, 0, 128, 38, 0, 61.54%, 0, 0, 10, 869.07, 1267971, 48
1553, 28, 76, 128, 38, 0, 61.54%, 0, 0, 10, 891.52, 1272564, 48
1558, 29, 47, 128, 37, 0, 61.54%, 0, 0, 10, 908.91, 1277154, 48
1563, 29, 0, 128, 37, 0, 61.54%, 0, 0, 10, 898.00, 1281648, 48
1568, 29, 0, 128, 37, 0, 61.54%, 0, 0, 10, 917.18, 1286447, 48
1573, 29, 0, 128, 37, 0, 61.54%, 0, 0, 10, 915.79, 1291164, 48
1578, 29, 0, 128, 37, 0, 61.54%, 0, 0, 10, 911.37, 1295768, 48
1583, 29, 61, 128, 37, 0, 61.54%, 0, 0, 10, 915.88, 1300351, 48
1588, 29, 0, 128, 37, 0, 61.54%, 0, 0, 10, 905.29, 1304853, 48
1593, 29, 0, 128, 37, 0, 61.54%, 0, 0, 10, 913.39, 1309462, 48
1598, 29, 47, 128, 37, 0, 61.54%, 0, 0, 10, 916.52, 1314081, 48
1604, 29, 0, 128, 37, 0, 61.54%, 0, 0, 10, 901.46, 1318767, 48
1609, 29, 61, 128, 37, 0, 61.54%, 0, 0, 10, 886.03, 1323395, 48
1614, 29, 61, 128, 37, 0, 61.54%, 0, 0, 10, 882.85, 1327963, 48
1619, 29, 47, 128, 36, 0, 61.54%, 0, 0, 10, 897.36, 1332581, 48
1624, 30, 55, 128, 36, 0, 61.54%, 0, 0, 10, 897.32, 1337041, 48
1629, 30, 0, 128, 36, 0, 61.54%, 0, 0, 10, 907.14, 1341673, 48
1634, 30, 0, 128, 36, 0, 61.54%, 0, 0, 10, 914.59, 1346335, 48
1640, 30, 0, 128, 36, 0, 61.54%, 0, 0, 10, 912.38, 1351019, 48
1645, 30, 0, 128, 36, 0, 61.54%, 0, 0, 10, 921.63, 1355609, 48
1650, 30, 127, 128, 36, 0, 61.54%, 0, 0, 10, 788.81, 1359577, 48
1655, 30, 0, 128, 35, 0, 61.54%, 0, 0, 10, 838.97, 1363696, 48
1660, 30, 0, 128, 35, 0, 61.54%, 0, 0, 10, 882.53, 1368208, 48
1665, 30, 0, 128, 35, 0, 61.54%, 0, 0, 10, 897.19, 1372923, 48
1670, 30, 0, 128, 35, 0, 61.54%, 0, 0, 10, 885.38, 1377368, 48
1675, 30, 61, 128, 35, 0, 61.54%, 0, 0, 10, 865.94, 1381943, 48
1680, 30, 0, 128, 35, 0, 61.54%, 0, 0, 10, 883.02, 1386513, 48
1685, 30, 0, 128, 34, 0, 61.54%, 0, 0, 10, 862.01, 1391015, 48
1690, 31, 50, 128, 34, 0, 61.54%, 0, 0, 10, 891.30, 1395490, 48
1696, 31, 0, 128, 33, 0, 61.54%, 0, 0, 10, 894.25, 1400146, 48
1701, 31, 0, 128, 33, 0, 61.54%, 0, 0, 10, 891.07, 1404843, 48
1706, 31, 0, 128, 33, 0, 61.54%, 0, 0, 10, 901.73, 1409555, 48
1711, 31, 0, 128, 33, 0, 61.54%, 0, 0, 10, 912.48, 1414180, 48
1716, 31, 0, 128, 33, 0, 61.54%, 0, 0, 10, 898.63, 1418690, 48
1721, 31, 47, 128, 33, 0, 61.54%, 0, 0, 10, 899.38, 1423401, 48
1726, 31, 0, 128, 33, 0, 61.54%, 0, 0, 10, 911.20, 1427989, 48
1731, 31, 0, 128, 33, 0, 61.54%, 0, 0, 10, 890.96, 1432445, 48
1736, 31, 45, 128, 33, 0, 61.54%, 0, 0, 10, 900.23, 1436987, 48
1741, 31, 0, 128, 33, 0, 61.54%, 0, 0, 10, 899.90, 1441503, 48
1746, 31, 45, 128, 33, 0, 61.54%, 0, 0, 10, 882.65, 1446070, 48
1752, 31, 55, 128, 33, 0, 61.54%, 0, 0, 10, 865.87, 1450640, 48
1757, 32, 0, 128, 33, 0, 61.54%, 0, 0, 10, 885.85, 1455181, 48
1762, 32, 61, 128, 33, 0, 61.54%, 0, 0, 10, 892.40, 1459666, 48
1767, 32, 0, 128, 33, 0, 61.54%, 0, 0, 10, 888.41, 1464098, 48
1772, 32, 0, 128, 33, 0, 61.54%, 0, 0, 10, 877.59, 1468590, 48
1776, 32, 61, 128, 33, 0, 61.54%, 1, 0, 10, 0.00, 1471635, 48
