# relative_time, cycles_done, cur_item, corpus_count, pending_total, pending_favs, map_size, saved_crashes, saved_hangs, max_depth, execs_per_sec, total_execs, edges_found
61, 1, 11, 48, 33, 0, 42.47%, 0, 0, 7, 802.92, 51066, 31
66, 1, 36, 49, 33, 0, 42.47%, 0, 0, 7, 754.64, 54906, 31
71, 1, 44, 52, 36, 0, 43.84%, 0, 0, 8, 792.02, 59086, 32
76, 1, 51, 53, 36, 0, 43.84%, 0, 0, 9, 810.73, 63212, 32
81, 1, 51, 54, 37, 0, 43.84%, 0, 0, 9, 790.30, 66611, 32
86, 1, 51, 55, 38, 0, 43.84%, 0, 0, 9, 824.17, 70938, 32
91, 1, 51, 55, 38, 0, 43.84%, 0, 0, 9, 791.80, 74538, 32
96, 1, 51, 55, 38, 0, 43.84%, 0, 0, 9, 814.90, 78760, 32
101, 1, 11, 56, 39, 0, 43.84%, 0, 0, 9, 821.49, 82942, 32
106, 1, 36, 57, 38, 0, 43.84%, 0, 0, 9, 800.49, 86906, 32
111, 2, 51, 57, 38, 0, 43.84%, 0, 0, 9, 817.69, 91069, 32
116, 2, 0, 58, 39, 0, 43.84%, 0, 0, 9, 836.80, 95335, 32
121, 2, 53, 58, 39, 0, 43.84%, 0, 0, 9, 819.95, 99539, 32
127, 2, 5, 58, 38, 0, 43.84%, 0, 0, 9, 858.61, 103694, 32
132, 2, 5, 58, 37, 0, 43.84%, 0, 0, 9, 846.35, 107993, 32
137, 2, 35, 58, 37, 0, 43.84%, 0, 0, 9, 844.76, 112251, 32
142, 3, 51, 58, 36, 0, 43.84%, 0, 0, 9, 832.46, 116542, 32
147, 3, 58, 61, 37, 0, 49.32%, 0, 0, 9, 839.11, 120803, 36
152, 3, 58, 62, 38, 0, 50.68%, 0, 0, 9, 823.58, 124586, 37
157, 3, 58, 63, 39, 0, 50.68%, 0, 0, 9, 814.54, 128827, 37
162, 3, 51, 65, 39, 0, 50.68%, 0, 0, 9, 811.13, 133029, 37
166, 3, 65, 66, 39, 0, 52.05%, 1, 0, 9, 0.00, 135836, 38
