# relative_time, cycles_done, cur_item, corpus_count, pending_total, pending_favs, map_size, saved_crashes, saved_hangs, max_depth, execs_per_sec, total_execs, edges_found
61, 1, 21, 33, 19, 0, 44.87%, 0, 0, 5, 566.48, 29498, 35
66, 1, 21, 35, 21, 0, 46.15%, 0, 0, 5, 576.28, 32394, 36
71, 1, 21, 36, 22, 0, 47.44%, 0, 0, 5, 566.74, 35360, 37
76, 1, 21, 38, 24, 0, 48.72%, 0, 0, 5, 565.56, 38311, 38
81, 1, 35, 38, 23, 3, 48.72%, 0, 0, 5, 568.21, 41149, 38
86, 1, 37, 42, 26, 2, 50.00%, 0, 0, 6, 581.33, 44058, 39
91, 1, 41, 46, 27, 0, 56.41%, 0, 0, 7, 535.27, 46602, 44
96, 1, 41, 47, 28, 0, 57.69%, 0, 0, 7, 575.19, 49525, 45
102, 1, 41, 47, 28, 0, 57.69%, 0, 0, 7, 571.90, 52429, 45
107, 1, 45, 48, 28, 2, 57.69%, 0, 0, 8, 582.61, 55352, 45
112, 1, 44, 50, 27, 0, 58.97%, 0, 0, 8, 589.05, 58253, 46
117, 1, 28, 51, 28, 0, 58.97%, 0, 0, 8, 592.79, 61315, 46
122, 1, 28, 51, 28, 0, 58.97%, 0, 0, 8, 612.21, 63977, 46
127, 1, 35, 51, 28, 0, 58.97%, 0, 0, 8, 616.84, 66596, 46
132, 1, 31, 52, 29, 0, 58.97%, 0, 0, 8, 676.83, 69904, 46
137, 1, 51, 54, 30, 0, 58.97%, 0, 0, 8, 799.75, 73255, 46
142, 1, 51, 55, 31, 0, 58.97%, 0, 0, 8, 834.75, 77088, 46
147, 1, 48, 56, 32, 0, 58.97%, 0, 0, 9, 811.41, 81075, 46
152, 1, 0, 57, 33, 0, 58.97%, 0, 0, 9, 814.23, 85160, 46
158, 1, 0, 57, 33, 0, 58.97%, 0, 0, 9, 804.39, 88875, 46
163, 1, 44, 57, 33, 0, 58.97%, 0, 0, 9, 776.58, 92521, 46
168, 2, 34, 58, 34, 0, 58.97%, 0, 0, 9, 781.52, 96562, 46
173, 2, 53, 60, 36, 0, 58.97%, 0, 0, 9, 840.27, 100644, 46
178, 2, 0, 60, 35, 0, 58.97%, 0, 0, 9, 851.88, 104143, 46
183, 2, 0, 61, 36, 0, 58.97%, 0, 0, 9, 843.41, 108445, 46
188, 2, 0, 63, 38, 0, 58.97%, 0, 0, 9, 820.16, 112650, 46
193, 2, 0, 63, 38, 0, 58.97%, 0, 0, 9, 822.03, 116534, 46
198, 2, 0, 63, 37, 0, 58.97%, 0, 0, 9, 830.83, 120651, 46
203, 3, 34, 64, 38, 0, 58.97%, 0, 0, 9, 839.02, 124743, 46
209, 3, 37, 66, 40, 0, 58.97%, 0, 0, 9, 831.32, 128647, 46
214, 3, 35, 67, 41, 0, 58.97%, 0, 0, 9, 825.20, 132672, 46
219, 3, 34, 68, 42, 0, 58.97%, 0, 0, 9, 841.28, 136868, 46
224, 3, 0, 68, 40, 0, 58.97%, 0, 0, 9, 804.63, 141024, 46
229, 3, 44, 69, 39, 0, 58.97%, 0, 0, 9, 813.10, 145100, 46
234, 3, 69, 70, 39, 0, 61.54%, 0, 0, 9, 823.82, 149340, 48
239, 3, 69, 70, 39, 0, 61.54%, 0, 0, 9, 795.66, 153430, 48
245, 3, 0, 70, 39, 0, 61.54%, 0, 0, 9, 830.98, 157661, 48
250, 3, 69, 70, 39, 0, 61.54%, 0, 0, 9, 832.52, 161817, 48
255, 3, 44, 70, 39, 0, 61.54%, 0, 0, 9, 868.86, 165987, 48
260, 3, 69, 70, 39, 0, 61.54%, 0, 0, 9, 859.44, 170176, 48
265, 3, 69, 70, 39, 0, 61.54%, 0, 0, 9, 841.15, 174191, 48
270, 3, 69, 70, 39, 0, 61.54%, 0, 0, 9, 839.53, 178363, 48
275, 3, 69, 70, 39, 0, 61.54%, 0, 0, 9, 853.01, 182438, 48
280, 3, 0, 71, 39, 0, 61.54%, 0, 0, 9, 847.39, 186594, 48
285, 4, 0, 71, 38, 0, 61.54%, 0, 0, 9, 816.77, 190850, 48
290, 4, 16, 71, 38, 0, 61.54%, 0, 0, 9, 115.38, 195047, 48
296, 4, 70, 73, 40, 0, 61.54%, 0, 0, 9, 817.08, 199280, 48
301, 4, 70, 73, 40, 0, 61.54%, 0, 0, 9, 871.53, 203607, 48
306, 4, 0, 73, 39, 0, 61.54%, 0, 0, 9, 882.15, 207694, 48
311, 4, 0, 73, 39, 0, 61.54%, 0, 0, 9, 887.60, 211945, 48
316, 4, 51, 74, 40, 0, 61.54%, 0, 0, 10, 886.48, 216135, 48
322, 4, 51, 74, 38, 0, 61.54%, 0, 0, 10, 829.35, 220367, 48
327, 4, 46, 74, 38, 0, 61.54%, 0, 0, 10, 830.07, 224646, 48
332, 4, 0, 74, 37, 0, 61.54%, 0, 0, 10, 836.64, 228921, 48
337, 4, 69, 74, 37, 0, 61.54%, 0, 0, 10, 805.75, 232787, 48
342, 5, 35, 74, 36, 0, 61.54%, 0, 0, 10, 846.92, 237080, 48
347, 5, 0, 74, 35, 0, 61.54%, 0, 0, 10, 845.44, 240809, 48
352, 5, 0, 74, 34, 0, 61.54%, 0, 0, 10, 863.05, 244987, 48
358, 5, 72, 74, 33, 0, 61.54%, 0, 0, 10, 855.02, 249331, 48
363, 5, 0, 74, 32, 0, 61.54%, 0, 0, 10, 890.02, 253417, 48
368, 5, 53, 74, 32, 0, 61.54%, 0, 0, 10, 899.38, 257739, 48
373, 5, 44, 74, 32, 0, 61.54%, 0, 0, 10, 827.04, 261841, 48
378, 5, 69, 74, 32, 0, 61.54%, 0, 0, 10, 820.15, 266110, 48
383, 5, 19, 74, 32, 0, 61.54%, 0, 0, 10, 865.02, 270481, 48
388, 6, 0, 74, 31, 0, 61.54%, 0, 0, 10, 873.43, 274997, 48
393, 6, 69, 74, 31, 0, 61.54%, 0, 0, 10, 867.07, 279344, 48
398, 6, 0, 74, 31, 0, 61.54%, 0, 0, 10, 881.57, 283902, 48
403, 6, 44, 74, 30, 0, 61.54%, 0, 0, 10, 879.41, 288272, 48
408, 6, 0, 74, 28, 0, 61.54%, 0, 0, 10, 881.34, 292677, 48
413, 6, 0, 74, 28, 0, 61.54%, 0, 0, 10, 870.51, 297027, 48
419, 6, 44, 74, 28, 0, 61.54%, 0, 0, 10, 861.54, 301493, 48
424, 6, 0, 74, 27, 0, 61.54%, 0, 0, 10, 887.45, 305972, 48
429, 7, 70, 74, 27, 0, 61.54%, 0, 0, 10, 898.09, 310445, 48
434, 7, 46, 74, 26, 0, 61.54%, 0, 0, 10, 895.96, 314859, 48
439, 7, 37, 74, 26, 0, 61.54%, 0, 0, 10, 865.52, 319321, 48
444, 7, 53, 74, 26, 0, 61.54%, 0, 0, 10, 861.30, 323693, 48
449, 7, 69, 74, 25, 0, 61.54%, 0, 0, 10, 866.59, 328113, 48
454, 7, 0, 74, 25, 0, 61.54%, 0, 0, 10, 865.56, 332552, 48
459, 7, 35, 74, 25, 0, 61.54%, 0, 0, 10, 878.74, 337198, 48
464, 8, 0, 74, 25, 0, 61.54%, 0, 0, 10, 874.68, 341831, 48
469, 8, 0, 74, 25, 0, 61.54%, 0, 0, 10, 877.63, 346288, 48
474, 8, 0, 74, 25, 0, 61.54%, 0, 0, 10, 866.06, 350718, 48
480, 8, 0, 74, 25, 0, 61.54%, 0, 0, 10, 877.62, 355346, 48
485, 8, 44, 74, 25, 0, 61.54%, 0, 0, 10, 878.96, 359814, 48
490, 8, 0, 74, 24, 0, 61.54%, 0, 0, 10, 873.82, 364374, 48
495, 8, 19, 74, 24, 0, 61.54%, 0, 0, 10, 882.11, 368863, 48
500, 8, 17, 75, 24, 0, 61.54%, 0, 0, 10, 883.69, 373339, 48
505, 9, 0, 75, 24, 0, 61.54%, 0, 0, 10, 884.72, 377991, 48
510, 9, 0, 75, 24, 0, 61.54%, 0, 0, 10, 886.59, 382481, 48
515, 9, 34, 75, 24, 0, 61.54%, 0, 0, 10, 886.48, 387078, 48
520, 9, 69, 75, 24, 0, 61.54%, 0, 0, 10, 887.24, 391701, 48
525, 9, 0, 75, 24, 0, 61.54%, 0, 0, 10, 879.36, 396140, 48
530, 9, 69, 75, 24, 0, 61.54%, 0, 0, 10, 890.36, 400669, 48
536, 9, 0, 75, 24, 0, 61.54%, 0, 0, 10, 901.25, 405282, 48
541, 9, 69, 75, 24, 0, 61.54%, 0, 0, 10, 890.51, 409791, 48
546, 10, 19, 75, 24, 0, 61.54%, 0, 0, 10, 888.52, 414285, 48
551, 10, 35, 75, 24, 0, 61.54%, 0, 0, 10, 887.18, 418772, 48
556, 10, 0, 75, 24, 0, 61.54%, 0, 0, 10, 892.82, 423300, 48
561, 10, 0, 75, 24, 0, 61.54%, 0, 0, 10, 898.79, 427791, 48
566, 10, 69, 75, 24, 0, 61.54%, 0, 0, 10, 891.40, 432272, 48
571, 10, 0, 75, 24, 0, 61.54%, 0, 0, 10, 888.85, 436735, 48
576, 10, 0, 75, 24, 0, 61.54%, 0, 0, 10, 890.84, 441221, 48
581, 11, 0, 75, 24, 0, 61.54%, 0, 0, 10, 900.41, 445873, 48
586, 11, 14, 75, 24, 0, 61.54%, 0, 0, 10, 903.69, 450533, 48
591, 11, 19, 75, 23, 0, 61.54%, 0, 0, 10, 910.13, 455242, 48
596, 11, 0, 75, 23, 0, 61.54%, 0, 0, 10, 912.13, 459750, 48
601, 11, 61, 92, 40, 0, 61.54%, 0, 0, 10, 905.02, 464259, 48
607, 11, 61, 99, 47, 0, 61.54%, 0, 0, 10, 899.30, 468772, 48
612, 11, 61, 102, 50, 0, 61.54%, 0, 0, 10, 896.47, 473366, 48
617, 11, 0, 105, 52, 0, 61.54%, 0, 0, 10, 904.57, 477828, 48
622, 11, 51, 105, 51, 0, 61.54%, 0, 0, 10, 907.52, 482321, 48
627, 11, 17, 109, 55, 0, 61.54%, 0, 0, 10, 889.58, 486912, 48
632, 11, 46, 110, 56, 0, 61.54%, 0, 0, 10, 903.79, 491517, 48
637, 11, 0, 111, 57, 0, 61.54%, 0, 0, 10, 879.15, 496005, 48
642, 11, 69, 111, 56, 0, 61.54%, 0, 0, 10, 896.42, 500470, 48
647, 11, 0, 112, 55, 0, 61.54%, 0, 0, 10, 902.21, 504982, 48
652, 12, 34, 113, 55, 0, 61.54%, 0, 0, 10, 908.01, 509462, 48
658, 12, 16, 114, 55, 0, 61.54%, 0, 0, 10, 863.96, 513927, 48
663, 12, 0, 114, 54, 0, 61.54%, 0, 0, 10, 867.04, 518490, 48
668, 12, 69, 115, 55, 0, 61.54%, 0, 0, 10, 871.37, 523071, 48
673, 12, 0, 115, 55, 0, 61.54%, 0, 0, 10, 879.49, 527691, 48
678, 12, 44, 115, 53, 0, 61.54%, 0, 0, 10, 878.60, 532165, 48
683, 12, 0, 115, 53, 0, 61.54%, 0, 0, 10, 878.40, 536632, 48
688, 12, 0, 115, 53, 0, 61.54%, 0, 0, 10, 891.67, 541162, 48
693, 12, 0, 115, 53, 0, 61.54%, 0, 0, 10, 887.52, 545711, 48
698, 12, 0, 115, 53, 0, 61.54%, 0, 0, 10, 890.79, 550257, 48
704, 12, 51, 116, 54, 0, 61.54%, 0, 0, 10, 880.60, 554858, 48
709, 13, 0, 117, 55, 0, 61.54%, 0, 0, 10, 858.06, 559233, 48
714, 13, 0, 118, 56, 0, 61.54%, 0, 0, 10, 861.84, 563716, 48
719, 13, 0, 118, 54, 0, 61.54%, 0, 0, 10, 880.18, 568155, 48
724, 13, 70, 119, 54, 0, 61.54%, 0, 0, 10, 850.62, 572452, 48
729, 13, 14, 120, 55, 0, 61.54%, 0, 0, 10, 881.35, 577092, 48
734, 13, 0, 120, 54, 0, 61.54%, 0, 0, 10, 869.71, 581607, 48
739, 13, 35, 120, 54, 0, 61.54%, 0, 0, 10, 853.66, 585992, 48
745, 13, 0, 120, 54, 0, 61.54%, 0, 0, 10, 873.97, 590556, 48
750, 13, 0, 120, 54, 0, 61.54%, 0, 0, 10, 900.41, 595228, 48
755, 13, 0, 120, 54, 0, 61.54%, 0, 0, 10, 887.57, 599678, 48
760, 13, 0, 120, 53, 0, 61.54%, 0, 0, 10, 866.82, 604211, 48
765, 13, 69, 120, 53, 0, 61.54%, 0, 0, 10, 899.78, 608911, 48
770, 13, 37, 122, 55, 0, 61.54%, 0, 0, 10, 880.41, 613291, 48
775, 14, 0, 122, 55, 0, 61.54%, 0, 0, 10, 876.54, 617642, 48
780, 14, 0, 123, 56, 0, 61.54%, 0, 0, 10, 874.83, 622176, 48
785, 14, 90, 123, 56, 0, 61.54%, 0, 0, 10, 876.63, 626560, 48
790, 14, 44, 123, 55, 0, 61.54%, 0, 0, 10, 881.77, 630946, 48
796, 14, 0, 123, 55, 0, 61.54%, 0, 0, 10, 888.11, 635461, 48
801, 14, 95, 123, 55, 0, 61.54%, 0, 0, 10, 910.75, 640142, 48
806, 14, 0, 123, 54, 0, 61.54%, 0, 0, 10, 876.38, 644446, 48
811, 14, 0, 124, 54, 0, 61.54%, 0, 0, 10, 877.71, 648794, 48
816, 14, 34, 124, 54, 0, 61.54%, 0, 0, 10, 906.77, 653380, 48
821, 14, 0, 124, 54, 0, 61.54%, 0, 0, 10, 892.68, 657913, 48
826, 14, 69, 124, 53, 0, 61.54%, 0, 0, 10, 797.57, 661781, 48
831, 14, 44, 124, 53, 0, 61.54%, 0, 0, 10, 895.09, 666384, 48
836, 14, 105, 124, 52, 0, 61.54%, 0, 0, 10, 857.40, 670712, 48
841, 15, 44, 124, 51, 0, 61.54%, 0, 0, 10, 832.95, 674842, 48
847, 15, 0, 124, 51, 0, 61.54%, 0, 0, 10, 873.87, 679345, 48
852, 15, 44, 124, 51, 0, 61.54%, 0, 0, 10, 885.54, 683740, 48
857, 15, 0, 125, 51, 0, 61.54%, 0, 0, 10, 800.53, 687634, 48
862, 15, 124, 125, 51, 0, 61.54%, 0, 0, 10, 772.46, 691645, 48
867, 15, 84, 125, 50, 0, 61.54%, 0, 0, 10, 746.80, 695025, 48
872, 15, 0, 125, 49, 0, 61.54%, 0, 0, 10, 863.60, 699501, 48
877, 15, 102, 125, 48, 0, 61.54%, 0, 0, 10, 887.39, 703926, 48
882, 15, 0, 126, 48, 0, 61.54%, 0, 0, 10, 877.48, 708364, 48
887, 15, 37, 126, 48, 0, 61.54%, 0, 0, 10, 901.48, 713005, 48
892, 15, 0, 126, 48, 0, 61.54%, 0, 0, 10, 907.46, 717468, 48
897, 15, 125, 126, 48, 0, 61.54%, 0, 0, 10, 803.78, 721663, 48
903, 15, 125, 126, 48, 0, 61.54%, 0, 0, 10, 688.16, 724755, 48
908, 15, 88, 126, 47, 0, 61.54%, 0, 0, 10, 807.95, 728958, 48
913, 15, 0, 126, 46, 0, 61.54%, 0, 0, 10, 859.24, 733511, 48
918, 16, 37, 126, 46, 0, 61.54%, 0, 0, 10, 874.35, 738136, 48
923, 16, 0, 126, 46, 0, 61.54%, 0, 0, 10, 859.72, 742478, 48
928, 16, 0, 126, 46, 0, 61.54%, 0, 0, 10, 874.16, 746921, 48
933, 16, 0, 126, 46, 0, 61.54%, 0, 0, 10, 847.01, 751229, 48
938, 16, 0, 126, 46, 0, 61.54%, 0, 0, 10, 863.94, 755685, 48
943, 16, 0, 126, 46, 0, 61.54%, 0, 0, 10, 865.06, 760174, 48
948, 16, 0, 126, 46, 0, 61.54%, 0, 0, 10, 898.55, 764919, 48
953, 16, 0, 126, 46, 0, 61.54%, 0, 0, 10, 841.99, 769170, 48
959, 16, 37, 126, 46, 0, 61.54%, 0, 0, 10, 875.97, 773795, 48
964, 16, 0, 126, 46, 0, 61.54%, 0, 0, 10, 875.84, 778304, 48
969, 16, 69, 126, 45, 0, 61.54%, 0, 0, 10, 857.29, 782811, 48
974, 16, 0, 126, 45, 0, 61.54%, 0, 0, 10, 873.20, 787281, 48
979, 16, 0, 126, 45, 0, 61.54%, 0, 0, 10, 844.68, 791439, 48
984, 17, 123, 126, 45, 0, 61.54%, 0, 0, 10, 823.12, 795664, 48
989, 17, 19, 126, 44, 0, 61.54%, 0, 0, 10, 849.07, 799871, 48
994, 17, 70, 126, 44, 0, 61.54%, 0, 0, 10, 852.00, 804143, 48
999, 17, 17, 126, 44, 0, 61.54%, 0, 0, 10, 843.43, 808480, 48
1004, 17, 70, 126, 44, 0, 61.54%, 0, 0, 10, 856.25, 812823, 48
1009, 17, 0, 126, 44, 0, 61.54%, 0, 0, 10, 839.18, 816994, 48
1014, 17, 0, 126, 44, 0, 61.54%, 0, 0, 10, 859.45, 821359, 48
1019, 17, 0, 126, 42, 0, 61.54%, 0, 0, 10, 841.61, 825591, 48
1025, 17, 118, 126, 42, 0, 61.54%, 0, 0, 10, 821.57, 829845, 48
1030, 17, 44, 126, 40, 0, 61.54%, 0, 0, 10, 831.17, 833979, 48
1035, 17, 0, 126, 38, 0, 61.54%, 0, 0, 10, 834.79, 838181, 48
1040, 17, 69, 126, 38, 0, 61.54%, 0, 0, 10, 826.51, 842413, 48
1045, 17, 70, 126, 38, 0, 61.54%, 0, 0, 10, 859.43, 846907, 48
1050, 17, 0, 126, 38, 0, 61.54%, 0, 0, 10, 842.93, 851195, 48
1055, 17, 0, 126, 38, 0, 61.54%, 0, 0, 10, 833.35, 855384, 48
1060, 18, 44, 126, 38, 0, 61.54%, 0, 0, 10, 845.51, 859635, 48
1065, 18, 0, 126, 37, 0, 61.54%, 0, 0, 10, 820.76, 863691, 48
1070, 18, 70, 126, 37, 0, 61.54%, 0, 0, 10, 816.92, 867920, 48
1075, 18, 51, 126, 37, 0, 61.54%, 0, 0, 10, 791.94, 872034, 48
1080, 18, 0, 126, 37, 0, 61.54%, 0, 0, 10, 823.88, 876235, 48
1085, 18, 69, 126, 37, 0, 61.54%, 0, 0, 10, 839.78, 880550, 48
1090, 18, 0, 126, 37, 0, 61.54%, 0, 0, 10, 876.43, 884972, 48
1095, 18, 0, 126, 37, 0, 61.54%, 0, 0, 10, 872.26, 889327, 48
1100, 18, 0, 126, 37, 0, 61.54%, 0, 0, 10, 818.55, 893446, 48
1105, 18, 0, 126, 37, 0, 61.54%, 0, 0, 10, 862.85, 897848, 48
1111, 18, 19, 126, 37, 0, 61.54%, 0, 0, 10, 869.38, 902196, 48
1116, 18, 0, 126, 37, 0, 61.54%, 0, 0, 10, 829.85, 906266, 48
1121, 18, 70, 126, 36, 0, 61.54%, 0, 0, 10, 862.91, 910768, 48
1126, 19, 0, 126, 36, 0, 61.54%, 0, 0, 10, 866.73, 915113, 48
1131, 19, 0, 126, 36, 0, 61.54%, 0, 0, 10, 842.73, 919412, 48
1136, 19, 0, 126, 36, 0, 61.54%, 0, 0, 10, 846.12, 923693, 48
1141, 19, 44, 126, 35, 0, 61.54%, 0, 0, 10, 818.19, 927922, 48
1146, 19, 37, 126, 34, 0, 61.54%, 0, 0, 10, 841.80, 932139, 48
1151, 19, 69, 126, 33, 0, 61.54%, 0, 0, 10, 782.12, 935918, 48
1157, 19, 44, 126, 32, 0, 61.54%, 0, 0, 10, 774.96, 939856, 48
1162, 19, 0, 126, 32, 0, 61.54%, 0, 0, 10, 855.56, 944212, 48
1167, 19, 0, 126, 32, 0, 61.54%, 0, 0, 10, 846.66, 948412, 48
1172, 19, 0, 126, 32, 0, 61.54%, 0, 0, 10, 836.68, 952689, 48
1177, 19, 0, 126, 32, 0, 61.54%, 0, 0, 10, 863.44, 957069, 48
1182, 19, 0, 126, 32, 0, 61.54%, 0, 0, 10, 867.99, 961441, 48
1187, 19, 0, 126, 31, 0, 61.54%, 0, 0, 10, 857.82, 965704, 48
1192, 19, 83, 126, 31, 0, 61.54%, 0, 0, 10, 858.95, 969997, 48
1197, 20, 0, 126, 30, 0, 61.54%, 0, 0, 10, 860.60, 974505, 48
1202, 20, 14, 126, 30, 0, 61.54%, 0, 0, 10, 858.51, 978802, 48
1207, 20, 16, 126, 30, 0, 61.54%, 0, 0, 10, 874.41, 983233, 48
1212, 20, 0, 126, 30, 0, 61.54%, 0, 0, 10, 882.11, 987715, 48
1217, 20, 37, 126, 29, 0, 61.54%, 0, 0, 10, 780.47, 991345, 48
1222, 20, 0, 126, 29, 0, 61.54%, 0, 0, 10, 852.16, 995699, 48
1227, 20, 44, 126, 29, 0, 61.54%, 0, 0, 10, 830.44, 999906, 48
1233, 20, 69, 126, 29, 0, 61.54%, 0, 0, 10, 803.10, 1003990, 48
1238, 20, 0, 126, 29, 0, 61.54%, 0, 0, 10, 838.25, 1008379, 48
1243, 20, 0, 126, 29, 0, 61.54%, 0, 0, 10, 849.15, 1012652, 48
1248, 20, 17, 126, 28, 0, 61.54%, 0, 0, 10, 846.78, 1016944, 48
1253, 20, 70, 126, 28, 0, 61.54%, 0, 0, 10, 863.25, 1021338, 48
1258, 20, 0, 126, 28, 0, 61.54%, 0, 0, 10, 856.99, 1025655, 48
1263, 21, 0, 126, 28, 0, 61.54%, 0, 0, 10, 838.60, 1029836, 48
1268, 21, 0, 126, 28, 0, 61.54%, 0, 0, 10, 842.64, 1034118, 48
1273, 21, 51, 126, 28, 0, 61.54%, 0, 0, 10, 850.16, 1038404, 48
1278, 21, 44, 126, 28, 0, 61.54%, 0, 0, 10, 870.27, 1042890, 48
1283, 21, 51, 126, 28, 0, 61.54%, 0, 0, 10, 853.92, 1047209, 48
1288, 21, 37, 126, 28, 0, 61.54%, 0, 0, 10, 860.53, 1051602, 48
1293, 21, 0, 126, 28, 0, 61.54%, 0, 0, 10, 857.04, 1056027, 48
1298, 21, 93, 126, 28, 0, 61.54%, 0, 0, 10, 846.20, 1060447, 48
1303, 21, 17, 126, 27, 0, 61.54%, 0, 0, 10, 830.40, 1064463, 48
1309, 21, 44, 126, 27, 0, 61.54%, 0, 0, 10, 860.49, 1068899, 48
1314, 21, 0, 126, 27, 0, 61.54%, 0, 0, 10, 858.67, 1073191, 48
1319, 21, 120, 126, 27, 0, 61.54%, 0, 0, 10, 709.04, 1076818, 48
1324, 21, 69, 126, 26, 0, 61.54%, 0, 0, 10, 810.06, 1080934, 48
1329, 21, 69, 126, 26, 0, 61.54%, 0, 0, 10, 848.43, 1085274, 48
1334, 22, 115, 126, 26, 0, 61.54%, 0, 0, 10, 791.61, 1089289, 48
1339, 22, 37, 126, 25, 0, 61.54%, 0, 0, 10, 568.11, 1091519, 48
1344, 22, 0, 126, 25, 0, 61.54%, 0, 0, 10, 812.30, 1095983, 48
1349, 22, 44, 126, 25, 0, 61.54%, 0, 0, 10, 810.67, 1100116, 48
1354, 22, 37, 126, 25, 0, 61.54%, 0, 0, 10, 793.31, 1104103, 48
1359, 22, 37, 126, 25, 0, 61.54%, 0, 0, 10, 862.57, 1108515, 48
1364, 22, 0, 126, 25, 0, 61.54%, 0, 0, 10, 871.30, 1112910, 48
1369, 22, 0, 126, 25, 0, 61.54%, 0, 0, 10, 871.99, 1117230, 48
1374, 22, 0, 126, 25, 0, 61.54%, 0, 0, 10, 889.17, 1121692, 48
1380, 22, 70, 126, 25, 0, 61.54%, 0, 0, 10, 832.37, 1125823, 48
1385, 22, 0, 126, 25, 0, 61.54%, 0, 0, 10, 859.11, 1130182, 48
1390, 22, 0, 126, 25, 0, 61.54%, 0, 0, 10, 837.74, 1134355, 48
1395, 22, 19, 126, 25, 0, 61.54%, 0, 0, 10, 876.99, 1138768, 48
1400, 23, 44, 126, 25, 0, 61.54%, 0, 0, 10, 873.45, 1143313, 48
1405, 23, 0, 126, 25, 0, 61.54%, 0, 0, 10, 873.62, 1147610, 48
1410, 23, 0, 126, 25, 0, 61.54%, 0, 0, 10, 869.55, 1151962, 48
1415, 23, 0, 126, 25, 0, 61.54%, 0, 0, 10, 875.50, 1156494, 48
1420, 23, 0, 126, 25, 0, 61.54%, 0, 0, 10, 856.08, 1160719, 48
1425, 23, 44, 126, 24, 0, 61.54%, 0, 0, 10, 855.47, 1165105, 48
1430, 23, 0, 126, 24, 0, 61.54%, 0, 0, 10, 837.77, 1169325, 48
1435, 23, 69, 126, 24, 0, 61.54%, 0, 0, 10, 800.41, 1173516, 48
1441, 23, 0, 126, 24, 0, 61.54%, 0, 0, 10, 843.51, 1177898, 48
1446, 23, 69, 126, 24, 0, 61.54%, 0, 0, 10, 847.39, 1182221, 48
1451, 23, 70, 126, 24, 0, 61.54%, 0, 0, 10, 839.34, 1186533, 48
1456, 23, 0, 126, 24, 0, 61.54%, 0, 0, 10, 864.32, 1190918, 48
1461, 23, 0, 126, 24, 0, 61.54%, 0, 0, 10, 868.57, 1195351, 48
1466, 24, 0, 126, 24, 0, 61.54%, 0, 0, 10, 874.93, 1199795, 48
1471, 24, 0, 126, 24, 0, 61.54%, 0, 0, 10, 861.27, 1204109, 48
1476, 24, 46, 126, 24, 0, 61.54%, 0, 0, 10, 860.61, 1208505, 48
1481, 24, 35, 126, 24, 0, 61.54%, 0, 0, 10, 819.08, 1212793, 48
1486, 24, 0, 126, 24, 0, 61.54%, 0, 0, 10, 862.97, 1217298, 48
1491, 24, 0, 126, 24, 0, 61.54%, 0, 0, 10, 883.04, 1221800, 48
1497, 24, 0, 126, 24, 0, 61.54%, 0, 0, 10, 878.97, 1226350, 48
1502, 24, 19, 126, 24, 0, 61.54%, 0, 0, 10, 828.56, 1230679, 48
1507, 24, 0, 126, 24, 0, 61.54%, 0, 0, 10, 794.60, 1234673, 48
1512, 24, 19, 126, 24, 0, 61.54%, 0, 0, 10, 859.95, 1239139, 48
1517, 24, 0, 126, 24, 0, 61.54%, 0, 0, 10, 867.68, 1243484, 48
1522, 24, 112, 126, 24, 0, 61.54%, 0, 0, 10, 809.41, 1247629, 48
1527, 24, 69, 126, 23, 0, 61.54%, 0, 0, 10, 843.72, 1251822, 48
1532, 25, 44, 126, 23, 0, 61.54%, 0, 0, 10, 849.97, 1256212, 48
1537, 25, 0, 126, 23, 0, 61.54%, 0, 0, 10, 874.30, 1260612, 48
1542, 25, 0, 126, 23, 0, 61.54%, 0, 0, 10, 873.37, 1265050, 48
1547, 25, 37, 126, 23, 0, 61.54%, 0, 0, 10, 892.98, 1269751, 48
1553, 25, 19, 126, 23, 0, 61.54%, 0, 0, 10, 894.62, 1274393, 48
1558, 25, 0, 126, 23, 0, 61.54%, 0, 0, 10, 857.35, 1278886, 48
1563, 25, 0, 126, 23, 0, 61.54%, 0, 0, 10, 879.17, 1283491, 48
1568, 25, 44, 126, 23, 0, 61.54%, 0, 0, 10, 846.05, 1287743, 48
1573, 25, 34, 126, 23, 0, 61.54%, 0, 0, 10, 886.12, 1292333, 48
1578, 25, 0, 126, 23, 0, 61.54%, 0, 0, 10, 868.78, 1296793, 48
1583, 25, 0, 126, 23, 0, 61.54%, 0, 0, 10, 878.84, 1301120, 48
1588, 25, 0, 126, 23, 0, 61.54%, 0, 0, 10, 891.82, 1305632, 48
1594, 26, 0, 126, 23, 0, 61.54%, 0, 0, 10, 871.37, 1310123, 48
1599, 26, 0, 126, 23, 0, 61.54%, 0, 0, 10, 885.32, 1314736, 48
1604, 26, 0, 126, 23, 0, 61.54%, 0, 0, 10, 894.95, 1319344, 48
1609, 26, 0, 126, 23, 0, 61.54%, 0, 0, 10, 875.34, 1323692, 48
1614, 26, 0, 126, 22, 0, 61.54%, 0, 0, 10, 813.07, 1327745, 48
1619, 26, 0, 126, 22, 0, 61.54%, 0, 0, 10, 881.63, 1332376, 48
1624, 26, 0, 126, 22, 0, 61.54%, 0, 0, 10, 881.53, 1336724, 48
1629, 26, 37, 126, 22, 0, 61.54%, 0, 0, 10, 896.18, 1341385, 48
1634, 26, 46, 126, 22, 0, 61.54%, 0, 0, 10, 879.77, 1345918, 48
1640, 26, 86, 126, 22, 0, 61.54%, 0, 0, 10, 893.27, 1350497, 48
1645, 26, 0, 126, 21, 0, 61.54%, 0, 0, 10, 888.94, 1354900, 48
1650, 26, 51, 126, 21, 0, 61.54%, 0, 0, 10, 860.13, 1359206, 48
1655, 27, 0, 126, 21, 0, 61.54%, 0, 0, 10, 875.05, 1363711, 48
1660, 27, 0, 126, 21, 0, 61.54%, 0, 0, 10, 878.65, 1368393, 48
1665, 27, 0, 126, 21, 0, 61.54%, 0, 0, 10, 887.74, 1373040, 48
1671, 27, 0, 126, 21, 0, 61.54%, 0, 0, 10, 865.48, 1377624, 48
1676, 27, 0, 126, 21, 0, 61.54%, 0, 0, 10, 875.60, 1382013, 48
1681, 27, 0, 126, 20, 0, 61.54%, 0, 0, 10, 856.26, 1386473, 48
1686, 27, 14, 126, 20, 0, 61.54%, 0, 0, 10, 870.08, 1390867, 48
1691, 27, 46, 126, 20, 0, 61.54%, 0, 0, 10, 882.16, 1395452, 48
1696, 27, 69, 126, 20, 0, 61.54%, 0, 0, 10, 873.24, 1399742, 48
1701, 27, 0, 126, 19, 0, 61.54%, 0, 0, 10, 850.35, 1403915, 48
1706, 27, 69, 126, 19, 0, 61.54%, 0, 0, 10, 883.72, 1408542, 48
1711, 27, 46, 126, 19, 0, 61.54%, 0, 0, 10, 872.72, 1413007, 48
1716, 28, 34, 126, 19, 0, 61.54%, 0, 0, 10, 895.79, 1417644, 48
1721, 28, 44, 126, 19, 0, 61.54%, 0, 0, 10, 870.08, 1421999, 48
1727, 28, 44, 126, 18, 0, 61.54%, 0, 0, 10, 872.02, 1426545, 48
1732, 28, 0, 126, 18, 0, 61.54%, 0, 0, 10, 866.28, 1430991, 48
1737, 28, 0, 126, 18, 0, 61.54%, 0, 0, 10, 892.24, 1435667, 48
1742, 28, 69, 126, 18, 0, 61.54%, 0, 0, 10, 896.54, 1440246, 48
1747, 28, 0, 126, 18, 0, 61.54%, 0, 0, 10, 894.10, 1444699, 48
1752, 28, 46, 126, 18, 0, 61.54%, 0, 0, 10, 858.46, 1449227, 48
1757, 28, 0, 126, 18, 0, 61.54%, 0, 0, 10, 879.46, 1453794, 48
1762, 28, 46, 126, 18, 0, 61.54%, 0, 0, 10, 876.36, 1458123, 48
1768, 28, 0, 126, 18, 0, 61.54%, 0, 0, 10, 849.76, 1462387, 48
1773, 28, 46, 126, 17, 0, 61.54%, 0, 0, 10, 856.44, 1466699, 48
1778, 29, 16, 126, 17, 0, 61.54%, 0, 0, 10, 820.77, 1471041, 48
1783, 29, 0, 126, 17, 0, 61.54%, 0, 0, 10, 845.91, 1475298, 48
1788, 29, 0, 126, 17, 0, 61.54%, 0, 0, 10, 837.19, 1479639, 48
1793, 29, 0, 126, 17, 0, 61.54%, 0, 0, 10, 857.92, 1483956, 48
1798, 29, 0, 126, 17, 0, 61.54%, 0, 0, 10, 814.39, 1488058, 48
1803, 29, 0, 126, 17, 0, 61.54%, 0, 0, 10, 841.85, 1492324, 48
1808, 29, 0, 126, 17, 0, 61.54%, 0, 0, 10, 855.65, 1496632, 48
1813, 29, 69, 126, 17, 0, 61.54%, 0, 0, 10, 837.59, 1500864, 48
1818, 29, 0, 126, 17, 0, 61.54%, 0, 0, 10, 816.79, 1504954, 48
1823, 29, 37, 126, 17, 0, 61.54%, 0, 0, 10, 822.30, 1509065, 48
1828, 29, 0, 126, 17, 0, 61.54%, 0, 0, 10, 816.65, 1513248, 48
1833, 29, 46, 126, 17, 0, 61.54%, 0, 0, 10, 851.05, 1517699, 48
1838, 29, 69, 126, 17, 0, 61.54%, 0, 0, 10, 803.30, 1521807, 48
1843, 30, 0, 126, 17, 0, 61.54%, 0, 0, 10, 833.18, 1526008, 48
1849, 30, 46, 126, 17, 0, 61.54%, 0, 0, 10, 850.47, 1530295, 48
1854, 30, 0, 126, 17, 0, 61.54%, 0, 0, 10, 834.15, 1534450, 48
1859, 30, 0, 126, 17, 0, 61.54%, 0, 0, 10, 844.59, 1538839, 48
1864, 30, 0, 126, 17, 0, 61.54%, 0, 0, 10, 840.58, 1543068, 48
1869, 30, 69, 126, 17, 0, 61.54%, 0, 0, 10, 806.98, 1547119, 48
1874, 30, 0, 126, 17, 0, 61.54%, 0, 0, 10, 833.19, 1551238, 48
1879, 30, 0, 126, 17, 0, 61.54%, 0, 0, 10, 844.30, 1555465, 48
1884, 30, 14, 126, 17, 0, 61.54%, 0, 0, 10, 836.69, 1559709, 48
1889, 30, 44, 126, 17, 0, 61.54%, 0, 0, 10, 817.73, 1563798, 48
1894, 30, 70, 126, 17, 0, 61.54%, 0, 0, 10, 819.14, 1568019, 48
1899, 30, 0, 126, 17, 0, 61.54%, 0, 0, 10, 844.61, 1572456, 48
1904, 30, 0, 126, 17, 0, 61.54%, 0, 0, 10, 854.51, 1576825, 48
1910, 31, 0, 126, 17, 0, 61.54%, 0, 0, 10, 837.09, 1581001, 48
1915, 31, 0, 126, 16, 0, 61.54%, 0, 0, 10, 817.36, 1585107, 48
1920, 31, 0, 126, 16, 0, 61.54%, 0, 0, 10, 834.25, 1589347, 48
1925, 31, 37, 126, 16, 0, 61.54%, 0, 0, 10, 836.75, 1593533, 48
1930, 31, 70, 126, 16, 0, 61.54%, 0, 0, 10, 828.56, 1597826, 48
1935, 31, 44, 126, 16, 0, 61.54%, 0, 0, 10, 821.64, 1601985, 48
1940, 31, 69, 126, 16, 0, 61.54%, 0, 0, 10, 831.99, 1606101, 48
1945, 31, 0, 126, 16, 0, 61.54%, 0, 0, 10, 834.85, 1610273, 48
1950, 31, 0, 126, 16, 0, 61.54%, 0, 0, 10, 807.79, 1614363, 48
1955, 31, 51, 126, 16, 0, 61.54%, 0, 0, 10, 821.80, 1618501, 48
1960, 31, 0, 126, 16, 0, 61.54%, 0, 0, 10, 795.19, 1622554, 48
1965, 31, 0, 126, 16, 0, 61.54%, 0, 0, 10, 833.22, 1626798, 48
1970, 31, 0, 126, 16, 0, 61.54%, 0, 0, 10, 836.42, 1631036, 48
1975, 31, 0, 126, 15, 0, 61.54%, 0, 0, 10, 818.79, 1635297, 48
1981, 32, 15, 126, 15, 0, 61.54%, 0, 0, 10, 830.06, 1639684, 48
1986, 32, 0, 126, 15, 0, 61.54%, 0, 0, 10, 835.15, 1643994, 48
1991, 32, 0, 126, 15, 0, 61.54%, 0, 0, 10, 831.60, 1648141, 48
1996, 32, 0, 126, 15, 0, 61.54%, 0, 0, 10, 836.51, 1652336, 48
2001, 32, 0, 126, 15, 0, 61.54%, 0, 0, 10, 830.91, 1656494, 48
2006, 32, 0, 126, 15, 0, 61.54%, 0, 0, 10, 813.34, 1660590, 48
2011, 32, 0, 126, 15, 0, 61.54%, 0, 0, 10, 847.75, 1665057, 48
2016, 32, 37, 126, 15, 0, 61.54%, 0, 0, 10, 845.35, 1669303, 48
2021, 32, 44, 126, 15, 0, 61.54%, 0, 0, 10, 842.79, 1673644, 48
2026, 32, 69, 126, 15, 0, 61.54%, 0, 0, 10, 865.28, 1677971, 48
2031, 32, 0, 126, 15, 0, 61.54%, 0, 0, 10, 850.71, 1682144, 48
2036, 32, 0, 126, 15, 0, 61.54%, 0, 0, 10, 855.43, 1686413, 48
2042, 33, 44, 126, 15, 0, 61.54%, 0, 0, 10, 858.82, 1690919, 48
2047, 33, 19, 126, 15, 0, 61.54%, 0, 0, 10, 868.32, 1695310, 48
2052, 33, 0, 126, 15, 0, 61.54%, 0, 0, 10, 844.41, 1699408, 48
2057, 33, 35, 126, 15, 0, 61.54%, 0, 0, 10, 838.93, 1703767, 48
2062, 33, 69, 126, 15, 0, 61.54%, 0, 0, 10, 843.45, 1708016, 48
2067, 33, 0, 126, 15, 0, 61.54%, 0, 0, 10, 836.24, 1712295, 48
2072, 33, 0, 126, 15, 0, 61.54%, 0, 0, 10, 821.70, 1716410, 48
2077, 33, 0, 126, 15, 0, 61.54%, 0, 0, 10, 820.97, 1720678, 48
2082, 33, 0, 126, 15, 0, 61.54%, 0, 0, 10, 836.12, 1724901, 48
2087, 33, 0, 126, 15, 0, 61.54%, 0, 0, 10, 849.92, 1729144, 48
2092, 33, 0, 126, 15, 0, 61.54%, 0, 0, 10, 851.15, 1733362, 48
2097, 33, 51, 127, 16, 0, 61.54%, 0, 0, 10, 807.14, 1737499, 48
2103, 33, 46, 127, 16, 0, 61.54%, 0, 0, 10, 826.30, 1741715, 48
2108, 34, 14, 127, 16, 0, 61.54%, 0, 0, 10, 858.60, 1746091, 48
2113, 34, 126, 127, 16, 0, 61.54%, 0, 0, 10, 671.23, 1749074, 48
2118, 34, 0, 127, 15, 0, 61.54%, 0, 0, 10, 794.58, 1753293, 48
2123, 34, 19, 127, 15, 0, 61.54%, 0, 0, 10, 808.51, 1757388, 48
2128, 34, 0, 127, 15, 0, 61.54%, 0, 0, 10, 826.00, 1761690, 48
2133, 34, 0, 127, 15, 0, 61.54%, 0, 0, 10, 838.49, 1765903, 48
2138, 34, 57, 127, 15, 0, 61.54%, 0, 0, 10, 824.78, 1769991, 48
2143, 34, 0, 127, 15, 0, 61.54%, 0, 0, 10, 833.66, 1774140, 48
2148, 34, 0, 127, 15, 0, 61.54%, 0, 0, 10, 849.10, 1778394, 48
2153, 34, 16, 127, 15, 0, 61.54%, 0, 0, 10, 813.14, 1782485, 48
2158, 34, 0, 127, 15, 0, 61.54%, 0, 0, 10, 816.29, 1786614, 48
2163, 34, 0, 127, 15, 0, 61.54%, 0, 0, 10, 833.88, 1790809, 48
2168, 34, 51, 127, 14, 0, 61.54%, 0, 0, 10, 835.49, 1795011, 48
2173, 34, 0, 127, 14, 0, 61.54%, 0, 0, 10, 837.82, 1799236, 48
2178, 35, 69, 127, 14, 0, 61.54%, 0, 0, 10, 823.03, 1803325, 48
2183, 35, 37, 127, 14, 0, 61.54%, 0, 0, 10, 828.42, 1807520, 48
2189, 35, 16, 127, 14, 0, 61.54%, 0, 0, 10, 843.94, 1811940, 48
2194, 35, 0, 127, 14, 0, 61.54%, 0, 0, 10, 825.77, 1816011, 48
2199, 35, 44, 127, 14, 0, 61.54%, 0, 0, 10, 817.48, 1820112, 48
2204, 35, 0, 127, 14, 0, 61.54%, 0, 0, 10, 845.93, 1824426, 48
2209, 35, 0, 127, 14, 0, 61.54%, 0, 0, 10, 855.77, 1828697, 48
2214, 35, 70, 127, 13, 0, 61.54%, 0, 0, 10, 792.96, 1832631, 48
2219, 35, 0, 127, 13, 0, 61.54%, 0, 0, 10, 812.13, 1836741, 48
2224, 35, 0, 127, 13, 0, 61.54%, 0, 0, 10, 826.06, 1840931, 48
2229, 35, 46, 127, 13, 0, 61.54%, 0, 0, 10, 829.64, 1845129, 48
2234, 35, 44, 127, 13, 0, 61.54%, 0, 0, 10, 850.95, 1849354, 48
2239, 35, 0, 127, 13, 0, 61.54%, 0, 0, 10, 857.77, 1853712, 48
2244, 36, 37, 127, 13, 0, 61.54%, 0, 0, 10, 855.71, 1858162, 48
2249, 36, 0, 127, 13, 0, 61.54%, 0, 0, 10, 819.11, 1862213, 48
2254, 36, 0, 127, 13, 0, 61.54%, 0, 0, 10, 818.62, 1866289, 48
2259, 36, 0, 127, 12, 0, 61.54%, 0, 0, 10, 835.48, 1870492, 48
2264, 36, 69, 127, 12, 0, 61.54%, 0, 0, 10, 827.72, 1874630, 48
2269, 36, 0, 127, 12, 0, 61.54%, 0, 0, 10, 824.73, 1878774, 48
2274, 36, 34, 127, 12, 0, 61.54%, 0, 0, 10, 831.67, 1882946, 48
2280, 36, 69, 127, 12, 0, 61.54%, 0, 0, 10, 813.26, 1887103, 48
2285, 36, 0, 127, 12, 0, 61.54%, 0, 0, 10, 818.78, 1891176, 48
2290, 36, 0, 127, 12, 0, 61.54%, 0, 0, 10, 831.60, 1895562, 48
2295, 36, 46, 127, 12, 0, 61.54%, 0, 0, 10, 833.48, 1899677, 48
2300, 36, 0, 127, 12, 0, 61.54%, 0, 0, 10, 807.81, 1903726, 48
2305, 36, 0, 127, 11, 0, 61.54%, 0, 0, 10, 672.55, 1906992, 48
2310, 37, 0, 127, 11, 0, 61.54%, 0, 0, 10, 775.75, 1911026, 48
2315, 37, 0, 127, 11, 0, 61.54%, 0, 0, 10, 793.71, 1915010, 48
2320, 37, 51, 127, 11, 0, 61.54%, 0, 0, 10, 809.98, 1919116, 48
2325, 37, 0, 127, 11, 0, 61.54%, 0, 0, 10, 817.56, 1923319, 48
2330, 37, 0, 127, 11, 0, 61.54%, 0, 0, 10, 801.24, 1927337, 48
2335, 37, 0, 127, 11, 0, 61.54%, 0, 0, 10, 816.48, 1931495, 48
2340, 37, 0, 127, 11, 0, 61.54%, 0, 0, 10, 816.59, 1935740, 48
2346, 37, 19, 127, 11, 0, 61.54%, 0, 0, 10, 830.67, 1940024, 48
2351, 37, 0, 127, 11, 0, 61.54%, 0, 0, 10, 808.97, 1944101, 48
2356, 37, 44, 127, 11, 0, 61.54%, 0, 0, 10, 832.56, 1948438, 48
2361, 37, 46, 127, 11, 0, 61.54%, 0, 0, 10, 812.09, 1952495, 48
2366, 37, 0, 127, 11, 0, 61.54%, 0, 0, 10, 817.77, 1956664, 48
2371, 37, 37, 127, 11, 0, 61.54%, 0, 0, 10, 820.00, 1960901, 48
2376, 38, 0, 127, 11, 0, 61.54%, 0, 0, 10, 835.29, 1965140, 48
2381, 38, 0, 127, 11, 0, 61.54%, 0, 0, 10, 838.28, 1969370, 48
2386, 38, 35, 127, 11, 0, 61.54%, 0, 0, 10, 851.13, 1973683, 48
2391, 38, 106, 127, 11, 0, 61.54%, 0, 0, 10, 831.91, 1978031, 48
2396, 38, 0, 127, 11, 0, 61.54%, 0, 0, 10, 837.34, 1982284, 48
2401, 38, 0, 127, 10, 0, 61.54%, 0, 0, 10, 784.55, 1986143, 48
2406, 38, 70, 127, 10, 0, 61.54%, 0, 0, 10, 825.26, 1990343, 48
2411, 38, 0, 127, 10, 0, 61.54%, 0, 0, 10, 853.40, 1994775, 48
2416, 38, 0, 127, 10, 0, 61.54%, 0, 0, 10, 873.18, 1999202, 48
2421, 38, 69, 127, 10, 0, 61.54%, 0, 0, 10, 873.42, 2003637, 48
2427, 38, 0, 127, 10, 0, 61.54%, 0, 0, 10, 909.92, 2008343, 48
2432, 38, 16, 127, 10, 0, 61.54%, 0, 0, 10, 900.42, 2012811, 48
2437, 38, 35, 127, 10, 0, 61.54%, 0, 0, 10, 876.90, 2017327, 48
2442, 39, 0, 127, 10, 0, 61.54%, 0, 0, 10, 856.45, 2021694, 48
2447, 39, 0, 127, 10, 0, 61.54%, 0, 0, 10, 856.60, 2025985, 48
2452, 39, 0, 127, 10, 0, 61.54%, 0, 0, 10, 859.56, 2030449, 48
2457, 39, 77, 127, 10, 0, 61.54%, 0, 0, 10, 882.85, 2035030, 48
2462, 39, 0, 127, 9, 0, 61.54%, 0, 0, 10, 855.30, 2039427, 48
2467, 39, 16, 127, 9, 0, 61.54%, 0, 0, 10, 851.96, 2043741, 48
2473, 39, 69, 127, 9, 0, 61.54%, 0, 0, 10, 842.96, 2048138, 48
2478, 39, 0, 127, 9, 0, 61.54%, 0, 0, 10, 827.88, 2052287, 48
2483, 39, 0, 127, 9, 0, 61.54%, 0, 0, 10, 867.88, 2056850, 48
2488, 39, 0, 127, 9, 0, 61.54%, 0, 0, 10, 849.43, 2061223, 48
2493, 39, 44, 127, 9, 0, 61.54%, 0, 0, 10, 816.07, 2065332, 48
2498, 39, 0, 127, 9, 0, 61.54%, 0, 0, 10, 817.68, 2069397, 48
2503, 40, 34, 127, 9, 0, 61.54%, 0, 0, 10, 843.24, 2073618, 48
2508, 40, 0, 127, 9, 0, 61.54%, 0, 0, 10, 836.69, 2077943, 48
2513, 40, 0, 127, 9, 0, 61.54%, 0, 0, 10, 870.39, 2082277, 48
2518, 40, 0, 127, 9, 0, 61.54%, 0, 0, 10, 835.30, 2086607, 48
2523, 40, 0, 127, 9, 0, 61.54%, 0, 0, 10, 834.96, 2090839, 48
2528, 40, 69, 127, 9, 0, 61.54%, 0, 0, 10, 849.68, 2095072, 48
2533, 40, 17, 127, 9, 0, 61.54%, 0, 0, 10, 796.66, 2099160, 48
2539, 40, 113, 127, 9, 0, 61.54%, 0, 0, 10, 780.96, 2103319, 48
2544, 40, 0, 127, 8, 0, 61.54%, 0, 0, 10, 795.14, 2107257, 48
2549, 40, 0, 127, 8, 0, 61.54%, 0, 0, 10, 840.41, 2111528, 48
2554, 40, 0, 127, 8, 0, 61.54%, 0, 0, 10, 849.36, 2115917, 48
2559, 40, 69, 127, 8, 0, 61.54%, 0, 0, 10, 817.43, 2120090, 48
2564, 40, 44, 127, 8, 0, 61.54%, 0, 0, 10, 820.33, 2124242, 48
2569, 40, 69, 127, 8, 0, 61.54%, 0, 0, 10, 836.15, 2128581, 48
2574, 41, 0, 127, 8, 0, 61.54%, 0, 0, 10, 839.10, 2132732, 48
2579, 41, 46, 127, 8, 0, 61.54%, 0, 0, 10, 808.80, 2136814, 48
2584, 41, 0, 127, 8, 0, 61.54%, 0, 0, 10, 800.73, 2140835, 48
2589, 41, 0, 127, 8, 0, 61.54%, 0, 0, 10, 828.26, 2144961, 48
2594, 41, 0, 127, 8, 0, 61.54%, 0, 0, 10, 834.59, 2149179, 48
2600, 41, 44, 127, 8, 0, 61.54%, 0, 0, 10, 821.57, 2153285, 48
2605, 41, 0, 127, 8, 0, 61.54%, 0, 0, 10, 818.65, 2157526, 48
2610, 41, 35, 127, 8, 0, 61.54%, 0, 0, 10, 807.22, 2161780, 48
2615, 41, 0, 127, 8, 0, 61.54%, 0, 0, 10, 826.95, 2166126, 48
2620, 41, 44, 127, 8, 0, 61.54%, 0, 0, 10, 816.89, 2170281, 48
2625, 41, 35, 127, 8, 0, 61.54%, 0, 0, 10, 804.20, 2174333, 48
2630, 41, 0, 127, 8, 0, 61.54%, 0, 0, 10, 829.41, 2178501, 48
2635, 41, 0, 128, 9, 0, 61.54%, 0, 0, 10, 842.15, 2182738, 48
2641, 42, 37, 128, 9, 0, 61.54%, 0, 0, 10, 824.79, 2186970, 48
2646, 42, 0, 128, 9, 0, 61.54%, 0, 0, 10, 816.40, 2191059, 48
2651, 42, 44, 128, 9, 0, 61.54%, 0, 0, 10, 834.90, 2195429, 48
2656, 42, 37, 128, 9, 0, 61.54%, 0, 0, 10, 849.65, 2199825, 48
2661, 42, 0, 128, 9, 0, 61.54%, 0, 0, 10, 838.00, 2203986, 48
2666, 42, 46, 128, 9, 0, 61.54%, 0, 0, 10, 827.93, 2208084, 48
2671, 42, 0, 128, 9, 0, 61.54%, 0, 0, 10, 794.38, 2211974, 48
2676, 42, 51, 128, 8, 0, 61.54%, 0, 0, 10, 808.37, 2216079, 48
2681, 42, 51, 128, 8, 0, 61.54%, 0, 0, 10, 829.22, 2220421, 48
2686, 42, 44, 128, 8, 0, 61.54%, 0, 0, 10, 790.18, 2224396, 48
2691, 42, 44, 128, 8, 0, 61.54%, 0, 0, 10, 862.60, 2228799, 48
2697, 42, 51, 128, 8, 0, 61.54%, 0, 0, 10, 830.70, 2233053, 48
2702, 42, 44, 128, 8, 0, 61.54%, 0, 0, 10, 815.90, 2237156, 48
2707, 42, 0, 128, 8, 0, 61.54%, 0, 0, 10, 828.63, 2241305, 48
2712, 43, 37, 128, 8, 0, 61.54%, 0, 0, 10, 819.53, 2245578, 48
2717, 43, 90, 128, 8, 0, 61.54%, 0, 0, 10, 842.69, 2249852, 48
2722, 43, 70, 128, 8, 0, 61.54%, 0, 0, 10, 812.07, 2253881, 48
2727, 43, 0, 128, 8, 0, 61.54%, 0, 0, 10, 822.97, 2257970, 48
2732, 43, 0, 128, 8, 0, 61.54%, 0, 0, 10, 821.86, 2262097, 48
2737, 43, 16, 128, 8, 0, 61.54%, 0, 0, 10, 843.58, 2266495, 48
2742, 43, 0, 128, 8, 0, 61.54%, 0, 0, 10, 803.60, 2270653, 48
2747, 43, 0, 128, 8, 0, 61.54%, 0, 0, 10, 852.23, 2274983, 48
2753, 43, 69, 128, 8, 0, 61.54%, 0, 0, 10, 850.45, 2279460, 48
2758, 43, 44, 128, 8, 0, 61.54%, 0, 0, 10, 828.07, 2283509, 48
2763, 43, 0, 128, 8, 0, 61.54%, 0, 0, 10, 821.00, 2287750, 48
2768, 43, 44, 128, 8, 0, 61.54%, 0, 0, 10, 784.90, 2291537, 48
2773, 44, 0, 128, 8, 0, 61.54%, 0, 0, 10, 802.20, 2295758, 48
2778, 44, 37, 128, 8, 0, 61.54%, 0, 0, 10, 845.45, 2300035, 48
2783, 44, 0, 128, 8, 0, 61.54%, 0, 0, 10, 816.59, 2304063, 48
2788, 44, 0, 128, 8, 0, 61.54%, 0, 0, 10, 812.41, 2308185, 48
2793, 44, 70, 128, 8, 0, 61.54%, 0, 0, 10, 836.75, 2312624, 48
2798, 44, 0, 128, 8, 0, 61.54%, 0, 0, 10, 847.67, 2317071, 48
2803, 44, 69, 128, 8, 0, 61.54%, 0, 0, 10, 802.18, 2321165, 48
2809, 44, 0, 128, 8, 0, 61.54%, 0, 0, 10, 819.95, 2325394, 48
2814, 44, 44, 128, 8, 0, 61.54%, 0, 0, 10, 825.16, 2329598, 48
2819, 44, 0, 128, 8, 0, 61.54%, 0, 0, 10, 833.21, 2333788, 48
2824, 44, 0, 128, 8, 0, 61.54%, 0, 0, 10, 811.29, 2337807, 48
2829, 44, 44, 128, 8, 0, 61.54%, 0, 0, 10, 810.93, 2342028, 48
2834, 44, 0, 128, 8, 0, 61.54%, 0, 0, 10, 840.22, 2346435, 48
2839, 44, 69, 128, 8, 0, 61.54%, 0, 0, 10, 826.76, 2350601, 48
2842, 45, 69, 128, 8, 0, 61.54%, 1, 0, 10, 0.00, 2353008, 48
