# relative_time, cycles_done, cur_item, corpus_count, pending_total, pending_favs, map_size, saved_crashes, saved_hangs, max_depth, execs_per_sec, total_execs, edges_found
60, 0, 14, 25, 20, 0, 37.29%, 0, 0, 5, 270.53, 16871, 22
65, 0, 14, 26, 21, 0, 37.29%, 0, 0, 5, 249.56, 18137, 22
71, 0, 18, 28, 21, 0, 37.29%, 0, 0, 6, 263.78, 19531, 22
76, 0, 18, 28, 21, 0, 37.29%, 0, 0, 6, 270.22, 20929, 22
81, 0, 18, 28, 21, 0, 37.29%, 0, 0, 6, 266.54, 22143, 22
86, 0, 7, 28, 21, 0, 37.29%, 0, 0, 6, 271.84, 23584, 22
91, 0, 11, 28, 21, 0, 37.29%, 0, 0, 6, 259.25, 24817, 22
96, 0, 7, 30, 22, 0, 42.37%, 0, 0, 6, 269.10, 26242, 25
101, 0, 29, 31, 23, 0, 42.37%, 0, 0, 6, 272.16, 27625, 25
106, 0, 29, 34, 26, 0, 45.76%, 0, 0, 6, 264.64, 28986, 27
111, 0, 29, 34, 26, 0, 45.76%, 0, 0, 6, 277.12, 30406, 27
117, 0, 29, 36, 28, 0, 47.46%, 0, 0, 6, 279.43, 31830, 28
122, 0, 29, 38, 30, 0, 49.15%, 0, 0, 6, 272.48, 33204, 29
127, 0, 29, 38, 30, 0, 49.15%, 0, 0, 6, 274.34, 34584, 29
132, 0, 29, 38, 30, 0, 49.15%, 0, 0, 6, 276.90, 35989, 29
137, 0, 29, 38, 30, 0, 49.15%, 0, 0, 6, 277.80, 37384, 29
142, 0, 29, 39, 31, 0, 50.85%, 0, 0, 6, 281.23, 38823, 30
147, 0, 29, 42, 34, 0, 50.85%, 0, 0, 6, 277.69, 40220, 30
152, 0, 33, 43, 33, 3, 50.85%, 0, 0, 6, 268.79, 41484, 30
157, 0, 38, 46, 35, 2, 50.85%, 0, 0, 6, 269.00, 42863, 30
162, 0, 36, 47, 34, 0, 50.85%, 0, 0, 6, 274.32, 44243, 30
167, 0, 36, 47, 34, 0, 50.85%, 0, 0, 6, 275.57, 45649, 30
172, 0, 14, 47, 34, 0, 50.85%, 0, 0, 6, 276.89, 47046, 30
177, 0, 34, 47, 34, 0, 50.85%, 0, 0, 6, 272.76, 48449, 30
183, 0, 36, 47, 34, 0, 50.85%, 0, 0, 6, 272.27, 49875, 30
188, 0, 33, 47, 34, 0, 50.85%, 0, 0, 6, 277.42, 51273, 30
193, 0, 38, 48, 35, 0, 50.85%, 0, 0, 6, 270.15, 52632, 30
198, 0, 38, 48, 35, 0, 50.85%, 0, 0, 6, 275.74, 54033, 30
203, 0, 36, 49, 36, 0, 50.85%, 0, 0, 6, 278.16, 55444, 30
208, 0, 7, 49, 36, 0, 50.85%, 0, 0, 6, 276.57, 56825, 30
213, 0, 14, 49, 36, 0, 50.85%, 0, 0, 6, 278.73, 58272, 30
218, 0, 38, 50, 37, 0, 50.85%, 0, 0, 6, 280.42, 59686, 30
223, 0, 7, 50, 37, 0, 50.85%, 0, 0, 6, 282.05, 60923, 30
228, 0, 34, 50, 37, 0, 50.85%, 0, 0, 6, 276.04, 62321, 30
233, 1, 31, 50, 37, 0, 50.85%, 0, 0, 6, 275.49, 63711, 30
238, 1, 7, 50, 37, 0, 50.85%, 0, 0, 6, 279.05, 65092, 30
243, 1, 7, 50, 37, 0, 50.85%, 0, 0, 6, 277.96, 66534, 30
249, 1, 48, 51, 38, 0, 52.54%, 0, 0, 7, 271.79, 67908, 31
254, 1, 26, 52, 36, 0, 52.54%, 0, 0, 7, 276.21, 69349, 31
254, 1, 51, 53, 36, 0, 52.54%, 1, 0, 7, 0.00, 69433, 31
