# relative_time, cycles_done, cur_item, corpus_count, pending_total, pending_favs, map_size, saved_crashes, saved_hangs, max_depth, execs_per_sec, total_execs, edges_found
61, 0, 37, 48, 38, 3, 50.00%, 0, 0, 6, 606.75, 36735, 39
66, 0, 37, 48, 38, 3, 50.00%, 0, 0, 6, 590.26, 39617, 39
71, 0, 37, 48, 38, 3, 50.00%, 0, 0, 6, 598.30, 42603, 39
76, 0, 37, 49, 39, 3, 50.00%, 0, 0, 6, 620.00, 44984, 39
81, 0, 29, 52, 40, 4, 50.00%, 0, 0, 6, 590.37, 47707, 39
86, 0, 36, 56, 40, 0, 50.00%, 0, 0, 7, 609.07, 50761, 39
91, 0, 28, 57, 41, 0, 50.00%, 0, 0, 7, 618.10, 53589, 39
96, 0, 13, 59, 43, 0, 50.00%, 0, 0, 7, 619.07, 56747, 39
102, 0, 24, 61, 45, 0, 50.00%, 0, 0, 7, 612.94, 59765, 39
107, 0, 11, 61, 45, 0, 50.00%, 0, 0, 7, 646.62, 62727, 39
112, 0, 28, 62, 46, 0, 50.00%, 0, 0, 7, 611.27, 65566, 39
117, 0, 11, 62, 46, 0, 50.00%, 0, 0, 7, 105.56, 68434, 39
122, 0, 11, 64, 48, 0, 50.00%, 0, 0, 7, 623.33, 71513, 39
127, 0, 37, 64, 48, 0, 50.00%, 0, 0, 7, 645.00, 74280, 39
132, 1, 24, 64, 47, 0, 50.00%, 0, 0, 7, 599.68, 76928, 39
137, 1, 24, 65, 47, 0, 51.28%, 0, 0, 7, 614.48, 79813, 40
142, 1, 64, 69, 51, 0, 53.85%, 0, 0, 7, 620.09, 82917, 42
147, 1, 64, 70, 52, 0, 58.97%, 0, 0, 7, 585.11, 85685, 46
153, 1, 64, 70, 52, 0, 58.97%, 0, 0, 7, 642.65, 88492, 46
158, 1, 68, 70, 51, 2, 58.97%, 0, 0, 7, 620.06, 91338, 46
163, 1, 69, 72, 51, 0, 58.97%, 0, 0, 8, 620.53, 94506, 46
168, 1, 69, 73, 52, 0, 61.54%, 0, 0, 8, 634.05, 97563, 48
173, 1, 72, 73, 51, 0, 61.54%, 0, 0, 8, 630.29, 100722, 48
178, 1, 72, 73, 51, 0, 61.54%, 0, 0, 8, 668.87, 103488, 48
183, 1, 72, 73, 51, 0, 61.54%, 0, 0, 8, 637.97, 106713, 48
188, 1, 72, 73, 51, 0, 61.54%, 0, 0, 8, 647.98, 109461, 48
194, 1, 72, 73, 51, 0, 61.54%, 0, 0, 8, 656.72, 112074, 48
199, 1, 72, 73, 51, 0, 61.54%, 0, 0, 8, 629.46, 115218, 48
204, 1, 72, 73, 51, 0, 61.54%, 0, 0, 8, 624.61, 118320, 48
209, 1, 72, 73, 51, 0, 61.54%, 0, 0, 8, 634.44, 121437, 48
214, 1, 72, 73, 51, 0, 61.54%, 0, 0, 8, 631.97, 124545, 48
219, 1, 72, 74, 52, 0, 61.54%, 0, 0, 9, 632.54, 127657, 48
224, 1, 72, 74, 52, 0, 61.54%, 0, 0, 9, 619.39, 130378, 48
229, 1, 36, 74, 52, 0, 61.54%, 0, 0, 9, 632.25, 133572, 48
234, 1, 29, 75, 53, 0, 61.54%, 0, 0, 9, 610.48, 136366, 48
239, 1, 11, 76, 53, 0, 61.54%, 0, 0, 9, 624.80, 139451, 48
244, 1, 72, 76, 53, 0, 61.54%, 0, 0, 9, 630.91, 142608, 48
249, 1, 44, 76, 53, 0, 61.54%, 0, 0, 9, 630.05, 145707, 48
254, 1, 2, 79, 54, 0, 61.54%, 0, 0, 9, 655.16, 148752, 48
259, 1, 11, 80, 54, 0, 61.54%, 0, 0, 9, 648.05, 151899, 48
265, 1, 44, 80, 53, 0, 61.54%, 0, 0, 9, 645.71, 155143, 48
270, 1, 36, 80, 53, 0, 61.54%, 0, 0, 9, 638.97, 158262, 48
275, 2, 13, 81, 54, 0, 61.54%, 0, 0, 9, 626.49, 161368, 48
280, 2, 37, 81, 53, 0, 61.54%, 0, 0, 9, 639.31, 164599, 48
285, 2, 72, 81, 53, 0, 61.54%, 0, 0, 9, 640.28, 167831, 48
290, 2, 29, 81, 53, 0, 61.54%, 0, 0, 9, 607.05, 170739, 48
295, 2, 37, 81, 53, 0, 61.54%, 0, 0, 9, 641.79, 173844, 48
300, 2, 72, 81, 53, 0, 61.54%, 0, 0, 9, 636.18, 177024, 48
305, 2, 44, 81, 53, 0, 61.54%, 0, 0, 9, 619.70, 180174, 48
311, 2, 69, 81, 53, 0, 61.54%, 0, 0, 9, 617.82, 183351, 48
316, 2, 69, 81, 52, 0, 61.54%, 0, 0, 9, 604.69, 186387, 48
321, 2, 72, 81, 50, 0, 61.54%, 0, 0, 9, 656.11, 189662, 48
326, 2, 36, 81, 49, 0, 61.54%, 0, 0, 9, 604.53, 192888, 48
331, 3, 73, 81, 49, 0, 61.54%, 0, 0, 9, 649.51, 196064, 48
336, 3, 44, 81, 47, 0, 61.54%, 0, 0, 9, 610.61, 199001, 48
341, 3, 66, 82, 47, 0, 61.54%, 0, 0, 9, 630.60, 202234, 48
346, 3, 66, 82, 47, 0, 61.54%, 0, 0, 9, 644.54, 205405, 48
351, 3, 44, 82, 47, 0, 61.54%, 0, 0, 9, 652.15, 208728, 48
357, 3, 17, 82, 47, 0, 61.54%, 0, 0, 9, 650.02, 212058, 48
362, 3, 72, 82, 47, 0, 61.54%, 0, 0, 9, 626.61, 215246, 48
367, 3, 72, 82, 47, 0, 61.54%, 0, 0, 9, 642.09, 218627, 48
372, 3, 69, 82, 45, 0, 61.54%, 0, 0, 9, 621.20, 221816, 48
377, 3, 72, 82, 43, 0, 61.54%, 0, 0, 9, 650.55, 225232, 48
382, 4, 2, 82, 43, 0, 61.54%, 0, 0, 9, 650.41, 228487, 48
387, 4, 2, 82, 43, 0, 61.54%, 0, 0, 9, 657.55, 231809, 48
392, 4, 72, 82, 43, 0, 61.54%, 0, 0, 9, 643.62, 235061, 48
397, 4, 72, 82, 42, 0, 61.54%, 0, 0, 9, 655.50, 238350, 48
403, 4, 72, 82, 42, 0, 61.54%, 0, 0, 9, 658.85, 241796, 48
408, 4, 45, 82, 42, 0, 61.54%, 0, 0, 9, 643.64, 245109, 48
413, 4, 37, 82, 41, 0, 61.54%, 0, 0, 9, 651.09, 248476, 48
418, 4, 72, 82, 41, 0, 61.54%, 0, 0, 9, 661.43, 251894, 48
423, 4, 2, 82, 40, 0, 61.54%, 0, 0, 9, 666.44, 255247, 48
428, 4, 72, 82, 40, 0, 61.54%, 0, 0, 9, 666.87, 258565, 48
433, 4, 72, 82, 39, 0, 61.54%, 0, 0, 9, 647.74, 261731, 48
439, 5, 72, 82, 39, 0, 61.54%, 0, 0, 9, 638.06, 265055, 48
444, 5, 36, 82, 38, 0, 61.54%, 0, 0, 9, 645.58, 268328, 48
449, 5, 2, 82, 38, 0, 61.54%, 0, 0, 9, 638.34, 271595, 48
454, 5, 72, 82, 37, 0, 61.54%, 0, 0, 9, 647.01, 275029, 48
459, 5, 37, 82, 37, 0, 61.54%, 0, 0, 9, 644.94, 278450, 48
464, 5, 72, 82, 37, 0, 61.54%, 0, 0, 9, 641.26, 281705, 48
469, 5, 7, 83, 37, 0, 61.54%, 0, 0, 9, 642.19, 284946, 48
474, 5, 29, 83, 35, 0, 61.54%, 0, 0, 9, 641.95, 288256, 48
479, 5, 72, 83, 35, 0, 61.54%, 0, 0, 9, 654.80, 291631, 48
485, 5, 2, 83, 35, 0, 61.54%, 0, 0, 9, 652.39, 295074, 48
490, 5, 29, 83, 34, 0, 61.54%, 0, 0, 9, 642.17, 298333, 48
495, 5, 13, 83, 34, 0, 61.54%, 0, 0, 9, 653.04, 301766, 48
500, 5, 17, 83, 33, 0, 61.54%, 0, 0, 9, 653.26, 305184, 48
505, 6, 21, 83, 33, 0, 61.54%, 0, 0, 9, 649.60, 308406, 48
510, 6, 36, 83, 32, 0, 61.54%, 0, 0, 9, 655.62, 311726, 48
515, 6, 29, 83, 32, 0, 61.54%, 0, 0, 9, 657.74, 315145, 48
520, 6, 72, 83, 32, 0, 61.54%, 0, 0, 9, 652.05, 318405, 48
525, 6, 2, 83, 30, 0, 61.54%, 0, 0, 9, 648.86, 321680, 48
530, 6, 37, 83, 29, 0, 61.54%, 0, 0, 9, 649.80, 324983, 48
535, 6, 72, 83, 29, 0, 61.54%, 0, 0, 9, 655.18, 328421, 48
541, 6, 29, 83, 29, 0, 61.54%, 0, 0, 9, 660.51, 331865, 48
546, 6, 66, 83, 29, 0, 61.54%, 0, 0, 9, 657.55, 335167, 48
551, 6, 28, 83, 29, 0, 61.54%, 0, 0, 9, 653.72, 338437, 48
556, 6, 2, 83, 29, 0, 61.54%, 0, 0, 9, 658.95, 341875, 48
561, 7, 66, 83, 29, 0, 61.54%, 0, 0, 9, 660.86, 345190, 48
566, 7, 69, 83, 29, 0, 61.54%, 0, 0, 9, 666.40, 348580, 48
571, 7, 29, 83, 29, 0, 61.54%, 0, 0, 9, 653.70, 351845, 48
576, 7, 2, 83, 29, 0, 61.54%, 0, 0, 9, 662.29, 355290, 48
581, 7, 28, 83, 29, 0, 61.54%, 0, 0, 9, 667.01, 358614, 48
586, 7, 29, 83, 29, 0, 61.54%, 0, 0, 9, 664.38, 361947, 48
591, 7, 69, 83, 29, 0, 61.54%, 0, 0, 9, 670.42, 365282, 48
596, 7, 38, 83, 29, 0, 61.54%, 0, 0, 9, 665.52, 368573, 48
601, 7, 44, 85, 31, 0, 61.54%, 0, 0, 9, 665.32, 371883, 48
606, 7, 72, 94, 40, 0, 61.54%, 0, 0, 9, 658.76, 375158, 48
612, 7, 72, 98, 44, 0, 61.54%, 0, 0, 9, 659.93, 378527, 48
617, 7, 72, 100, 46, 0, 61.54%, 0, 0, 9, 662.08, 381856, 48
622, 7, 14, 102, 48, 0, 61.54%, 0, 0, 9, 665.08, 385196, 48
627, 7, 20, 106, 51, 0, 61.54%, 0, 0, 9, 652.40, 388546, 48
632, 7, 72, 107, 50, 0, 61.54%, 0, 0, 9, 661.01, 391813, 48
637, 7, 100, 112, 55, 0, 61.54%, 0, 0, 9, 652.41, 395027, 48
642, 7, 28, 112, 54, 0, 61.54%, 0, 0, 9, 653.88, 398354, 48
647, 7, 110, 114, 56, 0, 61.54%, 0, 0, 9, 549.12, 401158, 48
652, 7, 112, 115, 56, 0, 61.54%, 1, 0, 9, 0.00, 403970, 48
