# relative_time, cycles_done, cur_item, corpus_count, pending_total, pending_favs, map_size, saved_crashes, saved_hangs, max_depth, execs_per_sec, total_execs, edges_found
61, 0, 0, 29, 29, 1, 47.95%, 0, 0, 2, 796.32, 49928, 35
66, 0, 0, 29, 29, 1, 47.95%, 0, 0, 2, 816.32, 54236, 35
71, 0, 0, 29, 29, 1, 47.95%, 0, 0, 2, 819.74, 58428, 35
76, 0, 0, 29, 29, 1, 47.95%, 0, 0, 2, 145.90, 62076, 35
81, 0, 0, 29, 29, 1, 47.95%, 0, 0, 2, 844.65, 66396, 35
86, 0, 0, 29, 29, 1, 47.95%, 0, 0, 2, 854.26, 70672, 35
91, 0, 0, 29, 29, 1, 47.95%, 0, 0, 2, 817.38, 74844, 35
96, 0, 0, 29, 29, 1, 47.95%, 0, 0, 2, 817.67, 79004, 35
101, 0, 0, 29, 29, 1, 47.95%, 0, 0, 2, 811.78, 83020, 35
106, 0, 0, 29, 29, 1, 47.95%, 0, 0, 2, 819.82, 87132, 35
112, 0, 0, 29, 29, 1, 47.95%, 0, 0, 2, 815.75, 91404, 35
117, 0, 0, 30, 30, 1, 47.95%, 0, 0, 2, 813.80, 95699, 35
122, 0, 0, 30, 30, 1, 47.95%, 0, 0, 2, 834.29, 99891, 35
127, 0, 0, 30, 30, 1, 47.95%, 0, 0, 2, 838.79, 104259, 35
132, 0, 0, 30, 30, 1, 47.95%, 0, 0, 2, 856.61, 108691, 35
137, 0, 22, 37, 35, 8, 50.68%, 0, 0, 3, 842.93, 112921, 37
142, 0, 22, 39, 37, 8, 50.68%, 0, 0, 3, 858.61, 117156, 37
147, 0, 22, 39, 37, 8, 50.68%, 0, 0, 3, 841.45, 121287, 37
152, 0, 26, 40, 36, 7, 50.68%, 0, 0, 3, 824.98, 125180, 37
158, 0, 49, 52, 38, 2, 50.68%, 0, 0, 5, 795.80, 129325, 37
163, 0, 33, 55, 39, 0, 50.68%, 0, 0, 5, 818.14, 133429, 37
163, 0, 33, 55, 39, 0, 50.68%, 2, 0, 5, 0.00, 133494, 37
