# relative_time, cycles_done, cur_item, corpus_count, pending_total, pending_favs, map_size, saved_crashes, saved_hangs, max_depth, execs_per_sec, total_execs, edges_found
61, 0, 0, 30, 30, 1, 47.95%, 0, 0, 2, 796.89, 48270, 35
66, 0, 0, 30, 30, 1, 47.95%, 0, 0, 2, 772.18, 52245, 35
71, 0, 21, 32, 31, 10, 49.32%, 0, 0, 2, 777.66, 56124, 36
76, 0, 7, 41, 34, 5, 52.05%, 0, 0, 3, 855.00, 59337, 38
81, 0, 26, 47, 39, 4, 52.05%, 0, 0, 3, 854.97, 63074, 38
86, 0, 48, 54, 38, 0, 52.05%, 0, 0, 5, 865.48, 67190, 38
92, 0, 48, 54, 38, 0, 52.05%, 0, 0, 5, 799.47, 71167, 38
97, 0, 50, 55, 37, 0, 52.05%, 0, 0, 5, 805.34, 75137, 38
98, 0, 24, 55, 37, 0, 52.05%, 1, 0, 5, 47.62, 75993, 38
