# relative_time, cycles_done, cur_item, corpus_count, pending_total, pending_favs, map_size, saved_crashes, saved_hangs, max_depth, execs_per_sec, total_execs, edges_found
61, 0, 12, 16, 11, 0, 32.05%, 0, 0, 4, 173.33, 10432, 25
66, 0, 12, 16, 11, 0, 32.05%, 0, 0, 4, 169.81, 11319, 25
71, 1, 1, 16, 11, 0, 32.05%, 0, 0, 4, 171.62, 12232, 25
76, 1, 11, 17, 11, 0, 33.33%, 0, 0, 4, 174.70, 13099, 26
81, 1, 16, 20, 13, 0, 35.90%, 0, 0, 5, 189.76, 14083, 28
86, 1, 16, 20, 13, 0, 35.90%, 0, 0, 5, 205.01, 15105, 28
91, 1, 16, 20, 13, 0, 35.90%, 0, 0, 5, 193.69, 16063, 28
97, 1, 16, 20, 13, 0, 35.90%, 0, 0, 5, 200.06, 17119, 28
102, 1, 16, 20, 13, 0, 35.90%, 0, 0, 5, 193.72, 18067, 28
107, 1, 16, 20, 13, 0, 35.90%, 0, 0, 5, 198.98, 19075, 28
112, 1, 16, 20, 13, 0, 35.90%, 0, 0, 5, 192.37, 20047, 28
117, 1, 16, 22, 15, 0, 35.90%, 0, 0, 5, 200.10, 21089, 28
122, 1, 16, 22, 15, 0, 35.90%, 0, 0, 5, 197.64, 22109, 28
127, 1, 17, 22, 14, 1, 35.90%, 0, 0, 5, 199.16, 23094, 28
132, 1, 10, 22, 13, 0, 35.90%, 0, 0, 5, 198.62, 24118, 28
137, 1, 10, 23, 14, 0, 35.90%, 0, 0, 5, 199.59, 25111, 28
142, 1, 1, 23, 14, 0, 35.90%, 0, 0, 5, 197.68, 26086, 28
147, 2, 12, 23, 14, 0, 35.90%, 0, 0, 5, 200.92, 27125, 28
153, 2, 17, 28, 19, 0, 35.90%, 0, 0, 6, 194.18, 28037, 28
158, 2, 19, 29, 20, 0, 35.90%, 0, 0, 6, 192.05, 28998, 28
163, 2, 19, 29, 20, 0, 35.90%, 0, 0, 6, 197.85, 30021, 28
168, 2, 19, 29, 20, 0, 35.90%, 0, 0, 6, 199.13, 31041, 28
173, 2, 19, 29, 20, 0, 35.90%, 0, 0, 6, 202.15, 32084, 28
178, 2, 16, 29, 20, 0, 35.90%, 0, 0, 6, 201.05, 33097, 28
183, 2, 16, 29, 20, 0, 35.90%, 0, 0, 6, 202.39, 34110, 28
188, 2, 17, 29, 20, 0, 35.90%, 0, 0, 6, 218.55, 35191, 28
193, 2, 20, 29, 20, 0, 35.90%, 0, 0, 6, 229.90, 36388, 28
199, 2, 1, 29, 19, 0, 35.90%, 0, 0, 6, 239.12, 37610, 28
204, 2, 12, 29, 19, 0, 35.90%, 0, 0, 6, 46.27, 38751, 28
209, 2, 1, 29, 19, 0, 35.90%, 0, 0, 6, 193.86, 39926, 28
214, 3, 24, 29, 19, 0, 35.90%, 0, 0, 6, 225.18, 41099, 28
219, 3, 1, 29, 18, 0, 35.90%, 0, 0, 6, 233.48, 42263, 28
224, 3, 1, 29, 18, 0, 35.90%, 0, 0, 6, 238.55, 43504, 28
229, 3, 17, 29, 18, 0, 35.90%, 0, 0, 6, 236.44, 44707, 28
235, 3, 17, 29, 18, 0, 35.90%, 0, 0, 6, 233.39, 45880, 28
240, 4, 1, 29, 18, 0, 35.90%, 0, 0, 6, 233.80, 47078, 28
245, 4, 17, 29, 18, 0, 35.90%, 0, 0, 6, 238.01, 48289, 28
250, 4, 19, 30, 19, 0, 35.90%, 0, 0, 6, 229.97, 49483, 28
255, 4, 17, 30, 19, 0, 35.90%, 0, 0, 6, 231.00, 50665, 28
260, 4, 29, 30, 19, 0, 35.90%, 0, 0, 6, 229.98, 51879, 28
265, 4, 29, 30, 19, 0, 35.90%, 0, 0, 6, 228.50, 53031, 28
270, 4, 28, 30, 18, 0, 35.90%, 0, 0, 6, 227.83, 54183, 28
275, 4, 19, 30, 17, 0, 35.90%, 0, 0, 6, 225.94, 55337, 28
281, 4, 1, 30, 17, 0, 35.90%, 0, 0, 6, 230.10, 56552, 28
286, 4, 1, 30, 16, 0, 35.90%, 0, 0, 6, 229.11, 57709, 28
291, 5, 26, 30, 16, 0, 35.90%, 0, 0, 6, 227.15, 58849, 28
296, 5, 16, 30, 15, 0, 35.90%, 0, 0, 6, 230.57, 60021, 28
301, 5, 16, 30, 15, 0, 35.90%, 0, 0, 6, 228.87, 61184, 28
306, 5, 1, 31, 16, 0, 35.90%, 0, 0, 6, 231.17, 62389, 28
311, 5, 17, 31, 16, 0, 35.90%, 0, 0, 6, 231.61, 63566, 28
316, 5, 1, 31, 16, 0, 35.90%, 0, 0, 6, 232.08, 64748, 28
321, 6, 1, 31, 16, 0, 35.90%, 0, 0, 6, 227.79, 65949, 28
326, 6, 17, 31, 16, 0, 35.90%, 0, 0, 6, 230.44, 67162, 28
331, 6, 1, 31, 16, 0, 35.90%, 0, 0, 6, 232.04, 68372, 28
336, 6, 30, 31, 16, 0, 35.90%, 0, 0, 6, 233.20, 69554, 28
341, 6, 30, 31, 16, 0, 35.90%, 0, 0, 6, 231.76, 70730, 28
347, 6, 19, 31, 15, 0, 35.90%, 0, 0, 6, 230.38, 71811, 28
352, 6, 19, 31, 15, 0, 35.90%, 0, 0, 6, 234.54, 72999, 28
357, 6, 12, 31, 15, 0, 35.90%, 0, 0, 6, 235.71, 74220, 28
362, 7, 12, 31, 14, 0, 35.90%, 0, 0, 6, 229.08, 75421, 28
367, 7, 19, 31, 14, 0, 35.90%, 0, 0, 6, 235.16, 76607, 28
372, 7, 21, 31, 14, 0, 35.90%, 0, 0, 6, 230.26, 77802, 28
377, 7, 10, 31, 13, 0, 35.90%, 0, 0, 6, 236.86, 79036, 28
382, 7, 16, 31, 13, 0, 35.90%, 0, 0, 6, 235.41, 80211, 28
387, 7, 1, 31, 13, 0, 35.90%, 0, 0, 6, 236.18, 81391, 28
392, 7, 1, 31, 13, 0, 35.90%, 0, 0, 6, 237.25, 82581, 28
398, 8, 25, 31, 13, 0, 35.90%, 0, 0, 6, 234.95, 83781, 28
403, 8, 25, 33, 15, 0, 41.03%, 0, 0, 7, 233.49, 84941, 32
408, 8, 32, 35, 15, 1, 41.03%, 0, 0, 8, 232.94, 86134, 32
413, 8, 32, 35, 15, 1, 41.03%, 0, 0, 8, 236.32, 87314, 32
418, 8, 32, 35, 15, 1, 41.03%, 0, 0, 8, 238.78, 88514, 32
423, 8, 32, 35, 15, 1, 41.03%, 0, 0, 8, 238.31, 89746, 32
428, 8, 31, 39, 18, 0, 43.59%, 0, 0, 8, 242.63, 90954, 34
433, 8, 31, 42, 21, 0, 44.87%, 0, 0, 8, 230.80, 92095, 35
438, 8, 31, 42, 21, 0, 44.87%, 0, 0, 8, 237.58, 93279, 35
443, 8, 31, 42, 21, 0, 44.87%, 0, 0, 8, 237.69, 94499, 35
448, 8, 31, 42, 21, 0, 44.87%, 0, 0, 8, 236.49, 95675, 35
454, 8, 31, 42, 21, 0, 44.87%, 0, 0, 8, 230.90, 96879, 35
459, 8, 31, 43, 22, 0, 44.87%, 0, 0, 8, 234.37, 98071, 35
464, 8, 31, 45, 24, 0, 46.15%, 0, 0, 8, 231.98, 99250, 36
469, 8, 31, 47, 26, 0, 46.15%, 0, 0, 8, 232.17, 100474, 36
474, 8, 31, 47, 26, 0, 46.15%, 0, 0, 8, 234.92, 101679, 36
479, 8, 31, 47, 26, 0, 46.15%, 0, 0, 8, 233.09, 102904, 36
484, 8, 31, 47, 26, 0, 46.15%, 0, 0, 8, 235.64, 104114, 36
489, 8, 38, 47, 25, 3, 46.15%, 0, 0, 8, 230.87, 105315, 36
494, 8, 38, 47, 25, 3, 46.15%, 0, 0, 8, 230.89, 106511, 36
500, 8, 38, 48, 26, 3, 47.44%, 0, 0, 9, 233.38, 107694, 37
505, 8, 43, 48, 25, 3, 47.44%, 0, 0, 9, 234.20, 108917, 37
510, 8, 43, 48, 25, 3, 47.44%, 0, 0, 9, 234.36, 110141, 37
515, 8, 43, 48, 25, 3, 47.44%, 0, 0, 9, 235.75, 111329, 37
520, 8, 39, 49, 25, 2, 47.44%, 0, 0, 9, 234.04, 112509, 37
525, 8, 39, 50, 26, 2, 48.72%, 0, 0, 9, 234.11, 113676, 38
530, 8, 39, 50, 26, 2, 48.72%, 0, 0, 9, 233.83, 114892, 38
535, 8, 39, 51, 27, 2, 48.72%, 0, 0, 9, 236.40, 116125, 38
540, 8, 39, 52, 28, 2, 48.72%, 0, 0, 9, 238.28, 117330, 38
545, 8, 49, 53, 27, 1, 48.72%, 0, 0, 10, 235.38, 118507, 38
550, 8, 49, 53, 27, 1, 48.72%, 0, 0, 10, 236.32, 119699, 38
555, 8, 49, 53, 27, 1, 48.72%, 0, 0, 10, 236.32, 120887, 38
561, 8, 49, 54, 28, 1, 48.72%, 0, 0, 10, 237.21, 122122, 38
566, 8, 43, 54, 27, 0, 48.72%, 0, 0, 10, 235.07, 123328, 38
571, 8, 39, 54, 27, 0, 48.72%, 0, 0, 10, 235.69, 124514, 38
576, 8, 37, 54, 27, 0, 48.72%, 0, 0, 10, 232.91, 125683, 38
581, 8, 16, 56, 28, 0, 48.72%, 0, 0, 10, 235.25, 126875, 38
586, 8, 47, 57, 29, 0, 48.72%, 0, 0, 10, 232.96, 128066, 38
591, 8, 47, 57, 29, 0, 48.72%, 0, 0, 10, 233.70, 129266, 38
596, 8, 47, 58, 30, 0, 48.72%, 0, 0, 10, 234.26, 130445, 38
601, 8, 47, 61, 33, 0, 48.72%, 0, 0, 10, 232.51, 131602, 38
606, 8, 47, 66, 38, 0, 48.72%, 0, 0, 10, 231.73, 132757, 38
611, 8, 47, 70, 42, 0, 48.72%, 0, 0, 10, 231.06, 133913, 38
616, 8, 43, 72, 44, 0, 48.72%, 0, 0, 10, 233.15, 135107, 38
621, 8, 38, 73, 45, 0, 48.72%, 0, 0, 10, 231.96, 136263, 38
627, 8, 19, 73, 45, 0, 48.72%, 0, 0, 10, 233.98, 137433, 38
632, 8, 39, 75, 47, 0, 48.72%, 0, 0, 10, 233.63, 138639, 38
637, 8, 69, 77, 49, 0, 48.72%, 0, 0, 11, 231.58, 139788, 38
642, 8, 42, 79, 50, 0, 48.72%, 0, 0, 11, 228.11, 140935, 38
647, 8, 42, 79, 50, 0, 48.72%, 0, 0, 11, 229.47, 142120, 38
652, 8, 42, 83, 54, 0, 48.72%, 0, 0, 11, 226.20, 143287, 38
657, 8, 42, 85, 56, 0, 48.72%, 0, 0, 11, 217.75, 144412, 38
662, 8, 43, 85, 56, 0, 48.72%, 0, 0, 11, 223.52, 145543, 38
668, 8, 39, 86, 57, 0, 48.72%, 0, 0, 11, 220.72, 146708, 38
673, 8, 43, 86, 57, 0, 48.72%, 0, 0, 11, 218.87, 147816, 38
678, 8, 43, 86, 57, 0, 48.72%, 0, 0, 11, 223.79, 148995, 38
683, 8, 39, 87, 58, 0, 48.72%, 0, 0, 11, 207.91, 150117, 38
688, 8, 43, 88, 59, 0, 48.72%, 0, 0, 11, 208.54, 151178, 38
693, 8, 32, 88, 59, 0, 48.72%, 0, 0, 11, 213.37, 152229, 38
698, 8, 39, 88, 59, 0, 48.72%, 0, 0, 11, 221.15, 153360, 38
703, 8, 72, 88, 59, 0, 48.72%, 0, 0, 11, 222.56, 154502, 38
708, 8, 1, 90, 60, 0, 48.72%, 0, 0, 11, 217.33, 155616, 38
714, 8, 60, 91, 61, 0, 48.72%, 0, 0, 11, 214.95, 156738, 38
719, 8, 39, 91, 60, 0, 48.72%, 0, 0, 11, 217.34, 157873, 38
724, 8, 47, 93, 62, 0, 48.72%, 0, 0, 11, 214.52, 158994, 38
729, 8, 34, 93, 62, 0, 48.72%, 0, 0, 11, 218.97, 160106, 38
734, 8, 43, 93, 61, 0, 48.72%, 0, 0, 11, 214.17, 161207, 38
739, 8, 42, 93, 61, 0, 48.72%, 0, 0, 11, 199.54, 162220, 38
744, 8, 39, 94, 62, 0, 48.72%, 0, 0, 11, 201.80, 163272, 38
749, 8, 39, 96, 64, 0, 48.72%, 0, 0, 11, 213.05, 164378, 38
754, 8, 43, 98, 66, 0, 48.72%, 0, 0, 11, 208.79, 165441, 38
760, 8, 49, 98, 66, 0, 48.72%, 0, 0, 11, 212.49, 166533, 38
765, 8, 49, 98, 66, 0, 48.72%, 0, 0, 11, 209.53, 167597, 38
770, 8, 73, 98, 66, 0, 48.72%, 0, 0, 11, 217.10, 168688, 38
775, 8, 1, 99, 66, 0, 48.72%, 0, 0, 11, 207.89, 169736, 38
780, 8, 19, 99, 66, 0, 48.72%, 0, 0, 11, 204.96, 170792, 38
785, 8, 1, 101, 68, 0, 48.72%, 0, 0, 11, 194.04, 171767, 38
790, 8, 16, 101, 67, 0, 48.72%, 0, 0, 11, 206.20, 172828, 38
795, 8, 52, 101, 67, 0, 48.72%, 0, 0, 11, 210.12, 173901, 38
800, 8, 47, 101, 66, 0, 48.72%, 0, 0, 11, 208.08, 174928, 38
805, 8, 47, 101, 66, 0, 48.72%, 0, 0, 11, 215.00, 176012, 38
810, 8, 1, 101, 66, 0, 48.72%, 0, 0, 11, 201.54, 177038, 38
815, 8, 87, 101, 65, 0, 48.72%, 0, 0, 11, 206.27, 178051, 38
820, 8, 39, 101, 64, 0, 48.72%, 0, 0, 11, 214.02, 179193, 38
826, 8, 43, 101, 64, 0, 48.72%, 0, 0, 11, 209.31, 180286, 38
831, 8, 47, 101, 64, 0, 48.72%, 0, 0, 11, 217.69, 181355, 38
836, 8, 43, 101, 64, 0, 48.72%, 0, 0, 11, 208.22, 182431, 38
841, 8, 61, 101, 64, 0, 48.72%, 0, 0, 11, 186.83, 183327, 38
846, 8, 38, 101, 63, 0, 48.72%, 0, 0, 11, 208.73, 184384, 38
851, 8, 16, 101, 63, 0, 48.72%, 0, 0, 11, 219.80, 185544, 38
856, 8, 42, 101, 63, 0, 48.72%, 0, 0, 11, 219.17, 186641, 38
861, 8, 39, 102, 64, 0, 48.72%, 0, 0, 11, 221.28, 187739, 38
866, 8, 43, 102, 64, 0, 48.72%, 0, 0, 11, 214.87, 188879, 38
871, 8, 32, 102, 64, 0, 48.72%, 0, 0, 11, 194.90, 189815, 38
877, 8, 49, 102, 64, 0, 48.72%, 0, 0, 11, 196.51, 190829, 38
882, 8, 54, 102, 64, 0, 48.72%, 0, 0, 11, 215.66, 191940, 38
887, 8, 43, 102, 63, 0, 48.72%, 0, 0, 11, 225.24, 193080, 38
892, 8, 100, 102, 63, 0, 48.72%, 0, 0, 11, 156.54, 193862, 38
897, 8, 100, 102, 63, 0, 48.72%, 0, 0, 11, 129.42, 194500, 38
902, 8, 100, 102, 63, 0, 48.72%, 0, 0, 11, 144.40, 195210, 38
907, 9, 1, 102, 62, 0, 48.72%, 0, 0, 11, 205.80, 196378, 38
913, 9, 19, 102, 61, 0, 48.72%, 0, 0, 11, 195.40, 197377, 38
918, 9, 47, 102, 61, 0, 48.72%, 0, 0, 11, 215.30, 198485, 38
923, 9, 43, 102, 61, 0, 48.72%, 0, 0, 11, 227.32, 199694, 38
928, 9, 68, 102, 61, 0, 48.72%, 0, 0, 11, 222.88, 200797, 38
933, 9, 47, 102, 60, 0, 48.72%, 0, 0, 11, 228.34, 201965, 38
938, 9, 43, 102, 60, 0, 48.72%, 0, 0, 11, 218.51, 203063, 38
943, 9, 16, 102, 60, 0, 48.72%, 0, 0, 11, 229.28, 204222, 38
948, 9, 43, 102, 60, 0, 48.72%, 0, 0, 11, 228.90, 205370, 38
953, 9, 53, 102, 60, 0, 48.72%, 0, 0, 11, 227.98, 206511, 38
958, 9, 38, 102, 59, 0, 48.72%, 0, 0, 11, 228.64, 207671, 38
963, 9, 47, 102, 59, 0, 48.72%, 0, 0, 11, 224.76, 208788, 38
968, 9, 43, 102, 59, 0, 48.72%, 0, 0, 11, 223.60, 209934, 38
973, 9, 39, 102, 59, 0, 48.72%, 0, 0, 11, 204.73, 210944, 38
978, 9, 38, 102, 59, 0, 48.72%, 0, 0, 11, 198.11, 211932, 38
983, 9, 43, 102, 59, 0, 48.72%, 0, 0, 11, 211.39, 212994, 38
988, 9, 43, 102, 59, 0, 48.72%, 0, 0, 11, 222.73, 214170, 38
993, 9, 1, 102, 59, 0, 48.72%, 0, 0, 11, 222.87, 215278, 38
999, 9, 70, 102, 59, 0, 48.72%, 0, 0, 11, 216.88, 216345, 38
1004, 9, 47, 102, 58, 0, 48.72%, 0, 0, 11, 226.04, 217490, 38
1009, 9, 23, 102, 58, 0, 48.72%, 0, 0, 11, 224.27, 218601, 38
1014, 9, 94, 102, 57, 0, 48.72%, 0, 0, 11, 209.83, 219642, 38
1019, 9, 94, 102, 57, 0, 48.72%, 0, 0, 11, 206.52, 220677, 38
1024, 9, 16, 102, 56, 0, 48.72%, 0, 0, 11, 219.29, 221811, 38
1029, 9, 39, 102, 56, 0, 48.72%, 0, 0, 11, 212.79, 222854, 38
1034, 9, 16, 102, 56, 0, 48.72%, 0, 0, 11, 171.62, 223669, 38
1039, 9, 43, 102, 56, 0, 48.72%, 0, 0, 11, 219.31, 224833, 38
1044, 9, 101, 102, 56, 0, 48.72%, 0, 0, 11, 214.95, 225938, 38
1049, 9, 101, 102, 56, 0, 48.72%, 0, 0, 11, 210.45, 226986, 38
1054, 9, 101, 102, 56, 0, 48.72%, 0, 0, 11, 215.79, 228065, 38
1059, 9, 47, 102, 55, 0, 48.72%, 0, 0, 11, 213.13, 229138, 38
1064, 9, 84, 102, 55, 0, 48.72%, 0, 0, 11, 221.05, 230268, 38
1069, 9, 84, 102, 55, 0, 48.72%, 0, 0, 11, 217.29, 231348, 38
1075, 9, 1, 102, 54, 0, 48.72%, 0, 0, 11, 217.25, 232460, 38
1080, 9, 43, 102, 54, 0, 48.72%, 0, 0, 11, 225.86, 233664, 38
1085, 9, 39, 102, 54, 0, 48.72%, 0, 0, 11, 222.53, 234812, 38
1090, 9, 32, 102, 54, 0, 48.72%, 0, 0, 11, 226.47, 236003, 38
1095, 9, 38, 102, 54, 0, 48.72%, 0, 0, 11, 224.32, 237125, 38
1100, 9, 39, 102, 54, 0, 48.72%, 0, 0, 11, 210.44, 238185, 38
1105, 9, 43, 102, 54, 0, 48.72%, 0, 0, 11, 221.75, 239306, 38
1110, 9, 49, 102, 54, 0, 48.72%, 0, 0, 11, 222.33, 240415, 38
1115, 9, 43, 102, 54, 0, 48.72%, 0, 0, 11, 225.55, 241570, 38
1121, 9, 49, 102, 54, 0, 48.72%, 0, 0, 11, 224.45, 242740, 38
1126, 9, 43, 102, 54, 0, 48.72%, 0, 0, 11, 222.84, 243865, 38
1131, 9, 38, 102, 54, 0, 48.72%, 0, 0, 11, 215.58, 244937, 38
1136, 9, 32, 102, 54, 0, 48.72%, 0, 0, 11, 193.69, 245878, 38
1141, 9, 47, 102, 54, 0, 48.72%, 0, 0, 11, 200.85, 246893, 38
1146, 9, 39, 102, 54, 0, 48.72%, 0, 0, 11, 199.49, 247865, 38
1151, 9, 12, 102, 54, 0, 48.72%, 0, 0, 11, 215.87, 248967, 38
1156, 9, 43, 102, 54, 0, 48.72%, 0, 0, 11, 215.48, 250054, 38
1161, 9, 49, 102, 54, 0, 48.72%, 0, 0, 11, 211.16, 251154, 38
1166, 9, 58, 102, 54, 0, 48.72%, 0, 0, 11, 220.84, 252289, 38
1171, 9, 43, 102, 53, 0, 48.72%, 0, 0, 11, 193.06, 253239, 38
1177, 9, 39, 102, 53, 0, 48.72%, 0, 0, 11, 198.33, 254269, 38
1182, 9, 47, 102, 53, 0, 48.72%, 0, 0, 11, 253.26, 255616, 38
1187, 9, 43, 102, 53, 0, 48.72%, 0, 0, 11, 271.88, 256999, 38
1192, 9, 43, 102, 53, 0, 48.72%, 0, 0, 11, 260.14, 258265, 38
1197, 9, 39, 102, 53, 0, 48.72%, 0, 0, 11, 266.92, 259614, 38
1202, 9, 43, 102, 53, 0, 48.72%, 0, 0, 11, 272.20, 261028, 38
1207, 9, 42, 102, 53, 0, 48.72%, 0, 0, 11, 260.70, 262392, 38
1212, 9, 12, 102, 53, 0, 48.72%, 0, 0, 11, 260.60, 263749, 38
1218, 9, 66, 102, 53, 0, 48.72%, 0, 0, 11, 269.71, 265158, 38
1223, 9, 42, 102, 52, 0, 48.72%, 0, 0, 11, 260.48, 266519, 38
1228, 10, 43, 102, 52, 0, 48.72%, 0, 0, 11, 266.27, 267874, 38
1233, 10, 16, 102, 52, 0, 48.72%, 0, 0, 11, 270.18, 269241, 38
1238, 10, 49, 102, 51, 0, 48.72%, 0, 0, 11, 268.81, 270624, 38
1243, 10, 43, 102, 51, 0, 48.72%, 0, 0, 11, 266.42, 272005, 38
1248, 10, 43, 102, 51, 0, 48.72%, 0, 0, 11, 263.24, 273301, 38
1253, 10, 43, 102, 51, 0, 48.72%, 0, 0, 11, 258.86, 274580, 38
1258, 10, 49, 102, 51, 0, 48.72%, 0, 0, 11, 260.43, 275876, 38
1263, 10, 43, 102, 51, 0, 48.72%, 0, 0, 11, 246.39, 277135, 38
1269, 10, 19, 102, 51, 0, 48.72%, 0, 0, 11, 262.41, 278506, 38
1274, 10, 93, 102, 51, 0, 48.72%, 0, 0, 11, 266.50, 279890, 38
1279, 10, 19, 102, 50, 0, 48.72%, 0, 0, 11, 262.61, 281245, 38
1284, 10, 19, 102, 50, 0, 48.72%, 0, 0, 11, 270.25, 282601, 38
1289, 10, 43, 103, 51, 0, 48.72%, 0, 0, 11, 272.41, 283978, 38
1294, 10, 38, 103, 51, 0, 48.72%, 0, 0, 11, 269.21, 285302, 38
1299, 10, 89, 103, 51, 0, 48.72%, 0, 0, 11, 267.76, 286638, 38
1304, 10, 89, 103, 51, 0, 48.72%, 0, 0, 11, 246.19, 287884, 38
1309, 10, 47, 103, 50, 0, 48.72%, 0, 0, 11, 257.55, 289188, 38
1314, 10, 43, 103, 50, 0, 48.72%, 0, 0, 11, 260.09, 290486, 38
1320, 10, 22, 103, 50, 0, 48.72%, 0, 0, 11, 277.11, 291941, 38
1325, 10, 39, 103, 49, 0, 48.72%, 0, 0, 11, 273.20, 293296, 38
1330, 10, 96, 103, 49, 0, 48.72%, 0, 0, 11, 246.14, 294552, 38
1335, 10, 96, 103, 49, 0, 48.72%, 0, 0, 11, 229.91, 295694, 38
1340, 10, 43, 103, 48, 0, 48.72%, 0, 0, 11, 268.93, 297120, 38
1345, 10, 43, 103, 48, 0, 48.72%, 0, 0, 11, 275.28, 298540, 38
1350, 10, 90, 103, 48, 0, 48.72%, 0, 0, 11, 264.36, 299916, 38
1356, 10, 43, 103, 47, 0, 48.72%, 0, 0, 11, 266.25, 301298, 38
1361, 10, 16, 103, 47, 0, 48.72%, 0, 0, 11, 323.33, 302986, 38
1366, 10, 43, 103, 47, 0, 48.72%, 0, 0, 11, 329.54, 304623, 38
1371, 10, 49, 103, 47, 0, 48.72%, 0, 0, 11, 334.34, 306359, 38
1376, 10, 1, 103, 47, 0, 48.72%, 0, 0, 11, 336.97, 308088, 38
1381, 10, 38, 103, 47, 0, 48.72%, 0, 0, 11, 316.42, 309654, 38
1386, 10, 42, 103, 47, 0, 48.72%, 0, 0, 11, 328.94, 311414, 38
1391, 10, 103, 104, 48, 1, 50.00%, 0, 0, 11, 317.99, 312980, 39
1397, 10, 43, 104, 47, 0, 50.00%, 0, 0, 11, 336.38, 314759, 39
1402, 10, 103, 107, 50, 0, 50.00%, 0, 0, 11, 334.34, 316434, 39
1407, 10, 103, 107, 50, 0, 50.00%, 0, 0, 11, 333.54, 318126, 39
1412, 10, 103, 107, 50, 0, 50.00%, 0, 0, 11, 327.84, 319758, 39
1417, 10, 103, 108, 51, 0, 56.41%, 0, 0, 11, 303.46, 321307, 44
1422, 10, 103, 109, 52, 0, 56.41%, 0, 0, 11, 290.96, 322792, 44
1427, 10, 103, 109, 52, 0, 56.41%, 0, 0, 11, 326.13, 324452, 44
1432, 10, 103, 110, 53, 0, 58.97%, 0, 0, 11, 301.86, 326061, 46
1437, 10, 103, 110, 53, 0, 58.97%, 0, 0, 11, 276.11, 327374, 46
1442, 10, 103, 111, 54, 0, 58.97%, 0, 0, 11, 306.10, 328960, 46
1443, 10, 103, 111, 54, 0, 58.97%, 1, 0, 11, 0.00, 329308, 46
