# relative_time, cycles_done, cur_item, corpus_count, pending_total, pending_favs, map_size, saved_crashes, saved_hangs, max_depth, execs_per_sec, total_execs, edges_found
61, 0, 0, 27, 27, 1, 52.56%, 0, 0, 2, 584.66, 34914, 41
66, 0, 0, 27, 27, 1, 52.56%, 0, 0, 2, 578.63, 37829, 41
71, 0, 0, 28, 28, 1, 52.56%, 0, 0, 2, 570.93, 40817, 41
76, 0, 0, 28, 28, 1, 52.56%, 0, 0, 2, 576.98, 43809, 41
81, 0, 0, 28, 28, 1, 52.56%, 0, 0, 2, 589.64, 46867, 41
87, 0, 0, 28, 28, 1, 52.56%, 0, 0, 2, 600.54, 49958, 41
92, 0, 0, 28, 28, 1, 52.56%, 0, 0, 2, 626.66, 52599, 41
97, 0, 0, 28, 28, 1, 52.56%, 0, 0, 2, 616.30, 55599, 41
102, 0, 0, 28, 28, 1, 52.56%, 0, 0, 2, 601.33, 58467, 41
107, 0, 0, 28, 28, 1, 52.56%, 0, 0, 2, 595.40, 61443, 41
112, 0, 0, 28, 28, 1, 52.56%, 0, 0, 2, 601.14, 64390, 41
117, 0, 0, 28, 28, 1, 52.56%, 0, 0, 2, 615.41, 67515, 41
122, 0, 0, 28, 28, 1, 52.56%, 0, 0, 2, 626.89, 70359, 41
127, 0, 0, 28, 28, 1, 52.56%, 0, 0, 2, 610.16, 73095, 41
133, 0, 0, 28, 28, 1, 52.56%, 0, 0, 2, 593.12, 76072, 41
138, 0, 0, 28, 28, 1, 52.56%, 0, 0, 2, 628.17, 78735, 41
143, 0, 0, 28, 28, 1, 52.56%, 0, 0, 2, 659.02, 81944, 41
148, 0, 0, 28, 28, 1, 52.56%, 0, 0, 2, 621.61, 85011, 41
153, 0, 0, 29, 29, 1, 52.56%, 0, 0, 2, 659.39, 88217, 41
158, 0, 0, 29, 29, 1, 52.56%, 0, 0, 2, 597.74, 91072, 41
163, 0, 0, 29, 29, 1, 52.56%, 0, 0, 2, 639.36, 94150, 41
168, 0, 0, 29, 29, 1, 52.56%, 0, 0, 2, 617.28, 97258, 41
174, 0, 0, 29, 29, 1, 52.56%, 0, 0, 2, 636.00, 100510, 41
179, 0, 0, 29, 29, 1, 52.56%, 0, 0, 2, 669.16, 103271, 41
184, 0, 0, 29, 29, 1, 52.56%, 0, 0, 2, 658.56, 106573, 41
189, 0, 0, 29, 29, 1, 52.56%, 0, 0, 2, 648.94, 109798, 41
194, 0, 0, 29, 29, 1, 52.56%, 0, 0, 2, 629.34, 112666, 41
199, 0, 0, 29, 29, 1, 52.56%, 0, 0, 2, 646.63, 115870, 41
204, 0, 0, 29, 29, 1, 52.56%, 0, 0, 2, 610.00, 118788, 41
209, 0, 0, 30, 30, 1, 52.56%, 0, 0, 2, 640.12, 122069, 41
214, 0, 0, 30, 30, 1, 52.56%, 0, 0, 2, 639.05, 125117, 41
219, 0, 0, 30, 30, 1, 52.56%, 0, 0, 2, 661.07, 128303, 41
225, 0, 0, 30, 30, 1, 52.56%, 0, 0, 2, 652.10, 131475, 41
230, 0, 0, 30, 30, 1, 52.56%, 0, 0, 2, 649.27, 134751, 41
235, 0, 0, 30, 30, 1, 52.56%, 0, 0, 2, 643.24, 137945, 41
240, 0, 0, 30, 30, 1, 52.56%, 0, 0, 2, 623.56, 140969, 41
245, 0, 35, 36, 30, 6, 53.85%, 0, 0, 3, 644.37, 144211, 42
250, 0, 22, 44, 36, 4, 53.85%, 0, 0, 3, 625.59, 147316, 42
255, 0, 22, 44, 36, 4, 53.85%, 0, 0, 3, 634.24, 150512, 42
260, 0, 22, 44, 36, 4, 53.85%, 0, 0, 3, 642.25, 153868, 42
266, 0, 22, 44, 36, 4, 53.85%, 0, 0, 3, 625.30, 157024, 42
271, 0, 39, 50, 40, 4, 53.85%, 0, 0, 4, 632.44, 160208, 42
276, 0, 27, 51, 34, 0, 55.13%, 0, 0, 4, 628.16, 163405, 43
281, 0, 50, 53, 36, 0, 56.41%, 0, 0, 5, 635.75, 166525, 44
286, 0, 29, 58, 38, 0, 57.69%, 0, 0, 5, 674.68, 169849, 45
291, 0, 21, 59, 39, 0, 57.69%, 0, 0, 5, 667.26, 172752, 45
296, 0, 50, 61, 41, 0, 57.69%, 0, 0, 5, 692.83, 175967, 45
301, 0, 45, 64, 43, 0, 58.97%, 0, 0, 5, 674.92, 179314, 46
306, 0, 45, 64, 43, 0, 58.97%, 0, 0, 5, 678.31, 182377, 46
312, 0, 52, 65, 44, 0, 58.97%, 0, 0, 5, 648.67, 185606, 46
317, 0, 56, 66, 44, 0, 58.97%, 0, 0, 6, 686.41, 188866, 46
322, 0, 45, 66, 44, 0, 58.97%, 0, 0, 6, 649.29, 192044, 46
327, 0, 53, 66, 44, 0, 58.97%, 0, 0, 6, 640.84, 195304, 46
332, 0, 45, 67, 44, 0, 58.97%, 0, 0, 6, 662.55, 198552, 46
337, 0, 66, 68, 45, 0, 58.97%, 0, 0, 6, 585.05, 201562, 46
342, 0, 66, 70, 47, 0, 58.97%, 0, 0, 6, 645.65, 204880, 46
348, 0, 44, 70, 47, 0, 58.97%, 0, 0, 6, 660.09, 207701, 46
353, 0, 70, 72, 46, 0, 61.54%, 0, 0, 6, 645.67, 210887, 48
358, 0, 50, 72, 46, 0, 61.54%, 0, 0, 6, 653.98, 214212, 48
361, 0, 70, 73, 47, 0, 61.54%, 1, 0, 6, 0.00, 215825, 48
