# relative_time, cycles_done, cur_item, corpus_count, pending_total, pending_favs, map_size, saved_crashes, saved_hangs, max_depth, execs_per_sec, total_execs, edges_found
62, 0, 0, 21, 21, 1, 34.38%, 0, 0, 2, 3.91, 3165, 22
93, 0, 0, 22, 22, 1, 34.38%, 0, 0, 2, 4.26, 6324, 22
98, 0, 0, 26, 26, 1, 40.62%, 0, 0, 2, 777.04, 10235, 26
121, 0, 0, 26, 26, 1, 40.62%, 0, 0, 2, 2.77, 11615, 26
126, 0, 0, 26, 26, 1, 40.62%, 0, 0, 2, 701.22, 15526, 26
151, 0, 0, 26, 26, 1, 40.62%, 0, 0, 2, 5.57, 15662, 26
156, 0, 0, 27, 27, 1, 40.62%, 0, 0, 2, 736.74, 19547, 26
177, 0, 0, 27, 27, 1, 40.62%, 0, 0, 2, 7.50, 19869, 26
182, 0, 0, 27, 27, 1, 40.62%, 0, 0, 2, 768.84, 23727, 26
203, 0, 0, 28, 28, 1, 42.19%, 0, 0, 2, 7.13, 24529, 27
208, 0, 0, 28, 28, 1, 42.19%, 0, 0, 2, 782.87, 28489, 27
230, 0, 0, 28, 28, 1, 42.19%, 0, 0, 2, 2.10, 29524, 27
236, 0, 0, 28, 28, 1, 42.19%, 0, 0, 2, 574.70, 33403, 27
259, 0, 0, 28, 28, 1, 42.19%, 0, 0, 2, 6.79, 34060, 27
264, 0, 0, 28, 28, 1, 42.19%, 0, 0, 2, 798.46, 38149, 27
286, 0, 0, 28, 28, 1, 42.19%, 0, 0, 2, 4.69, 39640, 27
291, 0, 0, 28, 28, 1, 42.19%, 0, 0, 2, 753.42, 43429, 27
320, 0, 0, 28, 28, 1, 42.19%, 0, 0, 2, 3.93, 45349, 27
325, 0, 0, 28, 28, 1, 42.19%, 0, 0, 2, 803.85, 49488, 27
351, 0, 0, 28, 28, 1, 42.19%, 0, 0, 2, 0.63, 51289, 27
356, 0, 0, 28, 28, 1, 42.19%, 0, 0, 2, 719.03, 54988, 27
382, 0, 0, 28, 28, 1, 42.19%, 0, 0, 2, 3.79, 56584, 27
387, 0, 0, 28, 28, 1, 42.19%, 0, 0, 2, 754.31, 60409, 27
400, 0, 0, 28, 28, 1, 42.19%, 0, 0, 2, 9.08, 61774, 27
406, 0, 0, 28, 28, 1, 42.19%, 0, 0, 2, 11.50, 62644, 27
419, 0, 0, 28, 28, 1, 42.19%, 0, 0, 2, 0.74, 62659, 27
425, 0, 0, 28, 28, 1, 42.19%, 0, 0, 2, 783.65, 66754, 27
445, 0, 0, 28, 28, 1, 42.19%, 0, 0, 2, 8.88, 68036, 27
450, 0, 0, 28, 28, 1, 42.19%, 0, 0, 2, 107.14, 71854, 27
471, 0, 0, 29, 29, 1, 43.75%, 0, 0, 2, 5.74, 73167, 28
476, 0, 0, 29, 29, 1, 43.75%, 0, 0, 2, 752.01, 77006, 28
488, 0, 0, 29, 29, 1, 43.75%, 0, 0, 2, 8.76, 77606, 28
505, 0, 0, 29, 29, 1, 43.75%, 0, 0, 2, 7.29, 81041, 28
510, 0, 0, 29, 29, 1, 43.75%, 0, 0, 2, 734.42, 84971, 28
526, 0, 0, 30, 30, 1, 43.75%, 0, 0, 2, 9.92, 86718, 28
531, 0, 0, 30, 30, 1, 43.75%, 0, 0, 2, 779.02, 90678, 28
548, 0, 0, 30, 30, 1, 43.75%, 0, 0, 2, 8.62, 92808, 28
553, 0, 0, 30, 30, 1, 43.75%, 0, 0, 2, 809.95, 96862, 28
562, 0, 0, 30, 30, 1, 43.75%, 0, 0, 2, 20.24, 98766, 28
575, 0, 0, 30, 30, 1, 43.75%, 0, 0, 2, 9.93, 102108, 28
580, 0, 0, 30, 30, 1, 43.75%, 0, 0, 2, 834.00, 105918, 28
589, 0, 0, 30, 30, 1, 43.75%, 0, 0, 2, 22.11, 108398, 28
601, 0, 0, 30, 30, 1, 43.75%, 0, 0, 2, 8.30, 112398, 28
606, 0, 0, 30, 30, 1, 43.75%, 0, 0, 2, 812.23, 116510, 28
613, 0, 0, 30, 30, 1, 43.75%, 0, 0, 2, 7.31, 118606, 28
618, 0, 0, 30, 30, 1, 43.75%, 0, 0, 2, 831.69, 122382, 28
629, 0, 0, 30, 30, 1, 43.75%, 0, 0, 2, 9.66, 125219, 28
634, 0, 0, 30, 30, 1, 43.75%, 0, 0, 2, 805.80, 129358, 28
649, 0, 0, 30, 30, 1, 43.75%, 0, 0, 2, 4.55, 132622, 28
654, 0, 30, 45, 39, 3, 43.75%, 0, 0, 3, 802.99, 136846, 28
660, 0, 40, 50, 40, 0, 45.31%, 0, 0, 4, 5.57, 140032, 29
665, 0, 40, 55, 45, 0, 45.31%, 0, 0, 4, 791.24, 143997, 29
673, 0, 20, 56, 44, 0, 45.31%, 0, 0, 4, 10.83, 145859, 29
678, 0, 53, 59, 47, 0, 45.31%, 0, 0, 5, 811.28, 149650, 29
683, 0, 27, 59, 47, 0, 45.31%, 0, 0, 5, 785.33, 153607, 29
688, 0, 51, 60, 47, 0, 45.31%, 0, 0, 5, 803.04, 157603, 29
694, 0, 51, 60, 47, 0, 45.31%, 0, 0, 5, 5.77, 160029, 29
699, 0, 27, 61, 48, 0, 45.31%, 0, 0, 5, 781.58, 163958, 29
704, 0, 51, 62, 49, 0, 45.31%, 0, 0, 5, 814.25, 166576, 29
709, 0, 53, 63, 50, 0, 45.31%, 0, 0, 5, 810.82, 170645, 29
714, 1, 40, 65, 52, 0, 45.31%, 0, 0, 5, 821.92, 174694, 29
719, 1, 25, 66, 53, 0, 45.31%, 0, 0, 5, 789.86, 178594, 29
725, 1, 25, 68, 55, 0, 45.31%, 0, 0, 5, 763.72, 182581, 29
733, 1, 51, 68, 55, 0, 45.31%, 0, 0, 5, 12.34, 186101, 29
739, 1, 51, 71, 56, 0, 45.31%, 0, 0, 5, 796.38, 190076, 29
744, 2, 52, 72, 56, 0, 45.31%, 0, 0, 5, 834.30, 194371, 29
749, 2, 52, 80, 62, 0, 45.31%, 0, 0, 5, 814.50, 198414, 29
754, 2, 52, 82, 62, 0, 45.31%, 0, 0, 5, 788.46, 202248, 29
760, 2, 66, 84, 64, 0, 45.31%, 0, 0, 5, 33.50, 205017, 29
765, 2, 77, 84, 61, 0, 45.31%, 0, 0, 5, 738.08, 208811, 29
770, 2, 20, 85, 61, 0, 45.31%, 0, 0, 6, 749.22, 212777, 29
775, 2, 69, 85, 61, 0, 45.31%, 0, 0, 6, 767.89, 216755, 29
781, 2, 52, 86, 60, 0, 45.31%, 0, 0, 6, 759.70, 220759, 29
787, 2, 52, 87, 60, 0, 45.31%, 0, 0, 6, 65.76, 223966, 29
792, 3, 46, 90, 60, 0, 45.31%, 0, 0, 6, 788.44, 228008, 29
797, 3, 35, 90, 60, 0, 45.31%, 0, 0, 6, 783.40, 232067, 29
802, 3, 27, 90, 59, 0, 45.31%, 0, 0, 6, 786.99, 236037, 29
807, 3, 27, 91, 60, 0, 45.31%, 0, 0, 6, 734.84, 239693, 29
814, 3, 52, 91, 59, 0, 45.31%, 0, 0, 6, 4.97, 242044, 29
819, 3, 84, 91, 58, 0, 45.31%, 0, 0, 6, 783.42, 246089, 29
825, 3, 52, 91, 57, 0, 45.31%, 0, 0, 6, 819.40, 250215, 29
829, 3, 35, 92, 58, 0, 45.31%, 1, 0, 6, 0.00, 253187, 29
