# relative_time, cycles_done, cur_item, corpus_count, pending_total, pending_favs, map_size, saved_crashes, saved_hangs, max_depth, execs_per_sec, total_execs, edges_found
62, 0, 0, 19, 19, 1, 30.43%, 0, 0, 2, 1.86, 3223, 21
93, 0, 0, 19, 19, 1, 30.43%, 0, 0, 2, 3.08, 5236, 21
98, 0, 0, 19, 19, 1, 30.43%, 0, 0, 2, 511.69, 7751, 21
121, 0, 0, 19, 19, 1, 30.43%, 0, 0, 2, 1.39, 8681, 21
126, 0, 0, 19, 19, 1, 30.43%, 0, 0, 2, 535.64, 11291, 21
151, 0, 0, 19, 19, 1, 30.43%, 0, 0, 2, 4.50, 11401, 21
156, 0, 0, 19, 19, 1, 30.43%, 0, 0, 2, 455.84, 14047, 21
177, 0, 0, 19, 19, 1, 30.43%, 0, 0, 2, 3.51, 14209, 21
182, 0, 0, 20, 20, 1, 33.33%, 0, 0, 2, 518.17, 16848, 23
202, 0, 0, 21, 21, 1, 34.78%, 0, 0, 2, 2.38, 17375, 24
208, 0, 0, 21, 21, 1, 34.78%, 0, 0, 2, 338.92, 20133, 24
230, 0, 0, 21, 21, 1, 34.78%, 0, 0, 2, 1.49, 20927, 24
235, 0, 0, 22, 22, 1, 36.23%, 0, 0, 2, 546.69, 23758, 25
259, 0, 0, 22, 22, 1, 36.23%, 0, 0, 2, 4.79, 24264, 25
264, 0, 0, 22, 22, 1, 36.23%, 0, 0, 2, 622.33, 27478, 25
285, 0, 0, 22, 22, 1, 36.23%, 0, 0, 2, 2.87, 28510, 25
290, 0, 0, 22, 22, 1, 36.23%, 0, 0, 2, 328.36, 31476, 25
303, 0, 0, 22, 22, 1, 36.23%, 0, 0, 2, 6.78, 33004, 25
319, 0, 0, 22, 22, 1, 36.23%, 0, 0, 2, 0.71, 33010, 25
324, 0, 0, 22, 22, 1, 36.23%, 0, 0, 2, 665.53, 36402, 25
351, 0, 0, 22, 22, 1, 36.23%, 0, 0, 2, 3.50, 37762, 25
356, 0, 0, 22, 22, 1, 36.23%, 0, 0, 2, 468.21, 40087, 25
382, 0, 0, 22, 22, 1, 36.23%, 0, 0, 2, 3.41, 40996, 25
387, 0, 0, 22, 22, 1, 36.23%, 0, 0, 2, 511.50, 43472, 25
400, 0, 0, 22, 22, 1, 36.23%, 0, 0, 2, 3.48, 44562, 25
408, 0, 0, 22, 22, 1, 36.23%, 0, 0, 2, 3.05, 45175, 25
419, 0, 0, 22, 22, 1, 36.23%, 0, 0, 2, 0.18, 45177, 25
424, 0, 0, 22, 22, 1, 36.23%, 0, 0, 2, 572.91, 48035, 25
445, 0, 0, 22, 22, 1, 36.23%, 0, 0, 2, 5.73, 48862, 25
450, 0, 0, 23, 23, 1, 37.68%, 0, 0, 2, 81.18, 51771, 26
470, 0, 0, 23, 23, 1, 37.68%, 0, 0, 2, 5.97, 52759, 26
476, 0, 0, 24, 24, 1, 37.68%, 0, 0, 2, 546.23, 55661, 26
488, 0, 0, 24, 24, 1, 37.68%, 0, 0, 2, 7.51, 56066, 26
505, 0, 0, 24, 24, 1, 37.68%, 0, 0, 2, 6.47, 58616, 26
510, 0, 0, 24, 24, 1, 37.68%, 0, 0, 2, 538.17, 61476, 26
526, 0, 0, 24, 24, 1, 37.68%, 0, 0, 2, 5.90, 62766, 26
531, 0, 0, 24, 24, 1, 37.68%, 0, 0, 2, 603.17, 65748, 26
547, 0, 0, 24, 24, 1, 37.68%, 0, 0, 2, 0.80, 67189, 26
552, 0, 0, 26, 26, 1, 39.13%, 0, 0, 2, 629.76, 70322, 27
561, 0, 0, 26, 26, 1, 39.13%, 0, 0, 2, 17.42, 71810, 27
575, 0, 0, 26, 26, 1, 39.13%, 0, 0, 2, 4.59, 74672, 27
581, 0, 0, 26, 26, 1, 39.13%, 0, 0, 2, 666.24, 78056, 27
589, 0, 0, 26, 26, 1, 39.13%, 0, 0, 2, 8.62, 79586, 27
601, 0, 0, 27, 27, 1, 39.13%, 0, 0, 2, 18.25, 82990, 27
606, 0, 0, 27, 27, 1, 39.13%, 0, 0, 2, 648.38, 86253, 27
613, 0, 0, 27, 27, 1, 39.13%, 0, 0, 2, 33.42, 87777, 27
618, 0, 0, 27, 27, 1, 39.13%, 0, 0, 2, 712.65, 91283, 27
629, 0, 0, 27, 27, 1, 39.13%, 0, 0, 2, 17.72, 93572, 27
634, 0, 0, 27, 27, 1, 39.13%, 0, 0, 2, 695.15, 97149, 27
649, 0, 0, 27, 27, 1, 39.13%, 0, 0, 2, 13.10, 99781, 27
654, 0, 0, 27, 27, 1, 39.13%, 0, 0, 2, 732.76, 103519, 27
660, 0, 0, 27, 27, 1, 39.13%, 0, 0, 2, 59.18, 106361, 27
665, 0, 0, 27, 27, 1, 39.13%, 0, 0, 2, 706.78, 109903, 27
673, 0, 0, 27, 27, 1, 39.13%, 0, 0, 2, 9.13, 111529, 27
678, 0, 0, 27, 27, 1, 39.13%, 0, 0, 2, 739.28, 115335, 27
683, 0, 0, 27, 27, 1, 39.13%, 0, 0, 2, 688.65, 118766, 27
688, 0, 0, 27, 27, 1, 39.13%, 0, 0, 2, 712.49, 122307, 27
694, 0, 0, 27, 27, 1, 39.13%, 0, 0, 2, 38.82, 124107, 27
699, 0, 0, 27, 27, 1, 39.13%, 0, 0, 2, 670.65, 127593, 27
704, 0, 0, 27, 27, 1, 39.13%, 0, 0, 2, 732.59, 129895, 27
709, 0, 0, 27, 27, 1, 39.13%, 0, 0, 2, 713.52, 133395, 27
714, 0, 0, 27, 27, 1, 39.13%, 0, 0, 2, 731.80, 137077, 27
719, 0, 0, 27, 27, 1, 39.13%, 0, 0, 2, 736.94, 140591, 27
724, 0, 0, 27, 27, 1, 39.13%, 0, 0, 2, 711.55, 143895, 27
733, 0, 0, 27, 27, 1, 39.13%, 0, 0, 2, 10.39, 147451, 27
738, 0, 0, 27, 27, 1, 39.13%, 0, 0, 2, 716.15, 151161, 27
743, 0, 0, 27, 27, 1, 39.13%, 0, 0, 2, 725.41, 154759, 27
748, 0, 0, 28, 28, 1, 40.58%, 0, 0, 2, 769.39, 158614, 28
753, 0, 0, 28, 28, 1, 40.58%, 0, 0, 2, 754.82, 162244, 28
760, 0, 0, 28, 28, 1, 40.58%, 0, 0, 2, 16.03, 165184, 28
765, 0, 0, 28, 28, 1, 40.58%, 0, 0, 2, 121.95, 168949, 28
770, 0, 0, 28, 28, 1, 40.58%, 0, 0, 2, 42.06, 172588, 28
775, 0, 0, 29, 29, 1, 40.58%, 0, 0, 2, 742.93, 176417, 28
781, 0, 0, 29, 29, 1, 40.58%, 0, 0, 2, 733.24, 180197, 28
787, 0, 0, 30, 30, 1, 40.58%, 0, 0, 2, 45.30, 183198, 28
792, 0, 0, 30, 30, 1, 40.58%, 0, 0, 2, 773.11, 187113, 28
797, 0, 0, 30, 30, 1, 40.58%, 0, 0, 2, 808.45, 190846, 28
802, 0, 0, 30, 30, 1, 40.58%, 0, 0, 2, 820.85, 194414, 28
807, 0, 0, 30, 30, 1, 40.58%, 0, 0, 2, 789.09, 198393, 28
814, 0, 0, 30, 30, 1, 40.58%, 0, 0, 2, 2.35, 200531, 28
819, 0, 28, 41, 36, 5, 40.58%, 0, 0, 3, 759.25, 204525, 28
824, 0, 25, 50, 37, 1, 42.03%, 0, 0, 4, 765.43, 208244, 29
830, 0, 30, 53, 38, 0, 42.03%, 0, 0, 5, 783.01, 212068, 29
835, 0, 42, 55, 40, 0, 42.03%, 0, 0, 5, 620.87, 215958, 29
840, 0, 49, 56, 41, 0, 42.03%, 0, 0, 5, 719.25, 219519, 29
845, 0, 45, 59, 44, 0, 42.03%, 0, 0, 5, 672.37, 222885, 29
850, 0, 45, 60, 45, 0, 42.03%, 0, 0, 5, 709.09, 226591, 29
855, 0, 46, 61, 46, 0, 42.03%, 0, 0, 5, 730.00, 230267, 29
860, 0, 45, 61, 46, 0, 42.03%, 0, 0, 5, 110.67, 234045, 29
865, 0, 42, 61, 46, 0, 42.03%, 0, 0, 5, 738.48, 237546, 29
870, 0, 45, 61, 46, 0, 42.03%, 0, 0, 5, 737.02, 241287, 29
872, 0, 45, 61, 46, 0, 42.03%, 1, 0, 5, 0.00, 242288, 29
