# relative_time, cycles_done, cur_item, corpus_count, pending_total, pending_favs, map_size, saved_crashes, saved_hangs, max_depth, execs_per_sec, total_execs, edges_found
62, 0, 0, 15, 15, 1, 37.29%, 0, 0, 2, 0.31, 2063, 22
93, 0, 0, 16, 16, 1, 37.29%, 0, 0, 2, 0.69, 2868, 22
98, 0, 0, 16, 16, 1, 37.29%, 0, 0, 2, 188.61, 3843, 22
121, 0, 0, 16, 16, 1, 37.29%, 0, 0, 2, 1.38, 4164, 22
126, 0, 0, 16, 16, 1, 37.29%, 0, 0, 2, 184.27, 5097, 22
151, 0, 0, 16, 16, 1, 37.29%, 0, 0, 2, 1.35, 5172, 22
156, 0, 0, 16, 16, 1, 37.29%, 0, 0, 2, 185.97, 6135, 22
177, 0, 0, 16, 16, 1, 37.29%, 0, 0, 2, 1.90, 6216, 22
182, 0, 0, 16, 16, 1, 37.29%, 0, 0, 2, 184.75, 7146, 22
203, 0, 0, 16, 16, 1, 37.29%, 0, 0, 2, 1.96, 7341, 22
208, 0, 0, 16, 16, 1, 37.29%, 0, 0, 2, 191.20, 8310, 22
230, 0, 0, 16, 16, 1, 37.29%, 0, 0, 2, 0.14, 8559, 22
235, 0, 0, 17, 17, 1, 37.29%, 0, 0, 2, 184.72, 9517, 22
259, 0, 0, 17, 17, 1, 37.29%, 0, 0, 2, 1.95, 9673, 22
259, 0, 0, 17, 17, 1, 37.29%, 0, 0, 2, 0.16, 9674, 22
264, 0, 0, 18, 18, 1, 37.29%, 0, 0, 2, 190.74, 10670, 22
286, 0, 0, 18, 18, 1, 37.29%, 0, 0, 2, 0.94, 11036, 22
291, 0, 0, 18, 18, 1, 37.29%, 0, 0, 2, 187.24, 11996, 22
306, 0, 0, 18, 18, 1, 37.29%, 0, 0, 2, 1.80, 12413, 22
320, 0, 0, 18, 18, 1, 37.29%, 0, 0, 2, 0.07, 12414, 22
325, 0, 0, 18, 18, 1, 37.29%, 0, 0, 2, 190.40, 13424, 22
351, 0, 0, 18, 18, 1, 37.29%, 0, 0, 2, 1.25, 13847, 22
356, 0, 0, 18, 18, 1, 37.29%, 0, 0, 2, 177.00, 14757, 22
382, 0, 0, 18, 18, 1, 37.29%, 0, 0, 2, 1.64, 15156, 22
387, 0, 0, 18, 18, 1, 37.29%, 0, 0, 2, 187.56, 16104, 22
400, 0, 0, 18, 18, 1, 37.29%, 0, 0, 2, 2.33, 16449, 22
406, 0, 0, 18, 18, 1, 37.29%, 0, 0, 2, 2.31, 16656, 22
419, 0, 0, 18, 18, 1, 37.29%, 0, 0, 2, 0.28, 16662, 22
425, 0, 0, 18, 18, 1, 37.29%, 0, 0, 2, 188.00, 17658, 22
445, 0, 0, 18, 18, 1, 37.29%, 0, 0, 2, 0.64, 17991, 22
450, 0, 0, 18, 18, 1, 37.29%, 0, 0, 2, 185.64, 18924, 22
471, 0, 0, 18, 18, 1, 37.29%, 0, 0, 2, 1.30, 19257, 22
476, 0, 0, 19, 19, 1, 37.29%, 0, 0, 2, 182.13, 20194, 22
488, 0, 0, 19, 19, 1, 37.29%, 0, 0, 2, 2.50, 20341, 22
505, 0, 0, 19, 19, 1, 37.29%, 0, 0, 2, 2.66, 21178, 22
510, 0, 0, 19, 19, 1, 37.29%, 0, 0, 2, 185.40, 22165, 22
526, 0, 0, 19, 19, 1, 37.29%, 0, 0, 2, 2.42, 22591, 22
531, 0, 0, 19, 19, 1, 37.29%, 0, 0, 2, 182.84, 23536, 22
548, 0, 0, 19, 19, 1, 37.29%, 0, 0, 2, 2.16, 24046, 22
553, 0, 0, 19, 19, 1, 37.29%, 0, 0, 2, 188.73, 25024, 22
562, 0, 0, 19, 19, 1, 37.29%, 0, 0, 2, 4.23, 25447, 22
576, 0, 0, 19, 19, 1, 37.29%, 0, 0, 2, 2.49, 26242, 22
581, 0, 0, 19, 19, 1, 37.29%, 0, 0, 2, 200.98, 27195, 22
589, 0, 0, 19, 19, 1, 37.29%, 0, 0, 2, 1.06, 27712, 22
599, 0, 0, 19, 19, 1, 37.29%, 0, 0, 2, 3.19, 28645, 22
604, 0, 0, 19, 19, 1, 37.29%, 0, 0, 2, 187.56, 29242, 22
613, 0, 0, 19, 19, 1, 37.29%, 0, 0, 2, 2.73, 30094, 22
618, 0, 0, 19, 19, 1, 37.29%, 0, 0, 2, 199.99, 31011, 22
629, 0, 0, 19, 19, 1, 37.29%, 0, 0, 2, 3.29, 31687, 22
634, 0, 0, 19, 19, 1, 37.29%, 0, 0, 2, 199.34, 32704, 22
649, 0, 0, 19, 19, 1, 37.29%, 0, 0, 2, 1.14, 33421, 22
654, 0, 0, 19, 19, 1, 37.29%, 0, 0, 2, 194.13, 34441, 22
660, 0, 0, 19, 19, 1, 37.29%, 0, 0, 2, 4.48, 35218, 22
665, 0, 0, 19, 19, 1, 37.29%, 0, 0, 2, 189.55, 36205, 22
673, 0, 0, 19, 19, 1, 37.29%, 0, 0, 2, 5.34, 36514, 22
678, 0, 0, 19, 19, 1, 37.29%, 0, 0, 2, 189.30, 37441, 22
683, 0, 0, 19, 19, 1, 37.29%, 0, 0, 2, 199.11, 38452, 22
688, 0, 0, 19, 19, 1, 37.29%, 0, 0, 2, 195.95, 39451, 22
694, 0, 0, 19, 19, 1, 37.29%, 0, 0, 2, 14.16, 39979, 22
699, 0, 0, 19, 19, 1, 37.29%, 0, 0, 2, 192.52, 40942, 22
704, 0, 0, 19, 19, 1, 37.29%, 0, 0, 2, 188.02, 41578, 22
709, 0, 0, 19, 19, 1, 37.29%, 0, 0, 2, 194.86, 42547, 22
714, 0, 0, 19, 19, 1, 37.29%, 0, 0, 2, 199.01, 43543, 22
720, 0, 0, 19, 19, 1, 37.29%, 0, 0, 2, 177.62, 44443, 22
725, 0, 0, 19, 19, 1, 37.29%, 0, 0, 2, 183.73, 45397, 22
733, 0, 0, 19, 19, 1, 37.29%, 0, 0, 2, 4.26, 46264, 22
739, 0, 0, 19, 19, 1, 37.29%, 0, 0, 2, 193.96, 47278, 22
744, 0, 0, 19, 19, 1, 37.29%, 0, 0, 2, 191.88, 48250, 22
749, 0, 0, 19, 19, 1, 37.29%, 0, 0, 2, 192.99, 49207, 22
754, 0, 0, 19, 19, 1, 37.29%, 0, 0, 2, 183.45, 50152, 22
760, 0, 0, 19, 19, 1, 37.29%, 0, 0, 2, 6.72, 50797, 22
765, 0, 0, 19, 19, 1, 37.29%, 0, 0, 2, 171.38, 51796, 22
770, 0, 0, 19, 19, 1, 37.29%, 0, 0, 2, 177.92, 52711, 22
775, 0, 0, 19, 19, 1, 37.29%, 0, 0, 2, 182.63, 53689, 22
781, 0, 0, 19, 19, 1, 37.29%, 0, 0, 2, 181.20, 54652, 22
787, 0, 0, 19, 19, 1, 37.29%, 0, 0, 2, 10.24, 55375, 22
792, 0, 0, 19, 19, 1, 37.29%, 0, 0, 2, 193.80, 56380, 22
797, 0, 0, 19, 19, 1, 37.29%, 0, 0, 2, 190.61, 57331, 22
802, 0, 0, 19, 19, 1, 37.29%, 0, 0, 2, 198.56, 58273, 22
807, 0, 0, 19, 19, 1, 37.29%, 0, 0, 2, 195.23, 59260, 22
814, 0, 0, 19, 19, 1, 37.29%, 0, 0, 2, 1.17, 59870, 22
820, 0, 0, 19, 19, 1, 37.29%, 0, 0, 2, 190.92, 60868, 22
825, 0, 0, 19, 19, 1, 37.29%, 0, 0, 2, 186.18, 61816, 22
830, 0, 0, 19, 19, 1, 37.29%, 0, 0, 2, 192.86, 62770, 22
835, 0, 0, 19, 19, 1, 37.29%, 0, 0, 2, 188.76, 63727, 22
840, 0, 0, 19, 19, 1, 37.29%, 0, 0, 2, 159.17, 64525, 22
845, 0, 0, 19, 19, 1, 37.29%, 0, 0, 2, 138.48, 65187, 22
850, 0, 0, 19, 19, 1, 37.29%, 0, 0, 2, 131.59, 65835, 22
855, 0, 0, 19, 19, 1, 37.29%, 0, 0, 2, 175.34, 66745, 22
860, 0, 0, 19, 19, 1, 37.29%, 0, 0, 2, 187.43, 67678, 22
865, 0, 0, 19, 19, 1, 37.29%, 0, 0, 2, 172.53, 68566, 22
870, 0, 0, 19, 19, 1, 37.29%, 0, 0, 2, 171.71, 69433, 22
875, 0, 0, 19, 19, 1, 37.29%, 0, 0, 2, 178.31, 70390, 22
881, 0, 0, 19, 19, 1, 37.29%, 0, 0, 2, 140.07, 71141, 22
886, 0, 0, 19, 19, 1, 37.29%, 0, 0, 2, 105.28, 71627, 22
891, 0, 0, 19, 19, 1, 37.29%, 0, 0, 2, 98.75, 72122, 22
896, 0, 0, 19, 19, 1, 37.29%, 0, 0, 2, 128.22, 72753, 22
901, 0, 0, 19, 19, 1, 37.29%, 0, 0, 2, 160.52, 73615, 22
906, 0, 0, 19, 19, 1, 37.29%, 0, 0, 2, 171.88, 74512, 22
911, 0, 0, 19, 19, 1, 37.29%, 0, 0, 2, 186.25, 75493, 22
916, 0, 0, 19, 19, 1, 37.29%, 0, 0, 2, 110.98, 75961, 22
921, 0, 0, 19, 19, 1, 37.29%, 0, 0, 2, 85.47, 76326, 22
926, 0, 0, 19, 19, 1, 37.29%, 0, 0, 2, 86.06, 76768, 22
931, 0, 0, 19, 19, 1, 37.29%, 0, 0, 2, 82.80, 77186, 22
936, 0, 0, 19, 19, 1, 37.29%, 0, 0, 2, 82.09, 77602, 22
941, 0, 0, 19, 19, 1, 37.29%, 0, 0, 2, 150.32, 78393, 22
946, 0, 0, 19, 19, 1, 37.29%, 0, 0, 2, 177.37, 79303, 22
951, 0, 0, 19, 19, 1, 37.29%, 0, 0, 2, 182.93, 80221, 22
957, 0, 0, 19, 19, 1, 37.29%, 0, 0, 2, 189.27, 81061, 22
962, 0, 0, 19, 19, 1, 37.29%, 0, 0, 2, 189.40, 82027, 22
967, 0, 0, 19, 19, 1, 37.29%, 0, 0, 2, 189.84, 82984, 22
972, 0, 0, 19, 19, 1, 37.29%, 0, 0, 2, 181.25, 83923, 22
977, 0, 0, 19, 19, 1, 37.29%, 0, 0, 2, 174.39, 84805, 22
982, 0, 0, 19, 19, 1, 37.29%, 0, 0, 2, 178.21, 85741, 22
987, 0, 0, 19, 19, 1, 37.29%, 0, 0, 2, 184.80, 86716, 22
993, 0, 0, 19, 19, 1, 37.29%, 0, 0, 2, 186.48, 87697, 22
998, 0, 0, 19, 19, 1, 37.29%, 0, 0, 2, 179.11, 88600, 22
1003, 0, 0, 19, 19, 1, 37.29%, 0, 0, 2, 167.31, 89431, 22
1008, 0, 0, 19, 19, 1, 37.29%, 0, 0, 2, 189.26, 90391, 22
1013, 0, 0, 19, 19, 1, 37.29%, 0, 0, 2, 186.93, 91315, 22
1018, 0, 0, 19, 19, 1, 37.29%, 0, 0, 2, 184.09, 92236, 22
1023, 0, 0, 19, 19, 1, 37.29%, 0, 0, 2, 187.65, 93226, 22
1028, 0, 0, 19, 19, 1, 37.29%, 0, 0, 2, 188.09, 94168, 22
1033, 0, 0, 19, 19, 1, 37.29%, 0, 0, 2, 189.68, 95122, 22
1038, 0, 0, 19, 19, 1, 37.29%, 0, 0, 2, 187.00, 96085, 22
1043, 0, 0, 19, 19, 1, 37.29%, 0, 0, 2, 188.77, 97036, 22
1048, 0, 0, 19, 19, 1, 37.29%, 0, 0, 2, 186.49, 97993, 22
1053, 0, 0, 19, 19, 1, 37.29%, 0, 0, 2, 180.37, 98920, 22
1059, 0, 0, 19, 19, 1, 37.29%, 0, 0, 2, 185.73, 99877, 22
1064, 0, 0, 19, 19, 1, 37.29%, 0, 0, 2, 188.63, 100873, 22
1069, 0, 0, 19, 19, 1, 37.29%, 0, 0, 2, 186.46, 101797, 22
1074, 0, 0, 19, 19, 1, 37.29%, 0, 0, 2, 189.98, 102754, 22
1079, 0, 0, 19, 19, 1, 37.29%, 0, 0, 2, 189.13, 103735, 22
1084, 0, 0, 19, 19, 1, 37.29%, 0, 0, 2, 190.47, 104710, 22
1089, 0, 0, 19, 19, 1, 37.29%, 0, 0, 2, 180.66, 105616, 22
1094, 0, 0, 19, 19, 1, 37.29%, 0, 0, 2, 172.16, 106459, 22
1099, 0, 0, 19, 19, 1, 37.29%, 0, 0, 2, 171.82, 107326, 22
1104, 0, 0, 19, 19, 1, 37.29%, 0, 0, 2, 173.47, 108202, 22
1110, 0, 0, 19, 19, 1, 37.29%, 0, 0, 2, 169.41, 109075, 22
1115, 0, 0, 19, 19, 1, 37.29%, 0, 0, 2, 171.75, 109972, 22
1120, 0, 0, 19, 19, 1, 37.29%, 0, 0, 2, 177.21, 110869, 22
1125, 0, 0, 19, 19, 1, 37.29%, 0, 0, 2, 166.80, 111709, 22
1130, 0, 0, 19, 19, 1, 37.29%, 0, 0, 2, 153.62, 112483, 22
1135, 0, 0, 19, 19, 1, 37.29%, 0, 0, 2, 182.15, 113443, 22
1140, 0, 0, 19, 19, 1, 37.29%, 0, 0, 2, 187.36, 114412, 22
1146, 0, 0, 19, 19, 1, 37.29%, 0, 0, 2, 186.05, 115378, 22
1151, 0, 0, 19, 19, 1, 37.29%, 0, 0, 2, 190.75, 116359, 22
1156, 0, 0, 19, 19, 1, 37.29%, 0, 0, 2, 194.45, 117358, 22
1161, 0, 0, 20, 20, 1, 40.68%, 0, 0, 2, 189.88, 118280, 24
1166, 0, 0, 20, 20, 1, 40.68%, 0, 0, 2, 187.70, 119195, 24
1171, 0, 0, 20, 20, 1, 40.68%, 0, 0, 2, 186.32, 120158, 24
1176, 0, 0, 20, 20, 1, 40.68%, 0, 0, 2, 179.76, 121058, 24
1181, 0, 0, 20, 20, 1, 40.68%, 0, 0, 2, 176.55, 121925, 24
1186, 0, 0, 20, 20, 1, 40.68%, 0, 0, 2, 182.10, 122816, 24
1191, 0, 0, 20, 20, 1, 40.68%, 0, 0, 2, 186.10, 123728, 24
1196, 0, 0, 20, 20, 1, 40.68%, 0, 0, 2, 184.65, 124652, 24
1201, 0, 0, 20, 20, 1, 40.68%, 0, 0, 2, 186.69, 125585, 24
1207, 0, 0, 21, 21, 1, 42.37%, 0, 0, 2, 189.31, 126558, 25
1212, 0, 0, 21, 21, 1, 42.37%, 0, 0, 2, 181.95, 127479, 25
1217, 0, 0, 21, 21, 1, 42.37%, 0, 0, 2, 181.18, 128376, 25
1222, 0, 0, 21, 21, 1, 42.37%, 0, 0, 2, 190.67, 129309, 25
1227, 0, 0, 21, 21, 1, 42.37%, 0, 0, 2, 183.99, 130242, 25
1233, 0, 0, 21, 21, 1, 42.37%, 0, 0, 2, 177.49, 131172, 25
1238, 0, 0, 21, 21, 1, 42.37%, 0, 0, 2, 184.52, 132147, 25
1243, 0, 0, 21, 21, 1, 42.37%, 0, 0, 2, 173.20, 132996, 25
1248, 0, 0, 21, 21, 1, 42.37%, 0, 0, 2, 182.05, 133956, 25
1253, 0, 0, 21, 21, 1, 42.37%, 0, 0, 2, 184.59, 134898, 25
1258, 0, 0, 21, 21, 1, 42.37%, 0, 0, 2, 188.30, 135849, 25
1263, 0, 0, 21, 21, 1, 42.37%, 0, 0, 2, 186.84, 136824, 25
1269, 0, 0, 21, 21, 1, 42.37%, 0, 0, 2, 182.73, 137781, 25
1274, 0, 0, 21, 21, 1, 42.37%, 0, 0, 2, 190.03, 138768, 25
1279, 0, 0, 21, 21, 1, 42.37%, 0, 0, 2, 189.79, 139716, 25
1284, 0, 0, 21, 21, 1, 42.37%, 0, 0, 2, 157.22, 140499, 25
1289, 0, 0, 21, 21, 1, 42.37%, 0, 0, 2, 170.87, 141357, 25
1294, 0, 0, 21, 21, 1, 42.37%, 0, 0, 2, 184.45, 142305, 25
1299, 0, 0, 21, 21, 1, 42.37%, 0, 0, 2, 193.71, 143313, 25
1304, 0, 0, 21, 21, 1, 42.37%, 0, 0, 2, 195.52, 144324, 25
1309, 0, 0, 21, 21, 1, 42.37%, 0, 0, 2, 194.72, 145314, 25
1314, 0, 0, 21, 21, 1, 42.37%, 0, 0, 2, 191.74, 146262, 25
1319, 0, 0, 21, 21, 1, 42.37%, 0, 0, 2, 190.73, 147210, 25
1324, 0, 0, 21, 21, 1, 42.37%, 0, 0, 2, 179.23, 148101, 25
1330, 0, 0, 21, 21, 1, 42.37%, 0, 0, 2, 181.58, 149031, 25
1335, 0, 0, 21, 21, 1, 42.37%, 0, 0, 2, 186.61, 150015, 25
1340, 0, 0, 21, 21, 1, 42.37%, 0, 0, 2, 190.97, 150969, 25
1345, 0, 0, 21, 21, 1, 42.37%, 0, 0, 2, 189.97, 151929, 25
1350, 0, 0, 21, 21, 1, 42.37%, 0, 0, 2, 187.96, 152850, 25
1355, 0, 0, 21, 21, 1, 42.37%, 0, 0, 2, 189.38, 153819, 25
1360, 0, 0, 21, 21, 1, 42.37%, 0, 0, 2, 188.13, 154773, 25
1365, 0, 0, 21, 21, 1, 42.37%, 0, 0, 2, 182.59, 155700, 25
1371, 0, 0, 21, 21, 1, 42.37%, 0, 0, 2, 184.60, 156627, 25
1376, 0, 0, 21, 21, 1, 42.37%, 0, 0, 2, 186.25, 157584, 25
1381, 0, 0, 21, 21, 1, 42.37%, 0, 0, 2, 189.12, 158523, 25
1386, 0, 0, 21, 21, 1, 42.37%, 0, 0, 2, 186.85, 159480, 25
1391, 0, 0, 21, 21, 1, 42.37%, 0, 0, 2, 184.55, 160422, 25
1396, 0, 0, 22, 22, 1, 42.37%, 0, 0, 2, 159.09, 161212, 25
1401, 0, 0, 22, 22, 1, 42.37%, 0, 0, 2, 160.86, 162040, 25
1406, 0, 0, 22, 22, 1, 42.37%, 0, 0, 2, 170.36, 162880, 25
1411, 0, 0, 22, 22, 1, 42.37%, 0, 0, 2, 184.04, 163825, 25
1417, 0, 0, 22, 22, 1, 42.37%, 0, 0, 2, 189.61, 164800, 25
1422, 0, 0, 22, 22, 1, 42.37%, 0, 0, 2, 190.34, 165739, 25
1427, 0, 0, 22, 22, 1, 42.37%, 0, 0, 2, 180.99, 166684, 25
1432, 0, 0, 22, 22, 1, 42.37%, 0, 0, 2, 171.04, 167521, 25
1437, 0, 0, 22, 22, 1, 42.37%, 0, 0, 2, 172.28, 168370, 25
1442, 0, 0, 22, 22, 1, 42.37%, 0, 0, 2, 173.22, 169291, 25
1447, 0, 0, 22, 22, 1, 42.37%, 0, 0, 2, 165.90, 170125, 25
1452, 0, 0, 22, 22, 1, 42.37%, 0, 0, 2, 172.75, 171019, 25
1457, 0, 0, 22, 22, 1, 42.37%, 0, 0, 2, 174.08, 171892, 25
1462, 0, 0, 22, 22, 1, 42.37%, 0, 0, 2, 174.10, 172807, 25
1467, 0, 0, 22, 22, 1, 42.37%, 0, 0, 2, 180.57, 173746, 25
1472, 0, 0, 22, 22, 1, 42.37%, 0, 0, 2, 175.70, 174643, 25
1478, 0, 0, 22, 22, 1, 42.37%, 0, 0, 2, 183.74, 175582, 25
1483, 0, 0, 22, 22, 1, 42.37%, 0, 0, 2, 181.75, 176509, 25
1488, 0, 0, 22, 22, 1, 42.37%, 0, 0, 2, 185.24, 177457, 25
1493, 0, 0, 22, 22, 1, 42.37%, 0, 0, 2, 178.22, 178378, 25
1498, 0, 0, 22, 22, 1, 42.37%, 0, 0, 2, 172.29, 179278, 25
1503, 0, 0, 22, 22, 1, 42.37%, 0, 0, 2, 161.26, 180064, 25
1508, 0, 0, 22, 22, 1, 42.37%, 0, 0, 2, 169.18, 180922, 25
1513, 0, 0, 22, 22, 1, 42.37%, 0, 0, 2, 172.42, 181777, 25
1518, 0, 0, 22, 22, 1, 42.37%, 0, 0, 2, 186.74, 182767, 25
1523, 0, 0, 22, 22, 1, 42.37%, 0, 0, 2, 180.72, 183649, 25
1528, 0, 0, 22, 22, 1, 42.37%, 0, 0, 2, 180.49, 184549, 25
1533, 0, 0, 22, 22, 1, 42.37%, 0, 0, 2, 187.12, 185530, 25
1538, 0, 0, 22, 22, 1, 42.37%, 0, 0, 2, 176.45, 186421, 25
1543, 0, 0, 22, 22, 1, 42.37%, 0, 0, 2, 176.67, 187339, 25
1549, 0, 0, 22, 22, 1, 42.37%, 0, 0, 2, 183.60, 188290, 25
1554, 0, 0, 22, 22, 1, 42.37%, 0, 0, 2, 186.87, 189253, 25
1559, 0, 0, 22, 22, 1, 42.37%, 0, 0, 2, 182.48, 190174, 25
1564, 0, 0, 22, 22, 1, 42.37%, 0, 0, 2, 179.53, 191110, 25
1569, 0, 0, 22, 22, 1, 42.37%, 0, 0, 2, 166.56, 191962, 25
1574, 0, 0, 22, 22, 1, 42.37%, 0, 0, 2, 182.08, 192886, 25
1579, 0, 0, 22, 22, 1, 42.37%, 0, 0, 2, 180.90, 193831, 25
1584, 0, 0, 22, 22, 1, 42.37%, 0, 0, 2, 184.48, 194788, 25
1589, 0, 0, 22, 22, 1, 42.37%, 0, 0, 2, 185.50, 195718, 25
1595, 0, 0, 22, 22, 1, 42.37%, 0, 0, 2, 185.83, 196645, 25
1600, 0, 0, 22, 22, 1, 42.37%, 0, 0, 2, 183.51, 197563, 25
1605, 0, 0, 22, 22, 1, 42.37%, 0, 0, 2, 183.90, 198508, 25
1610, 0, 0, 22, 22, 1, 42.37%, 0, 0, 2, 169.44, 199330, 25
1615, 0, 0, 22, 22, 1, 42.37%, 0, 0, 2, 177.90, 200227, 25
1620, 0, 0, 22, 22, 1, 42.37%, 0, 0, 2, 176.46, 201142, 25
1625, 0, 0, 22, 22, 1, 42.37%, 0, 0, 2, 177.69, 202054, 25
1630, 0, 0, 22, 22, 1, 42.37%, 0, 0, 2, 165.52, 202924, 25
1635, 0, 0, 22, 22, 1, 42.37%, 0, 0, 2, 156.53, 203692, 25
1641, 0, 0, 22, 22, 1, 42.37%, 0, 0, 2, 150.74, 204466, 25
1646, 0, 0, 22, 22, 1, 42.37%, 0, 0, 2, 169.19, 205336, 25
1651, 0, 0, 22, 22, 1, 42.37%, 0, 0, 2, 174.99, 206251, 25
1656, 0, 0, 22, 22, 1, 42.37%, 0, 0, 2, 183.97, 207202, 25
1661, 0, 0, 22, 22, 1, 42.37%, 0, 0, 2, 190.40, 208186, 25
1666, 0, 0, 22, 22, 1, 42.37%, 0, 0, 2, 173.28, 209032, 25
1672, 0, 0, 22, 22, 1, 42.37%, 0, 0, 2, 178.37, 209932, 25
1677, 0, 0, 22, 22, 1, 42.37%, 0, 0, 2, 181.03, 210826, 25
1682, 0, 0, 22, 22, 1, 42.37%, 0, 0, 2, 177.15, 211699, 25
1687, 0, 0, 22, 22, 1, 42.37%, 0, 0, 2, 182.51, 212635, 25
1692, 0, 0, 22, 22, 1, 42.37%, 0, 0, 2, 188.47, 213616, 25
1697, 0, 0, 22, 22, 1, 42.37%, 0, 0, 2, 179.91, 214555, 25
1702, 0, 0, 22, 22, 1, 42.37%, 0, 0, 2, 171.67, 215452, 25
1708, 0, 0, 22, 22, 1, 42.37%, 0, 0, 2, 177.15, 216364, 25
1713, 0, 0, 22, 22, 1, 42.37%, 0, 0, 2, 180.38, 217306, 25
1718, 0, 0, 22, 22, 1, 42.37%, 0, 0, 2, 180.18, 218233, 25
1723, 0, 0, 22, 22, 1, 42.37%, 0, 0, 2, 181.01, 219178, 25
1728, 0, 0, 22, 22, 1, 42.37%, 0, 0, 2, 186.44, 220153, 25
1733, 0, 0, 22, 22, 1, 42.37%, 0, 0, 2, 186.18, 221116, 25
1738, 0, 0, 22, 22, 1, 42.37%, 0, 0, 2, 182.49, 222022, 25
1743, 0, 0, 22, 22, 1, 42.37%, 0, 0, 2, 181.29, 222922, 25
1749, 0, 0, 22, 22, 1, 42.37%, 0, 0, 2, 175.81, 223840, 25
1754, 0, 0, 22, 22, 1, 42.37%, 0, 0, 2, 183.05, 224776, 25
1759, 0, 0, 22, 22, 1, 42.37%, 0, 0, 2, 188.09, 225766, 25
1764, 0, 0, 22, 22, 1, 42.37%, 0, 0, 2, 180.20, 226645, 25
1769, 0, 0, 22, 22, 1, 42.37%, 0, 0, 2, 174.60, 227530, 25
1774, 0, 0, 23, 23, 1, 44.07%, 0, 0, 2, 164.84, 228356, 26
1779, 0, 0, 23, 23, 1, 44.07%, 0, 0, 2, 181.96, 229268, 26
1784, 0, 0, 23, 23, 1, 44.07%, 0, 0, 2, 181.42, 230180, 26
1789, 0, 0, 23, 23, 1, 44.07%, 0, 0, 2, 174.48, 231053, 26
1794, 0, 0, 23, 23, 1, 44.07%, 0, 0, 2, 167.43, 231902, 26
1799, 0, 0, 24, 24, 1, 45.76%, 0, 0, 2, 183.29, 232842, 27
1804, 0, 0, 24, 24, 1, 45.76%, 0, 0, 2, 182.04, 233763, 27
1809, 0, 0, 24, 24, 1, 45.76%, 0, 0, 2, 186.64, 234723, 27
1814, 0, 0, 24, 24, 1, 45.76%, 0, 0, 2, 186.07, 235680, 27
1820, 0, 0, 24, 24, 1, 45.76%, 0, 0, 2, 167.00, 236532, 27
1825, 0, 0, 25, 25, 1, 45.76%, 0, 0, 2, 179.98, 237463, 27
1830, 0, 0, 25, 25, 1, 45.76%, 0, 0, 2, 157.12, 238294, 27
1835, 0, 0, 25, 25, 1, 45.76%, 0, 0, 2, 136.42, 238945, 27
1840, 0, 0, 25, 25, 1, 45.76%, 0, 0, 2, 133.96, 239633, 27
1845, 0, 0, 25, 25, 1, 45.76%, 0, 0, 2, 160.74, 240514, 27
1850, 0, 0, 25, 25, 1, 45.76%, 0, 0, 2, 157.97, 241333, 27
1856, 0, 0, 25, 25, 1, 45.76%, 0, 0, 2, 161.79, 242164, 27
1861, 0, 0, 25, 25, 1, 45.76%, 0, 0, 2, 179.50, 243121, 27
1866, 0, 0, 25, 25, 1, 45.76%, 0, 0, 2, 181.05, 244036, 27
1871, 0, 0, 25, 25, 1, 45.76%, 0, 0, 2, 179.07, 244930, 27
1876, 0, 0, 25, 25, 1, 45.76%, 0, 0, 2, 181.87, 245839, 27
1881, 0, 0, 25, 25, 1, 45.76%, 0, 0, 2, 179.12, 246766, 27
1886, 0, 0, 25, 25, 1, 45.76%, 0, 0, 2, 182.94, 247708, 27
1891, 0, 0, 26, 26, 1, 47.46%, 0, 0, 2, 177.04, 248603, 28
1896, 0, 0, 26, 26, 1, 47.46%, 0, 0, 2, 180.82, 249506, 28
1902, 0, 0, 26, 26, 1, 47.46%, 0, 0, 2, 179.86, 250418, 28
1907, 0, 0, 26, 26, 1, 47.46%, 0, 0, 2, 181.12, 251312, 28
1912, 0, 0, 26, 26, 1, 47.46%, 0, 0, 2, 187.69, 252257, 28
1917, 0, 0, 26, 26, 1, 47.46%, 0, 0, 2, 176.94, 253136, 28
1922, 0, 0, 26, 26, 1, 47.46%, 0, 0, 2, 185.50, 254099, 28
1927, 0, 0, 26, 26, 1, 47.46%, 0, 0, 2, 183.19, 255014, 28
1932, 0, 0, 26, 26, 1, 47.46%, 0, 0, 2, 176.40, 255929, 28
1937, 0, 0, 26, 26, 1, 47.46%, 0, 0, 2, 175.27, 256847, 28
1942, 0, 0, 26, 26, 1, 47.46%, 0, 0, 2, 175.75, 257768, 28
1947, 0, 0, 26, 26, 1, 47.46%, 0, 0, 2, 174.95, 258641, 28
1953, 0, 0, 26, 26, 1, 47.46%, 0, 0, 2, 178.39, 259565, 28
1958, 0, 0, 27, 27, 1, 47.46%, 0, 0, 2, 174.12, 260424, 28
1963, 0, 0, 27, 27, 1, 47.46%, 0, 0, 2, 179.09, 261363, 28
1968, 0, 0, 27, 27, 1, 47.46%, 0, 0, 2, 160.95, 262161, 28
1973, 0, 0, 28, 28, 1, 49.15%, 0, 0, 2, 161.54, 262987, 29
1978, 0, 0, 28, 28, 1, 49.15%, 0, 0, 2, 170.55, 263872, 29
1983, 0, 0, 28, 28, 1, 49.15%, 0, 0, 2, 143.30, 264624, 29
1988, 0, 0, 28, 28, 1, 49.15%, 0, 0, 2, 107.10, 265116, 29
1993, 0, 0, 28, 28, 1, 49.15%, 0, 0, 2, 96.82, 265590, 29
1998, 0, 0, 28, 28, 1, 49.15%, 0, 0, 2, 96.46, 266087, 29
2004, 0, 0, 28, 28, 1, 49.15%, 0, 0, 2, 139.99, 266782, 29
2009, 0, 0, 28, 28, 1, 49.15%, 0, 0, 2, 169.73, 267694, 29
2014, 0, 0, 28, 28, 1, 49.15%, 0, 0, 2, 168.55, 268561, 29
2019, 0, 0, 28, 28, 1, 49.15%, 0, 0, 2, 171.73, 269461, 29
2024, 0, 0, 28, 28, 1, 49.15%, 0, 0, 2, 178.29, 270373, 29
2029, 0, 0, 28, 28, 1, 49.15%, 0, 0, 2, 185.66, 271318, 29
2034, 0, 0, 28, 28, 1, 49.15%, 0, 0, 2, 171.62, 272185, 29
2039, 0, 0, 28, 28, 1, 49.15%, 0, 0, 2, 175.60, 273106, 29
2045, 0, 0, 28, 28, 1, 49.15%, 0, 0, 2, 173.88, 274024, 29
2050, 0, 0, 28, 28, 1, 49.15%, 0, 0, 2, 177.69, 274954, 29
2055, 0, 0, 28, 28, 1, 49.15%, 0, 0, 2, 150.46, 275692, 29
2060, 0, 0, 28, 28, 1, 49.15%, 0, 0, 2, 141.15, 276408, 29
2065, 0, 0, 28, 28, 1, 49.15%, 0, 0, 2, 178.67, 277360, 29
2070, 0, 0, 28, 28, 1, 49.15%, 0, 0, 2, 184.24, 278290, 29
2075, 0, 0, 28, 28, 1, 49.15%, 0, 0, 2, 186.38, 279208, 29
2080, 0, 0, 28, 28, 1, 49.15%, 0, 0, 2, 179.16, 280129, 29
2085, 0, 0, 28, 28, 1, 49.15%, 0, 0, 2, 179.93, 281032, 29
2090, 0, 0, 28, 28, 1, 49.15%, 0, 0, 2, 187.39, 281974, 29
2095, 0, 0, 28, 28, 1, 49.15%, 0, 0, 2, 179.74, 282853, 29
2101, 0, 0, 28, 28, 1, 49.15%, 0, 0, 2, 183.25, 283798, 29
2106, 0, 0, 28, 28, 1, 49.15%, 0, 0, 2, 186.81, 284719, 29
2111, 0, 0, 28, 28, 1, 49.15%, 0, 0, 2, 180.96, 285598, 29
2116, 0, 0, 28, 28, 1, 49.15%, 0, 0, 2, 174.43, 286459, 29
2121, 0, 0, 28, 28, 1, 49.15%, 0, 0, 2, 150.50, 287185, 29
2126, 0, 0, 28, 28, 1, 49.15%, 0, 0, 2, 138.93, 287880, 29
2131, 0, 0, 28, 28, 1, 49.15%, 0, 0, 2, 166.85, 288736, 29
2136, 0, 0, 28, 28, 1, 49.15%, 0, 0, 2, 179.11, 289651, 29
2141, 0, 0, 28, 28, 1, 49.15%, 0, 0, 2, 183.62, 290605, 29
2146, 0, 0, 28, 28, 1, 49.15%, 0, 0, 2, 183.52, 291523, 29
2151, 0, 0, 28, 28, 1, 49.15%, 0, 0, 2, 182.90, 292432, 29
2156, 0, 0, 28, 28, 1, 49.15%, 0, 0, 2, 177.70, 293326, 29
2161, 0, 0, 28, 28, 1, 49.15%, 0, 0, 2, 179.99, 294271, 29
2166, 0, 0, 28, 28, 1, 49.15%, 0, 0, 2, 184.92, 295201, 29
2172, 0, 0, 28, 28, 1, 49.15%, 0, 0, 2, 185.11, 296155, 29
2177, 0, 0, 28, 28, 1, 49.15%, 0, 0, 2, 178.87, 297085, 29
2182, 0, 0, 28, 28, 1, 49.15%, 0, 0, 2, 176.56, 297964, 29
2187, 0, 0, 28, 28, 1, 49.15%, 0, 0, 2, 177.39, 298858, 29
2192, 0, 0, 28, 28, 1, 49.15%, 0, 0, 2, 184.46, 299833, 29
2197, 0, 0, 28, 28, 1, 49.15%, 0, 0, 2, 182.34, 300772, 29
2202, 0, 0, 28, 28, 1, 49.15%, 0, 0, 2, 181.07, 301723, 29
2207, 0, 0, 29, 29, 1, 50.85%, 0, 0, 2, 176.33, 302642, 30
2213, 0, 0, 29, 29, 1, 50.85%, 0, 0, 2, 177.07, 303524, 30
2218, 0, 0, 29, 29, 1, 50.85%, 0, 0, 2, 178.08, 304412, 30
2223, 0, 0, 29, 29, 1, 50.85%, 0, 0, 2, 176.43, 305309, 30
2228, 0, 0, 29, 29, 1, 50.85%, 0, 0, 2, 181.81, 306233, 30
2233, 0, 0, 29, 29, 1, 50.85%, 0, 0, 2, 180.31, 307175, 30
2238, 0, 0, 29, 29, 1, 50.85%, 0, 0, 2, 179.40, 308108, 30
2243, 0, 0, 29, 29, 1, 50.85%, 0, 0, 2, 173.67, 309005, 30
2248, 0, 0, 29, 29, 1, 50.85%, 0, 0, 2, 175.46, 309926, 30
2254, 0, 0, 29, 29, 1, 50.85%, 0, 0, 2, 183.72, 310889, 30
2259, 0, 0, 29, 29, 1, 50.85%, 0, 0, 2, 182.52, 311813, 30
2264, 0, 0, 29, 29, 1, 50.85%, 0, 0, 2, 162.25, 312623, 30
2269, 0, 0, 29, 29, 1, 50.85%, 0, 0, 2, 156.79, 313412, 30
2274, 0, 0, 29, 29, 1, 50.85%, 0, 0, 2, 172.56, 314270, 30
2279, 0, 0, 29, 29, 1, 50.85%, 0, 0, 2, 171.85, 315164, 30
2284, 0, 0, 29, 29, 1, 50.85%, 0, 0, 2, 179.45, 316103, 30
2289, 0, 0, 29, 29, 1, 50.85%, 0, 0, 2, 173.53, 316952, 30
2294, 0, 0, 29, 29, 1, 50.85%, 0, 0, 2, 176.67, 317840, 30
2299, 0, 0, 29, 29, 1, 50.85%, 0, 0, 2, 178.90, 318764, 30
2304, 0, 0, 29, 29, 1, 50.85%, 0, 0, 2, 184.95, 319706, 30
2309, 0, 0, 29, 29, 1, 50.85%, 0, 0, 2, 182.41, 320630, 30
2314, 0, 0, 29, 29, 1, 50.85%, 0, 0, 2, 178.00, 321509, 30
2319, 0, 0, 29, 29, 1, 50.85%, 0, 0, 2, 180.93, 322403, 30
2324, 0, 0, 29, 29, 1, 50.85%, 0, 0, 2, 178.70, 323297, 30
2330, 0, 0, 29, 29, 1, 50.85%, 0, 0, 2, 177.42, 324212, 30
2335, 0, 0, 29, 29, 1, 50.85%, 0, 0, 2, 174.90, 325085, 30
2340, 0, 0, 29, 29, 1, 50.85%, 0, 0, 2, 174.90, 326000, 30
2345, 0, 0, 29, 29, 1, 50.85%, 0, 0, 2, 180.19, 326942, 30
2350, 0, 0, 29, 29, 1, 50.85%, 0, 0, 2, 175.16, 327815, 30
2355, 0, 0, 29, 29, 1, 50.85%, 0, 0, 2, 182.01, 328754, 30
2360, 0, 0, 29, 29, 1, 50.85%, 0, 0, 2, 179.67, 329693, 30
2365, 0, 0, 29, 29, 1, 50.85%, 0, 0, 2, 175.01, 330584, 30
2370, 0, 0, 29, 29, 1, 50.85%, 0, 0, 2, 177.03, 331469, 30
2375, 0, 0, 29, 29, 1, 50.85%, 0, 0, 2, 174.74, 332354, 30
2380, 0, 0, 29, 29, 1, 50.85%, 0, 0, 2, 174.82, 333245, 30
2386, 0, 0, 29, 29, 1, 50.85%, 0, 0, 2, 177.88, 334190, 30
2391, 0, 0, 29, 29, 1, 50.85%, 0, 0, 2, 181.03, 335096, 30
2396, 0, 0, 29, 29, 1, 50.85%, 0, 0, 2, 180.62, 336032, 30
2401, 0, 0, 30, 30, 1, 50.85%, 0, 0, 2, 177.04, 336930, 30
2406, 0, 0, 30, 30, 1, 50.85%, 0, 0, 2, 172.27, 337809, 30
2411, 0, 0, 30, 30, 1, 50.85%, 0, 0, 2, 179.53, 338694, 30
2416, 0, 0, 30, 30, 1, 50.85%, 0, 0, 2, 183.28, 339618, 30
2421, 0, 0, 30, 30, 1, 50.85%, 0, 0, 2, 184.94, 340539, 30
2426, 0, 0, 30, 30, 1, 50.85%, 0, 0, 2, 169.85, 341388, 30
2431, 0, 0, 30, 30, 1, 50.85%, 0, 0, 2, 175.29, 342264, 30
2436, 0, 0, 30, 30, 1, 50.85%, 0, 0, 2, 174.26, 343134, 30
2441, 0, 0, 30, 30, 1, 50.85%, 0, 0, 2, 176.23, 344010, 30
2446, 0, 0, 30, 30, 1, 50.85%, 0, 0, 2, 177.57, 344946, 30
2451, 0, 0, 30, 30, 1, 50.85%, 0, 0, 2, 170.57, 345801, 30
2456, 0, 0, 30, 30, 1, 50.85%, 0, 0, 2, 170.94, 346659, 30
2462, 0, 0, 30, 30, 1, 50.85%, 0, 0, 2, 174.64, 347577, 30
2467, 0, 0, 30, 30, 1, 50.85%, 0, 0, 2, 167.76, 348426, 30
2472, 0, 0, 30, 30, 1, 50.85%, 0, 0, 2, 176.29, 349305, 30
2477, 0, 0, 30, 30, 1, 50.85%, 0, 0, 2, 181.88, 350205, 30
2482, 0, 0, 30, 30, 1, 50.85%, 0, 0, 2, 184.00, 351159, 30
2487, 0, 0, 30, 30, 1, 50.85%, 0, 0, 2, 180.30, 352083, 30
2493, 0, 0, 30, 30, 1, 50.85%, 0, 0, 2, 185.55, 353052, 30
2498, 0, 0, 30, 30, 1, 50.85%, 0, 0, 2, 177.27, 353961, 30
2503, 0, 0, 30, 30, 1, 50.85%, 0, 0, 2, 177.81, 354867, 30
2508, 0, 0, 30, 30, 1, 50.85%, 0, 0, 2, 185.68, 355800, 30
2513, 0, 0, 30, 30, 1, 50.85%, 0, 0, 2, 180.19, 356730, 30
2518, 0, 0, 30, 30, 1, 50.85%, 0, 0, 2, 179.12, 357627, 30
2523, 0, 0, 30, 30, 1, 50.85%, 0, 0, 2, 166.25, 358485, 30
2529, 0, 0, 30, 30, 1, 50.85%, 0, 0, 2, 156.05, 359277, 30
2534, 0, 0, 30, 30, 1, 50.85%, 0, 0, 2, 180.54, 360228, 30
2539, 0, 0, 30, 30, 1, 50.85%, 0, 0, 2, 178.29, 361146, 30
2544, 0, 0, 30, 30, 1, 50.85%, 0, 0, 2, 183.34, 362085, 30
2549, 0, 0, 30, 30, 1, 50.85%, 0, 0, 2, 176.80, 362970, 30
2554, 0, 0, 30, 30, 1, 50.85%, 0, 0, 2, 180.26, 363879, 30
2559, 0, 0, 30, 30, 1, 50.85%, 0, 0, 2, 182.49, 364833, 30
2564, 0, 0, 30, 30, 1, 50.85%, 0, 0, 2, 185.93, 365796, 30
2569, 0, 0, 30, 30, 1, 50.85%, 0, 0, 2, 187.90, 366738, 30
2574, 0, 0, 30, 30, 1, 50.85%, 0, 0, 2, 185.47, 367647, 30
2579, 0, 0, 30, 30, 1, 50.85%, 0, 0, 2, 184.67, 368553, 30
2585, 0, 0, 30, 30, 1, 50.85%, 0, 0, 2, 177.03, 369477, 30
2590, 0, 0, 30, 30, 1, 50.85%, 0, 0, 2, 172.38, 370374, 30
2595, 0, 0, 30, 30, 1, 50.85%, 0, 0, 2, 174.45, 371301, 30
2600, 0, 0, 30, 30, 1, 50.85%, 0, 0, 2, 181.18, 372231, 30
2605, 0, 0, 30, 30, 1, 50.85%, 0, 0, 2, 176.18, 373146, 30
2610, 0, 0, 30, 30, 1, 50.85%, 0, 0, 2, 177.33, 374052, 30
2615, 0, 0, 30, 30, 1, 50.85%, 0, 0, 2, 176.20, 374979, 30
2621, 0, 0, 30, 30, 1, 50.85%, 0, 0, 2, 173.90, 375894, 30
2626, 0, 0, 30, 30, 1, 50.85%, 0, 0, 2, 181.76, 376845, 30
2631, 0, 0, 30, 30, 1, 50.85%, 0, 0, 2, 178.65, 377769, 30
2636, 0, 0, 30, 30, 1, 50.85%, 0, 0, 2, 179.70, 378666, 30
2641, 0, 0, 30, 30, 1, 50.85%, 0, 0, 2, 172.88, 379503, 30
2646, 0, 0, 30, 30, 1, 50.85%, 0, 0, 2, 183.40, 380451, 30
2651, 0, 0, 30, 30, 1, 50.85%, 0, 0, 2, 185.41, 381405, 30
2656, 0, 0, 30, 30, 1, 50.85%, 0, 0, 2, 176.52, 382293, 30
2661, 0, 0, 30, 30, 1, 50.85%, 0, 0, 2, 169.18, 383136, 30
2666, 0, 0, 30, 30, 1, 50.85%, 0, 0, 2, 164.38, 383961, 30
2672, 0, 0, 30, 30, 1, 50.85%, 0, 0, 2, 166.87, 384804, 30
2677, 0, 0, 30, 30, 1, 50.85%, 0, 0, 2, 175.60, 385668, 30
2682, 0, 0, 30, 30, 1, 50.85%, 0, 0, 2, 167.09, 386493, 30
2687, 0, 0, 30, 30, 1, 50.85%, 0, 0, 2, 175.13, 387423, 30
2692, 0, 0, 30, 30, 1, 50.85%, 0, 0, 2, 178.13, 388359, 30
2697, 0, 0, 30, 30, 1, 50.85%, 0, 0, 2, 182.30, 389283, 30
2702, 0, 0, 30, 30, 1, 50.85%, 0, 0, 2, 173.94, 390204, 30
2707, 0, 0, 30, 30, 1, 50.85%, 0, 0, 2, 187.60, 391197, 30
2713, 0, 0, 30, 30, 1, 50.85%, 0, 0, 2, 174.61, 392070, 30
2718, 0, 0, 30, 30, 1, 50.85%, 0, 0, 2, 186.24, 393054, 30
2723, 0, 0, 30, 30, 1, 50.85%, 0, 0, 2, 184.46, 394020, 30
2728, 0, 0, 30, 30, 1, 50.85%, 0, 0, 2, 176.74, 394923, 30
2733, 0, 0, 30, 30, 1, 50.85%, 0, 0, 2, 179.75, 395826, 30
2738, 0, 0, 30, 30, 1, 50.85%, 0, 0, 2, 177.24, 396726, 30
2743, 0, 0, 30, 30, 1, 50.85%, 0, 0, 2, 171.79, 397608, 30
2748, 0, 0, 30, 30, 1, 50.85%, 0, 0, 2, 182.44, 398547, 30
2753, 0, 0, 30, 30, 1, 50.85%, 0, 0, 2, 182.28, 399474, 30
2758, 0, 0, 30, 30, 1, 50.85%, 0, 0, 2, 189.79, 400449, 30
2763, 0, 0, 30, 30, 1, 50.85%, 0, 0, 2, 174.51, 401328, 30
2768, 0, 0, 30, 30, 1, 50.85%, 0, 0, 2, 175.62, 402207, 30
2774, 0, 0, 30, 30, 1, 50.85%, 0, 0, 2, 173.68, 403101, 30
2779, 0, 0, 30, 30, 1, 50.85%, 0, 0, 2, 174.81, 404019, 30
2784, 0, 0, 30, 30, 1, 50.85%, 0, 0, 2, 172.90, 404898, 30
2789, 0, 0, 30, 30, 1, 50.85%, 0, 0, 2, 147.14, 405652, 30
2794, 0, 0, 30, 30, 1, 50.85%, 0, 0, 2, 126.05, 406282, 30
2799, 0, 0, 30, 30, 1, 50.85%, 0, 0, 2, 125.05, 406906, 30
2804, 0, 0, 30, 30, 1, 50.85%, 0, 0, 2, 158.12, 407697, 30
2809, 0, 0, 30, 30, 1, 50.85%, 0, 0, 2, 177.27, 408612, 30
2814, 0, 0, 30, 30, 1, 50.85%, 0, 0, 2, 181.13, 409512, 30
2819, 0, 0, 30, 30, 1, 50.85%, 0, 0, 2, 178.49, 410400, 30
2824, 0, 0, 30, 30, 1, 50.85%, 0, 0, 2, 180.76, 411315, 30
2829, 0, 0, 30, 30, 1, 50.85%, 0, 0, 2, 179.48, 412218, 30
2834, 0, 0, 30, 30, 1, 50.85%, 0, 0, 2, 177.69, 413109, 30
2839, 0, 0, 30, 30, 1, 50.85%, 0, 0, 2, 172.84, 413973, 30
2845, 0, 0, 30, 30, 1, 50.85%, 0, 0, 2, 175.62, 414888, 30
2850, 0, 0, 30, 30, 1, 50.85%, 0, 0, 2, 185.69, 415836, 30
2855, 0, 0, 30, 30, 1, 50.85%, 0, 0, 2, 184.98, 416760, 30
2860, 0, 0, 30, 30, 1, 50.85%, 0, 0, 2, 182.54, 417687, 30
2865, 0, 0, 30, 30, 1, 50.85%, 0, 0, 2, 137.07, 418366, 30
2870, 0, 0, 30, 30, 1, 50.85%, 0, 0, 2, 118.32, 418962, 30
2875, 0, 0, 30, 30, 1, 50.85%, 0, 0, 2, 156.11, 419748, 30
2880, 0, 0, 30, 30, 1, 50.85%, 0, 0, 2, 178.64, 420696, 30
2885, 0, 0, 30, 30, 1, 50.85%, 0, 0, 2, 176.59, 421587, 30
2891, 0, 0, 30, 30, 1, 50.85%, 0, 0, 2, 175.90, 422499, 30
2896, 0, 0, 30, 30, 1, 50.85%, 0, 0, 2, 174.98, 423351, 30
2901, 0, 0, 30, 30, 1, 50.85%, 0, 0, 2, 179.25, 424293, 30
2906, 0, 0, 30, 30, 1, 50.85%, 0, 0, 2, 178.78, 425184, 30
2911, 0, 0, 30, 30, 1, 50.85%, 0, 0, 2, 175.16, 426051, 30
2916, 0, 0, 30, 30, 1, 50.85%, 0, 0, 2, 170.90, 426927, 30
2921, 0, 0, 30, 30, 1, 50.85%, 0, 0, 2, 182.08, 427860, 30
2926, 0, 0, 30, 30, 1, 50.85%, 0, 0, 2, 168.64, 428706, 30
2931, 0, 0, 30, 30, 1, 50.85%, 0, 0, 2, 166.13, 429567, 30
2937, 0, 0, 30, 30, 1, 50.85%, 0, 0, 2, 171.91, 430452, 30
2942, 0, 0, 30, 30, 1, 50.85%, 0, 0, 2, 176.85, 431346, 30
2947, 0, 0, 30, 30, 1, 50.85%, 0, 0, 2, 172.52, 432207, 30
2952, 0, 0, 30, 30, 1, 50.85%, 0, 0, 2, 177.96, 433125, 30
2957, 0, 0, 30, 30, 1, 50.85%, 0, 0, 2, 173.16, 433989, 30
2962, 0, 0, 30, 30, 1, 50.85%, 0, 0, 2, 178.05, 434919, 30
2967, 0, 0, 30, 30, 1, 50.85%, 0, 0, 2, 181.62, 435843, 30
2972, 0, 0, 30, 30, 1, 50.85%, 0, 0, 2, 175.12, 436713, 30
2977, 0, 0, 30, 30, 1, 50.85%, 0, 0, 2, 177.16, 437604, 30
2982, 0, 0, 30, 30, 1, 50.85%, 0, 0, 2, 178.48, 438507, 30
2987, 0, 0, 30, 30, 1, 50.85%, 0, 0, 2, 171.75, 439398, 30
2992, 0, 0, 30, 30, 1, 50.85%, 0, 0, 2, 169.25, 440244, 30
2998, 0, 0, 30, 30, 1, 50.85%, 0, 0, 2, 171.74, 441120, 30
3003, 0, 0, 30, 30, 1, 50.85%, 0, 0, 2, 185.57, 442092, 30
3008, 0, 0, 30, 30, 1, 50.85%, 0, 0, 2, 181.56, 443046, 30
3013, 0, 0, 30, 30, 1, 50.85%, 0, 0, 2, 190.80, 444015, 30
3018, 0, 0, 30, 30, 1, 50.85%, 0, 0, 2, 186.57, 444981, 30
3023, 0, 0, 30, 30, 1, 50.85%, 0, 0, 2, 194.36, 446010, 30
3028, 0, 0, 30, 30, 1, 50.85%, 0, 0, 2, 186.02, 446946, 30
3033, 0, 0, 30, 30, 1, 50.85%, 0, 0, 2, 189.24, 447948, 30
3039, 0, 0, 30, 30, 1, 50.85%, 0, 0, 2, 177.88, 448821, 30
3044, 0, 0, 30, 30, 1, 50.85%, 0, 0, 2, 185.69, 449751, 30
3049, 0, 0, 30, 30, 1, 50.85%, 0, 0, 2, 185.28, 450681, 30
3054, 0, 0, 30, 30, 1, 50.85%, 0, 0, 2, 190.35, 451635, 30
3059, 0, 0, 30, 30, 1, 50.85%, 0, 0, 2, 181.74, 452571, 30
3064, 0, 0, 30, 30, 1, 50.85%, 0, 0, 2, 184.02, 453519, 30
3069, 0, 0, 30, 30, 1, 50.85%, 0, 0, 2, 184.04, 454464, 30
3074, 0, 0, 30, 30, 1, 50.85%, 0, 0, 2, 178.41, 455361, 30
3079, 0, 0, 30, 30, 1, 50.85%, 0, 0, 2, 178.17, 456255, 30
3084, 0, 0, 30, 30, 1, 50.85%, 0, 0, 2, 176.56, 457164, 30
3089, 0, 0, 30, 30, 1, 50.85%, 0, 0, 2, 180.13, 458088, 30
3095, 0, 0, 30, 30, 1, 50.85%, 0, 0, 2, 186.37, 459072, 30
3100, 0, 0, 30, 30, 1, 50.85%, 0, 0, 2, 176.68, 459942, 30
3105, 0, 0, 30, 30, 1, 50.85%, 0, 0, 2, 181.66, 460869, 30
3110, 0, 0, 30, 30, 1, 50.85%, 0, 0, 2, 179.27, 461787, 30
3115, 0, 0, 30, 30, 1, 50.85%, 0, 0, 2, 181.19, 462711, 30
3120, 0, 0, 30, 30, 1, 50.85%, 0, 0, 2, 180.93, 463620, 30
3125, 0, 0, 30, 30, 1, 50.85%, 0, 0, 2, 182.45, 464535, 30
3130, 0, 0, 30, 30, 1, 50.85%, 0, 0, 2, 184.42, 465453, 30
3135, 0, 0, 30, 30, 1, 50.85%, 0, 0, 2, 187.50, 466416, 30
3141, 0, 0, 30, 30, 1, 50.85%, 0, 0, 2, 183.12, 467364, 30
3146, 0, 0, 30, 30, 1, 50.85%, 0, 0, 2, 182.63, 468321, 30
3151, 0, 0, 30, 30, 1, 50.85%, 0, 0, 2, 186.04, 469251, 30
3156, 0, 0, 30, 30, 1, 50.85%, 0, 0, 2, 180.86, 470160, 30
3161, 0, 0, 30, 30, 1, 50.85%, 0, 0, 2, 183.72, 471129, 30
3166, 0, 0, 30, 30, 1, 50.85%, 0, 0, 2, 184.04, 472068, 30
3171, 0, 0, 30, 30, 1, 50.85%, 0, 0, 2, 192.62, 473028, 30
3176, 0, 0, 30, 30, 1, 50.85%, 0, 0, 2, 188.71, 473967, 30
3181, 0, 0, 30, 30, 1, 50.85%, 0, 0, 2, 183.66, 474873, 30
3187, 0, 0, 30, 30, 1, 50.85%, 0, 0, 2, 190.81, 475863, 30
3192, 0, 0, 30, 30, 1, 50.85%, 0, 0, 2, 181.94, 476814, 30
3197, 0, 0, 30, 30, 1, 50.85%, 0, 0, 2, 180.17, 477726, 30
3202, 0, 0, 30, 30, 1, 50.85%, 0, 0, 2, 180.95, 478665, 30
3207, 0, 0, 30, 30, 1, 50.85%, 0, 0, 2, 184.20, 479628, 30
3212, 0, 0, 30, 30, 1, 50.85%, 0, 0, 2, 188.83, 480612, 30
3217, 0, 0, 30, 30, 1, 50.85%, 0, 0, 2, 188.87, 481596, 30
3222, 0, 0, 30, 30, 1, 50.85%, 0, 0, 2, 188.79, 482538, 30
3228, 0, 0, 30, 30, 1, 50.85%, 0, 0, 2, 184.15, 483501, 30
3233, 0, 0, 30, 30, 1, 50.85%, 0, 0, 2, 183.47, 484425, 30
3238, 0, 0, 30, 30, 1, 50.85%, 0, 0, 2, 191.94, 485397, 30
3243, 0, 0, 30, 30, 1, 50.85%, 0, 0, 2, 183.04, 486309, 30
3248, 0, 0, 30, 30, 1, 50.85%, 0, 0, 2, 178.74, 487203, 30
3253, 0, 0, 30, 30, 1, 50.85%, 0, 0, 2, 179.32, 488139, 30
3258, 0, 0, 30, 30, 1, 50.85%, 0, 0, 2, 182.89, 489105, 30
3263, 0, 0, 30, 30, 1, 50.85%, 0, 0, 2, 185.11, 490026, 30
3268, 0, 0, 30, 30, 1, 50.85%, 0, 0, 2, 185.13, 490983, 30
3273, 0, 0, 30, 30, 1, 50.85%, 0, 0, 2, 179.26, 491880, 30
3278, 0, 0, 30, 30, 1, 50.85%, 0, 0, 2, 191.24, 492885, 30
3284, 0, 0, 30, 30, 1, 50.85%, 0, 0, 2, 125.02, 493510, 30
3289, 0, 0, 30, 30, 1, 50.85%, 0, 0, 2, 102.41, 494014, 30
3294, 0, 0, 30, 30, 1, 50.85%, 0, 0, 2, 99.20, 494522, 30
3299, 0, 0, 30, 30, 1, 50.85%, 0, 0, 2, 168.21, 495477, 30
3304, 0, 0, 30, 30, 1, 50.85%, 0, 0, 2, 188.61, 496470, 30
3309, 0, 0, 30, 30, 1, 50.85%, 0, 0, 2, 188.65, 497448, 30
3314, 0, 0, 30, 30, 1, 50.85%, 0, 0, 2, 190.28, 498411, 30
3320, 0, 0, 30, 30, 1, 50.85%, 0, 0, 2, 182.52, 499362, 30
3325, 0, 0, 30, 30, 1, 50.85%, 0, 0, 2, 189.21, 500334, 30
3330, 0, 0, 30, 30, 1, 50.85%, 0, 0, 2, 198.99, 501348, 30
3335, 0, 0, 30, 30, 1, 50.85%, 0, 0, 2, 189.88, 502260, 30
3340, 0, 0, 30, 30, 1, 50.85%, 0, 0, 2, 184.15, 503223, 30
3345, 0, 0, 30, 30, 1, 50.85%, 0, 0, 2, 184.29, 504201, 30
3350, 0, 0, 30, 30, 1, 50.85%, 0, 0, 2, 186.37, 505170, 30
3356, 0, 0, 30, 30, 1, 50.85%, 0, 0, 2, 195.20, 506205, 30
3361, 0, 0, 30, 30, 1, 50.85%, 0, 0, 2, 192.61, 507195, 30
3366, 0, 0, 30, 30, 1, 50.85%, 0, 0, 2, 185.84, 508131, 30
3371, 0, 0, 30, 30, 1, 50.85%, 0, 0, 2, 191.42, 509118, 30
3376, 0, 0, 30, 30, 1, 50.85%, 0, 0, 2, 188.18, 510099, 30
3381, 0, 0, 30, 30, 1, 50.85%, 0, 0, 2, 192.17, 511056, 30
3386, 0, 0, 30, 30, 1, 50.85%, 0, 0, 2, 196.76, 512070, 30
3391, 0, 0, 30, 30, 1, 50.85%, 0, 0, 2, 189.26, 513015, 30
3397, 0, 0, 30, 30, 1, 50.85%, 0, 0, 2, 180.31, 513951, 30
3402, 0, 0, 30, 30, 1, 50.85%, 0, 0, 2, 184.48, 514917, 30
3407, 0, 0, 30, 30, 1, 50.85%, 0, 0, 2, 190.48, 515886, 30
3412, 0, 0, 30, 30, 1, 50.85%, 0, 0, 2, 191.45, 516894, 30
3417, 0, 0, 30, 30, 1, 50.85%, 0, 0, 2, 186.74, 517842, 30
3422, 0, 0, 30, 30, 1, 50.85%, 0, 0, 2, 193.13, 518847, 30
3427, 0, 0, 30, 30, 1, 50.85%, 0, 0, 2, 188.12, 519822, 30
3433, 0, 0, 30, 30, 1, 50.85%, 0, 0, 2, 192.45, 520830, 30
3438, 0, 0, 30, 30, 1, 50.85%, 0, 0, 2, 183.75, 521739, 30
3443, 0, 0, 30, 30, 1, 50.85%, 0, 0, 2, 190.92, 522744, 30
3448, 0, 0, 30, 30, 1, 50.85%, 0, 0, 2, 188.66, 523707, 30
3453, 0, 0, 30, 30, 1, 50.85%, 0, 0, 2, 191.72, 524691, 30
3458, 0, 0, 30, 30, 1, 50.85%, 0, 0, 2, 194.17, 525702, 30
3463, 0, 0, 30, 30, 1, 50.85%, 0, 0, 2, 190.03, 526653, 30
3468, 0, 0, 30, 30, 1, 50.85%, 0, 0, 2, 185.80, 527616, 30
3474, 0, 0, 30, 30, 1, 50.85%, 0, 0, 2, 159.41, 528444, 30
3479, 0, 0, 30, 30, 1, 50.85%, 0, 0, 2, 144.38, 529148, 30
3484, 0, 0, 30, 30, 1, 50.85%, 0, 0, 2, 142.75, 529886, 30
3489, 0, 0, 30, 30, 1, 50.85%, 0, 0, 2, 167.45, 530772, 30
3494, 0, 0, 30, 30, 1, 50.85%, 0, 0, 2, 182.42, 531726, 30
3499, 0, 0, 30, 30, 1, 50.85%, 0, 0, 2, 180.40, 532644, 30
3504, 0, 0, 30, 30, 1, 50.85%, 0, 0, 2, 179.20, 533559, 30
3509, 0, 0, 30, 30, 1, 50.85%, 0, 0, 2, 185.23, 534507, 30
3515, 0, 0, 30, 30, 1, 50.85%, 0, 0, 2, 182.74, 535440, 30
3520, 0, 0, 30, 30, 1, 50.85%, 0, 0, 2, 182.70, 536394, 30
3525, 0, 0, 30, 30, 1, 50.85%, 0, 0, 2, 185.82, 537342, 30
3530, 0, 0, 30, 30, 1, 50.85%, 0, 0, 2, 192.69, 538341, 30
3535, 0, 0, 30, 30, 1, 50.85%, 0, 0, 2, 183.41, 539250, 30
3540, 0, 0, 30, 30, 1, 50.85%, 0, 0, 2, 179.03, 540186, 30
3545, 0, 0, 30, 30, 1, 50.85%, 0, 0, 2, 187.98, 541146, 30
3550, 0, 0, 30, 30, 1, 50.85%, 0, 0, 2, 181.34, 542073, 30
3556, 0, 0, 30, 30, 1, 50.85%, 0, 0, 2, 187.26, 543048, 30
3561, 0, 0, 30, 30, 1, 50.85%, 0, 0, 2, 191.14, 543999, 30
3566, 0, 0, 30, 30, 1, 50.85%, 0, 0, 2, 183.88, 544923, 30
3571, 0, 0, 30, 30, 1, 50.85%, 0, 0, 2, 186.78, 545886, 30
3576, 0, 0, 30, 30, 1, 50.85%, 0, 0, 2, 185.21, 546795, 30
3581, 0, 0, 30, 30, 1, 50.85%, 0, 0, 2, 185.89, 547770, 30
3586, 0, 0, 30, 30, 1, 50.85%, 0, 0, 2, 192.31, 548763, 30
3591, 0, 0, 30, 30, 1, 50.85%, 0, 0, 2, 179.66, 549672, 30
3597, 0, 0, 30, 30, 1, 50.85%, 0, 0, 2, 191.94, 550662, 30
3602, 0, 0, 30, 30, 1, 50.85%, 0, 0, 2, 187.48, 551622, 30
3607, 0, 0, 30, 30, 1, 50.85%, 0, 0, 2, 184.99, 552567, 30
3612, 0, 0, 30, 30, 1, 50.85%, 0, 0, 2, 177.95, 553494, 30
3617, 0, 0, 30, 30, 1, 50.85%, 0, 0, 2, 179.97, 554427, 30
3623, 0, 0, 30, 30, 1, 50.85%, 0, 0, 2, 185.55, 555402, 30
3628, 0, 0, 30, 30, 1, 50.85%, 0, 0, 2, 160.55, 556227, 30
3633, 0, 0, 30, 30, 1, 50.85%, 0, 0, 2, 141.28, 556916, 30
3638, 0, 0, 30, 30, 1, 50.85%, 0, 0, 2, 136.85, 557622, 30
3643, 0, 0, 30, 30, 1, 50.85%, 0, 0, 2, 173.87, 558549, 30
3648, 0, 0, 30, 30, 1, 50.85%, 0, 0, 2, 179.27, 559482, 30
3653, 0, 0, 30, 30, 1, 50.85%, 0, 0, 2, 182.31, 560430, 30
3658, 0, 0, 30, 30, 1, 50.85%, 0, 0, 2, 193.44, 561444, 30
3663, 0, 0, 30, 30, 1, 50.85%, 0, 0, 2, 188.66, 562386, 30
3669, 0, 0, 30, 30, 1, 50.85%, 0, 0, 2, 188.46, 563331, 30
3674, 0, 0, 30, 30, 1, 50.85%, 0, 0, 2, 186.14, 564252, 30
3679, 0, 0, 30, 30, 1, 50.85%, 0, 0, 2, 189.12, 565203, 30
3684, 0, 0, 30, 30, 1, 50.85%, 0, 0, 2, 188.96, 566181, 30
3689, 0, 0, 30, 30, 1, 50.85%, 0, 0, 2, 193.25, 567186, 30
3694, 0, 0, 30, 30, 1, 50.85%, 0, 0, 2, 196.19, 568164, 30
3699, 0, 0, 30, 30, 1, 50.85%, 0, 0, 2, 194.94, 569154, 30
3704, 0, 0, 30, 30, 1, 50.85%, 0, 0, 2, 189.50, 570135, 30
3709, 0, 0, 30, 30, 1, 50.85%, 0, 0, 2, 180.29, 571083, 30
3715, 0, 0, 30, 30, 1, 50.85%, 0, 0, 2, 188.75, 572055, 30
3720, 0, 0, 30, 30, 1, 50.85%, 0, 0, 2, 180.73, 572979, 30
3725, 0, 0, 30, 30, 1, 50.85%, 0, 0, 2, 185.36, 573912, 30
3730, 0, 0, 30, 30, 1, 50.85%, 0, 0, 2, 184.10, 574815, 30
3735, 0, 0, 30, 30, 1, 50.85%, 0, 0, 2, 191.01, 575814, 30
3740, 0, 0, 30, 30, 1, 50.85%, 0, 0, 2, 184.20, 576723, 30
3745, 0, 0, 30, 30, 1, 50.85%, 0, 0, 2, 189.53, 577659, 30
3750, 0, 0, 30, 30, 1, 50.85%, 0, 0, 2, 189.39, 578637, 30
3755, 0, 0, 30, 30, 1, 50.85%, 0, 0, 2, 186.12, 579570, 30
3760, 0, 0, 30, 30, 1, 50.85%, 0, 0, 2, 184.68, 580536, 30
3766, 0, 0, 30, 30, 1, 50.85%, 0, 0, 2, 194.81, 581538, 30
3771, 0, 0, 30, 30, 1, 50.85%, 0, 0, 2, 185.86, 582474, 30
3776, 0, 0, 30, 30, 1, 50.85%, 0, 0, 2, 183.38, 583377, 30
3781, 0, 0, 30, 30, 1, 50.85%, 0, 0, 2, 183.76, 584298, 30
3786, 0, 0, 30, 30, 1, 50.85%, 0, 0, 2, 178.11, 585213, 30
3791, 0, 0, 30, 30, 1, 50.85%, 0, 0, 2, 178.64, 586128, 30
3796, 0, 0, 30, 30, 1, 50.85%, 0, 0, 2, 189.61, 587088, 30
3801, 0, 0, 30, 30, 1, 50.85%, 0, 0, 2, 199.95, 588128, 30
3807, 0, 0, 30, 30, 1, 50.85%, 0, 0, 2, 183.64, 589077, 30
3812, 0, 0, 30, 30, 1, 50.85%, 0, 0, 2, 185.46, 590040, 30
3817, 0, 0, 30, 30, 1, 50.85%, 0, 0, 2, 179.44, 590901, 30
3822, 0, 0, 30, 30, 1, 50.85%, 0, 0, 2, 173.69, 591801, 30
3827, 0, 0, 30, 30, 1, 50.85%, 0, 0, 2, 184.67, 592761, 30
3832, 0, 0, 30, 30, 1, 50.85%, 0, 0, 2, 191.24, 593766, 30
3838, 0, 0, 30, 30, 1, 50.85%, 0, 0, 2, 185.33, 594738, 30
3843, 0, 0, 30, 30, 1, 50.85%, 0, 0, 2, 186.61, 595695, 30
3848, 0, 0, 30, 30, 1, 50.85%, 0, 0, 2, 169.36, 596529, 30
3853, 0, 0, 30, 30, 1, 50.85%, 0, 0, 2, 168.78, 597372, 30
3858, 0, 0, 30, 30, 1, 50.85%, 0, 0, 2, 178.83, 598311, 30
3863, 0, 0, 30, 30, 1, 50.85%, 0, 0, 2, 186.13, 599286, 30
3868, 0, 0, 30, 30, 1, 50.85%, 0, 0, 2, 184.15, 600249, 30
3873, 0, 0, 30, 30, 1, 50.85%, 0, 0, 2, 178.21, 601176, 30
3879, 0, 0, 30, 30, 1, 50.85%, 0, 0, 2, 186.43, 602115, 30
3884, 0, 0, 30, 30, 1, 50.85%, 0, 0, 2, 186.32, 603084, 30
3889, 0, 0, 30, 30, 1, 50.85%, 0, 0, 2, 182.35, 604032, 30
3894, 0, 0, 30, 30, 1, 50.85%, 0, 0, 2, 187.04, 604986, 30
3899, 0, 0, 30, 30, 1, 50.85%, 0, 0, 2, 184.39, 605934, 30
3904, 0, 0, 30, 30, 1, 50.85%, 0, 0, 2, 190.29, 606942, 30
3909, 0, 0, 30, 30, 1, 50.85%, 0, 0, 2, 194.83, 607956, 30
3914, 0, 0, 30, 30, 1, 50.85%, 0, 0, 2, 195.61, 608919, 30
3920, 0, 0, 30, 30, 1, 50.85%, 0, 0, 2, 194.63, 609927, 30
3925, 0, 0, 30, 30, 1, 50.85%, 0, 0, 2, 189.79, 610875, 30
3930, 0, 0, 30, 30, 1, 50.85%, 0, 0, 2, 192.53, 611877, 30
3935, 0, 0, 30, 30, 1, 50.85%, 0, 0, 2, 187.19, 612849, 30
3940, 0, 0, 30, 30, 1, 50.85%, 0, 0, 2, 191.20, 613836, 30
3945, 0, 0, 30, 30, 1, 50.85%, 0, 0, 2, 179.96, 614739, 30
3950, 0, 0, 30, 30, 1, 50.85%, 0, 0, 2, 175.77, 615603, 30
3955, 0, 0, 30, 30, 1, 50.85%, 0, 0, 2, 191.42, 616557, 30
3960, 0, 0, 30, 30, 1, 50.85%, 0, 0, 2, 182.50, 617466, 30
3966, 0, 0, 30, 30, 1, 50.85%, 0, 0, 2, 184.61, 618420, 30
3971, 0, 0, 30, 30, 1, 50.85%, 0, 0, 2, 193.75, 619422, 30
3976, 0, 0, 30, 30, 1, 50.85%, 0, 0, 2, 194.16, 620403, 30
3981, 0, 0, 30, 30, 1, 50.85%, 0, 0, 2, 190.42, 621387, 30
3986, 0, 0, 30, 30, 1, 50.85%, 0, 0, 2, 188.95, 622326, 30
3991, 0, 0, 30, 30, 1, 50.85%, 0, 0, 2, 189.12, 623298, 30
3996, 0, 0, 30, 30, 1, 50.85%, 0, 0, 2, 185.37, 624255, 30
4002, 0, 0, 30, 30, 1, 50.85%, 0, 0, 2, 187.67, 625233, 30
4007, 0, 0, 30, 30, 1, 50.85%, 0, 0, 2, 192.10, 626202, 30
4012, 0, 0, 30, 30, 1, 50.85%, 0, 0, 2, 185.66, 627156, 30
4017, 0, 0, 30, 30, 1, 50.85%, 0, 0, 2, 187.01, 628095, 30
4022, 0, 0, 30, 30, 1, 50.85%, 0, 0, 2, 184.90, 629049, 30
4027, 0, 0, 30, 30, 1, 50.85%, 0, 0, 2, 178.62, 629973, 30
4032, 0, 0, 30, 30, 1, 50.85%, 0, 0, 2, 183.68, 630915, 30
4037, 0, 0, 30, 30, 1, 50.85%, 0, 0, 2, 184.86, 631857, 30
4043, 0, 0, 30, 30, 1, 50.85%, 0, 0, 2, 187.92, 632838, 30
4048, 0, 0, 30, 30, 1, 50.85%, 0, 0, 2, 191.75, 633828, 30
4053, 0, 0, 30, 30, 1, 50.85%, 0, 0, 2, 175.81, 634701, 30
4058, 0, 0, 30, 30, 1, 50.85%, 0, 0, 2, 188.71, 635691, 30
4063, 0, 0, 30, 30, 1, 50.85%, 0, 0, 2, 182.48, 636627, 30
4068, 0, 0, 30, 30, 1, 50.85%, 0, 0, 2, 188.18, 637623, 30
4073, 0, 0, 30, 30, 1, 50.85%, 0, 0, 2, 176.99, 638505, 30
4078, 0, 0, 30, 30, 1, 50.85%, 0, 0, 2, 177.49, 639393, 30
4083, 0, 0, 30, 30, 1, 50.85%, 0, 0, 2, 183.67, 640320, 30
4088, 0, 0, 30, 30, 1, 50.85%, 0, 0, 2, 186.77, 641280, 30
4094, 0, 0, 30, 30, 1, 50.85%, 0, 0, 2, 189.82, 642282, 30
4099, 0, 0, 30, 30, 1, 50.85%, 0, 0, 2, 189.30, 643269, 30
4104, 0, 0, 30, 30, 1, 50.85%, 0, 0, 2, 184.33, 644199, 30
4109, 0, 0, 30, 30, 1, 50.85%, 0, 0, 2, 189.13, 645156, 30
4114, 0, 0, 30, 30, 1, 50.85%, 0, 0, 2, 183.98, 646053, 30
4119, 0, 0, 30, 30, 1, 50.85%, 0, 0, 2, 185.88, 647031, 30
4124, 0, 0, 30, 30, 1, 50.85%, 0, 0, 2, 187.07, 647985, 30
4129, 0, 0, 30, 30, 1, 50.85%, 0, 0, 2, 185.27, 648963, 30
4135, 0, 0, 30, 30, 1, 50.85%, 0, 0, 2, 190.87, 649959, 30
4140, 0, 0, 30, 30, 1, 50.85%, 0, 0, 2, 191.50, 650919, 30
4145, 0, 0, 30, 30, 1, 50.85%, 0, 0, 2, 186.25, 651870, 30
4150, 0, 0, 30, 30, 1, 50.85%, 0, 0, 2, 187.98, 652818, 30
4155, 0, 0, 30, 30, 1, 50.85%, 0, 0, 2, 189.52, 653808, 30
4160, 0, 0, 30, 30, 1, 50.85%, 0, 0, 2, 195.85, 654816, 30
4166, 0, 0, 30, 30, 1, 50.85%, 0, 0, 2, 194.74, 655794, 30
4171, 0, 0, 30, 30, 1, 50.85%, 0, 0, 2, 183.92, 656736, 30
4176, 0, 0, 30, 30, 1, 50.85%, 0, 0, 2, 183.76, 657699, 30
4181, 0, 0, 30, 30, 1, 50.85%, 0, 0, 2, 178.91, 658617, 30
4186, 0, 0, 30, 30, 1, 50.85%, 0, 0, 2, 182.02, 659568, 30
4191, 0, 0, 30, 30, 1, 50.85%, 0, 0, 2, 185.15, 660492, 30
4196, 0, 0, 30, 30, 1, 50.85%, 0, 0, 2, 187.63, 661464, 30
4201, 0, 0, 30, 30, 1, 50.85%, 0, 0, 2, 184.54, 662382, 30
4207, 0, 0, 30, 30, 1, 50.85%, 0, 0, 2, 190.72, 663360, 30
4212, 0, 0, 30, 30, 1, 50.85%, 0, 0, 2, 185.50, 664296, 30
4217, 0, 0, 30, 30, 1, 50.85%, 0, 0, 2, 190.45, 665295, 30
4222, 0, 0, 30, 30, 1, 50.85%, 0, 0, 2, 188.69, 666273, 30
4227, 0, 0, 30, 30, 1, 50.85%, 0, 0, 2, 184.71, 667197, 30
4232, 0, 0, 30, 30, 1, 50.85%, 0, 0, 2, 191.55, 668202, 30
4237, 0, 0, 30, 30, 1, 50.85%, 0, 0, 2, 191.21, 669159, 30
4242, 0, 0, 30, 30, 1, 50.85%, 0, 0, 2, 183.07, 670113, 30
4247, 0, 0, 30, 30, 1, 50.85%, 0, 0, 2, 186.67, 671037, 30
4253, 0, 0, 30, 30, 1, 50.85%, 0, 0, 2, 194.44, 672054, 30
4258, 0, 0, 30, 30, 1, 50.85%, 0, 0, 2, 184.92, 672981, 30
4263, 0, 0, 30, 30, 1, 50.85%, 0, 0, 2, 175.24, 673887, 30
4268, 0, 0, 30, 30, 1, 50.85%, 0, 0, 2, 176.52, 674790, 30
4273, 0, 0, 30, 30, 1, 50.85%, 0, 0, 2, 178.95, 675714, 30
4278, 0, 0, 30, 30, 1, 50.85%, 0, 0, 2, 183.57, 676671, 30
4283, 0, 0, 30, 30, 1, 50.85%, 0, 0, 2, 178.67, 677556, 30
4288, 0, 0, 30, 30, 1, 50.85%, 0, 0, 2, 171.27, 678402, 30
4294, 0, 0, 30, 30, 1, 50.85%, 0, 0, 2, 185.07, 679389, 30
4299, 0, 0, 30, 30, 1, 50.85%, 0, 0, 2, 187.54, 680367, 30
4304, 0, 0, 30, 30, 1, 50.85%, 0, 0, 2, 186.93, 681339, 30
4309, 0, 0, 30, 30, 1, 50.85%, 0, 0, 2, 190.24, 682329, 30
4314, 0, 0, 30, 30, 1, 50.85%, 0, 0, 2, 192.15, 683289, 30
4319, 0, 0, 30, 30, 1, 50.85%, 0, 0, 2, 188.06, 684258, 30
4324, 0, 0, 30, 30, 1, 50.85%, 0, 0, 2, 187.93, 685212, 30
4329, 0, 0, 30, 30, 1, 50.85%, 0, 0, 2, 188.59, 686139, 30
4335, 0, 0, 30, 30, 1, 50.85%, 0, 0, 2, 193.26, 687153, 30
4340, 0, 0, 30, 30, 1, 50.85%, 0, 0, 2, 192.41, 688095, 30
4345, 0, 0, 30, 30, 1, 50.85%, 0, 0, 2, 194.45, 689106, 30
4350, 0, 0, 30, 30, 1, 50.85%, 0, 0, 2, 178.24, 690000, 30
4355, 0, 0, 30, 30, 1, 50.85%, 0, 0, 2, 190.53, 690954, 30
4360, 0, 0, 30, 30, 1, 50.85%, 0, 0, 2, 189.96, 691920, 30
4365, 0, 0, 30, 30, 1, 50.85%, 0, 0, 2, 183.87, 692865, 30
4370, 0, 0, 30, 30, 1, 50.85%, 0, 0, 2, 180.80, 693810, 30
4375, 0, 0, 30, 30, 1, 50.85%, 0, 0, 2, 164.79, 694629, 30
4380, 0, 0, 30, 30, 1, 50.85%, 0, 0, 2, 178.10, 695526, 30
4386, 0, 0, 30, 30, 1, 50.85%, 0, 0, 2, 177.44, 696453, 30
4391, 0, 0, 30, 30, 1, 50.85%, 0, 0, 2, 178.91, 697350, 30
4396, 0, 0, 30, 30, 1, 50.85%, 0, 0, 2, 191.58, 698334, 30
4401, 0, 0, 30, 30, 1, 50.85%, 0, 0, 2, 194.54, 699348, 30
4406, 0, 0, 30, 30, 1, 50.85%, 0, 0, 2, 192.66, 700341, 30
4411, 0, 0, 30, 30, 1, 50.85%, 0, 0, 2, 188.68, 701271, 30
4416, 0, 0, 30, 30, 1, 50.85%, 0, 0, 2, 186.19, 702225, 30
4422, 0, 0, 30, 30, 1, 50.85%, 0, 0, 2, 192.07, 703221, 30
4427, 0, 0, 30, 30, 1, 50.85%, 0, 0, 2, 211.69, 704296, 30
4432, 0, 0, 30, 30, 1, 50.85%, 0, 0, 2, 220.37, 705452, 30
4437, 0, 0, 30, 30, 1, 50.85%, 0, 0, 2, 179.92, 706329, 30
4442, 0, 0, 30, 30, 1, 50.85%, 0, 0, 2, 169.88, 707175, 30
4447, 0, 0, 30, 30, 1, 50.85%, 0, 0, 2, 189.53, 708135, 30
4452, 0, 0, 30, 30, 1, 50.85%, 0, 0, 2, 216.65, 709264, 30
4457, 0, 0, 30, 30, 1, 50.85%, 0, 0, 2, 223.88, 710440, 30
4463, 0, 0, 30, 30, 1, 50.85%, 0, 0, 2, 220.41, 711560, 30
4468, 0, 0, 30, 30, 1, 50.85%, 0, 0, 2, 224.45, 712748, 30
4473, 0, 0, 30, 30, 1, 50.85%, 0, 0, 2, 221.21, 713836, 30
4478, 0, 0, 30, 30, 1, 50.85%, 0, 0, 2, 223.64, 714984, 30
4483, 0, 0, 30, 30, 1, 50.85%, 0, 0, 2, 223.51, 716124, 30
4488, 0, 0, 30, 30, 1, 50.85%, 0, 0, 2, 221.93, 717220, 30
4493, 0, 0, 30, 30, 1, 50.85%, 0, 0, 2, 220.74, 718324, 30
4498, 0, 0, 30, 30, 1, 50.85%, 0, 0, 2, 223.91, 719432, 30
4503, 0, 0, 30, 30, 1, 50.85%, 0, 0, 2, 225.54, 720596, 30
4508, 0, 0, 30, 30, 1, 50.85%, 0, 0, 2, 229.44, 721748, 30
4513, 0, 0, 30, 30, 1, 50.85%, 0, 0, 2, 206.22, 722784, 30
4518, 0, 0, 30, 30, 1, 50.85%, 0, 0, 2, 217.44, 723900, 30
4523, 0, 0, 30, 30, 1, 50.85%, 0, 0, 2, 225.21, 725040, 30
4529, 0, 0, 30, 30, 1, 50.85%, 0, 0, 2, 222.01, 726164, 30
4534, 0, 0, 30, 30, 1, 50.85%, 0, 0, 2, 224.25, 727292, 30
4539, 0, 0, 30, 30, 1, 50.85%, 0, 0, 2, 221.88, 728416, 30
4544, 0, 0, 30, 30, 1, 50.85%, 0, 0, 2, 223.61, 729528, 30
4549, 0, 0, 30, 30, 1, 50.85%, 0, 0, 2, 213.10, 730588, 30
4554, 0, 0, 30, 30, 1, 50.85%, 0, 0, 2, 213.93, 731664, 30
4559, 0, 0, 30, 30, 1, 50.85%, 0, 0, 2, 218.78, 732756, 30
4564, 0, 0, 30, 30, 1, 50.85%, 0, 0, 2, 217.36, 733852, 30
4569, 0, 0, 30, 30, 1, 50.85%, 0, 0, 2, 225.14, 735028, 30
4574, 0, 0, 30, 30, 1, 50.85%, 0, 0, 2, 230.46, 736188, 30
4579, 0, 0, 30, 30, 1, 50.85%, 0, 0, 2, 228.58, 737340, 30
4584, 0, 0, 30, 30, 1, 50.85%, 0, 0, 2, 227.61, 738512, 30
4589, 0, 0, 30, 30, 1, 50.85%, 0, 0, 2, 206.75, 739528, 30
4594, 0, 0, 30, 30, 1, 50.85%, 0, 0, 2, 203.72, 740528, 30
4599, 0, 0, 30, 30, 1, 50.85%, 0, 0, 2, 214.28, 741592, 30
4604, 0, 0, 30, 30, 1, 50.85%, 0, 0, 2, 226.77, 742728, 30
4609, 0, 0, 30, 30, 1, 50.85%, 0, 0, 2, 216.98, 743832, 30
4614, 0, 0, 30, 30, 1, 50.85%, 0, 0, 2, 215.71, 744916, 30
4619, 0, 0, 30, 30, 1, 50.85%, 0, 0, 2, 219.90, 746016, 30
4624, 0, 0, 30, 30, 1, 50.85%, 0, 0, 2, 225.05, 747140, 30
4630, 0, 0, 30, 30, 1, 50.85%, 0, 0, 2, 227.91, 748288, 30
4635, 0, 0, 30, 30, 1, 50.85%, 0, 0, 2, 228.80, 749424, 30
4640, 0, 0, 30, 30, 1, 50.85%, 0, 0, 2, 227.17, 750552, 30
4645, 0, 0, 30, 30, 1, 50.85%, 0, 0, 2, 214.71, 751644, 30
4650, 0, 0, 30, 30, 1, 50.85%, 0, 0, 2, 227.21, 752804, 30
4655, 0, 0, 30, 30, 1, 50.85%, 0, 0, 2, 235.57, 754032, 30
4660, 0, 0, 30, 30, 1, 50.85%, 0, 0, 2, 223.49, 755188, 30
4665, 0, 0, 30, 30, 1, 50.85%, 0, 0, 2, 223.12, 756292, 30
4670, 0, 0, 30, 30, 1, 50.85%, 0, 0, 2, 219.63, 757400, 30
4675, 0, 0, 30, 30, 1, 50.85%, 0, 0, 2, 217.83, 758508, 30
4680, 0, 0, 30, 30, 1, 50.85%, 0, 0, 2, 220.35, 759636, 30
4685, 0, 0, 30, 30, 1, 50.85%, 0, 0, 2, 226.03, 760772, 30
4690, 0, 0, 30, 30, 1, 50.85%, 0, 0, 2, 224.16, 761920, 30
4695, 0, 0, 30, 30, 1, 50.85%, 0, 0, 2, 224.91, 763028, 30
4700, 0, 0, 30, 30, 1, 50.85%, 0, 0, 2, 217.92, 764112, 30
4706, 0, 0, 30, 30, 1, 50.85%, 0, 0, 2, 224.18, 765264, 30
4711, 0, 0, 30, 30, 1, 50.85%, 0, 0, 2, 177.39, 766089, 30
4716, 0, 0, 30, 30, 1, 50.85%, 0, 0, 2, 186.46, 766983, 30
4721, 0, 0, 30, 30, 1, 50.85%, 0, 0, 2, 209.79, 768096, 30
4726, 0, 0, 30, 30, 1, 50.85%, 0, 0, 2, 224.93, 769236, 30
4731, 0, 0, 30, 30, 1, 50.85%, 0, 0, 2, 222.05, 770392, 30
4736, 0, 0, 30, 30, 1, 50.85%, 0, 0, 2, 212.17, 771456, 30
4741, 0, 0, 30, 30, 1, 50.85%, 0, 0, 2, 206.99, 772484, 30
4746, 0, 0, 30, 30, 1, 50.85%, 0, 0, 2, 220.88, 773596, 30
4751, 0, 0, 30, 30, 1, 50.85%, 0, 0, 2, 217.48, 774680, 30
4756, 0, 0, 30, 30, 1, 50.85%, 0, 0, 2, 219.83, 775800, 30
4761, 0, 0, 30, 30, 1, 50.85%, 0, 0, 2, 228.08, 776976, 30
4767, 0, 0, 30, 30, 1, 50.85%, 0, 0, 2, 227.63, 778160, 30
4772, 0, 0, 30, 30, 1, 50.85%, 0, 0, 2, 231.07, 779344, 30
4777, 0, 0, 30, 30, 1, 50.85%, 0, 0, 2, 221.76, 780480, 30
4782, 0, 0, 30, 30, 1, 50.85%, 0, 0, 2, 227.03, 781620, 30
4787, 0, 0, 30, 30, 1, 50.85%, 0, 0, 2, 222.40, 782724, 30
4792, 0, 0, 30, 30, 1, 50.85%, 0, 0, 2, 219.78, 783816, 30
4797, 0, 0, 30, 30, 1, 50.85%, 0, 0, 2, 222.52, 784932, 30
4802, 0, 0, 30, 30, 1, 50.85%, 0, 0, 2, 215.61, 786024, 30
4807, 0, 0, 30, 30, 1, 50.85%, 0, 0, 2, 215.43, 787124, 30
4812, 0, 0, 30, 30, 1, 50.85%, 0, 0, 2, 214.60, 788220, 30
4817, 0, 0, 30, 30, 1, 50.85%, 0, 0, 2, 179.89, 789135, 30
4823, 0, 0, 30, 30, 1, 50.85%, 0, 0, 2, 194.84, 790116, 30
4828, 0, 0, 30, 30, 1, 50.85%, 0, 0, 2, 218.10, 791252, 30
4833, 0, 0, 30, 30, 1, 50.85%, 0, 0, 2, 220.52, 792348, 30
4838, 0, 0, 30, 30, 1, 50.85%, 0, 0, 2, 220.59, 793504, 30
4843, 0, 0, 30, 30, 1, 50.85%, 0, 0, 2, 224.89, 794672, 30
4848, 0, 0, 30, 30, 1, 50.85%, 0, 0, 2, 218.56, 795744, 30
4853, 0, 0, 30, 30, 1, 50.85%, 0, 0, 2, 213.18, 796824, 30
4858, 0, 0, 30, 30, 1, 50.85%, 0, 0, 2, 221.86, 798004, 30
4863, 0, 0, 30, 30, 1, 50.85%, 0, 0, 2, 226.58, 799152, 30
4868, 0, 0, 30, 30, 1, 50.85%, 0, 0, 2, 222.09, 800264, 30
4873, 0, 0, 30, 30, 1, 50.85%, 0, 0, 2, 211.19, 801352, 30
4878, 0, 0, 30, 30, 1, 50.85%, 0, 0, 2, 220.75, 802484, 30
4884, 0, 0, 30, 30, 1, 50.85%, 0, 0, 2, 200.77, 803468, 30
4889, 0, 0, 30, 30, 1, 50.85%, 0, 0, 2, 193.26, 804432, 30
4894, 0, 0, 30, 30, 1, 50.85%, 0, 0, 2, 215.03, 805520, 30
4899, 0, 0, 30, 30, 1, 50.85%, 0, 0, 2, 217.52, 806608, 30
4904, 0, 0, 30, 30, 1, 50.85%, 0, 0, 2, 224.27, 807792, 30
4909, 0, 0, 30, 30, 1, 50.85%, 0, 0, 2, 211.06, 808852, 30
4914, 0, 0, 30, 30, 1, 50.85%, 0, 0, 2, 209.44, 809900, 30
4919, 0, 0, 30, 30, 1, 50.85%, 0, 0, 2, 218.24, 811004, 30
4924, 0, 0, 30, 30, 1, 50.85%, 0, 0, 2, 218.47, 812096, 30
4929, 0, 0, 30, 30, 1, 50.85%, 0, 0, 2, 215.74, 813212, 30
4934, 0, 0, 30, 30, 1, 50.85%, 0, 0, 2, 208.05, 814252, 30
4939, 0, 0, 30, 30, 1, 50.85%, 0, 0, 2, 215.32, 815348, 30
4944, 0, 0, 30, 30, 1, 50.85%, 0, 0, 2, 218.51, 816500, 30
4949, 0, 0, 30, 30, 1, 50.85%, 0, 0, 2, 149.98, 817248, 30
4955, 0, 0, 30, 30, 1, 50.85%, 0, 0, 2, 120.83, 817840, 30
4960, 0, 0, 30, 30, 1, 50.85%, 0, 0, 2, 114.67, 818406, 30
4965, 0, 0, 30, 30, 1, 50.85%, 0, 0, 2, 147.66, 819138, 30
4970, 0, 0, 30, 30, 1, 50.85%, 0, 0, 2, 207.12, 820252, 30
4975, 0, 0, 30, 30, 1, 50.85%, 0, 0, 2, 205.19, 821312, 30
4980, 0, 0, 30, 30, 1, 50.85%, 0, 0, 2, 209.48, 822360, 30
4985, 0, 0, 30, 30, 1, 50.85%, 0, 0, 2, 212.31, 823432, 30
4990, 0, 0, 30, 30, 1, 50.85%, 0, 0, 2, 222.78, 824592, 30
4995, 0, 0, 30, 30, 1, 50.85%, 0, 0, 2, 227.70, 825740, 30
5000, 0, 0, 30, 30, 1, 50.85%, 0, 0, 2, 225.35, 826864, 30
5005, 0, 0, 30, 30, 1, 50.85%, 0, 0, 2, 222.30, 828012, 30
5011, 0, 0, 30, 30, 1, 50.85%, 0, 0, 2, 212.94, 829116, 30
5016, 0, 0, 30, 30, 1, 50.85%, 0, 0, 2, 214.92, 830244, 30
5021, 0, 0, 30, 30, 1, 50.85%, 0, 0, 2, 219.86, 831360, 30
5026, 0, 0, 30, 30, 1, 50.85%, 0, 0, 2, 219.37, 832488, 30
5031, 0, 0, 30, 30, 1, 50.85%, 0, 0, 2, 222.59, 833592, 30
5036, 0, 0, 30, 30, 1, 50.85%, 0, 0, 2, 213.48, 834668, 30
5041, 0, 0, 30, 30, 1, 50.85%, 0, 0, 2, 210.25, 835724, 30
5046, 0, 0, 30, 30, 1, 50.85%, 0, 0, 2, 218.49, 836864, 30
5051, 0, 0, 35, 35, 1, 50.85%, 0, 0, 2, 222.06, 837990, 30
5056, 0, 23, 38, 35, 6, 50.85%, 0, 0, 3, 221.67, 839099, 30
5061, 0, 20, 43, 37, 5, 50.85%, 0, 0, 3, 213.64, 840172, 30
5067, 0, 19, 44, 34, 2, 50.85%, 0, 0, 3, 220.68, 841322, 30
5072, 0, 19, 48, 36, 0, 50.85%, 0, 0, 3, 195.32, 842286, 30
5077, 0, 20, 48, 36, 0, 50.85%, 0, 0, 3, 198.61, 843261, 30
5082, 0, 23, 51, 39, 0, 50.85%, 0, 0, 3, 221.58, 844442, 30
5087, 0, 19, 52, 40, 0, 50.85%, 0, 0, 4, 222.67, 845567, 30
5092, 0, 41, 52, 40, 0, 50.85%, 0, 0, 4, 210.59, 846636, 30
5097, 0, 43, 53, 41, 0, 50.85%, 0, 0, 4, 211.56, 847743, 30
5102, 0, 43, 54, 42, 0, 50.85%, 0, 0, 4, 219.01, 848867, 30
5108, 0, 43, 54, 41, 0, 50.85%, 0, 0, 4, 222.36, 850007, 30
5113, 0, 19, 54, 41, 0, 50.85%, 0, 0, 4, 216.01, 851080, 30
5118, 0, 40, 54, 41, 0, 50.85%, 0, 0, 4, 204.87, 852131, 30
5123, 0, 27, 55, 41, 0, 50.85%, 0, 0, 4, 215.15, 853258, 30
5128, 0, 20, 55, 40, 0, 50.85%, 0, 0, 4, 221.13, 854406, 30
5133, 0, 30, 55, 39, 0, 50.85%, 0, 0, 4, 222.94, 855563, 30
5138, 0, 23, 56, 40, 0, 50.85%, 0, 0, 4, 214.31, 856678, 30
5143, 0, 27, 56, 39, 0, 50.85%, 0, 0, 4, 221.88, 857840, 30
5149, 0, 45, 56, 38, 0, 50.85%, 0, 0, 4, 226.64, 859019, 30
5154, 0, 53, 56, 38, 0, 50.85%, 0, 0, 4, 223.40, 860145, 30
5159, 0, 53, 56, 38, 0, 50.85%, 0, 0, 4, 221.85, 861306, 30
5164, 0, 45, 56, 38, 0, 50.85%, 0, 0, 4, 208.19, 862412, 30
5169, 0, 45, 56, 38, 0, 50.85%, 0, 0, 4, 183.05, 863298, 30
5174, 0, 30, 57, 39, 0, 50.85%, 0, 0, 4, 203.13, 864336, 30
5179, 0, 53, 57, 39, 0, 50.85%, 0, 0, 4, 216.31, 865429, 30
5184, 0, 43, 57, 39, 0, 50.85%, 0, 0, 4, 220.88, 866538, 30
5189, 0, 23, 57, 38, 0, 50.85%, 0, 0, 4, 214.11, 867612, 30
5195, 0, 27, 58, 39, 0, 50.85%, 0, 0, 4, 217.00, 868754, 30
5200, 0, 57, 59, 39, 0, 50.85%, 0, 0, 4, 206.00, 869795, 30
5205, 0, 57, 59, 39, 0, 50.85%, 0, 0, 4, 194.08, 870747, 30
5210, 0, 58, 59, 38, 0, 50.85%, 0, 0, 4, 210.26, 871787, 30
5215, 0, 58, 59, 38, 0, 50.85%, 0, 0, 4, 211.20, 872864, 30
5220, 0, 50, 59, 38, 0, 50.85%, 0, 0, 4, 213.06, 873970, 30
5225, 0, 50, 59, 38, 0, 50.85%, 0, 0, 4, 218.52, 875110, 30
5230, 0, 43, 59, 38, 0, 50.85%, 0, 0, 4, 218.65, 876188, 30
5235, 0, 23, 59, 38, 0, 50.85%, 0, 0, 4, 215.25, 877296, 30
5240, 1, 43, 61, 40, 0, 50.85%, 0, 0, 4, 218.10, 878391, 30
5245, 1, 50, 61, 40, 0, 50.85%, 0, 0, 4, 211.86, 879453, 30
5251, 1, 43, 63, 42, 0, 50.85%, 0, 0, 4, 221.31, 880603, 30
5256, 1, 43, 63, 41, 0, 50.85%, 0, 0, 4, 213.94, 881650, 30
5261, 1, 58, 63, 40, 0, 50.85%, 0, 0, 4, 218.73, 882749, 30
5266, 1, 45, 65, 42, 0, 50.85%, 0, 0, 5, 216.10, 883832, 30
5271, 1, 54, 65, 42, 0, 50.85%, 0, 0, 5, 213.45, 884890, 30
5276, 1, 54, 65, 42, 0, 50.85%, 0, 0, 5, 218.85, 885998, 30
5281, 1, 54, 65, 42, 0, 50.85%, 0, 0, 5, 214.56, 887078, 30
5286, 1, 11, 65, 42, 0, 50.85%, 0, 0, 5, 224.93, 888250, 30
5291, 1, 61, 67, 43, 0, 50.85%, 0, 0, 5, 229.74, 889434, 30
5296, 1, 60, 68, 43, 0, 50.85%, 0, 0, 5, 221.05, 890578, 30
5301, 1, 54, 68, 42, 0, 50.85%, 0, 0, 5, 220.17, 891676, 30
5307, 1, 50, 69, 43, 0, 50.85%, 0, 0, 5, 224.74, 892826, 30
5312, 1, 58, 69, 43, 0, 50.85%, 0, 0, 5, 221.57, 893902, 30
5317, 1, 45, 69, 43, 0, 50.85%, 0, 0, 5, 226.41, 895057, 30
5322, 1, 61, 69, 43, 0, 50.85%, 0, 0, 5, 214.34, 896131, 30
5327, 1, 23, 69, 43, 0, 50.85%, 0, 0, 5, 216.72, 897219, 30
5332, 1, 54, 69, 43, 0, 50.85%, 0, 0, 5, 208.50, 898304, 30
5337, 1, 61, 69, 43, 0, 50.85%, 0, 0, 5, 219.16, 899462, 30
5342, 1, 50, 69, 43, 0, 50.85%, 0, 0, 5, 222.65, 900625, 30
5347, 1, 54, 69, 43, 0, 50.85%, 0, 0, 5, 214.62, 901685, 30
5353, 1, 61, 69, 43, 0, 50.85%, 0, 0, 5, 211.66, 902781, 30
5358, 1, 61, 69, 43, 0, 50.85%, 0, 0, 5, 227.54, 903985, 30
5363, 1, 61, 69, 43, 0, 50.85%, 0, 0, 5, 216.54, 905045, 30
5368, 1, 61, 69, 43, 0, 50.85%, 0, 0, 5, 213.29, 906169, 30
5373, 1, 58, 69, 43, 0, 50.85%, 0, 0, 5, 223.45, 907342, 30
5378, 1, 54, 70, 44, 0, 50.85%, 0, 0, 5, 218.21, 908411, 30
5383, 1, 54, 70, 44, 0, 50.85%, 0, 0, 5, 217.73, 909517, 30
5388, 1, 61, 70, 44, 0, 50.85%, 0, 0, 5, 217.46, 910610, 30
5393, 1, 45, 70, 44, 0, 50.85%, 0, 0, 5, 221.36, 911716, 30
5399, 1, 52, 70, 44, 0, 50.85%, 0, 0, 5, 213.05, 912819, 30
5404, 1, 23, 70, 43, 0, 50.85%, 0, 0, 5, 212.64, 913918, 30
5409, 1, 59, 70, 43, 0, 50.85%, 0, 0, 5, 221.50, 915037, 30
5414, 1, 52, 70, 42, 0, 50.85%, 0, 0, 5, 210.16, 916075, 30
5419, 1, 45, 70, 42, 0, 50.85%, 0, 0, 5, 218.13, 917182, 30
5424, 1, 52, 70, 42, 0, 50.85%, 0, 0, 5, 219.97, 918331, 30
5429, 1, 52, 70, 42, 0, 50.85%, 0, 0, 5, 221.04, 919441, 30
5434, 2, 58, 71, 43, 0, 50.85%, 0, 0, 5, 215.30, 920557, 30
5439, 2, 61, 73, 45, 0, 50.85%, 0, 0, 5, 220.67, 921666, 30
5444, 2, 58, 76, 48, 0, 50.85%, 0, 0, 5, 223.86, 922804, 30
5449, 2, 15, 78, 50, 0, 50.85%, 0, 0, 5, 221.30, 923909, 30
5455, 2, 58, 79, 50, 0, 50.85%, 0, 0, 5, 213.68, 924977, 30
5460, 2, 50, 79, 50, 0, 50.85%, 0, 0, 5, 199.72, 925965, 30
5465, 2, 52, 79, 49, 0, 50.85%, 0, 0, 5, 215.97, 927050, 30
5470, 2, 45, 79, 49, 0, 50.85%, 0, 0, 5, 216.98, 928132, 30
5475, 2, 58, 79, 49, 0, 50.85%, 0, 0, 5, 224.27, 929252, 30
5480, 2, 45, 81, 51, 0, 50.85%, 0, 0, 5, 220.27, 930354, 30
5485, 2, 50, 82, 52, 0, 50.85%, 0, 0, 5, 220.26, 931452, 30
5490, 2, 41, 83, 52, 0, 50.85%, 0, 0, 5, 216.38, 932579, 30
5495, 2, 58, 83, 52, 0, 50.85%, 0, 0, 5, 217.43, 933690, 30
5500, 2, 37, 83, 52, 0, 50.85%, 0, 0, 5, 220.02, 934842, 30
5505, 2, 82, 83, 52, 0, 50.85%, 0, 0, 5, 213.02, 935928, 30
5510, 2, 82, 86, 55, 0, 50.85%, 0, 0, 5, 217.57, 937017, 30
5516, 2, 82, 86, 55, 0, 50.85%, 0, 0, 5, 220.95, 938177, 30
5521, 2, 82, 86, 55, 0, 50.85%, 0, 0, 5, 221.48, 939287, 30
5526, 2, 58, 86, 54, 0, 50.85%, 0, 0, 5, 218.66, 940375, 30
5531, 2, 45, 86, 54, 0, 50.85%, 0, 0, 5, 225.15, 941558, 30
5536, 2, 58, 86, 54, 0, 50.85%, 0, 0, 5, 218.87, 942646, 30
5541, 2, 76, 86, 54, 0, 50.85%, 0, 0, 5, 222.35, 943786, 30
5546, 2, 76, 86, 54, 0, 50.85%, 0, 0, 5, 226.20, 944939, 30
5551, 2, 37, 86, 53, 0, 50.85%, 0, 0, 5, 253.68, 946270, 30
5557, 2, 37, 89, 56, 0, 50.85%, 0, 0, 5, 268.51, 947645, 30
5562, 2, 37, 89, 55, 0, 50.85%, 0, 0, 5, 268.96, 949028, 30
5567, 2, 61, 90, 56, 0, 50.85%, 0, 0, 5, 270.16, 950379, 30
5572, 2, 73, 90, 56, 0, 50.85%, 0, 0, 5, 260.98, 951733, 30
5577, 2, 41, 90, 55, 0, 50.85%, 0, 0, 5, 268.76, 953069, 30
5582, 2, 45, 90, 55, 0, 50.85%, 0, 0, 5, 264.86, 954425, 30
5587, 2, 91, 92, 57, 0, 50.85%, 0, 0, 5, 264.27, 955773, 30
5592, 2, 91, 93, 58, 0, 50.85%, 0, 0, 5, 246.53, 956985, 30
5597, 2, 91, 94, 59, 0, 50.85%, 0, 0, 5, 244.06, 958246, 30
5602, 2, 45, 95, 59, 0, 50.85%, 0, 0, 5, 246.04, 959530, 30
5608, 2, 52, 95, 59, 0, 50.85%, 0, 0, 5, 246.26, 960806, 30
5613, 2, 58, 95, 59, 0, 50.85%, 0, 0, 5, 258.38, 962166, 30
5618, 2, 45, 96, 60, 0, 50.85%, 0, 0, 5, 253.31, 963432, 30
5623, 2, 61, 96, 59, 0, 50.85%, 0, 0, 5, 253.42, 964748, 30
5628, 2, 92, 96, 59, 0, 50.85%, 0, 0, 5, 254.39, 966041, 30
5633, 2, 92, 96, 59, 0, 50.85%, 0, 0, 5, 253.02, 967371, 30
5638, 2, 35, 96, 58, 0, 50.85%, 0, 0, 5, 250.77, 968599, 30
5643, 2, 50, 96, 57, 0, 50.85%, 0, 0, 5, 254.08, 969903, 30
5648, 2, 45, 96, 57, 0, 50.85%, 0, 0, 5, 247.59, 971165, 30
5653, 2, 96, 97, 58, 0, 50.85%, 0, 0, 5, 255.75, 972447, 30
5658, 2, 96, 98, 59, 0, 50.85%, 0, 0, 5, 256.91, 973735, 30
5663, 2, 86, 98, 58, 0, 50.85%, 0, 0, 5, 248.44, 975015, 30
5668, 2, 41, 98, 57, 0, 50.85%, 0, 0, 5, 256.74, 976277, 30
5673, 2, 84, 98, 57, 0, 50.85%, 0, 0, 5, 256.95, 977594, 30
5678, 2, 84, 98, 57, 0, 50.85%, 0, 0, 5, 240.15, 978786, 30
5684, 2, 61, 98, 56, 0, 50.85%, 0, 0, 5, 251.65, 980093, 30
5689, 3, 58, 98, 56, 0, 50.85%, 0, 0, 5, 247.93, 981377, 30
5694, 3, 45, 98, 56, 0, 50.85%, 0, 0, 5, 255.55, 982665, 30
5699, 3, 45, 98, 56, 0, 50.85%, 0, 0, 5, 265.27, 984007, 30
5704, 3, 78, 98, 56, 0, 50.85%, 0, 0, 5, 263.48, 985322, 30
5709, 3, 41, 98, 55, 0, 50.85%, 0, 0, 5, 249.80, 986607, 30
5714, 3, 45, 98, 55, 0, 50.85%, 0, 0, 5, 251.65, 987898, 30
5719, 3, 85, 98, 55, 0, 50.85%, 0, 0, 5, 243.09, 989163, 30
5724, 3, 50, 98, 54, 0, 50.85%, 0, 0, 5, 254.27, 990503, 30
5730, 3, 45, 98, 54, 0, 50.85%, 0, 0, 5, 258.34, 991865, 30
5735, 3, 52, 98, 54, 0, 50.85%, 0, 0, 5, 274.15, 993281, 30
5740, 3, 41, 98, 54, 0, 50.85%, 0, 0, 5, 265.56, 994634, 30
5745, 3, 45, 98, 53, 0, 50.85%, 0, 0, 5, 257.65, 995938, 30
5750, 3, 83, 98, 53, 0, 50.85%, 0, 0, 5, 258.79, 997247, 30
5755, 3, 45, 98, 52, 0, 50.85%, 0, 0, 5, 256.40, 998551, 30
5760, 3, 52, 98, 51, 0, 50.85%, 0, 0, 5, 250.43, 999859, 30
5765, 3, 45, 98, 51, 0, 50.85%, 0, 0, 5, 267.38, 1001244, 30
5770, 3, 52, 98, 51, 0, 50.85%, 0, 0, 5, 268.22, 1002577, 30
5776, 3, 52, 98, 50, 0, 50.85%, 0, 0, 5, 263.73, 1003892, 30
5781, 3, 37, 98, 50, 0, 50.85%, 0, 0, 5, 259.56, 1005171, 30
5786, 3, 61, 98, 50, 0, 50.85%, 0, 0, 5, 254.48, 1006474, 30
5791, 3, 52, 98, 50, 0, 50.85%, 0, 0, 5, 262.03, 1007836, 30
5796, 3, 74, 98, 50, 0, 50.85%, 0, 0, 5, 257.18, 1009119, 30
5801, 3, 50, 98, 49, 0, 50.85%, 0, 0, 5, 257.73, 1010383, 30
5806, 3, 50, 98, 49, 0, 50.85%, 0, 0, 5, 258.12, 1011727, 30
5811, 3, 58, 98, 49, 0, 50.85%, 0, 0, 5, 262.25, 1013018, 30
5816, 3, 61, 98, 49, 0, 50.85%, 0, 0, 5, 262.01, 1014355, 30
5821, 3, 41, 98, 49, 0, 50.85%, 0, 0, 5, 269.28, 1015735, 30
5827, 3, 58, 98, 49, 0, 50.85%, 0, 0, 5, 267.10, 1017079, 30
5832, 3, 52, 98, 49, 0, 50.85%, 0, 0, 5, 261.53, 1018392, 30
5837, 3, 58, 98, 49, 0, 50.85%, 0, 0, 5, 262.76, 1019739, 30
5842, 3, 45, 98, 49, 0, 50.85%, 0, 0, 5, 254.56, 1021037, 30
5847, 3, 37, 98, 49, 0, 50.85%, 0, 0, 5, 250.64, 1022324, 30
5852, 3, 45, 98, 48, 0, 50.85%, 0, 0, 5, 258.91, 1023614, 30
5857, 3, 45, 98, 48, 0, 50.85%, 0, 0, 5, 259.58, 1024954, 30
5860, 3, 58, 98, 48, 0, 50.85%, 1, 0, 5, 0.00, 1025636, 30
