# relative_time, cycles_done, cur_item, corpus_count, pending_total, pending_favs, map_size, saved_crashes, saved_hangs, max_depth, execs_per_sec, total_execs, edges_found
62, 0, 1, 12, 10, 1, 26.56%, 0, 0, 3, 1.03, 2077, 17
92, 0, 1, 12, 10, 1, 26.56%, 0, 0, 3, 1.64, 2890, 17
97, 0, 1, 12, 10, 1, 26.56%, 0, 0, 3, 184.69, 3697, 17
121, 0, 1, 12, 10, 1, 26.56%, 0, 0, 3, 1.11, 4171, 17
126, 0, 1, 14, 12, 1, 26.56%, 0, 0, 3, 185.56, 5145, 17
151, 0, 1, 14, 12, 1, 26.56%, 0, 0, 3, 1.59, 5184, 17
156, 0, 1, 15, 13, 1, 26.56%, 0, 0, 3, 181.30, 6127, 17
177, 0, 1, 15, 13, 1, 26.56%, 0, 0, 3, 1.90, 6208, 17
182, 0, 1, 15, 13, 1, 26.56%, 0, 0, 3, 186.24, 7150, 17
203, 0, 1, 15, 13, 1, 26.56%, 0, 0, 3, 1.51, 7336, 17
208, 0, 1, 15, 13, 1, 26.56%, 0, 0, 3, 190.73, 8315, 17
230, 0, 1, 15, 13, 1, 26.56%, 0, 0, 3, 1.94, 8555, 17
236, 0, 1, 17, 15, 1, 32.81%, 0, 0, 3, 182.01, 9505, 21
259, 0, 1, 17, 15, 1, 32.81%, 0, 0, 3, 1.70, 9661, 21
264, 0, 0, 19, 13, 0, 32.81%, 0, 0, 4, 188.98, 10645, 21
286, 0, 0, 19, 13, 0, 32.81%, 0, 0, 4, 1.04, 11006, 21
291, 0, 0, 19, 13, 0, 32.81%, 0, 0, 4, 168.66, 11926, 21
303, 0, 0, 19, 13, 0, 32.81%, 0, 0, 4, 1.98, 12379, 21
320, 0, 0, 19, 13, 0, 32.81%, 0, 0, 4, 0.35, 12381, 21
325, 0, 16, 21, 15, 0, 34.38%, 0, 0, 4, 190.39, 13380, 22
351, 0, 16, 24, 18, 0, 35.94%, 0, 0, 4, 0.13, 13836, 23
356, 0, 16, 25, 19, 0, 35.94%, 0, 0, 4, 179.07, 14746, 23
382, 0, 16, 26, 20, 0, 35.94%, 0, 0, 4, 1.51, 15143, 23
387, 0, 16, 27, 21, 0, 37.50%, 0, 0, 4, 183.68, 16083, 24
400, 0, 16, 27, 21, 0, 37.50%, 0, 0, 4, 3.35, 16446, 24
407, 0, 16, 27, 21, 0, 37.50%, 0, 0, 4, 2.06, 16653, 24
419, 0, 16, 27, 21, 0, 37.50%, 0, 0, 4, 0.28, 16657, 24
425, 0, 16, 27, 21, 0, 37.50%, 0, 0, 4, 187.26, 17634, 24
445, 0, 16, 27, 21, 0, 37.50%, 0, 0, 4, 0.06, 17953, 24
450, 0, 16, 27, 21, 0, 37.50%, 0, 0, 4, 185.49, 18891, 24
471, 0, 16, 27, 21, 0, 37.50%, 0, 0, 4, 1.78, 19233, 24
476, 0, 16, 27, 21, 0, 37.50%, 0, 0, 4, 183.46, 20166, 24
488, 0, 16, 27, 21, 0, 37.50%, 0, 0, 4, 2.74, 20316, 24
505, 0, 16, 27, 21, 0, 37.50%, 0, 0, 4, 3.14, 21150, 24
510, 0, 16, 27, 21, 0, 37.50%, 0, 0, 4, 186.23, 22152, 24
526, 0, 16, 27, 21, 0, 37.50%, 0, 0, 4, 2.42, 22581, 24
531, 0, 16, 27, 21, 0, 37.50%, 0, 0, 4, 184.93, 23529, 24
548, 0, 16, 27, 21, 0, 37.50%, 0, 0, 4, 1.94, 24043, 24
553, 0, 28, 30, 23, 2, 39.06%, 0, 0, 5, 188.47, 25018, 25
562, 0, 28, 32, 25, 2, 39.06%, 0, 0, 5, 3.81, 25437, 25
576, 0, 28, 33, 26, 2, 40.62%, 0, 0, 5, 2.18, 26236, 26
581, 0, 28, 33, 26, 2, 40.62%, 0, 0, 5, 198.02, 27191, 26
589, 0, 28, 33, 26, 2, 40.62%, 0, 0, 5, 6.19, 27715, 26
601, 0, 0, 35, 26, 1, 40.62%, 0, 0, 5, 2.33, 28645, 26
606, 0, 0, 36, 26, 0, 40.62%, 0, 0, 5, 188.91, 29592, 26
613, 0, 0, 36, 26, 0, 40.62%, 0, 0, 5, 2.04, 30096, 26
618, 0, 0, 36, 26, 0, 40.62%, 0, 0, 5, 191.31, 31065, 26
629, 0, 0, 36, 26, 0, 40.62%, 0, 0, 5, 1.25, 31686, 26
634, 0, 15, 37, 27, 0, 40.62%, 0, 0, 5, 190.24, 32691, 26
649, 0, 30, 37, 27, 0, 40.62%, 0, 0, 5, 0.85, 33427, 26
654, 0, 20, 39, 28, 1, 40.62%, 0, 0, 6, 195.51, 34449, 26
660, 0, 0, 39, 27, 0, 40.62%, 0, 0, 6, 4.48, 35221, 26
665, 0, 0, 39, 27, 0, 40.62%, 0, 0, 6, 192.33, 36181, 26
673, 0, 0, 39, 27, 0, 40.62%, 0, 0, 6, 4.30, 36661, 26
678, 0, 0, 39, 27, 0, 40.62%, 0, 0, 6, 184.90, 37591, 26
683, 0, 0, 39, 27, 0, 40.62%, 0, 0, 6, 190.43, 38560, 26
688, 0, 0, 40, 28, 0, 42.19%, 0, 0, 6, 195.00, 39563, 27
694, 0, 0, 40, 28, 0, 42.19%, 0, 0, 6, 1.16, 40124, 27
699, 0, 0, 41, 29, 0, 42.19%, 0, 0, 6, 199.84, 41106, 27
704, 0, 32, 41, 28, 0, 42.19%, 0, 0, 6, 192.99, 41739, 27
709, 0, 32, 42, 29, 0, 42.19%, 0, 0, 6, 195.66, 42712, 27
714, 0, 0, 42, 29, 0, 42.19%, 0, 0, 6, 199.73, 43707, 27
719, 0, 15, 44, 31, 0, 42.19%, 0, 0, 6, 186.84, 44664, 27
724, 0, 0, 44, 31, 0, 42.19%, 0, 0, 6, 191.69, 45623, 27
733, 0, 0, 44, 31, 0, 42.19%, 0, 0, 6, 2.84, 46493, 27
739, 0, 0, 45, 32, 0, 42.19%, 0, 0, 6, 191.61, 47453, 27
744, 0, 0, 45, 32, 0, 42.19%, 0, 0, 6, 189.79, 48386, 27
749, 1, 20, 45, 32, 0, 42.19%, 0, 0, 6, 191.23, 49358, 27
754, 1, 30, 45, 32, 0, 42.19%, 0, 0, 6, 181.84, 50286, 27
760, 1, 30, 46, 33, 0, 42.19%, 0, 0, 6, 5.36, 50938, 27
765, 1, 28, 49, 36, 0, 42.19%, 0, 0, 6, 191.97, 51904, 27
770, 1, 20, 50, 37, 0, 42.19%, 0, 0, 6, 178.80, 52806, 27
775, 1, 0, 51, 38, 0, 42.19%, 0, 0, 6, 182.69, 53744, 27
780, 1, 30, 52, 39, 0, 42.19%, 0, 0, 6, 180.77, 54682, 27
787, 1, 0, 52, 39, 0, 42.19%, 0, 0, 6, 7.87, 55457, 27
792, 1, 0, 53, 40, 0, 42.19%, 0, 0, 6, 194.53, 56448, 27
797, 1, 0, 53, 40, 0, 42.19%, 0, 0, 6, 187.40, 57384, 27
802, 1, 0, 53, 40, 0, 42.19%, 0, 0, 6, 189.61, 58377, 27
807, 1, 52, 55, 42, 0, 42.19%, 0, 0, 6, 185.55, 59315, 27
814, 1, 52, 55, 42, 0, 42.19%, 0, 0, 6, 1.17, 59887, 27
820, 1, 40, 57, 43, 0, 42.19%, 0, 0, 6, 189.75, 60874, 27
825, 1, 40, 57, 43, 0, 42.19%, 0, 0, 6, 185.73, 61833, 27
830, 1, 0, 57, 43, 0, 42.19%, 0, 0, 6, 191.64, 62788, 27
835, 1, 0, 57, 43, 0, 42.19%, 0, 0, 6, 196.39, 63754, 27
840, 1, 0, 57, 43, 0, 42.19%, 0, 0, 6, 164.26, 64561, 27
845, 1, 0, 57, 43, 0, 42.19%, 0, 0, 6, 139.03, 65232, 27
850, 1, 0, 57, 43, 0, 42.19%, 0, 0, 6, 127.97, 65879, 27
855, 1, 40, 57, 43, 0, 42.19%, 0, 0, 6, 174.34, 66796, 27
860, 1, 0, 57, 43, 0, 42.19%, 0, 0, 6, 186.35, 67732, 27
865, 1, 0, 57, 43, 0, 42.19%, 0, 0, 6, 172.06, 68632, 27
870, 1, 0, 57, 43, 0, 42.19%, 0, 0, 6, 165.01, 69457, 27
875, 1, 0, 57, 43, 0, 42.19%, 0, 0, 6, 178.25, 70424, 27
881, 1, 40, 57, 43, 0, 42.19%, 0, 0, 6, 141.28, 71183, 27
886, 1, 0, 57, 43, 0, 42.19%, 0, 0, 6, 105.12, 71669, 27
891, 1, 0, 57, 43, 0, 42.19%, 0, 0, 6, 100.19, 72172, 27
896, 1, 0, 57, 43, 0, 42.19%, 0, 0, 6, 128.92, 72815, 27
901, 1, 0, 57, 43, 0, 42.19%, 0, 0, 6, 162.97, 73676, 27
906, 1, 30, 57, 43, 0, 42.19%, 0, 0, 6, 172.38, 74604, 27
911, 1, 0, 57, 43, 0, 42.19%, 0, 0, 6, 185.22, 75580, 27
916, 1, 0, 57, 43, 0, 42.19%, 0, 0, 6, 106.44, 75999, 27
921, 1, 32, 57, 43, 0, 42.19%, 0, 0, 6, 84.45, 76360, 27
926, 1, 20, 57, 43, 0, 42.19%, 0, 0, 6, 82.77, 76770, 27
932, 1, 20, 57, 43, 0, 42.19%, 0, 0, 6, 80.19, 77171, 27
937, 1, 20, 57, 43, 0, 42.19%, 0, 0, 6, 81.68, 77594, 27
942, 1, 42, 58, 44, 0, 42.19%, 0, 0, 6, 155.46, 78441, 27
947, 1, 0, 58, 43, 0, 42.19%, 0, 0, 6, 169.00, 79349, 27
952, 1, 0, 58, 42, 0, 42.19%, 0, 0, 6, 179.56, 80299, 27
957, 1, 30, 58, 41, 0, 42.19%, 0, 0, 6, 184.69, 81130, 27
962, 1, 40, 58, 41, 0, 42.19%, 0, 0, 6, 186.64, 82078, 27
967, 2, 0, 58, 41, 0, 42.19%, 0, 0, 6, 179.61, 82980, 27
972, 2, 0, 58, 41, 0, 42.19%, 0, 0, 6, 178.66, 83889, 27
977, 2, 30, 58, 41, 0, 42.19%, 0, 0, 6, 178.69, 84806, 27
982, 2, 0, 61, 44, 0, 42.19%, 0, 0, 6, 181.07, 85727, 27
987, 2, 30, 62, 45, 0, 42.19%, 0, 0, 6, 184.35, 86659, 27
993, 2, 28, 63, 46, 0, 42.19%, 0, 0, 6, 184.04, 87612, 27
998, 2, 0, 63, 46, 0, 42.19%, 0, 0, 6, 177.97, 88544, 27
1003, 2, 15, 63, 46, 0, 42.19%, 0, 0, 6, 178.99, 89474, 27
1008, 2, 0, 64, 47, 0, 42.19%, 0, 0, 6, 189.53, 90462, 27
1013, 2, 30, 64, 47, 0, 42.19%, 0, 0, 6, 181.70, 91392, 27
1018, 2, 0, 65, 48, 0, 42.19%, 0, 0, 6, 180.78, 92337, 27
1024, 2, 37, 65, 48, 0, 42.19%, 0, 0, 6, 185.44, 93297, 27
1029, 2, 32, 66, 48, 0, 42.19%, 0, 0, 7, 185.36, 94257, 27
1034, 2, 0, 66, 48, 0, 42.19%, 0, 0, 7, 191.58, 95206, 27
1039, 2, 0, 66, 48, 0, 42.19%, 0, 0, 7, 183.50, 96130, 27
1044, 2, 20, 66, 48, 0, 42.19%, 0, 0, 7, 188.78, 97107, 27
1049, 2, 32, 66, 48, 0, 42.19%, 0, 0, 7, 186.83, 98045, 27
1054, 2, 21, 67, 49, 0, 42.19%, 0, 0, 7, 183.21, 98956, 27
1059, 2, 21, 67, 49, 0, 42.19%, 0, 0, 7, 184.43, 99892, 27
1065, 2, 68, 69, 51, 1, 43.75%, 0, 0, 7, 186.03, 100829, 28
1070, 2, 68, 75, 56, 0, 43.75%, 0, 0, 7, 185.34, 101756, 28
1075, 2, 68, 76, 57, 0, 43.75%, 0, 0, 7, 189.58, 102741, 28
1080, 2, 68, 76, 57, 0, 43.75%, 0, 0, 7, 189.24, 103716, 28
1085, 2, 68, 76, 57, 0, 43.75%, 0, 0, 7, 191.58, 104661, 28
1090, 2, 68, 76, 57, 0, 43.75%, 0, 0, 7, 181.53, 105567, 28
1095, 2, 68, 76, 57, 0, 43.75%, 0, 0, 7, 173.14, 106437, 28
1100, 2, 68, 77, 58, 0, 43.75%, 0, 0, 7, 168.76, 107326, 28
1105, 2, 68, 77, 58, 0, 43.75%, 0, 0, 7, 173.94, 108190, 28
1110, 2, 68, 78, 59, 0, 43.75%, 0, 0, 7, 173.79, 109041, 28
1115, 2, 68, 78, 59, 0, 43.75%, 0, 0, 7, 171.05, 109894, 28
1120, 2, 68, 78, 59, 0, 43.75%, 0, 0, 7, 171.28, 110750, 28
1125, 2, 68, 79, 60, 0, 43.75%, 0, 0, 7, 161.32, 111567, 28
1131, 2, 68, 80, 61, 0, 43.75%, 0, 0, 7, 154.29, 112343, 28
1136, 2, 32, 80, 61, 0, 43.75%, 0, 0, 7, 183.33, 113306, 28
1141, 2, 0, 80, 61, 0, 43.75%, 0, 0, 7, 190.54, 114285, 28
1146, 2, 32, 80, 61, 0, 43.75%, 0, 0, 7, 189.27, 115226, 28
1151, 2, 20, 83, 64, 0, 43.75%, 0, 0, 7, 188.90, 116189, 28
1156, 2, 0, 83, 64, 0, 43.75%, 0, 0, 7, 194.82, 117195, 28
1161, 2, 0, 83, 64, 0, 43.75%, 0, 0, 7, 189.30, 118116, 28
1166, 2, 0, 83, 64, 0, 43.75%, 0, 0, 7, 187.51, 119021, 28
1172, 2, 0, 83, 64, 0, 43.75%, 0, 0, 7, 186.46, 119984, 28
1177, 2, 30, 83, 64, 0, 43.75%, 0, 0, 7, 175.81, 120862, 28
1182, 2, 0, 83, 64, 0, 43.75%, 0, 0, 7, 176.98, 121770, 28
1187, 2, 32, 83, 64, 0, 43.75%, 0, 0, 7, 174.04, 122625, 28
1192, 2, 0, 84, 65, 0, 43.75%, 0, 0, 7, 184.41, 123609, 28
1197, 2, 28, 84, 65, 0, 43.75%, 0, 0, 7, 182.25, 124536, 28
1202, 2, 0, 84, 65, 0, 43.75%, 0, 0, 7, 181.39, 125494, 28
1207, 2, 0, 84, 65, 0, 43.75%, 0, 0, 7, 180.59, 126427, 28
1212, 2, 68, 84, 65, 0, 43.75%, 0, 0, 7, 177.57, 127328, 28
1218, 2, 0, 84, 65, 0, 43.75%, 0, 0, 7, 182.27, 128288, 28
1223, 2, 15, 84, 65, 0, 43.75%, 0, 0, 7, 183.01, 129233, 28
1228, 2, 0, 84, 65, 0, 43.75%, 0, 0, 7, 183.34, 130158, 28
1233, 2, 0, 84, 65, 0, 43.75%, 0, 0, 7, 170.62, 130914, 28
1238, 2, 0, 84, 65, 0, 43.75%, 0, 0, 7, 182.62, 131892, 28
1243, 2, 20, 84, 65, 0, 43.75%, 0, 0, 7, 176.15, 132771, 28
1248, 2, 0, 84, 65, 0, 43.75%, 0, 0, 7, 184.53, 133738, 28
1253, 2, 0, 84, 65, 0, 43.75%, 0, 0, 7, 182.81, 134665, 28
1259, 2, 0, 84, 65, 0, 43.75%, 0, 0, 7, 185.16, 135604, 28
1264, 2, 0, 84, 64, 0, 43.75%, 0, 0, 7, 186.40, 136576, 28
1269, 3, 0, 84, 64, 0, 43.75%, 0, 0, 7, 182.45, 137497, 28
1274, 3, 21, 84, 63, 0, 43.75%, 0, 0, 7, 188.79, 138476, 28
1279, 3, 0, 84, 63, 0, 43.75%, 0, 0, 7, 191.65, 139467, 28
1284, 3, 83, 84, 63, 0, 43.75%, 0, 0, 7, 159.13, 140241, 28
1289, 3, 83, 84, 63, 0, 43.75%, 0, 0, 7, 170.45, 141096, 28
1294, 3, 0, 84, 62, 0, 43.75%, 0, 0, 7, 185.16, 142026, 28
1299, 3, 22, 85, 63, 0, 43.75%, 0, 0, 7, 194.91, 143000, 28
1304, 3, 28, 87, 64, 0, 43.75%, 0, 0, 7, 190.83, 143991, 28
1310, 3, 0, 87, 64, 0, 43.75%, 0, 0, 7, 192.21, 144952, 28
1315, 3, 0, 87, 64, 0, 43.75%, 0, 0, 7, 189.03, 145924, 28
1320, 3, 68, 87, 64, 0, 43.75%, 0, 0, 7, 190.08, 146899, 28
1325, 3, 0, 87, 64, 0, 43.75%, 0, 0, 7, 187.09, 147815, 28
1330, 3, 0, 87, 64, 0, 43.75%, 0, 0, 7, 183.40, 148715, 28
1335, 3, 0, 87, 64, 0, 43.75%, 0, 0, 7, 186.75, 149688, 28
1340, 3, 20, 87, 64, 0, 43.75%, 0, 0, 7, 192.52, 150682, 28
1345, 3, 0, 87, 64, 0, 43.75%, 0, 0, 7, 188.00, 151628, 28
1350, 3, 30, 87, 64, 0, 43.75%, 0, 0, 7, 187.62, 152559, 28
1356, 3, 0, 87, 64, 0, 43.75%, 0, 0, 7, 190.79, 153537, 28
1361, 3, 0, 87, 64, 0, 43.75%, 0, 0, 7, 189.64, 154497, 28
1366, 3, 0, 87, 64, 0, 43.75%, 0, 0, 7, 183.42, 155392, 28
1371, 3, 0, 87, 64, 0, 43.75%, 0, 0, 7, 185.74, 156343, 28
1376, 3, 0, 87, 64, 0, 43.75%, 0, 0, 7, 186.24, 157300, 28
1381, 3, 0, 87, 64, 0, 43.75%, 0, 0, 7, 188.19, 158239, 28
1386, 3, 21, 88, 65, 0, 43.75%, 0, 0, 7, 186.84, 159191, 28
1391, 3, 0, 89, 66, 0, 43.75%, 0, 0, 7, 185.10, 160098, 28
1397, 3, 0, 89, 66, 0, 43.75%, 0, 0, 7, 157.77, 160896, 28
1402, 3, 0, 89, 65, 0, 43.75%, 0, 0, 7, 162.45, 161719, 28
1407, 3, 68, 89, 65, 0, 43.75%, 0, 0, 7, 172.27, 162565, 28
1412, 3, 68, 89, 65, 0, 43.75%, 0, 0, 7, 183.44, 163515, 28
1417, 3, 0, 90, 65, 0, 43.75%, 0, 0, 7, 185.44, 164474, 28
1422, 3, 0, 90, 65, 0, 43.75%, 0, 0, 7, 186.56, 165452, 28
1427, 3, 0, 90, 65, 0, 43.75%, 0, 0, 7, 177.21, 166394, 28
1432, 3, 0, 90, 65, 0, 43.75%, 0, 0, 7, 166.51, 167231, 28
1438, 3, 0, 90, 65, 0, 43.75%, 0, 0, 7, 170.84, 168128, 28
1443, 3, 28, 90, 65, 0, 43.75%, 0, 0, 7, 171.80, 169020, 28
1448, 3, 0, 90, 65, 0, 43.75%, 0, 0, 7, 165.02, 169852, 28
1453, 3, 32, 90, 65, 0, 43.75%, 0, 0, 7, 173.49, 170755, 28
1458, 3, 20, 90, 65, 0, 43.75%, 0, 0, 7, 177.92, 171614, 28
1463, 3, 68, 90, 65, 0, 43.75%, 0, 0, 7, 177.03, 172550, 28
1468, 3, 0, 90, 65, 0, 43.75%, 0, 0, 7, 185.35, 173527, 28
1474, 3, 0, 90, 64, 0, 43.75%, 0, 0, 7, 178.73, 174452, 28
1479, 3, 0, 90, 64, 0, 43.75%, 0, 0, 7, 187.77, 175403, 28
1484, 3, 0, 90, 64, 0, 43.75%, 0, 0, 7, 186.61, 176367, 28
1489, 3, 9, 90, 64, 0, 43.75%, 0, 0, 7, 187.95, 177326, 28
1494, 3, 0, 90, 64, 0, 43.75%, 0, 0, 7, 184.54, 178244, 28
1499, 3, 80, 90, 64, 0, 43.75%, 0, 0, 7, 160.64, 179060, 28
1504, 3, 80, 90, 64, 0, 43.75%, 0, 0, 7, 161.89, 179867, 28
1509, 3, 0, 90, 63, 0, 43.75%, 0, 0, 7, 164.54, 180694, 28
1514, 3, 0, 90, 63, 0, 43.75%, 0, 0, 7, 179.92, 181597, 28
1519, 3, 0, 90, 63, 0, 43.75%, 0, 0, 7, 186.32, 182575, 28
1524, 3, 0, 90, 63, 0, 43.75%, 0, 0, 7, 175.41, 183469, 28
1529, 3, 0, 90, 63, 0, 43.75%, 0, 0, 7, 180.22, 184393, 28
1535, 4, 0, 90, 63, 0, 43.75%, 0, 0, 7, 186.23, 185362, 28
1540, 4, 28, 90, 63, 0, 43.75%, 0, 0, 7, 172.28, 186253, 28
1545, 4, 0, 90, 63, 0, 43.75%, 0, 0, 7, 178.65, 187188, 28
1550, 4, 0, 90, 63, 0, 43.75%, 0, 0, 7, 182.83, 188143, 28
1555, 4, 32, 90, 63, 0, 43.75%, 0, 0, 7, 188.02, 189100, 28
1560, 4, 30, 90, 63, 0, 43.75%, 0, 0, 7, 183.76, 190042, 28
1565, 4, 0, 91, 64, 0, 43.75%, 0, 0, 7, 183.68, 190950, 28
1570, 4, 68, 91, 64, 0, 43.75%, 0, 0, 7, 167.57, 191756, 28
1575, 4, 0, 91, 64, 0, 43.75%, 0, 0, 7, 183.35, 192694, 28
1581, 4, 0, 91, 63, 0, 43.75%, 0, 0, 7, 182.22, 193638, 28
1586, 4, 0, 91, 63, 0, 43.75%, 0, 0, 7, 183.39, 194559, 28
1591, 4, 0, 91, 63, 0, 43.75%, 0, 0, 7, 185.62, 195523, 28
1596, 4, 0, 91, 63, 0, 43.75%, 0, 0, 7, 187.08, 196453, 28
1601, 4, 0, 91, 63, 0, 43.75%, 0, 0, 7, 181.64, 197380, 28
1606, 4, 68, 91, 63, 0, 43.75%, 0, 0, 7, 178.71, 198315, 28
1611, 4, 0, 91, 63, 0, 43.75%, 0, 0, 7, 168.49, 199130, 28
1616, 4, 21, 91, 63, 0, 43.75%, 0, 0, 7, 180.47, 200083, 28
1621, 4, 0, 91, 63, 0, 43.75%, 0, 0, 7, 179.52, 200967, 28
1627, 4, 0, 91, 63, 0, 43.75%, 0, 0, 7, 183.26, 201891, 28
1632, 4, 28, 91, 63, 0, 43.75%, 0, 0, 7, 161.15, 202686, 28
1637, 4, 0, 91, 63, 0, 43.75%, 0, 0, 7, 158.11, 203461, 28
1642, 4, 0, 91, 63, 0, 43.75%, 0, 0, 7, 152.88, 204214, 28
1647, 4, 0, 91, 63, 0, 43.75%, 0, 0, 7, 171.66, 205076, 28
1652, 4, 20, 91, 63, 0, 43.75%, 0, 0, 7, 177.38, 205997, 28
1657, 4, 0, 91, 63, 0, 43.75%, 0, 0, 7, 181.70, 206907, 28
1662, 4, 88, 91, 63, 0, 43.75%, 0, 0, 7, 178.34, 207825, 28
1667, 4, 88, 91, 63, 0, 43.75%, 0, 0, 7, 162.99, 208664, 28
1672, 4, 32, 93, 64, 0, 43.75%, 0, 0, 7, 172.59, 209557, 28
1677, 4, 0, 93, 64, 0, 43.75%, 0, 0, 7, 180.84, 210477, 28
1682, 4, 0, 93, 64, 0, 43.75%, 0, 0, 7, 173.11, 211374, 28
1688, 4, 0, 93, 64, 0, 43.75%, 0, 0, 7, 182.67, 212328, 28
1693, 4, 20, 93, 64, 0, 43.75%, 0, 0, 7, 184.62, 213308, 28
1698, 4, 43, 93, 64, 0, 43.75%, 0, 0, 7, 178.29, 214248, 28
1703, 4, 0, 93, 63, 0, 43.75%, 0, 0, 7, 173.34, 215156, 28
1708, 4, 0, 93, 63, 0, 43.75%, 0, 0, 7, 180.92, 216080, 28
1713, 4, 0, 93, 63, 0, 43.75%, 0, 0, 7, 180.01, 217007, 28
1718, 4, 0, 93, 63, 0, 43.75%, 0, 0, 7, 181.95, 217910, 28
1724, 4, 20, 93, 63, 0, 43.75%, 0, 0, 7, 182.22, 218846, 28
1729, 4, 0, 93, 63, 0, 43.75%, 0, 0, 7, 186.33, 219783, 28
1734, 4, 20, 93, 63, 0, 43.75%, 0, 0, 7, 187.06, 220742, 28
1739, 4, 0, 93, 63, 0, 43.75%, 0, 0, 7, 183.63, 221650, 28
1744, 4, 0, 93, 62, 0, 43.75%, 0, 0, 7, 181.39, 222581, 28
1749, 4, 0, 93, 62, 0, 43.75%, 0, 0, 7, 179.04, 223490, 28
1754, 4, 0, 93, 62, 0, 43.75%, 0, 0, 7, 186.09, 224432, 28
1759, 4, 0, 93, 62, 0, 43.75%, 0, 0, 7, 185.64, 225404, 28
1764, 4, 0, 93, 62, 0, 43.75%, 0, 0, 7, 182.76, 226322, 28
1770, 4, 0, 93, 62, 0, 43.75%, 0, 0, 7, 175.34, 227208, 28
1775, 4, 0, 93, 62, 0, 43.75%, 0, 0, 7, 161.86, 228015, 28
1780, 4, 0, 93, 62, 0, 43.75%, 0, 0, 7, 180.58, 228948, 28
1785, 4, 68, 93, 62, 0, 43.75%, 0, 0, 7, 181.99, 229898, 28
1790, 4, 28, 93, 62, 0, 43.75%, 0, 0, 7, 175.40, 230761, 28
1795, 4, 0, 93, 62, 0, 43.75%, 0, 0, 7, 170.74, 231614, 28
1800, 4, 0, 93, 62, 0, 43.75%, 0, 0, 7, 180.10, 232538, 28
1805, 5, 0, 93, 62, 0, 43.75%, 0, 0, 7, 178.21, 233474, 28
1810, 5, 0, 93, 62, 0, 43.75%, 0, 0, 7, 187.27, 234452, 28
1815, 5, 38, 93, 62, 0, 43.75%, 0, 0, 7, 183.58, 235408, 28
1820, 5, 0, 93, 61, 0, 43.75%, 0, 0, 7, 170.88, 236244, 28
1826, 5, 0, 93, 61, 0, 43.75%, 0, 0, 7, 180.96, 237195, 28
1831, 5, 40, 93, 61, 0, 43.75%, 0, 0, 7, 151.59, 237959, 28
1836, 5, 0, 93, 61, 0, 43.75%, 0, 0, 7, 135.24, 238630, 28
1841, 5, 0, 93, 61, 0, 43.75%, 0, 0, 7, 141.88, 239343, 28
1846, 5, 41, 93, 61, 0, 43.75%, 0, 0, 7, 160.32, 240182, 28
1851, 5, 0, 93, 60, 0, 43.75%, 0, 0, 7, 158.33, 240979, 28
1856, 5, 32, 93, 60, 0, 43.75%, 0, 0, 7, 162.18, 241803, 28
1861, 5, 9, 93, 60, 0, 43.75%, 0, 0, 7, 179.56, 242765, 28
1866, 5, 0, 93, 60, 0, 43.75%, 0, 0, 7, 185.24, 243674, 28
1871, 5, 0, 93, 59, 0, 43.75%, 0, 0, 7, 179.82, 244560, 28
1876, 5, 0, 93, 59, 0, 43.75%, 0, 0, 7, 185.85, 245482, 28
1882, 5, 0, 93, 59, 0, 43.75%, 0, 0, 7, 175.01, 246391, 28
1887, 5, 0, 93, 59, 0, 43.75%, 0, 0, 7, 185.51, 247366, 28
1892, 5, 0, 93, 59, 0, 43.75%, 0, 0, 7, 176.56, 248278, 28
1897, 5, 0, 93, 59, 0, 43.75%, 0, 0, 7, 178.74, 249172, 28
1902, 5, 0, 93, 59, 0, 43.75%, 0, 0, 7, 180.40, 250060, 28
1907, 5, 0, 93, 59, 0, 43.75%, 0, 0, 7, 180.63, 250990, 28
1912, 5, 0, 94, 60, 0, 43.75%, 0, 0, 7, 185.16, 251959, 28
1917, 5, 0, 94, 60, 0, 43.75%, 0, 0, 7, 177.53, 252841, 28
1923, 5, 0, 94, 60, 0, 43.75%, 0, 0, 7, 183.27, 253796, 28
1928, 5, 0, 94, 60, 0, 43.75%, 0, 0, 7, 181.91, 254741, 28
1933, 5, 33, 94, 60, 0, 43.75%, 0, 0, 7, 177.00, 255652, 28
1938, 5, 91, 94, 60, 0, 43.75%, 0, 0, 7, 180.00, 256578, 28
1943, 5, 91, 94, 60, 0, 43.75%, 0, 0, 7, 172.85, 257441, 28
1948, 5, 0, 94, 59, 0, 43.75%, 0, 0, 7, 172.72, 258308, 28
1953, 5, 0, 94, 58, 0, 43.75%, 0, 0, 7, 173.11, 259189, 28
1958, 5, 21, 94, 58, 0, 43.75%, 0, 0, 7, 173.98, 260066, 28
1963, 5, 33, 94, 57, 0, 43.75%, 0, 0, 7, 178.08, 260994, 28
1968, 5, 0, 94, 57, 0, 43.75%, 0, 0, 7, 161.30, 261786, 28
1973, 5, 0, 94, 57, 0, 43.75%, 0, 0, 7, 162.99, 262614, 28
1978, 5, 0, 94, 57, 0, 43.75%, 0, 0, 7, 167.94, 263463, 28
1983, 5, 32, 94, 57, 0, 43.75%, 0, 0, 7, 139.76, 264201, 28
1988, 5, 21, 94, 57, 0, 43.75%, 0, 0, 7, 105.37, 264686, 28
1994, 5, 0, 94, 57, 0, 43.75%, 0, 0, 7, 96.85, 265181, 28
1999, 5, 32, 94, 57, 0, 43.75%, 0, 0, 7, 95.80, 265673, 28
2004, 5, 0, 94, 57, 0, 43.75%, 0, 0, 7, 144.84, 266400, 28
2009, 5, 0, 94, 57, 0, 43.75%, 0, 0, 7, 168.74, 267279, 28
2014, 5, 0, 94, 57, 0, 43.75%, 0, 0, 7, 168.29, 268143, 28
2019, 5, 0, 94, 57, 0, 43.75%, 0, 0, 7, 172.88, 269019, 28
2024, 5, 0, 94, 57, 0, 43.75%, 0, 0, 7, 178.10, 269925, 28
2029, 5, 0, 94, 57, 0, 43.75%, 0, 0, 7, 184.04, 270900, 28
2034, 5, 0, 94, 57, 0, 43.75%, 0, 0, 7, 171.32, 271764, 28
2040, 5, 32, 94, 57, 0, 43.75%, 0, 0, 7, 173.82, 272670, 28
2045, 5, 28, 94, 57, 0, 43.75%, 0, 0, 7, 173.68, 273559, 28
2050, 5, 0, 94, 56, 0, 43.75%, 0, 0, 7, 178.77, 274462, 28
2055, 5, 0, 94, 56, 0, 43.75%, 0, 0, 7, 151.04, 275209, 28
2060, 5, 0, 94, 56, 0, 43.75%, 0, 0, 7, 140.27, 275925, 28
2065, 5, 12, 94, 56, 0, 43.75%, 0, 0, 7, 177.64, 276876, 28
2070, 5, 0, 94, 56, 0, 43.75%, 0, 0, 7, 182.77, 277807, 28
2075, 5, 0, 94, 56, 0, 43.75%, 0, 0, 7, 185.28, 278752, 28
2080, 5, 28, 94, 56, 0, 43.75%, 0, 0, 7, 178.25, 279644, 28
2085, 6, 0, 94, 56, 0, 43.75%, 0, 0, 7, 181.09, 280580, 28
2090, 6, 0, 94, 56, 0, 43.75%, 0, 0, 7, 187.13, 281525, 28
2096, 6, 0, 94, 56, 0, 43.75%, 0, 0, 7, 179.28, 282395, 28
2101, 6, 12, 94, 56, 0, 43.75%, 0, 0, 7, 181.41, 283323, 28
2106, 6, 0, 94, 56, 0, 43.75%, 0, 0, 7, 184.11, 284240, 28
2111, 6, 20, 94, 56, 0, 43.75%, 0, 0, 7, 180.15, 285134, 28
2116, 6, 21, 94, 56, 0, 43.75%, 0, 0, 7, 172.57, 286018, 28
2121, 6, 0, 94, 56, 0, 43.75%, 0, 0, 7, 150.40, 286765, 28
2126, 6, 0, 94, 55, 0, 43.75%, 0, 0, 7, 138.31, 287478, 28
2131, 6, 32, 94, 55, 0, 43.75%, 0, 0, 7, 171.22, 288365, 28
2136, 6, 0, 94, 55, 0, 43.75%, 0, 0, 7, 179.94, 289277, 28
2142, 6, 0, 94, 55, 0, 43.75%, 0, 0, 7, 181.07, 290222, 28
2147, 6, 0, 94, 55, 0, 43.75%, 0, 0, 7, 184.15, 291182, 28
2152, 6, 0, 94, 55, 0, 43.75%, 0, 0, 7, 176.88, 292103, 28
2157, 6, 0, 94, 55, 0, 43.75%, 0, 0, 7, 178.36, 292991, 28
2162, 6, 38, 94, 55, 0, 43.75%, 0, 0, 7, 175.81, 293891, 28
2167, 6, 40, 94, 55, 0, 43.75%, 0, 0, 7, 183.37, 294858, 28
2172, 6, 0, 94, 55, 0, 43.75%, 0, 0, 7, 183.67, 295809, 28
2177, 6, 20, 94, 55, 0, 43.75%, 0, 0, 7, 176.89, 296715, 28
2183, 6, 0, 94, 55, 0, 43.75%, 0, 0, 7, 176.28, 297604, 28
2188, 6, 0, 94, 55, 0, 43.75%, 0, 0, 7, 178.34, 298510, 28
2193, 6, 0, 94, 55, 0, 43.75%, 0, 0, 7, 181.77, 299479, 28
2198, 6, 68, 94, 55, 0, 43.75%, 0, 0, 7, 181.67, 300397, 28
2203, 6, 27, 94, 55, 0, 43.75%, 0, 0, 7, 184.99, 301370, 28
2208, 6, 32, 94, 54, 0, 43.75%, 0, 0, 7, 178.16, 302254, 28
2213, 6, 0, 94, 54, 0, 43.75%, 0, 0, 7, 175.31, 303125, 28
2218, 6, 0, 94, 54, 0, 43.75%, 0, 0, 7, 179.12, 304058, 28
2223, 6, 0, 94, 54, 0, 43.75%, 0, 0, 7, 179.38, 304980, 28
2228, 6, 68, 94, 54, 0, 43.75%, 0, 0, 7, 183.13, 305938, 28
2234, 6, 0, 94, 54, 0, 43.75%, 0, 0, 7, 182.78, 306884, 28
2239, 6, 0, 94, 54, 0, 43.75%, 0, 0, 7, 181.74, 307814, 28
2244, 6, 32, 94, 54, 0, 43.75%, 0, 0, 7, 176.67, 308678, 28
2249, 6, 0, 94, 54, 0, 43.75%, 0, 0, 7, 177.22, 309565, 28
2254, 6, 40, 94, 53, 0, 43.75%, 0, 0, 7, 184.59, 310533, 28
2259, 6, 0, 94, 53, 0, 43.75%, 0, 0, 7, 184.22, 311461, 28
2264, 6, 0, 94, 53, 0, 43.75%, 0, 0, 7, 160.43, 312241, 28
2269, 6, 68, 94, 53, 0, 43.75%, 0, 0, 7, 156.00, 313027, 28
2274, 6, 0, 94, 53, 0, 43.75%, 0, 0, 7, 174.16, 313898, 28
2279, 6, 0, 94, 53, 0, 43.75%, 0, 0, 7, 173.27, 314756, 28
2284, 6, 40, 94, 53, 0, 43.75%, 0, 0, 7, 179.50, 315668, 28
2289, 6, 0, 94, 53, 0, 43.75%, 0, 0, 7, 173.83, 316545, 28
2295, 6, 0, 94, 53, 0, 43.75%, 0, 0, 7, 177.50, 317466, 28
2300, 6, 0, 94, 53, 0, 43.75%, 0, 0, 7, 181.65, 318390, 28
2305, 6, 0, 94, 53, 0, 43.75%, 0, 0, 7, 185.33, 319359, 28
2310, 6, 20, 94, 53, 0, 43.75%, 0, 0, 7, 181.11, 320276, 28
2315, 6, 0, 94, 53, 0, 43.75%, 0, 0, 7, 179.20, 321197, 28
2320, 6, 33, 94, 53, 0, 43.75%, 0, 0, 7, 176.97, 322079, 28
2325, 6, 0, 94, 53, 0, 43.75%, 0, 0, 7, 179.86, 322992, 28
2330, 6, 0, 94, 53, 0, 43.75%, 0, 0, 7, 172.30, 323883, 28
2336, 6, 0, 94, 53, 0, 43.75%, 0, 0, 7, 177.95, 324817, 28
2341, 6, 0, 94, 53, 0, 43.75%, 0, 0, 7, 177.93, 325705, 28
2346, 7, 0, 94, 53, 0, 43.75%, 0, 0, 7, 178.00, 326641, 28
2351, 7, 0, 94, 53, 0, 43.75%, 0, 0, 7, 179.21, 327535, 28
2356, 7, 0, 94, 53, 0, 43.75%, 0, 0, 7, 181.93, 328466, 28
2361, 7, 0, 94, 53, 0, 43.75%, 0, 0, 7, 183.78, 329415, 28
2366, 7, 21, 95, 54, 0, 45.31%, 0, 0, 7, 179.32, 330309, 29
2371, 7, 0, 95, 53, 0, 45.31%, 0, 0, 7, 178.65, 331182, 29
2376, 7, 0, 96, 54, 0, 45.31%, 0, 0, 7, 175.58, 332072, 29
2381, 7, 94, 96, 54, 0, 45.31%, 0, 0, 7, 177.75, 332972, 29
2387, 7, 94, 97, 55, 0, 45.31%, 0, 0, 7, 179.05, 333906, 29
2392, 7, 94, 98, 56, 0, 45.31%, 0, 0, 7, 181.88, 334837, 29
2397, 7, 94, 98, 56, 0, 45.31%, 0, 0, 7, 184.41, 335779, 29
2402, 7, 94, 98, 56, 0, 45.31%, 0, 0, 7, 176.04, 336685, 29
2407, 7, 94, 98, 56, 0, 45.31%, 0, 0, 7, 164.40, 337528, 29
2412, 7, 94, 98, 56, 0, 45.31%, 0, 0, 7, 172.68, 338461, 29
2417, 7, 94, 98, 56, 0, 45.31%, 0, 0, 7, 179.70, 339370, 29
2423, 7, 94, 98, 56, 0, 45.31%, 0, 0, 7, 180.42, 340309, 29
2428, 7, 94, 98, 56, 0, 45.31%, 0, 0, 7, 171.62, 341167, 29
2433, 7, 94, 98, 56, 0, 45.31%, 0, 0, 7, 170.73, 342020, 29
2438, 7, 94, 98, 56, 0, 45.31%, 0, 0, 7, 169.23, 342879, 29
2443, 7, 0, 98, 56, 0, 45.31%, 0, 0, 7, 177.75, 343816, 29
2448, 7, 0, 98, 56, 0, 45.31%, 0, 0, 7, 174.62, 344710, 29
2453, 7, 0, 99, 57, 0, 45.31%, 0, 0, 7, 172.59, 345599, 29
2458, 7, 0, 99, 57, 0, 45.31%, 0, 0, 7, 171.17, 346451, 29
2463, 7, 0, 99, 57, 0, 45.31%, 0, 0, 7, 167.67, 347303, 29
2468, 7, 0, 99, 57, 0, 45.31%, 0, 0, 7, 167.28, 348164, 29
2473, 7, 0, 99, 57, 0, 45.31%, 0, 0, 7, 176.17, 349058, 29
2478, 7, 0, 99, 57, 0, 45.31%, 0, 0, 7, 181.30, 349973, 29
2484, 7, 33, 99, 57, 0, 45.31%, 0, 0, 7, 182.22, 350928, 29
2489, 7, 0, 99, 57, 0, 45.31%, 0, 0, 7, 182.51, 351867, 29
2494, 7, 0, 99, 57, 0, 45.31%, 0, 0, 7, 183.64, 352824, 29
2499, 7, 0, 99, 57, 0, 45.31%, 0, 0, 7, 173.53, 353715, 29
2504, 7, 0, 99, 57, 0, 45.31%, 0, 0, 7, 180.76, 354639, 29
2510, 7, 0, 99, 57, 0, 45.31%, 0, 0, 7, 181.12, 355587, 29
2515, 7, 0, 99, 57, 0, 45.31%, 0, 0, 7, 180.71, 356490, 29
2520, 7, 20, 99, 57, 0, 45.31%, 0, 0, 7, 178.48, 357422, 29
2525, 7, 28, 99, 57, 0, 45.31%, 0, 0, 7, 159.45, 358207, 29
2530, 7, 0, 99, 57, 0, 45.31%, 0, 0, 7, 167.32, 359021, 29
2535, 7, 0, 99, 57, 0, 45.31%, 0, 0, 7, 179.34, 359978, 29
2540, 7, 0, 99, 57, 0, 45.31%, 0, 0, 7, 174.47, 360887, 29
2545, 7, 0, 99, 57, 0, 45.31%, 0, 0, 7, 186.33, 361859, 29
2550, 7, 0, 99, 57, 0, 45.31%, 0, 0, 7, 175.08, 362729, 29
2555, 7, 40, 99, 57, 0, 45.31%, 0, 0, 7, 181.05, 363650, 29
2561, 7, 0, 99, 57, 0, 45.31%, 0, 0, 7, 184.67, 364607, 29
2566, 7, 0, 99, 57, 0, 45.31%, 0, 0, 7, 187.95, 365579, 29
2571, 7, 0, 99, 57, 0, 45.31%, 0, 0, 7, 185.21, 366500, 29
2576, 7, 0, 99, 57, 0, 45.31%, 0, 0, 7, 181.15, 367400, 29
2581, 7, 0, 99, 57, 0, 45.31%, 0, 0, 7, 183.09, 368312, 29
2586, 7, 0, 99, 57, 0, 45.31%, 0, 0, 7, 179.27, 369215, 29
2591, 7, 0, 99, 57, 0, 45.31%, 0, 0, 7, 175.23, 370076, 29
2596, 7, 0, 99, 57, 0, 45.31%, 0, 0, 7, 176.03, 370973, 29
2601, 7, 0, 99, 57, 0, 45.31%, 0, 0, 7, 180.51, 371906, 29
2606, 7, 0, 99, 57, 0, 45.31%, 0, 0, 7, 179.16, 372806, 29
2611, 7, 0, 99, 57, 0, 45.31%, 0, 0, 7, 179.91, 373706, 29
2616, 7, 62, 99, 57, 0, 45.31%, 0, 0, 7, 178.53, 374603, 29
2621, 7, 0, 99, 56, 0, 45.31%, 0, 0, 7, 176.15, 375484, 29
2626, 7, 21, 99, 56, 0, 45.31%, 0, 0, 7, 181.47, 376408, 29
2631, 7, 0, 99, 56, 0, 45.31%, 0, 0, 7, 180.17, 377333, 29
2636, 7, 33, 99, 55, 0, 45.31%, 0, 0, 7, 179.82, 378237, 29
2642, 7, 94, 99, 55, 0, 45.31%, 0, 0, 7, 175.24, 379113, 29
2647, 7, 0, 99, 55, 0, 45.31%, 0, 0, 7, 184.69, 380057, 29
2652, 7, 0, 99, 55, 0, 45.31%, 0, 0, 7, 190.34, 381029, 29
2657, 7, 0, 99, 55, 0, 45.31%, 0, 0, 7, 174.27, 381920, 29
2662, 7, 0, 99, 55, 0, 45.31%, 0, 0, 7, 165.34, 382745, 29
2667, 7, 0, 99, 55, 0, 45.31%, 0, 0, 7, 163.60, 383597, 29
2672, 7, 0, 99, 55, 0, 45.31%, 0, 0, 7, 150.77, 384407, 29
2678, 7, 28, 99, 55, 0, 45.31%, 0, 0, 7, 174.41, 385350, 29
2683, 8, 20, 99, 55, 0, 45.31%, 0, 0, 7, 169.16, 386188, 29
2688, 8, 0, 99, 55, 0, 45.31%, 0, 0, 7, 174.25, 387113, 29
2693, 8, 0, 99, 55, 0, 45.31%, 0, 0, 7, 183.41, 388083, 29
2698, 8, 0, 99, 55, 0, 45.31%, 0, 0, 7, 182.45, 388992, 29
2703, 8, 0, 99, 55, 0, 45.31%, 0, 0, 7, 179.63, 389928, 29
2708, 8, 0, 99, 55, 0, 45.31%, 0, 0, 7, 180.03, 390855, 29
2713, 8, 0, 99, 55, 0, 45.31%, 0, 0, 7, 179.36, 391786, 29
2719, 8, 0, 99, 55, 0, 45.31%, 0, 0, 7, 189.03, 392737, 29
2724, 8, 0, 99, 55, 0, 45.31%, 0, 0, 7, 183.63, 393655, 29
2729, 8, 87, 99, 55, 0, 45.31%, 0, 0, 7, 176.46, 394582, 29
2734, 8, 0, 99, 54, 0, 45.31%, 0, 0, 7, 181.73, 395490, 29
2739, 8, 0, 99, 54, 0, 45.31%, 0, 0, 7, 181.08, 396423, 29
2744, 8, 0, 99, 54, 0, 45.31%, 0, 0, 7, 178.96, 397320, 29
2749, 8, 0, 99, 54, 0, 45.31%, 0, 0, 7, 182.69, 398247, 29
2754, 8, 0, 99, 54, 0, 45.31%, 0, 0, 7, 184.78, 399204, 29
2759, 8, 33, 99, 54, 0, 45.31%, 0, 0, 7, 187.31, 400167, 29
2764, 8, 0, 99, 54, 0, 45.31%, 0, 0, 7, 177.74, 401056, 29
2769, 8, 68, 99, 54, 0, 45.31%, 0, 0, 7, 169.42, 401884, 29
2775, 8, 0, 99, 54, 0, 45.31%, 0, 0, 7, 173.59, 402803, 29
2780, 8, 0, 99, 54, 0, 45.31%, 0, 0, 7, 175.17, 403715, 29
2785, 8, 0, 99, 54, 0, 45.31%, 0, 0, 7, 174.74, 404594, 29
2790, 8, 92, 99, 54, 0, 45.31%, 0, 0, 7, 139.03, 405285, 29
2795, 8, 92, 99, 54, 0, 45.31%, 0, 0, 7, 122.84, 405883, 29
2800, 8, 92, 100, 55, 0, 45.31%, 0, 0, 7, 118.99, 406481, 29
2805, 8, 0, 100, 54, 0, 45.31%, 0, 0, 7, 166.81, 407342, 29
2810, 8, 51, 100, 54, 0, 45.31%, 0, 0, 7, 176.74, 408265, 29
2815, 8, 28, 100, 53, 0, 45.31%, 0, 0, 7, 177.52, 409193, 29
2821, 8, 0, 100, 53, 0, 45.31%, 0, 0, 7, 177.59, 410121, 29
2826, 8, 0, 100, 53, 0, 45.31%, 0, 0, 7, 184.26, 411081, 29
2831, 8, 68, 100, 53, 0, 45.31%, 0, 0, 7, 177.99, 411964, 29
2836, 8, 0, 100, 53, 0, 45.31%, 0, 0, 7, 173.03, 412843, 29
2841, 8, 0, 100, 53, 0, 45.31%, 0, 0, 7, 173.11, 413738, 29
2846, 8, 33, 100, 53, 0, 45.31%, 0, 0, 7, 180.42, 414649, 29
2851, 8, 94, 100, 53, 0, 45.31%, 0, 0, 7, 188.16, 415623, 29
2856, 8, 0, 100, 53, 0, 45.31%, 0, 0, 7, 181.15, 416542, 29
2861, 8, 0, 100, 53, 0, 45.31%, 0, 0, 7, 176.65, 417430, 29
2866, 8, 0, 100, 53, 0, 45.31%, 0, 0, 7, 128.48, 418002, 29
2871, 8, 0, 100, 53, 0, 45.31%, 0, 0, 7, 114.89, 418555, 29
2877, 8, 0, 100, 53, 0, 45.31%, 0, 0, 7, 169.68, 419455, 29
2882, 8, 0, 100, 53, 0, 45.31%, 0, 0, 7, 179.64, 420355, 29
2887, 8, 0, 100, 53, 0, 45.31%, 0, 0, 7, 177.99, 421243, 29
2892, 8, 0, 100, 53, 0, 45.31%, 0, 0, 7, 172.67, 422110, 29
2897, 8, 0, 100, 53, 0, 45.31%, 0, 0, 7, 181.44, 423010, 29
2902, 8, 0, 100, 53, 0, 45.31%, 0, 0, 7, 182.79, 423910, 29
2907, 8, 0, 100, 53, 0, 45.31%, 0, 0, 7, 175.94, 424784, 29
2912, 8, 15, 100, 53, 0, 45.31%, 0, 0, 7, 176.33, 425669, 29
2917, 8, 0, 100, 53, 0, 45.31%, 0, 0, 7, 172.80, 426524, 29
2922, 8, 0, 100, 53, 0, 45.31%, 0, 0, 7, 181.27, 427466, 29
2927, 8, 94, 100, 53, 0, 45.31%, 0, 0, 7, 166.30, 428288, 29
2932, 8, 0, 100, 53, 0, 45.31%, 0, 0, 7, 167.82, 429157, 29
2937, 8, 0, 100, 53, 0, 45.31%, 0, 0, 7, 171.42, 430021, 29
2942, 8, 33, 100, 53, 0, 45.31%, 0, 0, 7, 172.25, 430903, 29
2948, 8, 0, 100, 53, 0, 45.31%, 0, 0, 7, 176.91, 431825, 29
2953, 8, 0, 100, 53, 0, 45.31%, 0, 0, 7, 175.04, 432701, 29
2958, 8, 0, 100, 53, 0, 45.31%, 0, 0, 7, 172.47, 433556, 29
2963, 8, 0, 100, 53, 0, 45.31%, 0, 0, 7, 175.98, 434456, 29
2968, 8, 0, 100, 53, 0, 45.31%, 0, 0, 7, 184.32, 435431, 29
2973, 8, 40, 100, 53, 0, 45.31%, 0, 0, 7, 177.65, 436296, 29
2978, 9, 0, 100, 53, 0, 45.31%, 0, 0, 7, 176.60, 437178, 29
2983, 9, 94, 100, 53, 0, 45.31%, 0, 0, 7, 178.22, 438116, 29
2988, 9, 0, 100, 53, 0, 45.31%, 0, 0, 7, 173.75, 438979, 29
2993, 9, 40, 100, 53, 0, 45.31%, 0, 0, 7, 167.31, 439847, 29
2999, 9, 0, 100, 53, 0, 45.31%, 0, 0, 7, 175.46, 440753, 29
3004, 9, 0, 100, 53, 0, 45.31%, 0, 0, 7, 189.00, 441740, 29
3009, 9, 0, 100, 53, 0, 45.31%, 0, 0, 7, 182.43, 442652, 29
3014, 9, 0, 100, 53, 0, 45.31%, 0, 0, 7, 191.26, 443630, 29
3019, 9, 0, 100, 53, 0, 45.31%, 0, 0, 7, 187.94, 444593, 29
3024, 9, 0, 100, 53, 0, 45.31%, 0, 0, 7, 194.79, 445619, 29
3029, 9, 0, 100, 53, 0, 45.31%, 0, 0, 7, 189.99, 446564, 29
3034, 9, 0, 100, 53, 0, 45.31%, 0, 0, 7, 185.33, 447509, 29
3039, 9, 0, 100, 53, 0, 45.31%, 0, 0, 7, 179.23, 448427, 29
3045, 9, 0, 100, 53, 0, 45.31%, 0, 0, 7, 184.93, 449387, 29
3050, 9, 0, 100, 53, 0, 45.31%, 0, 0, 7, 188.99, 450329, 29
3055, 9, 0, 100, 53, 0, 45.31%, 0, 0, 7, 191.68, 451281, 29
3060, 9, 12, 100, 53, 0, 45.31%, 0, 0, 7, 181.12, 452199, 29
3065, 9, 0, 100, 53, 0, 45.31%, 0, 0, 7, 181.93, 453141, 29
3070, 9, 12, 100, 53, 0, 45.31%, 0, 0, 7, 183.41, 454060, 29
3075, 9, 21, 100, 53, 0, 45.31%, 0, 0, 7, 178.57, 454953, 29
3080, 9, 20, 100, 53, 0, 45.31%, 0, 0, 7, 182.22, 455860, 29
3085, 9, 0, 100, 53, 0, 45.31%, 0, 0, 7, 179.55, 456785, 29
3090, 9, 0, 100, 53, 0, 45.31%, 0, 0, 7, 183.16, 457706, 29
3096, 9, 21, 100, 53, 0, 45.31%, 0, 0, 7, 185.92, 458678, 29
3101, 9, 0, 100, 53, 0, 45.31%, 0, 0, 7, 174.81, 459525, 29
3106, 9, 0, 100, 53, 0, 45.31%, 0, 0, 7, 182.33, 460431, 29
3111, 9, 0, 100, 53, 0, 45.31%, 0, 0, 7, 181.56, 461316, 29
3116, 9, 0, 100, 53, 0, 45.31%, 0, 0, 7, 182.22, 462240, 29
3121, 9, 0, 100, 53, 0, 45.31%, 0, 0, 7, 180.31, 463170, 29
3126, 9, 0, 100, 53, 0, 45.31%, 0, 0, 7, 184.83, 464094, 29
3131, 9, 12, 100, 53, 0, 45.31%, 0, 0, 7, 183.30, 464995, 29
3136, 9, 0, 100, 53, 0, 45.31%, 0, 0, 7, 186.42, 465951, 29
3141, 9, 68, 100, 53, 0, 45.31%, 0, 0, 7, 184.78, 466899, 29
3146, 9, 0, 100, 53, 0, 45.31%, 0, 0, 7, 183.71, 467818, 29
3151, 9, 0, 100, 53, 0, 45.31%, 0, 0, 7, 179.99, 468724, 29
3156, 9, 0, 100, 53, 0, 45.31%, 0, 0, 7, 182.62, 469625, 29
3162, 9, 0, 100, 53, 0, 45.31%, 0, 0, 7, 180.78, 470582, 29
3167, 9, 15, 100, 53, 0, 45.31%, 0, 0, 7, 184.55, 471542, 29
3172, 9, 0, 100, 53, 0, 45.31%, 0, 0, 7, 191.71, 472541, 29
3177, 9, 0, 100, 53, 0, 45.31%, 0, 0, 7, 185.30, 473472, 29
3182, 9, 0, 100, 53, 0, 45.31%, 0, 0, 7, 183.14, 474417, 29
3187, 9, 0, 100, 53, 0, 45.31%, 0, 0, 7, 188.63, 475413, 29
3193, 9, 32, 100, 53, 0, 45.31%, 0, 0, 7, 178.76, 476325, 29
3198, 9, 21, 100, 53, 0, 45.31%, 0, 0, 7, 178.91, 477248, 29
3203, 9, 0, 100, 53, 0, 45.31%, 0, 0, 7, 184.14, 478169, 29
3208, 9, 0, 100, 53, 0, 45.31%, 0, 0, 7, 183.48, 479120, 29
3213, 9, 0, 100, 53, 0, 45.31%, 0, 0, 7, 190.78, 480119, 29
3218, 9, 32, 100, 53, 0, 45.31%, 0, 0, 7, 188.27, 481091, 29
3223, 9, 0, 100, 53, 0, 45.31%, 0, 0, 7, 189.80, 482073, 29
3228, 9, 94, 101, 54, 0, 45.31%, 0, 0, 7, 181.65, 482982, 29
3234, 9, 0, 101, 54, 0, 45.31%, 0, 0, 7, 182.15, 483940, 29
3239, 9, 0, 101, 54, 0, 45.31%, 0, 0, 7, 190.80, 484954, 29
3244, 10, 94, 101, 54, 0, 45.31%, 0, 0, 7, 178.35, 485839, 29
3249, 10, 0, 101, 54, 0, 45.31%, 0, 0, 7, 179.61, 486752, 29
3254, 10, 0, 101, 54, 0, 45.31%, 0, 0, 7, 184.54, 487703, 29
3259, 10, 0, 101, 54, 0, 45.31%, 0, 0, 7, 184.27, 488624, 29
3264, 10, 0, 101, 54, 0, 45.31%, 0, 0, 7, 189.84, 489589, 29
3269, 10, 0, 101, 54, 0, 45.31%, 0, 0, 7, 182.74, 490544, 29
3274, 10, 0, 101, 54, 0, 45.31%, 0, 0, 7, 182.36, 491459, 29
3279, 10, 0, 101, 54, 0, 45.31%, 0, 0, 7, 191.69, 492467, 29
3285, 10, 94, 101, 54, 0, 45.31%, 0, 0, 7, 117.75, 492963, 29
3290, 10, 94, 101, 54, 0, 45.31%, 0, 0, 7, 102.30, 493451, 29
3295, 10, 33, 101, 54, 0, 45.31%, 0, 0, 7, 110.40, 493988, 29
3300, 10, 68, 101, 54, 0, 45.31%, 0, 0, 7, 175.12, 494972, 29
3305, 10, 0, 101, 54, 0, 45.31%, 0, 0, 7, 189.76, 495957, 29
3310, 10, 0, 101, 54, 0, 45.31%, 0, 0, 7, 190.52, 496911, 29
3315, 10, 21, 101, 54, 0, 45.31%, 0, 0, 7, 186.52, 497853, 29
3320, 10, 32, 101, 54, 0, 45.31%, 0, 0, 7, 176.89, 498754, 29
3325, 10, 0, 101, 54, 0, 45.31%, 0, 0, 7, 190.68, 499757, 29
3330, 10, 0, 101, 54, 0, 45.31%, 0, 0, 7, 195.32, 500789, 29
3336, 10, 0, 101, 54, 0, 45.31%, 0, 0, 7, 190.44, 501743, 29
3341, 10, 0, 101, 54, 0, 45.31%, 0, 0, 7, 188.60, 502685, 29
3346, 10, 0, 101, 54, 0, 45.31%, 0, 0, 7, 184.21, 503645, 29
3351, 10, 0, 101, 54, 0, 45.31%, 0, 0, 7, 190.10, 504620, 29
3356, 10, 0, 101, 54, 0, 45.31%, 0, 0, 7, 193.04, 505631, 29
3361, 10, 20, 101, 54, 0, 45.31%, 0, 0, 7, 186.07, 506604, 29
3366, 10, 0, 101, 54, 0, 45.31%, 0, 0, 7, 188.05, 507567, 29
3372, 10, 0, 101, 54, 0, 45.31%, 0, 0, 7, 192.45, 508554, 29
3377, 10, 32, 101, 54, 0, 45.31%, 0, 0, 7, 190.32, 509538, 29
3382, 10, 0, 101, 54, 0, 45.31%, 0, 0, 7, 189.44, 510517, 29
3387, 10, 0, 101, 54, 0, 45.31%, 0, 0, 7, 192.74, 511537, 29
3392, 10, 32, 101, 54, 0, 45.31%, 0, 0, 7, 186.57, 512485, 29
3397, 10, 0, 101, 54, 0, 45.31%, 0, 0, 7, 181.95, 513428, 29
3403, 10, 0, 101, 54, 0, 45.31%, 0, 0, 7, 187.24, 514391, 29
3408, 10, 0, 101, 54, 0, 45.31%, 0, 0, 7, 188.69, 515345, 29
3413, 10, 20, 101, 54, 0, 45.31%, 0, 0, 7, 190.83, 516337, 29
3418, 10, 33, 101, 54, 0, 45.31%, 0, 0, 7, 183.23, 517294, 29
3423, 10, 19, 101, 54, 0, 45.31%, 0, 0, 7, 191.53, 518282, 29
3428, 10, 0, 101, 53, 0, 45.31%, 0, 0, 7, 188.47, 519267, 29
3433, 10, 0, 101, 53, 0, 45.31%, 0, 0, 7, 193.41, 520281, 29
3438, 10, 0, 101, 53, 0, 45.31%, 0, 0, 7, 189.28, 521205, 29
3444, 10, 68, 101, 53, 0, 45.31%, 0, 0, 7, 191.52, 522198, 29
3449, 10, 0, 101, 53, 0, 45.31%, 0, 0, 7, 189.12, 523159, 29
3454, 10, 0, 101, 53, 0, 45.31%, 0, 0, 7, 192.47, 524107, 29
3459, 10, 0, 101, 53, 0, 45.31%, 0, 0, 7, 195.19, 525082, 29
3464, 10, 68, 101, 53, 0, 45.31%, 0, 0, 7, 185.58, 526013, 29
3469, 10, 97, 101, 53, 0, 45.31%, 0, 0, 7, 181.21, 526971, 29
3474, 10, 33, 101, 52, 0, 45.31%, 0, 0, 7, 157.82, 527771, 29
3479, 10, 0, 101, 52, 0, 45.31%, 0, 0, 7, 143.41, 528493, 29
3484, 10, 0, 101, 52, 0, 45.31%, 0, 0, 7, 143.22, 529232, 29
3489, 10, 68, 101, 52, 0, 45.31%, 0, 0, 7, 170.25, 530142, 29
3495, 10, 0, 101, 52, 0, 45.31%, 0, 0, 7, 185.42, 531097, 29
3500, 10, 68, 101, 52, 0, 45.31%, 0, 0, 7, 182.54, 532010, 29
3505, 10, 0, 101, 52, 0, 45.31%, 0, 0, 7, 181.72, 532961, 29
3510, 10, 0, 101, 52, 0, 45.31%, 0, 0, 7, 185.88, 533915, 29
3515, 10, 0, 101, 52, 0, 45.31%, 0, 0, 7, 185.13, 534821, 29
3520, 10, 21, 101, 52, 0, 45.31%, 0, 0, 7, 184.15, 535749, 29
3525, 11, 0, 101, 52, 0, 45.31%, 0, 0, 7, 187.10, 536724, 29
3530, 11, 33, 101, 52, 0, 45.31%, 0, 0, 7, 189.38, 537673, 29
3535, 11, 35, 101, 52, 0, 45.31%, 0, 0, 7, 186.29, 538620, 29
3541, 11, 94, 101, 51, 0, 45.31%, 0, 0, 7, 180.91, 539554, 29
3546, 11, 0, 101, 51, 0, 45.31%, 0, 0, 7, 186.85, 540536, 29
3551, 11, 20, 101, 51, 0, 45.31%, 0, 0, 7, 182.96, 541442, 29
3556, 11, 0, 101, 51, 0, 45.31%, 0, 0, 7, 188.29, 542388, 29
3561, 11, 33, 101, 51, 0, 45.31%, 0, 0, 7, 187.13, 543353, 29
3566, 11, 20, 101, 51, 0, 45.31%, 0, 0, 7, 185.54, 544300, 29
3571, 11, 0, 101, 51, 0, 45.31%, 0, 0, 7, 184.06, 545222, 29
3576, 11, 0, 101, 51, 0, 45.31%, 0, 0, 7, 185.73, 546176, 29
3582, 11, 0, 101, 51, 0, 45.31%, 0, 0, 7, 188.03, 547160, 29
3587, 11, 0, 101, 51, 0, 45.31%, 0, 0, 7, 191.37, 548141, 29
3592, 11, 0, 101, 51, 0, 45.31%, 0, 0, 7, 178.60, 549009, 29
3597, 11, 0, 101, 51, 0, 45.31%, 0, 0, 7, 192.07, 550000, 29
3602, 11, 68, 101, 51, 0, 45.31%, 0, 0, 7, 184.29, 550948, 29
3607, 11, 0, 101, 51, 0, 45.31%, 0, 0, 7, 183.04, 551899, 29
3613, 11, 21, 101, 51, 0, 45.31%, 0, 0, 7, 175.61, 552817, 29
3618, 11, 0, 101, 51, 0, 45.31%, 0, 0, 7, 179.58, 553734, 29
3623, 11, 0, 101, 51, 0, 45.31%, 0, 0, 7, 185.34, 554676, 29
3628, 11, 0, 101, 51, 0, 45.31%, 0, 0, 7, 159.54, 555492, 29
3633, 11, 0, 101, 51, 0, 45.31%, 0, 0, 7, 141.40, 556183, 29
3638, 11, 0, 101, 51, 0, 45.31%, 0, 0, 7, 136.49, 556886, 29
3643, 11, 61, 101, 51, 0, 45.31%, 0, 0, 7, 174.39, 557817, 29
3648, 11, 61, 102, 52, 0, 45.31%, 0, 0, 7, 175.41, 558768, 29
3653, 11, 0, 102, 51, 0, 45.31%, 0, 0, 7, 181.49, 559693, 29
3658, 11, 0, 102, 51, 0, 45.31%, 0, 0, 7, 193.16, 560668, 29
3663, 11, 33, 102, 51, 0, 45.31%, 0, 0, 7, 187.84, 561640, 29
3669, 11, 0, 102, 51, 0, 45.31%, 0, 0, 7, 188.02, 562583, 29
3674, 11, 0, 102, 51, 0, 45.31%, 0, 0, 7, 184.85, 563498, 29
3679, 11, 0, 102, 51, 0, 45.31%, 0, 0, 7, 188.04, 564449, 29
3684, 11, 28, 102, 51, 0, 45.31%, 0, 0, 7, 188.05, 565426, 29
3689, 11, 28, 102, 51, 0, 45.31%, 0, 0, 7, 193.20, 566435, 29
3694, 11, 0, 102, 51, 0, 45.31%, 0, 0, 7, 194.51, 567448, 29
3699, 11, 20, 102, 51, 0, 45.31%, 0, 0, 7, 194.49, 568423, 29
3704, 11, 0, 102, 51, 0, 45.31%, 0, 0, 7, 188.99, 569396, 29
3710, 11, 94, 102, 51, 0, 45.31%, 0, 0, 7, 180.01, 570339, 29
3715, 11, 0, 102, 51, 0, 45.31%, 0, 0, 7, 187.27, 571309, 29
3720, 11, 0, 102, 51, 0, 45.31%, 0, 0, 7, 180.10, 572203, 29
3725, 11, 0, 102, 51, 0, 45.31%, 0, 0, 7, 183.53, 573148, 29
3730, 11, 0, 102, 51, 0, 45.31%, 0, 0, 7, 186.48, 574093, 29
3735, 11, 0, 102, 51, 0, 45.31%, 0, 0, 7, 192.88, 575093, 29
3740, 11, 33, 102, 51, 0, 45.31%, 0, 0, 7, 186.83, 576008, 29
3745, 11, 0, 102, 51, 0, 45.31%, 0, 0, 7, 188.94, 576940, 29
3750, 11, 0, 102, 51, 0, 45.31%, 0, 0, 7, 189.16, 577882, 29
3755, 11, 0, 102, 51, 0, 45.31%, 0, 0, 7, 187.82, 578848, 29
3760, 11, 0, 102, 51, 0, 45.31%, 0, 0, 7, 187.17, 579784, 29
3765, 11, 0, 102, 51, 0, 45.31%, 0, 0, 7, 194.90, 580759, 29
3770, 11, 0, 102, 51, 0, 45.31%, 0, 0, 7, 184.05, 581668, 29
3776, 11, 0, 102, 51, 0, 45.31%, 0, 0, 7, 181.97, 582605, 29
3781, 11, 0, 102, 51, 0, 45.31%, 0, 0, 7, 182.71, 583559, 29
3786, 11, 85, 102, 51, 0, 45.31%, 0, 0, 7, 176.51, 584471, 29
3791, 11, 0, 102, 50, 0, 45.31%, 0, 0, 7, 176.96, 585385, 29
3796, 11, 0, 102, 50, 0, 45.31%, 0, 0, 7, 189.18, 586342, 29
3801, 11, 0, 102, 50, 0, 45.31%, 0, 0, 7, 199.73, 587351, 29
3806, 12, 0, 102, 50, 0, 45.31%, 0, 0, 7, 183.27, 588274, 29
3811, 12, 44, 102, 50, 0, 45.31%, 0, 0, 7, 185.50, 589238, 29
3817, 12, 0, 102, 49, 0, 45.31%, 0, 0, 7, 177.93, 590095, 29
3822, 12, 33, 102, 49, 0, 45.31%, 0, 0, 7, 172.14, 590992, 29
3827, 12, 0, 102, 49, 0, 45.31%, 0, 0, 7, 187.51, 591962, 29
3832, 12, 0, 102, 49, 0, 45.31%, 0, 0, 7, 192.29, 592919, 29
3837, 12, 71, 102, 49, 0, 45.31%, 0, 0, 7, 188.36, 593900, 29
3842, 12, 0, 102, 48, 0, 45.31%, 0, 0, 7, 185.50, 594845, 29
3847, 12, 0, 102, 48, 0, 45.31%, 0, 0, 7, 168.11, 595712, 29
3853, 12, 0, 102, 48, 0, 45.31%, 0, 0, 7, 167.02, 596552, 29
3858, 12, 0, 102, 48, 0, 45.31%, 0, 0, 7, 178.80, 597494, 29
3863, 12, 20, 102, 48, 0, 45.31%, 0, 0, 7, 183.96, 598456, 29
3868, 12, 0, 102, 48, 0, 45.31%, 0, 0, 7, 186.47, 599403, 29
3873, 12, 68, 102, 48, 0, 45.31%, 0, 0, 7, 176.25, 600286, 29
3878, 12, 0, 102, 48, 0, 45.31%, 0, 0, 7, 184.53, 601249, 29
3883, 12, 36, 102, 48, 0, 45.31%, 0, 0, 7, 187.07, 602226, 29
3888, 12, 0, 102, 47, 0, 45.31%, 0, 0, 7, 184.93, 603144, 29
3893, 12, 0, 102, 47, 0, 45.31%, 0, 0, 7, 187.07, 604083, 29
3899, 12, 40, 102, 47, 0, 45.31%, 0, 0, 7, 185.20, 605052, 29
3904, 12, 0, 102, 47, 0, 45.31%, 0, 0, 7, 191.13, 606018, 29
3909, 12, 20, 102, 47, 0, 45.31%, 0, 0, 7, 193.21, 606993, 29
3914, 12, 0, 102, 47, 0, 45.31%, 0, 0, 7, 193.94, 607993, 29
3919, 12, 0, 102, 47, 0, 45.31%, 0, 0, 7, 195.06, 609004, 29
3924, 12, 0, 102, 47, 0, 45.31%, 0, 0, 7, 190.15, 609997, 29
3929, 12, 0, 102, 47, 0, 45.31%, 0, 0, 7, 194.84, 611008, 29
3934, 12, 12, 102, 47, 0, 45.31%, 0, 0, 7, 184.70, 611933, 29
3939, 12, 0, 102, 47, 0, 45.31%, 0, 0, 7, 189.77, 612913, 29
3944, 12, 68, 102, 47, 0, 45.31%, 0, 0, 7, 177.94, 613783, 29
3950, 12, 6, 102, 47, 0, 45.31%, 0, 0, 7, 171.98, 614648, 29
3955, 12, 67, 102, 46, 0, 45.31%, 0, 0, 7, 189.38, 615628, 29
3960, 12, 67, 102, 46, 0, 45.31%, 0, 0, 7, 181.90, 616575, 29
3965, 12, 0, 102, 45, 0, 45.31%, 0, 0, 7, 181.70, 617520, 29
3970, 12, 0, 102, 45, 0, 45.31%, 0, 0, 7, 190.31, 618510, 29
3975, 12, 0, 102, 45, 0, 45.31%, 0, 0, 7, 191.76, 619503, 29
3981, 12, 0, 102, 45, 0, 45.31%, 0, 0, 7, 190.71, 620493, 29
3986, 12, 0, 102, 45, 0, 45.31%, 0, 0, 7, 190.02, 621432, 29
3991, 12, 0, 102, 45, 0, 45.31%, 0, 0, 7, 190.71, 622380, 29
3996, 12, 0, 102, 45, 0, 45.31%, 0, 0, 7, 186.54, 623337, 29
4001, 12, 0, 102, 45, 0, 45.31%, 0, 0, 7, 189.08, 624315, 29
4006, 12, 21, 102, 45, 0, 45.31%, 0, 0, 7, 188.29, 625275, 29
4011, 12, 68, 102, 45, 0, 45.31%, 0, 0, 7, 185.23, 626238, 29
4017, 12, 0, 102, 45, 0, 45.31%, 0, 0, 7, 184.84, 627212, 29
4022, 12, 0, 102, 45, 0, 45.31%, 0, 0, 7, 185.90, 628139, 29
4027, 12, 28, 102, 45, 0, 45.31%, 0, 0, 7, 174.76, 629015, 29
4032, 12, 0, 102, 45, 0, 45.31%, 0, 0, 7, 184.47, 629994, 29
4037, 12, 33, 102, 45, 0, 45.31%, 0, 0, 7, 186.82, 630972, 29
4042, 12, 0, 102, 45, 0, 45.31%, 0, 0, 7, 184.46, 631942, 29
4047, 12, 0, 102, 45, 0, 45.31%, 0, 0, 7, 188.88, 632932, 29
4052, 12, 0, 102, 45, 0, 45.31%, 0, 0, 7, 175.66, 633812, 29
4058, 12, 0, 102, 45, 0, 45.31%, 0, 0, 7, 188.50, 634802, 29
4063, 12, 0, 102, 45, 0, 45.31%, 0, 0, 7, 182.60, 635712, 29
4068, 12, 68, 102, 45, 0, 45.31%, 0, 0, 7, 188.54, 636714, 29
4073, 12, 0, 103, 46, 0, 45.31%, 0, 0, 7, 175.28, 637621, 29
4078, 12, 21, 103, 46, 0, 45.31%, 0, 0, 7, 176.45, 638545, 29
4083, 12, 68, 103, 46, 0, 45.31%, 0, 0, 7, 182.21, 639502, 29
4088, 12, 0, 103, 46, 0, 45.31%, 0, 0, 7, 185.59, 640434, 29
4094, 13, 0, 103, 46, 0, 45.31%, 0, 0, 7, 187.88, 641424, 29
4099, 13, 0, 103, 46, 0, 45.31%, 0, 0, 7, 190.37, 642406, 29
4104, 13, 0, 103, 46, 0, 45.31%, 0, 0, 7, 184.07, 643337, 29
4109, 13, 0, 103, 46, 0, 45.31%, 0, 0, 7, 188.51, 644300, 29
4114, 13, 0, 103, 46, 0, 45.31%, 0, 0, 7, 182.58, 645191, 29
4119, 13, 15, 103, 46, 0, 45.31%, 0, 0, 7, 184.97, 646169, 29
4124, 13, 0, 103, 46, 0, 45.31%, 0, 0, 7, 187.26, 647123, 29
4129, 13, 0, 103, 46, 0, 45.31%, 0, 0, 7, 184.15, 648062, 29
4134, 13, 0, 103, 46, 0, 45.31%, 0, 0, 7, 190.61, 649052, 29
4140, 13, 0, 103, 46, 0, 45.31%, 0, 0, 7, 191.36, 650045, 29
4145, 13, 0, 103, 46, 0, 45.31%, 0, 0, 7, 184.69, 650963, 29
4150, 13, 0, 103, 46, 0, 45.31%, 0, 0, 7, 186.75, 651908, 29
4155, 13, 0, 103, 46, 0, 45.31%, 0, 0, 7, 189.63, 652901, 29
4160, 13, 32, 103, 46, 0, 45.31%, 0, 0, 7, 194.72, 653909, 29
4165, 13, 0, 104, 47, 0, 45.31%, 0, 0, 7, 192.18, 654890, 29
4170, 13, 94, 104, 47, 0, 45.31%, 0, 0, 7, 184.19, 655810, 29
4175, 13, 0, 104, 47, 0, 45.31%, 0, 0, 7, 187.57, 656757, 29
4180, 13, 0, 104, 47, 0, 45.31%, 0, 0, 7, 175.08, 657613, 29
4186, 13, 28, 104, 47, 0, 45.31%, 0, 0, 7, 184.08, 658583, 29
4191, 13, 68, 104, 47, 0, 45.31%, 0, 0, 7, 181.62, 659515, 29
4196, 13, 0, 104, 47, 0, 45.31%, 0, 0, 7, 187.11, 660495, 29
4201, 13, 21, 104, 47, 0, 45.31%, 0, 0, 7, 185.95, 661413, 29
4206, 13, 0, 104, 47, 0, 45.31%, 0, 0, 7, 189.58, 662347, 29
4211, 13, 0, 104, 47, 0, 45.31%, 0, 0, 7, 186.45, 663311, 29
4216, 13, 0, 104, 47, 0, 45.31%, 0, 0, 7, 192.52, 664301, 29
4221, 13, 0, 104, 47, 0, 45.31%, 0, 0, 7, 186.76, 665225, 29
4226, 13, 0, 104, 47, 0, 45.31%, 0, 0, 7, 185.50, 666164, 29
4232, 13, 15, 104, 47, 0, 45.31%, 0, 0, 7, 193.08, 667164, 29
4237, 13, 0, 104, 47, 0, 45.31%, 0, 0, 7, 192.13, 668145, 29
4242, 13, 0, 104, 47, 0, 45.31%, 0, 0, 7, 183.67, 669099, 29
4247, 13, 0, 104, 47, 0, 45.31%, 0, 0, 7, 183.83, 670044, 29
4252, 13, 0, 104, 47, 0, 45.31%, 0, 0, 7, 193.36, 671061, 29
4257, 13, 33, 104, 47, 0, 45.31%, 0, 0, 7, 185.50, 671992, 29
4263, 13, 0, 104, 47, 0, 45.31%, 0, 0, 7, 177.12, 672907, 29
4268, 13, 0, 104, 47, 0, 45.31%, 0, 0, 7, 176.44, 673807, 29
4273, 13, 0, 104, 47, 0, 45.31%, 0, 0, 7, 179.63, 674737, 29
4278, 13, 0, 104, 47, 0, 45.31%, 0, 0, 7, 183.77, 675691, 29
4283, 13, 33, 104, 47, 0, 45.31%, 0, 0, 7, 178.83, 676615, 29
4289, 13, 0, 104, 47, 0, 45.31%, 0, 0, 7, 170.70, 677492, 29
4294, 13, 0, 104, 47, 0, 45.31%, 0, 0, 7, 185.78, 678446, 29
4299, 13, 0, 104, 47, 0, 45.31%, 0, 0, 7, 186.82, 679421, 29
4304, 13, 33, 104, 47, 0, 45.31%, 0, 0, 7, 185.70, 680383, 29
4309, 13, 0, 104, 47, 0, 45.31%, 0, 0, 7, 192.14, 681348, 29
4314, 13, 0, 104, 47, 0, 45.31%, 0, 0, 7, 192.36, 682305, 29
4319, 13, 0, 104, 47, 0, 45.31%, 0, 0, 7, 189.05, 683247, 29
4324, 13, 0, 104, 47, 0, 45.31%, 0, 0, 7, 187.07, 684219, 29
4329, 13, 0, 104, 47, 0, 45.31%, 0, 0, 7, 187.46, 685152, 29
4334, 13, 0, 104, 47, 0, 45.31%, 0, 0, 7, 195.21, 686169, 29
4339, 13, 0, 104, 47, 0, 45.31%, 0, 0, 7, 190.98, 687102, 29
4345, 13, 0, 104, 47, 0, 45.31%, 0, 0, 7, 193.70, 688107, 29
4350, 13, 40, 104, 47, 0, 45.31%, 0, 0, 7, 177.74, 689032, 29
4355, 14, 21, 104, 47, 0, 45.31%, 0, 0, 7, 188.94, 690000, 29
4360, 14, 0, 104, 47, 0, 45.31%, 0, 0, 7, 189.11, 690970, 29
4365, 14, 0, 104, 47, 0, 45.31%, 0, 0, 7, 182.36, 691903, 29
4370, 14, 0, 104, 47, 0, 45.31%, 0, 0, 7, 179.51, 692839, 29
4375, 14, 0, 104, 47, 0, 45.31%, 0, 0, 7, 163.94, 693655, 29
4380, 14, 94, 104, 47, 0, 45.31%, 0, 0, 7, 178.27, 694556, 29
4385, 14, 0, 104, 47, 0, 45.31%, 0, 0, 7, 176.48, 695448, 29
4391, 14, 0, 104, 47, 0, 45.31%, 0, 0, 7, 177.85, 696372, 29
4396, 14, 0, 104, 47, 0, 45.31%, 0, 0, 7, 191.63, 697359, 29
4401, 14, 0, 104, 47, 0, 45.31%, 0, 0, 7, 195.26, 698376, 29
4406, 14, 21, 104, 47, 0, 45.31%, 0, 0, 7, 192.44, 699358, 29
4411, 14, 0, 104, 47, 0, 45.31%, 0, 0, 7, 185.88, 700306, 29
4417, 14, 0, 104, 47, 0, 45.31%, 0, 0, 7, 185.33, 701260, 29
4422, 14, 0, 104, 47, 0, 45.31%, 0, 0, 7, 192.60, 702265, 29
4427, 14, 0, 104, 47, 0, 45.31%, 0, 0, 7, 212.74, 703345, 29
4432, 14, 40, 104, 47, 0, 45.31%, 0, 0, 7, 218.46, 704453, 29
4437, 14, 0, 104, 47, 0, 45.31%, 0, 0, 7, 179.01, 705319, 29
4442, 14, 0, 104, 47, 0, 45.31%, 0, 0, 7, 168.25, 706162, 29
4447, 14, 0, 104, 47, 0, 45.31%, 0, 0, 7, 188.94, 707125, 29
4452, 14, 0, 104, 47, 0, 45.31%, 0, 0, 7, 218.05, 708303, 29
4458, 14, 0, 104, 47, 0, 45.31%, 0, 0, 7, 224.44, 709473, 29
4463, 14, 0, 104, 47, 0, 45.31%, 0, 0, 7, 221.37, 710589, 29
4468, 14, 33, 104, 47, 0, 45.31%, 0, 0, 7, 224.55, 711734, 29
4473, 14, 94, 104, 47, 0, 45.31%, 0, 0, 7, 220.97, 712818, 29
4478, 14, 68, 104, 47, 0, 45.31%, 0, 0, 7, 223.18, 713966, 29
4483, 14, 0, 104, 47, 0, 45.31%, 0, 0, 7, 221.76, 715058, 29
4488, 14, 0, 104, 47, 0, 45.31%, 0, 0, 7, 220.50, 716156, 29
4493, 14, 0, 104, 47, 0, 45.31%, 0, 0, 7, 219.74, 717261, 29
4498, 14, 0, 104, 47, 0, 45.31%, 0, 0, 7, 223.94, 718373, 29
4503, 14, 0, 104, 47, 0, 45.31%, 0, 0, 7, 223.67, 719523, 29
4508, 14, 0, 104, 47, 0, 45.31%, 0, 0, 7, 227.51, 720707, 29
4513, 14, 21, 104, 47, 0, 45.31%, 0, 0, 7, 206.60, 721750, 29
4519, 14, 0, 104, 47, 0, 45.31%, 0, 0, 7, 217.01, 722896, 29
4524, 14, 68, 104, 47, 0, 45.31%, 0, 0, 7, 224.78, 724075, 29
4529, 14, 0, 104, 47, 0, 45.31%, 0, 0, 7, 223.47, 725196, 29
4534, 14, 0, 104, 47, 0, 45.31%, 0, 0, 7, 221.96, 726360, 29
4539, 14, 0, 104, 47, 0, 45.31%, 0, 0, 7, 223.20, 727526, 29
4544, 14, 40, 104, 46, 0, 45.31%, 0, 0, 7, 220.93, 728626, 29
4549, 14, 20, 104, 46, 0, 45.31%, 0, 0, 7, 214.26, 729730, 29
4554, 14, 0, 104, 46, 0, 45.31%, 0, 0, 7, 217.64, 730805, 29
4559, 14, 0, 104, 45, 0, 45.31%, 0, 0, 7, 221.32, 731901, 29
4564, 14, 68, 104, 45, 0, 45.31%, 0, 0, 7, 220.18, 732992, 29
4570, 14, 0, 104, 45, 0, 45.31%, 0, 0, 7, 225.83, 734167, 29
4575, 14, 0, 104, 45, 0, 45.31%, 0, 0, 7, 231.61, 735378, 29
4580, 14, 0, 104, 45, 0, 45.31%, 0, 0, 7, 225.25, 736552, 29
4585, 14, 32, 104, 45, 0, 45.31%, 0, 0, 7, 217.74, 737654, 29
4590, 14, 0, 104, 45, 0, 45.31%, 0, 0, 7, 208.27, 738698, 29
4595, 14, 0, 104, 45, 0, 45.31%, 0, 0, 7, 199.58, 739678, 29
4600, 14, 0, 104, 45, 0, 45.31%, 0, 0, 7, 216.71, 740811, 29
4605, 15, 0, 104, 45, 0, 45.31%, 0, 0, 7, 223.08, 741973, 29
4610, 15, 0, 104, 45, 0, 45.31%, 0, 0, 7, 217.76, 743047, 29
4616, 15, 68, 104, 45, 0, 45.31%, 0, 0, 7, 213.04, 744106, 29
4621, 15, 94, 104, 45, 0, 45.31%, 0, 0, 7, 221.26, 745264, 29
4626, 15, 0, 104, 45, 0, 45.31%, 0, 0, 7, 224.58, 746431, 29
4631, 15, 0, 104, 45, 0, 45.31%, 0, 0, 7, 223.99, 747569, 29
4636, 15, 0, 104, 45, 0, 45.31%, 0, 0, 7, 229.74, 748722, 29
4641, 15, 0, 104, 45, 0, 45.31%, 0, 0, 7, 230.43, 749868, 29
4646, 15, 0, 104, 45, 0, 45.31%, 0, 0, 7, 219.36, 750948, 29
4651, 15, 0, 104, 45, 0, 45.31%, 0, 0, 7, 231.72, 752165, 29
4656, 15, 0, 104, 45, 0, 45.31%, 0, 0, 7, 234.78, 753390, 29
4662, 15, 0, 104, 45, 0, 45.31%, 0, 0, 7, 220.51, 754500, 29
4667, 15, 0, 104, 45, 0, 45.31%, 0, 0, 7, 225.32, 755626, 29
4672, 15, 0, 104, 45, 0, 45.31%, 0, 0, 7, 224.10, 756739, 29
4677, 15, 0, 104, 45, 0, 45.31%, 0, 0, 7, 223.91, 757857, 29
4682, 15, 0, 104, 45, 0, 45.31%, 0, 0, 7, 221.40, 758998, 29
4687, 15, 0, 104, 45, 0, 45.31%, 0, 0, 7, 219.66, 760108, 29
4692, 15, 0, 104, 45, 0, 45.31%, 0, 0, 7, 218.54, 761216, 29
4697, 15, 0, 104, 45, 0, 45.31%, 0, 0, 7, 220.35, 762340, 29
4702, 15, 0, 104, 45, 0, 45.31%, 0, 0, 7, 209.54, 763436, 29
4707, 15, 32, 104, 45, 0, 45.31%, 0, 0, 7, 199.47, 764494, 29
4712, 15, 94, 104, 45, 0, 45.31%, 0, 0, 7, 170.44, 765317, 29
4717, 15, 0, 104, 45, 0, 45.31%, 0, 0, 7, 189.40, 766302, 29
4722, 15, 0, 104, 45, 0, 45.31%, 0, 0, 7, 210.79, 767408, 29
4727, 15, 0, 104, 45, 0, 45.31%, 0, 0, 7, 224.15, 768557, 29
4733, 15, 0, 104, 45, 0, 45.31%, 0, 0, 7, 220.23, 769701, 29
4738, 15, 0, 104, 45, 0, 45.31%, 0, 0, 7, 207.46, 770775, 29
4743, 15, 0, 104, 45, 0, 45.31%, 0, 0, 7, 209.46, 771819, 29
4748, 15, 0, 104, 45, 0, 45.31%, 0, 0, 7, 220.57, 772949, 29
4753, 15, 0, 104, 45, 0, 45.31%, 0, 0, 7, 221.47, 774061, 29
4758, 15, 0, 104, 45, 0, 45.31%, 0, 0, 7, 217.44, 775163, 29
4763, 15, 0, 104, 45, 0, 45.31%, 0, 0, 7, 228.28, 776352, 29
4768, 15, 0, 104, 45, 0, 45.31%, 0, 0, 7, 223.30, 777478, 29
4773, 15, 0, 104, 45, 0, 45.31%, 0, 0, 7, 227.36, 778668, 29
4778, 15, 3, 104, 45, 0, 45.31%, 0, 0, 7, 218.77, 779751, 29
4784, 15, 0, 104, 44, 0, 45.31%, 0, 0, 7, 225.05, 780928, 29
4789, 15, 0, 104, 44, 0, 45.31%, 0, 0, 7, 219.43, 782025, 29
4794, 15, 100, 104, 44, 0, 45.31%, 0, 0, 7, 215.79, 783111, 29
4799, 15, 0, 104, 43, 0, 45.31%, 0, 0, 7, 226.41, 784263, 29
4804, 15, 0, 104, 43, 0, 45.31%, 0, 0, 7, 218.86, 785357, 29
4809, 15, 68, 104, 43, 0, 45.31%, 0, 0, 7, 223.32, 786470, 29
4814, 15, 0, 104, 43, 0, 45.31%, 0, 0, 7, 203.46, 787493, 29
4819, 15, 0, 104, 43, 0, 45.31%, 0, 0, 7, 174.33, 788361, 29
4824, 15, 0, 104, 43, 0, 45.31%, 0, 0, 7, 204.84, 789417, 29
4829, 15, 0, 104, 43, 0, 45.31%, 0, 0, 7, 218.23, 790539, 29
4834, 15, 32, 104, 43, 0, 45.31%, 0, 0, 7, 227.75, 791676, 29
4839, 16, 0, 104, 43, 0, 45.31%, 0, 0, 7, 223.55, 792776, 29
4844, 16, 20, 104, 43, 0, 45.31%, 0, 0, 7, 218.98, 793871, 29
4849, 16, 21, 104, 43, 0, 45.31%, 0, 0, 7, 223.78, 795007, 29
4855, 16, 0, 104, 43, 0, 45.31%, 0, 0, 7, 223.10, 796136, 29
4860, 16, 40, 104, 43, 0, 45.31%, 0, 0, 7, 224.39, 797265, 29
4865, 16, 0, 104, 43, 0, 45.31%, 0, 0, 7, 226.51, 798412, 29
4870, 16, 33, 104, 43, 0, 45.31%, 0, 0, 7, 220.27, 799515, 29
4875, 16, 0, 104, 43, 0, 45.31%, 0, 0, 7, 219.35, 800602, 29
4880, 16, 20, 104, 43, 0, 45.31%, 0, 0, 7, 212.81, 801689, 29
4885, 16, 0, 104, 43, 0, 45.31%, 0, 0, 7, 199.93, 802674, 29
4890, 16, 0, 104, 43, 0, 45.31%, 0, 0, 7, 195.43, 803643, 29
4895, 16, 0, 104, 43, 0, 45.31%, 0, 0, 7, 217.07, 804755, 29
4900, 16, 0, 104, 43, 0, 45.31%, 0, 0, 7, 219.48, 805841, 29
4905, 16, 0, 104, 43, 0, 45.31%, 0, 0, 7, 222.98, 807019, 29
4910, 16, 0, 104, 43, 0, 45.31%, 0, 0, 7, 210.18, 808061, 29
4915, 16, 0, 104, 43, 0, 45.31%, 0, 0, 7, 216.10, 809135, 29
4920, 16, 0, 104, 43, 0, 45.31%, 0, 0, 7, 220.87, 810275, 29
4925, 16, 0, 104, 43, 0, 45.31%, 0, 0, 7, 216.30, 811392, 29
4930, 16, 0, 104, 43, 0, 45.31%, 0, 0, 7, 210.02, 812448, 29
4936, 16, 94, 104, 43, 0, 45.31%, 0, 0, 7, 214.42, 813554, 29
4941, 16, 0, 104, 43, 0, 45.31%, 0, 0, 7, 218.43, 814680, 29
4946, 16, 15, 104, 43, 0, 45.31%, 0, 0, 7, 220.49, 815798, 29
4951, 16, 0, 104, 43, 0, 45.31%, 0, 0, 7, 136.08, 816369, 29
4956, 16, 0, 104, 43, 0, 45.31%, 0, 0, 7, 116.89, 816952, 29
4961, 16, 0, 104, 43, 0, 45.31%, 0, 0, 7, 113.96, 817539, 29
4966, 16, 0, 104, 43, 0, 45.31%, 0, 0, 7, 168.10, 818395, 29
4972, 16, 40, 104, 43, 0, 45.31%, 0, 0, 7, 216.94, 819578, 29
4977, 16, 0, 104, 43, 0, 45.31%, 0, 0, 7, 206.63, 820607, 29
4982, 16, 21, 104, 43, 0, 45.31%, 0, 0, 7, 212.11, 821667, 29
4987, 16, 68, 104, 43, 0, 45.31%, 0, 0, 7, 216.08, 822735, 29
4992, 16, 0, 104, 43, 0, 45.31%, 0, 0, 7, 227.23, 823874, 29
4997, 16, 0, 104, 43, 0, 45.31%, 0, 0, 7, 231.79, 825071, 29
5002, 16, 0, 104, 43, 0, 45.31%, 0, 0, 7, 225.79, 826185, 29
5007, 16, 94, 104, 43, 0, 45.31%, 0, 0, 7, 216.90, 827312, 29
5012, 16, 0, 104, 43, 0, 45.31%, 0, 0, 7, 217.66, 828433, 29
5017, 16, 0, 104, 43, 0, 45.31%, 0, 0, 7, 221.27, 829534, 29
5022, 16, 0, 104, 43, 0, 45.31%, 0, 0, 7, 214.76, 830608, 29
5027, 16, 0, 104, 43, 0, 45.31%, 0, 0, 7, 213.68, 831696, 29
5032, 16, 0, 104, 43, 0, 45.31%, 0, 0, 7, 218.30, 832814, 29
5038, 16, 0, 104, 43, 0, 45.31%, 0, 0, 7, 211.71, 833924, 29
5043, 16, 94, 104, 43, 0, 45.31%, 0, 0, 7, 215.05, 835013, 29
5048, 16, 40, 104, 43, 0, 45.31%, 0, 0, 7, 219.12, 836149, 29
5053, 16, 0, 104, 43, 0, 45.31%, 0, 0, 7, 218.56, 837248, 29
5058, 16, 21, 104, 43, 0, 45.31%, 0, 0, 7, 219.05, 838357, 29
5063, 16, 0, 104, 43, 0, 45.31%, 0, 0, 7, 214.98, 839417, 29
5068, 16, 0, 104, 43, 0, 45.31%, 0, 0, 7, 210.85, 840535, 29
5073, 16, 0, 104, 43, 0, 45.31%, 0, 0, 7, 180.24, 841462, 29
5078, 16, 0, 104, 43, 0, 45.31%, 0, 0, 7, 210.44, 842521, 29
5083, 17, 0, 104, 43, 0, 45.31%, 0, 0, 7, 224.07, 843663, 29
5088, 17, 0, 104, 43, 0, 45.31%, 0, 0, 7, 220.59, 844772, 29
5093, 17, 69, 104, 43, 0, 45.31%, 0, 0, 7, 211.55, 845826, 29
5098, 17, 0, 104, 42, 0, 45.31%, 0, 0, 7, 215.21, 846905, 29
5104, 17, 28, 104, 42, 0, 45.31%, 0, 0, 7, 222.10, 848058, 29
5109, 17, 0, 104, 42, 0, 45.31%, 0, 0, 7, 218.16, 849146, 29
5114, 17, 0, 104, 42, 0, 45.31%, 0, 0, 7, 214.37, 850220, 29
5119, 17, 21, 104, 42, 0, 45.31%, 0, 0, 7, 204.53, 851256, 29
5124, 17, 0, 104, 42, 0, 45.31%, 0, 0, 7, 216.74, 852393, 29
5129, 17, 0, 104, 42, 0, 45.31%, 0, 0, 7, 223.87, 853554, 29
5134, 17, 0, 104, 42, 0, 45.31%, 0, 0, 7, 224.50, 854676, 29
5139, 17, 0, 104, 42, 0, 45.31%, 0, 0, 7, 220.32, 855764, 29
5144, 17, 33, 104, 42, 0, 45.31%, 0, 0, 7, 221.50, 856882, 29
5149, 17, 0, 104, 42, 0, 45.31%, 0, 0, 7, 225.64, 858057, 29
5154, 17, 0, 104, 42, 0, 45.31%, 0, 0, 7, 225.41, 859183, 29
5159, 17, 0, 104, 42, 0, 45.31%, 0, 0, 7, 222.94, 860304, 29
5164, 17, 102, 104, 42, 0, 45.31%, 0, 0, 7, 205.97, 861365, 29
5169, 17, 102, 104, 42, 0, 45.31%, 0, 0, 7, 182.71, 862252, 29
5175, 17, 0, 104, 41, 0, 45.31%, 0, 0, 7, 204.23, 863294, 29
5180, 17, 94, 104, 41, 0, 45.31%, 0, 0, 7, 213.43, 864417, 29
5185, 17, 0, 104, 41, 0, 45.31%, 0, 0, 7, 214.13, 865512, 29
5190, 17, 0, 104, 41, 0, 45.31%, 0, 0, 7, 215.51, 866601, 29
5195, 17, 0, 104, 41, 0, 45.31%, 0, 0, 7, 217.23, 867707, 29
5200, 17, 89, 104, 41, 0, 45.31%, 0, 0, 7, 204.51, 868737, 29
5205, 17, 89, 104, 41, 0, 45.31%, 0, 0, 7, 194.31, 869693, 29
5210, 17, 15, 104, 40, 0, 45.31%, 0, 0, 7, 210.39, 870763, 29
5215, 17, 0, 104, 40, 0, 45.31%, 0, 0, 7, 207.28, 871816, 29
5220, 17, 32, 104, 40, 0, 45.31%, 0, 0, 7, 214.23, 872897, 29
5225, 17, 0, 104, 40, 0, 45.31%, 0, 0, 7, 217.95, 873985, 29
5230, 17, 0, 104, 39, 0, 45.31%, 0, 0, 7, 219.65, 875111, 29
5236, 17, 0, 104, 39, 0, 45.31%, 0, 0, 7, 218.16, 876234, 29
5241, 17, 0, 104, 39, 0, 45.31%, 0, 0, 7, 217.86, 877359, 29
5246, 17, 0, 104, 39, 0, 45.31%, 0, 0, 7, 213.79, 878437, 29
5251, 17, 12, 104, 39, 0, 45.31%, 0, 0, 7, 220.54, 879574, 29
5256, 17, 0, 104, 39, 0, 45.31%, 0, 0, 7, 212.32, 880617, 29
5261, 17, 0, 104, 39, 0, 45.31%, 0, 0, 7, 219.29, 881726, 29
5266, 17, 94, 104, 39, 0, 45.31%, 0, 0, 7, 211.15, 882790, 29
5271, 17, 0, 104, 39, 0, 45.31%, 0, 0, 7, 213.79, 883861, 29
5276, 17, 0, 104, 39, 0, 45.31%, 0, 0, 7, 217.29, 884955, 29
5281, 17, 0, 104, 39, 0, 45.31%, 0, 0, 7, 214.25, 886017, 29
5286, 17, 0, 104, 39, 0, 45.31%, 0, 0, 7, 224.14, 887145, 29
5291, 17, 40, 104, 39, 0, 45.31%, 0, 0, 7, 229.02, 888326, 29
5296, 17, 28, 104, 39, 0, 45.31%, 0, 0, 7, 221.01, 889470, 29
5301, 17, 0, 104, 39, 0, 45.31%, 0, 0, 7, 219.13, 890569, 29
5306, 17, 0, 104, 39, 0, 45.31%, 0, 0, 7, 224.04, 891679, 29
5311, 17, 40, 104, 39, 0, 45.31%, 0, 0, 7, 220.39, 892757, 29
5317, 17, 12, 104, 39, 0, 45.31%, 0, 0, 7, 227.12, 893931, 29
5322, 17, 94, 104, 39, 0, 45.31%, 0, 0, 7, 212.74, 894995, 29
5327, 18, 0, 104, 39, 0, 45.31%, 0, 0, 7, 217.15, 896126, 29
5332, 18, 0, 104, 39, 0, 45.31%, 0, 0, 7, 211.56, 897190, 29
5337, 18, 0, 104, 39, 0, 45.31%, 0, 0, 7, 215.52, 898323, 29
5342, 18, 32, 104, 39, 0, 45.31%, 0, 0, 7, 221.84, 899493, 29
5347, 18, 21, 104, 39, 0, 45.31%, 0, 0, 7, 214.26, 900550, 29
5352, 18, 15, 104, 39, 0, 45.31%, 0, 0, 7, 209.56, 901607, 29
5358, 18, 33, 104, 39, 0, 45.31%, 0, 0, 7, 226.47, 902811, 29
5363, 18, 0, 104, 39, 0, 45.31%, 0, 0, 7, 217.14, 903882, 29
5368, 18, 68, 104, 39, 0, 45.31%, 0, 0, 7, 212.74, 904977, 29
5373, 18, 33, 104, 39, 0, 45.31%, 0, 0, 7, 220.84, 906099, 29
5378, 18, 0, 104, 39, 0, 45.31%, 0, 0, 7, 219.27, 907182, 29
5383, 18, 32, 104, 39, 0, 45.31%, 0, 0, 7, 219.80, 908320, 29
5388, 18, 0, 104, 39, 0, 45.31%, 0, 0, 7, 215.95, 909431, 29
5393, 18, 94, 104, 39, 0, 45.31%, 0, 0, 7, 220.28, 910542, 29
5398, 18, 0, 104, 39, 0, 45.31%, 0, 0, 7, 208.98, 911593, 29
5403, 18, 74, 104, 39, 0, 45.31%, 0, 0, 7, 211.11, 912691, 29
5408, 18, 21, 104, 38, 0, 45.31%, 0, 0, 7, 220.33, 913809, 29
5414, 18, 0, 104, 38, 0, 45.31%, 0, 0, 7, 208.15, 914882, 29
5419, 18, 0, 104, 38, 0, 45.31%, 0, 0, 7, 218.68, 916036, 29
5424, 18, 0, 104, 38, 0, 45.31%, 0, 0, 7, 218.68, 917146, 29
5429, 18, 0, 104, 38, 0, 45.31%, 0, 0, 7, 222.90, 918301, 29
5434, 18, 0, 104, 38, 0, 45.31%, 0, 0, 7, 214.32, 919405, 29
5439, 18, 0, 104, 38, 0, 45.31%, 0, 0, 7, 220.86, 920523, 29
5444, 18, 0, 104, 38, 0, 45.31%, 0, 0, 7, 225.26, 921712, 29
5449, 18, 94, 104, 38, 0, 45.31%, 0, 0, 7, 220.39, 922810, 29
5455, 18, 20, 104, 38, 0, 45.31%, 0, 0, 7, 213.52, 923858, 29
5460, 18, 94, 104, 38, 0, 45.31%, 0, 0, 7, 199.78, 924843, 29
5465, 18, 0, 104, 38, 0, 45.31%, 0, 0, 7, 216.31, 925929, 29
5470, 18, 0, 104, 38, 0, 45.31%, 0, 0, 7, 217.20, 927021, 29
5475, 18, 0, 104, 38, 0, 45.31%, 0, 0, 7, 224.23, 928172, 29
5480, 18, 0, 104, 38, 0, 45.31%, 0, 0, 7, 220.28, 929266, 29
5485, 18, 0, 104, 38, 0, 45.31%, 0, 0, 7, 219.88, 930399, 29
5490, 18, 94, 104, 38, 0, 45.31%, 0, 0, 7, 216.95, 931486, 29
5495, 18, 0, 104, 38, 0, 45.31%, 0, 0, 7, 217.42, 932593, 29
5500, 18, 0, 104, 38, 0, 45.31%, 0, 0, 7, 216.18, 933734, 29
5506, 18, 0, 104, 38, 0, 45.31%, 0, 0, 7, 212.75, 934832, 29
5511, 18, 0, 104, 38, 0, 45.31%, 0, 0, 7, 218.55, 935930, 29
5516, 18, 0, 104, 38, 0, 45.31%, 0, 0, 7, 220.60, 937051, 29
5521, 18, 0, 104, 38, 0, 45.31%, 0, 0, 7, 220.91, 938153, 29
5526, 18, 40, 104, 38, 0, 45.31%, 0, 0, 7, 219.40, 939250, 29
5531, 18, 0, 104, 38, 0, 45.31%, 0, 0, 7, 224.72, 940424, 29
5536, 18, 0, 104, 38, 0, 45.31%, 0, 0, 7, 220.06, 941518, 29
5541, 18, 0, 104, 38, 0, 45.31%, 0, 0, 7, 221.71, 942636, 29
5546, 18, 0, 104, 38, 0, 45.31%, 0, 0, 7, 224.72, 943760, 29
5551, 18, 0, 104, 38, 0, 45.31%, 0, 0, 7, 253.68, 945089, 29
5556, 18, 0, 104, 38, 0, 45.31%, 0, 0, 7, 266.98, 946441, 29
5561, 18, 0, 104, 38, 0, 45.31%, 0, 0, 7, 267.00, 947783, 29
5566, 19, 12, 104, 38, 0, 45.31%, 0, 0, 7, 266.63, 949127, 29
5572, 19, 0, 104, 38, 0, 45.31%, 0, 0, 7, 257.38, 950477, 29
5577, 19, 0, 104, 38, 0, 45.31%, 0, 0, 7, 268.09, 951819, 29
5582, 19, 40, 104, 38, 0, 45.31%, 0, 0, 7, 273.02, 953209, 29
5587, 19, 0, 104, 38, 0, 45.31%, 0, 0, 7, 266.33, 954538, 29
5592, 19, 32, 104, 38, 0, 45.31%, 0, 0, 7, 249.01, 955759, 29
5597, 19, 20, 104, 38, 0, 45.31%, 0, 0, 7, 251.92, 957033, 29
5602, 19, 0, 104, 38, 0, 45.31%, 0, 0, 7, 248.66, 958276, 29
5607, 19, 0, 104, 38, 0, 45.31%, 0, 0, 7, 244.44, 959499, 29
5612, 19, 0, 104, 38, 0, 45.31%, 0, 0, 7, 254.26, 960801, 29
5617, 19, 55, 104, 38, 0, 45.31%, 0, 0, 7, 258.20, 962096, 29
5622, 19, 0, 104, 38, 0, 45.31%, 0, 0, 7, 254.91, 963384, 29
5627, 19, 0, 104, 38, 0, 45.31%, 0, 0, 7, 259.27, 964681, 29
5632, 19, 0, 104, 38, 0, 45.31%, 0, 0, 7, 256.79, 965964, 29
5637, 19, 0, 104, 38, 0, 45.31%, 0, 0, 7, 247.86, 967221, 29
5642, 19, 0, 104, 38, 0, 45.31%, 0, 0, 7, 257.90, 968533, 29
5647, 19, 21, 104, 38, 0, 45.31%, 0, 0, 7, 256.08, 969817, 29
5652, 19, 0, 104, 38, 0, 45.31%, 0, 0, 7, 248.22, 971050, 29
5657, 19, 33, 104, 38, 0, 45.31%, 0, 0, 7, 251.37, 972342, 29
5662, 19, 68, 104, 38, 0, 45.31%, 0, 0, 7, 253.01, 973658, 29
5668, 19, 0, 104, 38, 0, 45.31%, 0, 0, 7, 249.70, 974915, 29
5673, 19, 0, 104, 38, 0, 45.31%, 0, 0, 7, 252.59, 976248, 29
5678, 19, 0, 104, 38, 0, 45.31%, 0, 0, 7, 237.25, 977458, 29
5683, 19, 60, 104, 38, 0, 45.31%, 0, 0, 7, 248.77, 978768, 29
5688, 19, 21, 104, 37, 0, 45.31%, 0, 0, 7, 244.81, 980010, 29
5693, 19, 0, 104, 37, 0, 45.31%, 0, 0, 7, 253.15, 981329, 29
5698, 19, 0, 104, 37, 0, 45.31%, 0, 0, 7, 263.03, 982680, 29
5703, 19, 0, 104, 37, 0, 45.31%, 0, 0, 7, 260.79, 983983, 29
5708, 19, 68, 104, 37, 0, 45.31%, 0, 0, 7, 257.70, 985342, 29
5713, 19, 0, 104, 37, 0, 45.31%, 0, 0, 7, 250.38, 986563, 29
5719, 19, 32, 104, 37, 0, 45.31%, 0, 0, 7, 248.89, 987860, 29
5724, 19, 0, 104, 37, 0, 45.31%, 0, 0, 7, 254.37, 989173, 29
5729, 19, 0, 104, 37, 0, 45.31%, 0, 0, 7, 253.68, 990476, 29
5734, 19, 0, 104, 37, 0, 45.31%, 0, 0, 7, 269.09, 991878, 29
5739, 19, 0, 104, 37, 0, 45.31%, 0, 0, 7, 264.97, 993195, 29
5744, 19, 0, 104, 37, 0, 45.31%, 0, 0, 7, 264.80, 994572, 29
5749, 19, 0, 104, 37, 0, 45.31%, 0, 0, 7, 261.80, 995869, 29
5754, 19, 68, 104, 37, 0, 45.31%, 0, 0, 7, 255.19, 997144, 29
5759, 19, 0, 104, 37, 0, 45.31%, 0, 0, 7, 257.79, 998444, 29
5764, 19, 0, 104, 37, 0, 45.31%, 0, 0, 7, 263.11, 999752, 29
5769, 19, 0, 104, 37, 0, 45.31%, 0, 0, 7, 263.56, 1001079, 29
5774, 20, 21, 104, 37, 0, 45.31%, 0, 0, 7, 261.81, 1002406, 29
5780, 20, 0, 104, 37, 0, 45.31%, 0, 0, 7, 258.66, 1003738, 29
5785, 20, 68, 104, 37, 0, 45.31%, 0, 0, 7, 258.24, 1005054, 29
5790, 20, 0, 104, 37, 0, 45.31%, 0, 0, 7, 255.50, 1006327, 29
5795, 20, 0, 104, 37, 0, 45.31%, 0, 0, 7, 261.66, 1007681, 29
5800, 20, 0, 104, 37, 0, 45.31%, 0, 0, 7, 249.19, 1008904, 29
5805, 20, 0, 104, 37, 0, 45.31%, 0, 0, 7, 257.23, 1010231, 29
5810, 20, 20, 104, 37, 0, 45.31%, 0, 0, 7, 256.06, 1011513, 29
5815, 20, 0, 104, 37, 0, 45.31%, 0, 0, 7, 260.38, 1012821, 29
5820, 20, 0, 104, 37, 0, 45.31%, 0, 0, 7, 267.01, 1014149, 29
5825, 20, 0, 104, 37, 0, 45.31%, 0, 0, 7, 257.34, 1015431, 29
5830, 20, 21, 104, 37, 0, 45.31%, 0, 0, 7, 261.69, 1016778, 29
5835, 20, 0, 104, 37, 0, 45.31%, 0, 0, 7, 253.97, 1018056, 29
5840, 20, 0, 104, 37, 0, 45.31%, 0, 0, 7, 265.17, 1019393, 29
5845, 20, 0, 104, 37, 0, 45.31%, 0, 0, 7, 249.16, 1020626, 29
5850, 20, 0, 104, 37, 0, 45.31%, 0, 0, 7, 248.95, 1021878, 29
5855, 20, 12, 104, 37, 0, 45.31%, 0, 0, 7, 265.46, 1023240, 29
5860, 20, 0, 104, 37, 0, 45.31%, 0, 0, 7, 278.52, 1024617, 29
5865, 20, 0, 104, 37, 0, 45.31%, 0, 0, 7, 316.19, 1026264, 29
5870, 20, 0, 104, 37, 0, 45.31%, 0, 0, 7, 322.86, 1027863, 29
5875, 20, 0, 104, 37, 0, 45.31%, 0, 0, 7, 325.82, 1029513, 29
5880, 20, 0, 104, 37, 0, 45.31%, 0, 0, 7, 326.24, 1031124, 29
5885, 20, 0, 104, 37, 0, 45.31%, 0, 0, 7, 332.91, 1032840, 29
5891, 20, 0, 104, 37, 0, 45.31%, 0, 0, 7, 335.68, 1034589, 29
5896, 20, 20, 104, 37, 0, 45.31%, 0, 0, 7, 300.85, 1036079, 29
5901, 20, 21, 104, 37, 0, 45.31%, 0, 0, 7, 286.10, 1037459, 29
5906, 20, 0, 104, 37, 0, 45.31%, 0, 0, 7, 316.71, 1039068, 29
5911, 20, 0, 104, 37, 0, 45.31%, 0, 0, 7, 324.47, 1040703, 29
5916, 20, 70, 104, 37, 0, 45.31%, 0, 0, 7, 310.43, 1042264, 29
5921, 20, 0, 104, 36, 0, 45.31%, 0, 0, 7, 313.59, 1043820, 29
5926, 20, 33, 104, 36, 0, 45.31%, 0, 0, 7, 310.84, 1045390, 29
5931, 20, 40, 104, 36, 0, 45.31%, 0, 0, 7, 297.05, 1046891, 29
5936, 20, 0, 104, 36, 0, 45.31%, 0, 0, 7, 331.78, 1048633, 29
5941, 20, 0, 104, 36, 0, 45.31%, 0, 0, 7, 318.19, 1050214, 29
5946, 20, 28, 104, 36, 0, 45.31%, 0, 0, 7, 323.12, 1051830, 29
5951, 21, 40, 104, 36, 0, 45.31%, 0, 0, 7, 329.20, 1053460, 29
5956, 21, 20, 104, 36, 0, 45.31%, 0, 0, 7, 308.82, 1054940, 29
5961, 21, 94, 104, 36, 0, 45.31%, 0, 0, 7, 312.35, 1056487, 29
5966, 21, 0, 104, 36, 0, 45.31%, 0, 0, 7, 308.77, 1058056, 29
5971, 21, 0, 104, 36, 0, 45.31%, 0, 0, 7, 325.14, 1059685, 29
5976, 21, 0, 104, 36, 0, 45.31%, 0, 0, 7, 323.64, 1061269, 29
5981, 21, 0, 104, 36, 0, 45.31%, 0, 0, 7, 311.94, 1062793, 29
5986, 21, 0, 104, 36, 0, 45.31%, 0, 0, 7, 326.73, 1064447, 29
5991, 21, 0, 104, 36, 0, 45.31%, 0, 0, 7, 324.27, 1066052, 29
5997, 21, 0, 104, 36, 0, 45.31%, 0, 0, 7, 322.94, 1067679, 29
6002, 21, 0, 104, 36, 0, 45.31%, 0, 0, 7, 314.74, 1069323, 29
6007, 21, 0, 104, 36, 0, 45.31%, 0, 0, 7, 317.48, 1070898, 29
6012, 21, 0, 104, 36, 0, 45.31%, 0, 0, 7, 323.67, 1072573, 29
6017, 21, 12, 104, 36, 0, 45.31%, 0, 0, 7, 309.63, 1074116, 29
6022, 21, 0, 104, 36, 0, 45.31%, 0, 0, 7, 316.18, 1075698, 29
6027, 21, 0, 104, 36, 0, 45.31%, 0, 0, 7, 308.65, 1077285, 29
6032, 21, 0, 104, 36, 0, 45.31%, 0, 0, 7, 321.40, 1078890, 29
6037, 21, 0, 104, 36, 0, 45.31%, 0, 0, 7, 317.72, 1080450, 29
6042, 21, 0, 104, 36, 0, 45.31%, 0, 0, 7, 323.34, 1082061, 29
6047, 21, 0, 104, 36, 0, 45.31%, 0, 0, 7, 332.92, 1083723, 29
6052, 21, 0, 104, 36, 0, 45.31%, 0, 0, 7, 319.78, 1085388, 29
6057, 21, 0, 104, 36, 0, 45.31%, 0, 0, 7, 328.74, 1087062, 29
6062, 21, 0, 104, 36, 0, 45.31%, 0, 0, 7, 334.67, 1088739, 29
6068, 21, 15, 104, 36, 0, 45.31%, 0, 0, 7, 319.72, 1090368, 29
6073, 21, 0, 104, 36, 0, 45.31%, 0, 0, 7, 322.22, 1091973, 29
6078, 21, 0, 104, 36, 0, 45.31%, 0, 0, 7, 337.12, 1093638, 29
6083, 21, 33, 104, 36, 0, 45.31%, 0, 0, 7, 315.02, 1095212, 29
6088, 21, 0, 104, 36, 0, 45.31%, 0, 0, 7, 327.96, 1096909, 29
6093, 21, 0, 104, 36, 0, 45.31%, 0, 0, 7, 333.58, 1098631, 29
6098, 21, 0, 104, 36, 0, 45.31%, 0, 0, 7, 338.41, 1100314, 29
6103, 21, 0, 104, 36, 0, 45.31%, 0, 0, 7, 335.58, 1101967, 29
6108, 22, 0, 104, 36, 0, 45.31%, 0, 0, 7, 309.54, 1103509, 29
6113, 22, 0, 104, 36, 0, 45.31%, 0, 0, 7, 310.93, 1105090, 29
6118, 22, 94, 104, 36, 0, 45.31%, 0, 0, 7, 324.43, 1106748, 29
6123, 22, 0, 104, 36, 0, 45.31%, 0, 0, 7, 312.16, 1108308, 29
6128, 22, 0, 104, 36, 0, 45.31%, 0, 0, 7, 321.19, 1109910, 29
6133, 22, 0, 104, 36, 0, 45.31%, 0, 0, 7, 320.52, 1111521, 29
6138, 22, 0, 104, 36, 0, 45.31%, 0, 0, 7, 306.18, 1113018, 29
6143, 22, 0, 104, 36, 0, 45.31%, 0, 0, 7, 316.72, 1114626, 29
6148, 22, 68, 104, 36, 0, 45.31%, 0, 0, 7, 306.65, 1116109, 29
6154, 22, 0, 104, 36, 0, 45.31%, 0, 0, 7, 300.37, 1117586, 29
6159, 22, 0, 104, 36, 0, 45.31%, 0, 0, 7, 310.77, 1119161, 29
6164, 22, 0, 104, 36, 0, 45.31%, 0, 0, 7, 317.24, 1120812, 29
6169, 22, 20, 104, 36, 0, 45.31%, 0, 0, 7, 305.57, 1122364, 29
6174, 22, 0, 104, 36, 0, 45.31%, 0, 0, 7, 306.83, 1123897, 29
6179, 22, 21, 104, 36, 0, 45.31%, 0, 0, 7, 301.10, 1125430, 29
6184, 22, 0, 104, 36, 0, 45.31%, 0, 0, 7, 309.83, 1127003, 29
6189, 22, 0, 104, 36, 0, 45.31%, 0, 0, 7, 311.82, 1128596, 29
6194, 22, 28, 104, 36, 0, 45.31%, 0, 0, 7, 298.36, 1130122, 29
6199, 22, 0, 104, 36, 0, 45.31%, 0, 0, 7, 301.98, 1131628, 29
6204, 22, 0, 104, 36, 0, 45.31%, 0, 0, 7, 319.27, 1133275, 29
6209, 22, 21, 104, 36, 0, 45.31%, 0, 0, 7, 309.16, 1134829, 29
6214, 22, 0, 104, 36, 0, 45.31%, 0, 0, 7, 309.21, 1136432, 29
6219, 22, 77, 104, 36, 0, 45.31%, 0, 0, 7, 293.50, 1137914, 29
6225, 22, 0, 104, 35, 0, 45.31%, 0, 0, 7, 298.55, 1139435, 29
6230, 22, 0, 104, 35, 0, 45.31%, 0, 0, 7, 311.46, 1141020, 29
6235, 22, 0, 104, 35, 0, 45.31%, 0, 0, 7, 305.51, 1142568, 29
6240, 22, 0, 104, 35, 0, 45.31%, 0, 0, 7, 309.58, 1144167, 29
6245, 22, 0, 104, 35, 0, 45.31%, 0, 0, 7, 302.68, 1145710, 29
6250, 22, 28, 104, 35, 0, 45.31%, 0, 0, 7, 307.46, 1147236, 29
6255, 22, 0, 104, 35, 0, 45.31%, 0, 0, 7, 307.93, 1148790, 29
6260, 22, 15, 104, 35, 0, 45.31%, 0, 0, 7, 305.48, 1150383, 29
6265, 22, 0, 104, 35, 0, 45.31%, 0, 0, 7, 322.32, 1152055, 29
6270, 22, 68, 104, 35, 0, 45.31%, 0, 0, 7, 312.79, 1153609, 29
6275, 23, 0, 104, 35, 0, 45.31%, 0, 0, 7, 328.90, 1155302, 29
6281, 23, 0, 104, 35, 0, 45.31%, 0, 0, 7, 320.24, 1156977, 29
6286, 23, 0, 104, 35, 0, 45.31%, 0, 0, 7, 318.63, 1158580, 29
6291, 23, 20, 104, 35, 0, 45.31%, 0, 0, 7, 322.26, 1160218, 29
6296, 23, 0, 104, 35, 0, 45.31%, 0, 0, 7, 309.73, 1161761, 29
6301, 23, 0, 104, 35, 0, 45.31%, 0, 0, 7, 311.34, 1163432, 29
6306, 23, 33, 104, 35, 0, 45.31%, 0, 0, 7, 313.58, 1165028, 29
6311, 23, 0, 104, 35, 0, 45.31%, 0, 0, 7, 314.55, 1166589, 29
6316, 23, 0, 104, 35, 0, 45.31%, 0, 0, 7, 318.60, 1168242, 29
6322, 23, 0, 104, 35, 0, 45.31%, 0, 0, 7, 327.94, 1169964, 29
6327, 23, 68, 104, 35, 0, 45.31%, 0, 0, 7, 306.77, 1171475, 29
6332, 23, 0, 104, 35, 0, 45.31%, 0, 0, 7, 297.99, 1172961, 29
6337, 23, 21, 104, 35, 0, 45.31%, 0, 0, 7, 318.91, 1174591, 29
6342, 23, 0, 104, 35, 0, 45.31%, 0, 0, 7, 315.75, 1176175, 29
6347, 23, 0, 104, 35, 0, 45.31%, 0, 0, 7, 320.56, 1177796, 29
6352, 23, 0, 104, 35, 0, 45.31%, 0, 0, 7, 331.17, 1179479, 29
6357, 23, 0, 104, 35, 0, 45.31%, 0, 0, 7, 317.10, 1181063, 29
6362, 23, 0, 104, 35, 0, 45.31%, 0, 0, 7, 317.75, 1182680, 29
6367, 23, 0, 104, 35, 0, 45.31%, 0, 0, 7, 318.88, 1184342, 29
6372, 23, 0, 104, 35, 0, 45.31%, 0, 0, 7, 316.70, 1185880, 29
6377, 23, 0, 104, 35, 0, 45.31%, 0, 0, 7, 314.73, 1187452, 29
6382, 23, 0, 104, 35, 0, 45.31%, 0, 0, 7, 315.98, 1189051, 29
6387, 23, 0, 104, 35, 0, 45.31%, 0, 0, 7, 292.23, 1190544, 29
6392, 23, 0, 104, 35, 0, 45.31%, 0, 0, 7, 307.66, 1192131, 29
6397, 23, 0, 104, 35, 0, 45.31%, 0, 0, 7, 320.37, 1193754, 29
6402, 23, 21, 104, 35, 0, 45.31%, 0, 0, 7, 303.70, 1195264, 29
6407, 23, 0, 104, 35, 0, 45.31%, 0, 0, 7, 326.25, 1196923, 29
6413, 23, 0, 104, 35, 0, 45.31%, 0, 0, 7, 325.10, 1198612, 29
6418, 23, 0, 104, 35, 0, 45.31%, 0, 0, 7, 313.37, 1200158, 29
6423, 23, 32, 104, 35, 0, 45.31%, 0, 0, 7, 305.40, 1201728, 29
6428, 23, 28, 104, 35, 0, 45.31%, 0, 0, 7, 308.05, 1203333, 29
6433, 23, 20, 104, 35, 0, 45.31%, 0, 0, 7, 310.38, 1204948, 29
6438, 24, 0, 104, 35, 0, 45.31%, 0, 0, 7, 309.26, 1206561, 29
6443, 24, 0, 104, 35, 0, 45.31%, 0, 0, 7, 317.34, 1208158, 29
6448, 24, 0, 104, 35, 0, 45.31%, 0, 0, 7, 322.73, 1209763, 29
6453, 24, 0, 104, 35, 0, 45.31%, 0, 0, 7, 324.48, 1211413, 29
6458, 24, 0, 104, 35, 0, 45.31%, 0, 0, 7, 316.00, 1212959, 29
6463, 24, 40, 104, 35, 0, 45.31%, 0, 0, 7, 312.45, 1214549, 29
6468, 24, 0, 104, 35, 0, 45.31%, 0, 0, 7, 320.71, 1216155, 29
6474, 24, 40, 104, 35, 0, 45.31%, 0, 0, 7, 319.73, 1217783, 29
6479, 24, 0, 104, 35, 0, 45.31%, 0, 0, 7, 354.49, 1219537, 29
6484, 24, 15, 104, 35, 0, 45.31%, 0, 0, 7, 399.27, 1221637, 29
6489, 24, 94, 104, 35, 0, 45.31%, 0, 0, 7, 418.05, 1223758, 29
6494, 24, 0, 104, 35, 0, 45.31%, 0, 0, 7, 412.99, 1225839, 29
6499, 24, 0, 104, 34, 0, 45.31%, 0, 0, 7, 421.16, 1228000, 29
6504, 24, 28, 104, 34, 0, 45.31%, 0, 0, 7, 389.49, 1229987, 29
6509, 24, 0, 104, 34, 0, 45.31%, 0, 0, 7, 403.58, 1232133, 29
6514, 24, 0, 104, 34, 0, 45.31%, 0, 0, 7, 426.01, 1234308, 29
6519, 24, 33, 104, 34, 0, 45.31%, 0, 0, 7, 399.17, 1236357, 29
6524, 24, 0, 104, 34, 0, 45.31%, 0, 0, 7, 395.89, 1238453, 29
6529, 24, 32, 104, 34, 0, 45.31%, 0, 0, 7, 432.40, 1240653, 29
6534, 24, 20, 104, 34, 0, 45.31%, 0, 0, 7, 403.75, 1242639, 29
6539, 24, 68, 104, 34, 0, 45.31%, 0, 0, 7, 402.40, 1244732, 29
6544, 24, 0, 104, 34, 0, 45.31%, 0, 0, 7, 415.37, 1246828, 29
6549, 24, 0, 104, 34, 0, 45.31%, 0, 0, 7, 424.99, 1248988, 29
6554, 24, 0, 104, 34, 0, 45.31%, 0, 0, 7, 427.94, 1251088, 29
6560, 24, 0, 104, 34, 0, 45.31%, 0, 0, 7, 407.20, 1253157, 29
6565, 24, 68, 104, 34, 0, 45.31%, 0, 0, 7, 399.75, 1255199, 29
6570, 25, 0, 104, 34, 0, 45.31%, 0, 0, 7, 358.32, 1256928, 29
6575, 25, 33, 104, 34, 0, 45.31%, 0, 0, 7, 405.53, 1259015, 29
6580, 25, 0, 104, 34, 0, 45.31%, 0, 0, 7, 415.97, 1261119, 29
6585, 25, 94, 104, 34, 0, 45.31%, 0, 0, 7, 430.84, 1263344, 29
6590, 25, 0, 104, 34, 0, 45.31%, 0, 0, 7, 430.47, 1265507, 29
6595, 25, 94, 104, 34, 0, 45.31%, 0, 0, 7, 436.66, 1267736, 29
6600, 25, 0, 104, 34, 0, 45.31%, 0, 0, 7, 439.61, 1269882, 29
6605, 25, 82, 104, 34, 0, 45.31%, 0, 0, 7, 394.17, 1271922, 29
6610, 25, 0, 104, 33, 0, 45.31%, 0, 0, 7, 368.15, 1273730, 29
6615, 25, 0, 104, 33, 0, 45.31%, 0, 0, 7, 416.78, 1275891, 29
6620, 25, 0, 104, 33, 0, 45.31%, 0, 0, 7, 432.91, 1278109, 29
6625, 25, 0, 105, 34, 0, 45.31%, 0, 0, 7, 410.10, 1280082, 29
6630, 25, 0, 105, 34, 0, 45.31%, 0, 0, 7, 398.36, 1282095, 29
6635, 25, 0, 105, 34, 0, 45.31%, 0, 0, 7, 417.97, 1284208, 29
6640, 25, 0, 105, 34, 0, 45.31%, 0, 0, 7, 399.91, 1286365, 29
6645, 25, 0, 105, 34, 0, 45.31%, 0, 0, 7, 412.72, 1288479, 29
6650, 25, 59, 105, 34, 0, 45.31%, 0, 0, 7, 409.40, 1290546, 29
6656, 25, 28, 105, 33, 0, 45.31%, 0, 0, 7, 399.56, 1292577, 29
6661, 25, 0, 105, 33, 0, 45.31%, 0, 0, 7, 412.05, 1294711, 29
6666, 25, 0, 105, 33, 0, 45.31%, 0, 0, 7, 382.56, 1296733, 29
6671, 25, 0, 105, 33, 0, 45.31%, 0, 0, 7, 332.98, 1298286, 29
6676, 25, 0, 105, 33, 0, 45.31%, 0, 0, 7, 414.87, 1300552, 29
6681, 25, 0, 105, 33, 0, 45.31%, 0, 0, 7, 419.65, 1302719, 29
6687, 25, 0, 105, 33, 0, 45.31%, 0, 0, 7, 426.09, 1304934, 29
6692, 25, 0, 105, 33, 0, 45.31%, 0, 0, 7, 436.94, 1307176, 29
6697, 25, 68, 105, 33, 0, 45.31%, 0, 0, 7, 418.79, 1309241, 29
6702, 26, 0, 105, 33, 0, 45.31%, 0, 0, 7, 420.19, 1311350, 29
6707, 26, 0, 105, 33, 0, 45.31%, 0, 0, 7, 416.14, 1313413, 29
6712, 26, 0, 105, 33, 0, 45.31%, 0, 0, 7, 437.48, 1315636, 29
6717, 26, 0, 105, 33, 0, 45.31%, 0, 0, 7, 402.23, 1317744, 29
6722, 26, 0, 105, 33, 0, 45.31%, 0, 0, 7, 423.06, 1319946, 29
6727, 26, 0, 105, 33, 0, 45.31%, 0, 0, 7, 409.68, 1321954, 29
6732, 26, 0, 105, 33, 0, 45.31%, 0, 0, 7, 391.83, 1323962, 29
6737, 26, 0, 105, 33, 0, 45.31%, 0, 0, 7, 424.46, 1326132, 29
6743, 26, 0, 105, 33, 0, 45.31%, 0, 0, 7, 438.53, 1328410, 29
6748, 26, 20, 105, 33, 0, 45.31%, 0, 0, 7, 404.35, 1330451, 29
6753, 26, 0, 105, 33, 0, 45.31%, 0, 0, 7, 412.32, 1332525, 29
6758, 26, 0, 105, 33, 0, 45.31%, 0, 0, 7, 428.12, 1334758, 29
6763, 26, 0, 105, 33, 0, 45.31%, 0, 0, 7, 434.83, 1336933, 29
6768, 26, 68, 105, 33, 0, 45.31%, 0, 0, 7, 437.96, 1339164, 29
6773, 26, 0, 105, 33, 0, 45.31%, 0, 0, 7, 424.09, 1341310, 29
6778, 26, 0, 105, 33, 0, 45.31%, 0, 0, 7, 430.87, 1343476, 29
6783, 26, 68, 105, 33, 0, 45.31%, 0, 0, 7, 429.36, 1345691, 29
6789, 26, 0, 105, 33, 0, 45.31%, 0, 0, 7, 411.62, 1347760, 29
6794, 26, 0, 105, 33, 0, 45.31%, 0, 0, 7, 404.97, 1349866, 29
6799, 26, 0, 105, 33, 0, 45.31%, 0, 0, 7, 419.84, 1351977, 29
6804, 26, 0, 105, 33, 0, 45.31%, 0, 0, 7, 432.63, 1354177, 29
6809, 26, 40, 105, 33, 0, 45.31%, 0, 0, 7, 409.15, 1356224, 29
6812, 26, 68, 105, 33, 0, 45.31%, 1, 0, 7, 0.00, 1357467, 29
