# relative_time, cycles_done, cur_item, corpus_count, pending_total, pending_favs, map_size, saved_crashes, saved_hangs, max_depth, execs_per_sec, total_execs, edges_found
63, 0, 0, 18, 18, 1, 30.43%, 0, 0, 2, 3.77, 3144, 21
94, 0, 0, 19, 19, 1, 30.43%, 0, 0, 2, 0.42, 5488, 21
99, 0, 0, 19, 19, 1, 30.43%, 0, 0, 2, 602.94, 8485, 21
122, 0, 0, 19, 19, 1, 30.43%, 0, 0, 2, 5.51, 9529, 21
127, 0, 0, 20, 20, 1, 30.43%, 0, 0, 2, 672.11, 12546, 21
152, 0, 0, 20, 20, 1, 30.43%, 0, 0, 2, 4.26, 12793, 21
157, 0, 0, 20, 20, 1, 30.43%, 0, 0, 2, 601.69, 15992, 21
177, 0, 0, 20, 20, 1, 30.43%, 0, 0, 2, 0.54, 16220, 21
182, 0, 0, 21, 21, 1, 30.43%, 0, 0, 2, 603.70, 19323, 21
203, 0, 0, 21, 21, 1, 30.43%, 0, 0, 2, 6.68, 20043, 21
208, 0, 0, 22, 22, 1, 33.33%, 0, 0, 2, 661.00, 23350, 23
231, 0, 0, 22, 22, 1, 33.33%, 0, 0, 2, 0.05, 24404, 23
236, 0, 0, 22, 22, 1, 33.33%, 0, 0, 2, 647.15, 27783, 23
260, 0, 0, 22, 22, 1, 33.33%, 0, 0, 2, 5.10, 28355, 23
265, 0, 0, 24, 24, 1, 34.78%, 0, 0, 2, 738.05, 32182, 24
286, 0, 0, 24, 24, 1, 34.78%, 0, 0, 2, 4.75, 33439, 24
291, 0, 0, 24, 24, 1, 34.78%, 0, 0, 2, 703.29, 37012, 24
304, 0, 0, 24, 24, 1, 34.78%, 0, 0, 2, 2.65, 38818, 24
320, 0, 0, 24, 24, 1, 34.78%, 0, 0, 2, 0.36, 38823, 24
325, 0, 0, 25, 25, 1, 36.23%, 0, 0, 2, 769.37, 42778, 25
352, 0, 0, 25, 25, 1, 36.23%, 0, 0, 2, 5.24, 44453, 25
357, 0, 0, 25, 25, 1, 36.23%, 0, 0, 2, 589.72, 47462, 25
383, 0, 0, 25, 25, 1, 36.23%, 0, 0, 2, 3.70, 48683, 25
388, 0, 0, 25, 25, 1, 36.23%, 0, 0, 2, 647.49, 51943, 25
401, 0, 0, 25, 25, 1, 36.23%, 0, 0, 2, 10.08, 53206, 25
409, 0, 0, 25, 25, 1, 36.23%, 0, 0, 2, 8.95, 53986, 25
420, 0, 0, 25, 25, 1, 36.23%, 0, 0, 2, 0.37, 53990, 25
425, 0, 0, 25, 25, 1, 36.23%, 0, 0, 2, 717.79, 57613, 25
446, 0, 0, 25, 25, 1, 36.23%, 0, 0, 2, 0.12, 58737, 25
451, 0, 0, 25, 25, 1, 36.23%, 0, 0, 2, 713.04, 62373, 25
471, 0, 0, 25, 25, 1, 36.23%, 0, 0, 2, 7.76, 63684, 25
476, 0, 0, 25, 25, 1, 36.23%, 0, 0, 2, 684.76, 67329, 25
489, 0, 0, 25, 25, 1, 36.23%, 0, 0, 2, 8.68, 67870, 25
506, 0, 0, 25, 25, 1, 36.23%, 0, 0, 2, 10.27, 71095, 25
511, 0, 0, 25, 25, 1, 36.23%, 0, 0, 2, 706.11, 74917, 25
527, 0, 0, 25, 25, 1, 36.23%, 0, 0, 2, 9.21, 76555, 25
532, 0, 0, 25, 25, 1, 36.23%, 0, 0, 2, 704.67, 80307, 25
540, 0, 0, 25, 25, 1, 36.23%, 0, 0, 2, 11.73, 82225, 25
548, 0, 0, 25, 25, 1, 36.23%, 0, 0, 2, 0.13, 82226, 25
553, 0, 0, 25, 25, 1, 36.23%, 0, 0, 2, 778.40, 86203, 25
562, 0, 0, 25, 25, 1, 36.23%, 0, 0, 2, 17.09, 87928, 25
576, 0, 0, 26, 26, 1, 36.23%, 0, 0, 2, 6.24, 91265, 25
581, 0, 0, 26, 26, 1, 36.23%, 0, 0, 2, 774.36, 95195, 25
590, 0, 0, 26, 26, 1, 36.23%, 0, 0, 2, 25.89, 97280, 25
602, 0, 0, 26, 26, 1, 36.23%, 0, 0, 2, 3.91, 101165, 25
607, 0, 0, 26, 26, 1, 36.23%, 0, 0, 2, 779.06, 105185, 25
614, 0, 0, 26, 26, 1, 36.23%, 0, 0, 2, 13.43, 106970, 25
619, 0, 0, 26, 26, 1, 36.23%, 0, 0, 2, 804.81, 111010, 25
630, 0, 0, 26, 26, 1, 36.23%, 0, 0, 2, 14.33, 113720, 25
635, 0, 0, 26, 26, 1, 36.23%, 0, 0, 2, 803.33, 117755, 25
649, 0, 0, 26, 26, 1, 36.23%, 0, 0, 2, 7.03, 120740, 25
654, 0, 0, 26, 26, 1, 36.23%, 0, 0, 2, 817.36, 124850, 25
661, 0, 0, 26, 26, 1, 36.23%, 0, 0, 2, 38.85, 128146, 25
666, 0, 0, 26, 26, 1, 36.23%, 0, 0, 2, 791.81, 132140, 25
674, 0, 0, 26, 26, 1, 36.23%, 0, 0, 2, 16.18, 134045, 25
679, 0, 0, 26, 26, 1, 36.23%, 0, 0, 2, 814.93, 138274, 25
684, 0, 0, 26, 26, 1, 36.23%, 0, 0, 2, 801.98, 142220, 25
689, 0, 0, 27, 27, 1, 37.68%, 0, 0, 2, 786.13, 146142, 26
695, 0, 0, 27, 27, 1, 37.68%, 0, 0, 2, 64.70, 148662, 26
700, 0, 0, 28, 28, 1, 37.68%, 0, 0, 2, 816.96, 152880, 26
705, 0, 0, 28, 28, 1, 37.68%, 0, 0, 2, 801.28, 155554, 26
710, 0, 0, 28, 28, 1, 37.68%, 0, 0, 2, 801.36, 159544, 26
715, 0, 0, 28, 28, 1, 37.68%, 0, 0, 2, 814.24, 163600, 26
720, 0, 0, 28, 28, 1, 37.68%, 0, 0, 2, 803.73, 167616, 26
725, 0, 0, 28, 28, 1, 37.68%, 0, 0, 2, 798.70, 171600, 26
734, 0, 0, 28, 28, 1, 37.68%, 0, 0, 2, 7.29, 175459, 26
739, 0, 0, 28, 28, 1, 37.68%, 0, 0, 2, 820.51, 179712, 26
744, 0, 0, 28, 28, 1, 37.68%, 0, 0, 2, 815.05, 183728, 26
749, 0, 0, 28, 28, 1, 37.68%, 0, 0, 2, 838.00, 188080, 26
755, 0, 0, 28, 28, 1, 37.68%, 0, 0, 2, 800.08, 192049, 26
761, 0, 0, 29, 29, 1, 37.68%, 0, 0, 2, 29.80, 194999, 26
766, 0, 0, 29, 29, 1, 37.68%, 0, 0, 2, 757.76, 199121, 26
771, 0, 0, 29, 29, 1, 37.68%, 0, 0, 2, 793.59, 203207, 26
776, 0, 0, 29, 29, 1, 37.68%, 0, 0, 2, 858.51, 207252, 26
781, 0, 0, 29, 29, 1, 37.68%, 0, 0, 2, 818.87, 211383, 26
787, 0, 0, 29, 29, 1, 37.68%, 0, 0, 2, 21.30, 214706, 26
793, 0, 0, 29, 29, 1, 37.68%, 0, 0, 2, 817.61, 218919, 26
798, 0, 0, 29, 29, 1, 37.68%, 0, 0, 2, 821.28, 223079, 26
803, 0, 0, 29, 29, 1, 37.68%, 0, 0, 2, 827.54, 227335, 26
808, 0, 0, 29, 29, 1, 37.68%, 0, 0, 2, 832.88, 231655, 26
815, 0, 0, 29, 29, 1, 37.68%, 0, 0, 2, 4.40, 234086, 26
820, 0, 0, 29, 29, 1, 37.68%, 0, 0, 2, 814.35, 238247, 26
825, 0, 0, 29, 29, 1, 37.68%, 0, 0, 2, 840.95, 242567, 26
830, 0, 0, 29, 29, 1, 37.68%, 0, 0, 2, 845.11, 246855, 26
836, 0, 0, 29, 29, 1, 37.68%, 0, 0, 2, 816.92, 251079, 26
841, 0, 0, 30, 30, 1, 39.13%, 0, 0, 2, 826.98, 254782, 27
846, 0, 0, 30, 30, 1, 39.13%, 0, 0, 2, 815.43, 258814, 27
851, 0, 0, 30, 30, 1, 39.13%, 0, 0, 2, 823.49, 262910, 27
856, 0, 0, 30, 30, 1, 39.13%, 0, 0, 2, 824.12, 267182, 27
861, 0, 0, 30, 30, 1, 39.13%, 0, 0, 2, 804.73, 271278, 27
866, 0, 0, 30, 30, 1, 39.13%, 0, 0, 2, 809.55, 275358, 27
871, 0, 0, 30, 30, 1, 39.13%, 0, 0, 2, 106.38, 279228, 27
876, 0, 0, 30, 30, 1, 39.13%, 0, 0, 2, 819.26, 283406, 27
881, 0, 0, 30, 30, 1, 39.13%, 0, 0, 2, 810.67, 287454, 27
886, 0, 0, 30, 30, 1, 39.13%, 0, 0, 2, 818.17, 291550, 27
891, 0, 0, 30, 30, 1, 39.13%, 0, 0, 2, 806.31, 295662, 27
896, 0, 0, 30, 30, 1, 39.13%, 0, 0, 2, 815.71, 299774, 27
901, 0, 0, 30, 30, 1, 39.13%, 0, 0, 2, 822.50, 303870, 27
907, 0, 0, 30, 30, 1, 39.13%, 0, 0, 2, 821.81, 308030, 27
912, 0, 29, 35, 32, 4, 39.13%, 0, 0, 3, 823.49, 312191, 27
917, 0, 29, 42, 39, 4, 42.03%, 0, 0, 3, 800.33, 316224, 29
922, 0, 29, 43, 40, 4, 42.03%, 0, 0, 3, 801.00, 320420, 29
927, 0, 37, 48, 39, 3, 42.03%, 0, 0, 4, 817.92, 324504, 29
932, 0, 43, 51, 38, 0, 42.03%, 0, 0, 4, 809.06, 328610, 29
937, 0, 50, 54, 41, 0, 42.03%, 0, 0, 5, 822.17, 332918, 29
942, 0, 39, 55, 42, 0, 42.03%, 0, 0, 5, 815.68, 337034, 29
947, 0, 43, 57, 44, 0, 42.03%, 0, 0, 5, 846.35, 341430, 29
952, 0, 50, 58, 45, 0, 42.03%, 0, 0, 5, 845.37, 345649, 29
957, 0, 43, 59, 46, 0, 42.03%, 0, 0, 5, 838.57, 349915, 29
962, 0, 30, 61, 47, 0, 42.03%, 0, 0, 5, 844.93, 354119, 29
967, 0, 30, 61, 47, 0, 42.03%, 0, 0, 5, 852.61, 358370, 29
972, 0, 43, 61, 47, 0, 42.03%, 0, 0, 5, 829.48, 362473, 29
978, 0, 43, 61, 47, 0, 42.03%, 0, 0, 5, 816.21, 366740, 29
983, 0, 30, 61, 47, 0, 42.03%, 0, 0, 5, 812.35, 370862, 29
988, 0, 43, 62, 47, 0, 42.03%, 0, 0, 5, 828.00, 375091, 29
993, 1, 33, 63, 48, 0, 42.03%, 0, 0, 5, 841.18, 379509, 29
998, 1, 43, 67, 50, 0, 42.03%, 0, 0, 6, 852.05, 383998, 29
1003, 1, 43, 68, 51, 0, 42.03%, 0, 0, 6, 812.83, 388018, 29
1008, 1, 30, 69, 51, 0, 42.03%, 0, 0, 6, 826.21, 392332, 29
1013, 1, 43, 71, 53, 0, 42.03%, 0, 0, 6, 835.24, 396524, 29
1019, 1, 43, 72, 53, 0, 42.03%, 1, 0, 6, 806.98, 400812, 29
1019, 1, 43, 72, 53, 0, 42.03%, 1, 0, 6, 0.00, 400812, 29
