# relative_time, cycles_done, cur_item, corpus_count, pending_total, pending_favs, map_size, saved_crashes, saved_hangs, max_depth, execs_per_sec, total_execs, edges_found
64, 3, 17, 19, 13, 0, 27.54%, 0, 0, 4, 212.56, 37044, 19
69, 3, 14, 19, 12, 0, 27.54%, 0, 0, 4, 692.90, 41491, 19
74, 3, 0, 19, 11, 0, 27.54%, 0, 0, 4, 804.32, 45672, 19
86, 3, 18, 21, 13, 0, 28.99%, 0, 0, 4, 16.04, 47778, 20
92, 3, 0, 21, 12, 0, 28.99%, 0, 0, 4, 892.93, 52414, 20
97, 4, 0, 21, 12, 0, 28.99%, 0, 0, 4, 830.21, 56732, 20
102, 4, 20, 21, 12, 0, 28.99%, 0, 0, 4, 810.42, 60975, 20
107, 4, 20, 21, 12, 0, 28.99%, 0, 0, 4, 861.09, 65229, 20
112, 4, 20, 21, 12, 0, 28.99%, 0, 0, 4, 849.38, 69156, 20
121, 4, 20, 21, 12, 0, 28.99%, 0, 0, 4, 33.74, 72588, 20
126, 5, 20, 21, 12, 0, 28.99%, 0, 0, 4, 887.85, 77024, 20
131, 5, 0, 21, 12, 0, 28.99%, 0, 0, 4, 864.09, 81225, 20
136, 5, 20, 21, 12, 0, 28.99%, 0, 0, 4, 874.50, 85684, 20
141, 5, 20, 21, 12, 0, 28.99%, 0, 0, 4, 870.37, 89933, 20
146, 5, 20, 21, 12, 0, 28.99%, 0, 0, 4, 866.31, 94359, 20
155, 5, 0, 21, 12, 0, 28.99%, 0, 0, 4, 16.87, 97537, 20
160, 6, 12, 21, 12, 0, 28.99%, 0, 0, 4, 871.83, 101909, 20
165, 6, 0, 21, 11, 0, 28.99%, 0, 0, 4, 885.27, 106326, 20
170, 7, 0, 21, 11, 0, 28.99%, 0, 0, 4, 875.35, 110628, 20
175, 7, 18, 21, 11, 0, 28.99%, 0, 0, 4, 872.96, 115083, 20
181, 7, 0, 21, 11, 0, 28.99%, 0, 0, 4, 878.74, 119521, 20
186, 8, 0, 21, 10, 0, 28.99%, 0, 0, 4, 880.44, 123858, 20
191, 8, 17, 21, 9, 0, 28.99%, 0, 0, 4, 841.39, 128359, 20
196, 9, 18, 21, 9, 0, 28.99%, 0, 0, 4, 865.90, 132690, 20
201, 9, 0, 21, 8, 0, 28.99%, 0, 0, 4, 870.80, 137107, 20
206, 10, 0, 21, 8, 0, 28.99%, 0, 0, 4, 883.07, 141580, 20
211, 10, 0, 21, 8, 0, 28.99%, 0, 0, 4, 895.30, 145983, 20
216, 10, 0, 22, 9, 0, 28.99%, 0, 0, 4, 903.71, 150365, 20
222, 11, 0, 22, 9, 0, 28.99%, 0, 0, 4, 889.54, 154830, 20
228, 11, 0, 23, 9, 0, 33.33%, 0, 0, 4, 33.69, 157764, 23
233, 11, 22, 29, 15, 0, 37.68%, 0, 0, 4, 897.62, 162278, 26
238, 11, 22, 31, 17, 0, 40.58%, 0, 0, 4, 891.09, 166695, 28
243, 11, 22, 35, 21, 0, 40.58%, 0, 0, 4, 885.27, 171124, 28
249, 11, 29, 39, 23, 3, 40.58%, 0, 0, 4, 875.93, 175705, 28
254, 11, 29, 43, 27, 3, 40.58%, 0, 0, 4, 879.39, 180294, 28
259, 11, 29, 43, 27, 3, 40.58%, 0, 0, 4, 873.62, 184663, 28
264, 11, 30, 44, 25, 0, 40.58%, 0, 0, 4, 877.02, 189223, 28
269, 11, 30, 46, 27, 0, 40.58%, 0, 0, 4, 886.57, 192104, 28
274, 11, 37, 49, 29, 0, 42.03%, 0, 0, 5, 878.97, 196134, 29
279, 11, 48, 50, 29, 0, 42.03%, 0, 0, 6, 862.64, 200564, 29
284, 11, 0, 53, 31, 0, 42.03%, 0, 0, 6, 912.20, 204820, 29
290, 11, 26, 54, 32, 0, 42.03%, 0, 0, 6, 890.99, 209205, 29
295, 12, 0, 55, 33, 0, 42.03%, 0, 0, 6, 898.51, 213813, 29
300, 12, 0, 56, 34, 0, 42.03%, 0, 0, 6, 888.11, 218303, 29
306, 12, 19, 56, 34, 0, 42.03%, 0, 0, 6, 4.49, 222149, 29
311, 12, 26, 56, 31, 0, 42.03%, 0, 0, 6, 878.12, 226696, 29
316, 12, 22, 56, 31, 0, 42.03%, 0, 0, 6, 889.60, 231184, 29
322, 12, 54, 56, 30, 0, 42.03%, 0, 0, 6, 889.78, 235628, 29
327, 12, 0, 58, 31, 0, 42.03%, 0, 0, 6, 888.12, 240039, 29
332, 13, 29, 58, 31, 0, 42.03%, 0, 0, 6, 876.22, 244347, 29
337, 13, 29, 58, 31, 0, 42.03%, 0, 0, 6, 913.62, 248806, 29
342, 13, 17, 58, 31, 0, 42.03%, 0, 0, 6, 904.58, 253343, 29
347, 13, 19, 58, 31, 0, 42.03%, 0, 0, 6, 906.61, 257756, 29
352, 13, 0, 58, 30, 0, 42.03%, 0, 0, 6, 904.22, 262304, 29
357, 13, 0, 59, 30, 0, 42.03%, 0, 0, 6, 896.58, 266757, 29
362, 13, 0, 59, 30, 0, 42.03%, 0, 0, 6, 906.99, 271091, 29
367, 14, 46, 59, 30, 0, 42.03%, 0, 0, 6, 913.28, 275546, 29
373, 14, 0, 59, 30, 0, 42.03%, 0, 0, 6, 918.03, 280182, 29
378, 14, 0, 60, 30, 0, 42.03%, 0, 0, 6, 916.97, 284748, 29
383, 14, 0, 60, 30, 0, 42.03%, 0, 0, 6, 912.04, 289222, 29
388, 14, 0, 60, 30, 0, 42.03%, 0, 0, 6, 919.07, 293705, 29
393, 14, 30, 60, 30, 0, 42.03%, 0, 0, 6, 911.70, 298259, 29
398, 15, 0, 60, 30, 0, 42.03%, 0, 0, 6, 908.05, 302789, 29
403, 15, 46, 60, 30, 0, 42.03%, 0, 0, 6, 895.20, 307295, 29
408, 15, 0, 60, 30, 0, 42.03%, 0, 0, 6, 904.64, 311810, 29
414, 15, 0, 60, 30, 0, 42.03%, 0, 0, 6, 885.50, 316350, 29
419, 15, 0, 60, 30, 0, 42.03%, 0, 0, 6, 86.96, 320879, 29
424, 15, 0, 60, 30, 0, 42.03%, 0, 0, 6, 880.60, 325512, 29
429, 16, 0, 60, 30, 0, 42.03%, 0, 0, 6, 873.13, 329966, 29
434, 16, 0, 60, 30, 0, 42.03%, 0, 0, 6, 905.62, 334714, 29
439, 16, 0, 60, 30, 0, 42.03%, 0, 0, 6, 902.96, 339241, 29
444, 16, 0, 60, 30, 0, 42.03%, 0, 0, 6, 908.48, 343773, 29
449, 16, 58, 60, 30, 0, 42.03%, 0, 0, 6, 885.92, 348346, 29
454, 16, 17, 61, 30, 0, 42.03%, 0, 0, 6, 886.83, 352862, 29
459, 16, 0, 61, 30, 0, 42.03%, 0, 0, 6, 904.67, 357400, 29
464, 17, 0, 61, 30, 0, 42.03%, 0, 0, 6, 904.27, 362049, 29
469, 17, 0, 61, 30, 0, 42.03%, 0, 0, 6, 880.18, 366618, 29
474, 17, 0, 61, 30, 0, 42.03%, 0, 0, 6, 901.88, 371123, 29
480, 17, 30, 61, 30, 0, 42.03%, 0, 0, 6, 883.75, 375680, 29
485, 17, 22, 62, 31, 0, 42.03%, 0, 0, 6, 903.24, 380378, 29
490, 17, 0, 62, 31, 0, 42.03%, 0, 0, 6, 915.45, 384923, 29
495, 18, 61, 63, 32, 0, 42.03%, 0, 0, 6, 898.19, 389345, 29
500, 18, 0, 64, 32, 0, 42.03%, 0, 0, 6, 898.42, 393928, 29
505, 18, 63, 64, 32, 0, 42.03%, 0, 0, 6, 887.65, 398613, 29
510, 18, 0, 64, 31, 0, 42.03%, 0, 0, 6, 865.88, 403158, 29
515, 18, 17, 64, 31, 0, 42.03%, 0, 0, 6, 509.44, 407794, 29
520, 18, 0, 64, 31, 0, 42.03%, 0, 0, 6, 836.53, 412392, 29
526, 18, 0, 64, 31, 0, 42.03%, 0, 0, 6, 897.18, 417026, 29
531, 19, 26, 64, 31, 0, 42.03%, 0, 0, 6, 916.62, 421717, 29
536, 19, 46, 64, 31, 0, 42.03%, 0, 0, 6, 908.29, 426287, 29
541, 19, 55, 64, 30, 0, 42.03%, 0, 0, 6, 553.01, 430924, 29
546, 19, 0, 64, 29, 0, 42.03%, 0, 0, 6, 824.50, 435408, 29
551, 19, 0, 64, 28, 0, 42.03%, 0, 0, 6, 888.47, 439962, 29
556, 19, 0, 64, 28, 0, 42.03%, 0, 0, 6, 915.18, 444693, 29
561, 19, 0, 64, 28, 0, 42.03%, 0, 0, 6, 910.09, 449238, 29
566, 20, 0, 64, 28, 0, 42.03%, 0, 0, 6, 922.78, 453919, 29
571, 20, 0, 64, 27, 0, 42.03%, 0, 0, 6, 914.98, 458512, 29
577, 20, 0, 64, 27, 0, 42.03%, 0, 0, 6, 928.20, 463228, 29
582, 20, 30, 64, 27, 0, 42.03%, 0, 0, 6, 916.06, 467846, 29
586, 20, 0, 64, 27, 0, 42.03%, 1, 0, 6, 0.00, 471743, 29
