# relative_time, cycles_done, cur_item, corpus_count, pending_total, pending_favs, map_size, saved_crashes, saved_hangs, max_depth, execs_per_sec, total_execs, edges_found
64, 0, 17, 23, 10, 0, 39.13%, 0, 0, 6, 910.04, 39242, 27
69, 0, 16, 26, 13, 0, 39.13%, 0, 0, 6, 895.86, 43813, 27
74, 1, 16, 29, 16, 0, 39.13%, 0, 0, 6, 877.81, 48281, 27
87, 1, 16, 29, 16, 0, 39.13%, 0, 0, 6, 7.39, 50701, 27
92, 1, 17, 29, 15, 0, 39.13%, 0, 0, 6, 922.55, 55469, 27
97, 2, 1, 30, 16, 0, 39.13%, 0, 0, 6, 916.06, 60085, 27
102, 2, 16, 32, 17, 0, 39.13%, 0, 0, 6, 898.71, 64499, 27
108, 2, 7, 39, 23, 0, 39.13%, 0, 0, 7, 900.29, 69006, 27
113, 2, 39, 43, 26, 0, 39.13%, 0, 0, 8, 906.32, 73524, 27
121, 2, 40, 44, 25, 0, 39.13%, 0, 0, 8, 38.42, 77161, 27
127, 2, 11, 48, 28, 0, 39.13%, 0, 0, 9, 913.70, 81916, 27
132, 2, 7, 51, 29, 0, 40.58%, 0, 0, 10, 904.19, 86586, 28
137, 3, 7, 52, 29, 0, 40.58%, 0, 0, 10, 907.80, 91163, 28
142, 3, 16, 52, 29, 0, 40.58%, 0, 0, 10, 900.58, 95690, 28
147, 3, 21, 52, 28, 0, 40.58%, 0, 0, 10, 897.97, 100173, 28
156, 3, 16, 53, 27, 0, 42.03%, 0, 0, 10, 31.16, 103638, 29
158, 3, 52, 53, 26, 0, 42.03%, 1, 0, 10, 0.00, 105842, 29
