# relative_time, cycles_done, cur_item, corpus_count, pending_total, pending_favs, map_size, saved_crashes, saved_hangs, max_depth, execs_per_sec, total_execs, edges_found
63, 0, 0, 20, 20, 1, 37.29%, 0, 0, 2, 3.29, 3310, 22
93, 0, 0, 23, 23, 1, 42.37%, 0, 0, 2, 1.73, 5677, 25
98, 0, 0, 24, 24, 1, 44.07%, 0, 0, 2, 596.31, 8214, 26
122, 0, 0, 24, 24, 1, 44.07%, 0, 0, 2, 4.46, 9765, 26
127, 0, 0, 25, 25, 1, 45.76%, 0, 0, 2, 290.82, 12920, 27
152, 0, 0, 25, 25, 1, 45.76%, 0, 0, 2, 5.72, 13060, 27
157, 0, 0, 25, 25, 1, 45.76%, 0, 0, 2, 621.16, 16216, 27
178, 0, 0, 25, 25, 1, 45.76%, 0, 0, 2, 4.10, 16528, 27
183, 0, 0, 28, 28, 1, 45.76%, 0, 0, 2, 627.35, 19753, 27
203, 0, 0, 28, 28, 1, 45.76%, 0, 0, 2, 2.39, 20412, 27
208, 0, 0, 30, 30, 1, 49.15%, 0, 0, 2, 669.40, 23741, 29
231, 0, 20, 33, 31, 5, 49.15%, 0, 0, 3, 7.27, 24812, 29
236, 0, 26, 39, 31, 0, 49.15%, 0, 0, 4, 655.12, 28200, 29
260, 0, 26, 41, 33, 0, 49.15%, 0, 0, 4, 6.09, 28804, 29
265, 0, 29, 46, 35, 0, 49.15%, 0, 0, 4, 746.25, 32633, 29
286, 0, 42, 47, 36, 0, 50.85%, 0, 0, 5, 5.16, 33937, 30
291, 0, 42, 48, 37, 0, 50.85%, 0, 0, 5, 142.32, 37565, 30
307, 0, 42, 48, 37, 0, 50.85%, 0, 0, 5, 7.94, 39405, 30
320, 0, 42, 48, 37, 0, 50.85%, 0, 0, 5, 0.07, 39406, 30
325, 0, 38, 50, 37, 0, 50.85%, 0, 0, 6, 783.78, 43404, 30
352, 0, 46, 51, 38, 0, 50.85%, 0, 0, 6, 5.24, 45137, 30
357, 0, 46, 52, 39, 0, 50.85%, 0, 0, 6, 600.89, 48179, 30
383, 0, 46, 52, 39, 0, 50.85%, 0, 0, 6, 4.08, 49414, 30
388, 0, 35, 55, 42, 0, 50.85%, 0, 0, 6, 654.68, 52705, 30
401, 0, 35, 55, 42, 0, 50.85%, 0, 0, 6, 10.34, 54003, 30
420, 0, 46, 56, 43, 0, 50.85%, 0, 0, 6, 2.33, 54782, 30
425, 0, 42, 57, 44, 0, 50.85%, 0, 0, 6, 730.04, 58436, 30
446, 0, 47, 58, 45, 0, 50.85%, 0, 0, 6, 0.06, 59603, 30
451, 0, 42, 58, 45, 0, 50.85%, 0, 0, 6, 713.45, 63298, 30
471, 0, 46, 58, 45, 0, 50.85%, 0, 0, 6, 8.89, 64623, 30
476, 0, 46, 58, 45, 0, 50.85%, 0, 0, 6, 149.23, 68307, 30
489, 0, 29, 58, 45, 0, 50.85%, 0, 0, 6, 10.49, 68857, 30
506, 0, 46, 58, 45, 0, 50.85%, 0, 0, 6, 8.17, 72134, 30
511, 0, 46, 58, 45, 0, 50.85%, 0, 0, 6, 738.39, 75865, 30
527, 0, 29, 58, 45, 0, 50.85%, 0, 0, 6, 11.52, 77698, 30
532, 0, 46, 58, 45, 0, 50.85%, 0, 0, 6, 709.23, 81458, 30
548, 0, 42, 58, 45, 0, 50.85%, 0, 0, 6, 10.27, 83409, 30
553, 0, 46, 58, 45, 0, 50.85%, 0, 0, 6, 787.33, 87471, 30
563, 0, 46, 58, 45, 0, 50.85%, 0, 0, 6, 2.32, 89193, 30
576, 0, 46, 58, 45, 0, 50.85%, 0, 0, 6, 4.70, 92567, 30
581, 1, 46, 58, 45, 0, 50.85%, 0, 0, 6, 797.45, 96742, 30
590, 1, 35, 58, 45, 0, 50.85%, 0, 0, 6, 27.40, 98692, 30
602, 1, 42, 58, 44, 0, 50.85%, 0, 0, 6, 18.45, 102663, 30
607, 1, 57, 60, 45, 0, 50.85%, 0, 0, 6, 795.76, 106783, 30
614, 1, 46, 61, 45, 0, 50.85%, 0, 0, 6, 10.12, 108565, 30
619, 1, 35, 61, 45, 0, 50.85%, 0, 0, 6, 823.58, 112651, 30
630, 1, 35, 62, 45, 0, 50.85%, 0, 0, 6, 16.60, 115486, 30
635, 1, 47, 62, 45, 0, 50.85%, 0, 0, 6, 789.72, 119670, 30
649, 1, 46, 62, 45, 0, 50.85%, 0, 0, 6, 10.55, 122548, 30
654, 1, 46, 62, 45, 0, 50.85%, 0, 0, 6, 814.77, 126611, 30
661, 1, 46, 62, 45, 0, 50.85%, 0, 0, 6, 8.07, 130009, 30
666, 1, 46, 65, 47, 0, 50.85%, 0, 0, 6, 789.70, 134110, 30
674, 1, 46, 66, 48, 0, 50.85%, 0, 0, 6, 21.40, 135862, 30
679, 1, 29, 66, 48, 0, 50.85%, 0, 0, 6, 825.50, 140051, 30
684, 1, 46, 66, 48, 0, 50.85%, 0, 0, 6, 813.03, 144202, 30
689, 1, 46, 66, 47, 0, 50.85%, 0, 0, 6, 798.87, 148270, 30
695, 1, 42, 66, 47, 0, 50.85%, 0, 0, 6, 22.77, 150685, 30
700, 2, 38, 67, 47, 0, 50.85%, 0, 0, 6, 833.77, 154811, 30
705, 2, 46, 71, 51, 0, 50.85%, 0, 0, 6, 814.16, 157509, 30
710, 2, 47, 80, 60, 0, 50.85%, 0, 0, 6, 811.57, 161583, 30
715, 2, 47, 81, 61, 0, 50.85%, 0, 0, 6, 822.52, 165689, 30
720, 2, 65, 83, 63, 0, 50.85%, 0, 0, 7, 824.03, 169915, 30
725, 2, 81, 83, 62, 0, 50.85%, 0, 0, 7, 748.13, 173594, 30
734, 2, 46, 83, 60, 0, 50.85%, 0, 0, 7, 36.49, 177364, 30
739, 2, 46, 83, 60, 0, 50.85%, 0, 0, 7, 826.65, 181626, 30
744, 2, 46, 83, 58, 0, 50.85%, 0, 0, 7, 806.98, 185680, 30
750, 2, 42, 84, 59, 0, 50.85%, 0, 0, 7, 830.35, 189965, 30
755, 2, 49, 85, 58, 0, 50.85%, 0, 0, 7, 814.57, 194140, 30
761, 2, 42, 85, 57, 0, 50.85%, 0, 0, 7, 30.22, 196905, 30
766, 2, 86, 87, 59, 0, 50.85%, 0, 0, 7, 660.89, 200265, 30
771, 2, 46, 87, 57, 0, 50.85%, 0, 0, 7, 771.16, 204362, 30
776, 2, 46, 87, 56, 0, 50.85%, 0, 0, 7, 783.36, 208433, 30
781, 3, 48, 87, 55, 0, 50.85%, 0, 0, 7, 809.16, 212579, 30
787, 3, 48, 87, 55, 0, 50.85%, 0, 0, 7, 13.35, 215911, 30
792, 3, 48, 88, 56, 0, 50.85%, 0, 0, 7, 825.59, 220035, 30
797, 3, 48, 88, 56, 0, 50.85%, 0, 0, 7, 828.99, 224225, 30
802, 3, 48, 88, 56, 0, 50.85%, 0, 0, 7, 824.64, 228342, 30
807, 3, 42, 90, 57, 0, 50.85%, 0, 0, 7, 804.41, 232391, 30
815, 3, 29, 92, 59, 0, 50.85%, 0, 0, 7, 6.72, 235267, 30
820, 3, 48, 92, 58, 0, 50.85%, 0, 0, 7, 810.61, 239509, 30
825, 3, 48, 92, 58, 0, 50.85%, 0, 0, 7, 828.63, 243719, 30
830, 3, 48, 92, 58, 0, 50.85%, 0, 0, 7, 843.83, 248058, 30
836, 3, 48, 92, 57, 0, 50.85%, 0, 0, 7, 810.74, 252106, 30
841, 3, 48, 93, 58, 0, 50.85%, 0, 0, 7, 804.34, 255968, 30
846, 3, 48, 93, 57, 0, 50.85%, 0, 0, 7, 792.55, 259839, 30
851, 3, 48, 93, 56, 0, 50.85%, 0, 0, 7, 802.98, 264018, 30
856, 3, 48, 94, 56, 0, 50.85%, 0, 0, 7, 817.22, 268279, 30
861, 4, 48, 94, 55, 0, 50.85%, 0, 0, 7, 797.96, 272365, 30
866, 4, 53, 94, 53, 0, 50.85%, 0, 0, 7, 795.88, 276385, 30
871, 4, 48, 94, 53, 0, 50.85%, 0, 0, 7, 762.78, 280353, 30
877, 4, 38, 94, 53, 0, 50.85%, 0, 0, 7, 816.22, 284573, 30
882, 4, 48, 94, 53, 0, 50.85%, 0, 0, 7, 817.75, 288839, 30
887, 4, 48, 94, 53, 0, 50.85%, 0, 0, 7, 820.49, 293135, 30
892, 4, 48, 94, 53, 0, 50.85%, 0, 0, 7, 824.74, 297370, 30
897, 4, 48, 94, 52, 0, 50.85%, 0, 0, 7, 789.45, 301295, 30
902, 4, 48, 94, 51, 0, 50.85%, 0, 0, 7, 816.20, 305439, 30
907, 4, 48, 94, 50, 0, 50.85%, 0, 0, 7, 817.80, 309568, 30
912, 4, 46, 94, 50, 0, 50.85%, 0, 0, 7, 829.51, 313735, 30
917, 4, 48, 94, 50, 0, 50.85%, 0, 0, 7, 827.04, 317956, 30
922, 4, 48, 94, 50, 0, 50.85%, 0, 0, 7, 785.74, 322029, 30
927, 4, 48, 94, 50, 0, 50.85%, 0, 0, 7, 809.97, 326120, 30
932, 5, 48, 94, 50, 0, 50.85%, 0, 0, 7, 819.28, 330381, 30
938, 5, 48, 94, 50, 0, 50.85%, 0, 0, 7, 833.83, 334735, 30
943, 5, 48, 94, 50, 0, 50.85%, 0, 0, 7, 798.36, 338914, 30
948, 5, 74, 94, 50, 0, 50.85%, 0, 0, 7, 796.16, 342960, 30
953, 5, 48, 94, 49, 0, 50.85%, 0, 0, 7, 802.20, 347015, 30
958, 5, 48, 94, 49, 0, 50.85%, 0, 0, 7, 824.91, 351205, 30
963, 5, 48, 94, 49, 0, 50.85%, 0, 0, 7, 844.91, 355618, 30
968, 5, 70, 94, 49, 0, 50.85%, 0, 0, 7, 830.96, 359828, 30
973, 5, 42, 94, 49, 0, 50.85%, 0, 0, 7, 811.29, 364062, 30
978, 5, 70, 94, 49, 0, 50.85%, 0, 0, 7, 819.14, 368177, 30
983, 5, 70, 94, 49, 0, 50.85%, 0, 0, 7, 820.66, 372310, 30
989, 5, 70, 94, 49, 0, 50.85%, 0, 0, 7, 834.12, 376667, 30
994, 5, 48, 94, 49, 0, 50.85%, 0, 0, 7, 851.36, 381108, 30
999, 5, 46, 94, 49, 0, 50.85%, 0, 0, 7, 844.17, 385511, 30
1004, 6, 48, 94, 48, 0, 50.85%, 0, 0, 7, 826.70, 389749, 30
1009, 6, 30, 94, 48, 0, 50.85%, 0, 0, 7, 845.40, 394189, 30
1014, 6, 47, 94, 48, 0, 50.85%, 0, 0, 7, 850.44, 398438, 30
1020, 6, 48, 94, 48, 0, 50.85%, 0, 0, 7, 849.56, 402847, 30
1025, 6, 48, 94, 48, 0, 50.85%, 0, 0, 7, 849.60, 407096, 30
1030, 6, 48, 94, 48, 0, 50.85%, 0, 0, 7, 807.15, 411073, 30
1035, 6, 70, 94, 48, 0, 50.85%, 0, 0, 7, 849.73, 415560, 30
1040, 6, 70, 94, 48, 0, 50.85%, 0, 0, 7, 845.69, 419827, 30
1045, 6, 70, 94, 48, 0, 50.85%, 0, 0, 7, 832.87, 424097, 30
1050, 6, 48, 94, 48, 0, 50.85%, 0, 0, 7, 857.07, 428567, 30
1055, 6, 48, 94, 48, 0, 50.85%, 0, 0, 7, 847.12, 432953, 30
1061, 6, 53, 94, 48, 0, 50.85%, 0, 0, 7, 856.13, 437383, 30
1066, 6, 48, 94, 48, 0, 50.85%, 0, 0, 7, 848.82, 441598, 30
1071, 7, 70, 94, 48, 0, 50.85%, 0, 0, 7, 856.74, 445931, 30
1076, 7, 48, 94, 48, 0, 50.85%, 0, 0, 7, 862.99, 450267, 30
1081, 7, 48, 94, 48, 0, 50.85%, 0, 0, 7, 858.51, 454669, 30
1086, 7, 38, 94, 48, 0, 50.85%, 0, 0, 7, 141.99, 458584, 30
1091, 7, 42, 94, 47, 0, 50.85%, 0, 0, 7, 834.33, 462798, 30
1096, 7, 48, 94, 47, 0, 50.85%, 0, 0, 7, 838.25, 467092, 30
1101, 7, 48, 94, 47, 0, 50.85%, 0, 0, 7, 843.08, 471467, 30
1106, 7, 70, 94, 47, 0, 50.85%, 0, 0, 7, 863.54, 475787, 30
1111, 7, 48, 94, 47, 0, 50.85%, 0, 0, 7, 854.56, 480044, 30
1116, 7, 48, 94, 47, 0, 50.85%, 0, 0, 7, 849.70, 484421, 30
1122, 7, 48, 94, 47, 0, 50.85%, 0, 0, 7, 869.86, 488905, 30
1127, 7, 42, 94, 47, 0, 50.85%, 0, 0, 7, 866.64, 493391, 30
1132, 7, 48, 94, 47, 0, 50.85%, 0, 0, 7, 870.11, 497877, 30
1137, 8, 48, 94, 45, 0, 50.85%, 0, 0, 7, 841.33, 502167, 30
1142, 8, 70, 94, 45, 0, 50.85%, 0, 0, 7, 842.69, 506393, 30
1147, 8, 70, 94, 45, 0, 50.85%, 0, 0, 7, 849.07, 510816, 30
1153, 8, 48, 94, 45, 0, 50.85%, 0, 0, 7, 841.77, 515185, 30
1158, 8, 47, 94, 45, 0, 50.85%, 0, 0, 7, 855.50, 519550, 30
1163, 8, 30, 94, 45, 0, 50.85%, 0, 0, 7, 851.53, 524016, 30
1168, 8, 47, 94, 45, 0, 50.85%, 0, 0, 7, 846.83, 528265, 30
1173, 8, 48, 94, 45, 0, 50.85%, 0, 0, 7, 847.25, 532627, 30
1178, 8, 42, 94, 45, 0, 50.85%, 0, 0, 7, 851.98, 536970, 30
1183, 8, 48, 94, 45, 0, 50.85%, 0, 0, 7, 847.98, 541261, 30
1188, 8, 44, 94, 44, 0, 50.85%, 0, 0, 7, 851.07, 545593, 30
1193, 8, 30, 94, 44, 0, 50.85%, 0, 0, 7, 857.31, 549911, 30
1198, 8, 48, 94, 44, 0, 50.85%, 0, 0, 7, 872.67, 554346, 30
1203, 8, 48, 94, 44, 0, 50.85%, 0, 0, 7, 847.60, 558747, 30
1209, 9, 46, 94, 44, 0, 50.85%, 0, 0, 7, 829.20, 563076, 30
1214, 9, 48, 94, 44, 0, 50.85%, 0, 0, 7, 831.68, 567214, 30
1219, 9, 48, 94, 44, 0, 50.85%, 0, 0, 7, 840.48, 571432, 30
1224, 9, 80, 94, 44, 0, 50.85%, 0, 0, 7, 838.00, 575624, 30
1229, 9, 48, 94, 43, 0, 50.85%, 0, 0, 7, 848.17, 580053, 30
1234, 9, 48, 94, 43, 0, 50.85%, 0, 0, 7, 837.18, 584246, 30
1239, 9, 48, 94, 43, 0, 50.85%, 0, 0, 7, 842.58, 588516, 30
1244, 9, 48, 94, 43, 0, 50.85%, 0, 0, 7, 846.41, 592778, 30
1249, 9, 48, 94, 43, 0, 50.85%, 0, 0, 7, 837.70, 597149, 30
1254, 9, 48, 94, 43, 0, 50.85%, 0, 0, 7, 846.28, 601563, 30
1259, 9, 48, 94, 43, 0, 50.85%, 0, 0, 7, 861.13, 605900, 30
1265, 9, 42, 94, 42, 0, 50.85%, 0, 0, 7, 852.36, 610288, 30
1270, 9, 48, 94, 42, 0, 50.85%, 0, 0, 7, 848.56, 614662, 30
1275, 9, 46, 94, 42, 0, 50.85%, 0, 0, 7, 846.76, 618931, 30
1280, 10, 48, 94, 42, 0, 50.85%, 0, 0, 7, 841.70, 623155, 30
1285, 10, 53, 95, 43, 0, 50.85%, 0, 0, 7, 827.20, 627280, 30
1290, 10, 48, 95, 41, 0, 50.85%, 0, 0, 7, 822.17, 631402, 30
1295, 10, 47, 95, 41, 0, 50.85%, 0, 0, 7, 835.36, 635731, 30
1300, 10, 48, 95, 41, 0, 50.85%, 0, 0, 7, 847.69, 640001, 30
1305, 10, 70, 95, 41, 0, 50.85%, 0, 0, 7, 849.71, 644251, 30
1310, 10, 48, 95, 40, 0, 50.85%, 0, 0, 7, 836.20, 648408, 30
1315, 10, 53, 95, 40, 0, 50.85%, 0, 0, 7, 827.93, 652559, 30
1320, 10, 48, 95, 40, 0, 50.85%, 0, 0, 7, 836.33, 656889, 30
1326, 10, 79, 95, 40, 0, 50.85%, 0, 0, 7, 777.41, 660762, 30
1331, 10, 53, 95, 38, 0, 50.85%, 0, 0, 7, 831.95, 665104, 30
1336, 10, 48, 95, 38, 0, 50.85%, 0, 0, 7, 843.38, 669342, 30
1341, 10, 46, 95, 38, 0, 50.85%, 0, 0, 7, 865.01, 673684, 30
1346, 10, 48, 96, 39, 0, 50.85%, 0, 0, 7, 855.76, 677935, 30
1351, 10, 30, 96, 39, 0, 50.85%, 0, 0, 7, 855.99, 682378, 30
1356, 11, 42, 96, 38, 0, 50.85%, 0, 0, 7, 848.13, 686609, 30
1361, 11, 48, 96, 38, 0, 50.85%, 0, 0, 7, 862.89, 690939, 30
1366, 11, 48, 96, 38, 0, 50.85%, 0, 0, 7, 858.01, 695267, 30
1371, 11, 53, 96, 38, 0, 50.85%, 0, 0, 7, 861.83, 699700, 30
1376, 11, 53, 96, 38, 0, 50.85%, 0, 0, 7, 870.95, 704045, 30
1382, 11, 53, 97, 39, 0, 50.85%, 0, 0, 7, 864.61, 708521, 30
1387, 11, 46, 97, 39, 0, 50.85%, 0, 0, 7, 849.53, 712735, 30
1392, 11, 48, 97, 39, 0, 50.85%, 0, 0, 7, 859.40, 717175, 30
1397, 11, 53, 97, 39, 0, 50.85%, 0, 0, 7, 835.65, 721316, 30
1402, 11, 48, 97, 38, 0, 50.85%, 0, 0, 7, 847.06, 725714, 30
1407, 11, 48, 97, 37, 0, 50.85%, 0, 0, 7, 847.24, 730063, 30
1412, 11, 50, 97, 36, 0, 50.85%, 0, 0, 7, 850.78, 734385, 30
1417, 11, 48, 97, 36, 0, 50.85%, 0, 0, 7, 850.26, 738629, 30
1422, 11, 48, 97, 36, 0, 50.85%, 0, 0, 7, 854.33, 742905, 30
1427, 12, 53, 97, 36, 0, 50.85%, 0, 0, 7, 851.77, 747143, 30
1433, 12, 70, 97, 36, 0, 50.85%, 0, 0, 7, 861.02, 751610, 30
1438, 12, 48, 97, 36, 0, 50.85%, 0, 0, 7, 846.92, 755996, 30
1443, 12, 48, 97, 36, 0, 50.85%, 0, 0, 7, 839.67, 760380, 30
1448, 12, 42, 97, 36, 0, 50.85%, 0, 0, 7, 835.77, 764738, 30
1453, 12, 48, 97, 36, 0, 50.85%, 0, 0, 7, 834.42, 768956, 30
1458, 12, 48, 97, 36, 0, 50.85%, 0, 0, 7, 853.96, 773431, 30
1463, 12, 50, 97, 36, 0, 50.85%, 0, 0, 7, 834.18, 777650, 30
1469, 12, 48, 98, 36, 0, 50.85%, 0, 0, 7, 806.65, 781707, 30
1474, 12, 48, 98, 36, 0, 50.85%, 0, 0, 7, 843.32, 785989, 30
1479, 12, 48, 98, 36, 0, 50.85%, 0, 0, 7, 837.81, 790191, 30
1484, 12, 48, 98, 36, 0, 50.85%, 0, 0, 7, 836.29, 794381, 30
1489, 12, 50, 98, 36, 0, 50.85%, 0, 0, 7, 837.74, 798739, 30
1494, 12, 47, 101, 39, 0, 50.85%, 0, 0, 7, 829.44, 802915, 30
1499, 12, 98, 101, 39, 0, 50.85%, 0, 0, 7, 599.49, 805766, 30
1504, 12, 48, 101, 38, 0, 50.85%, 0, 0, 7, 774.74, 809937, 30
1509, 13, 48, 101, 38, 0, 50.85%, 0, 0, 7, 821.16, 814128, 30
1514, 13, 48, 101, 38, 0, 50.85%, 0, 0, 7, 827.33, 818413, 30
1519, 13, 50, 101, 38, 0, 50.85%, 0, 0, 7, 829.80, 822603, 30
1524, 13, 48, 101, 38, 0, 50.85%, 0, 0, 7, 829.69, 826777, 30
1529, 13, 48, 101, 38, 0, 50.85%, 0, 0, 7, 826.67, 830956, 30
1534, 13, 48, 101, 38, 0, 50.85%, 0, 0, 7, 823.17, 835066, 30
1539, 13, 48, 101, 38, 0, 50.85%, 0, 0, 7, 833.40, 839252, 30
1544, 13, 48, 101, 38, 0, 50.85%, 0, 0, 7, 836.44, 843486, 30
1549, 13, 48, 101, 38, 0, 50.85%, 0, 0, 7, 829.42, 847845, 30
1555, 13, 48, 101, 38, 0, 50.85%, 0, 0, 7, 831.36, 852183, 30
1560, 13, 48, 101, 38, 0, 50.85%, 0, 0, 7, 842.42, 856578, 30
1565, 13, 48, 101, 38, 0, 50.85%, 0, 0, 7, 832.94, 860731, 30
1570, 13, 48, 101, 38, 0, 50.85%, 0, 0, 7, 848.88, 865154, 30
1575, 13, 48, 101, 38, 0, 50.85%, 0, 0, 7, 836.59, 869499, 30
1580, 13, 100, 101, 37, 0, 50.85%, 0, 0, 7, 644.21, 872706, 30
1585, 13, 48, 101, 36, 0, 50.85%, 0, 0, 7, 769.89, 876547, 30
1590, 14, 48, 101, 36, 0, 50.85%, 0, 0, 7, 819.68, 880738, 30
1596, 14, 42, 101, 36, 0, 50.85%, 0, 0, 7, 840.60, 885132, 30
1601, 14, 53, 101, 36, 0, 50.85%, 0, 0, 7, 850.70, 889382, 30
1606, 14, 50, 101, 36, 0, 50.85%, 0, 0, 7, 832.52, 893577, 30
1611, 14, 50, 101, 36, 0, 50.85%, 0, 0, 7, 831.88, 897711, 30
1616, 14, 48, 101, 36, 0, 50.85%, 0, 0, 7, 833.90, 901885, 30
1621, 14, 70, 101, 36, 0, 50.85%, 0, 0, 7, 842.85, 906075, 30
1626, 14, 48, 101, 36, 0, 50.85%, 0, 0, 7, 841.83, 910456, 30
1631, 14, 48, 101, 36, 0, 50.85%, 0, 0, 7, 838.86, 914674, 30
1636, 14, 53, 101, 36, 0, 50.85%, 0, 0, 7, 837.18, 918980, 30
1641, 14, 48, 101, 36, 0, 50.85%, 0, 0, 7, 836.16, 923310, 30
1647, 14, 47, 101, 35, 0, 50.85%, 0, 0, 7, 841.49, 927648, 30
1652, 14, 42, 101, 35, 0, 50.85%, 0, 0, 7, 832.40, 931954, 30
1657, 14, 42, 101, 35, 0, 50.85%, 0, 0, 7, 836.66, 936273, 30
1662, 14, 48, 101, 35, 0, 50.85%, 0, 0, 7, 830.55, 940563, 30
1667, 15, 48, 101, 35, 0, 50.85%, 0, 0, 7, 840.80, 944925, 30
1672, 15, 48, 101, 35, 0, 50.85%, 0, 0, 7, 843.00, 949094, 30
1678, 15, 48, 101, 34, 0, 50.85%, 0, 0, 7, 829.63, 953346, 30
1683, 15, 48, 101, 33, 0, 50.85%, 0, 0, 7, 829.52, 957609, 30
1688, 15, 48, 101, 33, 0, 50.85%, 0, 0, 7, 842.65, 961865, 30
1693, 15, 42, 101, 32, 0, 50.85%, 0, 0, 7, 820.59, 966145, 30
1698, 15, 23, 101, 32, 0, 50.85%, 0, 0, 7, 823.94, 970467, 30
1703, 15, 42, 101, 31, 0, 50.85%, 0, 0, 7, 835.71, 974716, 30
1708, 15, 47, 101, 31, 0, 50.85%, 0, 0, 7, 828.44, 979054, 30
1713, 15, 48, 101, 31, 0, 50.85%, 0, 0, 7, 831.39, 983265, 30
1719, 15, 53, 101, 31, 0, 50.85%, 0, 0, 7, 817.68, 987507, 30
1724, 15, 47, 101, 31, 0, 50.85%, 0, 0, 7, 815.44, 991770, 30
1729, 15, 48, 101, 31, 0, 50.85%, 0, 0, 7, 826.90, 996115, 30
1734, 15, 48, 101, 31, 0, 50.85%, 0, 0, 7, 823.68, 1000273, 30
1739, 16, 48, 101, 31, 0, 50.85%, 0, 0, 7, 843.13, 1004695, 30
1744, 16, 48, 101, 31, 0, 50.85%, 0, 0, 7, 835.41, 1008838, 30
1749, 16, 48, 101, 30, 0, 50.85%, 0, 0, 7, 830.70, 1012978, 30
1754, 16, 48, 101, 30, 0, 50.85%, 0, 0, 7, 832.62, 1017308, 30
1759, 16, 48, 101, 30, 0, 50.85%, 0, 0, 7, 832.91, 1021462, 30
1764, 16, 48, 101, 30, 0, 50.85%, 0, 0, 7, 830.94, 1025605, 30
1769, 16, 48, 101, 30, 0, 50.85%, 0, 0, 7, 835.60, 1029834, 30
1775, 16, 48, 101, 30, 0, 50.85%, 0, 0, 7, 825.64, 1034101, 30
1780, 16, 48, 101, 30, 0, 50.85%, 0, 0, 7, 817.54, 1038176, 30
1785, 16, 53, 101, 30, 0, 50.85%, 0, 0, 7, 825.64, 1042489, 30
1790, 16, 30, 101, 30, 0, 50.85%, 0, 0, 7, 821.16, 1046606, 30
1795, 16, 53, 101, 30, 0, 50.85%, 0, 0, 7, 834.38, 1050781, 30
1800, 16, 48, 101, 30, 0, 50.85%, 0, 0, 7, 830.53, 1054967, 30
1805, 16, 48, 101, 29, 0, 50.85%, 0, 0, 7, 838.24, 1059275, 30
1810, 16, 48, 101, 29, 0, 50.85%, 0, 0, 7, 849.15, 1063669, 30
1815, 17, 48, 101, 28, 0, 50.85%, 0, 0, 7, 840.56, 1067855, 30
1820, 17, 53, 101, 28, 0, 50.85%, 0, 0, 7, 834.90, 1072168, 30
1825, 17, 47, 101, 27, 0, 50.85%, 0, 0, 7, 834.99, 1076381, 30
1831, 17, 97, 101, 27, 0, 50.85%, 0, 0, 7, 753.39, 1080335, 30
1836, 17, 56, 101, 26, 0, 50.85%, 0, 0, 7, 808.42, 1084459, 30
1841, 17, 48, 101, 25, 0, 50.85%, 0, 0, 7, 841.11, 1088728, 30
1846, 17, 50, 101, 25, 0, 50.85%, 0, 0, 7, 832.61, 1093030, 30
1851, 17, 38, 101, 25, 0, 50.85%, 0, 0, 7, 840.62, 1097220, 30
1856, 17, 48, 101, 25, 0, 50.85%, 0, 0, 7, 829.59, 1101393, 30
1861, 17, 48, 101, 25, 0, 50.85%, 0, 0, 7, 848.60, 1105656, 30
1866, 17, 48, 101, 25, 0, 50.85%, 0, 0, 7, 835.67, 1109938, 30
1871, 17, 42, 101, 25, 0, 50.85%, 0, 0, 7, 844.61, 1114133, 30
1876, 17, 47, 101, 25, 0, 50.85%, 0, 0, 7, 842.88, 1118326, 30
1881, 17, 48, 101, 25, 0, 50.85%, 0, 0, 7, 827.11, 1122576, 30
1886, 17, 48, 101, 25, 0, 50.85%, 0, 0, 7, 825.03, 1126702, 30
1891, 18, 48, 101, 25, 0, 50.85%, 0, 0, 7, 838.87, 1130908, 30
1897, 18, 53, 101, 25, 0, 50.85%, 0, 0, 7, 842.60, 1135278, 30
1902, 18, 47, 101, 25, 0, 50.85%, 0, 0, 7, 840.84, 1139641, 30
1907, 18, 48, 101, 25, 0, 50.85%, 0, 0, 7, 845.21, 1143882, 30
1912, 18, 47, 101, 25, 0, 50.85%, 0, 0, 7, 838.21, 1148218, 30
1917, 18, 42, 101, 24, 0, 50.85%, 0, 0, 7, 838.05, 1152384, 30
1922, 18, 48, 101, 24, 0, 50.85%, 0, 0, 7, 839.95, 1156586, 30
1927, 18, 48, 101, 24, 0, 50.85%, 0, 0, 7, 837.41, 1160871, 30
1932, 18, 48, 101, 24, 0, 50.85%, 0, 0, 7, 844.34, 1165061, 30
1937, 18, 48, 101, 24, 0, 50.85%, 0, 0, 7, 834.33, 1169220, 30
1942, 18, 48, 101, 24, 0, 50.85%, 0, 0, 7, 838.08, 1173422, 30
1947, 18, 48, 101, 24, 0, 50.85%, 0, 0, 7, 826.83, 1177528, 30
1952, 18, 48, 101, 24, 0, 50.85%, 1, 0, 7, 0.00, 1181358, 30
