# relative_time, cycles_done, cur_item, corpus_count, pending_total, pending_favs, map_size, saved_crashes, saved_hangs, max_depth, execs_per_sec, total_execs, edges_found
63, 0, 0, 8, 6, 0, 25.00%, 0, 0, 2, 1.10, 3035, 16
93, 0, 0, 8, 6, 0, 25.00%, 0, 0, 2, 0.34, 5105, 16
98, 0, 0, 8, 5, 0, 25.00%, 0, 0, 2, 523.13, 7697, 16
121, 0, 0, 8, 5, 0, 25.00%, 0, 0, 2, 3.68, 8615, 16
126, 0, 0, 9, 5, 0, 25.00%, 0, 0, 3, 523.07, 11190, 16
151, 0, 0, 9, 5, 0, 25.00%, 0, 0, 3, 3.28, 11380, 16
156, 1, 0, 9, 5, 0, 25.00%, 0, 0, 3, 163.92, 14080, 16
177, 1, 0, 9, 5, 0, 25.00%, 0, 0, 3, 0.29, 14257, 16
182, 2, 6, 12, 8, 0, 28.12%, 0, 0, 3, 527.31, 16949, 18
203, 2, 6, 13, 9, 0, 28.12%, 0, 0, 3, 1.52, 17486, 18
208, 2, 6, 14, 10, 0, 28.12%, 0, 0, 3, 557.63, 20323, 18
230, 2, 6, 15, 11, 0, 29.69%, 0, 0, 3, 1.03, 21133, 19
236, 2, 15, 17, 12, 3, 35.94%, 0, 0, 4, 358.21, 24015, 23
259, 2, 15, 17, 12, 3, 35.94%, 0, 0, 4, 5.14, 24530, 23
264, 2, 16, 20, 11, 0, 37.50%, 0, 0, 5, 642.71, 27855, 24
286, 2, 16, 20, 11, 0, 37.50%, 0, 0, 5, 1.15, 28901, 24
291, 2, 16, 22, 13, 0, 40.62%, 0, 0, 5, 571.66, 31808, 26
304, 2, 16, 22, 13, 0, 40.62%, 0, 0, 5, 13.43, 33365, 26
320, 2, 16, 22, 13, 0, 40.62%, 0, 0, 5, 0.36, 33370, 26
325, 2, 16, 25, 16, 0, 40.62%, 0, 0, 5, 675.77, 36910, 26
351, 2, 21, 26, 16, 3, 40.62%, 0, 0, 6, 0.54, 38245, 26
356, 2, 21, 34, 24, 3, 42.19%, 0, 0, 6, 475.66, 40625, 27
382, 2, 23, 34, 22, 2, 42.19%, 0, 0, 6, 2.28, 41550, 27
387, 2, 32, 36, 22, 0, 42.19%, 0, 0, 6, 523.05, 44168, 27
400, 2, 32, 37, 23, 0, 42.19%, 0, 0, 7, 5.20, 45195, 27
409, 2, 32, 38, 24, 0, 42.19%, 0, 0, 7, 4.57, 45818, 27
419, 2, 32, 38, 24, 0, 42.19%, 0, 0, 7, 0.55, 45824, 27
425, 2, 32, 40, 26, 0, 43.75%, 0, 0, 7, 582.50, 48813, 28
445, 2, 32, 40, 26, 0, 43.75%, 0, 0, 7, 0.54, 49576, 28
450, 2, 32, 41, 27, 0, 43.75%, 0, 0, 7, 81.48, 52532, 28
471, 2, 32, 42, 28, 0, 43.75%, 0, 0, 7, 6.08, 53534, 28
476, 2, 14, 45, 30, 0, 43.75%, 0, 0, 7, 580.47, 56457, 28
488, 2, 14, 45, 30, 0, 43.75%, 0, 0, 7, 3.61, 56915, 28
505, 2, 23, 48, 33, 0, 43.75%, 0, 0, 7, 5.35, 59507, 28
510, 2, 41, 50, 35, 0, 43.75%, 0, 0, 8, 518.71, 62429, 28
526, 2, 41, 51, 36, 0, 45.31%, 0, 0, 8, 5.90, 63686, 29
531, 2, 41, 51, 36, 0, 45.31%, 0, 0, 8, 606.97, 66836, 29
548, 2, 50, 53, 37, 0, 45.31%, 0, 0, 9, 3.18, 68204, 29
553, 2, 50, 54, 38, 0, 45.31%, 0, 0, 9, 631.76, 71410, 29
562, 2, 50, 54, 38, 0, 45.31%, 0, 0, 9, 5.32, 72946, 29
575, 2, 50, 54, 38, 0, 45.31%, 0, 0, 9, 4.00, 75826, 29
580, 2, 50, 54, 38, 0, 45.31%, 0, 0, 9, 700.43, 79018, 29
589, 2, 50, 54, 38, 0, 45.31%, 0, 0, 9, 6.49, 80773, 29
601, 2, 23, 55, 39, 0, 45.31%, 0, 0, 9, 12.61, 84225, 29
607, 2, 23, 63, 47, 0, 45.31%, 0, 0, 9, 662.75, 87551, 29
614, 2, 61, 67, 51, 0, 45.31%, 0, 0, 9, 7.99, 89114, 29
619, 2, 14, 70, 52, 0, 45.31%, 0, 0, 9, 681.87, 92612, 29
629, 2, 63, 75, 57, 0, 45.31%, 0, 0, 9, 21.42, 94930, 29
634, 2, 9, 77, 57, 0, 45.31%, 0, 0, 9, 700.04, 98408, 29
649, 2, 14, 77, 57, 0, 45.31%, 0, 0, 9, 10.61, 101207, 29
654, 2, 75, 81, 59, 0, 45.31%, 0, 0, 9, 726.09, 105007, 29
660, 2, 14, 85, 61, 0, 45.31%, 0, 0, 9, 43.54, 107811, 29
665, 2, 87, 88, 64, 0, 45.31%, 0, 0, 9, 708.60, 111279, 29
673, 2, 87, 88, 64, 0, 45.31%, 0, 0, 9, 2.35, 112790, 29
678, 2, 14, 89, 63, 0, 45.31%, 0, 0, 9, 723.49, 116540, 29
683, 2, 14, 90, 64, 0, 45.31%, 0, 0, 9, 715.73, 120078, 29
688, 2, 21, 90, 62, 0, 45.31%, 0, 0, 9, 720.03, 123536, 29
694, 2, 81, 90, 62, 0, 45.31%, 0, 0, 9, 33.16, 125258, 29
699, 3, 50, 90, 61, 0, 45.31%, 0, 0, 9, 623.99, 128528, 29
704, 3, 24, 92, 61, 0, 45.31%, 0, 0, 9, 646.23, 130809, 29
709, 3, 50, 92, 58, 0, 45.31%, 0, 0, 9, 695.71, 134312, 29
715, 3, 21, 92, 58, 0, 45.31%, 0, 0, 9, 739.73, 137913, 29
720, 3, 21, 92, 57, 0, 45.31%, 0, 0, 9, 690.41, 141330, 29
725, 3, 14, 92, 57, 0, 45.31%, 0, 0, 9, 652.20, 144416, 29
733, 3, 20, 93, 58, 0, 45.31%, 0, 0, 9, 34.52, 147661, 29
738, 3, 20, 94, 59, 0, 45.31%, 0, 0, 9, 730.61, 151380, 29
743, 3, 14, 94, 59, 0, 45.31%, 0, 0, 9, 737.11, 155006, 29
749, 3, 20, 94, 58, 0, 45.31%, 0, 0, 9, 602.60, 157655, 29
754, 3, 41, 94, 58, 0, 45.31%, 0, 0, 9, 722.43, 161439, 29
760, 3, 37, 94, 58, 0, 45.31%, 0, 0, 9, 15.12, 164203, 29
765, 3, 69, 94, 58, 0, 45.31%, 0, 0, 9, 613.64, 167960, 29
770, 3, 37, 94, 57, 0, 45.31%, 0, 0, 9, 713.14, 171648, 29
775, 3, 20, 94, 57, 0, 45.31%, 0, 0, 9, 713.47, 175277, 29
781, 4, 14, 94, 56, 0, 45.31%, 0, 0, 9, 726.42, 179119, 29
787, 4, 21, 94, 56, 0, 45.31%, 0, 0, 9, 48.17, 182179, 29
792, 4, 50, 94, 55, 0, 45.31%, 0, 0, 9, 773.26, 186045, 29
797, 4, 21, 94, 54, 0, 45.31%, 0, 0, 9, 754.37, 189723, 29
802, 4, 21, 95, 55, 0, 45.31%, 0, 0, 9, 756.04, 193228, 29
807, 4, 19, 95, 54, 0, 45.31%, 0, 0, 9, 770.93, 196900, 29
814, 4, 37, 95, 54, 0, 45.31%, 0, 0, 9, 6.43, 199118, 29
820, 4, 14, 95, 54, 0, 45.31%, 0, 0, 9, 720.27, 202934, 29
825, 4, 73, 95, 54, 0, 45.31%, 0, 0, 9, 753.46, 206634, 29
830, 4, 50, 95, 53, 0, 45.31%, 0, 0, 9, 745.50, 210228, 29
835, 4, 19, 95, 53, 0, 45.31%, 0, 0, 9, 721.64, 214116, 29
840, 4, 14, 95, 53, 0, 45.31%, 0, 0, 9, 746.76, 217757, 29
845, 4, 19, 95, 53, 0, 45.31%, 0, 0, 9, 690.94, 221171, 29
850, 4, 37, 96, 53, 0, 45.31%, 0, 0, 9, 746.31, 224868, 29
855, 5, 70, 96, 53, 0, 45.31%, 0, 0, 9, 756.45, 228566, 29
860, 5, 14, 96, 52, 0, 45.31%, 0, 0, 9, 744.59, 232295, 29
866, 5, 21, 96, 52, 0, 45.31%, 0, 0, 9, 710.56, 235815, 29
871, 5, 50, 96, 51, 0, 45.31%, 0, 0, 9, 722.51, 239556, 29
876, 5, 14, 96, 51, 0, 45.31%, 0, 0, 9, 774.44, 243530, 29
881, 5, 20, 96, 51, 0, 45.31%, 0, 0, 9, 766.35, 247391, 29
886, 5, 14, 96, 51, 0, 45.31%, 0, 0, 9, 834.25, 251218, 29
891, 5, 14, 96, 50, 0, 45.31%, 0, 0, 9, 735.58, 254863, 29
897, 5, 86, 96, 50, 0, 45.31%, 0, 0, 9, 721.80, 258230, 29
902, 5, 14, 96, 49, 0, 45.31%, 0, 0, 9, 747.85, 262031, 29
907, 5, 19, 96, 49, 0, 45.31%, 0, 0, 9, 767.04, 265997, 29
912, 5, 23, 96, 48, 0, 45.31%, 0, 0, 9, 809.60, 269725, 29
917, 5, 14, 96, 48, 0, 45.31%, 0, 0, 9, 799.43, 273597, 29
922, 6, 79, 96, 48, 0, 45.31%, 0, 0, 9, 762.39, 277294, 29
927, 6, 14, 96, 47, 0, 45.31%, 0, 0, 9, 42.25, 280700, 29
933, 6, 14, 96, 47, 0, 45.31%, 0, 0, 9, 721.03, 284583, 29
938, 6, 15, 96, 46, 0, 45.31%, 0, 0, 9, 763.83, 288394, 29
943, 6, 21, 96, 46, 0, 45.31%, 0, 0, 9, 275.72, 291718, 29
948, 6, 14, 96, 44, 0, 45.31%, 0, 0, 9, 615.91, 295549, 29
953, 6, 50, 96, 44, 0, 45.31%, 0, 0, 9, 721.88, 298977, 29
958, 6, 14, 96, 44, 0, 45.31%, 0, 0, 9, 771.75, 302836, 29
963, 6, 9, 96, 43, 0, 45.31%, 0, 0, 9, 843.67, 306453, 29
968, 6, 14, 96, 43, 0, 45.31%, 0, 0, 9, 782.58, 310305, 29
973, 6, 37, 96, 43, 0, 45.31%, 0, 0, 9, 767.28, 314145, 29
979, 6, 23, 96, 43, 0, 45.31%, 0, 0, 9, 747.28, 318069, 29
984, 6, 37, 96, 43, 0, 45.31%, 0, 0, 9, 755.00, 321651, 29
989, 7, 14, 96, 43, 0, 45.31%, 0, 0, 9, 827.65, 325441, 29
994, 7, 20, 96, 43, 0, 45.31%, 0, 0, 9, 833.52, 329333, 29
999, 7, 19, 96, 43, 0, 45.31%, 0, 0, 9, 850.36, 333209, 29
1004, 7, 19, 96, 42, 0, 45.31%, 0, 0, 9, 831.46, 337092, 29
1009, 7, 14, 96, 42, 0, 45.31%, 0, 0, 9, 777.40, 340896, 29
1014, 7, 50, 96, 41, 0, 45.31%, 0, 0, 9, 755.98, 344837, 29
1019, 7, 74, 96, 41, 0, 45.31%, 0, 0, 9, 700.19, 348191, 29
1024, 7, 23, 96, 39, 0, 45.31%, 0, 0, 9, 812.46, 351870, 29
1030, 7, 19, 96, 39, 0, 45.31%, 0, 0, 9, 683.95, 355285, 29
1035, 7, 21, 96, 39, 0, 45.31%, 0, 0, 9, 763.76, 359248, 29
1040, 7, 41, 96, 38, 0, 45.31%, 0, 0, 9, 793.02, 363232, 29
1045, 7, 50, 96, 38, 0, 45.31%, 0, 0, 9, 789.83, 367274, 29
1050, 8, 37, 96, 38, 0, 45.31%, 0, 0, 9, 784.01, 371288, 29
1055, 8, 14, 96, 38, 0, 45.31%, 0, 0, 9, 780.88, 375074, 29
1060, 8, 19, 96, 35, 0, 45.31%, 0, 0, 9, 796.03, 378933, 29
1065, 8, 50, 96, 35, 0, 45.31%, 0, 0, 9, 793.52, 382873, 29
1070, 8, 41, 96, 34, 0, 45.31%, 0, 0, 9, 776.74, 386889, 29
1075, 8, 19, 96, 34, 0, 45.31%, 0, 0, 9, 813.16, 390934, 29
1080, 8, 21, 96, 33, 0, 45.31%, 0, 0, 9, 814.38, 394975, 29
1086, 8, 19, 96, 33, 0, 45.31%, 0, 0, 9, 581.23, 399009, 29
1091, 8, 14, 96, 33, 0, 45.31%, 0, 0, 9, 849.49, 402296, 29
1096, 8, 50, 96, 33, 0, 45.31%, 0, 0, 9, 789.89, 406163, 29
1101, 8, 50, 96, 33, 0, 45.31%, 0, 0, 9, 838.43, 409784, 29
1106, 8, 14, 96, 31, 0, 45.31%, 0, 0, 9, 833.91, 413952, 29
1111, 8, 19, 96, 30, 0, 45.31%, 1, 0, 9, 768.22, 417794, 29
1111, 8, 19, 96, 30, 0, 45.31%, 1, 0, 9, 0.00, 417794, 29
