# relative_time, cycles_done, cur_item, corpus_count, pending_total, pending_favs, map_size, saved_crashes, saved_hangs, max_depth, execs_per_sec, total_execs, edges_found
62, 0, 0, 8, 7, 0, 23.19%, 0, 0, 2, 2.47, 3082, 16
93, 0, 0, 9, 8, 0, 23.19%, 0, 0, 2, 0.69, 5144, 16
98, 0, 3, 10, 8, 1, 23.19%, 0, 0, 3, 528.69, 7720, 16
121, 0, 7, 14, 11, 0, 26.09%, 0, 0, 3, 1.39, 8708, 18
126, 0, 7, 15, 12, 0, 26.09%, 0, 0, 3, 532.44, 11425, 18
151, 0, 7, 15, 12, 0, 26.09%, 0, 0, 3, 4.09, 11525, 18
156, 0, 7, 15, 12, 0, 26.09%, 0, 0, 3, 521.66, 14285, 18
177, 0, 7, 15, 12, 0, 26.09%, 0, 0, 3, 3.41, 14445, 18
182, 0, 7, 17, 14, 0, 27.54%, 0, 0, 3, 526.08, 17129, 19
203, 0, 7, 17, 14, 0, 27.54%, 0, 0, 3, 3.53, 17719, 19
208, 0, 17, 22, 16, 1, 31.88%, 0, 0, 4, 352.26, 20555, 22
230, 0, 11, 25, 18, 0, 31.88%, 0, 0, 4, 1.86, 21388, 22
236, 0, 10, 28, 21, 0, 33.33%, 0, 0, 4, 571.50, 24309, 23
259, 0, 0, 28, 20, 0, 33.33%, 0, 0, 4, 4.32, 24829, 23
264, 0, 28, 33, 24, 0, 36.23%, 0, 0, 5, 651.55, 28174, 25
286, 0, 28, 33, 24, 0, 36.23%, 0, 0, 5, 2.30, 29260, 25
291, 0, 28, 34, 25, 0, 36.23%, 0, 0, 5, 589.83, 32261, 25
306, 0, 28, 36, 27, 0, 36.23%, 0, 0, 5, 1.81, 33825, 25
320, 0, 28, 36, 27, 0, 36.23%, 0, 0, 5, 0.15, 33827, 25
325, 0, 25, 38, 27, 0, 39.13%, 0, 0, 5, 692.99, 37434, 27
351, 0, 25, 38, 27, 0, 39.13%, 0, 0, 5, 5.20, 38791, 27
356, 0, 36, 39, 27, 0, 39.13%, 0, 0, 6, 483.20, 41182, 27
382, 0, 36, 40, 28, 0, 39.13%, 0, 0, 6, 2.28, 42125, 27
387, 0, 36, 41, 29, 0, 39.13%, 0, 0, 6, 526.32, 44749, 27
400, 0, 36, 43, 31, 0, 39.13%, 0, 0, 6, 6.06, 45773, 27
409, 0, 36, 43, 31, 0, 39.13%, 0, 0, 6, 3.05, 46398, 27
419, 0, 36, 43, 31, 0, 39.13%, 0, 0, 6, 2.92, 46408, 27
425, 0, 36, 43, 31, 0, 39.13%, 0, 0, 6, 590.18, 49416, 27
445, 0, 10, 43, 31, 0, 39.13%, 0, 0, 6, 0.54, 50209, 27
450, 0, 37, 44, 32, 0, 39.13%, 0, 0, 6, 576.97, 53219, 27
471, 0, 37, 45, 33, 0, 39.13%, 0, 0, 6, 2.40, 54242, 27
476, 0, 28, 49, 37, 0, 39.13%, 0, 0, 6, 580.29, 57186, 27
488, 0, 28, 50, 38, 0, 39.13%, 0, 0, 6, 2.35, 57642, 27
505, 0, 28, 50, 38, 0, 39.13%, 0, 0, 6, 6.96, 60282, 27
510, 0, 32, 50, 38, 0, 39.13%, 0, 0, 6, 527.76, 63270, 27
526, 0, 36, 51, 39, 0, 39.13%, 0, 0, 6, 5.53, 64569, 27
531, 1, 28, 51, 39, 0, 39.13%, 0, 0, 6, 609.45, 67707, 27
548, 1, 0, 51, 39, 0, 39.13%, 0, 0, 6, 5.41, 69125, 27
553, 1, 0, 51, 39, 0, 39.13%, 0, 0, 6, 646.87, 72453, 27
562, 1, 0, 51, 39, 0, 39.13%, 0, 0, 6, 7.66, 73908, 27
575, 1, 24, 52, 39, 0, 40.58%, 0, 0, 6, 5.54, 76804, 28
580, 1, 0, 52, 38, 0, 40.58%, 0, 0, 6, 716.17, 80080, 28
589, 1, 28, 52, 38, 0, 40.58%, 0, 0, 6, 12.32, 81830, 28
601, 1, 28, 53, 39, 0, 40.58%, 0, 0, 6, 13.49, 85360, 28
606, 1, 51, 57, 43, 0, 40.58%, 0, 0, 6, 677.91, 88767, 28
613, 1, 32, 60, 46, 0, 40.58%, 0, 0, 6, 6.45, 90351, 28
619, 1, 60, 66, 50, 0, 42.03%, 0, 0, 6, 736.31, 94133, 29
629, 1, 60, 66, 50, 0, 42.03%, 0, 0, 6, 1.95, 96373, 29
634, 1, 64, 69, 51, 0, 42.03%, 0, 0, 7, 681.75, 100043, 29
636, 1, 64, 69, 51, 0, 42.03%, 1, 0, 7, 0.00, 101109, 29
