# relative_time, cycles_done, cur_item, corpus_count, pending_total, pending_favs, map_size, saved_crashes, saved_hangs, max_depth, execs_per_sec, total_execs, edges_found
63, 0, 0, 20, 20, 1, 33.33%, 0, 0, 2, 725.00, 34687, 23
68, 0, 0, 21, 21, 1, 34.78%, 0, 0, 2, 800.81, 38826, 24
73, 0, 0, 21, 21, 1, 34.78%, 0, 0, 2, 807.70, 43034, 24
86, 0, 0, 21, 21, 1, 34.78%, 0, 0, 2, 14.95, 45034, 24
91, 0, 0, 21, 21, 1, 34.78%, 0, 0, 2, 861.21, 49373, 24
96, 0, 0, 21, 21, 1, 34.78%, 0, 0, 2, 787.54, 53567, 24
101, 0, 0, 21, 21, 1, 34.78%, 0, 0, 2, 827.99, 57754, 24
106, 0, 0, 21, 21, 1, 34.78%, 0, 0, 2, 853.26, 62055, 24
111, 0, 0, 22, 22, 1, 34.78%, 0, 0, 2, 846.26, 66209, 24
120, 0, 0, 22, 22, 1, 34.78%, 0, 0, 2, 35.00, 69233, 24
125, 0, 0, 22, 22, 1, 34.78%, 0, 0, 2, 847.56, 73520, 24
130, 0, 0, 22, 22, 1, 34.78%, 0, 0, 2, 829.28, 77569, 24
135, 0, 0, 22, 22, 1, 34.78%, 0, 0, 2, 847.08, 81745, 24
140, 0, 0, 22, 22, 1, 34.78%, 0, 0, 2, 827.38, 85937, 24
145, 0, 0, 22, 22, 1, 34.78%, 0, 0, 2, 817.87, 90001, 24
154, 0, 0, 22, 22, 1, 34.78%, 0, 0, 2, 23.76, 93339, 24
159, 0, 0, 22, 22, 1, 34.78%, 0, 0, 2, 852.71, 97626, 24
164, 0, 0, 22, 22, 1, 34.78%, 0, 0, 2, 839.34, 101777, 24
169, 0, 0, 23, 23, 1, 36.23%, 0, 0, 2, 835.31, 105912, 25
174, 0, 0, 23, 23, 1, 36.23%, 0, 0, 2, 837.98, 110056, 25
180, 0, 0, 23, 23, 1, 36.23%, 0, 0, 2, 831.66, 114312, 25
185, 0, 0, 23, 23, 1, 36.23%, 0, 0, 2, 830.26, 118392, 25
190, 0, 0, 23, 23, 1, 36.23%, 0, 0, 2, 828.70, 122664, 25
195, 0, 0, 23, 23, 1, 36.23%, 0, 0, 2, 828.03, 126888, 25
200, 0, 0, 23, 23, 1, 36.23%, 0, 0, 2, 836.70, 131016, 25
205, 0, 0, 23, 23, 1, 36.23%, 0, 0, 2, 826.25, 135176, 25
210, 0, 0, 23, 23, 1, 36.23%, 0, 0, 2, 812.78, 139192, 25
215, 0, 0, 23, 23, 1, 36.23%, 0, 0, 2, 844.70, 143528, 25
221, 0, 0, 23, 23, 1, 36.23%, 0, 0, 2, 849.05, 147832, 25
227, 0, 0, 23, 23, 1, 36.23%, 0, 0, 2, 16.17, 150792, 25
232, 0, 0, 23, 23, 1, 36.23%, 0, 0, 2, 871.35, 155093, 25
237, 0, 0, 23, 23, 1, 36.23%, 0, 0, 2, 850.91, 159309, 25
243, 0, 0, 23, 23, 1, 36.23%, 0, 0, 2, 841.88, 163560, 25
248, 0, 0, 23, 23, 1, 36.23%, 0, 0, 2, 855.76, 167741, 25
253, 0, 0, 23, 23, 1, 36.23%, 0, 0, 2, 820.43, 171974, 25
258, 0, 0, 23, 23, 1, 36.23%, 0, 0, 2, 829.02, 176156, 25
263, 0, 0, 23, 23, 1, 36.23%, 0, 0, 2, 821.21, 180472, 25
268, 0, 0, 23, 23, 1, 36.23%, 0, 0, 2, 835.85, 183160, 25
273, 0, 0, 23, 23, 1, 36.23%, 0, 0, 2, 846.88, 187274, 25
278, 0, 0, 24, 24, 1, 37.68%, 0, 0, 2, 814.22, 191279, 26
283, 0, 0, 24, 24, 1, 37.68%, 0, 0, 2, 810.06, 195247, 26
289, 0, 0, 24, 24, 1, 37.68%, 0, 0, 2, 815.15, 199439, 26
294, 0, 0, 24, 24, 1, 37.68%, 0, 0, 2, 837.04, 203647, 26
299, 0, 0, 24, 24, 1, 37.68%, 0, 0, 2, 838.88, 208031, 26
305, 0, 0, 24, 24, 1, 37.68%, 0, 0, 2, 8.93, 211983, 26
310, 0, 0, 24, 24, 1, 37.68%, 0, 0, 2, 843.30, 216191, 26
315, 0, 0, 25, 25, 1, 37.68%, 0, 0, 2, 852.28, 220404, 26
321, 0, 0, 25, 25, 1, 37.68%, 0, 0, 2, 838.98, 224646, 26
326, 0, 0, 25, 25, 1, 37.68%, 0, 0, 2, 831.29, 228710, 26
331, 0, 0, 25, 25, 1, 37.68%, 0, 0, 2, 839.92, 232982, 26
336, 0, 0, 25, 25, 1, 37.68%, 0, 0, 2, 852.66, 237149, 26
341, 0, 0, 25, 25, 1, 37.68%, 0, 0, 2, 856.75, 241314, 26
346, 0, 0, 25, 25, 1, 37.68%, 0, 0, 2, 864.69, 245700, 26
351, 0, 0, 25, 25, 1, 37.68%, 0, 0, 2, 864.57, 249950, 26
356, 0, 0, 25, 25, 1, 37.68%, 0, 0, 2, 858.07, 254302, 26
361, 0, 0, 25, 25, 1, 37.68%, 0, 0, 2, 837.44, 258358, 26
367, 0, 0, 25, 25, 1, 37.68%, 0, 0, 2, 854.06, 262666, 26
372, 0, 0, 25, 25, 1, 37.68%, 0, 0, 2, 867.35, 266899, 26
377, 0, 0, 26, 26, 1, 39.13%, 0, 0, 2, 860.20, 271258, 27
382, 0, 0, 26, 26, 1, 39.13%, 0, 0, 2, 863.02, 275610, 27
387, 0, 0, 26, 26, 1, 39.13%, 0, 0, 2, 873.84, 280030, 27
392, 0, 0, 26, 26, 1, 39.13%, 0, 0, 2, 881.91, 284280, 27
397, 0, 0, 26, 26, 1, 39.13%, 0, 0, 2, 877.85, 288547, 27
402, 0, 0, 26, 26, 1, 39.13%, 0, 0, 2, 875.35, 292950, 27
407, 0, 0, 26, 26, 1, 39.13%, 0, 0, 2, 892.66, 297268, 27
412, 0, 0, 26, 26, 1, 39.13%, 0, 0, 2, 879.92, 301569, 27
417, 0, 0, 26, 26, 1, 39.13%, 0, 0, 2, 868.88, 305802, 27
422, 0, 0, 26, 26, 1, 39.13%, 0, 0, 2, 873.23, 310069, 27
427, 0, 0, 26, 26, 1, 39.13%, 0, 0, 2, 882.15, 314489, 27
433, 0, 0, 26, 26, 1, 39.13%, 0, 0, 2, 877.59, 318739, 27
438, 0, 0, 26, 26, 1, 39.13%, 0, 0, 2, 854.76, 323176, 27
443, 0, 0, 26, 26, 1, 39.13%, 0, 0, 2, 785.00, 327600, 27
448, 0, 0, 26, 26, 1, 39.13%, 0, 0, 2, 839.16, 331901, 27
453, 0, 0, 26, 26, 1, 39.13%, 0, 0, 2, 830.85, 336229, 27
458, 0, 0, 26, 26, 1, 39.13%, 0, 0, 2, 865.67, 340537, 27
463, 0, 0, 27, 27, 1, 39.13%, 0, 0, 2, 821.08, 344964, 27
468, 0, 0, 27, 27, 1, 39.13%, 0, 0, 2, 850.78, 349278, 27
473, 0, 0, 27, 27, 1, 39.13%, 0, 0, 2, 857.45, 353528, 27
478, 0, 0, 27, 27, 1, 39.13%, 0, 0, 2, 881.77, 357846, 27
484, 0, 0, 27, 27, 1, 39.13%, 0, 0, 2, 869.37, 362300, 27
489, 0, 0, 27, 27, 1, 39.13%, 0, 0, 2, 837.21, 366612, 27
494, 0, 0, 27, 27, 1, 39.13%, 0, 0, 2, 847.94, 371028, 27
499, 0, 0, 27, 27, 1, 39.13%, 0, 0, 2, 845.19, 375412, 27
504, 0, 0, 27, 27, 1, 39.13%, 0, 0, 2, 855.36, 379861, 27
509, 0, 0, 27, 27, 1, 39.13%, 0, 0, 2, 861.39, 384213, 27
514, 0, 0, 27, 27, 1, 39.13%, 0, 0, 2, 878.22, 388480, 27
519, 0, 0, 27, 27, 1, 39.13%, 0, 0, 2, 877.21, 392951, 27
525, 0, 0, 27, 27, 1, 39.13%, 0, 0, 2, 865.07, 397422, 27
530, 0, 0, 27, 27, 1, 39.13%, 0, 0, 2, 859.96, 401757, 27
535, 0, 0, 27, 27, 1, 39.13%, 0, 0, 2, 865.20, 406194, 27
540, 0, 0, 27, 27, 1, 39.13%, 0, 0, 2, 847.97, 410500, 27
545, 0, 0, 27, 27, 1, 39.13%, 0, 0, 2, 819.77, 414756, 27
550, 0, 0, 27, 27, 1, 39.13%, 0, 0, 2, 860.04, 419063, 27
555, 0, 0, 27, 27, 1, 39.13%, 0, 0, 2, 868.31, 423517, 27
560, 0, 0, 27, 27, 1, 39.13%, 0, 0, 2, 856.94, 427733, 27
565, 0, 0, 27, 27, 1, 39.13%, 0, 0, 2, 864.34, 432000, 27
570, 0, 0, 27, 27, 1, 39.13%, 0, 0, 2, 865.09, 436437, 27
575, 0, 0, 27, 27, 1, 39.13%, 0, 0, 2, 827.29, 440676, 27
580, 0, 0, 27, 27, 1, 39.13%, 0, 0, 2, 856.43, 444954, 27
585, 0, 0, 27, 27, 1, 39.13%, 0, 0, 2, 869.52, 449374, 27
591, 0, 0, 27, 27, 1, 39.13%, 0, 0, 2, 880.53, 453930, 27
596, 0, 0, 27, 27, 1, 39.13%, 0, 0, 2, 880.27, 458452, 27
601, 0, 0, 27, 27, 1, 39.13%, 0, 0, 2, 875.08, 462940, 27
606, 0, 0, 27, 27, 1, 39.13%, 0, 0, 2, 874.88, 467275, 27
611, 0, 0, 27, 27, 1, 39.13%, 0, 0, 2, 886.07, 471831, 27
616, 0, 0, 27, 27, 1, 39.13%, 0, 0, 2, 885.16, 476336, 27
621, 0, 0, 27, 27, 1, 39.13%, 0, 0, 2, 883.92, 480688, 27
627, 0, 0, 27, 27, 1, 39.13%, 0, 0, 2, 894.01, 485210, 27
632, 0, 0, 27, 27, 1, 39.13%, 0, 0, 2, 891.73, 489613, 27
637, 0, 0, 27, 27, 1, 39.13%, 0, 0, 2, 895.80, 494186, 27
642, 0, 0, 27, 27, 1, 39.13%, 0, 0, 2, 890.90, 498572, 27
647, 0, 0, 27, 27, 1, 39.13%, 0, 0, 2, 886.34, 503077, 27
652, 0, 0, 27, 27, 1, 39.13%, 0, 0, 2, 890.94, 507616, 27
657, 0, 0, 27, 27, 1, 39.13%, 0, 0, 2, 900.26, 512172, 27
662, 0, 0, 27, 27, 1, 39.13%, 0, 0, 2, 904.39, 516608, 27
667, 0, 0, 27, 27, 1, 39.13%, 0, 0, 2, 904.85, 521054, 27
673, 0, 0, 27, 27, 1, 39.13%, 0, 0, 2, 876.44, 525398, 27
678, 0, 0, 27, 27, 1, 39.13%, 0, 0, 2, 872.67, 529820, 27
683, 0, 0, 27, 27, 1, 39.13%, 0, 0, 2, 870.29, 534442, 27
688, 0, 0, 27, 27, 1, 39.13%, 0, 0, 2, 874.42, 539032, 27
693, 0, 0, 27, 27, 1, 39.13%, 0, 0, 2, 875.11, 543639, 27
698, 0, 0, 27, 27, 1, 39.13%, 0, 0, 2, 874.93, 548042, 27
703, 0, 0, 27, 27, 1, 39.13%, 0, 0, 2, 876.38, 552632, 27
708, 0, 0, 27, 27, 1, 39.13%, 0, 0, 2, 874.34, 557035, 27
714, 0, 0, 27, 27, 1, 39.13%, 0, 0, 2, 882.57, 561642, 27
719, 0, 0, 27, 27, 1, 39.13%, 0, 0, 2, 883.01, 566249, 27
724, 0, 0, 27, 27, 1, 39.13%, 0, 0, 2, 886.84, 570686, 27
729, 0, 0, 27, 27, 1, 39.13%, 0, 0, 2, 885.52, 575276, 27
734, 0, 0, 27, 27, 1, 39.13%, 0, 0, 2, 885.45, 579747, 27
739, 0, 0, 27, 27, 1, 39.13%, 0, 0, 2, 888.50, 584354, 27
744, 0, 0, 27, 27, 1, 39.13%, 0, 0, 2, 888.14, 588791, 27
749, 0, 0, 27, 27, 1, 39.13%, 0, 0, 2, 892.91, 593381, 27
754, 0, 0, 27, 27, 1, 39.13%, 0, 0, 2, 890.11, 597852, 27
759, 0, 0, 27, 27, 1, 39.13%, 0, 0, 2, 883.24, 602272, 27
765, 0, 0, 27, 27, 1, 39.13%, 0, 0, 2, 895.24, 606913, 27
770, 0, 0, 28, 28, 1, 40.58%, 0, 0, 2, 889.85, 611493, 28
775, 0, 0, 28, 28, 1, 40.58%, 0, 0, 2, 896.33, 616117, 28
780, 0, 0, 28, 28, 1, 40.58%, 0, 0, 2, 892.71, 620554, 28
785, 0, 0, 28, 28, 1, 40.58%, 0, 0, 2, 894.71, 625127, 28
790, 0, 0, 28, 28, 1, 40.58%, 0, 0, 2, 897.52, 629598, 28
795, 0, 0, 28, 28, 1, 40.58%, 0, 0, 2, 899.97, 634222, 28
800, 0, 0, 28, 28, 1, 40.58%, 0, 0, 2, 898.13, 638676, 28
806, 0, 0, 28, 28, 1, 40.58%, 0, 0, 2, 899.92, 643317, 28
811, 0, 0, 28, 28, 1, 40.58%, 0, 0, 2, 903.93, 647799, 28
816, 0, 0, 29, 29, 1, 42.03%, 0, 0, 2, 900.90, 652436, 29
821, 0, 0, 29, 29, 1, 42.03%, 0, 0, 2, 901.06, 657060, 29
826, 0, 0, 29, 29, 1, 42.03%, 0, 0, 2, 904.57, 661522, 29
831, 0, 0, 29, 29, 1, 42.03%, 0, 0, 2, 905.56, 666022, 29
836, 0, 0, 29, 29, 1, 42.03%, 0, 0, 2, 900.11, 670626, 29
841, 0, 0, 29, 29, 1, 42.03%, 0, 0, 2, 903.99, 675094, 29
846, 0, 0, 29, 29, 1, 42.03%, 0, 0, 2, 908.96, 679756, 29
851, 0, 0, 29, 29, 1, 42.03%, 0, 0, 2, 907.70, 684274, 29
857, 0, 0, 29, 29, 1, 42.03%, 0, 0, 2, 905.68, 688936, 29
862, 0, 0, 29, 29, 1, 42.03%, 0, 0, 2, 908.82, 693616, 29
867, 0, 0, 29, 29, 1, 42.03%, 0, 0, 2, 902.34, 698224, 29
872, 0, 0, 29, 29, 1, 42.03%, 0, 0, 2, 905.19, 702706, 29
877, 0, 0, 29, 29, 1, 42.03%, 0, 0, 2, 905.33, 707350, 29
883, 0, 0, 29, 29, 1, 42.03%, 0, 0, 2, 876.03, 711868, 29
888, 0, 0, 29, 29, 1, 42.03%, 0, 0, 2, 877.78, 716368, 29
893, 0, 0, 29, 29, 1, 42.03%, 0, 0, 2, 875.70, 721014, 29
898, 0, 0, 29, 29, 1, 42.03%, 0, 0, 2, 880.02, 725468, 29
903, 0, 0, 29, 29, 1, 42.03%, 0, 0, 2, 877.37, 729956, 29
908, 0, 0, 29, 29, 1, 42.03%, 0, 0, 2, 881.42, 734614, 29
913, 0, 0, 29, 29, 1, 42.03%, 0, 0, 2, 883.99, 739289, 29
918, 0, 0, 29, 29, 1, 42.03%, 0, 0, 2, 884.66, 743947, 29
924, 0, 0, 29, 29, 1, 42.03%, 0, 0, 2, 891.99, 748639, 29
929, 0, 0, 29, 29, 1, 42.03%, 0, 0, 2, 893.88, 753161, 29
934, 0, 0, 29, 29, 1, 42.03%, 0, 0, 2, 893.61, 757683, 29
939, 0, 0, 29, 29, 1, 42.03%, 0, 0, 2, 887.88, 762205, 29
944, 0, 0, 29, 29, 1, 42.03%, 0, 0, 2, 896.69, 766744, 29
949, 0, 0, 29, 29, 1, 42.03%, 0, 0, 2, 900.67, 771334, 29
954, 0, 0, 29, 29, 1, 42.03%, 0, 0, 2, 890.59, 775890, 29
959, 0, 0, 29, 29, 1, 42.03%, 0, 0, 2, 898.10, 780582, 29
964, 0, 0, 29, 29, 1, 42.03%, 0, 0, 2, 903.65, 785236, 29
969, 0, 0, 29, 29, 1, 42.03%, 0, 0, 2, 897.47, 789796, 29
974, 0, 0, 29, 29, 1, 42.03%, 0, 0, 2, 905.00, 794452, 29
979, 0, 0, 29, 29, 1, 42.03%, 0, 0, 2, 901.75, 799024, 29
985, 0, 0, 30, 30, 1, 42.03%, 0, 0, 2, 908.54, 803711, 29
990, 0, 0, 30, 30, 1, 42.03%, 0, 0, 2, 906.54, 808283, 29
995, 0, 0, 30, 30, 1, 42.03%, 0, 0, 2, 908.61, 812981, 29
1000, 0, 0, 30, 30, 1, 42.03%, 0, 0, 2, 908.80, 817643, 29
1005, 0, 0, 30, 30, 1, 42.03%, 0, 0, 2, 903.42, 822179, 29
1010, 0, 0, 30, 30, 1, 42.03%, 0, 0, 2, 895.37, 826642, 29
1015, 0, 0, 30, 30, 1, 42.03%, 0, 0, 2, 904.29, 831179, 29
1020, 0, 0, 30, 30, 1, 42.03%, 0, 0, 2, 899.35, 835686, 29
1025, 0, 0, 30, 30, 1, 42.03%, 0, 0, 2, 904.84, 840215, 29
1030, 0, 0, 30, 30, 1, 42.03%, 0, 0, 2, 904.83, 844787, 29
1035, 0, 0, 30, 30, 1, 42.03%, 0, 0, 2, 903.29, 849305, 29
1040, 0, 0, 30, 30, 1, 42.03%, 0, 0, 2, 909.80, 853985, 29
1046, 0, 0, 30, 30, 1, 42.03%, 0, 0, 2, 905.73, 858539, 29
1051, 0, 0, 30, 30, 1, 42.03%, 0, 0, 2, 915.23, 863237, 29
1056, 0, 0, 30, 30, 1, 42.03%, 0, 0, 2, 912.25, 867935, 29
1061, 0, 0, 30, 30, 1, 42.03%, 0, 0, 2, 908.49, 872453, 29
1066, 0, 0, 30, 30, 1, 42.03%, 0, 0, 2, 908.46, 877151, 29
1071, 0, 0, 30, 30, 1, 42.03%, 0, 0, 2, 913.65, 881723, 29
1076, 0, 0, 30, 30, 1, 42.03%, 0, 0, 2, 914.48, 886367, 29
1081, 0, 0, 30, 30, 1, 42.03%, 0, 0, 2, 915.55, 890993, 29
1087, 0, 0, 30, 30, 1, 42.03%, 0, 0, 2, 914.47, 895655, 29
1092, 0, 0, 30, 30, 1, 42.03%, 0, 0, 2, 915.97, 900353, 29
1097, 0, 0, 30, 30, 1, 42.03%, 0, 0, 2, 915.79, 904961, 29
1102, 0, 0, 30, 30, 1, 42.03%, 0, 0, 2, 914.44, 909587, 29
1107, 0, 0, 30, 30, 1, 42.03%, 0, 0, 2, 914.25, 914141, 29
1112, 0, 0, 30, 30, 1, 42.03%, 0, 0, 2, 915.93, 918821, 29
1117, 0, 0, 30, 30, 1, 42.03%, 0, 0, 2, 914.55, 923429, 29
1122, 0, 0, 30, 30, 1, 42.03%, 0, 0, 2, 920.06, 928001, 29
1127, 0, 0, 30, 30, 1, 42.03%, 0, 0, 2, 916.68, 932609, 29
1133, 0, 0, 30, 30, 1, 42.03%, 0, 0, 2, 893.42, 937145, 29
1138, 0, 0, 30, 30, 1, 42.03%, 0, 0, 2, 889.74, 941735, 29
1143, 0, 0, 30, 30, 1, 42.03%, 0, 0, 2, 894.48, 946390, 29
1148, 0, 0, 30, 30, 1, 42.03%, 0, 0, 2, 890.66, 950980, 29
1153, 0, 0, 30, 30, 1, 42.03%, 0, 0, 2, 901.75, 955655, 29
1158, 0, 0, 30, 30, 1, 42.03%, 0, 0, 2, 902.14, 960383, 29
1163, 0, 0, 30, 30, 1, 42.03%, 0, 0, 2, 903.48, 965099, 29
1168, 0, 0, 30, 30, 1, 42.03%, 0, 0, 2, 898.88, 969714, 29
1174, 0, 0, 30, 30, 1, 42.03%, 0, 0, 2, 901.78, 974351, 29
1179, 0, 0, 30, 30, 1, 42.03%, 0, 0, 2, 900.52, 978928, 29
1184, 0, 0, 30, 30, 1, 42.03%, 0, 0, 2, 905.30, 983459, 29
1189, 0, 0, 30, 30, 1, 42.03%, 0, 0, 2, 901.59, 988108, 29
1194, 0, 26, 35, 33, 7, 42.03%, 0, 0, 3, 898.00, 992717, 29
1199, 0, 25, 40, 34, 4, 42.03%, 0, 0, 3, 901.58, 997330, 29
1204, 0, 41, 48, 37, 0, 42.03%, 0, 0, 4, 904.63, 1002034, 29
1209, 0, 41, 49, 38, 0, 42.03%, 0, 0, 4, 910.99, 1006667, 29
1214, 0, 49, 54, 40, 0, 42.03%, 0, 0, 4, 905.70, 1011203, 29
1219, 0, 47, 54, 40, 0, 42.03%, 0, 0, 4, 904.40, 1015869, 29
1224, 0, 25, 57, 42, 0, 42.03%, 0, 0, 5, 908.43, 1020432, 29
1229, 0, 24, 57, 42, 0, 42.03%, 0, 0, 5, 904.44, 1024998, 29
1235, 0, 47, 60, 45, 0, 42.03%, 0, 0, 5, 906.25, 1029650, 29
1240, 0, 49, 60, 45, 0, 42.03%, 0, 0, 5, 907.54, 1034351, 29
1245, 0, 49, 61, 46, 0, 42.03%, 0, 0, 5, 901.84, 1038870, 29
1250, 0, 47, 63, 48, 0, 42.03%, 0, 0, 5, 907.22, 1043432, 29
1255, 1, 27, 65, 48, 0, 42.03%, 0, 0, 5, 907.64, 1047994, 29
1260, 1, 31, 66, 46, 0, 42.03%, 0, 0, 5, 909.37, 1052713, 29
1265, 1, 56, 66, 44, 0, 42.03%, 0, 0, 5, 909.50, 1057306, 29
1270, 1, 24, 67, 43, 0, 42.03%, 0, 0, 5, 909.80, 1061870, 29
1275, 1, 55, 67, 40, 0, 42.03%, 0, 0, 5, 907.99, 1066577, 29
1281, 1, 49, 67, 39, 0, 42.03%, 0, 0, 5, 910.58, 1071269, 29
1286, 1, 61, 68, 40, 0, 42.03%, 0, 0, 5, 907.32, 1075796, 29
1291, 1, 61, 69, 39, 0, 42.03%, 0, 0, 5, 906.20, 1080489, 29
1296, 2, 49, 71, 40, 0, 42.03%, 0, 0, 5, 908.23, 1085166, 29
1301, 2, 55, 87, 56, 0, 42.03%, 0, 0, 5, 886.61, 1089699, 29
1306, 2, 62, 89, 57, 0, 42.03%, 0, 0, 5, 879.82, 1094237, 29
1312, 2, 49, 92, 58, 0, 42.03%, 0, 0, 5, 839.88, 1098466, 29
1317, 2, 61, 95, 60, 0, 42.03%, 0, 0, 5, 867.34, 1102925, 29
1322, 2, 65, 95, 58, 0, 42.03%, 0, 0, 5, 879.27, 1107285, 29
1327, 2, 65, 95, 56, 0, 42.03%, 0, 0, 5, 698.74, 1110263, 29
1332, 2, 62, 95, 56, 0, 42.03%, 0, 0, 5, 854.08, 1114821, 29
1337, 2, 80, 95, 55, 0, 42.03%, 0, 0, 5, 838.77, 1119034, 29
1342, 2, 9, 96, 55, 0, 42.03%, 0, 0, 5, 852.46, 1123274, 29
1347, 2, 19, 96, 53, 0, 42.03%, 0, 0, 5, 877.25, 1127817, 29
1353, 2, 49, 96, 51, 0, 42.03%, 0, 0, 5, 860.27, 1132290, 29
1358, 2, 47, 96, 49, 0, 42.03%, 0, 0, 5, 846.43, 1136613, 29
1363, 3, 81, 96, 49, 0, 42.03%, 0, 0, 5, 818.60, 1140854, 29
1368, 3, 52, 96, 48, 0, 42.03%, 0, 0, 5, 849.43, 1145197, 29
1373, 3, 49, 97, 49, 0, 42.03%, 0, 0, 5, 858.21, 1149685, 29
1378, 3, 55, 98, 49, 0, 42.03%, 0, 0, 5, 854.29, 1154145, 29
1383, 3, 61, 98, 49, 0, 42.03%, 0, 0, 5, 844.54, 1158442, 29
1388, 3, 65, 98, 49, 0, 42.03%, 0, 0, 5, 849.58, 1162723, 29
1393, 3, 65, 98, 49, 0, 42.03%, 0, 0, 5, 858.55, 1167091, 29
1398, 3, 49, 98, 49, 0, 42.03%, 0, 0, 5, 870.33, 1171643, 29
1404, 3, 49, 98, 49, 0, 42.03%, 0, 0, 5, 863.14, 1176105, 29
1409, 3, 14, 98, 49, 0, 42.03%, 0, 0, 5, 879.08, 1180551, 29
1414, 3, 62, 98, 48, 0, 42.03%, 0, 0, 5, 865.24, 1184876, 29
1419, 3, 62, 98, 48, 0, 42.03%, 0, 0, 5, 866.04, 1189331, 29
1424, 4, 52, 99, 48, 0, 42.03%, 0, 0, 5, 856.65, 1193762, 29
1429, 4, 62, 100, 49, 0, 42.03%, 0, 0, 5, 861.88, 1198073, 29
1434, 4, 52, 100, 49, 0, 42.03%, 0, 0, 5, 852.79, 1202487, 29
1439, 4, 52, 100, 49, 0, 42.03%, 0, 0, 5, 867.40, 1206842, 29
1444, 4, 52, 100, 47, 0, 42.03%, 0, 0, 5, 862.05, 1211176, 29
1449, 4, 65, 100, 47, 0, 42.03%, 0, 0, 5, 854.11, 1215630, 29
1455, 4, 55, 100, 46, 0, 42.03%, 0, 0, 5, 865.57, 1220101, 29
1460, 4, 99, 100, 46, 0, 42.03%, 0, 0, 5, 872.75, 1224502, 29
1465, 4, 49, 100, 45, 0, 42.03%, 0, 0, 5, 867.76, 1228827, 29
1470, 4, 65, 100, 44, 0, 42.03%, 0, 0, 5, 879.63, 1233332, 29
1475, 4, 52, 100, 43, 0, 42.03%, 0, 0, 5, 877.05, 1237747, 29
1480, 5, 52, 100, 42, 0, 42.03%, 0, 0, 5, 871.99, 1242282, 29
1485, 5, 49, 100, 40, 0, 42.03%, 0, 0, 5, 861.15, 1246614, 29
1490, 5, 65, 100, 39, 0, 42.03%, 0, 0, 5, 867.64, 1251095, 29
1495, 5, 96, 100, 39, 0, 42.03%, 0, 0, 5, 879.11, 1255494, 29
1500, 5, 52, 100, 38, 0, 42.03%, 0, 0, 5, 879.06, 1259840, 29
1505, 5, 49, 100, 38, 0, 42.03%, 0, 0, 5, 857.03, 1264317, 29
1511, 5, 49, 100, 37, 0, 42.03%, 0, 0, 5, 879.22, 1268856, 29
1516, 5, 49, 100, 35, 0, 42.03%, 0, 0, 5, 870.97, 1273300, 29
1521, 5, 61, 100, 33, 0, 42.03%, 0, 0, 5, 845.47, 1277530, 29
1526, 5, 65, 100, 33, 0, 42.03%, 0, 0, 5, 865.39, 1281879, 29
1531, 5, 83, 100, 33, 0, 42.03%, 0, 0, 5, 824.89, 1286062, 29
1536, 5, 49, 100, 31, 0, 42.03%, 0, 0, 5, 864.59, 1290477, 29
1541, 6, 88, 100, 31, 0, 42.03%, 0, 0, 5, 679.84, 1293953, 29
1546, 6, 49, 100, 30, 0, 42.03%, 0, 0, 5, 832.68, 1298192, 29
1551, 6, 49, 100, 30, 0, 42.03%, 0, 0, 5, 862.30, 1302498, 29
1556, 6, 52, 100, 30, 0, 42.03%, 0, 0, 5, 875.05, 1307041, 29
1561, 6, 49, 100, 30, 0, 42.03%, 0, 0, 5, 883.99, 1311422, 29
1567, 6, 47, 100, 29, 0, 42.03%, 0, 0, 5, 868.62, 1315820, 29
1572, 6, 49, 100, 28, 0, 42.03%, 0, 0, 5, 879.06, 1320373, 29
1577, 6, 61, 100, 28, 0, 42.03%, 0, 0, 5, 865.29, 1324687, 29
1582, 6, 52, 100, 28, 0, 42.03%, 0, 0, 5, 874.21, 1329003, 29
1587, 6, 65, 100, 28, 0, 42.03%, 0, 0, 5, 884.41, 1333526, 29
1592, 6, 65, 100, 28, 0, 42.03%, 0, 0, 5, 886.82, 1337955, 29
1597, 7, 62, 100, 27, 0, 42.03%, 0, 0, 5, 883.33, 1342299, 29
1602, 7, 49, 100, 27, 0, 42.03%, 0, 0, 5, 882.30, 1346753, 29
1607, 7, 52, 100, 27, 0, 42.03%, 0, 0, 5, 889.32, 1351192, 29
1613, 7, 61, 100, 27, 0, 42.03%, 0, 0, 5, 853.74, 1355610, 29
1618, 7, 49, 100, 27, 0, 42.03%, 0, 0, 5, 834.83, 1359880, 29
1623, 7, 52, 100, 27, 0, 42.03%, 0, 0, 5, 850.77, 1364365, 29
1628, 7, 55, 100, 26, 0, 42.03%, 0, 0, 5, 842.13, 1368624, 29
1633, 7, 97, 100, 26, 0, 42.03%, 0, 0, 5, 840.70, 1373067, 29
1638, 7, 49, 100, 25, 0, 42.03%, 0, 0, 5, 850.94, 1377366, 29
1643, 7, 49, 100, 25, 0, 42.03%, 0, 0, 5, 859.63, 1381745, 29
1648, 8, 49, 100, 25, 0, 42.03%, 0, 0, 5, 852.11, 1386202, 29
1653, 8, 52, 100, 24, 0, 42.03%, 0, 0, 5, 846.04, 1390639, 29
1658, 8, 49, 100, 24, 0, 42.03%, 0, 0, 5, 855.48, 1394993, 29
1663, 8, 49, 100, 23, 0, 42.03%, 0, 0, 5, 866.28, 1399367, 29
1669, 8, 49, 100, 22, 0, 42.03%, 0, 0, 5, 854.47, 1403844, 29
1674, 8, 49, 100, 21, 0, 42.03%, 0, 0, 5, 864.02, 1408330, 29
1679, 8, 62, 100, 21, 0, 42.03%, 0, 0, 5, 858.60, 1412657, 29
1684, 8, 62, 100, 21, 0, 42.03%, 0, 0, 5, 854.50, 1416973, 29
1689, 8, 61, 100, 20, 0, 42.03%, 0, 0, 5, 863.55, 1421342, 29
1694, 8, 55, 100, 20, 0, 42.03%, 0, 0, 5, 865.14, 1425849, 29
1699, 8, 49, 100, 20, 0, 42.03%, 0, 0, 5, 871.94, 1430356, 29
1704, 9, 47, 100, 19, 0, 42.03%, 0, 0, 5, 885.46, 1434959, 29
1709, 9, 49, 100, 18, 0, 42.03%, 0, 0, 5, 873.22, 1439296, 29
1714, 9, 52, 101, 19, 0, 42.03%, 0, 0, 5, 867.98, 1443665, 29
1720, 9, 49, 101, 19, 0, 42.03%, 0, 0, 5, 866.79, 1448184, 29
1725, 9, 62, 101, 18, 0, 42.03%, 0, 0, 5, 870.50, 1452568, 29
1730, 9, 100, 101, 18, 0, 42.03%, 0, 0, 5, 704.68, 1456007, 29
1735, 9, 55, 101, 17, 0, 42.03%, 0, 0, 5, 840.05, 1460523, 29
1738, 9, 49, 101, 17, 0, 42.03%, 1, 0, 5, 806.39, 1463341, 29
