# relative_time, cycles_done, cur_item, corpus_count, pending_total, pending_favs, map_size, saved_crashes, saved_hangs, max_depth, execs_per_sec, total_execs, edges_found
63, 0, 0, 21, 21, 1, 34.38%, 0, 0, 2, 1.27, 3244, 22
93, 0, 0, 21, 21, 1, 34.38%, 0, 0, 2, 1.34, 6387, 22
98, 0, 0, 21, 21, 1, 34.38%, 0, 0, 2, 787.93, 10380, 22
121, 0, 0, 22, 22, 1, 34.38%, 0, 0, 2, 7.57, 11707, 22
127, 0, 0, 23, 23, 1, 35.94%, 0, 0, 2, 766.93, 15689, 23
151, 0, 0, 23, 23, 1, 35.94%, 0, 0, 2, 5.53, 15824, 23
156, 0, 0, 24, 24, 1, 37.50%, 0, 0, 2, 284.22, 19696, 24
177, 0, 0, 24, 24, 1, 37.50%, 0, 0, 2, 0.88, 20046, 24
182, 0, 0, 24, 24, 1, 37.50%, 0, 0, 2, 776.19, 23931, 24
203, 0, 0, 25, 25, 1, 39.06%, 0, 0, 2, 7.53, 24748, 25
208, 0, 0, 27, 27, 1, 39.06%, 0, 0, 2, 790.17, 28662, 25
230, 0, 0, 27, 27, 1, 39.06%, 0, 0, 2, 5.57, 29772, 25
236, 0, 0, 27, 27, 1, 39.06%, 0, 0, 2, 755.53, 33702, 25
259, 0, 0, 27, 27, 1, 39.06%, 0, 0, 2, 6.53, 34347, 25
264, 0, 0, 27, 27, 1, 39.06%, 0, 0, 2, 798.43, 38427, 25
286, 0, 0, 27, 27, 1, 39.06%, 0, 0, 2, 2.77, 39942, 25
291, 0, 0, 28, 28, 1, 40.62%, 0, 0, 2, 762.87, 43774, 26
320, 0, 0, 28, 28, 1, 40.62%, 0, 0, 2, 4.49, 45709, 26
325, 0, 0, 29, 29, 1, 42.19%, 0, 0, 2, 811.01, 49895, 27
351, 0, 0, 29, 29, 1, 42.19%, 0, 0, 2, 3.75, 51701, 27
356, 0, 0, 29, 29, 1, 42.19%, 0, 0, 2, 713.52, 55359, 27
382, 0, 0, 29, 29, 1, 42.19%, 0, 0, 2, 5.25, 56996, 27
387, 0, 0, 30, 30, 1, 43.75%, 0, 0, 2, 764.70, 60858, 28
400, 0, 0, 31, 31, 1, 43.75%, 0, 0, 2, 8.48, 62261, 28
407, 0, 27, 34, 32, 5, 43.75%, 0, 0, 3, 10.37, 63120, 28
419, 0, 27, 34, 32, 5, 43.75%, 0, 0, 3, 0.75, 63141, 28
425, 0, 32, 45, 40, 4, 45.31%, 0, 0, 4, 786.53, 67263, 29
445, 0, 32, 45, 40, 4, 45.31%, 0, 0, 4, 0.06, 68488, 29
450, 0, 32, 47, 42, 4, 45.31%, 0, 0, 4, 755.60, 72332, 29
471, 0, 32, 47, 42, 4, 45.31%, 0, 0, 4, 6.87, 73659, 29
476, 0, 38, 50, 40, 1, 45.31%, 0, 0, 5, 746.80, 77464, 29
488, 0, 46, 51, 39, 0, 45.31%, 0, 0, 5, 8.10, 78073, 29
505, 0, 46, 52, 40, 0, 45.31%, 0, 0, 5, 9.05, 81539, 29
510, 0, 49, 52, 40, 0, 45.31%, 0, 0, 5, 776.55, 85484, 29
526, 0, 28, 53, 41, 0, 45.31%, 0, 0, 6, 9.19, 87261, 29
531, 0, 46, 54, 42, 0, 45.31%, 0, 0, 6, 772.47, 91188, 29
548, 0, 35, 55, 43, 0, 45.31%, 0, 0, 6, 9.41, 93314, 29
553, 0, 46, 59, 47, 0, 45.31%, 0, 0, 6, 816.02, 97521, 29
562, 0, 23, 59, 47, 0, 45.31%, 0, 0, 6, 8.41, 99298, 29
575, 0, 28, 59, 47, 0, 45.31%, 0, 0, 6, 11.56, 102636, 29
580, 0, 46, 59, 46, 0, 45.31%, 0, 0, 6, 846.83, 106546, 29
589, 0, 46, 59, 46, 0, 45.31%, 0, 0, 6, 26.98, 108974, 29
599, 0, 28, 59, 46, 0, 45.31%, 0, 0, 6, 8.20, 113057, 29
605, 0, 46, 59, 46, 0, 45.31%, 0, 0, 6, 838.72, 115677, 29
613, 0, 28, 59, 46, 0, 45.31%, 0, 0, 6, 13.36, 119339, 29
619, 0, 29, 59, 46, 0, 45.31%, 0, 0, 6, 805.19, 123293, 29
629, 1, 35, 61, 48, 0, 45.31%, 0, 0, 6, 8.29, 125970, 29
634, 1, 46, 65, 51, 0, 45.31%, 0, 0, 6, 823.47, 130181, 29
649, 1, 41, 66, 51, 0, 45.31%, 0, 0, 6, 2.37, 133264, 29
654, 1, 45, 66, 49, 0, 45.31%, 0, 0, 6, 839.69, 137488, 29
660, 1, 46, 66, 49, 0, 45.31%, 0, 0, 6, 14.03, 140844, 29
665, 1, 44, 66, 49, 0, 45.31%, 0, 0, 6, 803.82, 144995, 29
673, 1, 46, 66, 48, 0, 45.31%, 0, 0, 6, 18.94, 146243, 29
678, 1, 45, 67, 49, 0, 45.31%, 0, 0, 6, 834.93, 150008, 29
683, 1, 3, 67, 49, 0, 45.31%, 0, 0, 6, 805.84, 154018, 29
688, 1, 49, 67, 47, 0, 45.31%, 0, 0, 6, 796.72, 157888, 29
694, 1, 60, 69, 48, 0, 45.31%, 0, 0, 6, 59.78, 160494, 29
699, 1, 46, 69, 48, 0, 45.31%, 0, 0, 6, 806.87, 164342, 29
704, 2, 46, 71, 50, 0, 45.31%, 0, 0, 6, 785.20, 167015, 29
709, 2, 76, 80, 59, 0, 45.31%, 0, 0, 6, 809.53, 171169, 29
715, 2, 35, 87, 65, 0, 45.31%, 0, 0, 6, 793.19, 175136, 29
720, 2, 46, 88, 64, 0, 45.31%, 0, 0, 6, 752.34, 179012, 29
725, 2, 46, 91, 65, 0, 45.31%, 0, 0, 6, 768.66, 182988, 29
734, 2, 46, 91, 65, 0, 45.31%, 0, 0, 6, 10.22, 186512, 29
739, 2, 60, 93, 66, 0, 45.31%, 0, 0, 6, 824.34, 190581, 29
744, 2, 57, 94, 66, 0, 45.31%, 0, 0, 6, 826.24, 194743, 29
749, 2, 95, 97, 69, 0, 45.31%, 0, 0, 6, 809.08, 198712, 29
754, 2, 62, 97, 67, 0, 45.31%, 0, 0, 6, 801.53, 202751, 29
760, 2, 46, 98, 68, 0, 45.31%, 0, 0, 6, 21.08, 205699, 29
765, 2, 46, 98, 68, 0, 45.31%, 0, 0, 6, 665.06, 209731, 29
770, 2, 56, 98, 67, 0, 45.31%, 0, 0, 6, 765.67, 213815, 29
775, 2, 56, 98, 66, 0, 45.31%, 0, 0, 6, 767.70, 217768, 29
781, 2, 83, 98, 66, 0, 45.31%, 0, 0, 6, 731.23, 221715, 29
787, 2, 59, 99, 66, 0, 45.31%, 0, 0, 7, 71.46, 225038, 29
792, 2, 46, 99, 66, 0, 45.31%, 0, 0, 7, 817.88, 229161, 29
797, 2, 80, 100, 66, 0, 45.31%, 0, 0, 7, 810.99, 233231, 29
802, 3, 46, 100, 65, 0, 45.31%, 0, 0, 7, 812.51, 237390, 29
807, 3, 71, 100, 64, 0, 45.31%, 0, 0, 7, 777.94, 241228, 29
814, 3, 60, 100, 63, 0, 45.31%, 0, 0, 7, 4.40, 243677, 29
820, 3, 56, 100, 63, 0, 45.31%, 0, 0, 7, 824.44, 247925, 29
825, 3, 61, 100, 63, 0, 45.31%, 0, 0, 7, 840.43, 252188, 29
830, 3, 46, 100, 61, 0, 45.31%, 0, 0, 7, 836.93, 256328, 29
835, 3, 89, 100, 61, 0, 45.31%, 0, 0, 7, 796.31, 260355, 29
840, 3, 60, 100, 60, 0, 45.31%, 0, 0, 7, 795.90, 264198, 29
845, 3, 67, 100, 60, 0, 45.31%, 0, 0, 7, 808.32, 268125, 29
850, 3, 56, 100, 59, 0, 45.31%, 0, 0, 7, 806.19, 272176, 29
855, 3, 46, 100, 59, 0, 45.31%, 0, 0, 7, 779.81, 276166, 29
861, 3, 59, 100, 59, 0, 45.31%, 0, 0, 7, 788.09, 280368, 29
866, 3, 60, 100, 58, 0, 45.31%, 0, 0, 7, 772.02, 284287, 29
871, 3, 68, 100, 58, 0, 45.31%, 0, 0, 7, 776.53, 288278, 29
876, 3, 59, 100, 57, 0, 45.31%, 0, 0, 7, 815.22, 292485, 29
881, 3, 46, 100, 57, 0, 45.31%, 0, 0, 7, 807.36, 296647, 29
886, 3, 59, 100, 57, 0, 45.31%, 0, 0, 7, 823.74, 300986, 29
891, 4, 46, 100, 57, 0, 45.31%, 0, 0, 7, 791.14, 305073, 29
896, 4, 94, 100, 57, 0, 45.31%, 0, 0, 7, 776.39, 309069, 29
901, 4, 49, 100, 56, 0, 45.31%, 0, 0, 7, 800.23, 313091, 29
906, 4, 45, 100, 56, 0, 45.31%, 0, 0, 7, 833.54, 317483, 29
911, 4, 97, 100, 56, 0, 45.31%, 0, 0, 7, 802.74, 321582, 29
917, 4, 56, 100, 55, 0, 45.31%, 0, 0, 7, 821.09, 325876, 29
922, 4, 57, 100, 55, 0, 45.31%, 0, 0, 7, 759.95, 329610, 29
927, 4, 46, 100, 55, 0, 45.31%, 0, 0, 7, 808.36, 333653, 29
932, 4, 46, 100, 54, 0, 45.31%, 0, 0, 7, 807.35, 337711, 29
937, 4, 72, 100, 54, 0, 45.31%, 0, 0, 7, 812.63, 341998, 29
942, 4, 56, 100, 53, 0, 45.31%, 0, 0, 7, 777.12, 345998, 29
947, 4, 46, 100, 53, 0, 45.31%, 0, 0, 7, 788.20, 350132, 29
952, 4, 46, 100, 53, 0, 45.31%, 0, 0, 7, 786.84, 354155, 29
957, 4, 60, 100, 52, 0, 45.31%, 0, 0, 7, 802.01, 357940, 29
962, 4, 85, 100, 52, 0, 45.31%, 0, 0, 7, 799.80, 362028, 29
967, 4, 49, 100, 51, 0, 45.31%, 0, 0, 7, 818.44, 366237, 29
972, 4, 57, 100, 51, 0, 45.31%, 0, 0, 7, 821.52, 370436, 29
978, 4, 56, 100, 51, 0, 45.31%, 0, 0, 7, 784.90, 374509, 29
983, 5, 59, 100, 50, 0, 45.31%, 0, 0, 7, 779.96, 378487, 29
988, 5, 46, 100, 50, 0, 45.31%, 0, 0, 7, 831.21, 382777, 29
993, 5, 49, 100, 50, 0, 45.31%, 0, 0, 7, 850.87, 387187, 29
998, 5, 46, 100, 49, 0, 45.31%, 0, 0, 7, 852.97, 391633, 29
1003, 5, 46, 100, 49, 0, 45.31%, 0, 0, 7, 808.73, 395503, 29
1008, 5, 46, 100, 49, 0, 45.31%, 0, 0, 7, 839.29, 399782, 29
1013, 5, 60, 100, 49, 0, 45.31%, 0, 0, 7, 813.67, 403860, 29
1018, 5, 46, 100, 49, 0, 45.31%, 0, 0, 7, 840.96, 408135, 29
1023, 5, 46, 100, 49, 0, 45.31%, 0, 0, 7, 836.28, 412297, 29
1028, 5, 46, 100, 49, 0, 45.31%, 0, 0, 7, 856.16, 416713, 29
1033, 5, 46, 100, 48, 0, 45.31%, 0, 0, 7, 847.22, 420982, 29
1038, 5, 46, 100, 47, 0, 45.31%, 0, 0, 7, 825.90, 425164, 29
1044, 5, 57, 100, 47, 0, 45.31%, 0, 0, 7, 857.22, 429669, 29
1049, 5, 46, 100, 47, 0, 45.31%, 0, 0, 7, 835.05, 433761, 29
1054, 5, 46, 100, 47, 0, 45.31%, 0, 0, 7, 823.49, 437850, 29
1059, 6, 45, 100, 47, 0, 45.31%, 0, 0, 7, 851.57, 442228, 29
1064, 6, 45, 100, 46, 0, 45.31%, 0, 0, 7, 861.63, 446688, 29
1069, 6, 46, 100, 46, 0, 45.31%, 0, 0, 7, 859.50, 451008, 29
1074, 6, 46, 100, 46, 0, 45.31%, 0, 0, 7, 864.13, 455517, 29
1080, 6, 56, 100, 46, 0, 45.31%, 0, 0, 7, 857.33, 459942, 29
1085, 6, 49, 100, 45, 0, 45.31%, 0, 0, 7, 857.95, 464411, 29
1090, 6, 59, 100, 45, 0, 45.31%, 0, 0, 7, 863.79, 468860, 29
1095, 6, 45, 100, 45, 0, 45.31%, 0, 0, 7, 861.23, 473263, 29
1100, 6, 46, 100, 45, 0, 45.31%, 0, 0, 7, 884.93, 477696, 29
1105, 6, 46, 100, 45, 0, 45.31%, 0, 0, 7, 871.78, 482171, 29
1110, 6, 46, 100, 45, 0, 45.31%, 0, 0, 7, 870.45, 486467, 29
1115, 6, 46, 100, 45, 0, 45.31%, 0, 0, 7, 875.98, 490814, 29
1120, 6, 46, 100, 45, 0, 45.31%, 0, 0, 7, 869.47, 495117, 29
1126, 6, 59, 100, 44, 0, 45.31%, 0, 0, 7, 863.18, 499581, 29
1131, 6, 45, 100, 44, 0, 45.31%, 0, 0, 7, 876.15, 503974, 29
1136, 7, 46, 100, 44, 0, 45.31%, 0, 0, 7, 893.50, 508499, 29
1141, 7, 57, 100, 42, 0, 45.31%, 0, 0, 7, 879.98, 512858, 29
1146, 7, 46, 101, 43, 0, 45.31%, 0, 0, 7, 865.36, 517105, 29
1151, 7, 46, 101, 43, 0, 45.31%, 0, 0, 7, 855.43, 521462, 29
1156, 7, 45, 101, 42, 0, 45.31%, 0, 0, 7, 863.72, 525793, 29
1161, 7, 46, 101, 42, 0, 45.31%, 0, 0, 7, 870.82, 530252, 29
1166, 7, 46, 101, 42, 0, 45.31%, 0, 0, 7, 856.07, 534467, 29
1171, 7, 46, 101, 42, 0, 45.31%, 0, 0, 7, 879.49, 538885, 29
1176, 7, 81, 101, 42, 0, 45.31%, 0, 0, 7, 860.44, 543109, 29
1182, 7, 59, 101, 41, 0, 45.31%, 0, 0, 7, 883.76, 547643, 29
1187, 7, 46, 101, 40, 0, 45.31%, 0, 0, 7, 915.83, 551589, 29
1192, 7, 57, 101, 40, 0, 45.31%, 0, 0, 7, 887.15, 555959, 29
1197, 7, 46, 101, 40, 0, 45.31%, 0, 0, 7, 878.90, 560417, 29
1202, 7, 46, 101, 40, 0, 45.31%, 0, 0, 7, 875.12, 564736, 29
1207, 7, 46, 101, 39, 0, 45.31%, 0, 0, 7, 848.62, 569114, 29
1212, 7, 46, 101, 39, 0, 45.31%, 0, 0, 7, 832.50, 573387, 29
1217, 8, 46, 101, 38, 0, 45.31%, 0, 0, 7, 842.40, 577704, 29
1222, 8, 48, 101, 38, 0, 45.31%, 0, 0, 7, 852.27, 582155, 29
1227, 8, 48, 101, 38, 0, 45.31%, 0, 0, 7, 862.20, 586538, 29
1233, 8, 46, 101, 38, 0, 45.31%, 0, 0, 7, 100.59, 590277, 29
1238, 8, 56, 101, 37, 0, 45.31%, 0, 0, 7, 861.58, 594667, 29
1243, 8, 46, 101, 37, 0, 45.31%, 0, 0, 7, 884.24, 599277, 29
1248, 8, 57, 101, 37, 0, 45.31%, 0, 0, 7, 878.67, 603755, 29
1253, 8, 93, 101, 37, 0, 45.31%, 0, 0, 7, 850.93, 608122, 29
1258, 8, 46, 101, 35, 0, 45.31%, 0, 0, 7, 870.00, 612572, 29
1263, 8, 46, 101, 35, 0, 45.31%, 0, 0, 7, 884.85, 617051, 29
1265, 8, 46, 101, 35, 0, 45.31%, 1, 0, 7, 0.00, 618339, 29
