# relative_time, cycles_done, cur_item, corpus_count, pending_total, pending_favs, map_size, saved_crashes, saved_hangs, max_depth, execs_per_sec, total_execs, edges_found
62, 0, 0, 16, 16, 1, 37.29%, 0, 0, 2, 2.78, 3013, 22
93, 0, 0, 17, 17, 1, 37.29%, 0, 0, 2, 3.42, 5084, 22
98, 0, 0, 17, 17, 1, 37.29%, 0, 0, 2, 523.02, 7634, 22
121, 0, 0, 17, 17, 1, 37.29%, 0, 0, 2, 0.46, 8604, 22
126, 0, 0, 17, 17, 1, 37.29%, 0, 0, 2, 518.02, 11224, 22
151, 0, 0, 17, 17, 1, 37.29%, 0, 0, 2, 4.50, 11334, 22
156, 0, 0, 17, 17, 1, 37.29%, 0, 0, 2, 523.55, 13984, 22
177, 0, 0, 17, 17, 1, 37.29%, 0, 0, 2, 2.93, 14234, 22
182, 0, 0, 17, 17, 1, 37.29%, 0, 0, 2, 521.28, 16904, 22
202, 0, 0, 17, 17, 1, 37.29%, 0, 0, 2, 3.53, 17484, 22
207, 0, 0, 17, 17, 1, 37.29%, 0, 0, 2, 557.79, 20233, 22
230, 0, 0, 17, 17, 1, 37.29%, 0, 0, 2, 5.61, 21146, 22
235, 0, 0, 17, 17, 1, 37.29%, 0, 0, 2, 365.00, 24028, 22
259, 0, 0, 17, 17, 1, 37.29%, 0, 0, 2, 4.96, 24544, 22
264, 0, 0, 17, 17, 1, 37.29%, 0, 0, 2, 647.16, 27848, 22
285, 0, 0, 17, 17, 1, 37.29%, 0, 0, 2, 2.30, 28934, 22
291, 0, 0, 17, 17, 1, 37.29%, 0, 0, 2, 593.15, 31964, 22
319, 0, 0, 17, 17, 1, 37.29%, 0, 0, 2, 0.90, 33536, 22
325, 0, 0, 18, 18, 1, 37.29%, 0, 0, 2, 686.82, 37086, 22
351, 0, 0, 18, 18, 1, 37.29%, 0, 0, 2, 0.75, 38433, 22
356, 0, 0, 18, 18, 1, 37.29%, 0, 0, 2, 479.13, 40812, 22
382, 0, 0, 18, 18, 1, 37.29%, 0, 0, 2, 1.90, 41748, 22
387, 0, 0, 18, 18, 1, 37.29%, 0, 0, 2, 526.97, 44381, 22
400, 0, 0, 18, 18, 1, 37.29%, 0, 0, 2, 6.91, 45401, 22
408, 0, 0, 18, 18, 1, 37.29%, 0, 0, 2, 3.05, 46024, 22
419, 0, 0, 18, 18, 1, 37.29%, 0, 0, 2, 2.93, 46035, 22
424, 0, 0, 18, 18, 1, 37.29%, 0, 0, 2, 587.22, 49027, 22
445, 0, 0, 18, 18, 1, 37.29%, 0, 0, 2, 5.83, 49821, 22
450, 0, 0, 18, 18, 1, 37.29%, 0, 0, 2, 111.86, 52811, 22
470, 0, 0, 18, 18, 1, 37.29%, 0, 0, 2, 5.97, 53821, 22
476, 0, 0, 18, 18, 1, 37.29%, 0, 0, 2, 565.97, 56815, 22
488, 0, 0, 18, 18, 1, 37.29%, 0, 0, 2, 5.52, 57222, 22
505, 0, 0, 18, 18, 1, 37.29%, 0, 0, 2, 5.35, 59840, 22
510, 0, 0, 18, 18, 1, 37.29%, 0, 0, 2, 530.30, 62811, 22
526, 0, 0, 18, 18, 1, 37.29%, 0, 0, 2, 4.87, 64097, 22
531, 0, 0, 18, 18, 1, 37.29%, 0, 0, 2, 614.94, 67287, 22
548, 0, 0, 18, 18, 1, 37.29%, 0, 0, 2, 4.77, 68695, 22
553, 0, 0, 18, 18, 1, 37.29%, 0, 0, 2, 657.68, 72030, 22
562, 0, 0, 18, 18, 1, 37.29%, 0, 0, 2, 9.55, 73460, 22
575, 0, 0, 18, 18, 1, 37.29%, 0, 0, 2, 4.08, 76372, 22
581, 0, 0, 18, 18, 1, 37.29%, 0, 0, 2, 545.00, 79790, 22
589, 0, 0, 18, 18, 1, 37.29%, 0, 0, 2, 11.79, 81367, 22
601, 0, 0, 18, 18, 1, 37.29%, 0, 0, 2, 12.61, 84875, 22
606, 0, 0, 18, 18, 1, 37.29%, 0, 0, 2, 675.58, 88241, 22
613, 0, 0, 18, 18, 1, 37.29%, 0, 0, 2, 7.99, 89799, 22
619, 0, 0, 18, 18, 1, 37.29%, 0, 0, 2, 719.38, 93513, 22
629, 0, 0, 18, 18, 1, 37.29%, 0, 0, 2, 15.22, 95753, 22
634, 0, 0, 18, 18, 1, 37.29%, 0, 0, 2, 704.83, 99365, 22
649, 0, 0, 18, 18, 1, 37.29%, 0, 0, 2, 7.91, 102151, 22
654, 0, 0, 18, 18, 1, 37.29%, 0, 0, 2, 758.21, 106041, 22
660, 0, 0, 18, 18, 1, 37.29%, 0, 0, 2, 59.18, 108983, 22
665, 0, 0, 18, 18, 1, 37.29%, 0, 0, 2, 742.69, 112693, 22
673, 0, 0, 18, 18, 1, 37.29%, 0, 0, 2, 4.69, 114293, 22
678, 0, 0, 18, 18, 1, 37.29%, 0, 0, 2, 778.63, 118236, 22
683, 0, 0, 18, 18, 1, 37.29%, 0, 0, 2, 724.01, 121807, 22
688, 0, 0, 18, 18, 1, 37.29%, 0, 0, 2, 724.92, 125307, 22
694, 0, 0, 18, 18, 1, 37.29%, 0, 0, 2, 51.40, 127239, 22
699, 0, 0, 18, 18, 1, 37.29%, 0, 0, 2, 698.94, 130881, 22
704, 0, 0, 18, 18, 1, 37.29%, 0, 0, 2, 752.85, 133236, 22
709, 0, 0, 18, 18, 1, 37.29%, 0, 0, 2, 753.29, 136941, 22
714, 0, 0, 19, 19, 1, 40.68%, 0, 0, 2, 766.68, 140623, 24
719, 0, 0, 19, 19, 1, 40.68%, 0, 0, 2, 765.69, 144283, 24
724, 0, 0, 19, 19, 1, 40.68%, 0, 0, 2, 710.66, 147574, 24
733, 0, 0, 19, 19, 1, 40.68%, 0, 0, 2, 11.14, 151273, 24
738, 0, 0, 19, 19, 1, 40.68%, 0, 0, 2, 756.90, 155158, 24
743, 0, 0, 19, 19, 1, 40.68%, 0, 0, 2, 767.16, 159013, 24
749, 0, 0, 19, 19, 1, 40.68%, 0, 0, 2, 794.82, 163063, 24
754, 0, 0, 20, 20, 1, 40.68%, 0, 0, 2, 795.69, 166955, 24
760, 0, 0, 20, 20, 1, 40.68%, 0, 0, 2, 16.04, 169820, 24
765, 0, 0, 21, 21, 1, 40.68%, 0, 0, 2, 50.69, 173708, 24
770, 0, 0, 21, 21, 1, 40.68%, 0, 0, 2, 38.00, 177484, 24
775, 0, 0, 21, 21, 1, 40.68%, 0, 0, 2, 767.88, 181467, 24
781, 0, 0, 21, 21, 1, 40.68%, 0, 0, 2, 746.44, 185304, 24
787, 0, 0, 21, 21, 1, 40.68%, 0, 0, 2, 45.38, 188352, 24
792, 0, 0, 21, 21, 1, 40.68%, 0, 0, 2, 783.07, 192267, 24
797, 0, 0, 21, 21, 1, 40.68%, 0, 0, 2, 790.31, 196257, 24
802, 0, 0, 21, 21, 1, 40.68%, 0, 0, 2, 714.00, 199864, 24
807, 0, 0, 21, 21, 1, 40.68%, 0, 0, 2, 775.85, 203772, 24
814, 0, 0, 21, 21, 1, 40.68%, 0, 0, 2, 3.81, 206110, 24
819, 0, 0, 21, 21, 1, 40.68%, 0, 0, 2, 778.30, 210057, 24
824, 0, 0, 21, 21, 1, 40.68%, 0, 0, 2, 812.20, 214076, 24
829, 0, 0, 21, 21, 1, 40.68%, 0, 0, 2, 820.84, 217996, 24
834, 0, 0, 21, 21, 1, 40.68%, 0, 0, 2, 792.40, 221742, 24
840, 0, 0, 21, 21, 1, 40.68%, 0, 0, 2, 788.80, 225657, 24
845, 0, 0, 21, 21, 1, 40.68%, 0, 0, 2, 766.68, 229197, 24
850, 0, 0, 21, 21, 1, 40.68%, 0, 0, 2, 824.02, 233084, 24
855, 0, 0, 21, 21, 1, 40.68%, 0, 0, 2, 809.73, 236988, 24
860, 0, 0, 21, 21, 1, 40.68%, 0, 0, 2, 772.35, 240957, 24
865, 0, 0, 21, 21, 1, 40.68%, 0, 0, 2, 717.54, 244524, 24
870, 0, 0, 21, 21, 1, 40.68%, 0, 0, 2, 855.00, 248298, 24
876, 0, 0, 22, 22, 1, 42.37%, 0, 0, 2, 835.36, 252483, 25
881, 0, 0, 22, 22, 1, 42.37%, 0, 0, 2, 807.37, 256595, 25
886, 0, 0, 22, 22, 1, 42.37%, 0, 0, 2, 781.02, 260419, 25
891, 0, 0, 22, 22, 1, 42.37%, 0, 0, 2, 756.40, 264289, 25
896, 0, 0, 22, 22, 1, 42.37%, 0, 0, 2, 752.16, 267715, 25
901, 0, 0, 22, 22, 1, 42.37%, 0, 0, 2, 815.64, 271587, 25
907, 0, 0, 22, 22, 1, 42.37%, 0, 0, 2, 831.34, 275683, 25
912, 0, 0, 22, 22, 1, 42.37%, 0, 0, 2, 801.68, 279544, 25
917, 0, 0, 22, 22, 1, 42.37%, 0, 0, 2, 792.05, 283429, 25
922, 0, 0, 22, 22, 1, 42.37%, 0, 0, 2, 820.52, 287203, 25
927, 0, 0, 22, 22, 1, 42.37%, 0, 0, 2, 774.85, 291019, 25
932, 0, 0, 22, 22, 1, 42.37%, 0, 0, 2, 823.24, 294995, 25
937, 0, 0, 22, 22, 1, 42.37%, 0, 0, 2, 795.65, 298999, 25
942, 0, 0, 22, 22, 1, 42.37%, 0, 0, 2, 743.22, 302435, 25
947, 0, 0, 22, 22, 1, 42.37%, 0, 0, 2, 764.66, 306484, 25
952, 0, 0, 22, 22, 1, 42.37%, 0, 0, 2, 126.17, 309994, 25
958, 0, 0, 22, 22, 1, 42.37%, 0, 0, 2, 786.56, 314209, 25
963, 0, 0, 22, 22, 1, 42.37%, 0, 0, 2, 873.76, 318108, 25
968, 0, 0, 22, 22, 1, 42.37%, 0, 0, 2, 819.15, 322243, 25
973, 0, 0, 22, 22, 1, 42.37%, 0, 0, 2, 817.31, 326243, 25
978, 0, 0, 22, 22, 1, 42.37%, 0, 0, 2, 801.77, 330229, 25
983, 0, 0, 23, 23, 1, 42.37%, 0, 0, 2, 80.20, 333946, 25
988, 0, 0, 23, 23, 1, 42.37%, 0, 0, 2, 874.67, 337954, 25
993, 0, 0, 23, 23, 1, 42.37%, 0, 0, 2, 827.71, 341946, 25
998, 0, 0, 23, 23, 1, 42.37%, 0, 0, 2, 832.59, 346202, 25
1003, 0, 0, 23, 23, 1, 42.37%, 0, 0, 2, 807.21, 350170, 25
1009, 0, 0, 23, 23, 1, 42.37%, 0, 0, 2, 807.29, 354282, 25
1014, 0, 0, 23, 23, 1, 42.37%, 0, 0, 2, 797.47, 358301, 25
1019, 0, 0, 23, 23, 1, 42.37%, 0, 0, 2, 807.08, 362378, 25
1024, 0, 0, 23, 23, 1, 42.37%, 0, 0, 2, 818.08, 366186, 25
1029, 0, 0, 23, 23, 1, 42.37%, 0, 0, 2, 804.78, 369914, 25
1034, 0, 0, 23, 23, 1, 42.37%, 0, 0, 2, 776.92, 373850, 25
1039, 0, 0, 23, 23, 1, 42.37%, 0, 0, 2, 513.68, 378176, 25
1044, 0, 0, 23, 23, 1, 42.37%, 0, 0, 2, 762.64, 382316, 25
1049, 0, 0, 23, 23, 1, 42.37%, 0, 0, 2, 862.03, 386540, 25
1054, 0, 0, 23, 23, 1, 42.37%, 0, 0, 2, 833.04, 390522, 25
1060, 0, 0, 23, 23, 1, 42.37%, 0, 0, 2, 793.37, 394394, 25
1065, 0, 0, 23, 23, 1, 42.37%, 0, 0, 2, 844.93, 398730, 25
1070, 0, 0, 23, 23, 1, 42.37%, 0, 0, 2, 821.50, 402986, 25
1075, 0, 0, 23, 23, 1, 42.37%, 0, 0, 2, 856.22, 407416, 25
1080, 0, 0, 23, 23, 1, 42.37%, 0, 0, 2, 850.70, 411738, 25
1085, 0, 0, 23, 23, 1, 42.37%, 0, 0, 2, 839.81, 415898, 25
1091, 0, 0, 23, 23, 1, 42.37%, 0, 0, 2, 857.46, 419452, 25
1096, 0, 0, 23, 23, 1, 42.37%, 0, 0, 2, 850.50, 423578, 25
1101, 0, 0, 23, 23, 1, 42.37%, 0, 0, 2, 832.95, 427370, 25
1106, 0, 0, 23, 23, 1, 42.37%, 0, 0, 2, 863.95, 431760, 25
1111, 0, 0, 23, 23, 1, 42.37%, 0, 0, 2, 812.84, 436010, 25
1116, 0, 0, 23, 23, 1, 42.37%, 0, 0, 2, 823.13, 439850, 25
1121, 0, 0, 23, 23, 1, 42.37%, 0, 0, 2, 866.97, 444289, 25
1126, 0, 0, 23, 23, 1, 42.37%, 0, 0, 2, 868.96, 448607, 25
1131, 0, 0, 23, 23, 1, 42.37%, 0, 0, 2, 893.18, 452857, 25
1137, 0, 0, 23, 23, 1, 42.37%, 0, 0, 2, 892.99, 457294, 25
1142, 0, 0, 23, 23, 1, 42.37%, 0, 0, 2, 866.29, 461544, 25
1147, 0, 0, 23, 23, 1, 42.37%, 0, 0, 2, 838.34, 465322, 25
1152, 0, 0, 23, 23, 1, 42.37%, 0, 0, 2, 867.84, 469755, 25
1157, 0, 0, 23, 23, 1, 42.37%, 0, 0, 2, 807.17, 473866, 25
1162, 0, 0, 23, 23, 1, 42.37%, 0, 0, 2, 828.54, 478221, 25
1167, 0, 0, 23, 23, 1, 42.37%, 0, 0, 2, 839.20, 482490, 25
1172, 0, 0, 23, 23, 1, 42.37%, 0, 0, 2, 840.79, 486810, 25
1177, 0, 0, 23, 23, 1, 42.37%, 0, 0, 2, 852.79, 491146, 25
1182, 0, 0, 23, 23, 1, 42.37%, 0, 0, 2, 849.63, 495546, 25
1188, 0, 0, 23, 23, 1, 42.37%, 0, 0, 2, 860.53, 500015, 25
1193, 0, 0, 23, 23, 1, 42.37%, 0, 0, 2, 857.44, 504350, 25
1198, 0, 0, 23, 23, 1, 42.37%, 0, 0, 2, 860.45, 508753, 25
1203, 0, 0, 23, 23, 1, 42.37%, 0, 0, 2, 843.97, 513002, 25
1208, 0, 0, 23, 23, 1, 42.37%, 0, 0, 2, 852.29, 517322, 25
1213, 0, 0, 23, 23, 1, 42.37%, 0, 0, 2, 855.64, 521707, 25
1218, 0, 0, 23, 23, 1, 42.37%, 0, 0, 2, 861.81, 525940, 25
1223, 0, 0, 23, 23, 1, 42.37%, 0, 0, 2, 849.06, 530218, 25
1228, 0, 0, 23, 23, 1, 42.37%, 0, 0, 2, 832.03, 534458, 25
1233, 0, 0, 23, 23, 1, 42.37%, 0, 0, 2, 841.70, 538554, 25
1238, 0, 0, 23, 23, 1, 42.37%, 0, 0, 2, 865.62, 542991, 25
1244, 0, 0, 23, 23, 1, 42.37%, 0, 0, 2, 870.99, 547547, 25
1249, 0, 0, 23, 23, 1, 42.37%, 0, 0, 2, 874.67, 551916, 25
1254, 0, 0, 23, 23, 1, 42.37%, 0, 0, 2, 879.23, 556472, 25
1259, 0, 0, 23, 23, 1, 42.37%, 0, 0, 2, 863.62, 560739, 25
1264, 0, 0, 23, 23, 1, 42.37%, 0, 0, 2, 877.70, 565295, 25
1269, 0, 0, 23, 23, 1, 42.37%, 0, 0, 2, 851.24, 569562, 25
1274, 0, 0, 23, 23, 1, 42.37%, 0, 0, 2, 866.64, 574084, 25
1279, 0, 0, 23, 23, 1, 42.37%, 0, 0, 2, 881.61, 578606, 25
1284, 0, 0, 23, 23, 1, 42.37%, 0, 0, 2, 872.79, 582924, 25
1290, 0, 0, 24, 24, 1, 44.07%, 0, 0, 2, 855.32, 587249, 26
1295, 0, 0, 25, 25, 1, 45.76%, 0, 0, 2, 876.60, 591795, 27
1300, 0, 0, 25, 25, 1, 45.76%, 0, 0, 2, 847.39, 595944, 27
1305, 0, 0, 25, 25, 1, 45.76%, 0, 0, 2, 880.17, 600499, 27
1310, 0, 0, 25, 25, 1, 45.76%, 0, 0, 2, 857.16, 604749, 27
1315, 0, 0, 25, 25, 1, 45.76%, 0, 0, 2, 873.88, 609237, 27
1321, 0, 0, 25, 25, 1, 45.76%, 0, 0, 2, 884.91, 613776, 27
1326, 0, 0, 25, 25, 1, 45.76%, 0, 0, 2, 895.79, 618315, 27
1331, 0, 0, 25, 25, 1, 45.76%, 0, 0, 2, 877.69, 622667, 27
1336, 0, 0, 25, 25, 1, 45.76%, 0, 0, 2, 889.01, 627104, 27
1341, 0, 0, 25, 25, 1, 45.76%, 0, 0, 2, 903.68, 631720, 27
1346, 0, 0, 25, 25, 1, 45.76%, 0, 0, 2, 903.10, 636328, 27
1351, 0, 0, 25, 25, 1, 45.76%, 0, 0, 2, 898.01, 640738, 27
1356, 0, 0, 25, 25, 1, 45.76%, 0, 0, 2, 895.02, 645124, 27
1362, 0, 0, 25, 25, 1, 45.76%, 0, 0, 2, 898.76, 649663, 27
1367, 0, 0, 25, 25, 1, 45.76%, 0, 0, 2, 902.15, 654130, 27
1372, 0, 0, 25, 25, 1, 45.76%, 0, 0, 2, 889.89, 658503, 27
1377, 0, 0, 25, 25, 1, 45.76%, 0, 0, 2, 905.39, 662392, 27
1382, 0, 0, 25, 25, 1, 45.76%, 0, 0, 2, 868.71, 666910, 27
1387, 0, 0, 25, 25, 1, 45.76%, 0, 0, 2, 874.50, 671338, 27
1392, 0, 0, 25, 25, 1, 45.76%, 0, 0, 2, 864.35, 675928, 27
1397, 0, 0, 25, 25, 1, 45.76%, 0, 0, 2, 870.75, 680331, 27
1402, 0, 0, 25, 25, 1, 45.76%, 0, 0, 2, 867.19, 684887, 27
1407, 0, 0, 25, 25, 1, 45.76%, 0, 0, 2, 868.99, 689290, 27
1413, 0, 0, 25, 25, 1, 45.76%, 0, 0, 2, 873.76, 693880, 27
1418, 0, 0, 25, 25, 1, 45.76%, 0, 0, 2, 867.12, 698266, 27
1423, 0, 0, 25, 25, 1, 45.76%, 0, 0, 2, 869.36, 702652, 27
1428, 0, 0, 25, 25, 1, 45.76%, 0, 0, 2, 882.30, 707276, 27
1433, 0, 0, 25, 25, 1, 45.76%, 0, 0, 2, 876.39, 711679, 27
1438, 0, 0, 25, 25, 1, 45.76%, 0, 0, 2, 868.33, 716048, 27
1443, 0, 0, 25, 25, 1, 45.76%, 0, 0, 2, 874.33, 720604, 27
1448, 0, 0, 25, 25, 1, 45.76%, 0, 0, 2, 886.00, 725211, 27
1453, 0, 0, 25, 25, 1, 45.76%, 0, 0, 2, 885.10, 729665, 27
1458, 0, 0, 26, 26, 1, 45.76%, 0, 0, 2, 880.26, 734228, 27
1463, 0, 0, 26, 26, 1, 45.76%, 0, 0, 2, 888.38, 738699, 27
1468, 0, 0, 26, 26, 1, 45.76%, 0, 0, 2, 869.55, 743085, 27
1474, 0, 0, 26, 26, 1, 45.76%, 0, 0, 2, 879.08, 747641, 27
1479, 0, 0, 27, 27, 1, 45.76%, 0, 0, 2, 881.74, 752187, 27
1484, 0, 0, 27, 27, 1, 45.76%, 0, 0, 2, 892.08, 756641, 27
1489, 0, 0, 27, 27, 1, 45.76%, 0, 0, 2, 880.15, 761044, 27
1494, 0, 0, 27, 27, 1, 45.76%, 0, 0, 2, 876.33, 765396, 27
1499, 0, 0, 27, 27, 1, 45.76%, 0, 0, 2, 890.09, 770003, 27
1504, 0, 0, 27, 27, 1, 45.76%, 0, 0, 2, 895.06, 774593, 27
1509, 0, 0, 27, 27, 1, 45.76%, 0, 0, 2, 896.81, 779064, 27
1514, 0, 0, 28, 28, 1, 45.76%, 0, 0, 2, 890.80, 783491, 27
1519, 0, 0, 28, 28, 1, 45.76%, 0, 0, 2, 888.40, 787877, 27
1524, 0, 0, 28, 28, 1, 45.76%, 0, 0, 2, 897.69, 792518, 27
1530, 0, 0, 28, 28, 1, 45.76%, 0, 0, 2, 888.84, 796938, 27
1535, 0, 0, 28, 28, 1, 45.76%, 0, 0, 2, 888.94, 801511, 27
1540, 0, 0, 28, 28, 1, 45.76%, 0, 0, 2, 898.42, 806067, 27
1545, 0, 0, 28, 28, 1, 45.76%, 0, 0, 2, 905.68, 810589, 27
1550, 0, 0, 28, 28, 1, 45.76%, 0, 0, 2, 895.62, 815043, 27
1555, 0, 0, 28, 28, 1, 45.76%, 0, 0, 2, 886.09, 819599, 27
1560, 0, 0, 28, 28, 1, 45.76%, 0, 0, 2, 902.37, 824161, 27
1565, 0, 0, 28, 28, 1, 45.76%, 0, 0, 2, 906.88, 828679, 27
1570, 0, 0, 28, 28, 1, 45.76%, 0, 0, 2, 899.03, 833131, 27
1575, 0, 0, 28, 28, 1, 45.76%, 0, 0, 2, 898.45, 837670, 27
1581, 0, 0, 28, 28, 1, 45.76%, 0, 0, 2, 906.79, 842143, 27
1586, 0, 0, 28, 28, 1, 45.76%, 0, 0, 2, 895.23, 846544, 27
1591, 0, 0, 28, 28, 1, 45.76%, 0, 0, 2, 894.07, 851117, 27
1596, 0, 0, 28, 28, 1, 45.76%, 0, 0, 2, 896.05, 855520, 27
1601, 0, 0, 28, 28, 1, 45.76%, 0, 0, 2, 903.72, 860107, 27
1606, 0, 0, 28, 28, 1, 45.76%, 0, 0, 2, 910.98, 864589, 27
1611, 0, 0, 28, 28, 1, 45.76%, 0, 0, 2, 902.27, 869161, 27
1616, 0, 0, 28, 28, 1, 45.76%, 0, 0, 2, 901.09, 873589, 27
1621, 0, 0, 28, 28, 1, 45.76%, 0, 0, 2, 910.57, 878089, 27
1626, 0, 0, 28, 28, 1, 45.76%, 0, 0, 2, 897.57, 882652, 27
1632, 0, 0, 28, 28, 1, 45.76%, 0, 0, 2, 913.29, 887305, 27
1637, 0, 0, 28, 28, 1, 45.76%, 0, 0, 2, 914.86, 891805, 27
1642, 0, 0, 28, 28, 1, 45.76%, 0, 0, 2, 902.35, 896377, 27
1647, 0, 0, 28, 28, 1, 45.76%, 0, 0, 2, 870.68, 900877, 27
1652, 0, 0, 28, 28, 1, 45.76%, 0, 0, 2, 218.39, 905488, 27
1657, 0, 0, 28, 28, 1, 45.76%, 0, 0, 2, 733.14, 909923, 27
1662, 0, 0, 28, 28, 1, 45.76%, 0, 0, 2, 845.90, 914381, 27
1667, 0, 0, 28, 28, 1, 45.76%, 0, 0, 2, 866.34, 918811, 27
1672, 0, 0, 28, 28, 1, 45.76%, 0, 0, 2, 873.62, 923452, 27
1677, 0, 0, 28, 28, 1, 45.76%, 0, 0, 2, 262.44, 927877, 27
1682, 0, 0, 28, 28, 1, 45.76%, 0, 0, 2, 754.41, 932379, 27
1688, 0, 0, 28, 28, 1, 45.76%, 0, 0, 2, 853.71, 937005, 27
1693, 0, 0, 28, 28, 1, 45.76%, 0, 0, 2, 878.73, 941455, 27
1698, 0, 0, 28, 28, 1, 45.76%, 0, 0, 2, 880.01, 946096, 27
1703, 0, 0, 28, 28, 1, 45.76%, 0, 0, 2, 880.99, 950669, 27
1708, 0, 0, 28, 28, 1, 45.76%, 0, 0, 2, 887.01, 955276, 27
1713, 0, 0, 28, 28, 1, 45.76%, 0, 0, 2, 890.67, 959917, 27
1718, 0, 0, 28, 28, 1, 45.76%, 0, 0, 2, 887.45, 964405, 27
1724, 0, 0, 28, 28, 1, 45.76%, 0, 0, 2, 887.86, 969029, 27
1729, 0, 0, 28, 28, 1, 45.76%, 0, 0, 2, 888.78, 973500, 27
1734, 0, 0, 28, 28, 1, 45.76%, 0, 0, 2, 884.09, 978039, 27
1739, 0, 0, 28, 28, 1, 45.76%, 0, 0, 2, 894.08, 982646, 27
1744, 0, 0, 28, 28, 1, 45.76%, 0, 0, 2, 892.19, 987100, 27
1749, 0, 0, 28, 28, 1, 45.76%, 0, 0, 2, 892.59, 991537, 27
1754, 0, 0, 28, 28, 1, 45.76%, 0, 0, 2, 892.55, 996127, 27
1759, 0, 0, 28, 28, 1, 45.76%, 0, 0, 2, 899.73, 1000615, 27
1764, 0, 0, 28, 28, 1, 45.76%, 0, 0, 2, 902.27, 1005115, 27
1769, 0, 0, 28, 28, 1, 45.76%, 0, 0, 2, 901.99, 1009642, 27
1775, 0, 0, 28, 28, 1, 45.76%, 0, 0, 2, 898.32, 1014232, 27
1780, 0, 0, 28, 28, 1, 45.76%, 0, 0, 2, 898.74, 1018805, 27
1785, 0, 0, 28, 28, 1, 45.76%, 0, 0, 2, 902.00, 1023223, 27
1790, 0, 0, 28, 28, 1, 45.76%, 0, 0, 2, 904.02, 1027723, 27
1795, 0, 0, 28, 28, 1, 45.76%, 0, 0, 2, 899.71, 1032184, 27
1800, 0, 0, 28, 28, 1, 45.76%, 0, 0, 2, 898.06, 1036672, 27
1805, 0, 0, 28, 28, 1, 45.76%, 0, 0, 2, 892.18, 1041228, 27
1810, 0, 0, 28, 28, 1, 45.76%, 0, 0, 2, 903.10, 1045867, 27
1815, 0, 0, 28, 28, 1, 45.76%, 0, 0, 2, 894.59, 1050289, 27
1820, 0, 0, 28, 28, 1, 45.76%, 0, 0, 2, 903.07, 1054723, 27
1825, 0, 0, 28, 28, 1, 45.76%, 0, 0, 2, 891.39, 1059146, 27
1831, 0, 0, 28, 28, 1, 45.76%, 0, 0, 2, 894.12, 1063702, 27
1836, 0, 0, 28, 28, 1, 45.76%, 0, 0, 2, 899.33, 1068309, 27
1841, 0, 0, 28, 28, 1, 45.76%, 0, 0, 2, 895.03, 1072712, 27
1846, 0, 0, 28, 28, 1, 45.76%, 0, 0, 2, 899.38, 1077132, 27
1851, 0, 0, 28, 28, 1, 45.76%, 0, 0, 2, 896.50, 1081705, 27
1856, 0, 0, 29, 29, 1, 47.46%, 0, 0, 2, 904.11, 1086140, 28
1861, 0, 0, 29, 29, 1, 47.46%, 0, 0, 2, 904.02, 1090748, 28
1866, 0, 0, 29, 29, 1, 47.46%, 0, 0, 2, 908.55, 1095374, 28
1871, 0, 0, 29, 29, 1, 47.46%, 0, 0, 2, 902.97, 1099838, 28
1877, 0, 0, 29, 29, 1, 47.46%, 0, 0, 2, 898.93, 1104390, 28
1882, 0, 0, 29, 29, 1, 47.46%, 0, 0, 2, 905.02, 1108874, 28
1887, 0, 0, 29, 29, 1, 47.46%, 0, 0, 2, 900.57, 1113417, 28
1892, 0, 0, 29, 29, 1, 47.46%, 0, 0, 2, 907.91, 1117928, 28
1897, 0, 0, 29, 29, 1, 47.46%, 0, 0, 2, 871.79, 1122428, 28
1902, 0, 0, 29, 29, 1, 47.46%, 0, 0, 2, 217.01, 1127045, 28
1907, 0, 0, 29, 29, 1, 47.46%, 0, 0, 2, 742.77, 1131536, 28
1912, 0, 0, 29, 29, 1, 47.46%, 0, 0, 2, 846.46, 1136004, 28
1917, 0, 0, 29, 29, 1, 47.46%, 0, 0, 2, 863.46, 1140566, 28
1923, 0, 0, 29, 29, 1, 47.46%, 0, 0, 2, 879.60, 1145020, 28
1928, 0, 0, 29, 29, 1, 47.46%, 0, 0, 2, 308.46, 1149603, 28
1933, 0, 0, 29, 29, 1, 47.46%, 0, 0, 2, 763.35, 1154093, 28
1938, 0, 0, 29, 29, 1, 47.46%, 0, 0, 2, 854.16, 1158548, 28
1943, 0, 0, 29, 29, 1, 47.46%, 0, 0, 2, 880.78, 1163193, 28
1948, 0, 0, 29, 29, 1, 47.46%, 0, 0, 2, 876.11, 1167817, 28
1953, 0, 0, 29, 29, 1, 47.46%, 0, 0, 2, 882.82, 1172237, 28
1958, 0, 0, 29, 29, 1, 47.46%, 0, 0, 2, 887.42, 1176878, 28
1963, 0, 0, 29, 29, 1, 47.46%, 0, 0, 2, 877.43, 1181332, 28
1969, 0, 0, 29, 29, 1, 47.46%, 0, 0, 2, 862.58, 1185837, 28
1974, 0, 0, 29, 29, 1, 47.46%, 0, 0, 2, 889.70, 1190444, 28
1979, 0, 0, 29, 29, 1, 47.46%, 0, 0, 2, 897.23, 1195119, 28
1984, 0, 0, 29, 29, 1, 47.46%, 0, 0, 2, 902.84, 1199648, 28
1989, 0, 0, 29, 29, 1, 47.46%, 0, 0, 2, 901.98, 1204197, 28
1994, 0, 0, 29, 29, 1, 47.46%, 0, 0, 2, 904.64, 1208918, 28
1999, 0, 0, 29, 29, 1, 47.46%, 0, 0, 2, 915.38, 1213634, 28
2004, 0, 0, 30, 30, 1, 49.15%, 0, 0, 2, 910.51, 1218141, 29
2010, 0, 0, 30, 30, 1, 49.15%, 0, 0, 2, 911.06, 1222785, 29
2015, 0, 0, 30, 30, 1, 49.15%, 0, 0, 2, 910.63, 1227501, 29
2020, 0, 0, 30, 30, 1, 49.15%, 0, 0, 2, 910.08, 1232055, 29
2025, 0, 0, 30, 30, 1, 49.15%, 0, 0, 2, 908.74, 1236627, 29
2030, 0, 0, 30, 30, 1, 49.15%, 0, 0, 2, 914.80, 1241325, 29
2035, 0, 0, 30, 30, 1, 49.15%, 0, 0, 2, 922.54, 1246041, 29
2040, 0, 0, 30, 30, 1, 49.15%, 0, 0, 2, 919.72, 1250577, 29
2045, 0, 0, 30, 30, 1, 49.15%, 0, 0, 2, 915.00, 1255203, 29
2050, 0, 0, 30, 30, 1, 49.15%, 0, 0, 2, 912.55, 1259775, 29
2056, 0, 0, 30, 30, 1, 49.15%, 0, 0, 2, 911.55, 1264437, 29
2061, 0, 0, 30, 30, 1, 49.15%, 0, 0, 2, 909.68, 1269063, 29
2066, 0, 0, 30, 30, 1, 49.15%, 0, 0, 2, 921.87, 1273761, 29
2071, 0, 0, 30, 30, 1, 49.15%, 0, 0, 2, 915.08, 1278459, 29
2076, 0, 0, 30, 30, 1, 49.15%, 0, 0, 2, 917.98, 1282995, 29
2081, 0, 0, 30, 30, 1, 49.15%, 0, 0, 2, 904.56, 1287621, 29
2087, 0, 0, 30, 30, 1, 49.15%, 0, 0, 2, 904.74, 1292265, 29
2092, 0, 0, 30, 30, 1, 49.15%, 0, 0, 2, 919.06, 1296963, 29
2097, 0, 0, 30, 30, 1, 49.15%, 0, 0, 2, 922.16, 1301571, 29
2102, 0, 0, 30, 30, 1, 49.15%, 0, 0, 2, 890.08, 1306071, 29
2107, 0, 0, 30, 30, 1, 49.15%, 0, 0, 2, 882.76, 1310607, 29
2112, 0, 0, 30, 30, 1, 49.15%, 0, 0, 2, 883.62, 1315143, 29
2117, 0, 0, 30, 30, 1, 49.15%, 0, 0, 2, 884.75, 1319697, 29
2122, 0, 0, 30, 30, 1, 49.15%, 0, 0, 2, 902.29, 1324413, 29
2127, 0, 0, 30, 30, 1, 49.15%, 0, 0, 2, 908.55, 1329165, 29
2133, 0, 0, 30, 30, 1, 49.15%, 0, 0, 2, 906.99, 1333881, 29
2138, 0, 0, 30, 30, 1, 49.15%, 0, 0, 2, 894.67, 1338470, 29
2143, 0, 0, 30, 30, 1, 49.15%, 0, 0, 2, 903.10, 1343151, 29
2148, 0, 0, 30, 30, 1, 49.15%, 0, 0, 2, 910.07, 1347885, 29
2153, 0, 0, 30, 30, 1, 49.15%, 0, 0, 2, 905.22, 1352421, 29
2158, 0, 0, 30, 30, 1, 49.15%, 0, 0, 2, 911.45, 1357155, 29
2163, 0, 0, 30, 30, 1, 49.15%, 0, 0, 2, 904.39, 1361745, 29
2169, 0, 0, 30, 30, 1, 49.15%, 0, 0, 2, 908.16, 1366443, 29
2174, 0, 0, 30, 30, 1, 49.15%, 0, 0, 2, 903.47, 1371069, 29
2179, 0, 0, 30, 30, 1, 49.15%, 0, 0, 2, 901.71, 1375632, 29
2184, 0, 0, 30, 30, 1, 49.15%, 0, 0, 2, 900.80, 1380171, 29
2189, 0, 0, 30, 30, 1, 49.15%, 0, 0, 2, 908.52, 1384821, 29
2194, 0, 0, 30, 30, 1, 49.15%, 0, 0, 2, 902.80, 1389393, 29
2199, 0, 0, 30, 30, 1, 49.15%, 0, 0, 2, 905.85, 1394019, 29
2204, 0, 0, 30, 30, 1, 49.15%, 0, 0, 2, 908.88, 1398627, 29
2209, 0, 0, 30, 30, 1, 49.15%, 0, 0, 2, 910.07, 1403145, 29
2214, 0, 0, 30, 30, 1, 49.15%, 0, 0, 2, 906.61, 1407681, 29
2219, 0, 0, 30, 30, 1, 49.15%, 0, 0, 2, 908.23, 1412325, 29
2224, 0, 0, 30, 30, 1, 49.15%, 0, 0, 2, 908.36, 1416915, 29
2230, 0, 0, 30, 30, 1, 49.15%, 0, 0, 2, 913.32, 1421577, 29
2235, 0, 0, 30, 30, 1, 49.15%, 0, 0, 2, 911.72, 1426131, 29
2240, 0, 0, 30, 30, 1, 49.15%, 0, 0, 2, 910.93, 1430649, 29
2245, 0, 0, 30, 30, 1, 49.15%, 0, 0, 2, 910.50, 1435185, 29
2250, 0, 0, 30, 30, 1, 49.15%, 0, 0, 2, 912.28, 1439829, 29
2255, 0, 0, 30, 30, 1, 49.15%, 0, 0, 2, 907.34, 1444527, 29
2260, 0, 0, 30, 30, 1, 49.15%, 0, 0, 2, 910.57, 1449099, 29
2265, 0, 0, 30, 30, 1, 49.15%, 0, 0, 2, 911.03, 1453707, 29
2270, 0, 0, 30, 30, 1, 49.15%, 0, 0, 2, 918.44, 1458387, 29
2275, 0, 0, 30, 30, 1, 49.15%, 0, 0, 2, 915.38, 1462905, 29
2280, 0, 0, 30, 30, 1, 49.15%, 0, 0, 2, 923.81, 1467657, 29
2286, 0, 0, 30, 30, 1, 49.15%, 0, 0, 2, 915.92, 1472355, 29
2291, 0, 0, 30, 30, 1, 49.15%, 0, 0, 2, 913.67, 1476909, 29
2296, 0, 0, 30, 30, 1, 49.15%, 0, 0, 2, 923.19, 1481661, 29
2301, 0, 0, 30, 30, 1, 49.15%, 0, 0, 2, 923.84, 1486215, 29
2306, 0, 0, 30, 30, 1, 49.15%, 0, 0, 2, 922.52, 1490949, 29
2311, 0, 0, 30, 30, 1, 49.15%, 0, 0, 2, 923.51, 1495503, 29
2316, 0, 0, 30, 30, 1, 49.15%, 0, 0, 2, 919.46, 1500021, 29
2321, 0, 0, 30, 30, 1, 49.15%, 0, 0, 2, 924.09, 1504755, 29
2326, 0, 0, 30, 30, 1, 49.15%, 0, 0, 2, 914.69, 1509291, 29
2331, 0, 0, 30, 30, 1, 49.15%, 0, 0, 2, 916.31, 1513863, 29
2337, 0, 0, 30, 30, 1, 49.15%, 0, 0, 2, 908.92, 1518525, 29
2342, 0, 0, 30, 30, 1, 49.15%, 0, 0, 2, 922.33, 1523133, 29
2347, 0, 0, 30, 30, 1, 49.15%, 0, 0, 2, 924.26, 1527741, 29
2352, 0, 0, 30, 30, 1, 49.15%, 0, 0, 2, 897.31, 1532421, 29
2357, 0, 0, 30, 30, 1, 49.15%, 0, 0, 2, 897.06, 1536957, 29
2362, 0, 0, 30, 30, 1, 49.15%, 0, 0, 2, 891.78, 1541637, 29
2367, 0, 0, 30, 30, 1, 49.15%, 0, 0, 2, 879.11, 1546176, 29
2372, 0, 0, 30, 30, 1, 49.15%, 0, 0, 2, 901.37, 1550885, 29
2378, 0, 0, 40, 40, 1, 50.85%, 0, 0, 2, 894.27, 1555472, 30
2383, 0, 30, 41, 37, 5, 50.85%, 0, 0, 2, 900.68, 1560120, 30
2388, 0, 47, 52, 41, 0, 50.85%, 0, 0, 4, 892.13, 1564654, 30
2393, 0, 24, 54, 43, 0, 50.85%, 0, 0, 4, 898.96, 1569195, 30
2398, 0, 45, 55, 44, 0, 50.85%, 0, 0, 4, 900.51, 1573914, 30
2403, 0, 41, 55, 44, 0, 50.85%, 0, 0, 4, 900.02, 1578603, 30
2408, 0, 47, 55, 44, 0, 50.85%, 0, 0, 4, 891.47, 1583092, 30
2413, 0, 41, 55, 44, 0, 50.85%, 0, 0, 4, 891.45, 1587730, 30
2418, 0, 47, 57, 46, 0, 50.85%, 0, 0, 4, 906.53, 1592313, 30
2423, 0, 47, 59, 47, 0, 50.85%, 0, 0, 5, 905.21, 1597000, 30
2429, 0, 47, 61, 49, 0, 50.85%, 0, 0, 5, 906.85, 1601589, 30
2434, 1, 53, 62, 49, 0, 50.85%, 0, 0, 6, 900.17, 1606139, 30
2439, 1, 47, 64, 50, 0, 50.85%, 0, 0, 6, 899.71, 1610781, 30
2444, 1, 47, 65, 49, 0, 50.85%, 0, 0, 6, 902.82, 1615343, 30
2449, 1, 45, 66, 48, 0, 50.85%, 0, 0, 6, 901.39, 1619912, 30
2454, 1, 47, 67, 48, 0, 50.85%, 0, 0, 6, 893.79, 1624514, 30
2459, 1, 28, 67, 48, 0, 50.85%, 0, 0, 6, 899.08, 1629171, 30
2464, 2, 58, 71, 51, 0, 50.85%, 0, 0, 6, 906.75, 1633864, 30
2469, 2, 50, 82, 62, 0, 50.85%, 0, 0, 6, 903.64, 1638375, 30
2474, 2, 50, 86, 65, 0, 50.85%, 0, 0, 6, 905.97, 1642949, 30
2480, 2, 50, 88, 66, 0, 50.85%, 0, 0, 6, 896.68, 1647571, 30
2485, 2, 45, 88, 65, 0, 50.85%, 0, 0, 6, 871.77, 1651995, 30
2490, 2, 50, 88, 65, 0, 50.85%, 0, 0, 6, 900.03, 1656541, 30
2495, 2, 50, 89, 65, 0, 50.85%, 0, 0, 6, 904.23, 1661049, 30
2500, 2, 50, 90, 63, 0, 50.85%, 0, 0, 6, 896.86, 1665506, 30
2505, 2, 50, 93, 66, 0, 50.85%, 0, 0, 6, 894.99, 1669953, 30
2510, 2, 89, 93, 65, 0, 50.85%, 0, 0, 6, 879.60, 1674500, 30
2515, 2, 90, 94, 65, 0, 50.85%, 0, 0, 6, 837.33, 1678724, 30
2520, 2, 50, 96, 66, 0, 50.85%, 0, 0, 6, 836.27, 1682787, 30
2525, 2, 50, 96, 66, 0, 50.85%, 0, 0, 6, 867.40, 1687169, 30
2530, 2, 50, 96, 66, 0, 50.85%, 0, 0, 6, 890.92, 1691629, 30
2535, 3, 45, 96, 66, 0, 50.85%, 0, 0, 6, 888.88, 1696202, 30
2540, 3, 52, 96, 66, 0, 50.85%, 0, 0, 6, 896.05, 1700660, 30
2545, 3, 60, 96, 65, 0, 50.85%, 0, 0, 6, 885.93, 1705079, 30
2550, 3, 60, 96, 65, 0, 50.85%, 0, 0, 6, 893.01, 1709634, 30
2556, 3, 50, 96, 65, 0, 50.85%, 0, 0, 6, 898.24, 1714235, 30
2561, 3, 50, 96, 65, 0, 50.85%, 0, 0, 6, 897.72, 1718720, 30
2566, 3, 50, 96, 65, 0, 50.85%, 0, 0, 6, 898.26, 1723323, 30
2571, 3, 50, 96, 65, 0, 50.85%, 0, 0, 6, 896.86, 1727900, 30
2576, 3, 52, 96, 65, 0, 50.85%, 0, 0, 6, 885.88, 1732331, 30
2581, 3, 77, 96, 65, 0, 50.85%, 0, 0, 6, 871.59, 1736826, 30
2586, 3, 52, 96, 64, 0, 50.85%, 0, 0, 6, 876.44, 1741127, 30
2591, 3, 53, 96, 64, 0, 50.85%, 0, 0, 6, 895.68, 1745579, 30
2596, 4, 50, 96, 64, 0, 50.85%, 0, 0, 6, 889.18, 1750149, 30
2601, 4, 50, 96, 64, 0, 50.85%, 0, 0, 6, 895.31, 1754615, 30
2607, 4, 52, 96, 64, 0, 50.85%, 0, 0, 6, 899.56, 1759193, 30
2612, 4, 50, 96, 64, 0, 50.85%, 0, 0, 6, 906.37, 1763857, 30
2617, 4, 50, 96, 64, 0, 50.85%, 0, 0, 6, 868.94, 1768361, 30
2622, 4, 52, 96, 63, 0, 50.85%, 0, 0, 6, 871.45, 1772842, 30
2627, 4, 50, 96, 63, 0, 50.85%, 0, 0, 6, 863.69, 1777413, 30
2632, 4, 50, 96, 62, 0, 50.85%, 0, 0, 6, 871.16, 1782019, 30
2638, 4, 93, 96, 61, 0, 50.85%, 0, 0, 6, 784.32, 1786110, 30
2643, 4, 50, 96, 60, 0, 50.85%, 0, 0, 6, 843.47, 1790470, 30
2648, 4, 53, 96, 60, 0, 50.85%, 0, 0, 6, 873.61, 1794965, 30
2653, 4, 50, 96, 60, 0, 50.85%, 0, 0, 6, 882.30, 1799596, 30
2658, 5, 95, 96, 60, 0, 50.85%, 0, 0, 6, 860.59, 1804140, 30
2663, 5, 50, 96, 59, 0, 50.85%, 0, 0, 6, 869.50, 1808500, 30
2668, 5, 50, 96, 58, 0, 50.85%, 0, 0, 6, 880.59, 1813133, 30
2673, 5, 50, 96, 58, 0, 50.85%, 0, 0, 6, 888.68, 1817639, 30
2679, 5, 41, 96, 58, 0, 50.85%, 0, 0, 6, 892.07, 1822288, 30
2684, 5, 50, 96, 58, 0, 50.85%, 0, 0, 6, 899.75, 1826963, 30
2689, 5, 50, 96, 58, 0, 50.85%, 0, 0, 6, 894.78, 1831433, 30
2694, 5, 50, 96, 58, 0, 50.85%, 0, 0, 6, 888.86, 1835888, 30
2699, 5, 83, 96, 58, 0, 50.85%, 0, 0, 6, 826.45, 1840275, 30
2704, 5, 52, 96, 56, 0, 50.85%, 0, 0, 6, 875.82, 1844694, 30
2709, 5, 55, 96, 55, 0, 50.85%, 0, 0, 6, 887.07, 1849167, 30
2714, 5, 52, 96, 55, 0, 50.85%, 0, 0, 6, 900.82, 1853783, 30
2719, 5, 52, 96, 54, 0, 50.85%, 0, 0, 6, 894.06, 1858403, 30
2724, 6, 50, 96, 53, 0, 50.85%, 0, 0, 6, 892.36, 1862855, 30
2729, 6, 50, 96, 53, 0, 50.85%, 0, 0, 6, 888.22, 1867332, 30
2735, 6, 50, 96, 52, 0, 50.85%, 0, 0, 6, 891.05, 1871945, 30
2740, 6, 50, 96, 52, 0, 50.85%, 0, 0, 6, 897.29, 1876414, 30
2745, 6, 50, 96, 50, 0, 50.85%, 0, 0, 6, 898.51, 1881070, 30
2750, 6, 50, 96, 50, 0, 50.85%, 0, 0, 6, 891.86, 1885540, 30
2755, 6, 50, 96, 50, 0, 50.85%, 0, 0, 6, 896.11, 1890150, 30
2760, 6, 52, 96, 50, 0, 50.85%, 0, 0, 6, 900.37, 1894808, 30
2765, 6, 50, 96, 50, 0, 50.85%, 0, 0, 6, 896.57, 1899333, 30
2770, 6, 50, 96, 49, 0, 50.85%, 0, 0, 6, 899.59, 1903823, 30
2775, 6, 50, 96, 49, 0, 50.85%, 0, 0, 6, 900.61, 1908337, 30
2780, 6, 50, 96, 49, 0, 50.85%, 0, 0, 6, 897.68, 1912959, 30
2785, 6, 50, 96, 49, 0, 50.85%, 0, 0, 6, 900.09, 1917485, 30
2791, 7, 75, 96, 49, 0, 50.85%, 0, 0, 6, 881.62, 1922008, 30
2796, 7, 55, 96, 48, 0, 50.85%, 0, 0, 6, 897.06, 1926487, 30
2801, 7, 50, 97, 49, 0, 50.85%, 0, 0, 6, 904.82, 1931141, 30
2806, 7, 50, 97, 49, 0, 50.85%, 0, 0, 6, 897.28, 1935599, 30
2811, 7, 50, 97, 49, 0, 50.85%, 0, 0, 6, 890.64, 1940046, 30
2816, 7, 50, 97, 49, 0, 50.85%, 0, 0, 6, 897.63, 1944692, 30
2821, 7, 50, 97, 49, 0, 50.85%, 0, 0, 6, 898.94, 1949337, 30
2826, 7, 50, 97, 49, 0, 50.85%, 0, 0, 6, 903.08, 1953823, 30
2831, 7, 50, 97, 49, 0, 50.85%, 0, 0, 6, 905.27, 1958324, 30
2836, 7, 50, 97, 49, 0, 50.85%, 0, 0, 6, 897.83, 1962926, 30
2841, 7, 55, 97, 49, 0, 50.85%, 0, 0, 6, 891.07, 1967332, 30
2847, 7, 50, 97, 49, 0, 50.85%, 0, 0, 6, 899.62, 1971977, 30
2852, 7, 55, 97, 49, 0, 50.85%, 0, 0, 6, 900.04, 1976451, 30
2857, 8, 50, 97, 49, 0, 50.85%, 0, 0, 6, 899.89, 1981045, 30
2862, 8, 96, 97, 49, 0, 50.85%, 0, 0, 6, 871.22, 1985570, 30
2867, 8, 96, 97, 49, 0, 50.85%, 0, 0, 6, 799.72, 1989506, 30
2872, 8, 55, 98, 49, 0, 50.85%, 0, 0, 6, 862.52, 1993962, 30
2877, 8, 50, 98, 49, 0, 50.85%, 0, 0, 6, 881.37, 1998436, 30
2882, 8, 50, 98, 49, 0, 50.85%, 0, 0, 6, 867.06, 2002861, 30
2887, 8, 97, 98, 49, 0, 50.85%, 0, 0, 6, 753.29, 2006680, 30
2892, 8, 50, 98, 48, 0, 50.85%, 0, 0, 6, 839.23, 2011025, 30
2898, 8, 50, 98, 48, 0, 50.85%, 0, 0, 6, 876.07, 2015681, 30
2903, 8, 55, 98, 48, 0, 50.85%, 0, 0, 6, 877.85, 2020165, 30
2908, 8, 52, 98, 48, 0, 50.85%, 0, 0, 6, 865.83, 2024635, 30
2913, 8, 52, 98, 47, 0, 50.85%, 0, 0, 6, 871.99, 2029077, 30
2918, 8, 50, 98, 47, 0, 50.85%, 0, 0, 6, 878.39, 2033684, 30
2923, 8, 50, 98, 47, 0, 50.85%, 0, 0, 6, 877.91, 2038145, 30
2928, 8, 85, 98, 47, 0, 50.85%, 0, 0, 6, 877.34, 2042584, 30
2933, 9, 50, 98, 46, 0, 50.85%, 0, 0, 6, 874.36, 2046988, 30
2938, 9, 50, 98, 46, 0, 50.85%, 0, 0, 6, 875.36, 2051576, 30
2943, 9, 55, 98, 46, 0, 50.85%, 0, 0, 6, 883.60, 2056190, 30
2948, 9, 24, 98, 46, 0, 50.85%, 0, 0, 6, 890.21, 2060822, 30
2954, 9, 50, 98, 46, 0, 50.85%, 0, 0, 6, 884.82, 2065256, 30
2959, 9, 24, 98, 45, 0, 50.85%, 0, 0, 6, 882.82, 2069686, 30
2964, 9, 50, 98, 44, 0, 50.85%, 0, 0, 6, 888.47, 2074299, 30
2969, 9, 50, 98, 44, 0, 50.85%, 0, 0, 6, 888.48, 2078757, 30
2974, 9, 50, 98, 44, 0, 50.85%, 0, 0, 6, 889.62, 2083199, 30
2979, 9, 50, 98, 44, 0, 50.85%, 0, 0, 6, 895.35, 2087731, 30
2984, 9, 84, 98, 43, 0, 50.85%, 0, 0, 6, 873.62, 2092272, 30
2989, 9, 81, 98, 42, 0, 50.85%, 0, 0, 6, 839.88, 2096608, 30
2994, 9, 50, 98, 41, 0, 50.85%, 0, 0, 6, 869.97, 2101126, 30
2999, 10, 50, 98, 40, 0, 50.85%, 0, 0, 6, 887.00, 2105565, 30
3004, 10, 24, 98, 40, 0, 50.85%, 0, 0, 6, 887.57, 2110166, 30
3010, 10, 24, 98, 39, 0, 50.85%, 0, 0, 6, 888.76, 2114771, 30
3015, 10, 50, 98, 39, 0, 50.85%, 0, 0, 6, 895.54, 2119429, 30
3020, 10, 50, 98, 38, 0, 50.85%, 0, 0, 6, 892.25, 2123886, 30
3025, 10, 50, 98, 38, 0, 50.85%, 0, 0, 6, 891.87, 2128480, 30
3030, 10, 50, 98, 38, 0, 50.85%, 0, 0, 6, 887.39, 2132917, 30
3035, 10, 72, 98, 38, 0, 50.85%, 0, 0, 6, 884.41, 2137324, 30
3040, 10, 97, 98, 37, 0, 50.85%, 0, 0, 6, 852.41, 2141599, 30
3045, 10, 50, 100, 39, 0, 50.85%, 0, 0, 6, 865.40, 2145976, 30
3050, 10, 50, 100, 39, 0, 50.85%, 0, 0, 6, 870.04, 2150389, 30
3055, 10, 52, 100, 39, 0, 50.85%, 0, 0, 6, 877.33, 2154820, 30
3060, 10, 50, 100, 39, 0, 50.85%, 0, 0, 6, 881.95, 2159195, 30
3065, 10, 50, 100, 39, 0, 50.85%, 0, 0, 6, 893.82, 2163665, 30
3071, 11, 99, 100, 39, 0, 50.85%, 0, 0, 6, 574.75, 2166615, 30
3076, 11, 52, 100, 38, 0, 50.85%, 0, 0, 6, 742.31, 2170227, 30
3081, 11, 50, 100, 38, 0, 50.85%, 0, 0, 6, 848.86, 2174731, 30
3086, 11, 50, 100, 38, 0, 50.85%, 0, 0, 6, 868.67, 2179255, 30
3091, 11, 50, 100, 38, 0, 50.85%, 0, 0, 6, 881.37, 2183787, 30
3096, 11, 50, 100, 38, 0, 50.85%, 0, 0, 6, 883.11, 2188187, 30
3102, 11, 50, 100, 37, 0, 50.85%, 0, 0, 6, 870.81, 2192699, 30
3107, 11, 60, 100, 37, 0, 50.85%, 0, 0, 6, 851.20, 2197082, 30
3112, 11, 50, 100, 36, 0, 50.85%, 0, 0, 6, 841.75, 2201423, 30
3117, 11, 50, 100, 36, 0, 50.85%, 0, 0, 6, 825.92, 2205546, 30
3122, 11, 52, 100, 36, 0, 50.85%, 0, 0, 6, 836.41, 2209922, 30
3127, 11, 50, 100, 35, 0, 50.85%, 0, 0, 6, 826.91, 2214113, 30
3132, 11, 52, 100, 35, 0, 50.85%, 0, 0, 6, 842.33, 2218390, 30
3137, 11, 59, 100, 35, 0, 50.85%, 0, 0, 6, 837.79, 2222608, 30
3142, 12, 59, 100, 35, 0, 50.85%, 0, 0, 6, 827.58, 2226937, 30
3147, 12, 50, 100, 35, 0, 50.85%, 0, 0, 6, 812.03, 2231049, 30
3153, 12, 52, 100, 34, 0, 50.85%, 0, 0, 6, 845.94, 2235520, 30
3158, 12, 91, 100, 34, 0, 50.85%, 0, 0, 6, 837.12, 2239861, 30
3163, 12, 50, 101, 34, 0, 50.85%, 0, 0, 6, 818.20, 2243951, 30
3168, 12, 59, 101, 34, 0, 50.85%, 0, 0, 6, 837.93, 2248314, 30
3173, 12, 68, 101, 33, 0, 50.85%, 0, 0, 6, 844.74, 2252726, 30
3178, 12, 50, 101, 32, 0, 50.85%, 0, 0, 6, 841.57, 2257089, 30
3183, 12, 24, 101, 32, 0, 50.85%, 0, 0, 6, 842.55, 2261274, 30
3189, 12, 50, 101, 32, 0, 50.85%, 0, 0, 6, 837.45, 2265609, 30
3194, 12, 50, 101, 32, 0, 50.85%, 0, 0, 6, 837.57, 2269922, 30
3199, 12, 50, 101, 32, 0, 50.85%, 0, 0, 6, 814.06, 2273960, 30
3204, 12, 52, 101, 32, 0, 50.85%, 0, 0, 6, 835.67, 2278163, 30
3209, 12, 50, 101, 31, 0, 50.85%, 0, 0, 6, 837.49, 2282493, 30
3214, 13, 50, 101, 30, 0, 50.85%, 0, 0, 6, 835.44, 2286707, 30
3219, 13, 50, 101, 30, 0, 50.85%, 0, 0, 6, 819.01, 2290851, 30
3224, 13, 52, 101, 30, 0, 50.85%, 0, 0, 6, 821.28, 2294980, 30
3229, 13, 50, 101, 30, 0, 50.85%, 0, 0, 6, 842.54, 2299383, 30
3234, 13, 50, 101, 30, 0, 50.85%, 0, 0, 6, 831.16, 2303555, 30
3239, 13, 50, 101, 30, 0, 50.85%, 0, 0, 6, 832.66, 2307722, 30
3244, 13, 59, 101, 30, 0, 50.85%, 0, 0, 6, 836.14, 2311951, 30
3250, 13, 50, 101, 30, 0, 50.85%, 0, 0, 6, 842.62, 2316326, 30
3255, 13, 59, 101, 30, 0, 50.85%, 0, 0, 6, 833.79, 2320515, 30
3260, 13, 50, 101, 30, 0, 50.85%, 0, 0, 6, 831.96, 2324800, 30
3265, 13, 45, 101, 30, 0, 50.85%, 0, 0, 6, 840.00, 2329158, 30
3270, 13, 52, 101, 30, 0, 50.85%, 0, 0, 6, 833.00, 2333346, 30
3275, 13, 50, 101, 30, 0, 50.85%, 0, 0, 6, 832.17, 2337496, 30
3280, 13, 50, 101, 30, 0, 50.85%, 0, 0, 6, 838.58, 2341836, 30
3285, 14, 50, 101, 30, 0, 50.85%, 0, 0, 6, 831.08, 2346054, 30
3290, 14, 50, 101, 30, 0, 50.85%, 0, 0, 6, 826.84, 2350188, 30
3295, 14, 50, 101, 29, 0, 50.85%, 0, 0, 6, 847.17, 2354453, 30
3300, 14, 50, 101, 29, 0, 50.85%, 0, 0, 6, 832.78, 2358615, 30
3305, 14, 50, 102, 30, 0, 50.85%, 0, 0, 6, 832.75, 2362747, 30
3310, 14, 50, 102, 30, 0, 50.85%, 0, 0, 6, 813.00, 2366985, 30
3315, 14, 50, 102, 29, 0, 50.85%, 0, 0, 6, 831.23, 2371125, 30
3321, 14, 45, 102, 29, 0, 50.85%, 0, 0, 6, 833.16, 2375472, 30
3326, 14, 50, 102, 29, 0, 50.85%, 0, 0, 6, 844.44, 2379841, 30
3331, 14, 50, 103, 30, 0, 50.85%, 0, 0, 6, 834.91, 2384060, 30
3336, 14, 50, 103, 30, 0, 50.85%, 0, 0, 6, 806.42, 2388053, 30
3341, 14, 59, 103, 30, 0, 50.85%, 0, 0, 6, 827.25, 2392231, 30
3346, 14, 59, 103, 30, 0, 50.85%, 0, 0, 6, 834.66, 2396549, 30
3351, 14, 59, 103, 30, 0, 50.85%, 0, 0, 6, 812.68, 2400655, 30
3356, 14, 50, 103, 30, 0, 50.85%, 0, 0, 6, 842.68, 2404873, 30
3361, 15, 87, 103, 30, 0, 50.85%, 0, 0, 6, 804.48, 2408973, 30
3366, 15, 50, 103, 29, 0, 50.85%, 0, 0, 6, 788.36, 2412910, 30
3372, 15, 24, 103, 29, 0, 50.85%, 0, 0, 6, 794.38, 2417008, 30
3377, 15, 86, 103, 29, 0, 50.85%, 0, 0, 6, 819.80, 2421093, 30
3382, 15, 50, 103, 28, 0, 50.85%, 0, 0, 6, 816.78, 2425308, 30
3387, 15, 52, 103, 28, 0, 50.85%, 0, 0, 6, 827.18, 2429462, 30
3392, 15, 45, 103, 28, 0, 50.85%, 0, 0, 6, 838.29, 2433646, 30
3397, 15, 50, 103, 28, 0, 50.85%, 0, 0, 6, 842.18, 2437881, 30
3402, 15, 50, 103, 28, 0, 50.85%, 0, 0, 6, 809.04, 2441960, 30
3407, 15, 52, 103, 28, 0, 50.85%, 0, 0, 6, 810.02, 2446092, 30
3412, 15, 53, 103, 28, 0, 50.85%, 0, 0, 6, 808.13, 2450163, 30
3417, 15, 50, 103, 28, 0, 50.85%, 0, 0, 6, 804.46, 2454296, 30
3422, 15, 50, 103, 28, 0, 50.85%, 0, 0, 6, 799.52, 2458366, 30
3427, 15, 50, 103, 28, 0, 50.85%, 0, 0, 6, 812.10, 2462489, 30
3432, 16, 50, 103, 28, 0, 50.85%, 0, 0, 6, 804.44, 2466666, 30
3437, 16, 50, 103, 28, 0, 50.85%, 0, 0, 6, 819.02, 2470839, 30
3443, 16, 24, 103, 28, 0, 50.85%, 0, 0, 6, 834.18, 2475169, 30
3448, 16, 52, 103, 28, 0, 50.85%, 0, 0, 6, 838.49, 2479403, 30
3453, 16, 50, 103, 28, 0, 50.85%, 0, 0, 6, 838.19, 2483777, 30
3458, 16, 50, 103, 28, 0, 50.85%, 0, 0, 6, 827.00, 2487883, 30
3463, 16, 50, 103, 28, 0, 50.85%, 0, 0, 6, 801.41, 2491896, 30
3468, 16, 50, 103, 28, 0, 50.85%, 0, 0, 6, 820.57, 2496201, 30
3473, 16, 60, 103, 28, 0, 50.85%, 0, 0, 6, 830.13, 2500492, 30
3478, 16, 50, 103, 28, 0, 50.85%, 0, 0, 6, 806.28, 2504698, 30
3483, 16, 50, 103, 28, 0, 50.85%, 0, 0, 6, 817.57, 2508798, 30
3489, 16, 50, 103, 28, 0, 50.85%, 0, 0, 6, 835.83, 2513171, 30
3494, 16, 50, 103, 28, 0, 50.85%, 0, 0, 6, 830.96, 2517361, 30
3499, 16, 50, 103, 28, 0, 50.85%, 0, 0, 6, 833.08, 2521549, 30
3504, 17, 60, 103, 27, 0, 50.85%, 0, 0, 6, 801.99, 2525608, 30
3509, 17, 50, 103, 27, 0, 50.85%, 0, 0, 6, 823.72, 2529854, 30
3514, 17, 50, 103, 26, 0, 50.85%, 0, 0, 6, 823.71, 2534029, 30
3519, 17, 50, 103, 26, 0, 50.85%, 0, 0, 6, 816.40, 2538306, 30
3524, 17, 50, 103, 25, 0, 50.85%, 0, 0, 6, 834.51, 2542630, 30
3530, 17, 52, 103, 25, 0, 50.85%, 0, 0, 6, 819.33, 2546764, 30
3535, 17, 50, 103, 25, 0, 50.85%, 0, 0, 6, 825.65, 2551104, 30
3540, 17, 50, 103, 25, 0, 50.85%, 0, 0, 6, 800.02, 2555164, 30
3545, 17, 98, 103, 25, 0, 50.85%, 0, 0, 6, 617.20, 2558391, 30
3550, 17, 50, 103, 24, 0, 50.85%, 0, 0, 6, 749.16, 2562109, 30
3555, 17, 52, 103, 23, 0, 50.85%, 0, 0, 6, 808.81, 2566235, 30
3560, 17, 45, 103, 22, 0, 50.85%, 0, 0, 6, 818.75, 2570457, 30
3565, 17, 50, 103, 22, 0, 50.85%, 0, 0, 6, 825.29, 2574705, 30
3571, 17, 88, 103, 22, 0, 50.85%, 0, 0, 6, 821.51, 2578818, 30
3576, 18, 50, 103, 21, 0, 50.85%, 0, 0, 6, 809.49, 2582956, 30
3581, 18, 52, 103, 21, 0, 50.85%, 0, 0, 6, 813.11, 2587065, 30
3586, 18, 53, 103, 21, 0, 50.85%, 0, 0, 6, 809.89, 2591104, 30
3591, 18, 50, 103, 21, 0, 50.85%, 0, 0, 6, 829.63, 2595254, 30
3596, 18, 50, 103, 21, 0, 50.85%, 0, 0, 6, 822.75, 2599315, 30
3601, 18, 53, 103, 20, 0, 50.85%, 0, 0, 6, 834.52, 2603463, 30
3606, 18, 52, 103, 20, 0, 50.85%, 0, 0, 6, 810.18, 2607586, 30
3611, 18, 24, 103, 20, 0, 50.85%, 0, 0, 6, 821.91, 2611708, 30
3616, 18, 50, 103, 20, 0, 50.85%, 0, 0, 6, 830.83, 2615877, 30
3621, 18, 50, 103, 20, 0, 50.85%, 0, 0, 6, 794.70, 2619843, 30
3626, 18, 59, 103, 20, 0, 50.85%, 0, 0, 6, 810.58, 2624068, 30
3631, 18, 45, 104, 21, 0, 50.85%, 0, 0, 6, 831.17, 2628239, 30
3636, 18, 59, 104, 21, 0, 50.85%, 0, 0, 6, 833.50, 2632547, 30
3641, 18, 103, 104, 20, 0, 50.85%, 0, 0, 6, 802.66, 2636591, 30
3646, 18, 60, 104, 19, 0, 50.85%, 0, 0, 6, 737.22, 2640032, 30
3651, 18, 52, 104, 19, 0, 50.85%, 0, 0, 6, 810.95, 2644133, 30
3656, 19, 50, 104, 18, 0, 50.85%, 0, 0, 6, 837.59, 2648360, 30
3662, 19, 50, 104, 18, 0, 50.85%, 0, 0, 6, 835.09, 2652673, 30
3667, 19, 50, 104, 18, 0, 50.85%, 0, 0, 6, 813.97, 2656650, 30
3672, 19, 45, 104, 18, 0, 50.85%, 0, 0, 6, 801.92, 2660824, 30
3677, 19, 52, 104, 18, 0, 50.85%, 0, 0, 6, 822.12, 2665072, 30
3682, 19, 50, 104, 18, 0, 50.85%, 0, 0, 6, 826.60, 2669301, 30
3687, 19, 50, 104, 18, 0, 50.85%, 0, 0, 6, 828.36, 2673476, 30
3692, 19, 50, 104, 18, 0, 50.85%, 0, 0, 6, 821.03, 2677798, 30
3697, 19, 50, 104, 18, 0, 50.85%, 0, 0, 6, 814.74, 2681910, 30
3703, 19, 50, 104, 18, 0, 50.85%, 0, 0, 6, 836.35, 2686308, 30
3708, 19, 59, 104, 18, 0, 50.85%, 0, 0, 6, 826.09, 2690605, 30
3713, 19, 50, 104, 18, 0, 50.85%, 0, 0, 6, 814.29, 2694707, 30
3718, 19, 59, 104, 18, 0, 50.85%, 0, 0, 6, 815.75, 2698869, 30
3723, 19, 52, 104, 18, 0, 50.85%, 0, 0, 6, 816.32, 2703115, 30
3728, 20, 50, 104, 18, 0, 50.85%, 0, 0, 6, 811.86, 2707348, 30
3730, 20, 50, 104, 18, 0, 50.85%, 1, 0, 6, 0.00, 2708562, 30
