# relative_time, cycles_done, cur_item, corpus_count, pending_total, pending_favs, map_size, saved_crashes, saved_hangs, max_depth, execs_per_sec, total_execs, edges_found
64, 0, 0, 42, 30, 0, 39.13%, 0, 0, 6, 845.03, 36208, 27
69, 0, 20, 42, 30, 0, 39.13%, 0, 0, 6, 843.52, 40435, 27
74, 0, 0, 44, 32, 0, 39.13%, 0, 0, 6, 830.56, 44720, 27
87, 0, 0, 44, 32, 0, 39.13%, 0, 0, 6, 16.03, 46767, 27
92, 0, 0, 48, 36, 0, 39.13%, 0, 0, 6, 871.22, 51245, 27
97, 1, 21, 50, 37, 0, 39.13%, 0, 0, 6, 853.62, 55543, 27
102, 1, 0, 50, 36, 0, 39.13%, 0, 0, 6, 849.24, 59836, 27
107, 1, 0, 51, 36, 0, 40.58%, 0, 0, 6, 860.18, 64136, 28
112, 1, 50, 51, 36, 0, 40.58%, 0, 0, 6, 877.46, 67920, 28
121, 1, 0, 51, 36, 0, 40.58%, 0, 0, 6, 27.17, 70940, 28
126, 1, 50, 51, 36, 0, 40.58%, 0, 0, 6, 867.34, 75427, 28
131, 1, 0, 51, 36, 0, 40.58%, 0, 0, 6, 805.54, 79533, 28
136, 1, 24, 51, 36, 0, 40.58%, 0, 0, 6, 855.72, 83815, 28
141, 1, 50, 51, 36, 0, 40.58%, 0, 0, 6, 851.65, 88130, 28
146, 1, 50, 51, 36, 0, 40.58%, 0, 0, 6, 850.43, 92372, 28
155, 1, 50, 51, 36, 0, 40.58%, 0, 0, 6, 12.76, 95423, 28
160, 2, 31, 51, 35, 0, 40.58%, 0, 0, 6, 844.38, 99758, 28
165, 2, 0, 51, 35, 0, 40.58%, 0, 0, 6, 897.26, 104033, 28
170, 2, 0, 51, 35, 0, 40.58%, 0, 0, 6, 857.48, 108196, 28
175, 2, 0, 51, 34, 0, 40.58%, 0, 0, 6, 861.46, 112623, 28
181, 2, 50, 51, 34, 0, 40.58%, 0, 0, 6, 851.43, 116800, 28
186, 2, 25, 51, 34, 0, 40.58%, 0, 0, 6, 877.47, 121014, 28
191, 2, 22, 51, 34, 0, 40.58%, 0, 0, 6, 802.72, 125328, 28
196, 3, 0, 51, 34, 0, 40.58%, 0, 0, 6, 849.45, 129753, 28
201, 3, 0, 51, 33, 0, 40.58%, 0, 0, 6, 839.42, 133842, 28
206, 3, 0, 51, 32, 0, 40.58%, 0, 0, 6, 854.72, 138217, 28
211, 3, 0, 51, 32, 0, 40.58%, 0, 0, 6, 855.10, 142575, 28
216, 3, 50, 52, 33, 0, 40.58%, 0, 0, 6, 868.74, 146840, 28
221, 3, 0, 52, 33, 0, 40.58%, 0, 0, 6, 847.10, 150952, 28
228, 4, 31, 52, 33, 0, 40.58%, 0, 0, 6, 18.48, 154098, 28
233, 4, 0, 52, 33, 0, 40.58%, 0, 0, 6, 889.60, 158651, 28
238, 4, 0, 52, 33, 0, 40.58%, 0, 0, 6, 869.72, 162955, 28
244, 4, 18, 52, 33, 0, 40.58%, 0, 0, 6, 848.51, 167357, 28
249, 4, 50, 52, 33, 0, 40.58%, 0, 0, 6, 848.18, 171691, 28
254, 4, 0, 52, 33, 0, 40.58%, 0, 0, 6, 845.84, 176181, 28
259, 5, 0, 52, 33, 0, 40.58%, 0, 0, 6, 857.63, 180623, 28
264, 5, 0, 52, 33, 0, 40.58%, 0, 0, 6, 855.63, 184978, 28
269, 5, 0, 52, 33, 0, 40.58%, 0, 0, 6, 862.91, 187803, 28
274, 5, 10, 52, 33, 0, 40.58%, 0, 0, 6, 881.80, 191745, 28
280, 5, 24, 52, 31, 0, 40.58%, 0, 0, 6, 897.25, 196148, 28
285, 5, 0, 52, 31, 0, 40.58%, 0, 0, 6, 890.76, 200438, 28
290, 5, 0, 52, 31, 0, 40.58%, 0, 0, 6, 862.31, 204623, 28
295, 6, 0, 52, 31, 0, 40.58%, 0, 0, 6, 883.06, 209134, 28
300, 6, 0, 52, 31, 0, 40.58%, 0, 0, 6, 915.51, 213426, 28
306, 6, 0, 52, 30, 0, 40.58%, 0, 0, 6, 94.16, 217338, 28
311, 6, 0, 52, 30, 0, 40.58%, 0, 0, 6, 872.91, 221682, 28
316, 6, 0, 52, 30, 0, 40.58%, 0, 0, 6, 879.24, 225935, 28
321, 6, 0, 52, 30, 0, 40.58%, 0, 0, 6, 868.01, 230174, 28
326, 7, 0, 52, 30, 0, 40.58%, 0, 0, 6, 865.29, 234393, 28
332, 7, 50, 52, 30, 0, 40.58%, 0, 0, 6, 870.87, 238802, 28
337, 7, 0, 52, 30, 0, 40.58%, 0, 0, 6, 878.68, 243098, 28
342, 7, 0, 52, 30, 0, 40.58%, 0, 0, 6, 895.32, 247530, 28
347, 7, 24, 52, 30, 0, 40.58%, 0, 0, 6, 871.01, 251724, 28
352, 7, 0, 52, 29, 0, 40.58%, 0, 0, 6, 883.76, 256222, 28
357, 7, 0, 52, 29, 0, 40.58%, 0, 0, 6, 880.74, 260665, 28
362, 8, 0, 52, 29, 0, 40.58%, 0, 0, 6, 873.13, 265000, 28
367, 8, 0, 54, 31, 0, 40.58%, 0, 0, 6, 904.27, 269297, 28
372, 8, 0, 54, 31, 0, 40.58%, 0, 0, 6, 896.31, 273663, 28
377, 8, 0, 54, 31, 0, 40.58%, 0, 0, 6, 912.11, 278049, 28
383, 8, 0, 54, 31, 0, 40.58%, 0, 0, 6, 892.27, 282487, 28
388, 8, 0, 54, 30, 0, 40.58%, 0, 0, 6, 915.88, 286885, 28
393, 9, 50, 54, 30, 0, 40.58%, 0, 0, 6, 903.04, 291396, 28
398, 9, 0, 54, 30, 0, 40.58%, 0, 0, 6, 899.85, 295916, 28
403, 9, 31, 55, 31, 0, 40.58%, 0, 0, 6, 880.15, 300241, 28
408, 9, 25, 55, 31, 0, 40.58%, 0, 0, 6, 890.28, 304757, 28
413, 9, 50, 55, 31, 0, 40.58%, 0, 0, 6, 898.31, 309156, 28
418, 9, 50, 55, 31, 0, 40.58%, 0, 0, 6, 894.72, 313668, 28
423, 9, 38, 55, 31, 0, 40.58%, 0, 0, 6, 897.70, 318094, 28
428, 10, 0, 55, 29, 0, 40.58%, 0, 0, 6, 886.45, 322439, 28
434, 10, 0, 55, 28, 0, 40.58%, 0, 0, 6, 906.91, 326992, 28
439, 10, 50, 55, 28, 0, 40.58%, 0, 0, 6, 906.01, 331417, 28
444, 10, 0, 55, 28, 0, 40.58%, 0, 0, 6, 862.64, 335861, 28
449, 10, 0, 55, 28, 0, 40.58%, 0, 0, 6, 865.00, 340416, 28
454, 10, 21, 55, 28, 0, 40.58%, 0, 0, 6, 258.95, 344946, 28
459, 11, 0, 55, 28, 0, 40.58%, 0, 0, 6, 744.83, 349395, 28
464, 11, 50, 55, 28, 0, 40.58%, 0, 0, 6, 857.27, 353980, 28
469, 11, 21, 55, 28, 0, 40.58%, 0, 0, 6, 873.99, 358430, 28
474, 11, 0, 55, 28, 0, 40.58%, 0, 0, 6, 867.19, 362794, 28
480, 11, 22, 55, 27, 0, 40.58%, 0, 0, 6, 868.27, 367286, 28
485, 11, 18, 55, 27, 0, 40.58%, 0, 0, 6, 878.07, 371769, 28
490, 11, 50, 55, 27, 0, 40.58%, 0, 0, 6, 847.87, 376323, 28
495, 12, 0, 55, 27, 0, 40.58%, 0, 0, 6, 869.18, 380852, 28
500, 12, 0, 55, 27, 0, 40.58%, 0, 0, 6, 882.90, 385329, 28
505, 12, 25, 55, 27, 0, 40.58%, 0, 0, 6, 893.42, 389900, 28
510, 12, 0, 55, 26, 0, 40.58%, 0, 0, 6, 891.73, 394371, 28
515, 12, 0, 55, 26, 0, 40.58%, 0, 0, 6, 879.85, 398933, 28
520, 12, 0, 55, 25, 0, 40.58%, 0, 0, 6, 887.39, 403414, 28
526, 13, 17, 55, 25, 0, 40.58%, 0, 0, 6, 899.80, 408025, 28
531, 13, 24, 55, 22, 0, 40.58%, 0, 0, 6, 890.73, 412525, 28
536, 13, 25, 55, 22, 0, 40.58%, 0, 0, 6, 889.19, 417119, 28
541, 13, 0, 55, 22, 0, 40.58%, 0, 0, 6, 890.60, 421715, 28
546, 13, 0, 55, 22, 0, 40.58%, 0, 0, 6, 893.69, 426206, 28
551, 13, 0, 55, 22, 0, 40.58%, 0, 0, 6, 894.26, 430734, 28
556, 14, 50, 55, 22, 0, 40.58%, 0, 0, 6, 898.21, 435211, 28
561, 14, 0, 55, 22, 0, 40.58%, 0, 0, 6, 885.04, 439589, 28
566, 14, 0, 55, 22, 0, 40.58%, 0, 0, 6, 896.34, 444202, 28
572, 14, 0, 55, 22, 0, 40.58%, 0, 0, 6, 897.87, 448727, 28
577, 14, 0, 57, 22, 0, 42.03%, 0, 0, 6, 905.06, 453292, 29
582, 14, 55, 57, 22, 0, 42.03%, 0, 0, 6, 882.42, 457688, 29
587, 14, 55, 57, 22, 0, 42.03%, 0, 0, 6, 895.98, 462251, 29
592, 14, 0, 57, 22, 0, 42.03%, 0, 0, 6, 909.50, 466808, 29
597, 14, 0, 57, 21, 0, 42.03%, 0, 0, 6, 649.18, 471374, 29
602, 14, 55, 63, 27, 0, 42.03%, 0, 0, 7, 846.04, 475812, 29
607, 14, 50, 71, 35, 0, 42.03%, 0, 0, 7, 887.48, 480274, 29
612, 14, 0, 77, 41, 0, 42.03%, 0, 0, 7, 895.88, 484746, 29
615, 14, 55, 86, 50, 0, 42.03%, 1, 0, 7, 0.00, 487003, 29
