# relative_time, cycles_done, cur_item, corpus_count, pending_total, pending_favs, map_size, saved_crashes, saved_hangs, max_depth, execs_per_sec, total_execs, edges_found
64, 0, 0, 21, 21, 1, 36.23%, 0, 0, 2, 736.32, 35836, 25
69, 0, 0, 21, 21, 1, 36.23%, 0, 0, 2, 802.76, 40157, 25
74, 0, 0, 21, 21, 1, 36.23%, 0, 0, 2, 816.75, 44458, 25
87, 0, 0, 21, 21, 1, 36.23%, 0, 0, 2, 13.52, 46313, 25
92, 0, 0, 21, 21, 1, 36.23%, 0, 0, 2, 866.63, 50648, 25
97, 0, 0, 21, 21, 1, 36.23%, 0, 0, 2, 781.55, 54752, 25
102, 0, 0, 21, 21, 1, 36.23%, 0, 0, 2, 834.60, 59034, 25
107, 0, 0, 21, 21, 1, 36.23%, 0, 0, 2, 848.38, 63194, 25
112, 0, 0, 21, 21, 1, 36.23%, 0, 0, 2, 824.84, 67098, 25
121, 0, 0, 21, 21, 1, 36.23%, 0, 0, 2, 28.71, 70218, 25
126, 0, 0, 21, 21, 1, 36.23%, 0, 0, 2, 849.87, 74442, 25
131, 0, 0, 21, 21, 1, 36.23%, 0, 0, 2, 837.82, 78538, 25
136, 0, 0, 21, 21, 1, 36.23%, 0, 0, 2, 840.75, 82682, 25
141, 0, 0, 22, 22, 1, 36.23%, 0, 0, 2, 836.41, 86961, 25
146, 0, 0, 24, 24, 1, 37.68%, 0, 0, 2, 843.99, 91087, 26
155, 0, 0, 24, 24, 1, 37.68%, 0, 0, 2, 15.29, 94099, 26
160, 0, 0, 24, 24, 1, 37.68%, 0, 0, 2, 845.50, 98415, 26
165, 0, 0, 24, 24, 1, 37.68%, 0, 0, 2, 846.89, 102607, 26
170, 0, 0, 24, 24, 1, 37.68%, 0, 0, 2, 847.59, 106943, 26
175, 0, 0, 24, 24, 1, 37.68%, 0, 0, 2, 844.63, 111151, 26
181, 0, 0, 24, 24, 1, 37.68%, 0, 0, 2, 843.48, 115455, 26
186, 0, 0, 25, 25, 1, 39.13%, 0, 0, 2, 851.02, 119446, 27
191, 0, 0, 26, 26, 1, 39.13%, 0, 0, 2, 861.57, 123834, 27
196, 0, 0, 26, 26, 1, 39.13%, 0, 0, 2, 840.07, 128077, 27
201, 0, 0, 27, 27, 1, 40.58%, 0, 0, 2, 818.39, 132260, 28
206, 0, 0, 27, 27, 1, 40.58%, 0, 0, 2, 881.10, 136523, 28
211, 0, 0, 27, 27, 1, 40.58%, 0, 0, 2, 851.13, 140804, 28
216, 0, 0, 27, 27, 1, 40.58%, 0, 0, 2, 860.71, 145006, 28
221, 0, 0, 27, 27, 1, 40.58%, 0, 0, 2, 867.26, 149256, 28
228, 0, 0, 27, 27, 1, 40.58%, 0, 0, 2, 27.10, 152231, 28
233, 0, 0, 27, 27, 1, 40.58%, 0, 0, 2, 879.19, 156753, 28
238, 0, 0, 27, 27, 1, 40.58%, 0, 0, 2, 861.58, 160986, 28
244, 0, 0, 27, 27, 1, 40.58%, 0, 0, 2, 830.34, 165236, 28
249, 0, 0, 27, 27, 1, 40.58%, 0, 0, 2, 844.51, 169486, 28
254, 0, 0, 27, 27, 1, 40.58%, 0, 0, 2, 853.63, 173940, 28
259, 0, 0, 27, 27, 1, 40.58%, 0, 0, 2, 842.08, 178324, 28
264, 0, 0, 27, 27, 1, 40.58%, 0, 0, 2, 836.44, 182532, 28
269, 0, 0, 27, 27, 1, 40.58%, 0, 0, 2, 849.71, 185284, 28
274, 0, 0, 27, 27, 1, 40.58%, 0, 0, 2, 864.99, 189189, 28
280, 0, 0, 27, 27, 1, 40.58%, 0, 0, 2, 849.90, 193524, 28
285, 0, 0, 27, 27, 1, 40.58%, 0, 0, 2, 848.05, 197732, 28
290, 0, 0, 27, 27, 1, 40.58%, 0, 0, 2, 842.54, 201908, 28
295, 0, 0, 27, 27, 1, 40.58%, 0, 0, 2, 862.24, 206342, 28
300, 0, 0, 27, 27, 1, 40.58%, 0, 0, 2, 860.10, 210592, 28
306, 0, 0, 27, 27, 1, 40.58%, 0, 0, 2, 9.47, 214485, 28
311, 0, 0, 27, 27, 1, 40.58%, 0, 0, 2, 834.19, 218884, 28
316, 0, 0, 27, 27, 1, 40.58%, 0, 0, 2, 879.44, 223121, 28
322, 0, 0, 27, 27, 1, 40.58%, 0, 0, 2, 856.07, 227337, 28
327, 0, 0, 27, 27, 1, 40.58%, 0, 0, 2, 849.00, 231444, 28
332, 0, 0, 28, 28, 1, 42.03%, 0, 0, 2, 855.73, 235657, 29
337, 0, 0, 28, 28, 1, 42.03%, 0, 0, 2, 845.94, 239915, 29
342, 0, 0, 28, 28, 1, 42.03%, 0, 0, 2, 869.52, 244327, 29
347, 0, 0, 28, 28, 1, 42.03%, 0, 0, 2, 864.78, 248560, 29
352, 0, 0, 28, 28, 1, 42.03%, 0, 0, 2, 860.43, 252912, 29
358, 0, 0, 28, 28, 1, 42.03%, 0, 0, 2, 861.88, 257247, 29
363, 0, 0, 28, 28, 1, 42.03%, 0, 0, 2, 869.34, 261599, 29
368, 0, 0, 28, 28, 1, 42.03%, 0, 0, 2, 877.43, 266036, 29
373, 0, 0, 28, 28, 1, 42.03%, 0, 0, 2, 882.66, 270473, 29
378, 0, 0, 28, 28, 1, 42.03%, 0, 0, 2, 887.15, 274859, 29
383, 0, 0, 28, 28, 1, 42.03%, 0, 0, 2, 876.52, 279160, 29
388, 0, 0, 28, 28, 1, 42.03%, 0, 0, 2, 893.83, 283648, 29
394, 0, 0, 28, 28, 1, 42.03%, 0, 0, 2, 865.52, 287997, 29
399, 0, 0, 28, 28, 1, 42.03%, 0, 0, 2, 853.28, 292505, 29
404, 0, 0, 28, 28, 1, 42.03%, 0, 0, 2, 824.10, 296715, 29
409, 0, 0, 28, 28, 1, 42.03%, 0, 0, 2, 851.30, 301019, 29
414, 0, 0, 28, 28, 1, 42.03%, 0, 0, 2, 848.35, 305515, 29
419, 0, 0, 28, 28, 1, 42.03%, 0, 0, 2, 861.38, 309896, 29
424, 0, 0, 28, 28, 1, 42.03%, 0, 0, 2, 854.72, 314418, 29
430, 0, 0, 28, 28, 1, 42.03%, 0, 0, 2, 853.29, 318891, 29
435, 0, 0, 28, 28, 1, 42.03%, 0, 0, 2, 864.29, 323258, 29
440, 0, 0, 28, 28, 1, 42.03%, 0, 0, 2, 865.27, 327780, 29
445, 0, 0, 28, 28, 1, 42.03%, 0, 0, 2, 864.61, 332115, 29
450, 0, 0, 29, 29, 1, 42.03%, 0, 0, 2, 850.03, 336594, 29
455, 0, 0, 29, 29, 1, 42.03%, 0, 0, 2, 870.59, 341132, 29
460, 0, 0, 29, 29, 1, 42.03%, 0, 0, 2, 874.43, 345501, 29
465, 0, 0, 29, 29, 1, 42.03%, 0, 0, 2, 875.86, 349870, 29
470, 0, 0, 29, 29, 1, 42.03%, 0, 0, 2, 868.76, 354375, 29
475, 0, 0, 29, 29, 1, 42.03%, 0, 0, 2, 871.98, 358761, 29
481, 0, 0, 29, 29, 1, 42.03%, 0, 0, 2, 871.13, 363198, 29
486, 0, 0, 29, 29, 1, 42.03%, 0, 0, 2, 869.59, 367703, 29
491, 0, 0, 29, 29, 1, 42.03%, 0, 0, 2, 878.36, 372242, 29
496, 0, 0, 29, 29, 1, 42.03%, 0, 0, 2, 880.01, 376747, 29
501, 0, 0, 29, 29, 1, 42.03%, 0, 0, 2, 875.17, 381235, 29
506, 0, 0, 29, 29, 1, 42.03%, 0, 0, 2, 885.71, 385638, 29
512, 0, 0, 29, 29, 1, 42.03%, 0, 0, 2, 886.65, 390177, 29
517, 0, 0, 29, 29, 1, 42.03%, 0, 0, 2, 880.66, 394665, 29
522, 0, 0, 29, 29, 1, 42.03%, 0, 0, 2, 892.09, 399068, 29
527, 0, 0, 29, 29, 1, 42.03%, 0, 0, 2, 899.85, 403641, 29
532, 0, 0, 29, 29, 1, 42.03%, 0, 0, 2, 893.68, 408095, 29
537, 0, 0, 29, 29, 1, 42.03%, 0, 0, 2, 882.87, 412447, 29
542, 0, 0, 29, 29, 1, 42.03%, 0, 0, 2, 881.65, 416969, 29
547, 0, 0, 29, 29, 1, 42.03%, 0, 0, 2, 866.39, 421236, 29
552, 0, 0, 29, 29, 1, 42.03%, 0, 0, 2, 887.39, 425775, 29
558, 0, 0, 29, 29, 1, 42.03%, 0, 0, 2, 886.88, 430297, 29
563, 0, 0, 29, 29, 1, 42.03%, 0, 0, 2, 885.08, 434632, 29
568, 0, 0, 29, 29, 1, 42.03%, 0, 0, 2, 894.11, 439205, 29
573, 0, 0, 29, 29, 1, 42.03%, 0, 0, 2, 903.62, 443794, 29
578, 0, 0, 29, 29, 1, 42.03%, 0, 0, 2, 905.13, 448258, 29
583, 0, 0, 29, 29, 1, 42.03%, 0, 0, 2, 894.76, 452771, 29
588, 0, 0, 29, 29, 1, 42.03%, 0, 0, 2, 901.33, 457310, 29
593, 0, 0, 29, 29, 1, 42.03%, 0, 0, 2, 905.16, 461740, 29
599, 0, 0, 29, 29, 1, 42.03%, 0, 0, 2, 866.25, 466201, 29
604, 0, 0, 29, 29, 1, 42.03%, 0, 0, 2, 874.76, 470632, 29
609, 0, 0, 29, 29, 1, 42.03%, 0, 0, 2, 874.81, 475042, 29
614, 0, 0, 29, 29, 1, 42.03%, 0, 0, 2, 869.69, 479648, 29
619, 0, 0, 30, 30, 1, 42.03%, 0, 0, 2, 868.95, 484262, 29
624, 0, 0, 30, 30, 1, 42.03%, 0, 0, 2, 888.80, 488937, 29
629, 0, 0, 30, 30, 1, 42.03%, 0, 0, 2, 890.66, 493476, 29
634, 0, 0, 30, 30, 1, 42.03%, 0, 0, 2, 883.41, 497998, 29
640, 0, 0, 30, 30, 1, 42.03%, 0, 0, 2, 890.83, 502690, 29
645, 0, 0, 30, 30, 1, 42.03%, 0, 0, 2, 885.65, 507178, 29
650, 0, 0, 30, 30, 1, 42.03%, 0, 0, 2, 892.16, 511853, 29
655, 0, 0, 30, 30, 1, 42.03%, 0, 0, 2, 893.59, 516511, 29
660, 0, 0, 30, 30, 1, 42.03%, 0, 0, 2, 896.63, 521033, 29
665, 0, 0, 30, 30, 1, 42.03%, 0, 0, 2, 899.86, 525589, 29
670, 0, 0, 30, 30, 1, 42.03%, 0, 0, 2, 900.41, 530145, 29
675, 0, 0, 30, 30, 1, 42.03%, 0, 0, 2, 903.21, 534701, 29
680, 0, 0, 30, 30, 1, 42.03%, 0, 0, 2, 908.17, 539363, 29
685, 0, 0, 30, 30, 1, 42.03%, 0, 0, 2, 903.12, 543917, 29
690, 0, 0, 30, 30, 1, 42.03%, 0, 0, 2, 910.42, 548615, 29
695, 0, 0, 30, 30, 1, 42.03%, 0, 0, 2, 907.56, 553205, 29
701, 0, 0, 30, 30, 1, 42.03%, 0, 0, 2, 899.34, 557821, 29
706, 0, 0, 30, 30, 1, 42.03%, 0, 0, 2, 898.06, 562326, 29
711, 0, 0, 30, 30, 1, 42.03%, 0, 0, 2, 906.18, 567047, 29
716, 0, 0, 30, 30, 1, 42.03%, 0, 0, 2, 910.87, 571655, 29
721, 0, 0, 30, 30, 1, 42.03%, 0, 0, 2, 916.54, 576353, 29
726, 0, 0, 30, 30, 1, 42.03%, 0, 0, 2, 916.00, 580997, 29
731, 0, 0, 30, 30, 1, 42.03%, 0, 0, 2, 918.17, 585659, 29
736, 0, 0, 30, 30, 1, 42.03%, 0, 0, 2, 915.22, 590285, 29
741, 0, 0, 30, 30, 1, 42.03%, 0, 0, 2, 911.02, 594929, 29
747, 0, 0, 30, 30, 1, 42.03%, 0, 0, 2, 911.24, 599501, 29
752, 0, 0, 30, 30, 1, 42.03%, 0, 0, 2, 913.13, 604091, 29
757, 0, 0, 30, 30, 1, 42.03%, 0, 0, 2, 913.86, 608699, 29
762, 0, 0, 30, 30, 1, 42.03%, 0, 0, 2, 920.37, 613415, 29
767, 0, 0, 30, 30, 1, 42.03%, 0, 0, 2, 920.61, 618059, 29
772, 0, 0, 30, 30, 1, 42.03%, 0, 0, 2, 914.40, 622631, 29
777, 0, 0, 30, 30, 1, 42.03%, 0, 0, 2, 906.59, 627185, 29
782, 0, 0, 30, 30, 1, 42.03%, 0, 0, 2, 915.69, 631865, 29
787, 0, 0, 30, 30, 1, 42.03%, 0, 0, 2, 921.41, 636509, 29
793, 0, 0, 30, 30, 1, 42.03%, 0, 0, 2, 909.04, 641153, 29
798, 0, 0, 30, 30, 1, 42.03%, 0, 0, 2, 913.53, 645707, 29
803, 0, 0, 30, 30, 1, 42.03%, 0, 0, 2, 921.80, 650423, 29
808, 0, 0, 30, 30, 1, 42.03%, 0, 0, 2, 921.87, 655103, 29
813, 0, 0, 30, 30, 1, 42.03%, 0, 0, 2, 918.27, 659747, 29
818, 0, 0, 30, 30, 1, 42.03%, 0, 0, 2, 915.49, 664319, 29
823, 0, 0, 30, 30, 1, 42.03%, 0, 0, 2, 917.01, 668963, 29
828, 0, 0, 30, 30, 1, 42.03%, 0, 0, 2, 903.47, 673571, 29
833, 0, 0, 30, 30, 1, 42.03%, 0, 0, 2, 898.04, 678269, 29
839, 0, 0, 30, 30, 1, 42.03%, 0, 0, 2, 902.16, 682931, 29
844, 0, 0, 30, 30, 1, 42.03%, 0, 0, 2, 897.72, 687565, 29
849, 0, 0, 30, 30, 1, 42.03%, 0, 0, 2, 893.78, 692189, 29
854, 0, 0, 30, 30, 1, 42.03%, 0, 0, 2, 891.22, 696779, 29
859, 0, 0, 30, 30, 1, 42.03%, 0, 0, 2, 900.51, 701488, 29
864, 0, 0, 30, 30, 1, 42.03%, 0, 0, 2, 900.62, 706112, 29
869, 0, 0, 30, 30, 1, 42.03%, 0, 0, 2, 903.39, 710795, 29
874, 0, 0, 30, 30, 1, 42.03%, 0, 0, 2, 904.19, 715457, 29
880, 0, 0, 30, 30, 1, 42.03%, 0, 0, 2, 904.15, 720083, 29
885, 0, 0, 30, 30, 1, 42.03%, 0, 0, 2, 893.84, 724642, 29
890, 0, 0, 30, 30, 1, 42.03%, 0, 0, 2, 900.41, 729181, 29
895, 0, 0, 30, 30, 1, 42.03%, 0, 0, 2, 901.26, 733805, 29
900, 0, 0, 30, 30, 1, 42.03%, 0, 0, 2, 903.77, 738407, 29
905, 0, 0, 30, 30, 1, 42.03%, 0, 0, 2, 907.45, 743105, 29
910, 0, 0, 30, 30, 1, 42.03%, 0, 0, 2, 907.11, 747731, 29
915, 0, 0, 30, 30, 1, 42.03%, 0, 0, 2, 911.10, 752393, 29
920, 0, 0, 30, 30, 1, 42.03%, 0, 0, 2, 905.44, 756983, 29
925, 0, 0, 30, 30, 1, 42.03%, 0, 0, 2, 912.26, 761681, 29
931, 0, 0, 30, 30, 1, 42.03%, 0, 0, 2, 916.71, 766361, 29
936, 0, 0, 30, 30, 1, 42.03%, 0, 0, 2, 917.11, 771023, 29
941, 0, 0, 30, 30, 1, 42.03%, 0, 0, 2, 912.58, 775685, 29
946, 0, 0, 30, 30, 1, 42.03%, 0, 0, 2, 911.89, 780329, 29
951, 0, 0, 30, 30, 1, 42.03%, 0, 0, 2, 917.78, 785063, 29
956, 0, 0, 30, 30, 1, 42.03%, 0, 0, 2, 916.02, 789707, 29
961, 0, 0, 30, 30, 1, 42.03%, 0, 0, 2, 920.50, 794441, 29
966, 0, 0, 30, 30, 1, 42.03%, 0, 0, 2, 917.49, 799121, 29
971, 0, 0, 30, 30, 1, 42.03%, 0, 0, 2, 913.18, 803729, 29
977, 0, 0, 30, 30, 1, 42.03%, 0, 0, 2, 909.50, 808319, 29
982, 0, 0, 30, 30, 1, 42.03%, 0, 0, 2, 910.84, 812963, 29
987, 0, 0, 30, 30, 1, 42.03%, 0, 0, 2, 909.38, 817553, 29
992, 0, 0, 30, 30, 1, 42.03%, 0, 0, 2, 914.76, 822251, 29
997, 0, 0, 30, 30, 1, 42.03%, 0, 0, 2, 920.89, 826913, 29
1002, 0, 0, 30, 30, 1, 42.03%, 0, 0, 2, 919.09, 831593, 29
1007, 0, 0, 30, 30, 1, 42.03%, 0, 0, 2, 911.40, 836201, 29
1012, 0, 0, 30, 30, 1, 42.03%, 0, 0, 2, 915.50, 840791, 29
1017, 0, 0, 30, 30, 1, 42.03%, 0, 0, 2, 918.25, 845435, 29
1023, 0, 0, 30, 30, 1, 42.03%, 0, 0, 2, 919.48, 850169, 29
1028, 0, 0, 30, 30, 1, 42.03%, 0, 0, 2, 918.95, 854831, 29
1033, 0, 0, 30, 30, 1, 42.03%, 1, 0, 2, 890.43, 859422, 29
1033, 0, 0, 30, 30, 1, 42.03%, 1, 0, 2, 0.00, 859422, 29
