# relative_time, cycles_done, cur_item, corpus_count, pending_total, pending_favs, map_size, saved_crashes, saved_hangs, max_depth, execs_per_sec, total_execs, edges_found
62, 0, 0, 16, 16, 1, 32.81%, 0, 0, 2, 0.52, 2126, 21
93, 0, 0, 16, 16, 1, 32.81%, 0, 0, 2, 1.25, 2939, 21
98, 0, 0, 17, 17, 1, 32.81%, 0, 0, 2, 187.61, 3909, 21
121, 0, 0, 17, 17, 1, 32.81%, 0, 0, 2, 1.38, 4224, 21
126, 0, 0, 17, 17, 1, 32.81%, 0, 0, 2, 181.29, 5196, 21
151, 0, 0, 17, 17, 1, 32.81%, 0, 0, 2, 1.59, 5235, 21
156, 0, 0, 17, 17, 1, 32.81%, 0, 0, 2, 185.67, 6195, 21
177, 0, 0, 17, 17, 1, 32.81%, 0, 0, 2, 0.29, 6282, 21
182, 0, 0, 18, 18, 1, 32.81%, 0, 0, 2, 185.11, 7216, 21
203, 0, 0, 18, 18, 1, 32.81%, 0, 0, 2, 1.06, 7393, 21
208, 0, 0, 18, 18, 1, 32.81%, 0, 0, 2, 189.24, 8365, 21
230, 0, 0, 18, 18, 1, 32.81%, 0, 0, 2, 1.67, 8602, 21
236, 0, 0, 18, 18, 1, 32.81%, 0, 0, 2, 181.04, 9547, 21
259, 0, 0, 18, 18, 1, 32.81%, 0, 0, 2, 1.44, 9703, 21
264, 0, 0, 18, 18, 1, 32.81%, 0, 0, 2, 188.57, 10693, 21
286, 0, 0, 18, 18, 1, 32.81%, 0, 0, 2, 1.10, 11059, 21
291, 0, 0, 18, 18, 1, 32.81%, 0, 0, 2, 180.79, 11980, 21
306, 0, 0, 18, 18, 1, 32.81%, 0, 0, 2, 1.80, 12442, 21
320, 0, 0, 18, 18, 1, 32.81%, 0, 0, 2, 0.15, 12444, 21
325, 0, 0, 18, 18, 1, 32.81%, 0, 0, 2, 190.41, 13450, 21
351, 0, 0, 18, 18, 1, 32.81%, 0, 0, 2, 0.13, 13888, 21
356, 0, 0, 18, 18, 1, 32.81%, 0, 0, 2, 178.41, 14809, 21
382, 0, 0, 18, 18, 1, 32.81%, 0, 0, 2, 1.76, 15205, 21
387, 0, 0, 18, 18, 1, 32.81%, 0, 0, 2, 184.55, 16138, 21
400, 0, 0, 18, 18, 1, 32.81%, 0, 0, 2, 2.59, 16486, 21
407, 0, 0, 18, 18, 1, 32.81%, 0, 0, 2, 1.73, 16693, 21
419, 0, 0, 18, 18, 1, 32.81%, 0, 0, 2, 0.28, 16698, 21
424, 0, 0, 18, 18, 1, 32.81%, 0, 0, 2, 187.72, 17653, 21
445, 0, 0, 18, 18, 1, 32.81%, 0, 0, 2, 0.06, 18015, 21
450, 0, 0, 18, 18, 1, 32.81%, 0, 0, 2, 33.21, 18940, 21
471, 0, 0, 18, 18, 1, 32.81%, 0, 0, 2, 1.84, 19282, 21
476, 0, 0, 18, 18, 1, 32.81%, 0, 0, 2, 181.75, 20209, 21
488, 0, 0, 18, 18, 1, 32.81%, 0, 0, 2, 2.50, 20356, 21
505, 0, 0, 18, 18, 1, 32.81%, 0, 0, 2, 2.66, 21208, 21
510, 0, 0, 18, 18, 1, 32.81%, 0, 0, 2, 181.01, 22177, 21
526, 0, 0, 18, 18, 1, 32.81%, 0, 0, 2, 2.42, 22600, 21
531, 0, 0, 18, 18, 1, 32.81%, 0, 0, 2, 183.77, 23551, 21
548, 0, 0, 18, 18, 1, 32.81%, 0, 0, 2, 2.37, 24055, 21
553, 0, 0, 18, 18, 1, 32.81%, 0, 0, 2, 188.55, 25030, 21
562, 0, 0, 18, 18, 1, 32.81%, 0, 0, 2, 3.40, 25447, 21
576, 0, 0, 18, 18, 1, 32.81%, 0, 0, 2, 2.18, 26224, 21
581, 0, 0, 18, 18, 1, 32.81%, 0, 0, 2, 187.33, 27172, 21
589, 0, 0, 18, 18, 1, 32.81%, 0, 0, 2, 6.18, 27697, 21
601, 0, 0, 18, 18, 1, 32.81%, 0, 0, 2, 2.71, 28624, 21
606, 0, 0, 18, 18, 1, 32.81%, 0, 0, 2, 186.62, 29572, 21
613, 0, 0, 18, 18, 1, 32.81%, 0, 0, 2, 3.40, 30079, 21
619, 0, 0, 18, 18, 1, 32.81%, 0, 0, 2, 193.26, 31072, 21
629, 0, 0, 18, 18, 1, 32.81%, 0, 0, 2, 2.76, 31723, 21
634, 0, 0, 19, 19, 1, 34.38%, 0, 0, 2, 197.68, 32708, 22
649, 0, 0, 19, 19, 1, 34.38%, 0, 0, 2, 0.85, 33476, 22
654, 0, 0, 19, 19, 1, 34.38%, 0, 0, 2, 194.52, 34500, 22
660, 0, 0, 19, 19, 1, 34.38%, 0, 0, 2, 4.48, 35274, 22
665, 0, 0, 19, 19, 1, 34.38%, 0, 0, 2, 191.91, 36237, 22
673, 0, 0, 19, 19, 1, 34.38%, 0, 0, 2, 2.70, 36705, 22
678, 0, 0, 19, 19, 1, 34.38%, 0, 0, 2, 189.81, 37650, 22
683, 0, 0, 19, 19, 1, 34.38%, 0, 0, 2, 190.62, 38622, 22
688, 0, 0, 19, 19, 1, 34.38%, 0, 0, 2, 196.42, 39636, 22
694, 0, 0, 19, 19, 1, 34.38%, 0, 0, 2, 1.16, 40188, 22
699, 0, 0, 19, 19, 1, 34.38%, 0, 0, 2, 196.23, 41151, 22
704, 0, 0, 19, 19, 1, 34.38%, 0, 0, 2, 192.25, 41799, 22
709, 0, 0, 19, 19, 1, 34.38%, 0, 0, 2, 193.85, 42756, 22
714, 0, 0, 19, 19, 1, 34.38%, 0, 0, 2, 199.65, 43758, 22
719, 0, 0, 19, 19, 1, 34.38%, 0, 0, 2, 187.23, 44709, 22
724, 0, 0, 19, 19, 1, 34.38%, 0, 0, 2, 190.23, 45654, 22
733, 0, 0, 19, 19, 1, 34.38%, 0, 0, 2, 2.84, 46527, 22
739, 0, 0, 19, 19, 1, 34.38%, 0, 0, 2, 198.81, 47535, 22
744, 0, 0, 19, 19, 1, 34.38%, 0, 0, 2, 193.74, 48489, 22
749, 0, 0, 19, 19, 1, 34.38%, 0, 0, 2, 196.28, 49458, 22
754, 0, 0, 19, 19, 1, 34.38%, 0, 0, 2, 183.97, 50376, 22
760, 0, 0, 19, 19, 1, 34.38%, 0, 0, 2, 7.46, 51084, 22
765, 0, 0, 19, 19, 1, 34.38%, 0, 0, 2, 37.34, 52020, 22
770, 0, 0, 19, 19, 1, 34.38%, 0, 0, 2, 180.59, 52944, 22
776, 0, 0, 19, 19, 1, 34.38%, 0, 0, 2, 184.68, 53937, 22
781, 0, 0, 19, 19, 1, 34.38%, 0, 0, 2, 186.40, 54921, 22
787, 0, 0, 19, 19, 1, 34.38%, 0, 0, 2, 12.83, 55526, 22
792, 0, 0, 19, 19, 1, 34.38%, 0, 0, 2, 189.79, 56502, 22
797, 0, 0, 19, 19, 1, 34.38%, 0, 0, 2, 190.47, 57459, 22
802, 0, 0, 20, 20, 1, 34.38%, 0, 0, 2, 187.27, 58390, 22
807, 0, 0, 20, 20, 1, 34.38%, 0, 0, 2, 192.38, 59299, 22
814, 0, 0, 21, 21, 1, 34.38%, 0, 0, 2, 1.75, 59906, 22
820, 0, 0, 21, 21, 1, 34.38%, 0, 0, 2, 188.08, 60887, 22
825, 0, 0, 21, 21, 1, 34.38%, 0, 0, 2, 184.97, 61826, 22
830, 0, 0, 21, 21, 1, 34.38%, 0, 0, 2, 191.07, 62810, 22
835, 0, 0, 21, 21, 1, 34.38%, 0, 0, 2, 191.71, 63755, 22
840, 0, 0, 21, 21, 1, 34.38%, 0, 0, 2, 159.91, 64613, 22
845, 0, 0, 21, 21, 1, 34.38%, 0, 0, 2, 135.33, 65251, 22
850, 0, 0, 21, 21, 1, 34.38%, 0, 0, 2, 125.92, 65895, 22
855, 0, 0, 21, 21, 1, 34.38%, 0, 0, 2, 168.34, 66806, 22
860, 0, 0, 21, 21, 1, 34.38%, 0, 0, 2, 180.32, 67733, 22
865, 0, 0, 21, 21, 1, 34.38%, 0, 0, 2, 170.57, 68624, 22
870, 0, 0, 21, 21, 1, 34.38%, 0, 0, 2, 166.10, 69476, 22
876, 0, 0, 21, 21, 1, 34.38%, 0, 0, 2, 179.55, 70445, 22
881, 0, 0, 21, 21, 1, 34.38%, 0, 0, 2, 137.53, 71171, 22
886, 0, 0, 21, 21, 1, 34.38%, 0, 0, 2, 104.99, 71657, 22
891, 0, 0, 21, 21, 1, 34.38%, 0, 0, 2, 99.60, 72155, 22
896, 0, 0, 21, 21, 1, 34.38%, 0, 0, 2, 130.12, 72807, 22
901, 0, 0, 21, 21, 1, 34.38%, 0, 0, 2, 164.47, 73703, 22
906, 0, 0, 21, 21, 1, 34.38%, 0, 0, 2, 172.59, 74594, 22
911, 0, 0, 21, 21, 1, 34.38%, 0, 0, 2, 185.06, 75563, 22
916, 0, 0, 21, 21, 1, 34.38%, 0, 0, 2, 103.99, 75993, 22
921, 0, 0, 21, 21, 1, 34.38%, 0, 0, 2, 90.07, 76419, 22
927, 0, 0, 21, 21, 1, 34.38%, 0, 0, 2, 83.27, 76818, 22
932, 0, 0, 21, 21, 1, 34.38%, 0, 0, 2, 79.58, 77210, 22
937, 0, 0, 21, 21, 1, 34.38%, 0, 0, 2, 81.15, 77640, 22
942, 0, 0, 21, 21, 1, 34.38%, 0, 0, 2, 155.34, 78494, 22
947, 0, 0, 21, 21, 1, 34.38%, 0, 0, 2, 176.09, 79436, 22
952, 0, 0, 21, 21, 1, 34.38%, 0, 0, 2, 178.28, 80357, 22
957, 0, 0, 21, 21, 1, 34.38%, 0, 0, 2, 184.40, 81194, 22
962, 0, 0, 21, 21, 1, 34.38%, 0, 0, 2, 182.92, 82154, 22
967, 0, 0, 21, 21, 1, 34.38%, 0, 0, 2, 180.43, 83057, 22
972, 0, 0, 21, 21, 1, 34.38%, 0, 0, 2, 179.73, 83972, 22
978, 0, 0, 21, 21, 1, 34.38%, 0, 0, 2, 172.58, 84878, 22
983, 0, 0, 21, 21, 1, 34.38%, 0, 0, 2, 179.38, 85823, 22
988, 0, 0, 21, 21, 1, 34.38%, 0, 0, 2, 183.86, 86780, 22
993, 0, 0, 21, 21, 1, 34.38%, 0, 0, 2, 183.92, 87701, 22
998, 0, 0, 21, 21, 1, 34.38%, 0, 0, 2, 177.45, 88631, 22
1003, 0, 0, 21, 21, 1, 34.38%, 0, 0, 2, 173.33, 89483, 22
1008, 0, 0, 21, 21, 1, 34.38%, 0, 0, 2, 191.04, 90482, 22
1013, 0, 0, 23, 23, 1, 35.94%, 0, 0, 2, 185.41, 91414, 23
1018, 0, 0, 23, 23, 1, 35.94%, 0, 0, 2, 185.56, 92344, 23
1024, 0, 0, 23, 23, 1, 35.94%, 0, 0, 2, 189.39, 93328, 23
1029, 0, 0, 23, 23, 1, 35.94%, 0, 0, 2, 187.22, 94294, 23
1034, 0, 0, 23, 23, 1, 35.94%, 0, 0, 2, 193.43, 95260, 23
1039, 0, 0, 23, 23, 1, 35.94%, 0, 0, 2, 196.68, 96277, 23
1044, 0, 0, 23, 23, 1, 35.94%, 0, 0, 2, 190.47, 97216, 23
1049, 0, 0, 23, 23, 1, 35.94%, 0, 0, 2, 187.89, 98155, 23
1054, 0, 0, 23, 23, 1, 35.94%, 0, 0, 2, 212.09, 99063, 23
1059, 0, 0, 23, 23, 1, 35.94%, 0, 0, 2, 196.99, 100012, 23
1065, 0, 0, 23, 23, 1, 35.94%, 0, 0, 2, 188.89, 100990, 23
1070, 0, 0, 23, 23, 1, 35.94%, 0, 0, 2, 186.17, 101911, 23
1075, 0, 0, 23, 23, 1, 35.94%, 0, 0, 2, 189.96, 102865, 23
1080, 0, 0, 23, 23, 1, 35.94%, 0, 0, 2, 186.60, 103795, 23
1085, 0, 0, 23, 23, 1, 35.94%, 0, 0, 2, 188.62, 104755, 23
1090, 0, 0, 23, 23, 1, 35.94%, 0, 0, 2, 180.47, 105655, 23
1095, 0, 0, 23, 23, 1, 35.94%, 0, 0, 2, 174.66, 106537, 23
1100, 0, 0, 23, 23, 1, 35.94%, 0, 0, 2, 174.83, 107407, 23
1105, 0, 0, 23, 23, 1, 35.94%, 0, 0, 2, 174.27, 108289, 23
1110, 0, 0, 23, 23, 1, 35.94%, 0, 0, 2, 171.39, 109132, 23
1115, 0, 0, 23, 23, 1, 35.94%, 0, 0, 2, 172.54, 110035, 23
1120, 0, 0, 23, 23, 1, 35.94%, 0, 0, 2, 169.66, 110878, 23
1125, 0, 0, 23, 23, 1, 35.94%, 0, 0, 2, 165.84, 111721, 23
1130, 0, 0, 23, 23, 1, 35.94%, 0, 0, 2, 157.22, 112498, 23
1136, 0, 0, 23, 23, 1, 35.94%, 0, 0, 2, 182.65, 113440, 23
1141, 0, 0, 23, 23, 1, 35.94%, 0, 0, 2, 187.67, 114373, 23
1146, 0, 0, 23, 23, 1, 35.94%, 0, 0, 2, 187.71, 115345, 23
1151, 0, 0, 23, 23, 1, 35.94%, 0, 0, 2, 190.91, 116323, 23
1156, 0, 0, 23, 23, 1, 35.94%, 0, 0, 2, 194.21, 117319, 23
1161, 0, 0, 23, 23, 1, 35.94%, 0, 0, 2, 186.75, 118228, 23
1166, 0, 0, 23, 23, 1, 35.94%, 0, 0, 2, 185.39, 119122, 23
1171, 0, 0, 23, 23, 1, 35.94%, 0, 0, 2, 183.80, 120079, 23
1176, 0, 0, 23, 23, 1, 35.94%, 0, 0, 2, 178.64, 120976, 23
1182, 0, 0, 23, 23, 1, 35.94%, 0, 0, 2, 177.05, 121873, 23
1187, 0, 0, 23, 23, 1, 35.94%, 0, 0, 2, 180.18, 122740, 23
1192, 0, 0, 23, 23, 1, 35.94%, 0, 0, 2, 186.33, 123673, 23
1197, 0, 0, 23, 23, 1, 35.94%, 0, 0, 2, 178.54, 124600, 23
1202, 0, 0, 23, 23, 1, 35.94%, 0, 0, 2, 180.24, 125551, 23
1207, 0, 0, 23, 23, 1, 35.94%, 0, 0, 2, 185.57, 126505, 23
1212, 0, 0, 23, 23, 1, 35.94%, 0, 0, 2, 178.76, 127432, 23
1218, 0, 0, 23, 23, 1, 35.94%, 0, 0, 2, 183.04, 128398, 23
1223, 0, 0, 23, 23, 1, 35.94%, 0, 0, 2, 188.65, 129337, 23
1228, 0, 0, 23, 23, 1, 35.94%, 0, 0, 2, 186.85, 130312, 23
1233, 0, 0, 23, 23, 1, 35.94%, 0, 0, 2, 177.08, 131152, 23
1238, 0, 0, 23, 23, 1, 35.94%, 0, 0, 2, 185.13, 132106, 23
1243, 0, 0, 23, 23, 1, 35.94%, 0, 0, 2, 176.73, 133003, 23
1248, 0, 0, 23, 23, 1, 35.94%, 0, 0, 2, 184.74, 133942, 23
1253, 0, 0, 23, 23, 1, 35.94%, 0, 0, 2, 184.27, 134905, 23
1258, 0, 0, 23, 23, 1, 35.94%, 0, 0, 2, 186.73, 135850, 23
1264, 0, 0, 23, 23, 1, 35.94%, 0, 0, 2, 188.82, 136843, 23
1269, 0, 0, 23, 23, 1, 35.94%, 0, 0, 2, 182.77, 137761, 23
1274, 0, 0, 23, 23, 1, 35.94%, 0, 0, 2, 189.91, 138754, 23
1279, 0, 0, 23, 23, 1, 35.94%, 0, 0, 2, 189.36, 139699, 23
1284, 0, 0, 24, 24, 1, 39.06%, 0, 0, 2, 158.76, 140492, 25
1289, 0, 0, 24, 24, 1, 39.06%, 0, 0, 2, 172.76, 141386, 25
1294, 0, 0, 24, 24, 1, 39.06%, 0, 0, 2, 184.14, 142313, 25
1300, 0, 0, 24, 24, 1, 39.06%, 0, 0, 2, 193.11, 143315, 25
1305, 0, 0, 24, 24, 1, 39.06%, 0, 0, 2, 187.39, 144296, 25
1310, 0, 0, 25, 25, 1, 40.62%, 0, 0, 2, 192.23, 145299, 26
1315, 0, 0, 25, 25, 1, 40.62%, 0, 0, 2, 192.15, 146289, 26
1320, 0, 0, 25, 25, 1, 40.62%, 0, 0, 2, 190.51, 147228, 26
1325, 0, 0, 25, 25, 1, 40.62%, 0, 0, 2, 181.79, 148152, 26
1331, 0, 0, 25, 25, 1, 40.62%, 0, 0, 2, 187.89, 149097, 26
1336, 0, 0, 25, 25, 1, 40.62%, 0, 0, 2, 190.51, 150081, 26
1341, 0, 0, 25, 25, 1, 40.62%, 0, 0, 2, 193.20, 151044, 26
1346, 0, 0, 25, 25, 1, 40.62%, 0, 0, 2, 186.65, 151977, 26
1351, 0, 0, 25, 25, 1, 40.62%, 0, 0, 2, 186.38, 152892, 26
1356, 0, 0, 25, 25, 1, 40.62%, 0, 0, 2, 190.18, 153840, 26
1361, 0, 0, 25, 25, 1, 40.62%, 0, 0, 2, 188.72, 154797, 26
1366, 0, 0, 25, 25, 1, 40.62%, 0, 0, 2, 182.40, 155724, 26
1371, 0, 0, 25, 25, 1, 40.62%, 0, 0, 2, 184.18, 156633, 26
1376, 0, 0, 25, 25, 1, 40.62%, 0, 0, 2, 185.50, 157554, 26
1381, 0, 0, 25, 25, 1, 40.62%, 0, 0, 2, 183.60, 158466, 26
1386, 0, 0, 25, 25, 1, 40.62%, 0, 0, 2, 185.46, 159420, 26
1392, 0, 0, 25, 25, 1, 40.62%, 0, 0, 2, 183.66, 160356, 26
1397, 0, 0, 25, 25, 1, 40.62%, 0, 0, 2, 157.74, 161124, 26
1402, 0, 0, 26, 26, 1, 42.19%, 0, 0, 2, 161.44, 161929, 27
1407, 0, 0, 26, 26, 1, 42.19%, 0, 0, 2, 175.39, 162820, 27
1412, 0, 0, 26, 26, 1, 42.19%, 0, 0, 2, 181.39, 163741, 27
1417, 0, 0, 26, 26, 1, 42.19%, 0, 0, 2, 188.82, 164677, 27
1422, 0, 0, 26, 26, 1, 42.19%, 0, 0, 2, 184.22, 165625, 27
1427, 0, 0, 26, 26, 1, 42.19%, 0, 0, 2, 174.94, 166564, 27
1432, 0, 0, 26, 26, 1, 42.19%, 0, 0, 2, 166.69, 167434, 27
1437, 0, 0, 26, 26, 1, 42.19%, 0, 0, 2, 171.04, 168298, 27
1443, 0, 0, 26, 26, 1, 42.19%, 0, 0, 2, 172.65, 169225, 27
1448, 0, 0, 26, 26, 1, 42.19%, 0, 0, 2, 165.85, 170080, 27
1453, 0, 0, 26, 26, 1, 42.19%, 0, 0, 2, 171.05, 170986, 27
1458, 0, 0, 26, 26, 1, 42.19%, 0, 0, 2, 180.33, 171886, 27
1463, 0, 0, 26, 26, 1, 42.19%, 0, 0, 2, 180.07, 172798, 27
1468, 0, 0, 26, 26, 1, 42.19%, 0, 0, 2, 187.46, 173776, 27
1473, 0, 0, 26, 26, 1, 42.19%, 0, 0, 2, 180.59, 174667, 27
1479, 0, 0, 26, 26, 1, 42.19%, 0, 0, 2, 188.40, 175648, 27
1484, 0, 0, 26, 26, 1, 42.19%, 0, 0, 2, 188.79, 176617, 27
1489, 0, 0, 26, 26, 1, 42.19%, 0, 0, 2, 189.40, 177547, 27
1494, 0, 0, 26, 26, 1, 42.19%, 0, 0, 2, 184.73, 178468, 27
1499, 0, 0, 26, 26, 1, 42.19%, 0, 0, 2, 163.92, 179305, 27
1504, 0, 0, 26, 26, 1, 42.19%, 0, 0, 2, 165.67, 180130, 27
1509, 0, 0, 26, 26, 1, 42.19%, 0, 0, 2, 165.73, 180970, 27
1514, 0, 0, 26, 26, 1, 42.19%, 0, 0, 2, 179.21, 181876, 27
1519, 0, 0, 26, 26, 1, 42.19%, 0, 0, 2, 187.70, 182860, 27
1524, 0, 0, 26, 26, 1, 42.19%, 0, 0, 2, 178.92, 183730, 27
1529, 0, 0, 26, 26, 1, 42.19%, 0, 0, 2, 181.11, 184642, 27
1534, 0, 0, 26, 26, 1, 42.19%, 0, 0, 2, 185.25, 185602, 27
1540, 0, 0, 26, 26, 1, 42.19%, 0, 0, 2, 172.25, 186469, 27
1545, 0, 0, 26, 26, 1, 42.19%, 0, 0, 2, 179.60, 187408, 27
1550, 0, 0, 26, 26, 1, 42.19%, 0, 0, 2, 182.17, 188362, 27
1555, 0, 0, 26, 26, 1, 42.19%, 0, 0, 2, 188.20, 189343, 27
1560, 0, 0, 26, 26, 1, 42.19%, 0, 0, 2, 182.82, 190252, 27
1565, 0, 0, 26, 26, 1, 42.19%, 0, 0, 2, 185.08, 191197, 27
1570, 0, 0, 26, 26, 1, 42.19%, 0, 0, 2, 168.00, 192016, 27
1576, 0, 0, 26, 26, 1, 42.19%, 0, 0, 2, 183.72, 192988, 27
1581, 0, 0, 26, 26, 1, 42.19%, 0, 0, 2, 182.15, 193927, 27
1586, 0, 0, 26, 26, 1, 42.19%, 0, 0, 2, 182.25, 194836, 27
1591, 0, 0, 26, 26, 1, 42.19%, 0, 0, 2, 183.85, 195760, 27
1596, 0, 0, 26, 26, 1, 42.19%, 0, 0, 2, 186.94, 196693, 27
1601, 0, 0, 26, 26, 1, 42.19%, 0, 0, 2, 181.69, 197617, 27
1606, 0, 0, 26, 26, 1, 42.19%, 0, 0, 2, 181.25, 198562, 27
1611, 0, 0, 26, 26, 1, 42.19%, 0, 0, 2, 168.91, 199375, 27
1616, 0, 0, 26, 26, 1, 42.19%, 0, 0, 2, 180.71, 200335, 27
1622, 0, 0, 26, 26, 1, 42.19%, 0, 0, 2, 179.52, 201250, 27
1627, 0, 0, 26, 26, 1, 42.19%, 0, 0, 2, 182.57, 202168, 27
1632, 0, 0, 26, 26, 1, 42.19%, 0, 0, 2, 160.78, 202951, 27
1637, 0, 0, 26, 26, 1, 42.19%, 0, 0, 2, 154.60, 203746, 27
1642, 0, 0, 26, 26, 1, 42.19%, 0, 0, 2, 150.82, 204490, 27
1647, 0, 0, 26, 26, 1, 42.19%, 0, 0, 2, 168.43, 205357, 27
1652, 0, 0, 26, 26, 1, 42.19%, 0, 0, 2, 176.90, 206281, 27
1657, 0, 0, 26, 26, 1, 42.19%, 0, 0, 2, 183.04, 207238, 27
1662, 0, 0, 27, 27, 1, 43.75%, 0, 0, 2, 181.26, 208163, 28
1668, 0, 0, 27, 27, 1, 43.75%, 0, 0, 2, 166.01, 209003, 28
1673, 0, 0, 27, 27, 1, 43.75%, 0, 0, 2, 174.04, 209924, 28
1678, 0, 0, 27, 27, 1, 43.75%, 0, 0, 2, 180.79, 210845, 28
1683, 0, 0, 27, 27, 1, 43.75%, 0, 0, 2, 172.74, 211727, 28
1688, 0, 0, 27, 27, 1, 43.75%, 0, 0, 2, 185.31, 212675, 28
1693, 0, 0, 27, 27, 1, 43.75%, 0, 0, 2, 183.64, 213605, 28
1698, 0, 0, 27, 27, 1, 43.75%, 0, 0, 2, 176.06, 214505, 28
1703, 0, 0, 27, 27, 1, 43.75%, 0, 0, 2, 170.44, 215399, 28
1708, 0, 0, 27, 27, 1, 43.75%, 0, 0, 2, 181.32, 216311, 28
1714, 0, 0, 27, 27, 1, 43.75%, 0, 0, 2, 178.47, 217235, 28
1719, 0, 0, 27, 27, 1, 43.75%, 0, 0, 2, 179.34, 218156, 28
1724, 0, 0, 27, 27, 1, 43.75%, 0, 0, 2, 181.63, 219062, 28
1729, 0, 0, 27, 27, 1, 43.75%, 0, 0, 2, 184.68, 220019, 28
1734, 0, 0, 27, 27, 1, 43.75%, 0, 0, 2, 187.26, 220985, 28
1739, 0, 0, 27, 27, 1, 43.75%, 0, 0, 2, 181.41, 221912, 28
1744, 0, 0, 27, 27, 1, 43.75%, 0, 0, 2, 179.56, 222800, 28
1749, 0, 0, 27, 27, 1, 43.75%, 0, 0, 2, 179.06, 223700, 28
1755, 0, 0, 27, 27, 1, 43.75%, 0, 0, 2, 184.32, 224669, 28
1760, 0, 0, 27, 27, 1, 43.75%, 0, 0, 2, 184.76, 225644, 28
1765, 0, 0, 27, 27, 1, 43.75%, 0, 0, 2, 182.21, 226559, 28
1770, 0, 0, 27, 27, 1, 43.75%, 0, 0, 2, 168.94, 227420, 28
1775, 0, 0, 27, 27, 1, 43.75%, 0, 0, 2, 164.32, 228260, 28
1780, 0, 0, 27, 27, 1, 43.75%, 0, 0, 2, 181.99, 229229, 28
1785, 0, 0, 27, 27, 1, 43.75%, 0, 0, 2, 179.48, 230132, 28
1790, 0, 0, 27, 27, 1, 43.75%, 0, 0, 2, 175.69, 230996, 28
1795, 0, 0, 27, 27, 1, 43.75%, 0, 0, 2, 171.76, 231845, 28
1800, 0, 0, 27, 27, 1, 43.75%, 0, 0, 2, 182.46, 232802, 28
1805, 0, 0, 27, 27, 1, 43.75%, 0, 0, 2, 178.40, 233705, 28
1811, 0, 0, 27, 27, 1, 43.75%, 0, 0, 2, 188.59, 234683, 28
1816, 0, 0, 27, 27, 1, 43.75%, 0, 0, 2, 181.92, 235616, 28
1821, 0, 0, 27, 27, 1, 43.75%, 0, 0, 2, 170.64, 236453, 28
1826, 0, 0, 27, 27, 1, 43.75%, 0, 0, 2, 183.01, 237419, 28
1831, 0, 0, 27, 27, 1, 43.75%, 0, 0, 2, 149.18, 238160, 28
1836, 0, 0, 27, 27, 1, 43.75%, 0, 0, 2, 137.19, 238849, 28
1841, 0, 0, 27, 27, 1, 43.75%, 0, 0, 2, 145.86, 239581, 28
1846, 0, 0, 27, 27, 1, 43.75%, 0, 0, 2, 161.06, 240425, 28
1851, 0, 0, 27, 27, 1, 43.75%, 0, 0, 2, 159.56, 241223, 28
1857, 0, 0, 27, 27, 1, 43.75%, 0, 0, 2, 165.57, 242054, 28
1862, 0, 0, 27, 27, 1, 43.75%, 0, 0, 2, 178.33, 242978, 28
1867, 0, 0, 27, 27, 1, 43.75%, 0, 0, 2, 185.01, 243887, 28
1872, 0, 0, 27, 27, 1, 43.75%, 0, 0, 2, 180.92, 244802, 28
1877, 0, 0, 27, 27, 1, 43.75%, 0, 0, 2, 184.94, 245750, 28
1882, 0, 0, 27, 27, 1, 43.75%, 0, 0, 2, 174.99, 246614, 28
1887, 0, 0, 27, 27, 1, 43.75%, 0, 0, 2, 183.62, 247586, 28
1892, 0, 0, 27, 27, 1, 43.75%, 0, 0, 2, 176.19, 248474, 28
1897, 0, 0, 27, 27, 1, 43.75%, 0, 0, 2, 172.35, 249350, 28
1902, 0, 0, 27, 27, 1, 43.75%, 0, 0, 2, 177.47, 250283, 28
1908, 0, 0, 27, 27, 1, 43.75%, 0, 0, 2, 180.38, 251216, 28
1913, 0, 0, 27, 27, 1, 43.75%, 0, 0, 2, 184.29, 252143, 28
1918, 0, 0, 27, 27, 1, 43.75%, 0, 0, 2, 179.63, 253031, 28
1923, 0, 0, 27, 27, 1, 43.75%, 0, 0, 2, 184.16, 253952, 28
1928, 0, 0, 27, 27, 1, 43.75%, 0, 0, 2, 181.95, 254900, 28
1933, 0, 0, 27, 27, 1, 43.75%, 0, 0, 2, 176.29, 255776, 28
1938, 0, 0, 27, 27, 1, 43.75%, 0, 0, 2, 179.93, 256709, 28
1943, 0, 0, 27, 27, 1, 43.75%, 0, 0, 2, 174.17, 257576, 28
1948, 0, 0, 27, 27, 1, 43.75%, 0, 0, 2, 172.77, 258440, 28
1953, 0, 0, 27, 27, 1, 43.75%, 0, 0, 2, 173.04, 259325, 28
1958, 0, 0, 27, 27, 1, 43.75%, 0, 0, 2, 174.95, 260225, 28
1963, 0, 0, 27, 27, 1, 43.75%, 0, 0, 2, 177.97, 261128, 28
1969, 0, 0, 27, 27, 1, 43.75%, 0, 0, 2, 162.65, 261953, 28
1974, 0, 0, 27, 27, 1, 43.75%, 0, 0, 2, 163.79, 262787, 28
1979, 0, 0, 27, 27, 1, 43.75%, 0, 0, 2, 169.42, 263660, 28
1984, 0, 0, 27, 27, 1, 43.75%, 0, 0, 2, 134.82, 264375, 28
1989, 0, 0, 27, 27, 1, 43.75%, 0, 0, 2, 103.57, 264857, 28
1994, 0, 0, 27, 27, 1, 43.75%, 0, 0, 2, 96.31, 265345, 28
1999, 0, 0, 27, 27, 1, 43.75%, 0, 0, 2, 96.06, 265839, 28
2004, 0, 0, 27, 27, 1, 43.75%, 0, 0, 2, 148.24, 266603, 28
2010, 0, 0, 27, 27, 1, 43.75%, 0, 0, 2, 168.71, 267515, 28
2015, 0, 0, 28, 28, 1, 43.75%, 0, 0, 2, 170.20, 268362, 28
2020, 0, 0, 28, 28, 1, 43.75%, 0, 0, 2, 171.34, 269262, 28
2025, 0, 0, 28, 28, 1, 43.75%, 0, 0, 2, 179.68, 270213, 28
2030, 0, 0, 28, 28, 1, 43.75%, 0, 0, 2, 184.11, 271176, 28
2035, 0, 0, 28, 28, 1, 43.75%, 0, 0, 2, 170.33, 272058, 28
2040, 0, 0, 28, 28, 1, 43.75%, 0, 0, 2, 177.59, 272961, 28
2045, 0, 0, 28, 28, 1, 43.75%, 0, 0, 2, 177.10, 273852, 28
2051, 0, 0, 28, 28, 1, 43.75%, 0, 0, 2, 178.27, 274767, 28
2056, 0, 0, 28, 28, 1, 43.75%, 0, 0, 2, 147.74, 275476, 28
2061, 0, 0, 28, 28, 1, 43.75%, 0, 0, 2, 149.51, 276220, 28
2066, 0, 0, 28, 28, 1, 43.75%, 0, 0, 2, 182.37, 277200, 28
2071, 0, 0, 28, 28, 1, 43.75%, 0, 0, 2, 176.65, 278124, 28
2076, 0, 0, 28, 28, 1, 43.75%, 0, 0, 2, 187.89, 279075, 28
2081, 0, 0, 28, 28, 1, 43.75%, 0, 0, 2, 178.30, 279948, 28
2086, 0, 0, 28, 28, 1, 43.75%, 0, 0, 2, 183.21, 280860, 28
2091, 0, 0, 28, 28, 1, 43.75%, 0, 0, 2, 187.92, 281835, 28
2096, 0, 0, 28, 28, 1, 43.75%, 0, 0, 2, 179.32, 282711, 28
2102, 0, 0, 28, 28, 1, 43.75%, 0, 0, 2, 180.36, 283641, 28
2107, 0, 0, 28, 28, 1, 43.75%, 0, 0, 2, 179.01, 284538, 28
2112, 0, 0, 28, 28, 1, 43.75%, 0, 0, 2, 181.08, 285447, 28
2117, 0, 0, 28, 28, 1, 43.75%, 0, 0, 2, 166.36, 286302, 28
2122, 0, 0, 28, 28, 1, 43.75%, 0, 0, 2, 149.01, 287031, 28
2127, 0, 0, 28, 28, 1, 43.75%, 0, 0, 2, 142.68, 287754, 28
2132, 0, 0, 28, 28, 1, 43.75%, 0, 0, 2, 172.11, 288684, 28
2137, 0, 0, 28, 28, 1, 43.75%, 0, 0, 2, 178.08, 289584, 28
2143, 0, 0, 28, 28, 1, 43.75%, 0, 0, 2, 181.72, 290547, 28
2148, 0, 0, 28, 28, 1, 43.75%, 0, 0, 2, 180.72, 291495, 28
2153, 0, 0, 28, 28, 1, 43.75%, 0, 0, 2, 175.77, 292425, 28
2158, 0, 0, 28, 28, 1, 43.75%, 0, 0, 2, 179.54, 293346, 28
2163, 0, 0, 28, 28, 1, 43.75%, 0, 0, 2, 176.64, 294273, 28
2169, 0, 0, 28, 28, 1, 43.75%, 0, 0, 2, 181.68, 295242, 28
2174, 0, 0, 28, 28, 1, 43.75%, 0, 0, 2, 187.26, 296211, 28
2179, 0, 0, 28, 28, 1, 43.75%, 0, 0, 2, 176.54, 297096, 28
2184, 0, 0, 28, 28, 1, 43.75%, 0, 0, 2, 179.82, 297996, 28
2189, 0, 0, 28, 28, 1, 43.75%, 0, 0, 2, 183.55, 298941, 28
2194, 0, 0, 28, 28, 1, 43.75%, 0, 0, 2, 184.41, 299898, 28
2199, 0, 0, 28, 28, 1, 43.75%, 0, 0, 2, 186.33, 300864, 28
2204, 0, 0, 28, 28, 1, 43.75%, 0, 0, 2, 179.85, 301770, 28
2210, 0, 0, 28, 28, 1, 43.75%, 0, 0, 2, 174.50, 302676, 28
2215, 0, 0, 28, 28, 1, 43.75%, 0, 0, 2, 178.90, 303603, 28
2220, 0, 0, 28, 28, 1, 43.75%, 0, 0, 2, 179.66, 304524, 28
2225, 0, 0, 28, 28, 1, 43.75%, 0, 0, 2, 182.69, 305448, 28
2230, 0, 0, 28, 28, 1, 43.75%, 0, 0, 2, 181.13, 306354, 28
2235, 0, 0, 28, 28, 1, 43.75%, 0, 0, 2, 179.55, 307257, 28
2240, 0, 0, 28, 28, 1, 43.75%, 0, 0, 2, 173.04, 308136, 28
2245, 0, 0, 28, 28, 1, 43.75%, 0, 0, 2, 177.96, 309033, 28
2250, 0, 0, 28, 28, 1, 43.75%, 0, 0, 2, 179.34, 309924, 28
2255, 0, 0, 28, 28, 1, 43.75%, 0, 0, 2, 187.87, 310875, 28
2260, 0, 0, 28, 28, 1, 43.75%, 0, 0, 2, 181.58, 311778, 28
2265, 0, 0, 28, 28, 1, 43.75%, 0, 0, 2, 160.21, 312540, 28
2270, 0, 0, 28, 28, 1, 43.75%, 0, 0, 2, 148.92, 313284, 28
2275, 0, 0, 28, 28, 1, 43.75%, 0, 0, 2, 169.78, 314184, 28
2281, 0, 0, 28, 28, 1, 43.75%, 0, 0, 2, 172.70, 315081, 28
2286, 0, 0, 28, 28, 1, 43.75%, 0, 0, 2, 174.86, 315972, 28
2291, 0, 0, 28, 28, 1, 43.75%, 0, 0, 2, 175.42, 316836, 28
2296, 0, 0, 28, 28, 1, 43.75%, 0, 0, 2, 174.35, 317715, 28
2301, 0, 0, 28, 28, 1, 43.75%, 0, 0, 2, 183.17, 318630, 28
2306, 0, 0, 28, 28, 1, 43.75%, 0, 0, 2, 187.04, 319569, 28
2311, 0, 0, 28, 28, 1, 43.75%, 0, 0, 2, 179.19, 320460, 28
2316, 0, 0, 28, 28, 1, 43.75%, 0, 0, 2, 175.12, 321339, 28
2321, 0, 0, 28, 28, 1, 43.75%, 0, 0, 2, 179.55, 322272, 28
2326, 0, 0, 28, 28, 1, 43.75%, 0, 0, 2, 176.20, 323202, 28
2331, 0, 0, 28, 28, 1, 43.75%, 0, 0, 2, 175.41, 324078, 28
2336, 0, 0, 28, 28, 1, 43.75%, 0, 0, 2, 178.87, 325011, 28
2341, 0, 0, 28, 28, 1, 43.75%, 0, 0, 2, 180.44, 325908, 28
2346, 0, 0, 28, 28, 1, 43.75%, 0, 0, 2, 174.72, 326823, 28
2352, 0, 0, 28, 28, 1, 43.75%, 0, 0, 2, 175.67, 327750, 28
2357, 0, 0, 28, 28, 1, 43.75%, 0, 0, 2, 182.47, 328701, 28
2362, 0, 0, 28, 28, 1, 43.75%, 0, 0, 2, 184.21, 329619, 28
2367, 0, 0, 28, 28, 1, 43.75%, 0, 0, 2, 181.13, 330504, 28
2372, 0, 0, 28, 28, 1, 43.75%, 0, 0, 2, 179.61, 331404, 28
2377, 0, 0, 28, 28, 1, 43.75%, 0, 0, 2, 177.92, 332298, 28
2382, 0, 0, 28, 28, 1, 43.75%, 0, 0, 2, 175.39, 333180, 28
2387, 0, 0, 28, 28, 1, 43.75%, 0, 0, 2, 178.77, 334125, 28
2393, 0, 0, 28, 28, 1, 43.75%, 0, 0, 2, 178.45, 335058, 28
2398, 0, 0, 28, 28, 1, 43.75%, 0, 0, 2, 180.60, 336003, 28
2403, 0, 0, 28, 28, 1, 43.75%, 0, 0, 2, 178.03, 336924, 28
2408, 0, 0, 29, 29, 1, 43.75%, 0, 0, 2, 171.64, 337771, 28
2413, 0, 0, 29, 29, 1, 43.75%, 0, 0, 2, 169.31, 338635, 28
2418, 0, 0, 29, 29, 1, 43.75%, 0, 0, 2, 176.00, 339550, 28
2423, 0, 0, 29, 29, 1, 43.75%, 0, 0, 2, 182.69, 340486, 28
2428, 0, 0, 29, 29, 1, 43.75%, 0, 0, 2, 171.33, 341332, 28
2433, 0, 0, 29, 29, 1, 43.75%, 0, 0, 2, 167.59, 342184, 28
2438, 0, 0, 29, 29, 1, 43.75%, 0, 0, 2, 169.87, 343075, 28
2443, 0, 0, 29, 29, 1, 43.75%, 0, 0, 2, 179.43, 343993, 28
2448, 0, 0, 29, 29, 1, 43.75%, 0, 0, 2, 172.89, 344875, 28
2454, 0, 0, 29, 29, 1, 43.75%, 0, 0, 2, 173.94, 345775, 28
2459, 0, 0, 29, 29, 1, 43.75%, 0, 0, 2, 171.87, 346630, 28
2464, 0, 0, 29, 29, 1, 43.75%, 0, 0, 2, 168.09, 347482, 28
2469, 0, 0, 29, 29, 1, 43.75%, 0, 0, 2, 167.89, 348316, 28
2474, 0, 0, 29, 29, 1, 43.75%, 0, 0, 2, 176.69, 349198, 28
2479, 0, 0, 29, 29, 1, 43.75%, 0, 0, 2, 180.39, 350107, 28
2484, 0, 0, 29, 29, 1, 43.75%, 0, 0, 2, 181.19, 351061, 28
2489, 0, 0, 29, 29, 1, 43.75%, 0, 0, 2, 181.07, 351955, 28
2494, 0, 0, 29, 29, 1, 43.75%, 0, 0, 2, 182.10, 352882, 28
2499, 0, 0, 29, 29, 1, 43.75%, 0, 0, 2, 171.92, 353737, 28
2504, 0, 0, 29, 29, 1, 43.75%, 0, 0, 2, 179.47, 354640, 28
2509, 0, 0, 29, 29, 1, 43.75%, 0, 0, 2, 183.69, 355570, 28
2514, 0, 0, 29, 29, 1, 43.75%, 0, 0, 2, 178.68, 356461, 28
2519, 0, 0, 29, 29, 1, 43.75%, 0, 0, 2, 180.39, 357370, 28
2524, 0, 0, 29, 29, 1, 43.75%, 0, 0, 2, 161.91, 358192, 28
2529, 0, 0, 29, 29, 1, 43.75%, 0, 0, 2, 163.05, 358990, 28
2534, 0, 0, 29, 29, 1, 43.75%, 0, 0, 2, 182.48, 359929, 28
2539, 0, 0, 29, 29, 1, 43.75%, 0, 0, 2, 173.87, 360820, 28
2544, 0, 0, 29, 29, 1, 43.75%, 0, 0, 2, 183.01, 361744, 28
2549, 0, 0, 29, 29, 1, 43.75%, 0, 0, 2, 177.84, 362626, 28
2554, 0, 0, 29, 29, 1, 43.75%, 0, 0, 2, 180.31, 363529, 28
2560, 0, 0, 29, 29, 1, 43.75%, 0, 0, 2, 182.32, 364477, 28
2565, 0, 0, 29, 29, 1, 43.75%, 0, 0, 2, 185.32, 365437, 28
2570, 0, 0, 29, 29, 1, 43.75%, 0, 0, 2, 185.89, 366367, 28
2575, 0, 0, 29, 29, 1, 43.75%, 0, 0, 2, 184.10, 367279, 28
2580, 0, 0, 29, 29, 1, 43.75%, 0, 0, 2, 184.83, 368218, 28
2585, 0, 0, 29, 29, 1, 43.75%, 0, 0, 2, 179.46, 369142, 28
2590, 0, 0, 29, 29, 1, 43.75%, 0, 0, 2, 173.98, 370000, 28
2595, 0, 0, 29, 29, 1, 43.75%, 0, 0, 2, 174.91, 370888, 28
2600, 0, 0, 29, 29, 1, 43.75%, 0, 0, 2, 180.45, 371809, 28
2605, 0, 0, 29, 29, 1, 43.75%, 0, 0, 2, 177.59, 372736, 28
2610, 0, 0, 29, 29, 1, 43.75%, 0, 0, 2, 178.53, 373636, 28
2616, 0, 0, 29, 29, 1, 43.75%, 0, 0, 2, 175.49, 374560, 28
2621, 0, 0, 29, 29, 1, 43.75%, 0, 0, 2, 174.27, 375442, 28
2626, 0, 0, 29, 29, 1, 43.75%, 0, 0, 2, 183.62, 376378, 28
2631, 0, 0, 29, 29, 1, 43.75%, 0, 0, 2, 178.51, 377269, 28
2636, 0, 0, 29, 29, 1, 43.75%, 0, 0, 2, 178.93, 378199, 28
2641, 0, 0, 29, 29, 1, 43.75%, 0, 0, 2, 172.11, 379036, 28
2646, 0, 0, 29, 29, 1, 43.75%, 0, 0, 2, 180.50, 379939, 28
2651, 0, 0, 29, 29, 1, 43.75%, 0, 0, 2, 185.09, 380908, 28
2656, 0, 0, 29, 29, 1, 43.75%, 0, 0, 2, 177.74, 381835, 28
2661, 0, 0, 29, 29, 1, 43.75%, 0, 0, 2, 168.32, 382666, 28
2666, 0, 0, 29, 29, 1, 43.75%, 0, 0, 2, 164.40, 383485, 28
2672, 0, 0, 29, 29, 1, 43.75%, 0, 0, 2, 165.58, 384340, 28
2677, 0, 0, 29, 29, 1, 43.75%, 0, 0, 2, 174.25, 385216, 28
2682, 0, 0, 29, 29, 1, 43.75%, 0, 0, 2, 166.87, 386074, 28
2687, 0, 0, 29, 29, 1, 43.75%, 0, 0, 2, 173.35, 386995, 28
2692, 0, 0, 29, 29, 1, 43.75%, 0, 0, 2, 179.52, 387949, 28
2697, 0, 0, 29, 29, 1, 43.75%, 0, 0, 2, 183.62, 388876, 28
2703, 0, 0, 29, 29, 1, 43.75%, 0, 0, 2, 175.64, 389797, 28
2708, 0, 0, 29, 29, 1, 43.75%, 0, 0, 2, 186.72, 390787, 28
2713, 0, 0, 29, 29, 1, 43.75%, 0, 0, 2, 177.44, 391693, 28
2718, 0, 0, 29, 29, 1, 43.75%, 0, 0, 2, 186.00, 392635, 28
2723, 0, 0, 29, 29, 1, 43.75%, 0, 0, 2, 182.48, 393586, 28
2728, 0, 0, 29, 29, 1, 43.75%, 0, 0, 2, 173.49, 394513, 28
2733, 0, 0, 29, 29, 1, 43.75%, 0, 0, 2, 179.56, 395422, 28
2738, 0, 0, 29, 29, 1, 43.75%, 0, 0, 2, 178.10, 396349, 28
2744, 0, 0, 29, 29, 1, 43.75%, 0, 0, 2, 176.59, 397252, 28
2749, 0, 0, 29, 29, 1, 43.75%, 0, 0, 2, 183.89, 398182, 28
2754, 0, 0, 29, 29, 1, 43.75%, 0, 0, 2, 182.56, 399124, 28
2759, 0, 0, 29, 29, 1, 43.75%, 0, 0, 2, 186.64, 400066, 28
2764, 0, 0, 29, 29, 1, 43.75%, 0, 0, 2, 178.29, 400993, 28
2769, 0, 0, 29, 29, 1, 43.75%, 0, 0, 2, 171.99, 401845, 28
2774, 0, 0, 29, 29, 1, 43.75%, 0, 0, 2, 175.33, 402736, 28
2779, 0, 0, 29, 29, 1, 43.75%, 0, 0, 2, 176.50, 403621, 28
2784, 0, 0, 29, 29, 1, 43.75%, 0, 0, 2, 174.27, 404497, 28
2789, 0, 0, 29, 29, 1, 43.75%, 0, 0, 2, 145.12, 405227, 28
2794, 0, 0, 29, 29, 1, 43.75%, 0, 0, 2, 127.13, 405841, 28
2799, 0, 0, 29, 29, 1, 43.75%, 0, 0, 2, 122.68, 406449, 28
2804, 0, 0, 29, 29, 1, 43.75%, 0, 0, 2, 160.23, 407260, 28
2809, 0, 0, 29, 29, 1, 43.75%, 0, 0, 2, 177.98, 408169, 28
2815, 0, 0, 29, 29, 1, 43.75%, 0, 0, 2, 179.88, 409093, 28
2820, 0, 0, 30, 30, 1, 45.31%, 0, 0, 2, 181.46, 409991, 29
2825, 0, 0, 30, 30, 1, 45.31%, 0, 0, 2, 182.63, 410930, 29
2830, 0, 0, 30, 30, 1, 45.31%, 0, 0, 2, 175.46, 411842, 29
2835, 0, 0, 30, 30, 1, 45.31%, 0, 0, 2, 175.65, 412736, 29
2840, 0, 0, 30, 30, 1, 45.31%, 0, 0, 2, 169.30, 413606, 29
2845, 0, 0, 30, 30, 1, 45.31%, 0, 0, 2, 177.14, 414512, 29
2850, 0, 0, 30, 30, 1, 45.31%, 0, 0, 2, 184.99, 415454, 29
2855, 0, 0, 30, 30, 1, 45.31%, 0, 0, 2, 186.82, 416417, 29
2861, 0, 0, 30, 30, 1, 45.31%, 0, 0, 2, 184.34, 417344, 29
2866, 0, 0, 30, 30, 1, 45.31%, 0, 0, 2, 131.29, 417946, 29
2871, 0, 0, 30, 30, 1, 45.31%, 0, 0, 2, 116.32, 418514, 29
2876, 0, 0, 30, 30, 1, 45.31%, 0, 0, 2, 162.09, 419357, 29
2881, 0, 0, 30, 30, 1, 45.31%, 0, 0, 2, 178.80, 420296, 29
2886, 0, 0, 30, 30, 1, 45.31%, 0, 0, 2, 179.80, 421226, 29
2891, 0, 0, 30, 30, 1, 45.31%, 0, 0, 2, 172.39, 422120, 29
2897, 0, 0, 30, 30, 1, 45.31%, 0, 0, 2, 180.60, 423047, 29
2902, 0, 0, 30, 30, 1, 45.31%, 0, 0, 2, 182.94, 423950, 29
2907, 0, 0, 30, 30, 1, 45.31%, 0, 0, 2, 176.72, 424832, 29
2912, 0, 0, 30, 30, 1, 45.31%, 0, 0, 2, 178.65, 425726, 29
2917, 0, 0, 30, 30, 1, 45.31%, 0, 0, 2, 171.85, 426593, 29
2922, 0, 0, 30, 30, 1, 45.31%, 0, 0, 2, 185.01, 427517, 29
2927, 0, 0, 30, 30, 1, 45.31%, 0, 0, 2, 169.31, 428342, 29
2932, 0, 0, 30, 30, 1, 45.31%, 0, 0, 2, 167.35, 429203, 29
2937, 0, 0, 30, 30, 1, 45.31%, 0, 0, 2, 171.62, 430079, 29
2942, 0, 0, 30, 30, 1, 45.31%, 0, 0, 2, 172.70, 430991, 29
2947, 0, 0, 30, 30, 1, 45.31%, 0, 0, 2, 175.39, 431873, 29
2953, 0, 0, 30, 30, 1, 45.31%, 0, 0, 2, 176.48, 432779, 29
2958, 0, 0, 30, 30, 1, 45.31%, 0, 0, 2, 174.44, 433646, 29
2963, 0, 0, 30, 30, 1, 45.31%, 0, 0, 2, 174.59, 434564, 29
2968, 0, 0, 30, 30, 1, 45.31%, 0, 0, 2, 183.34, 435506, 29
2973, 0, 0, 30, 30, 1, 45.31%, 0, 0, 2, 174.84, 436388, 29
2978, 0, 0, 30, 30, 1, 45.31%, 0, 0, 2, 178.45, 437282, 29
2983, 0, 0, 30, 30, 1, 45.31%, 0, 0, 2, 177.58, 438179, 29
2988, 0, 0, 30, 30, 1, 45.31%, 0, 0, 2, 171.76, 439037, 29
2993, 0, 0, 30, 30, 1, 45.31%, 0, 0, 2, 167.25, 439901, 29
2998, 0, 0, 30, 30, 1, 45.31%, 0, 0, 2, 176.48, 440783, 29
3003, 0, 0, 30, 30, 1, 45.31%, 0, 0, 2, 188.41, 441737, 29
3009, 0, 0, 30, 30, 1, 45.31%, 0, 0, 2, 181.01, 442679, 29
3014, 0, 0, 30, 30, 1, 45.31%, 0, 0, 2, 192.26, 443690, 29
3019, 0, 0, 30, 30, 1, 45.31%, 0, 0, 2, 189.29, 444626, 29
3024, 0, 0, 30, 30, 1, 45.31%, 0, 0, 2, 192.99, 445640, 29
3029, 0, 0, 30, 30, 1, 45.31%, 0, 0, 2, 187.76, 446576, 29
3034, 0, 0, 30, 30, 1, 45.31%, 0, 0, 2, 185.06, 447527, 29
3039, 0, 0, 30, 30, 1, 45.31%, 0, 0, 2, 177.03, 448403, 29
3044, 0, 0, 30, 30, 1, 45.31%, 0, 0, 2, 183.43, 449363, 29
3049, 0, 0, 30, 30, 1, 45.31%, 0, 0, 2, 190.23, 450344, 29
3054, 0, 0, 30, 30, 1, 45.31%, 0, 0, 2, 192.52, 451295, 29
3059, 0, 0, 30, 30, 1, 45.31%, 0, 0, 2, 182.77, 452186, 29
3064, 0, 0, 30, 30, 1, 45.31%, 0, 0, 2, 183.21, 453101, 29
3069, 0, 0, 30, 30, 1, 45.31%, 0, 0, 2, 183.16, 454007, 29
3074, 0, 0, 30, 30, 1, 45.31%, 0, 0, 2, 178.99, 454898, 29
3080, 0, 0, 30, 30, 1, 45.31%, 0, 0, 2, 178.08, 455816, 29
3085, 0, 0, 30, 30, 1, 45.31%, 0, 0, 2, 177.72, 456749, 29
3090, 0, 0, 30, 30, 1, 45.31%, 0, 0, 2, 182.54, 457682, 29
3095, 0, 0, 30, 30, 1, 45.31%, 0, 0, 2, 186.78, 458657, 29
3100, 0, 0, 30, 30, 1, 45.31%, 0, 0, 2, 175.65, 459536, 29
3105, 0, 0, 30, 30, 1, 45.31%, 0, 0, 2, 183.33, 460475, 29
3110, 0, 0, 30, 30, 1, 45.31%, 0, 0, 2, 182.01, 461360, 29
3115, 0, 0, 30, 30, 1, 45.31%, 0, 0, 2, 182.61, 462260, 29
3120, 0, 0, 30, 30, 1, 45.31%, 0, 0, 2, 180.60, 463157, 29
3126, 0, 0, 30, 30, 1, 45.31%, 0, 0, 2, 183.31, 464099, 29
3131, 0, 0, 30, 30, 1, 45.31%, 0, 0, 2, 186.10, 465050, 29
3136, 0, 0, 30, 30, 1, 45.31%, 0, 0, 2, 187.07, 466013, 29
3141, 0, 0, 30, 30, 1, 45.31%, 0, 0, 2, 185.55, 466934, 29
3146, 0, 0, 30, 30, 1, 45.31%, 0, 0, 2, 183.98, 467864, 29
3151, 0, 0, 30, 30, 1, 45.31%, 0, 0, 2, 180.33, 468767, 29
3156, 0, 0, 30, 30, 1, 45.31%, 0, 0, 2, 181.76, 469658, 29
3161, 0, 0, 30, 30, 1, 45.31%, 0, 0, 2, 181.65, 470624, 29
3166, 0, 0, 30, 30, 1, 45.31%, 0, 0, 2, 185.00, 471575, 29
3172, 0, 0, 30, 30, 1, 45.31%, 0, 0, 2, 192.04, 472571, 29
3177, 0, 0, 30, 30, 1, 45.31%, 0, 0, 2, 188.26, 473507, 29
3182, 0, 0, 30, 30, 1, 45.31%, 0, 0, 2, 183.11, 474440, 29
3187, 0, 0, 30, 30, 1, 45.31%, 0, 0, 2, 186.66, 475427, 29
3192, 0, 0, 30, 30, 1, 45.31%, 0, 0, 2, 179.18, 476345, 29
3197, 0, 0, 30, 30, 1, 45.31%, 0, 0, 2, 179.34, 477266, 29
3202, 0, 0, 30, 30, 1, 45.31%, 0, 0, 2, 180.56, 478169, 29
3207, 0, 0, 30, 30, 1, 45.31%, 0, 0, 2, 184.39, 479129, 29
3212, 0, 0, 30, 30, 1, 45.31%, 0, 0, 2, 188.93, 480107, 29
3218, 0, 0, 30, 30, 1, 45.31%, 0, 0, 2, 189.43, 481091, 29
3223, 0, 0, 30, 30, 1, 45.31%, 0, 0, 2, 188.55, 482063, 29
3228, 0, 0, 30, 30, 1, 45.31%, 0, 0, 2, 183.57, 482984, 29
3233, 0, 0, 30, 30, 1, 45.31%, 0, 0, 2, 182.97, 483911, 29
3238, 0, 0, 30, 30, 1, 45.31%, 0, 0, 2, 192.01, 484925, 29
3243, 0, 0, 30, 30, 1, 45.31%, 0, 0, 2, 178.21, 485816, 29
3248, 0, 0, 30, 30, 1, 45.31%, 0, 0, 2, 178.91, 486758, 29
3253, 0, 0, 30, 30, 1, 45.31%, 0, 0, 2, 179.32, 487664, 29
3259, 0, 0, 30, 30, 1, 45.31%, 0, 0, 2, 183.59, 488630, 29
3264, 0, 0, 30, 30, 1, 45.31%, 0, 0, 2, 187.13, 489554, 29
3269, 0, 0, 30, 30, 1, 45.31%, 0, 0, 2, 181.50, 490520, 29
3274, 0, 0, 30, 30, 1, 45.31%, 0, 0, 2, 180.11, 491435, 29
3279, 0, 0, 30, 30, 1, 45.31%, 0, 0, 2, 193.01, 492452, 29
3284, 0, 0, 30, 30, 1, 45.31%, 0, 0, 2, 122.08, 492998, 29
3289, 0, 0, 30, 30, 1, 45.31%, 0, 0, 2, 102.08, 493500, 29
3294, 0, 0, 30, 30, 1, 45.31%, 0, 0, 2, 103.60, 494023, 29
3300, 0, 0, 30, 30, 1, 45.31%, 0, 0, 2, 173.22, 495014, 29
3305, 0, 0, 30, 30, 1, 45.31%, 0, 0, 2, 190.59, 495974, 29
3310, 0, 0, 30, 30, 1, 45.31%, 0, 0, 2, 188.23, 496913, 29
3315, 0, 0, 30, 30, 1, 45.31%, 0, 0, 2, 187.63, 497903, 29
3320, 0, 0, 30, 30, 1, 45.31%, 0, 0, 2, 180.82, 498818, 29
3325, 0, 0, 30, 30, 1, 45.31%, 0, 0, 2, 190.05, 499802, 29
3330, 0, 0, 30, 30, 1, 45.31%, 0, 0, 2, 195.94, 500834, 29
3335, 0, 0, 30, 30, 1, 45.31%, 0, 0, 2, 190.34, 501788, 29
3340, 0, 0, 30, 30, 1, 45.31%, 0, 0, 2, 187.86, 502760, 29
3346, 0, 0, 30, 30, 1, 45.31%, 0, 0, 2, 183.68, 503723, 29
3351, 0, 0, 30, 30, 1, 45.31%, 0, 0, 2, 189.50, 504710, 29
3356, 0, 0, 30, 30, 1, 45.31%, 0, 0, 2, 192.39, 505727, 29
3361, 0, 0, 30, 30, 1, 45.31%, 0, 0, 2, 186.17, 506699, 29
3366, 0, 0, 30, 30, 1, 45.31%, 0, 0, 2, 187.76, 507662, 29
3372, 0, 0, 30, 30, 1, 45.31%, 0, 0, 2, 193.06, 508649, 29
3377, 0, 0, 30, 30, 1, 45.31%, 0, 0, 2, 188.73, 509627, 29
3382, 0, 0, 30, 30, 1, 45.31%, 0, 0, 2, 192.23, 510611, 29
3387, 0, 0, 30, 30, 1, 45.31%, 0, 0, 2, 190.06, 511607, 29
3392, 0, 0, 30, 30, 1, 45.31%, 0, 0, 2, 186.40, 512594, 29
3397, 0, 0, 30, 30, 1, 45.31%, 0, 0, 2, 182.73, 513542, 29
3403, 0, 0, 30, 30, 1, 45.31%, 0, 0, 2, 186.51, 514505, 29
3408, 0, 0, 30, 30, 1, 45.31%, 0, 0, 2, 188.65, 515465, 29
3413, 0, 0, 30, 30, 1, 45.31%, 0, 0, 2, 190.79, 516470, 29
3418, 0, 0, 30, 30, 1, 45.31%, 0, 0, 2, 183.60, 517406, 29
3423, 0, 0, 30, 30, 1, 45.31%, 0, 0, 2, 191.09, 518423, 29
3428, 0, 0, 30, 30, 1, 45.31%, 0, 0, 2, 188.68, 519374, 29
3433, 0, 0, 30, 30, 1, 45.31%, 0, 0, 2, 192.20, 520379, 29
3439, 0, 0, 30, 30, 1, 45.31%, 0, 0, 2, 187.89, 521333, 29
3444, 0, 0, 30, 30, 1, 45.31%, 0, 0, 2, 190.05, 522290, 29
3449, 0, 0, 30, 30, 1, 45.31%, 0, 0, 2, 188.78, 523223, 29
3454, 0, 0, 30, 30, 1, 45.31%, 0, 0, 2, 191.71, 524207, 29
3459, 0, 0, 30, 30, 1, 45.31%, 0, 0, 2, 195.34, 525218, 29
3464, 0, 0, 30, 30, 1, 45.31%, 0, 0, 2, 183.90, 526139, 29
3469, 0, 0, 30, 30, 1, 45.31%, 0, 0, 2, 181.85, 527072, 29
3474, 0, 0, 30, 30, 1, 45.31%, 0, 0, 2, 157.17, 527867, 29
3479, 0, 0, 30, 30, 1, 45.31%, 0, 0, 2, 143.12, 528568, 29
3484, 0, 0, 30, 30, 1, 45.31%, 0, 0, 2, 142.32, 529306, 29
3489, 0, 0, 30, 30, 1, 45.31%, 0, 0, 2, 168.41, 530198, 29
3495, 0, 0, 30, 30, 1, 45.31%, 0, 0, 2, 184.30, 531155, 29
3500, 0, 0, 30, 30, 1, 45.31%, 0, 0, 2, 181.48, 532100, 29
3505, 0, 0, 30, 30, 1, 45.31%, 0, 0, 2, 181.76, 533015, 29
3510, 0, 0, 30, 30, 1, 45.31%, 0, 0, 2, 186.83, 533972, 29
3515, 0, 0, 30, 30, 1, 45.31%, 0, 0, 2, 185.79, 534884, 29
3520, 0, 0, 30, 30, 1, 45.31%, 0, 0, 2, 185.29, 535853, 29
3525, 0, 0, 30, 30, 1, 45.31%, 0, 0, 2, 188.18, 536792, 29
3530, 0, 0, 30, 30, 1, 45.31%, 0, 0, 2, 189.91, 537770, 29
3535, 0, 0, 30, 30, 1, 45.31%, 0, 0, 2, 185.72, 538691, 29
3540, 0, 0, 30, 30, 1, 45.31%, 0, 0, 2, 180.01, 539591, 29
3546, 0, 0, 30, 30, 1, 45.31%, 0, 0, 2, 188.63, 540584, 29
3551, 0, 0, 30, 30, 1, 45.31%, 0, 0, 2, 180.63, 541481, 29
3556, 0, 0, 30, 30, 1, 45.31%, 0, 0, 2, 187.11, 542456, 29
3561, 0, 0, 30, 30, 1, 45.31%, 0, 0, 2, 186.26, 543425, 29
3566, 0, 0, 30, 30, 1, 45.31%, 0, 0, 2, 184.91, 544367, 29
3571, 0, 0, 30, 30, 1, 45.31%, 0, 0, 2, 183.73, 545282, 29
3576, 0, 0, 30, 30, 1, 45.31%, 0, 0, 2, 183.80, 546227, 29
3582, 0, 0, 30, 30, 1, 45.31%, 0, 0, 2, 188.31, 547211, 29
3587, 0, 0, 30, 30, 1, 45.31%, 0, 0, 2, 190.55, 548156, 29
3592, 0, 0, 30, 30, 1, 45.31%, 0, 0, 2, 179.74, 549032, 29
3597, 0, 0, 30, 30, 1, 45.31%, 0, 0, 2, 190.52, 549986, 29
3602, 0, 0, 30, 30, 1, 45.31%, 0, 0, 2, 188.51, 550916, 29
3607, 0, 0, 30, 30, 1, 45.31%, 0, 0, 2, 186.26, 551867, 29
3612, 0, 0, 30, 30, 1, 45.31%, 0, 0, 2, 176.44, 552782, 29
3617, 0, 0, 30, 30, 1, 45.31%, 0, 0, 2, 177.49, 553676, 29
3622, 0, 0, 30, 30, 1, 45.31%, 0, 0, 2, 184.43, 554654, 29
3627, 0, 0, 30, 30, 1, 45.31%, 0, 0, 2, 162.05, 555491, 29
3632, 0, 0, 30, 30, 1, 45.31%, 0, 0, 2, 143.15, 556184, 29
3637, 0, 0, 30, 30, 1, 45.31%, 0, 0, 2, 136.22, 556886, 29
3643, 0, 0, 30, 30, 1, 45.31%, 0, 0, 2, 171.67, 557792, 29
3648, 0, 0, 30, 30, 1, 45.31%, 0, 0, 2, 184.60, 558782, 29
3653, 0, 0, 30, 30, 1, 45.31%, 0, 0, 2, 184.08, 559694, 29
3658, 0, 0, 30, 30, 1, 45.31%, 0, 0, 2, 192.22, 560684, 29
3663, 0, 0, 30, 30, 1, 45.31%, 0, 0, 2, 187.58, 561659, 29
3668, 0, 0, 30, 30, 1, 45.31%, 0, 0, 2, 188.07, 562634, 29
3673, 0, 0, 30, 30, 1, 45.31%, 0, 0, 2, 183.53, 563543, 29
3679, 0, 0, 30, 30, 1, 45.31%, 0, 0, 2, 187.01, 564527, 29
3684, 0, 0, 30, 30, 1, 45.31%, 0, 0, 2, 188.42, 565511, 29
3689, 0, 0, 30, 30, 1, 45.31%, 0, 0, 2, 193.85, 566528, 29
3694, 0, 0, 30, 30, 1, 45.31%, 0, 0, 2, 192.90, 567536, 29
3699, 0, 0, 30, 30, 1, 45.31%, 0, 0, 2, 195.43, 568553, 29
3704, 0, 0, 30, 30, 1, 45.31%, 0, 0, 2, 190.40, 569498, 29
3710, 0, 0, 30, 30, 1, 45.31%, 0, 0, 2, 181.33, 570446, 29
3715, 0, 0, 30, 30, 1, 45.31%, 0, 0, 2, 188.27, 571421, 29
3720, 0, 0, 30, 30, 1, 45.31%, 0, 0, 2, 179.19, 572345, 29
3725, 0, 0, 30, 30, 1, 45.31%, 0, 0, 2, 182.52, 573305, 29
3730, 0, 0, 30, 30, 1, 45.31%, 0, 0, 2, 186.22, 574229, 29
3735, 0, 0, 30, 30, 1, 45.31%, 0, 0, 2, 193.21, 575240, 29
3740, 0, 0, 30, 30, 1, 45.31%, 0, 0, 2, 185.86, 576146, 29
3745, 0, 0, 30, 30, 1, 45.31%, 0, 0, 2, 188.36, 577070, 29
3751, 0, 0, 30, 30, 1, 45.31%, 0, 0, 2, 189.50, 578045, 29
3756, 0, 22, 37, 35, 7, 45.31%, 0, 0, 2, 187.33, 578986, 29
3761, 0, 26, 41, 36, 5, 45.31%, 0, 0, 3, 183.47, 579912, 29
3766, 0, 24, 43, 35, 3, 45.31%, 0, 0, 3, 191.58, 580915, 29
3771, 0, 13, 44, 33, 0, 45.31%, 0, 0, 3, 183.03, 581843, 29
3776, 0, 37, 45, 34, 0, 45.31%, 0, 0, 3, 180.54, 582732, 29
3781, 0, 13, 46, 35, 0, 45.31%, 0, 0, 4, 181.22, 583683, 29
3786, 0, 41, 48, 37, 0, 45.31%, 0, 0, 4, 177.98, 584599, 29
3792, 0, 13, 49, 38, 0, 45.31%, 0, 0, 4, 177.78, 585511, 29
3797, 0, 13, 49, 38, 0, 45.31%, 0, 0, 4, 188.93, 586500, 29
3802, 0, 13, 49, 38, 0, 45.31%, 0, 0, 4, 202.34, 587549, 29
3807, 0, 13, 50, 39, 0, 45.31%, 0, 0, 4, 184.91, 588451, 29
3812, 0, 37, 50, 39, 0, 45.31%, 0, 0, 4, 176.66, 589379, 29
3817, 0, 13, 50, 39, 0, 45.31%, 0, 0, 4, 174.73, 590247, 29
3822, 0, 30, 54, 41, 0, 45.31%, 0, 0, 4, 171.58, 591119, 29
3827, 0, 52, 54, 41, 0, 45.31%, 0, 0, 4, 183.90, 592091, 29
3833, 0, 52, 54, 41, 0, 45.31%, 0, 0, 4, 189.14, 593083, 29
3838, 0, 24, 54, 41, 0, 45.31%, 0, 0, 4, 186.01, 594053, 29
3843, 0, 52, 54, 41, 0, 45.31%, 0, 0, 4, 184.05, 595003, 29
3848, 0, 52, 54, 41, 0, 45.31%, 0, 0, 4, 169.34, 595867, 29
3853, 0, 52, 54, 41, 0, 45.31%, 0, 0, 4, 170.69, 596742, 29
3858, 0, 52, 54, 41, 0, 45.31%, 0, 0, 4, 177.75, 597646, 29
3863, 0, 24, 56, 43, 0, 45.31%, 0, 0, 4, 186.19, 598591, 29
3868, 0, 52, 56, 43, 0, 45.31%, 0, 0, 4, 180.07, 599535, 29
3874, 0, 24, 56, 43, 0, 45.31%, 0, 0, 4, 178.11, 600466, 29
3879, 0, 52, 56, 43, 0, 45.31%, 0, 0, 4, 186.55, 601429, 29
3884, 1, 30, 56, 43, 0, 45.31%, 0, 0, 4, 184.01, 602384, 29
3889, 1, 41, 57, 44, 0, 45.31%, 0, 0, 4, 182.13, 603331, 29
3894, 1, 41, 58, 44, 0, 45.31%, 0, 0, 5, 185.20, 604305, 29
3900, 1, 52, 58, 44, 0, 45.31%, 0, 0, 5, 185.42, 605280, 29
3905, 1, 52, 58, 44, 0, 45.31%, 0, 0, 5, 191.48, 606285, 29
3910, 1, 30, 59, 45, 0, 45.31%, 0, 0, 5, 197.16, 607305, 29
3915, 1, 5, 61, 46, 0, 45.31%, 0, 0, 5, 192.82, 608292, 29
3920, 1, 25, 66, 50, 0, 45.31%, 0, 0, 5, 194.50, 609294, 29
3925, 1, 52, 66, 50, 0, 45.31%, 0, 0, 5, 189.74, 610276, 29
3931, 1, 66, 67, 50, 0, 45.31%, 0, 0, 5, 194.12, 611289, 29
3936, 1, 24, 69, 51, 0, 45.31%, 0, 0, 5, 186.43, 612210, 29
3941, 1, 52, 69, 51, 0, 45.31%, 0, 0, 5, 186.37, 613176, 29
3946, 1, 52, 69, 51, 0, 45.31%, 0, 0, 5, 177.27, 614070, 29
3951, 1, 18, 69, 50, 0, 45.31%, 0, 0, 5, 168.63, 614948, 29
3956, 1, 30, 69, 50, 0, 45.31%, 0, 0, 5, 189.10, 615932, 29
3961, 1, 52, 69, 50, 0, 45.31%, 0, 0, 5, 181.96, 616862, 29
3967, 1, 52, 69, 50, 0, 45.31%, 0, 0, 5, 184.79, 617815, 29
3972, 1, 18, 69, 50, 0, 45.31%, 0, 0, 5, 189.91, 618800, 29
3977, 1, 30, 70, 51, 0, 45.31%, 0, 0, 5, 193.82, 619766, 29
3982, 1, 30, 70, 51, 0, 45.31%, 0, 0, 5, 189.06, 620701, 29
3987, 1, 25, 70, 51, 0, 45.31%, 0, 0, 5, 184.61, 621644, 29
3992, 1, 52, 70, 51, 0, 45.31%, 0, 0, 5, 188.08, 622626, 29
3997, 1, 52, 70, 51, 0, 45.31%, 0, 0, 5, 183.30, 623576, 29
4002, 1, 52, 70, 51, 0, 45.31%, 0, 0, 5, 187.95, 624562, 29
4008, 2, 28, 70, 50, 0, 45.31%, 0, 0, 5, 187.38, 625520, 29
4013, 2, 70, 71, 50, 0, 45.31%, 0, 0, 5, 185.99, 626450, 29
4018, 2, 18, 72, 50, 0, 45.31%, 0, 0, 5, 180.91, 627400, 29
4023, 2, 37, 72, 49, 0, 45.31%, 0, 0, 5, 188.35, 628372, 29
4028, 2, 44, 72, 49, 0, 45.31%, 0, 0, 5, 183.16, 629297, 29
4033, 2, 63, 72, 48, 0, 45.31%, 0, 0, 5, 187.82, 630263, 29
4038, 2, 52, 74, 49, 0, 45.31%, 0, 0, 5, 185.96, 631220, 29
4044, 2, 24, 75, 50, 0, 45.31%, 0, 0, 5, 191.30, 632206, 29
4049, 2, 52, 75, 49, 0, 45.31%, 0, 0, 5, 185.74, 633165, 29
4054, 2, 41, 76, 49, 0, 45.31%, 0, 0, 5, 181.52, 634086, 29
4059, 2, 52, 77, 49, 0, 45.31%, 0, 0, 5, 186.59, 635071, 29
4064, 2, 53, 78, 50, 0, 45.31%, 0, 0, 5, 188.67, 636038, 29
4069, 2, 59, 78, 50, 0, 45.31%, 0, 0, 5, 185.76, 637010, 29
4075, 2, 55, 78, 49, 0, 45.31%, 0, 0, 5, 177.28, 637916, 29
4080, 2, 52, 78, 47, 0, 45.31%, 0, 0, 5, 185.04, 638868, 29
4085, 2, 52, 79, 48, 0, 45.31%, 0, 0, 5, 182.79, 639804, 29
4090, 2, 52, 79, 48, 0, 45.31%, 0, 0, 5, 189.46, 640781, 29
4095, 2, 52, 80, 49, 0, 45.31%, 0, 0, 5, 187.88, 641764, 29
4100, 2, 52, 80, 48, 0, 45.31%, 0, 0, 5, 190.05, 642726, 29
4106, 2, 53, 80, 48, 0, 45.31%, 0, 0, 5, 179.07, 643654, 29
4111, 2, 52, 80, 48, 0, 45.31%, 0, 0, 5, 179.87, 644606, 29
4116, 2, 52, 81, 49, 0, 45.31%, 0, 0, 5, 187.73, 645570, 29
4121, 2, 10, 81, 49, 0, 45.31%, 0, 0, 5, 189.80, 646548, 29
4126, 2, 52, 81, 47, 0, 45.31%, 0, 0, 5, 194.65, 647540, 29
4131, 2, 38, 81, 47, 0, 45.31%, 0, 0, 5, 189.68, 648493, 29
4137, 2, 41, 81, 47, 0, 45.31%, 0, 0, 5, 192.57, 649482, 29
4142, 3, 53, 81, 47, 0, 45.31%, 0, 0, 5, 183.08, 650423, 29
4147, 3, 52, 82, 48, 0, 45.31%, 0, 0, 5, 181.47, 651324, 29
4152, 3, 24, 82, 48, 0, 45.31%, 0, 0, 5, 190.98, 652316, 29
4157, 3, 80, 82, 48, 0, 45.31%, 0, 0, 5, 187.35, 653286, 29
4162, 3, 18, 82, 47, 0, 45.31%, 0, 0, 5, 185.92, 654268, 29
4167, 3, 41, 83, 48, 0, 45.31%, 0, 0, 5, 188.33, 655223, 29
4173, 3, 18, 83, 48, 0, 45.31%, 0, 0, 5, 183.17, 656156, 29
4178, 3, 76, 83, 48, 0, 45.31%, 0, 0, 5, 178.65, 657103, 29
4183, 3, 47, 83, 47, 0, 45.31%, 0, 0, 5, 180.75, 658026, 29
4188, 3, 53, 83, 46, 0, 45.31%, 0, 0, 5, 183.11, 658973, 29
4193, 3, 52, 83, 46, 0, 45.31%, 0, 0, 5, 184.66, 659923, 29
4198, 3, 53, 83, 45, 0, 45.31%, 0, 0, 5, 185.21, 660889, 29
4203, 3, 52, 84, 46, 0, 45.31%, 0, 0, 5, 182.66, 661800, 29
4209, 3, 68, 84, 45, 0, 45.31%, 0, 0, 5, 189.44, 662790, 29
4214, 3, 32, 84, 44, 0, 45.31%, 0, 0, 5, 188.04, 663749, 29
4219, 3, 24, 84, 42, 0, 45.31%, 0, 0, 5, 188.22, 664728, 29
4224, 3, 52, 84, 42, 0, 45.31%, 0, 0, 5, 187.86, 665705, 29
4229, 3, 52, 84, 42, 0, 45.31%, 0, 0, 5, 189.66, 666677, 29
4234, 3, 67, 84, 42, 0, 45.31%, 0, 0, 5, 190.21, 667662, 29
4240, 3, 18, 85, 42, 0, 45.31%, 0, 0, 5, 188.82, 668641, 29
4245, 3, 41, 85, 42, 0, 45.31%, 0, 0, 5, 181.21, 669532, 29
4250, 3, 24, 85, 42, 0, 45.31%, 0, 0, 5, 191.01, 670519, 29
4255, 3, 79, 86, 43, 0, 45.31%, 0, 0, 5, 187.39, 671494, 29
4260, 3, 83, 86, 42, 0, 45.31%, 0, 0, 5, 180.16, 672436, 29
4265, 3, 83, 86, 42, 0, 45.31%, 0, 0, 5, 174.81, 673303, 29
4270, 3, 83, 86, 42, 0, 45.31%, 0, 0, 5, 177.70, 674223, 29
4275, 3, 24, 86, 41, 0, 45.31%, 0, 0, 5, 183.42, 675141, 29
4281, 3, 41, 86, 40, 0, 45.31%, 0, 0, 5, 181.13, 676090, 29
4286, 4, 48, 86, 40, 0, 45.31%, 0, 0, 5, 168.97, 676942, 29
4291, 4, 53, 86, 40, 0, 45.31%, 0, 0, 5, 176.64, 677830, 29
4296, 4, 52, 86, 40, 0, 45.31%, 0, 0, 5, 188.93, 678823, 29
4301, 4, 18, 86, 40, 0, 45.31%, 0, 0, 5, 190.43, 679795, 29
4306, 4, 52, 86, 40, 0, 45.31%, 0, 0, 5, 189.36, 680760, 29
4311, 4, 41, 86, 40, 0, 45.31%, 0, 0, 5, 188.40, 681739, 29
4317, 4, 24, 87, 41, 0, 45.31%, 0, 0, 5, 190.41, 682735, 29
4322, 4, 52, 87, 41, 0, 45.31%, 0, 0, 5, 191.80, 683723, 29
4327, 4, 18, 87, 41, 0, 45.31%, 0, 0, 5, 184.82, 684668, 29
4332, 4, 38, 87, 41, 0, 45.31%, 0, 0, 5, 190.55, 685660, 29
4337, 4, 53, 87, 41, 0, 45.31%, 0, 0, 5, 187.89, 686630, 29
4342, 4, 41, 87, 41, 0, 45.31%, 0, 0, 5, 189.17, 687614, 29
4348, 4, 52, 87, 41, 0, 45.31%, 0, 0, 5, 189.15, 688604, 29
4353, 4, 52, 89, 43, 0, 45.31%, 0, 0, 5, 180.45, 689488, 29
4358, 4, 52, 89, 43, 0, 45.31%, 0, 0, 5, 185.75, 690469, 29
4363, 4, 24, 90, 44, 0, 45.31%, 0, 0, 5, 184.83, 691427, 29
4368, 4, 86, 90, 44, 0, 45.31%, 0, 0, 5, 184.98, 692372, 29
4373, 4, 86, 90, 44, 0, 45.31%, 0, 0, 5, 171.16, 693227, 29
4378, 4, 53, 91, 44, 0, 45.31%, 0, 0, 5, 171.75, 694097, 29
4383, 4, 24, 91, 44, 0, 45.31%, 0, 0, 5, 180.07, 695002, 29
4388, 4, 52, 91, 44, 0, 45.31%, 0, 0, 5, 176.98, 695918, 29
4394, 4, 52, 93, 46, 0, 45.31%, 0, 0, 5, 181.50, 696829, 29
4399, 4, 74, 93, 46, 0, 45.31%, 0, 0, 5, 191.96, 697805, 29
4404, 4, 33, 93, 45, 0, 45.31%, 0, 0, 5, 189.57, 698787, 29
4409, 4, 52, 93, 44, 0, 45.31%, 0, 0, 5, 183.59, 699722, 29
4414, 4, 52, 93, 44, 0, 45.31%, 0, 0, 5, 186.30, 700695, 29
4419, 5, 48, 93, 44, 0, 45.31%, 0, 0, 5, 187.65, 701637, 29
4424, 5, 24, 94, 45, 0, 45.31%, 0, 0, 5, 187.59, 702621, 29
4429, 5, 52, 94, 45, 0, 45.31%, 0, 0, 5, 218.69, 703791, 29
4434, 5, 52, 94, 45, 0, 45.31%, 0, 0, 5, 198.27, 704807, 29
4439, 5, 52, 94, 45, 0, 45.31%, 0, 0, 5, 174.34, 705652, 29
4444, 5, 41, 94, 45, 0, 45.31%, 0, 0, 5, 169.81, 706501, 29
4450, 5, 93, 94, 45, 0, 45.31%, 0, 0, 5, 209.58, 707586, 29
4455, 5, 93, 94, 45, 0, 45.31%, 0, 0, 5, 223.44, 708749, 29
4460, 5, 52, 94, 43, 0, 45.31%, 0, 0, 5, 227.25, 709926, 29
4465, 5, 38, 94, 43, 0, 45.31%, 0, 0, 5, 224.07, 711070, 29
4470, 5, 65, 95, 43, 0, 45.31%, 0, 0, 5, 213.29, 712146, 29
4475, 5, 27, 95, 41, 0, 45.31%, 0, 0, 5, 226.77, 713333, 29
4480, 5, 52, 95, 41, 0, 45.31%, 0, 0, 5, 220.04, 714430, 29
4485, 5, 52, 95, 41, 0, 45.31%, 0, 0, 5, 217.19, 715560, 29
4491, 5, 24, 96, 41, 0, 45.31%, 0, 0, 5, 220.36, 716718, 29
4496, 5, 24, 96, 41, 0, 45.31%, 0, 0, 5, 219.51, 717849, 29
4501, 5, 52, 96, 41, 0, 45.31%, 0, 0, 5, 223.94, 719007, 29
4506, 5, 58, 96, 41, 0, 45.31%, 0, 0, 5, 224.75, 720139, 29
4511, 5, 92, 96, 40, 0, 45.31%, 0, 0, 5, 219.50, 721241, 29
4516, 5, 92, 96, 40, 0, 45.31%, 0, 0, 5, 215.31, 722309, 29
4521, 5, 52, 97, 40, 0, 45.31%, 0, 0, 5, 223.37, 723433, 29
4526, 5, 52, 98, 41, 0, 45.31%, 0, 0, 5, 229.05, 724577, 29
4531, 5, 2, 98, 41, 0, 45.31%, 0, 0, 5, 227.38, 725728, 29
4536, 5, 30, 98, 40, 0, 45.31%, 0, 0, 5, 226.09, 726852, 29
4541, 5, 61, 98, 40, 0, 45.31%, 0, 0, 5, 221.91, 727959, 29
4547, 5, 27, 98, 39, 0, 45.31%, 0, 0, 5, 216.93, 729083, 29
4552, 5, 27, 98, 39, 0, 45.31%, 0, 0, 5, 212.99, 730173, 29
4557, 6, 48, 98, 39, 0, 45.31%, 0, 0, 5, 216.97, 731251, 29
4562, 6, 27, 98, 39, 0, 45.31%, 0, 0, 5, 218.15, 732351, 29
4567, 6, 52, 98, 38, 0, 45.31%, 0, 0, 5, 221.55, 733491, 29
4572, 6, 52, 98, 38, 0, 45.31%, 0, 0, 5, 227.01, 734644, 29
4577, 6, 53, 98, 38, 0, 45.31%, 0, 0, 5, 228.76, 735849, 29
4582, 6, 52, 98, 38, 0, 45.31%, 0, 0, 5, 224.51, 736969, 29
4587, 6, 81, 98, 38, 0, 45.31%, 0, 0, 5, 214.52, 738044, 29
4592, 6, 81, 98, 38, 0, 45.31%, 0, 0, 5, 195.30, 739011, 29
4597, 6, 30, 98, 37, 0, 45.31%, 0, 0, 5, 205.04, 740050, 29
4603, 6, 52, 98, 36, 0, 45.31%, 0, 0, 5, 218.15, 741201, 29
4608, 6, 38, 98, 36, 0, 45.31%, 0, 0, 5, 216.40, 742346, 29
4613, 6, 52, 98, 36, 0, 45.31%, 0, 0, 5, 212.57, 743447, 29
4618, 6, 53, 98, 36, 0, 45.31%, 0, 0, 5, 221.64, 744595, 29
4623, 6, 30, 98, 36, 0, 45.31%, 0, 0, 5, 219.89, 745696, 29
4628, 6, 48, 98, 36, 0, 45.31%, 0, 0, 5, 229.16, 746849, 29
4633, 6, 30, 98, 36, 0, 45.31%, 0, 0, 5, 225.63, 747966, 29
4638, 6, 52, 98, 36, 0, 45.31%, 0, 0, 5, 223.42, 749131, 29
4643, 6, 48, 98, 36, 0, 45.31%, 0, 0, 5, 220.80, 750263, 29
4649, 6, 52, 98, 36, 0, 45.31%, 0, 0, 5, 225.74, 751424, 29
4654, 6, 52, 98, 36, 0, 45.31%, 0, 0, 5, 234.54, 752637, 29
4659, 6, 52, 98, 36, 0, 45.31%, 0, 0, 5, 225.56, 753773, 29
4664, 6, 59, 98, 36, 0, 45.31%, 0, 0, 5, 220.20, 754886, 29
4669, 6, 52, 98, 36, 0, 45.31%, 0, 0, 5, 219.47, 756035, 29
4674, 7, 27, 98, 36, 0, 45.31%, 0, 0, 5, 221.01, 757183, 29
4679, 7, 52, 98, 36, 0, 45.31%, 0, 0, 5, 224.97, 758295, 29
4684, 7, 27, 98, 36, 0, 45.31%, 0, 0, 5, 222.72, 759400, 29
4689, 7, 41, 98, 36, 0, 45.31%, 0, 0, 5, 222.75, 760549, 29
4695, 7, 71, 98, 36, 0, 45.31%, 0, 0, 5, 221.76, 761685, 29
4700, 7, 52, 98, 36, 0, 45.31%, 0, 0, 5, 218.01, 762778, 29
4705, 7, 38, 98, 36, 0, 45.31%, 0, 0, 5, 224.57, 763886, 29
4710, 7, 96, 99, 37, 0, 45.31%, 0, 0, 5, 179.93, 764796, 29
4715, 7, 96, 99, 37, 0, 45.31%, 0, 0, 5, 180.10, 765645, 29
4720, 7, 52, 99, 36, 0, 45.31%, 0, 0, 5, 210.41, 766763, 29
4725, 7, 30, 99, 36, 0, 45.31%, 0, 0, 5, 224.05, 767912, 29
4730, 7, 52, 99, 36, 0, 45.31%, 0, 0, 5, 222.69, 769073, 29
4735, 7, 94, 99, 36, 0, 45.31%, 0, 0, 5, 211.81, 770135, 29
4740, 7, 94, 99, 36, 0, 45.31%, 0, 0, 5, 202.04, 771147, 29
4745, 7, 45, 99, 35, 0, 45.31%, 0, 0, 5, 214.19, 772240, 29
4751, 7, 52, 99, 33, 0, 45.31%, 0, 0, 5, 214.93, 773363, 29
4756, 7, 77, 99, 33, 0, 45.31%, 0, 0, 5, 220.82, 774527, 29
4761, 7, 52, 99, 32, 0, 45.31%, 0, 0, 5, 225.20, 775674, 29
4766, 7, 53, 99, 32, 0, 45.31%, 0, 0, 5, 229.12, 776862, 29
4771, 7, 41, 99, 32, 0, 45.31%, 0, 0, 5, 229.22, 778028, 29
4776, 7, 53, 99, 31, 0, 45.31%, 0, 0, 5, 219.85, 779170, 29
4782, 7, 52, 99, 31, 0, 45.31%, 0, 0, 5, 226.38, 780339, 29
4787, 7, 52, 99, 31, 0, 45.31%, 0, 0, 5, 221.32, 781440, 29
4792, 7, 30, 99, 31, 0, 45.31%, 0, 0, 5, 218.48, 782536, 29
4797, 7, 38, 99, 31, 0, 45.31%, 0, 0, 5, 223.54, 783644, 29
4802, 8, 38, 99, 31, 0, 45.31%, 0, 0, 5, 217.89, 784742, 29
4807, 8, 24, 99, 31, 0, 45.31%, 0, 0, 5, 217.83, 785830, 29
4812, 8, 24, 99, 31, 0, 45.31%, 0, 0, 5, 215.66, 786918, 29
4817, 8, 97, 99, 31, 0, 45.31%, 0, 0, 5, 181.72, 787844, 29
4822, 8, 27, 99, 30, 0, 45.31%, 0, 0, 5, 189.25, 788780, 29
4827, 8, 24, 99, 30, 0, 45.31%, 0, 0, 5, 216.57, 789908, 29
4832, 8, 52, 99, 30, 0, 45.31%, 0, 0, 5, 216.93, 790996, 29
4837, 8, 24, 99, 29, 0, 45.31%, 0, 0, 5, 217.05, 792149, 29
4842, 8, 41, 99, 29, 0, 45.31%, 0, 0, 5, 222.98, 793281, 29
4848, 8, 14, 99, 29, 0, 45.31%, 0, 0, 5, 213.98, 794372, 29
4853, 8, 52, 99, 28, 0, 45.31%, 0, 0, 5, 213.80, 795508, 29
4858, 8, 52, 99, 28, 0, 45.31%, 0, 0, 5, 219.99, 796669, 29
4863, 8, 30, 99, 28, 0, 45.31%, 0, 0, 5, 225.98, 797846, 29
4868, 8, 52, 99, 28, 0, 45.31%, 0, 0, 5, 220.60, 798946, 29
4873, 8, 24, 99, 28, 0, 45.31%, 0, 0, 5, 208.14, 799991, 29
4878, 8, 53, 99, 28, 0, 45.31%, 0, 0, 5, 218.22, 801115, 29
4883, 8, 41, 99, 28, 0, 45.31%, 0, 0, 5, 199.62, 802103, 29
4888, 8, 73, 99, 28, 0, 45.31%, 0, 0, 5, 193.86, 803072, 29
4893, 8, 34, 99, 27, 0, 45.31%, 0, 0, 5, 214.75, 804187, 29
4898, 8, 53, 99, 26, 0, 45.31%, 0, 0, 5, 216.15, 805271, 29
4904, 8, 98, 99, 26, 0, 45.31%, 0, 0, 5, 224.16, 806456, 29
4909, 8, 98, 99, 26, 0, 45.31%, 0, 0, 5, 212.41, 807560, 29
4914, 8, 52, 99, 25, 0, 45.31%, 0, 0, 5, 210.40, 808615, 29
4919, 8, 52, 99, 25, 0, 45.31%, 0, 0, 5, 217.62, 809760, 29
4924, 8, 52, 99, 25, 0, 45.31%, 0, 0, 5, 216.35, 810893, 29
4929, 8, 90, 99, 25, 0, 45.31%, 0, 0, 5, 213.25, 811970, 29
4934, 8, 90, 99, 25, 0, 45.31%, 0, 0, 5, 208.00, 813001, 29
4939, 9, 52, 99, 24, 0, 45.31%, 0, 0, 5, 214.50, 814085, 29
4944, 9, 27, 99, 24, 0, 45.31%, 0, 0, 5, 217.48, 815189, 29
4949, 9, 16, 99, 23, 0, 45.31%, 0, 0, 5, 150.73, 815937, 29
4954, 9, 24, 99, 22, 0, 45.31%, 0, 0, 5, 120.66, 816502, 29
4959, 9, 52, 99, 22, 0, 45.31%, 0, 0, 5, 114.04, 817064, 29
4964, 9, 24, 99, 22, 0, 45.31%, 0, 0, 5, 147.91, 817783, 29
4970, 9, 30, 99, 22, 0, 45.31%, 0, 0, 5, 204.34, 818860, 29
4975, 9, 41, 99, 22, 0, 45.31%, 0, 0, 5, 208.64, 819959, 29
4980, 9, 48, 99, 22, 0, 45.31%, 0, 0, 5, 206.17, 820985, 29
4985, 9, 52, 99, 22, 0, 45.31%, 0, 0, 5, 210.12, 822044, 29
4990, 9, 24, 99, 22, 0, 45.31%, 0, 0, 5, 221.90, 823190, 29
4995, 9, 53, 99, 22, 0, 45.31%, 0, 0, 5, 228.73, 824347, 29
5000, 9, 38, 99, 22, 0, 45.31%, 0, 0, 5, 225.48, 825508, 29
5005, 9, 52, 99, 22, 0, 45.31%, 0, 0, 5, 220.21, 826648, 29
5011, 9, 52, 99, 22, 0, 45.31%, 0, 0, 5, 211.16, 827749, 29
5016, 9, 52, 99, 21, 0, 45.31%, 0, 0, 5, 215.72, 828881, 29
5021, 9, 17, 99, 21, 0, 45.31%, 0, 0, 5, 215.98, 830009, 29
5026, 9, 52, 99, 20, 0, 45.31%, 0, 0, 5, 220.35, 831151, 29
5031, 9, 24, 99, 20, 0, 45.31%, 0, 0, 5, 222.13, 832295, 29
5036, 9, 41, 99, 20, 0, 45.31%, 0, 0, 5, 214.25, 833368, 29
5042, 9, 53, 99, 20, 0, 45.31%, 0, 0, 5, 211.92, 834461, 29
5047, 9, 52, 99, 20, 0, 45.31%, 0, 0, 5, 219.22, 835602, 29
5052, 9, 52, 99, 20, 0, 45.31%, 0, 0, 5, 220.04, 836714, 29
5057, 9, 27, 99, 20, 0, 45.31%, 0, 0, 5, 223.26, 837827, 29
5062, 10, 52, 99, 20, 0, 45.31%, 0, 0, 5, 211.93, 838871, 29
5067, 10, 52, 99, 20, 0, 45.31%, 0, 0, 5, 218.60, 840008, 29
5072, 10, 95, 99, 20, 0, 45.31%, 0, 0, 5, 187.29, 840966, 29
5077, 10, 52, 99, 19, 0, 45.31%, 0, 0, 5, 201.26, 841975, 29
5082, 10, 30, 99, 19, 0, 45.31%, 0, 0, 5, 221.96, 843152, 29
5088, 10, 41, 99, 19, 0, 45.31%, 0, 0, 5, 222.10, 844313, 29
5093, 10, 30, 99, 19, 0, 45.31%, 0, 0, 5, 211.06, 845361, 29
5098, 10, 48, 99, 19, 0, 45.31%, 0, 0, 5, 214.32, 846469, 29
5103, 10, 53, 99, 19, 0, 45.31%, 0, 0, 5, 220.10, 847574, 29
5108, 10, 41, 99, 19, 0, 45.31%, 0, 0, 5, 222.32, 848686, 29
5113, 10, 52, 99, 19, 0, 45.31%, 0, 0, 5, 216.68, 849751, 29
5118, 10, 27, 99, 19, 0, 45.31%, 0, 0, 5, 206.51, 850791, 29
5123, 10, 56, 99, 19, 0, 45.31%, 0, 0, 5, 212.62, 851867, 29
5128, 10, 38, 99, 18, 0, 45.31%, 0, 0, 5, 222.02, 853021, 29
5133, 10, 41, 99, 18, 0, 45.31%, 0, 0, 5, 223.39, 854174, 29
5139, 10, 27, 99, 18, 0, 45.31%, 0, 0, 5, 213.37, 855278, 29
5144, 10, 53, 99, 18, 0, 45.31%, 0, 0, 5, 219.78, 856435, 29
5149, 10, 48, 99, 18, 0, 45.31%, 0, 0, 5, 225.90, 857567, 29
5154, 10, 40, 99, 18, 0, 45.31%, 0, 0, 5, 221.90, 858681, 29
5159, 10, 38, 99, 17, 0, 45.31%, 0, 0, 5, 222.00, 859798, 29
5164, 10, 48, 99, 16, 0, 45.31%, 0, 0, 5, 209.10, 860866, 29
5169, 10, 84, 99, 16, 0, 45.31%, 0, 0, 5, 183.50, 861755, 29
5174, 10, 52, 99, 15, 0, 45.31%, 0, 0, 5, 198.52, 862758, 29
5179, 10, 30, 99, 15, 0, 45.31%, 0, 0, 5, 215.10, 863852, 29
5184, 10, 53, 99, 15, 0, 45.31%, 0, 0, 5, 218.55, 864953, 29
5189, 11, 52, 99, 15, 0, 45.31%, 0, 0, 5, 215.90, 866029, 29
5194, 11, 53, 99, 15, 0, 45.31%, 0, 0, 5, 219.18, 867169, 29
5199, 11, 38, 99, 15, 0, 45.31%, 0, 0, 5, 207.11, 868244, 29
5205, 11, 52, 99, 15, 0, 45.31%, 0, 0, 5, 194.09, 869220, 29
5210, 11, 53, 99, 15, 0, 45.31%, 0, 0, 5, 210.11, 870298, 29
5215, 11, 52, 99, 14, 0, 45.31%, 0, 0, 5, 210.51, 871367, 29
5220, 11, 53, 99, 14, 0, 45.31%, 0, 0, 5, 214.27, 872443, 29
5225, 11, 52, 99, 14, 0, 45.31%, 0, 0, 5, 217.93, 873547, 29
5230, 11, 38, 99, 14, 0, 45.31%, 0, 0, 5, 217.33, 874624, 29
5235, 11, 48, 99, 14, 0, 45.31%, 0, 0, 5, 215.66, 875720, 29
5240, 11, 27, 99, 14, 0, 45.31%, 0, 0, 5, 217.57, 876845, 29
5245, 11, 38, 99, 14, 0, 45.31%, 0, 0, 5, 209.92, 877910, 29
5250, 11, 41, 99, 14, 0, 45.31%, 0, 0, 5, 221.88, 879059, 29
5255, 11, 52, 99, 13, 0, 45.31%, 0, 0, 5, 212.55, 880101, 29
5261, 11, 30, 99, 13, 0, 45.31%, 0, 0, 5, 217.75, 881238, 29
5266, 11, 30, 99, 13, 0, 45.31%, 0, 0, 5, 215.67, 882355, 29
5271, 11, 52, 99, 13, 0, 45.31%, 0, 0, 5, 213.87, 883419, 29
5276, 11, 52, 99, 13, 0, 45.31%, 0, 0, 5, 215.41, 884536, 29
5281, 11, 53, 99, 13, 0, 45.31%, 0, 0, 5, 214.10, 885606, 29
5286, 11, 30, 99, 13, 0, 45.31%, 0, 0, 5, 224.24, 886730, 29
5291, 11, 53, 99, 13, 0, 45.31%, 0, 0, 5, 229.76, 887919, 29
5296, 11, 53, 99, 13, 0, 45.31%, 0, 0, 5, 220.66, 889056, 29
5301, 11, 89, 99, 13, 0, 45.31%, 0, 0, 5, 218.97, 890152, 29
5307, 12, 38, 99, 12, 0, 45.31%, 0, 0, 5, 224.33, 891300, 29
5312, 12, 52, 99, 12, 0, 45.31%, 0, 0, 5, 221.16, 892376, 29
5317, 12, 52, 99, 12, 0, 45.31%, 0, 0, 5, 226.40, 893505, 29
5322, 12, 52, 99, 12, 0, 45.31%, 0, 0, 5, 211.94, 894561, 29
5327, 12, 53, 99, 12, 0, 45.31%, 0, 0, 5, 217.81, 895698, 29
5332, 12, 52, 99, 12, 0, 45.31%, 0, 0, 5, 210.06, 896794, 29
5337, 12, 53, 99, 12, 0, 45.31%, 0, 0, 5, 216.52, 897904, 29
5342, 12, 30, 99, 12, 0, 45.31%, 0, 0, 5, 224.28, 899036, 29
5347, 12, 38, 99, 12, 0, 45.31%, 0, 0, 5, 213.92, 900124, 29
5352, 12, 52, 99, 12, 0, 45.31%, 0, 0, 5, 210.26, 901181, 29
5357, 12, 52, 99, 12, 0, 45.31%, 0, 0, 5, 225.68, 902374, 29
5363, 12, 48, 99, 12, 0, 45.31%, 0, 0, 5, 214.91, 903427, 29
5368, 12, 30, 99, 12, 0, 45.31%, 0, 0, 5, 211.84, 904511, 29
5373, 12, 53, 99, 12, 0, 45.31%, 0, 0, 5, 219.29, 905664, 29
5378, 12, 53, 99, 12, 0, 45.31%, 0, 0, 5, 219.47, 906784, 29
5383, 12, 52, 99, 12, 0, 45.31%, 0, 0, 5, 218.52, 907914, 29
5388, 12, 52, 99, 12, 0, 45.31%, 0, 0, 5, 215.75, 909034, 29
5393, 12, 48, 99, 12, 0, 45.31%, 0, 0, 5, 219.86, 910135, 29
5398, 12, 40, 99, 12, 0, 45.31%, 0, 0, 5, 211.19, 911196, 29
5403, 12, 41, 99, 12, 0, 45.31%, 0, 0, 5, 210.70, 912264, 29
5409, 12, 52, 99, 12, 0, 45.31%, 0, 0, 5, 219.42, 913401, 29
5414, 12, 38, 99, 12, 0, 45.31%, 0, 0, 5, 209.39, 914445, 29
5419, 13, 52, 99, 12, 0, 45.31%, 0, 0, 5, 217.78, 915586, 29
5424, 13, 48, 99, 12, 0, 45.31%, 0, 0, 5, 218.46, 916687, 29
5429, 13, 52, 99, 12, 0, 45.31%, 0, 0, 5, 221.91, 917827, 29
5434, 13, 48, 99, 12, 0, 45.31%, 0, 0, 5, 213.47, 918892, 29
5439, 13, 52, 99, 12, 0, 45.31%, 0, 0, 5, 219.86, 920037, 29
5444, 13, 27, 99, 12, 0, 45.31%, 0, 0, 5, 223.97, 921169, 29
5449, 13, 52, 99, 12, 0, 45.31%, 0, 0, 5, 219.45, 922266, 29
5454, 13, 48, 99, 12, 0, 45.31%, 0, 0, 5, 212.17, 923343, 29
5459, 13, 53, 99, 12, 0, 45.31%, 0, 0, 5, 198.16, 924332, 29
5465, 13, 38, 99, 12, 0, 45.31%, 0, 0, 5, 215.29, 925440, 29
5470, 13, 27, 99, 12, 0, 45.31%, 0, 0, 5, 216.73, 926524, 29
5475, 13, 52, 99, 12, 0, 45.31%, 0, 0, 5, 224.49, 927682, 29
5480, 13, 52, 99, 12, 0, 45.31%, 0, 0, 5, 219.75, 928767, 29
5485, 13, 52, 99, 12, 0, 45.31%, 0, 0, 5, 220.78, 929908, 29
5490, 13, 52, 99, 12, 0, 45.31%, 0, 0, 5, 218.02, 931000, 29
5495, 13, 85, 99, 12, 0, 45.31%, 0, 0, 5, 217.10, 932103, 29
5500, 13, 52, 99, 11, 0, 45.31%, 0, 0, 5, 216.98, 933243, 29
5506, 13, 27, 99, 11, 0, 45.31%, 0, 0, 5, 211.90, 934324, 29
5511, 13, 52, 99, 11, 0, 45.31%, 0, 0, 5, 219.47, 935457, 29
5516, 13, 40, 99, 11, 0, 45.31%, 0, 0, 5, 222.35, 936581, 29
5521, 13, 53, 99, 11, 0, 45.31%, 0, 0, 5, 220.88, 937718, 29
5526, 13, 52, 99, 11, 0, 45.31%, 0, 0, 5, 219.65, 938815, 29
5531, 14, 54, 99, 10, 0, 45.31%, 0, 0, 5, 224.81, 939991, 29
5536, 14, 54, 99, 10, 0, 45.31%, 0, 0, 5, 219.55, 941126, 29
5541, 14, 38, 99, 10, 0, 45.31%, 0, 0, 5, 223.47, 942237, 29
5546, 14, 38, 99, 10, 0, 45.31%, 0, 0, 5, 224.29, 943338, 29
5552, 14, 52, 99, 10, 0, 45.31%, 0, 0, 5, 252.25, 944661, 29
5557, 14, 38, 99, 10, 0, 45.31%, 0, 0, 5, 268.82, 946023, 29
5562, 14, 52, 99, 10, 0, 45.31%, 0, 0, 5, 268.05, 947398, 29
5567, 14, 40, 99, 10, 0, 45.31%, 0, 0, 5, 271.37, 948800, 29
5572, 14, 40, 99, 10, 0, 45.31%, 0, 0, 5, 259.89, 950088, 29
5577, 14, 54, 99, 10, 0, 45.31%, 0, 0, 5, 265.51, 951450, 29
5582, 14, 54, 99, 10, 0, 45.31%, 0, 0, 5, 264.80, 952854, 29
5587, 14, 54, 99, 10, 0, 45.31%, 0, 0, 5, 260.52, 954193, 29
5593, 14, 52, 99, 10, 0, 45.31%, 0, 0, 5, 250.46, 955457, 29
5598, 14, 54, 99, 10, 0, 45.31%, 0, 0, 5, 241.79, 956729, 29
5603, 14, 72, 99, 10, 0, 45.31%, 0, 0, 5, 251.97, 958040, 29
5608, 14, 52, 99, 9, 0, 45.31%, 0, 0, 5, 251.75, 959314, 29
5613, 14, 38, 99, 9, 0, 45.31%, 0, 0, 5, 255.95, 960609, 29
5618, 14, 52, 99, 9, 0, 45.31%, 0, 0, 5, 251.91, 961871, 29
5623, 14, 52, 99, 9, 0, 45.31%, 0, 0, 5, 255.86, 963194, 29
5629, 14, 38, 99, 9, 0, 45.31%, 0, 0, 5, 256.16, 964526, 29
5634, 14, 30, 99, 9, 0, 45.31%, 0, 0, 5, 252.75, 965798, 29
5639, 14, 52, 99, 9, 0, 45.31%, 0, 0, 5, 253.32, 967030, 29
5644, 15, 27, 99, 9, 0, 45.31%, 0, 0, 5, 255.65, 968369, 29
5649, 15, 48, 99, 9, 0, 45.31%, 0, 0, 5, 246.99, 969607, 29
5654, 15, 30, 99, 9, 0, 45.31%, 0, 0, 5, 253.05, 970920, 29
5659, 15, 52, 99, 9, 0, 45.31%, 0, 0, 5, 263.36, 972278, 29
5664, 15, 54, 99, 9, 0, 45.31%, 0, 0, 5, 242.53, 973511, 29
5669, 15, 30, 99, 9, 0, 45.31%, 0, 0, 5, 260.07, 974864, 29
5674, 15, 54, 99, 9, 0, 45.31%, 0, 0, 5, 256.45, 976156, 29
5679, 15, 54, 99, 9, 0, 45.31%, 0, 0, 5, 243.87, 977352, 29
5684, 15, 54, 99, 9, 0, 45.31%, 0, 0, 5, 253.93, 978630, 29
5690, 15, 52, 99, 9, 0, 45.31%, 0, 0, 5, 245.62, 979886, 29
5695, 15, 52, 99, 9, 0, 45.31%, 0, 0, 5, 257.44, 981226, 29
5700, 15, 61, 99, 9, 0, 45.31%, 0, 0, 5, 264.03, 982562, 29
5705, 15, 27, 99, 9, 0, 45.31%, 0, 0, 5, 267.95, 983885, 29
5710, 15, 52, 99, 9, 0, 45.31%, 0, 0, 5, 251.50, 985147, 29
5715, 15, 30, 99, 9, 0, 45.31%, 0, 0, 5, 252.14, 986401, 29
5720, 15, 52, 99, 9, 0, 45.31%, 0, 0, 5, 247.80, 987637, 29
5725, 15, 52, 99, 9, 0, 45.31%, 0, 0, 5, 259.62, 988981, 29
5730, 15, 54, 99, 9, 0, 45.31%, 0, 0, 5, 255.53, 990313, 29
5736, 15, 30, 99, 9, 0, 45.31%, 0, 0, 5, 261.61, 991702, 29
5741, 15, 52, 99, 9, 0, 45.31%, 0, 0, 5, 269.91, 993107, 29
5746, 16, 52, 99, 9, 0, 45.31%, 0, 0, 5, 256.96, 994391, 29
5751, 16, 41, 99, 9, 0, 45.31%, 0, 0, 5, 259.54, 995747, 29
5756, 16, 54, 99, 9, 0, 45.31%, 0, 0, 5, 257.37, 997073, 29
5761, 16, 52, 99, 9, 0, 45.31%, 0, 0, 5, 254.62, 998378, 29
5766, 16, 52, 99, 9, 0, 45.31%, 0, 0, 5, 263.45, 999754, 29
5772, 16, 52, 99, 9, 0, 45.31%, 0, 0, 5, 267.36, 1001099, 29
5777, 16, 48, 99, 9, 0, 45.31%, 0, 0, 5, 257.66, 1002376, 29
5782, 16, 27, 99, 9, 0, 45.31%, 0, 0, 5, 261.41, 1003721, 29
5787, 16, 54, 99, 9, 0, 45.31%, 0, 0, 5, 258.20, 1005008, 29
5792, 16, 52, 99, 9, 0, 45.31%, 0, 0, 5, 257.76, 1006334, 29
5797, 16, 52, 99, 9, 0, 45.31%, 0, 0, 5, 248.52, 1007623, 29
5802, 16, 48, 99, 9, 0, 45.31%, 0, 0, 5, 258.52, 1008919, 29
5807, 16, 38, 99, 9, 0, 45.31%, 0, 0, 5, 246.84, 1010195, 29
5812, 16, 30, 99, 9, 0, 45.31%, 0, 0, 5, 254.38, 1011497, 29
5817, 16, 52, 99, 9, 0, 45.31%, 0, 0, 5, 255.27, 1012796, 29
5822, 16, 38, 99, 9, 0, 45.31%, 0, 0, 5, 254.21, 1014162, 29
5828, 16, 40, 99, 9, 0, 45.31%, 0, 0, 5, 266.77, 1015514, 29
5833, 16, 30, 99, 9, 0, 45.31%, 0, 0, 5, 261.97, 1016822, 29
5838, 16, 54, 99, 9, 0, 45.31%, 0, 0, 5, 256.00, 1018145, 29
5843, 16, 54, 99, 9, 0, 45.31%, 0, 0, 5, 244.68, 1019404, 29
5848, 17, 52, 99, 9, 0, 45.31%, 0, 0, 5, 246.57, 1020699, 29
5853, 17, 52, 100, 10, 0, 45.31%, 0, 0, 5, 264.21, 1022058, 29
5858, 17, 82, 100, 10, 0, 45.31%, 0, 0, 5, 265.39, 1023404, 29
5863, 17, 52, 100, 9, 0, 45.31%, 0, 0, 5, 308.64, 1025026, 29
5868, 17, 27, 100, 9, 0, 45.31%, 0, 0, 5, 314.04, 1026607, 29
5874, 17, 38, 100, 9, 0, 45.31%, 0, 0, 5, 327.34, 1028331, 29
5879, 17, 52, 100, 9, 0, 45.31%, 0, 0, 5, 322.70, 1029919, 29
5884, 17, 52, 100, 9, 0, 45.31%, 0, 0, 5, 330.12, 1031620, 29
5889, 17, 30, 100, 9, 0, 45.31%, 0, 0, 5, 333.98, 1033359, 29
5894, 17, 99, 100, 9, 0, 45.31%, 0, 0, 5, 313.04, 1034938, 29
5899, 17, 99, 100, 9, 0, 45.31%, 0, 0, 5, 287.05, 1036318, 29
5904, 17, 54, 100, 8, 0, 45.31%, 0, 0, 5, 306.66, 1037829, 29
5909, 17, 75, 100, 8, 0, 45.31%, 0, 0, 5, 322.04, 1039515, 29
5914, 17, 40, 100, 7, 0, 45.31%, 0, 0, 5, 320.55, 1041179, 29
5920, 17, 52, 100, 7, 0, 45.31%, 0, 0, 5, 310.78, 1042761, 29
5925, 17, 30, 100, 7, 0, 45.31%, 0, 0, 5, 311.09, 1044333, 29
5930, 17, 27, 100, 7, 0, 45.31%, 0, 0, 5, 293.90, 1045874, 29
5935, 17, 54, 100, 7, 0, 45.31%, 0, 0, 5, 323.93, 1047497, 29
5940, 17, 54, 100, 7, 0, 45.31%, 0, 0, 5, 319.04, 1049121, 29
5945, 18, 52, 100, 7, 0, 45.31%, 0, 0, 5, 321.47, 1050773, 29
5950, 18, 52, 100, 7, 0, 45.31%, 0, 0, 5, 324.41, 1052420, 29
5955, 18, 79, 100, 7, 0, 45.31%, 0, 0, 5, 294.08, 1053949, 29
5960, 18, 48, 100, 7, 0, 45.31%, 0, 0, 5, 317.98, 1055558, 29
5965, 18, 38, 100, 7, 0, 45.31%, 0, 0, 5, 310.87, 1057116, 29
5970, 18, 54, 100, 7, 0, 45.31%, 0, 0, 5, 317.85, 1058725, 29
5975, 18, 27, 100, 7, 0, 45.31%, 0, 0, 5, 317.12, 1060316, 29
5981, 18, 41, 100, 7, 0, 45.31%, 0, 0, 5, 304.09, 1061832, 29
5986, 18, 54, 100, 7, 0, 45.31%, 0, 0, 5, 324.36, 1063521, 29
5991, 18, 52, 100, 7, 0, 45.31%, 0, 0, 5, 317.90, 1065170, 29
5996, 18, 30, 100, 7, 0, 45.31%, 0, 0, 5, 320.77, 1066794, 29
6001, 18, 52, 100, 7, 0, 45.31%, 0, 0, 5, 308.11, 1068429, 29
6006, 18, 52, 100, 7, 0, 45.31%, 0, 0, 5, 317.34, 1070088, 29
6011, 18, 52, 100, 7, 0, 45.31%, 0, 0, 5, 318.73, 1071754, 29
6017, 18, 41, 100, 7, 0, 45.31%, 0, 0, 5, 308.29, 1073317, 29
6022, 18, 41, 100, 7, 0, 45.31%, 0, 0, 5, 318.42, 1074915, 29
6027, 19, 48, 100, 7, 0, 45.31%, 0, 0, 5, 305.15, 1076481, 29
6032, 19, 52, 100, 7, 0, 45.31%, 0, 0, 5, 317.37, 1078073, 29
6037, 19, 52, 100, 7, 0, 45.31%, 0, 0, 5, 315.42, 1079679, 29
6042, 19, 52, 100, 6, 0, 45.31%, 0, 0, 5, 319.69, 1081265, 29
6047, 19, 52, 100, 6, 0, 45.31%, 0, 0, 5, 331.11, 1082984, 29
6052, 19, 52, 100, 6, 0, 45.31%, 0, 0, 5, 321.34, 1084676, 29
6057, 19, 52, 100, 5, 0, 45.31%, 0, 0, 5, 327.32, 1086332, 29
6062, 19, 38, 100, 5, 0, 45.31%, 0, 0, 5, 332.94, 1088063, 29
6067, 19, 41, 100, 5, 0, 45.31%, 0, 0, 5, 319.61, 1089639, 29
6072, 19, 48, 100, 5, 0, 45.31%, 0, 0, 5, 320.81, 1091235, 29
6078, 19, 52, 100, 5, 0, 45.31%, 0, 0, 5, 337.99, 1092966, 29
6083, 19, 54, 100, 5, 0, 45.31%, 0, 0, 5, 316.65, 1094595, 29
6088, 19, 48, 100, 5, 0, 45.31%, 0, 0, 5, 328.02, 1096287, 29
6093, 19, 30, 100, 5, 0, 45.31%, 0, 0, 5, 333.13, 1097942, 29
6098, 19, 54, 100, 5, 0, 45.31%, 0, 0, 5, 338.07, 1099677, 29
6103, 20, 52, 100, 5, 0, 45.31%, 0, 0, 5, 334.25, 1101384, 29
6108, 20, 40, 100, 5, 0, 45.31%, 0, 0, 5, 312.68, 1102935, 29
6113, 20, 52, 100, 5, 0, 45.31%, 0, 0, 5, 312.27, 1104498, 29
6118, 20, 52, 100, 5, 0, 45.31%, 0, 0, 5, 323.12, 1106148, 29
6123, 20, 52, 100, 5, 0, 45.31%, 0, 0, 5, 313.55, 1107693, 29
6129, 20, 30, 100, 5, 0, 45.31%, 0, 0, 5, 320.07, 1109298, 29
6134, 20, 38, 100, 5, 0, 45.31%, 0, 0, 5, 310.17, 1110926, 29
6139, 20, 52, 100, 5, 0, 45.31%, 0, 0, 5, 307.61, 1112445, 29
6144, 20, 30, 100, 5, 0, 45.31%, 0, 0, 5, 312.19, 1114023, 29
6149, 20, 48, 100, 5, 0, 45.31%, 0, 0, 5, 298.08, 1115555, 29
6154, 20, 85, 100, 5, 0, 45.31%, 0, 0, 5, 299.86, 1117042, 29
6159, 20, 40, 100, 5, 0, 45.31%, 0, 0, 5, 312.17, 1118683, 29
6164, 20, 27, 100, 5, 0, 45.31%, 0, 0, 5, 317.25, 1120323, 29
6169, 20, 52, 100, 5, 0, 45.31%, 0, 0, 5, 290.97, 1121823, 29
6175, 20, 52, 100, 5, 0, 45.31%, 0, 0, 5, 311.93, 1123477, 29
6180, 20, 52, 100, 5, 0, 45.31%, 0, 0, 5, 298.18, 1125021, 29
6185, 21, 52, 100, 5, 0, 45.31%, 0, 0, 5, 315.43, 1126638, 29
6190, 21, 48, 100, 5, 0, 45.31%, 0, 0, 5, 316.93, 1128274, 29
6195, 21, 38, 100, 5, 0, 45.31%, 0, 0, 5, 292.49, 1129739, 29
6200, 21, 38, 100, 5, 0, 45.31%, 0, 0, 5, 308.31, 1131298, 29
6205, 21, 41, 100, 5, 0, 45.31%, 0, 0, 5, 317.87, 1132974, 29
6210, 21, 54, 101, 6, 0, 45.31%, 0, 0, 5, 313.86, 1134533, 29
6215, 21, 54, 101, 6, 0, 45.31%, 0, 0, 5, 309.07, 1136098, 29
6220, 21, 52, 101, 6, 0, 45.31%, 0, 0, 5, 285.72, 1137525, 29
6226, 21, 54, 101, 6, 0, 45.31%, 0, 0, 5, 290.46, 1139002, 29
6231, 21, 52, 101, 6, 0, 45.31%, 0, 0, 5, 308.84, 1140625, 29
6236, 21, 54, 101, 6, 0, 45.31%, 0, 0, 5, 314.55, 1142245, 29
6241, 21, 100, 101, 6, 0, 45.31%, 0, 0, 5, 301.42, 1143815, 29
6246, 21, 100, 101, 6, 0, 45.31%, 0, 0, 5, 295.82, 1145373, 29
6251, 21, 88, 101, 5, 0, 45.31%, 0, 0, 5, 310.68, 1146937, 29
6256, 21, 52, 101, 4, 0, 45.31%, 0, 0, 5, 319.73, 1148586, 29
6262, 21, 27, 101, 4, 0, 45.31%, 0, 0, 5, 309.74, 1150119, 29
6267, 21, 52, 101, 4, 0, 45.31%, 0, 0, 5, 315.21, 1151718, 29
6272, 21, 52, 101, 4, 0, 45.31%, 0, 0, 5, 307.54, 1153257, 29
6277, 22, 52, 101, 4, 0, 45.31%, 0, 0, 5, 335.01, 1155024, 29
6282, 22, 48, 101, 4, 0, 45.31%, 0, 0, 5, 324.93, 1156612, 29
6287, 22, 52, 101, 4, 0, 45.31%, 0, 0, 5, 326.49, 1158283, 29
6292, 22, 52, 101, 4, 0, 45.31%, 0, 0, 5, 316.43, 1159873, 29
6297, 22, 27, 101, 4, 0, 45.31%, 0, 0, 5, 318.86, 1161433, 29
6302, 22, 48, 101, 4, 0, 45.31%, 0, 0, 5, 320.08, 1163032, 29
6307, 22, 30, 101, 4, 0, 45.31%, 0, 0, 5, 313.97, 1164669, 29
6312, 22, 52, 101, 4, 0, 45.31%, 0, 0, 5, 315.04, 1166238, 29
6317, 22, 30, 101, 4, 0, 45.31%, 0, 0, 5, 324.26, 1167912, 29
6322, 22, 52, 101, 4, 0, 45.31%, 0, 0, 5, 319.86, 1169523, 29
6328, 22, 54, 101, 4, 0, 45.31%, 0, 0, 5, 301.11, 1171023, 29
6333, 22, 41, 101, 4, 0, 45.31%, 0, 0, 5, 293.70, 1172496, 29
6338, 22, 52, 101, 4, 0, 45.31%, 0, 0, 5, 318.45, 1174171, 29
6343, 22, 30, 101, 4, 0, 45.31%, 0, 0, 5, 323.31, 1175824, 29
6348, 22, 80, 101, 4, 0, 45.31%, 0, 0, 5, 332.07, 1177526, 29
6353, 22, 52, 101, 4, 0, 45.31%, 0, 0, 5, 323.34, 1179204, 29
6358, 23, 27, 101, 4, 0, 45.31%, 0, 0, 5, 321.85, 1180858, 29
6363, 23, 52, 101, 4, 0, 45.31%, 0, 0, 5, 327.06, 1182484, 29
6368, 23, 52, 101, 4, 0, 45.31%, 0, 0, 5, 306.58, 1183998, 29
6373, 23, 52, 101, 4, 0, 45.31%, 0, 0, 5, 304.71, 1185541, 29
6378, 23, 41, 101, 4, 0, 45.31%, 0, 0, 5, 314.60, 1187137, 29
6383, 23, 52, 101, 4, 0, 45.31%, 0, 0, 5, 315.27, 1188706, 29
6389, 23, 40, 101, 4, 0, 45.31%, 0, 0, 5, 306.12, 1190292, 29
6394, 23, 52, 101, 4, 0, 45.31%, 0, 0, 5, 314.00, 1191895, 29
6399, 23, 52, 101, 4, 0, 45.31%, 0, 0, 5, 319.47, 1193518, 29
6404, 23, 54, 101, 4, 0, 45.31%, 0, 0, 5, 308.12, 1195081, 29
6409, 23, 52, 101, 4, 0, 45.31%, 0, 0, 5, 325.28, 1196806, 29
6414, 23, 13, 101, 4, 0, 45.31%, 0, 0, 5, 313.40, 1198425, 29
6420, 23, 52, 101, 4, 0, 45.31%, 0, 0, 5, 323.72, 1200094, 29
6425, 23, 52, 101, 4, 0, 45.31%, 0, 0, 5, 302.23, 1201595, 29
6430, 23, 41, 101, 4, 0, 45.31%, 0, 0, 5, 304.70, 1203162, 29
6435, 23, 38, 101, 4, 0, 45.31%, 0, 0, 5, 306.81, 1204732, 29
6440, 24, 27, 101, 4, 0, 45.31%, 0, 0, 5, 310.36, 1206298, 29
6445, 24, 38, 101, 4, 0, 45.31%, 0, 0, 5, 316.92, 1207912, 29
6450, 24, 54, 101, 4, 0, 45.31%, 0, 0, 5, 321.66, 1209525, 29
6455, 24, 40, 101, 4, 0, 45.31%, 0, 0, 5, 313.09, 1211176, 29
6460, 24, 48, 101, 4, 0, 45.31%, 0, 0, 5, 311.75, 1212802, 29
6465, 24, 27, 101, 4, 0, 45.31%, 0, 0, 5, 305.73, 1214353, 29
6470, 24, 52, 101, 4, 0, 45.31%, 0, 0, 5, 320.00, 1216026, 29
6476, 24, 54, 101, 4, 0, 45.31%, 0, 0, 5, 310.39, 1217657, 29
6476, 24, 54, 101, 4, 0, 45.31%, 1, 0, 5, 0.00, 1217749, 29
