# relative_time, cycles_done, cur_item, corpus_count, pending_total, pending_favs, map_size, saved_crashes, saved_hangs, max_depth, execs_per_sec, total_execs, edges_found
64, 1, 11, 42, 28, 0, 39.13%, 0, 0, 6, 849.55, 36385, 27
69, 1, 38, 44, 30, 0, 39.13%, 0, 0, 6, 844.92, 40600, 27
74, 1, 28, 46, 32, 0, 39.13%, 0, 0, 6, 831.05, 44914, 27
87, 1, 17, 49, 34, 0, 39.13%, 0, 0, 6, 2.78, 46984, 27
92, 1, 28, 49, 34, 0, 39.13%, 0, 0, 6, 860.17, 51442, 27
97, 1, 0, 49, 34, 0, 39.13%, 0, 0, 6, 841.28, 55622, 27
102, 2, 17, 50, 34, 0, 39.13%, 0, 0, 6, 861.56, 59931, 27
107, 2, 24, 50, 34, 0, 39.13%, 0, 0, 6, 862.23, 64082, 27
112, 2, 28, 51, 34, 0, 39.13%, 0, 0, 6, 820.22, 67829, 27
121, 2, 17, 51, 33, 0, 39.13%, 0, 0, 6, 33.52, 71023, 27
126, 2, 51, 53, 34, 0, 40.58%, 0, 0, 7, 868.92, 75325, 28
131, 2, 51, 53, 34, 0, 40.58%, 0, 0, 7, 770.47, 79426, 28
136, 2, 18, 54, 35, 0, 40.58%, 0, 0, 7, 867.78, 83639, 28
141, 2, 5, 54, 33, 0, 40.58%, 0, 0, 7, 858.13, 87799, 28
146, 3, 24, 54, 32, 0, 40.58%, 0, 0, 7, 854.45, 91957, 28
155, 3, 14, 54, 32, 0, 40.58%, 0, 0, 7, 13.94, 95146, 28
160, 3, 18, 54, 30, 0, 40.58%, 0, 0, 7, 852.78, 99463, 28
165, 3, 24, 55, 31, 0, 40.58%, 0, 0, 7, 845.85, 103697, 28
171, 3, 17, 56, 32, 0, 40.58%, 0, 0, 7, 843.96, 107976, 28
176, 3, 5, 58, 33, 0, 42.03%, 0, 0, 7, 836.20, 112128, 29
181, 4, 57, 59, 34, 0, 42.03%, 0, 0, 7, 840.52, 116401, 29
186, 4, 57, 59, 34, 0, 42.03%, 0, 0, 7, 849.83, 120584, 29
191, 4, 38, 59, 34, 0, 42.03%, 0, 0, 7, 864.05, 124995, 29
196, 4, 18, 60, 35, 0, 42.03%, 0, 0, 7, 845.20, 129169, 29
201, 4, 0, 60, 34, 0, 42.03%, 0, 0, 7, 852.73, 133508, 29
207, 4, 28, 60, 33, 0, 42.03%, 0, 0, 7, 862.06, 137749, 29
212, 4, 55, 60, 33, 0, 42.03%, 0, 0, 7, 847.84, 142055, 29
217, 4, 0, 60, 32, 0, 42.03%, 0, 0, 7, 861.05, 146294, 29
222, 5, 57, 60, 30, 0, 42.03%, 0, 0, 7, 856.68, 150660, 29
228, 5, 35, 60, 30, 0, 42.03%, 0, 0, 7, 29.01, 153492, 29
234, 5, 28, 60, 26, 0, 42.03%, 0, 0, 7, 883.94, 158023, 29
239, 5, 20, 60, 26, 0, 42.03%, 0, 0, 7, 871.89, 162264, 29
244, 5, 28, 60, 26, 0, 42.03%, 0, 0, 7, 876.54, 166496, 29
249, 5, 18, 60, 26, 0, 42.03%, 0, 0, 7, 888.81, 170836, 29
254, 5, 18, 60, 26, 0, 42.03%, 0, 0, 7, 857.94, 175267, 29
259, 6, 0, 60, 26, 0, 42.03%, 0, 0, 7, 895.00, 179651, 29
264, 6, 57, 61, 25, 0, 42.03%, 0, 0, 7, 895.00, 183914, 29
269, 6, 57, 61, 25, 0, 42.03%, 0, 0, 7, 837.85, 186576, 29
274, 6, 18, 61, 24, 0, 42.03%, 0, 0, 7, 860.70, 190632, 29
279, 6, 57, 61, 20, 0, 42.03%, 0, 0, 7, 845.49, 194811, 29
284, 6, 24, 61, 20, 0, 42.03%, 0, 0, 7, 835.13, 199117, 29
289, 6, 24, 61, 20, 0, 42.03%, 0, 0, 7, 838.70, 203253, 29
295, 7, 0, 61, 20, 0, 42.03%, 0, 0, 7, 862.59, 207746, 29
300, 7, 17, 61, 20, 0, 42.03%, 0, 0, 7, 854.42, 211953, 29
306, 7, 38, 61, 20, 0, 42.03%, 0, 0, 7, 98.05, 216240, 29
312, 7, 5, 61, 20, 0, 42.03%, 0, 0, 7, 838.04, 220514, 29
317, 7, 51, 61, 20, 0, 42.03%, 0, 0, 7, 871.60, 224894, 29
322, 7, 11, 61, 19, 0, 42.03%, 0, 0, 7, 873.78, 229312, 29
327, 8, 24, 61, 19, 0, 42.03%, 0, 0, 7, 860.93, 233562, 29
332, 8, 18, 61, 17, 0, 42.03%, 0, 0, 7, 859.59, 237930, 29
337, 8, 5, 61, 17, 0, 42.03%, 0, 0, 7, 868.46, 242316, 29
342, 8, 57, 61, 17, 0, 42.03%, 0, 0, 7, 876.77, 246605, 29
348, 8, 18, 61, 17, 0, 42.03%, 0, 0, 7, 869.75, 250970, 29
353, 8, 11, 61, 17, 0, 42.03%, 0, 0, 7, 874.91, 255399, 29
358, 9, 24, 61, 17, 0, 42.03%, 0, 0, 7, 865.10, 259669, 29
363, 9, 11, 61, 16, 0, 42.03%, 0, 0, 7, 894.33, 263898, 29
368, 9, 17, 61, 15, 0, 42.03%, 0, 0, 7, 887.53, 268207, 29
373, 9, 5, 61, 14, 0, 42.03%, 0, 0, 7, 893.02, 272563, 29
378, 9, 51, 61, 14, 0, 42.03%, 0, 0, 7, 886.78, 276963, 29
383, 9, 57, 61, 14, 0, 42.03%, 1, 0, 7, 0.00, 280999, 29
