# relative_time, cycles_done, cur_item, corpus_count, pending_total, pending_favs, map_size, saved_crashes, saved_hangs, max_depth, execs_per_sec, total_execs, edges_found
63, 0, 0, 22, 22, 1, 37.50%, 0, 0, 2, 3.50, 3376, 24
94, 0, 0, 23, 23, 1, 37.50%, 0, 0, 2, 1.26, 5758, 24
99, 0, 0, 25, 25, 1, 39.06%, 0, 0, 2, 601.55, 8687, 25
122, 0, 0, 25, 25, 1, 39.06%, 0, 0, 2, 3.32, 9811, 25
127, 0, 0, 25, 25, 1, 39.06%, 0, 0, 2, 284.63, 12928, 25
152, 0, 0, 25, 25, 1, 39.06%, 0, 0, 2, 0.29, 13075, 25
157, 0, 0, 28, 28, 1, 43.75%, 0, 0, 2, 171.96, 16190, 28
177, 0, 0, 28, 28, 1, 43.75%, 0, 0, 2, 4.44, 16508, 28
183, 0, 0, 29, 29, 1, 43.75%, 0, 0, 2, 623.30, 19679, 28
203, 0, 0, 29, 29, 1, 43.75%, 0, 0, 2, 4.87, 20363, 28
208, 0, 0, 30, 30, 1, 45.31%, 0, 0, 2, 661.16, 23666, 29
231, 0, 0, 30, 30, 1, 45.31%, 0, 0, 2, 6.03, 24732, 29
236, 0, 25, 39, 37, 6, 45.31%, 0, 0, 3, 647.00, 28097, 29
260, 0, 25, 39, 37, 6, 45.31%, 0, 0, 3, 6.22, 28695, 29
265, 0, 25, 39, 37, 6, 45.31%, 0, 0, 3, 743.11, 32525, 29
286, 0, 25, 39, 37, 6, 45.31%, 0, 0, 3, 3.40, 33804, 29
291, 0, 35, 44, 39, 5, 45.31%, 0, 0, 4, 707.15, 37398, 29
320, 0, 21, 49, 39, 0, 45.31%, 0, 0, 4, 1.05, 39202, 29
325, 0, 38, 51, 40, 0, 45.31%, 0, 0, 4, 774.09, 43154, 29
352, 0, 40, 57, 46, 0, 45.31%, 0, 0, 4, 1.13, 44859, 29
357, 0, 21, 57, 46, 0, 45.31%, 0, 0, 4, 588.31, 47852, 29
383, 0, 39, 57, 46, 0, 45.31%, 0, 0, 4, 5.08, 49104, 29
388, 0, 30, 57, 46, 0, 45.31%, 0, 0, 4, 648.46, 52412, 29
401, 0, 49, 57, 46, 0, 45.31%, 0, 0, 4, 5.64, 53642, 29
409, 0, 49, 57, 46, 0, 45.31%, 1, 0, 4, 15.47, 54339, 29
409, 0, 49, 57, 46, 0, 45.31%, 1, 0, 4, 0.00, 54339, 29
