# relative_time, cycles_done, cur_item, corpus_count, pending_total, pending_favs, map_size, saved_crashes, saved_hangs, max_depth, execs_per_sec, total_execs, edges_found
62, 0, 0, 11, 9, 0, 26.56%, 0, 0, 2, 2.65, 3248, 17
93, 0, 0, 14, 12, 0, 26.56%, 0, 0, 2, 0.99, 6275, 17
98, 0, 18, 22, 17, 2, 31.25%, 0, 0, 4, 724.39, 9970, 20
121, 0, 7, 23, 16, 0, 31.25%, 0, 0, 4, 5.51, 11213, 20
126, 0, 19, 26, 19, 0, 35.94%, 0, 0, 4, 653.68, 14933, 23
151, 0, 19, 26, 19, 0, 35.94%, 0, 0, 4, 5.24, 15061, 23
156, 0, 25, 29, 21, 0, 39.06%, 0, 0, 5, 678.98, 18687, 25
177, 0, 25, 29, 21, 0, 39.06%, 0, 0, 5, 6.34, 18973, 25
182, 0, 25, 31, 23, 0, 42.19%, 0, 0, 5, 718.56, 22586, 27
203, 0, 25, 31, 23, 0, 42.19%, 0, 0, 5, 5.63, 23314, 27
208, 0, 25, 32, 24, 0, 42.19%, 0, 0, 5, 729.94, 27041, 27
230, 0, 25, 33, 25, 0, 42.19%, 0, 0, 5, 6.99, 27982, 27
236, 0, 28, 37, 27, 2, 42.19%, 0, 0, 6, 693.01, 31574, 27
259, 0, 29, 38, 26, 1, 42.19%, 0, 0, 6, 5.49, 32173, 27
264, 0, 27, 39, 26, 0, 42.19%, 0, 0, 6, 744.98, 36027, 27
286, 0, 17, 40, 26, 0, 42.19%, 0, 0, 6, 5.42, 37410, 27
291, 0, 34, 42, 28, 0, 42.19%, 0, 0, 7, 736.32, 40942, 27
320, 0, 38, 45, 31, 0, 42.19%, 0, 0, 7, 3.15, 42751, 27
325, 0, 38, 47, 33, 0, 42.19%, 0, 0, 7, 752.86, 46662, 27
351, 0, 30, 48, 34, 0, 42.19%, 0, 0, 7, 1.17, 48275, 27
356, 0, 29, 48, 34, 0, 42.19%, 0, 0, 7, 663.94, 51707, 27
382, 0, 18, 48, 34, 0, 42.19%, 0, 0, 7, 5.08, 53216, 27
387, 0, 30, 49, 35, 0, 42.19%, 0, 0, 7, 704.62, 56787, 27
400, 0, 29, 49, 35, 0, 42.19%, 0, 0, 7, 11.19, 58113, 27
409, 0, 38, 50, 36, 0, 42.19%, 0, 0, 7, 7.74, 58921, 27
419, 0, 38, 50, 36, 0, 42.19%, 0, 0, 7, 1.11, 58933, 27
425, 0, 29, 52, 37, 0, 43.75%, 0, 0, 7, 730.42, 62759, 28
445, 0, 34, 52, 37, 0, 43.75%, 0, 0, 7, 2.98, 63930, 28
450, 0, 50, 53, 38, 0, 43.75%, 0, 0, 8, 709.91, 67484, 28
471, 0, 7, 54, 39, 0, 43.75%, 0, 0, 8, 5.30, 68707, 28
476, 1, 7, 54, 38, 0, 43.75%, 0, 0, 8, 698.25, 72247, 28
488, 1, 7, 54, 38, 0, 43.75%, 0, 0, 8, 9.33, 72824, 28
505, 1, 50, 54, 38, 0, 43.75%, 0, 0, 8, 11.67, 76056, 28
510, 1, 34, 54, 38, 0, 43.75%, 0, 0, 8, 681.95, 79711, 28
526, 1, 7, 54, 37, 0, 43.75%, 0, 0, 8, 5.76, 81298, 28
531, 1, 54, 56, 38, 0, 45.31%, 0, 0, 8, 695.02, 84966, 29
533, 1, 7, 56, 38, 0, 45.31%, 1, 0, 8, 0.00, 86366, 29
