# relative_time, cycles_done, cur_item, corpus_count, pending_total, pending_favs, map_size, saved_crashes, saved_hangs, max_depth, execs_per_sec, total_execs, edges_found
64, 0, 0, 21, 21, 1, 34.78%, 0, 0, 2, 844.83, 36106, 24
69, 0, 0, 21, 21, 1, 34.78%, 0, 0, 2, 833.57, 40458, 24
74, 0, 0, 21, 21, 1, 34.78%, 0, 0, 2, 828.00, 44762, 24
87, 0, 0, 21, 21, 1, 34.78%, 0, 0, 2, 14.44, 46619, 24
92, 0, 0, 21, 21, 1, 34.78%, 0, 0, 2, 874.50, 51141, 24
97, 0, 0, 21, 21, 1, 34.78%, 0, 0, 2, 600.50, 55318, 24
102, 0, 0, 21, 21, 1, 34.78%, 0, 0, 2, 802.62, 59462, 24
107, 0, 0, 21, 21, 1, 34.78%, 0, 0, 2, 835.20, 63578, 24
112, 0, 0, 21, 21, 1, 34.78%, 0, 0, 2, 790.31, 67337, 24
121, 0, 0, 21, 21, 1, 34.78%, 0, 0, 2, 22.50, 70506, 24
126, 0, 0, 22, 22, 1, 34.78%, 0, 0, 2, 863.52, 74829, 24
131, 0, 0, 22, 22, 1, 34.78%, 0, 0, 2, 812.68, 78945, 24
136, 0, 0, 22, 22, 1, 34.78%, 0, 0, 2, 842.53, 83121, 24
141, 0, 0, 22, 22, 1, 34.78%, 0, 0, 2, 852.66, 87443, 24
146, 0, 0, 22, 22, 1, 34.78%, 0, 0, 2, 847.88, 91744, 24
155, 0, 0, 22, 22, 1, 34.78%, 0, 0, 2, 9.60, 94737, 24
160, 0, 0, 22, 22, 1, 34.78%, 0, 0, 2, 863.54, 99105, 24
165, 0, 0, 22, 22, 1, 34.78%, 0, 0, 2, 885.07, 103355, 24
170, 0, 0, 22, 22, 1, 34.78%, 0, 0, 2, 887.18, 107588, 24
175, 0, 0, 22, 22, 1, 34.78%, 0, 0, 2, 860.68, 111804, 24
180, 0, 0, 22, 22, 1, 34.78%, 0, 0, 2, 834.33, 115905, 24
185, 0, 0, 22, 22, 1, 34.78%, 0, 0, 2, 863.09, 120083, 24
191, 0, 0, 23, 23, 1, 34.78%, 0, 0, 2, 784.87, 124546, 24
196, 0, 0, 23, 23, 1, 34.78%, 0, 0, 2, 848.08, 128845, 24
201, 0, 0, 23, 23, 1, 34.78%, 0, 0, 2, 843.77, 133128, 24
206, 0, 0, 23, 23, 1, 34.78%, 0, 0, 2, 858.35, 137345, 24
211, 0, 0, 23, 23, 1, 34.78%, 0, 0, 2, 795.00, 141586, 24
216, 0, 0, 23, 23, 1, 34.78%, 0, 0, 2, 846.85, 145832, 24
221, 0, 0, 23, 23, 1, 34.78%, 0, 0, 2, 860.40, 150231, 24
228, 0, 0, 23, 23, 1, 34.78%, 0, 0, 2, 28.24, 153631, 24
233, 0, 0, 23, 23, 1, 34.78%, 0, 0, 2, 824.88, 157944, 24
238, 0, 0, 23, 23, 1, 34.78%, 0, 0, 2, 859.31, 162250, 24
243, 0, 0, 23, 23, 1, 34.78%, 0, 0, 2, 856.75, 166449, 24
248, 0, 0, 23, 23, 1, 34.78%, 0, 0, 2, 883.94, 170869, 24
253, 0, 0, 23, 23, 1, 34.78%, 0, 0, 2, 901.33, 175264, 24
259, 0, 0, 23, 23, 1, 34.78%, 0, 0, 2, 871.73, 179573, 24
264, 0, 0, 23, 23, 1, 34.78%, 0, 0, 2, 861.04, 183823, 24
269, 0, 0, 23, 23, 1, 34.78%, 0, 0, 2, 856.99, 186662, 24
274, 0, 0, 23, 23, 1, 34.78%, 0, 0, 2, 890.00, 190650, 24
279, 0, 0, 23, 23, 1, 34.78%, 0, 0, 2, 854.89, 195026, 24
284, 0, 0, 23, 23, 1, 34.78%, 0, 0, 2, 891.68, 199395, 24
289, 0, 0, 23, 23, 1, 34.78%, 0, 0, 2, 900.02, 203614, 24
295, 0, 0, 23, 23, 1, 34.78%, 0, 0, 2, 874.01, 208133, 24
300, 0, 0, 23, 23, 1, 34.78%, 0, 0, 2, 911.87, 212452, 24
306, 0, 0, 23, 23, 1, 34.78%, 0, 0, 2, 99.85, 216463, 24
311, 0, 0, 24, 24, 1, 36.23%, 0, 0, 2, 862.59, 220737, 25
316, 0, 0, 24, 24, 1, 36.23%, 0, 0, 2, 871.76, 225038, 25
321, 0, 0, 25, 25, 1, 37.68%, 0, 0, 2, 861.15, 229244, 26
326, 0, 0, 25, 25, 1, 37.68%, 0, 0, 2, 867.75, 233647, 26
332, 0, 0, 25, 25, 1, 37.68%, 0, 0, 2, 865.15, 238033, 26
337, 0, 0, 25, 25, 1, 37.68%, 0, 0, 2, 870.62, 242283, 26
342, 0, 0, 25, 25, 1, 37.68%, 0, 0, 2, 877.03, 246669, 26
347, 0, 0, 25, 25, 1, 37.68%, 0, 0, 2, 876.67, 250919, 26
352, 0, 0, 25, 25, 1, 37.68%, 0, 0, 2, 880.04, 255339, 26
357, 0, 0, 25, 25, 1, 37.68%, 0, 0, 2, 873.08, 259538, 26
362, 0, 0, 25, 25, 1, 37.68%, 0, 0, 2, 857.47, 263703, 26
367, 0, 0, 25, 25, 1, 37.68%, 0, 0, 2, 871.57, 268123, 26
372, 0, 0, 25, 25, 1, 37.68%, 0, 0, 2, 904.25, 272460, 26
378, 0, 0, 25, 25, 1, 37.68%, 0, 0, 2, 882.26, 276912, 26
383, 0, 0, 25, 25, 1, 37.68%, 0, 0, 2, 885.90, 281349, 26
388, 0, 0, 25, 25, 1, 37.68%, 0, 0, 2, 903.45, 285762, 26
393, 0, 0, 25, 25, 1, 37.68%, 0, 0, 2, 898.48, 290172, 26
398, 0, 0, 25, 25, 1, 37.68%, 0, 0, 2, 899.60, 294711, 26
403, 0, 0, 25, 25, 1, 37.68%, 0, 0, 2, 895.21, 299097, 26
408, 0, 0, 25, 25, 1, 37.68%, 0, 0, 2, 891.17, 303636, 26
413, 0, 0, 25, 25, 1, 37.68%, 0, 0, 2, 901.51, 308190, 26
418, 0, 0, 25, 25, 1, 37.68%, 0, 0, 2, 895.47, 312578, 26
423, 0, 0, 25, 25, 1, 37.68%, 0, 0, 2, 901.57, 316992, 26
429, 0, 0, 25, 25, 1, 37.68%, 0, 0, 2, 895.12, 321367, 26
434, 0, 0, 25, 25, 1, 37.68%, 0, 0, 2, 867.97, 325830, 26
439, 0, 0, 25, 25, 1, 37.68%, 0, 0, 2, 862.23, 330377, 26
444, 0, 0, 25, 25, 1, 37.68%, 0, 0, 2, 870.93, 334814, 26
449, 0, 0, 25, 25, 1, 37.68%, 0, 0, 2, 862.81, 339353, 26
454, 0, 0, 25, 25, 1, 37.68%, 0, 0, 2, 865.19, 343705, 26
459, 0, 0, 25, 25, 1, 37.68%, 0, 0, 2, 865.10, 348091, 26
464, 0, 0, 25, 25, 1, 37.68%, 0, 0, 2, 874.98, 352681, 26
469, 0, 0, 25, 25, 1, 37.68%, 0, 0, 2, 875.82, 357118, 26
474, 0, 0, 25, 25, 1, 37.68%, 0, 0, 2, 871.97, 361487, 26
480, 0, 0, 25, 25, 1, 37.68%, 0, 0, 2, 864.03, 365924, 26
485, 0, 0, 25, 25, 1, 37.68%, 0, 0, 2, 878.32, 370378, 26
490, 0, 0, 25, 25, 1, 37.68%, 0, 0, 2, 879.39, 374917, 26
495, 0, 0, 25, 25, 1, 37.68%, 0, 0, 2, 883.83, 379320, 26
500, 0, 0, 25, 25, 1, 37.68%, 0, 0, 2, 879.23, 383876, 26
505, 0, 0, 25, 25, 1, 37.68%, 0, 0, 2, 885.48, 388313, 26
510, 0, 0, 25, 25, 1, 37.68%, 0, 0, 2, 887.31, 392733, 26
515, 0, 0, 25, 25, 1, 37.68%, 0, 0, 2, 871.50, 397238, 26
520, 0, 0, 25, 25, 1, 37.68%, 0, 0, 2, 884.31, 401658, 26
525, 0, 0, 26, 26, 1, 39.13%, 0, 0, 2, 885.97, 406289, 27
530, 0, 0, 26, 26, 1, 39.13%, 0, 0, 2, 885.89, 410743, 27
535, 0, 0, 26, 26, 1, 39.13%, 0, 0, 2, 880.02, 415163, 27
541, 0, 0, 26, 26, 1, 39.13%, 0, 0, 2, 879.17, 419702, 27
546, 0, 0, 26, 26, 1, 39.13%, 0, 0, 2, 873.66, 424207, 27
551, 0, 0, 26, 26, 1, 39.13%, 0, 0, 2, 889.16, 428780, 27
556, 0, 0, 26, 26, 1, 39.13%, 0, 0, 2, 900.40, 433251, 27
561, 0, 0, 26, 26, 1, 39.13%, 0, 0, 2, 882.99, 437671, 27
566, 0, 0, 26, 26, 1, 39.13%, 0, 0, 2, 889.67, 442227, 27
571, 0, 0, 26, 26, 1, 39.13%, 0, 0, 2, 900.72, 446681, 27
576, 0, 0, 26, 26, 1, 39.13%, 0, 0, 2, 897.68, 451152, 27
581, 0, 0, 26, 26, 1, 39.13%, 0, 0, 2, 579.74, 455709, 27
586, 0, 0, 26, 26, 1, 39.13%, 0, 0, 2, 825.15, 460173, 27
592, 0, 0, 26, 26, 1, 39.13%, 0, 0, 2, 884.61, 464752, 27
597, 0, 0, 26, 26, 1, 39.13%, 0, 0, 2, 897.41, 469376, 27
602, 0, 0, 26, 26, 1, 39.13%, 0, 0, 2, 894.08, 473966, 27
607, 0, 0, 26, 26, 1, 39.13%, 0, 0, 2, 899.30, 478420, 27
612, 0, 0, 26, 26, 1, 39.13%, 0, 0, 2, 910.26, 482959, 27
617, 0, 0, 27, 27, 1, 40.58%, 0, 0, 2, 909.14, 487628, 28
622, 0, 0, 27, 27, 1, 40.58%, 0, 0, 2, 916.39, 492200, 28
627, 0, 0, 27, 27, 1, 40.58%, 0, 0, 2, 920.70, 496772, 28
632, 0, 0, 27, 27, 1, 40.58%, 0, 0, 2, 920.83, 501380, 28
638, 0, 0, 27, 27, 1, 40.58%, 0, 0, 2, 917.98, 506060, 28
643, 0, 0, 27, 27, 1, 40.58%, 0, 0, 2, 918.54, 510650, 28
648, 0, 0, 27, 27, 1, 40.58%, 0, 0, 2, 923.15, 515348, 28
653, 0, 0, 27, 27, 1, 40.58%, 0, 0, 2, 916.42, 519902, 28
658, 0, 0, 27, 27, 1, 40.58%, 0, 0, 2, 918.82, 524564, 28
663, 0, 0, 27, 27, 1, 40.58%, 0, 0, 2, 924.90, 529172, 28
668, 0, 0, 27, 27, 1, 40.58%, 0, 0, 2, 925.91, 533816, 28
673, 0, 0, 27, 27, 1, 40.58%, 0, 0, 2, 916.05, 538424, 28
678, 0, 0, 27, 27, 1, 40.58%, 0, 0, 2, 922.24, 543032, 28
683, 0, 0, 27, 27, 1, 40.58%, 0, 0, 2, 925.90, 547640, 28
688, 0, 0, 28, 28, 1, 42.03%, 0, 0, 2, 901.64, 552219, 29
693, 0, 0, 28, 28, 1, 42.03%, 0, 0, 2, 901.28, 556827, 29
698, 0, 0, 28, 28, 1, 42.03%, 0, 0, 2, 891.90, 561417, 29
704, 0, 0, 28, 28, 1, 42.03%, 0, 0, 2, 894.62, 566086, 29
709, 0, 0, 28, 28, 1, 42.03%, 0, 0, 2, 893.25, 570710, 29
714, 0, 0, 28, 28, 1, 42.03%, 0, 0, 2, 904.91, 575385, 29
719, 0, 0, 28, 28, 1, 42.03%, 0, 0, 2, 901.27, 580026, 29
724, 0, 0, 28, 28, 1, 42.03%, 0, 0, 2, 911.08, 584727, 29
729, 0, 0, 28, 28, 1, 42.03%, 0, 0, 2, 911.38, 589389, 29
734, 0, 0, 28, 28, 1, 42.03%, 0, 0, 2, 912.44, 594105, 29
739, 0, 0, 28, 28, 1, 42.03%, 0, 0, 2, 909.57, 598749, 29
744, 0, 0, 28, 28, 1, 42.03%, 0, 0, 2, 913.46, 603447, 29
749, 0, 0, 28, 28, 1, 42.03%, 0, 0, 2, 906.69, 608073, 29
754, 0, 0, 28, 28, 1, 42.03%, 0, 0, 2, 908.29, 612699, 29
760, 0, 0, 28, 28, 1, 42.03%, 0, 0, 2, 912.54, 617379, 29
765, 0, 0, 28, 28, 1, 42.03%, 0, 0, 2, 917.25, 622041, 29
770, 0, 0, 28, 28, 1, 42.03%, 0, 0, 2, 913.58, 626685, 29
775, 0, 0, 28, 28, 1, 42.03%, 0, 0, 2, 911.07, 631365, 29
780, 0, 0, 28, 28, 1, 42.03%, 0, 0, 2, 906.61, 635991, 29
785, 0, 0, 28, 28, 1, 42.03%, 0, 0, 2, 919.31, 640689, 29
790, 0, 0, 28, 28, 1, 42.03%, 0, 0, 2, 919.15, 645351, 29
790, 0, 0, 28, 28, 1, 42.03%, 1, 0, 2, 0.00, 645532, 29
