# relative_time, cycles_done, cur_item, corpus_count, pending_total, pending_favs, map_size, saved_crashes, saved_hangs, max_depth, execs_per_sec, total_execs, edges_found
62, 0, 0, 10, 9, 0, 25.00%, 0, 0, 2, 0.55, 3346, 16
93, 0, 0, 12, 11, 0, 26.56%, 0, 0, 2, 5.32, 6580, 17
98, 0, 11, 18, 14, 0, 29.69%, 0, 0, 3, 785.31, 10600, 19
121, 0, 11, 19, 15, 0, 29.69%, 0, 0, 3, 5.84, 11913, 19
126, 0, 17, 21, 15, 0, 31.25%, 0, 0, 4, 768.78, 15908, 20
151, 0, 17, 21, 15, 0, 31.25%, 0, 0, 4, 5.36, 16039, 20
156, 0, 0, 21, 15, 0, 31.25%, 0, 0, 4, 754.54, 19971, 20
177, 0, 0, 21, 15, 0, 31.25%, 0, 0, 4, 7.31, 20295, 20
182, 0, 0, 25, 19, 0, 31.25%, 0, 0, 4, 774.70, 24219, 20
203, 0, 11, 26, 20, 0, 31.25%, 0, 0, 4, 6.64, 25001, 20
208, 0, 13, 27, 21, 0, 31.25%, 0, 0, 4, 793.75, 28995, 20
230, 1, 0, 27, 21, 0, 31.25%, 0, 0, 4, 1.86, 30035, 20
235, 1, 0, 27, 21, 0, 31.25%, 0, 0, 4, 759.45, 34000, 20
259, 1, 19, 27, 21, 0, 31.25%, 0, 0, 4, 6.31, 34670, 20
264, 1, 0, 27, 21, 0, 31.25%, 0, 0, 4, 808.26, 38866, 20
286, 1, 13, 27, 20, 0, 31.25%, 0, 0, 4, 3.14, 40331, 20
291, 2, 13, 27, 20, 0, 31.25%, 0, 0, 4, 776.13, 44187, 20
319, 2, 0, 27, 20, 0, 31.25%, 0, 0, 4, 4.49, 46134, 20
324, 2, 0, 27, 20, 0, 31.25%, 0, 0, 4, 818.45, 50285, 20
351, 3, 0, 27, 20, 0, 31.25%, 0, 0, 4, 3.75, 52208, 20
356, 3, 0, 27, 20, 0, 31.25%, 0, 0, 4, 724.92, 55915, 20
382, 3, 19, 27, 20, 0, 31.25%, 0, 0, 4, 6.42, 57553, 20
387, 3, 0, 27, 20, 0, 31.25%, 0, 0, 4, 765.32, 61436, 20
400, 3, 17, 27, 19, 0, 31.25%, 0, 0, 4, 8.65, 62872, 20
406, 3, 19, 27, 19, 0, 31.25%, 0, 0, 4, 11.12, 63746, 20
419, 3, 19, 27, 19, 0, 31.25%, 0, 0, 4, 1.52, 63761, 20
425, 4, 13, 27, 19, 0, 31.25%, 0, 0, 4, 793.84, 67911, 20
445, 4, 0, 27, 19, 0, 31.25%, 0, 0, 4, 0.75, 69141, 20
450, 4, 0, 27, 19, 0, 31.25%, 0, 0, 4, 764.87, 73012, 20
471, 4, 0, 27, 19, 0, 31.25%, 0, 0, 4, 5.52, 74317, 20
476, 5, 0, 27, 19, 0, 31.25%, 0, 0, 4, 572.72, 78183, 20
488, 5, 0, 27, 19, 0, 31.25%, 0, 0, 4, 8.85, 78785, 20
505, 5, 0, 27, 19, 0, 31.25%, 0, 0, 4, 9.69, 82267, 20
510, 5, 0, 27, 18, 0, 31.25%, 0, 0, 4, 746.52, 86199, 20
526, 6, 0, 27, 18, 0, 31.25%, 0, 0, 4, 5.54, 87946, 20
531, 6, 0, 27, 18, 0, 31.25%, 0, 0, 4, 753.08, 91904, 20
540, 6, 13, 27, 18, 0, 31.25%, 0, 0, 4, 19.70, 94048, 20
548, 6, 13, 27, 18, 0, 31.25%, 0, 0, 4, 0.13, 94049, 20
553, 6, 0, 27, 18, 0, 31.25%, 0, 0, 4, 823.66, 98164, 20
562, 7, 19, 27, 18, 0, 31.25%, 0, 0, 4, 6.01, 100077, 20
576, 7, 19, 27, 18, 0, 31.25%, 0, 0, 4, 9.97, 103480, 20
581, 7, 0, 27, 18, 0, 31.25%, 0, 0, 4, 815.92, 107593, 20
589, 7, 13, 27, 18, 0, 31.25%, 0, 0, 4, 28.79, 109837, 20
601, 8, 0, 27, 16, 0, 31.25%, 0, 0, 4, 13.54, 113894, 20
606, 8, 0, 33, 22, 0, 31.25%, 0, 0, 4, 807.87, 117961, 20
613, 8, 0, 35, 24, 0, 31.25%, 0, 0, 4, 10.92, 120103, 20
618, 8, 0, 35, 24, 0, 31.25%, 0, 0, 4, 843.25, 123911, 20
629, 8, 26, 38, 27, 0, 31.25%, 0, 0, 4, 12.92, 126772, 20
634, 8, 26, 47, 36, 0, 35.94%, 0, 0, 4, 797.83, 130830, 23
649, 8, 26, 48, 37, 0, 35.94%, 0, 0, 4, 1.43, 133957, 23
654, 8, 26, 49, 38, 0, 35.94%, 0, 0, 4, 804.76, 138113, 23
660, 8, 42, 49, 36, 0, 35.94%, 0, 0, 4, 70.73, 141330, 23
665, 8, 42, 50, 37, 0, 35.94%, 0, 0, 5, 701.45, 144954, 23
673, 8, 42, 50, 37, 0, 35.94%, 0, 0, 5, 21.39, 145776, 23
678, 8, 42, 51, 38, 0, 37.50%, 0, 0, 5, 716.85, 149652, 24
683, 8, 50, 57, 43, 0, 39.06%, 0, 0, 6, 772.68, 153609, 25
688, 8, 50, 69, 55, 0, 43.75%, 0, 0, 6, 794.10, 157548, 28
694, 8, 50, 71, 57, 0, 43.75%, 0, 0, 6, 5.81, 159895, 28
699, 8, 50, 73, 59, 0, 43.75%, 0, 0, 6, 659.50, 163229, 28
704, 8, 50, 75, 61, 0, 43.75%, 0, 0, 6, 765.55, 165581, 28
709, 8, 66, 76, 61, 3, 43.75%, 0, 0, 6, 789.33, 169524, 28
714, 8, 57, 77, 60, 1, 43.75%, 0, 0, 7, 808.23, 173543, 28
719, 8, 59, 77, 59, 0, 43.75%, 0, 0, 7, 768.42, 177233, 28
724, 8, 59, 79, 61, 0, 43.75%, 0, 0, 7, 766.28, 181087, 28
733, 8, 36, 79, 61, 0, 43.75%, 0, 0, 7, 11.84, 184661, 28
739, 8, 59, 80, 59, 0, 43.75%, 0, 0, 7, 776.51, 188510, 28
744, 8, 55, 80, 59, 0, 43.75%, 0, 0, 7, 784.06, 192480, 28
749, 8, 66, 81, 60, 0, 43.75%, 0, 0, 7, 778.88, 196464, 28
754, 8, 0, 81, 60, 0, 43.75%, 0, 0, 7, 784.97, 200300, 28
760, 8, 55, 81, 59, 0, 43.75%, 0, 0, 7, 11.43, 203091, 28
765, 8, 80, 83, 61, 0, 43.75%, 0, 0, 8, 583.56, 206570, 28
770, 8, 80, 83, 61, 0, 43.75%, 0, 0, 8, 628.58, 209950, 28
775, 8, 55, 83, 60, 0, 43.75%, 0, 0, 8, 687.89, 213434, 28
780, 8, 59, 83, 59, 0, 43.75%, 0, 0, 8, 159.31, 217122, 28
787, 9, 0, 83, 58, 0, 43.75%, 0, 0, 8, 22.31, 220365, 28
792, 9, 55, 84, 59, 0, 43.75%, 0, 0, 8, 751.32, 224030, 28
797, 9, 0, 86, 61, 0, 43.75%, 0, 0, 8, 761.86, 227918, 28
802, 9, 0, 86, 60, 0, 43.75%, 0, 0, 8, 773.01, 231841, 28
807, 9, 39, 86, 60, 0, 43.75%, 0, 0, 8, 739.24, 235561, 28
814, 9, 39, 86, 60, 0, 43.75%, 0, 0, 8, 3.52, 237755, 28
819, 9, 81, 86, 59, 0, 43.75%, 0, 0, 8, 682.26, 241311, 28
824, 9, 0, 86, 58, 0, 43.75%, 0, 0, 8, 763.78, 245035, 28
829, 9, 66, 86, 58, 0, 43.75%, 0, 0, 8, 776.99, 248948, 28
835, 9, 11, 86, 57, 0, 43.75%, 0, 0, 8, 735.06, 252616, 28
840, 9, 0, 87, 58, 0, 43.75%, 0, 0, 8, 770.72, 256419, 28
845, 9, 86, 87, 58, 0, 43.75%, 0, 0, 8, 739.77, 259999, 28
850, 9, 29, 87, 57, 0, 43.75%, 0, 0, 8, 748.45, 263686, 28
855, 10, 0, 87, 53, 0, 43.75%, 0, 0, 8, 761.87, 267536, 28
860, 10, 19, 87, 53, 0, 43.75%, 0, 0, 8, 756.46, 271382, 28
865, 10, 19, 87, 53, 0, 43.75%, 0, 0, 8, 750.78, 275052, 28
870, 10, 17, 87, 52, 0, 43.75%, 0, 0, 8, 804.92, 278774, 28
875, 10, 55, 87, 52, 0, 43.75%, 0, 0, 8, 807.59, 282975, 28
881, 10, 0, 87, 52, 0, 43.75%, 0, 0, 8, 797.72, 287049, 28
886, 10, 55, 87, 51, 0, 43.75%, 0, 0, 8, 775.80, 290985, 28
891, 10, 0, 87, 51, 0, 43.75%, 0, 0, 8, 777.64, 294926, 28
896, 11, 0, 87, 51, 0, 43.75%, 0, 0, 8, 755.30, 298940, 28
901, 11, 11, 87, 51, 0, 43.75%, 0, 0, 8, 800.34, 303029, 28
906, 11, 0, 87, 51, 0, 43.75%, 0, 0, 8, 741.88, 306895, 28
911, 11, 19, 87, 51, 0, 43.75%, 0, 0, 8, 753.86, 310976, 28
916, 11, 0, 87, 51, 0, 43.75%, 0, 0, 8, 754.73, 314812, 28
921, 11, 66, 87, 51, 0, 43.75%, 0, 0, 8, 780.37, 318083, 28
926, 11, 0, 87, 51, 0, 43.75%, 0, 0, 8, 809.81, 322199, 28
931, 11, 0, 87, 49, 0, 43.75%, 0, 0, 8, 775.56, 326058, 28
937, 12, 55, 87, 49, 0, 43.75%, 0, 0, 8, 802.43, 330277, 28
942, 12, 50, 87, 49, 0, 43.75%, 0, 0, 8, 720.95, 334000, 28
947, 12, 55, 87, 49, 0, 43.75%, 0, 0, 8, 712.86, 337644, 28
952, 12, 55, 87, 49, 0, 43.75%, 0, 0, 8, 739.33, 341474, 28
957, 12, 0, 87, 49, 0, 43.75%, 0, 0, 8, 810.42, 345036, 28
962, 12, 66, 87, 49, 0, 43.75%, 0, 0, 8, 759.81, 348892, 28
967, 12, 55, 87, 49, 0, 43.75%, 0, 0, 8, 765.96, 352800, 28
972, 12, 59, 87, 49, 0, 43.75%, 0, 0, 8, 759.52, 356837, 28
978, 12, 66, 87, 48, 0, 43.75%, 0, 0, 8, 733.77, 360688, 28
983, 12, 11, 87, 48, 0, 43.75%, 0, 0, 8, 777.54, 364784, 28
988, 13, 0, 87, 47, 0, 43.75%, 0, 0, 8, 806.52, 368857, 28
993, 13, 55, 87, 47, 0, 43.75%, 0, 0, 8, 823.75, 373036, 28
998, 13, 66, 87, 47, 0, 43.75%, 0, 0, 8, 817.39, 377116, 28
1003, 13, 19, 88, 48, 0, 43.75%, 0, 0, 8, 792.20, 380960, 28
1008, 13, 19, 88, 47, 0, 43.75%, 0, 0, 8, 765.75, 384902, 28
1013, 13, 59, 88, 45, 0, 43.75%, 0, 0, 8, 752.88, 388768, 28
1018, 13, 55, 89, 45, 0, 43.75%, 0, 0, 8, 789.14, 392881, 28
1023, 13, 45, 89, 44, 0, 43.75%, 0, 0, 8, 766.16, 396663, 28
1028, 13, 89, 90, 44, 1, 45.31%, 0, 0, 8, 780.68, 400664, 29
1033, 13, 89, 92, 45, 0, 45.31%, 0, 0, 8, 738.27, 404424, 29
1039, 13, 89, 93, 46, 0, 45.31%, 0, 0, 8, 711.32, 408099, 29
1044, 13, 89, 93, 46, 0, 45.31%, 0, 0, 8, 722.49, 411837, 29
1049, 13, 89, 94, 47, 0, 45.31%, 0, 0, 8, 799.47, 415558, 29
1054, 13, 89, 94, 47, 0, 45.31%, 0, 0, 8, 697.27, 418813, 29
1059, 13, 89, 94, 47, 0, 45.31%, 0, 0, 8, 783.10, 422985, 29
1064, 13, 50, 94, 47, 0, 45.31%, 0, 0, 8, 801.44, 427100, 29
1069, 13, 59, 95, 48, 0, 45.31%, 0, 0, 8, 790.89, 431102, 29
1075, 14, 0, 96, 49, 0, 45.31%, 0, 0, 8, 805.70, 435175, 29
1080, 14, 0, 96, 49, 0, 45.31%, 0, 0, 8, 754.91, 438902, 29
1085, 14, 84, 96, 49, 0, 45.31%, 0, 0, 8, 664.29, 442412, 29
1090, 14, 0, 96, 48, 0, 45.31%, 0, 0, 8, 756.83, 446130, 29
1095, 14, 55, 96, 48, 0, 45.31%, 0, 0, 8, 834.69, 450369, 29
1100, 14, 59, 96, 48, 0, 45.31%, 0, 0, 8, 824.41, 454574, 29
1105, 14, 0, 96, 48, 0, 45.31%, 0, 0, 8, 821.94, 458759, 29
1110, 14, 19, 96, 48, 0, 45.31%, 0, 0, 8, 759.77, 462538, 29
1115, 14, 59, 96, 47, 0, 45.31%, 0, 0, 8, 796.11, 466498, 29
1121, 14, 55, 96, 47, 0, 45.31%, 0, 0, 8, 821.37, 470744, 29
1126, 15, 59, 96, 46, 0, 45.31%, 0, 0, 8, 811.39, 474704, 29
1131, 15, 89, 96, 46, 0, 45.31%, 0, 0, 8, 790.26, 478641, 29
1136, 15, 0, 96, 46, 0, 45.31%, 0, 0, 8, 808.98, 482634, 29
1141, 15, 90, 96, 46, 0, 45.31%, 0, 0, 8, 769.12, 486569, 29
1146, 15, 0, 96, 45, 0, 45.31%, 0, 0, 8, 759.77, 490259, 29
1151, 15, 0, 96, 45, 0, 45.31%, 0, 0, 8, 797.24, 494278, 29
1156, 15, 55, 96, 45, 0, 45.31%, 0, 0, 8, 792.28, 498238, 29
1161, 15, 13, 96, 45, 0, 45.31%, 0, 0, 8, 820.56, 502514, 29
1166, 15, 0, 96, 45, 0, 45.31%, 0, 0, 8, 808.74, 506461, 29
1171, 15, 55, 96, 45, 0, 45.31%, 0, 0, 8, 840.27, 510636, 29
1176, 16, 55, 96, 45, 0, 45.31%, 0, 0, 8, 784.22, 514539, 29
1181, 16, 0, 96, 45, 0, 45.31%, 0, 0, 8, 814.60, 518781, 29
1186, 16, 19, 96, 45, 0, 45.31%, 0, 0, 8, 867.60, 522509, 29
1191, 16, 89, 96, 45, 0, 45.31%, 0, 0, 8, 807.48, 526442, 29
1196, 16, 17, 96, 44, 0, 45.31%, 0, 0, 8, 814.77, 530501, 29
1202, 16, 55, 96, 44, 0, 45.31%, 0, 0, 8, 818.72, 534611, 29
1207, 16, 55, 96, 44, 0, 45.31%, 0, 0, 8, 838.80, 538800, 29
1212, 16, 13, 96, 44, 0, 45.31%, 0, 0, 8, 815.14, 542868, 29
1217, 16, 0, 97, 45, 0, 45.31%, 0, 0, 8, 835.41, 546941, 29
1222, 16, 13, 97, 45, 0, 45.31%, 0, 0, 8, 822.81, 551089, 29
1227, 17, 89, 97, 45, 0, 45.31%, 0, 0, 8, 810.77, 555143, 29
1232, 17, 0, 97, 45, 0, 45.31%, 0, 0, 8, 830.80, 558792, 29
1237, 17, 0, 97, 44, 0, 45.31%, 0, 0, 8, 802.27, 562419, 29
1242, 17, 0, 97, 43, 0, 45.31%, 0, 0, 8, 702.23, 565770, 29
1247, 17, 85, 97, 43, 0, 45.31%, 0, 0, 8, 502.68, 568137, 29
1252, 17, 19, 97, 42, 0, 45.31%, 0, 0, 8, 719.19, 572161, 29
1257, 17, 19, 97, 42, 0, 45.31%, 0, 0, 8, 800.82, 576332, 29
1263, 17, 55, 97, 42, 0, 45.31%, 0, 0, 8, 813.52, 580598, 29
1268, 17, 59, 97, 42, 0, 45.31%, 0, 0, 8, 817.11, 584771, 29
1273, 17, 55, 97, 42, 0, 45.31%, 0, 0, 8, 850.28, 589063, 29
1278, 17, 16, 97, 42, 0, 45.31%, 0, 0, 8, 817.02, 593126, 29
1283, 18, 89, 97, 41, 0, 45.31%, 0, 0, 8, 796.32, 597116, 29
1288, 18, 50, 97, 41, 0, 45.31%, 0, 0, 8, 786.19, 601072, 29
1293, 18, 55, 97, 39, 0, 45.31%, 0, 0, 8, 788.48, 605072, 29
1298, 18, 0, 97, 39, 0, 45.31%, 0, 0, 8, 781.50, 609019, 29
1303, 18, 55, 97, 39, 0, 45.31%, 0, 0, 8, 789.69, 613245, 29
1308, 18, 0, 97, 39, 0, 45.31%, 0, 0, 8, 846.55, 617715, 29
1314, 18, 55, 97, 39, 0, 45.31%, 0, 0, 8, 828.64, 622056, 29
1319, 18, 55, 97, 39, 0, 45.31%, 0, 0, 8, 799.01, 626110, 29
1324, 18, 55, 97, 39, 0, 45.31%, 0, 0, 8, 798.44, 630209, 29
1329, 18, 0, 97, 39, 0, 45.31%, 0, 0, 8, 830.16, 634272, 29
1334, 18, 0, 97, 38, 0, 45.31%, 0, 0, 8, 792.30, 638311, 29
1339, 19, 3, 97, 37, 0, 45.31%, 0, 0, 8, 784.09, 642295, 29
1344, 19, 55, 97, 36, 0, 45.31%, 0, 0, 8, 824.29, 646540, 29
1349, 19, 63, 97, 36, 0, 45.31%, 0, 0, 8, 798.51, 650459, 29
1354, 19, 55, 97, 34, 0, 45.31%, 0, 0, 8, 865.05, 654942, 29
1360, 19, 89, 97, 34, 0, 45.31%, 0, 0, 8, 792.52, 658894, 29
1365, 19, 93, 97, 34, 0, 45.31%, 0, 0, 8, 797.57, 663109, 29
1370, 19, 82, 97, 33, 0, 45.31%, 0, 0, 8, 676.57, 666550, 29
1375, 19, 55, 97, 32, 0, 45.31%, 0, 0, 8, 789.79, 670682, 29
1380, 19, 0, 97, 32, 0, 45.31%, 0, 0, 8, 843.46, 675063, 29
1385, 19, 11, 97, 32, 0, 45.31%, 0, 0, 8, 837.18, 679224, 29
1390, 19, 55, 97, 32, 0, 45.31%, 0, 0, 8, 823.52, 683501, 29
1395, 20, 59, 97, 32, 0, 45.31%, 0, 0, 8, 854.76, 687914, 29
1400, 20, 89, 97, 32, 0, 45.31%, 0, 0, 8, 861.49, 692188, 29
1405, 20, 55, 97, 32, 0, 45.31%, 0, 0, 8, 854.50, 696373, 29
1411, 20, 89, 97, 31, 0, 45.31%, 0, 0, 8, 839.03, 700686, 29
1416, 20, 55, 97, 31, 0, 45.31%, 0, 0, 8, 861.01, 704914, 29
1421, 20, 55, 97, 31, 0, 45.31%, 0, 0, 8, 840.65, 709022, 29
1426, 20, 55, 97, 31, 0, 45.31%, 0, 0, 8, 832.93, 713127, 29
1431, 20, 0, 98, 32, 0, 45.31%, 0, 0, 8, 848.66, 717291, 29
1436, 20, 0, 98, 32, 0, 45.31%, 0, 0, 8, 856.87, 721493, 29
1441, 21, 0, 98, 32, 0, 45.31%, 0, 0, 8, 840.11, 725838, 29
1446, 21, 0, 98, 32, 0, 45.31%, 0, 0, 8, 877.51, 730295, 29
1451, 21, 89, 98, 31, 0, 45.31%, 0, 0, 8, 818.13, 734378, 29
1456, 21, 55, 98, 31, 0, 45.31%, 0, 0, 8, 802.87, 738546, 29
1462, 21, 11, 98, 31, 0, 45.31%, 0, 0, 8, 837.29, 742868, 29
1467, 21, 59, 98, 30, 0, 45.31%, 0, 0, 8, 765.86, 746329, 29
1472, 21, 63, 98, 30, 0, 45.31%, 0, 0, 8, 823.17, 750535, 29
1477, 21, 0, 98, 30, 0, 45.31%, 0, 0, 8, 814.18, 754567, 29
1482, 21, 83, 98, 30, 0, 45.31%, 0, 0, 8, 677.13, 757930, 29
1487, 21, 0, 98, 29, 0, 45.31%, 0, 0, 8, 762.47, 761766, 29
1492, 22, 55, 98, 29, 0, 45.31%, 0, 0, 8, 800.18, 765892, 29
1497, 22, 19, 98, 29, 0, 45.31%, 0, 0, 8, 811.57, 770016, 29
1502, 22, 89, 98, 29, 0, 45.31%, 0, 0, 8, 770.47, 774054, 29
1507, 22, 55, 98, 29, 0, 45.31%, 0, 0, 8, 834.45, 778341, 29
1512, 22, 89, 98, 29, 0, 45.31%, 0, 0, 8, 761.50, 782314, 29
1517, 22, 97, 98, 29, 0, 45.31%, 0, 0, 8, 539.92, 785112, 29
1522, 22, 7, 98, 28, 0, 45.31%, 0, 0, 8, 711.17, 788828, 29
1527, 22, 59, 99, 27, 0, 45.31%, 0, 0, 8, 763.54, 792812, 29
1532, 22, 0, 99, 27, 0, 45.31%, 0, 0, 8, 801.90, 796904, 29
1538, 22, 59, 99, 27, 0, 45.31%, 0, 0, 8, 800.15, 801166, 29
1543, 22, 0, 99, 26, 0, 45.31%, 0, 0, 8, 764.36, 805133, 29
1548, 23, 55, 100, 27, 0, 45.31%, 0, 0, 8, 717.78, 808802, 29
1553, 23, 0, 100, 27, 0, 45.31%, 0, 0, 8, 780.41, 812834, 29
1558, 23, 0, 100, 27, 0, 45.31%, 0, 0, 8, 814.59, 817063, 29
1563, 23, 59, 100, 27, 0, 45.31%, 0, 0, 8, 812.52, 821133, 29
1568, 23, 0, 100, 26, 0, 45.31%, 0, 0, 8, 803.85, 825223, 29
1573, 23, 74, 100, 26, 0, 45.31%, 0, 0, 8, 793.83, 829208, 29
1578, 23, 59, 100, 25, 0, 45.31%, 0, 0, 8, 777.84, 833125, 29
1583, 23, 19, 100, 25, 0, 45.31%, 0, 0, 8, 778.06, 837258, 29
1588, 23, 0, 100, 25, 0, 45.31%, 0, 0, 8, 804.34, 841331, 29
1593, 24, 0, 100, 25, 0, 45.31%, 0, 0, 8, 810.14, 845455, 29
1599, 24, 19, 100, 25, 0, 45.31%, 0, 0, 8, 799.73, 849693, 29
1604, 24, 20, 100, 25, 0, 45.31%, 0, 0, 8, 796.23, 853882, 29
1609, 24, 17, 100, 24, 0, 45.31%, 0, 0, 8, 764.76, 857809, 29
1614, 24, 0, 100, 24, 0, 45.31%, 0, 0, 8, 747.73, 861470, 29
1619, 24, 0, 100, 24, 0, 45.31%, 0, 0, 8, 793.04, 865598, 29
1624, 24, 0, 100, 23, 0, 45.31%, 0, 0, 8, 804.01, 869575, 29
1629, 24, 63, 100, 23, 0, 45.31%, 0, 0, 8, 785.68, 873492, 29
1634, 24, 55, 100, 23, 0, 45.31%, 0, 0, 8, 812.55, 877654, 29
1640, 24, 28, 100, 23, 0, 45.31%, 0, 0, 8, 769.38, 881404, 29
1645, 24, 89, 100, 22, 0, 45.31%, 0, 0, 8, 798.47, 885428, 29
1650, 25, 17, 100, 22, 0, 45.31%, 0, 0, 8, 808.94, 889467, 29
1655, 25, 63, 100, 22, 0, 45.31%, 0, 0, 8, 818.86, 893640, 29
1660, 25, 19, 100, 22, 0, 45.31%, 0, 0, 8, 735.92, 897239, 29
1665, 25, 55, 100, 22, 0, 45.31%, 0, 0, 8, 814.49, 901367, 29
1670, 25, 89, 100, 22, 0, 45.31%, 0, 0, 8, 797.23, 905556, 29
1675, 25, 59, 100, 22, 0, 45.31%, 0, 0, 8, 808.59, 909612, 29
1680, 25, 0, 100, 22, 0, 45.31%, 0, 0, 8, 808.04, 913641, 29
1685, 25, 59, 100, 22, 0, 45.31%, 0, 0, 8, 809.57, 917770, 29
1690, 25, 55, 100, 22, 0, 45.31%, 0, 0, 8, 777.67, 921560, 29
1695, 25, 89, 100, 22, 0, 45.31%, 0, 0, 8, 778.93, 925637, 29
1700, 26, 55, 100, 22, 0, 45.31%, 0, 0, 8, 744.48, 929331, 29
1705, 26, 89, 100, 22, 0, 45.31%, 0, 0, 8, 794.18, 933363, 29
1711, 26, 55, 100, 21, 0, 45.31%, 0, 0, 8, 628.74, 935969, 29
1716, 26, 0, 100, 20, 0, 45.31%, 0, 0, 8, 754.05, 939958, 29
1721, 26, 55, 100, 20, 0, 45.31%, 0, 0, 8, 779.86, 943970, 29
1726, 26, 55, 100, 20, 0, 45.31%, 0, 0, 8, 826.74, 948192, 29
1731, 26, 0, 100, 20, 0, 45.31%, 0, 0, 8, 838.41, 952370, 29
1736, 26, 63, 100, 19, 0, 45.31%, 0, 0, 8, 831.62, 956432, 29
1741, 26, 0, 100, 19, 0, 45.31%, 0, 0, 8, 795.67, 960470, 29
1746, 26, 89, 100, 19, 0, 45.31%, 0, 0, 8, 804.07, 964688, 29
1751, 26, 0, 100, 19, 0, 45.31%, 0, 0, 8, 820.60, 968790, 29
1756, 27, 55, 100, 19, 0, 45.31%, 0, 0, 8, 758.90, 972635, 29
1761, 27, 59, 100, 19, 0, 45.31%, 0, 0, 8, 786.21, 976732, 29
1766, 27, 99, 100, 19, 0, 45.31%, 0, 0, 8, 755.26, 980803, 29
1772, 27, 99, 100, 19, 0, 45.31%, 0, 0, 8, 369.44, 982122, 29
1777, 27, 55, 100, 18, 0, 45.31%, 0, 0, 8, 544.21, 984631, 29
1782, 27, 0, 100, 18, 0, 45.31%, 0, 0, 8, 751.44, 988859, 29
1787, 27, 89, 100, 18, 0, 45.31%, 0, 0, 8, 794.28, 993152, 29
1792, 27, 55, 100, 18, 0, 45.31%, 0, 0, 8, 770.73, 996952, 29
1797, 27, 59, 100, 18, 0, 45.31%, 0, 0, 8, 775.26, 1000976, 29
1802, 27, 0, 100, 18, 0, 45.31%, 0, 0, 8, 760.20, 1004938, 29
1808, 27, 59, 100, 18, 0, 45.31%, 0, 0, 8, 801.98, 1009251, 29
1813, 28, 55, 100, 18, 0, 45.31%, 0, 0, 8, 835.41, 1013711, 29
1818, 28, 63, 100, 18, 0, 45.31%, 0, 0, 8, 788.09, 1017602, 29
1823, 28, 55, 100, 18, 0, 45.31%, 0, 0, 8, 804.67, 1021603, 29
1828, 28, 76, 100, 18, 0, 45.31%, 0, 0, 8, 800.07, 1025630, 29
1833, 28, 55, 100, 16, 0, 45.31%, 0, 0, 8, 759.31, 1029327, 29
1838, 28, 0, 100, 16, 0, 45.31%, 0, 0, 8, 830.89, 1033542, 29
1843, 28, 78, 100, 16, 0, 45.31%, 0, 0, 8, 775.53, 1037474, 29
1848, 28, 89, 100, 15, 0, 45.31%, 0, 0, 8, 752.02, 1041177, 29
1853, 28, 0, 100, 15, 0, 45.31%, 0, 0, 8, 818.47, 1045452, 29
1858, 28, 89, 100, 15, 0, 45.31%, 0, 0, 8, 752.11, 1049290, 29
1863, 28, 55, 100, 15, 0, 45.31%, 0, 0, 8, 794.15, 1053513, 29
1868, 29, 0, 100, 15, 0, 45.31%, 0, 0, 8, 819.20, 1057606, 29
1873, 29, 0, 100, 15, 0, 45.31%, 0, 0, 8, 810.16, 1061688, 29
1878, 29, 19, 100, 15, 0, 45.31%, 0, 0, 8, 821.31, 1065829, 29
1884, 29, 55, 100, 15, 0, 45.31%, 0, 0, 8, 783.34, 1069845, 29
1889, 29, 0, 100, 15, 0, 45.31%, 0, 0, 8, 814.72, 1073935, 29
1894, 29, 19, 100, 15, 0, 45.31%, 0, 0, 8, 811.59, 1078021, 29
1899, 29, 0, 100, 15, 0, 45.31%, 0, 0, 8, 834.28, 1082267, 29
1904, 29, 17, 100, 15, 0, 45.31%, 0, 0, 8, 807.10, 1086372, 29
1909, 29, 59, 100, 15, 0, 45.31%, 0, 0, 8, 802.01, 1090538, 29
1914, 30, 63, 100, 15, 0, 45.31%, 0, 0, 8, 849.46, 1094831, 29
1919, 30, 0, 100, 15, 0, 45.31%, 0, 0, 8, 809.23, 1098895, 29
1924, 30, 11, 100, 15, 0, 45.31%, 0, 0, 8, 780.73, 1102820, 29
1929, 30, 89, 100, 15, 0, 45.31%, 0, 0, 8, 717.68, 1106491, 29
1934, 30, 47, 100, 15, 0, 45.31%, 0, 0, 8, 650.31, 1110014, 29
1939, 30, 0, 100, 14, 0, 45.31%, 0, 0, 8, 774.92, 1113911, 29
1945, 30, 95, 100, 14, 0, 45.31%, 0, 0, 8, 557.31, 1116730, 29
1950, 30, 55, 100, 13, 0, 45.31%, 0, 0, 8, 690.77, 1120204, 29
1955, 30, 55, 100, 13, 0, 45.31%, 0, 0, 8, 819.06, 1124563, 29
1960, 30, 89, 100, 13, 0, 45.31%, 0, 0, 8, 770.27, 1128519, 29
1965, 30, 89, 100, 13, 0, 45.31%, 0, 0, 8, 785.99, 1132729, 29
1970, 31, 0, 100, 13, 0, 45.31%, 0, 0, 8, 820.24, 1137001, 29
1975, 31, 0, 100, 13, 0, 45.31%, 0, 0, 8, 837.84, 1141193, 29
1980, 31, 0, 100, 13, 0, 45.31%, 0, 0, 8, 810.10, 1145232, 29
1985, 31, 55, 100, 13, 0, 45.31%, 0, 0, 8, 824.19, 1149413, 29
1990, 31, 0, 100, 13, 0, 45.31%, 0, 0, 8, 801.27, 1153361, 29
1996, 31, 0, 100, 13, 0, 45.31%, 0, 0, 8, 815.98, 1157606, 29
2001, 31, 55, 100, 13, 0, 45.31%, 0, 0, 8, 793.64, 1161728, 29
2006, 31, 0, 100, 13, 0, 45.31%, 0, 0, 8, 820.92, 1165886, 29
2011, 31, 0, 100, 13, 0, 45.31%, 0, 0, 8, 866.45, 1170263, 29
2016, 32, 59, 100, 13, 0, 45.31%, 0, 0, 8, 834.36, 1174524, 29
2021, 32, 19, 100, 13, 0, 45.31%, 0, 0, 8, 834.05, 1178643, 29
2026, 32, 55, 100, 13, 0, 45.31%, 0, 0, 8, 824.38, 1182703, 29
2031, 32, 0, 100, 13, 0, 45.31%, 0, 0, 8, 833.37, 1187020, 29
2036, 32, 61, 100, 13, 0, 45.31%, 0, 0, 8, 857.18, 1191312, 29
2041, 32, 0, 100, 13, 0, 45.31%, 0, 0, 8, 818.28, 1195410, 29
2046, 32, 55, 100, 13, 0, 45.31%, 0, 0, 8, 757.19, 1199236, 29
2051, 32, 89, 100, 13, 0, 45.31%, 0, 0, 8, 736.87, 1203123, 29
2056, 32, 63, 100, 13, 0, 45.31%, 0, 0, 8, 767.09, 1207044, 29
2062, 33, 89, 100, 13, 0, 45.31%, 0, 0, 8, 826.20, 1211390, 29
2067, 33, 59, 100, 13, 0, 45.31%, 0, 0, 8, 793.81, 1215279, 29
2072, 33, 59, 100, 13, 0, 45.31%, 0, 0, 8, 845.21, 1219533, 29
2077, 33, 0, 100, 13, 0, 45.31%, 0, 0, 8, 837.70, 1223742, 29
2082, 33, 0, 100, 13, 0, 45.31%, 0, 0, 8, 836.32, 1228053, 29
2087, 33, 59, 100, 13, 0, 45.31%, 0, 0, 8, 797.73, 1232098, 29
2092, 33, 96, 100, 13, 0, 45.31%, 0, 0, 8, 612.70, 1235309, 29
2097, 33, 59, 100, 12, 0, 45.31%, 0, 0, 8, 717.57, 1238708, 29
2103, 33, 55, 100, 12, 0, 45.31%, 0, 0, 8, 800.81, 1243028, 29
2108, 34, 55, 100, 12, 0, 45.31%, 0, 0, 8, 797.04, 1247015, 29
2113, 34, 17, 100, 12, 0, 45.31%, 0, 0, 8, 824.46, 1251178, 29
2118, 34, 17, 100, 12, 0, 45.31%, 0, 0, 8, 797.33, 1255221, 29
2123, 34, 19, 100, 11, 0, 45.31%, 0, 0, 8, 774.53, 1259245, 29
2128, 34, 55, 100, 11, 0, 45.31%, 0, 0, 8, 814.25, 1263474, 29
2133, 34, 55, 100, 11, 0, 45.31%, 0, 0, 8, 849.50, 1267767, 29
2138, 34, 0, 100, 11, 0, 45.31%, 0, 0, 8, 795.85, 1271769, 29
2143, 34, 59, 100, 11, 0, 45.31%, 0, 0, 8, 800.40, 1275742, 29
2148, 34, 55, 100, 11, 0, 45.31%, 0, 0, 8, 779.59, 1279711, 29
2153, 34, 0, 100, 11, 0, 45.31%, 0, 0, 8, 767.92, 1283590, 29
2158, 34, 59, 100, 11, 0, 45.31%, 0, 0, 8, 823.53, 1287777, 29
2164, 35, 0, 100, 11, 0, 45.31%, 0, 0, 8, 831.90, 1292097, 29
2169, 35, 89, 100, 11, 0, 45.31%, 0, 0, 8, 836.76, 1296435, 29
2174, 35, 0, 100, 11, 0, 45.31%, 0, 0, 8, 823.67, 1300553, 29
2179, 35, 0, 100, 11, 0, 45.31%, 0, 0, 8, 826.03, 1304687, 29
2184, 35, 63, 100, 10, 0, 45.31%, 0, 0, 8, 714.97, 1307900, 29
2189, 35, 63, 100, 10, 0, 45.31%, 0, 0, 8, 785.59, 1312001, 29
2194, 35, 63, 100, 10, 0, 45.31%, 0, 0, 8, 834.40, 1316395, 29
2199, 35, 19, 100, 10, 0, 45.31%, 0, 0, 8, 844.87, 1320638, 29
2204, 35, 55, 100, 10, 0, 45.31%, 0, 0, 8, 843.98, 1324908, 29
2209, 36, 55, 100, 10, 0, 45.31%, 0, 0, 8, 781.81, 1328867, 29
2214, 36, 55, 100, 10, 0, 45.31%, 0, 0, 8, 771.56, 1332695, 29
2219, 36, 59, 100, 10, 0, 45.31%, 0, 0, 8, 784.71, 1336743, 29
2224, 36, 89, 100, 10, 0, 45.31%, 0, 0, 8, 786.91, 1340816, 29
2229, 36, 55, 100, 10, 0, 45.31%, 0, 0, 8, 797.23, 1344766, 29
2234, 36, 52, 100, 10, 0, 45.31%, 0, 0, 8, 796.53, 1348703, 29
2240, 36, 55, 100, 10, 0, 45.31%, 0, 0, 8, 779.17, 1352683, 29
2245, 36, 11, 100, 10, 0, 45.31%, 0, 0, 8, 806.70, 1356953, 29
2250, 36, 0, 100, 10, 0, 45.31%, 0, 0, 8, 815.11, 1361174, 29
2255, 36, 0, 100, 10, 0, 45.31%, 0, 0, 8, 836.40, 1365568, 29
2260, 37, 0, 100, 10, 0, 45.31%, 0, 0, 8, 825.00, 1369656, 29
2265, 37, 19, 100, 10, 0, 45.31%, 0, 0, 8, 789.59, 1373651, 29
2270, 37, 89, 100, 10, 0, 45.31%, 0, 0, 8, 795.17, 1377809, 29
2276, 37, 0, 100, 10, 0, 45.31%, 0, 0, 8, 825.90, 1382123, 29
2281, 37, 63, 100, 10, 0, 45.31%, 0, 0, 8, 793.09, 1386141, 29
2286, 37, 55, 100, 10, 0, 45.31%, 0, 0, 8, 795.67, 1390116, 29
2291, 37, 28, 100, 10, 0, 45.31%, 0, 0, 8, 791.05, 1394118, 29
2296, 37, 55, 100, 10, 0, 45.31%, 0, 0, 8, 808.70, 1398318, 29
2301, 37, 89, 100, 10, 0, 45.31%, 0, 0, 8, 838.59, 1402630, 29
2306, 37, 89, 100, 10, 0, 45.31%, 0, 0, 8, 817.84, 1406817, 29
2311, 38, 0, 100, 10, 0, 45.31%, 0, 0, 8, 819.24, 1410807, 29
2316, 38, 19, 100, 10, 0, 45.31%, 0, 0, 8, 822.55, 1414899, 29
2321, 38, 0, 100, 10, 0, 45.31%, 0, 0, 8, 812.93, 1418904, 29
2326, 38, 0, 100, 10, 0, 45.31%, 0, 0, 8, 801.96, 1422896, 29
2331, 38, 0, 100, 10, 0, 45.31%, 0, 0, 8, 813.22, 1427152, 29
2337, 38, 55, 100, 10, 0, 45.31%, 0, 0, 8, 773.45, 1431180, 29
2342, 38, 59, 100, 10, 0, 45.31%, 0, 0, 8, 830.89, 1435523, 29
2347, 38, 0, 100, 10, 0, 45.31%, 0, 0, 8, 845.35, 1439897, 29
2352, 38, 89, 100, 10, 0, 45.31%, 0, 0, 8, 793.26, 1444019, 29
2357, 39, 89, 100, 10, 0, 45.31%, 0, 0, 8, 801.70, 1448066, 29
2362, 39, 55, 100, 10, 0, 45.31%, 0, 0, 8, 772.08, 1451950, 29
2367, 39, 55, 100, 10, 0, 45.31%, 0, 0, 8, 818.82, 1456333, 29
2373, 39, 0, 100, 10, 0, 45.31%, 0, 0, 8, 836.73, 1460706, 29
2378, 39, 89, 100, 10, 0, 45.31%, 0, 0, 8, 849.90, 1465008, 29
2383, 39, 63, 100, 10, 0, 45.31%, 0, 0, 8, 829.95, 1469065, 29
2388, 39, 55, 100, 10, 0, 45.31%, 0, 0, 8, 781.72, 1473050, 29
2393, 39, 0, 100, 10, 0, 45.31%, 0, 0, 8, 821.29, 1477303, 29
2398, 39, 0, 100, 10, 0, 45.31%, 0, 0, 8, 849.18, 1481627, 29
2403, 40, 59, 100, 10, 0, 45.31%, 0, 0, 8, 814.81, 1485822, 29
2408, 40, 0, 100, 10, 0, 45.31%, 0, 0, 8, 778.81, 1489731, 29
2413, 40, 55, 100, 10, 0, 45.31%, 0, 0, 8, 792.08, 1493834, 29
2418, 40, 0, 100, 10, 0, 45.31%, 0, 0, 8, 789.62, 1497967, 29
2424, 40, 0, 100, 10, 0, 45.31%, 0, 0, 8, 849.62, 1502424, 29
2429, 40, 11, 100, 10, 0, 45.31%, 0, 0, 8, 824.36, 1506707, 29
2434, 40, 19, 100, 10, 0, 45.31%, 0, 0, 8, 809.47, 1510962, 29
2439, 40, 0, 100, 10, 0, 45.31%, 0, 0, 8, 786.12, 1515014, 29
2444, 40, 59, 100, 10, 0, 45.31%, 0, 0, 8, 838.35, 1519207, 29
2449, 41, 0, 100, 10, 0, 45.31%, 0, 0, 8, 813.77, 1523310, 29
2454, 41, 59, 100, 10, 0, 45.31%, 0, 0, 8, 833.87, 1527514, 29
2459, 41, 89, 100, 10, 0, 45.31%, 0, 0, 8, 802.25, 1531543, 29
2464, 41, 0, 100, 10, 0, 45.31%, 0, 0, 8, 820.13, 1535635, 29
2469, 41, 19, 100, 10, 0, 45.31%, 0, 0, 8, 820.88, 1539887, 29
2475, 41, 59, 100, 10, 0, 45.31%, 0, 0, 8, 791.48, 1544044, 29
2480, 41, 89, 100, 10, 0, 45.31%, 0, 0, 8, 840.79, 1548497, 29
2485, 41, 55, 100, 10, 0, 45.31%, 0, 0, 8, 796.96, 1552528, 29
2490, 41, 0, 100, 10, 0, 45.31%, 0, 0, 8, 796.86, 1556436, 29
2495, 42, 89, 100, 10, 0, 45.31%, 0, 0, 8, 800.43, 1560429, 29
2500, 42, 0, 100, 10, 0, 45.31%, 0, 0, 8, 829.83, 1564666, 29
2505, 42, 89, 100, 9, 0, 45.31%, 0, 0, 8, 800.65, 1568720, 29
2510, 42, 0, 100, 9, 0, 45.31%, 0, 0, 8, 791.70, 1572929, 29
2516, 42, 55, 100, 9, 0, 45.31%, 0, 0, 8, 794.51, 1577097, 29
2521, 42, 89, 100, 9, 0, 45.31%, 0, 0, 8, 798.82, 1581212, 29
2526, 42, 0, 100, 9, 0, 45.31%, 0, 0, 8, 848.42, 1585445, 29
2531, 42, 55, 100, 9, 0, 45.31%, 0, 0, 8, 844.27, 1589714, 29
2536, 42, 19, 100, 9, 0, 45.31%, 0, 0, 8, 816.71, 1593952, 29
2541, 42, 0, 100, 9, 0, 45.31%, 0, 0, 8, 808.06, 1598058, 29
2546, 43, 55, 100, 9, 0, 45.31%, 0, 0, 8, 837.49, 1602378, 29
2551, 43, 0, 100, 9, 0, 45.31%, 0, 0, 8, 816.23, 1606437, 29
2556, 43, 11, 100, 9, 0, 45.31%, 0, 0, 8, 838.70, 1610668, 29
2562, 43, 0, 100, 9, 0, 45.31%, 0, 0, 8, 808.25, 1614898, 29
2567, 43, 0, 100, 9, 0, 45.31%, 0, 0, 8, 858.64, 1619370, 29
2572, 43, 0, 100, 9, 0, 45.31%, 0, 0, 8, 836.17, 1623500, 29
2577, 43, 55, 100, 9, 0, 45.31%, 0, 0, 8, 841.02, 1627709, 29
2582, 43, 0, 100, 9, 0, 45.31%, 0, 0, 8, 842.80, 1631908, 29
2587, 44, 89, 100, 9, 0, 45.31%, 0, 0, 8, 812.42, 1635903, 29
2592, 44, 55, 100, 9, 0, 45.31%, 0, 0, 8, 774.45, 1639869, 29
2597, 44, 56, 100, 9, 0, 45.31%, 0, 0, 8, 789.21, 1643932, 29
2602, 44, 63, 100, 8, 0, 45.31%, 0, 0, 8, 783.69, 1648065, 29
2607, 44, 59, 100, 8, 0, 45.31%, 0, 0, 8, 765.54, 1652057, 29
2613, 44, 0, 100, 8, 0, 45.31%, 0, 0, 8, 793.74, 1656144, 29
2618, 44, 55, 100, 8, 0, 45.31%, 0, 0, 8, 801.03, 1660338, 29
2623, 44, 0, 100, 8, 0, 45.31%, 0, 0, 8, 808.55, 1664492, 29
2628, 44, 59, 100, 8, 0, 45.31%, 0, 0, 8, 819.77, 1668801, 29
2633, 44, 0, 100, 8, 0, 45.31%, 0, 0, 8, 803.19, 1672871, 29
2638, 45, 89, 100, 8, 0, 45.31%, 0, 0, 8, 777.68, 1676811, 29
2643, 45, 55, 100, 8, 0, 45.31%, 0, 0, 8, 821.33, 1680950, 29
2648, 45, 0, 100, 8, 0, 45.31%, 0, 0, 8, 825.14, 1685269, 29
2653, 45, 89, 100, 8, 0, 45.31%, 0, 0, 8, 812.54, 1689418, 29
2658, 45, 0, 100, 8, 0, 45.31%, 0, 0, 8, 809.39, 1693420, 29
2663, 45, 0, 100, 8, 0, 45.31%, 0, 0, 8, 818.69, 1697669, 29
2668, 45, 98, 100, 8, 0, 45.31%, 0, 0, 8, 822.18, 1701803, 29
2673, 45, 98, 100, 8, 0, 45.31%, 0, 0, 8, 421.67, 1703346, 29
2679, 45, 55, 100, 7, 0, 45.31%, 0, 0, 8, 717.31, 1707204, 29
2684, 46, 63, 100, 7, 0, 45.31%, 0, 0, 8, 765.48, 1711303, 29
2689, 46, 11, 100, 7, 0, 45.31%, 0, 0, 8, 802.93, 1715408, 29
2694, 46, 55, 100, 7, 0, 45.31%, 0, 0, 8, 807.08, 1719655, 29
2699, 46, 0, 100, 7, 0, 45.31%, 0, 0, 8, 807.53, 1723802, 29
2704, 46, 59, 100, 7, 0, 45.31%, 0, 0, 8, 823.94, 1727982, 29
2709, 46, 0, 100, 7, 0, 45.31%, 0, 0, 8, 808.93, 1732164, 29
2714, 46, 0, 100, 7, 0, 45.31%, 0, 0, 8, 803.90, 1736115, 29
2719, 46, 0, 100, 7, 0, 45.31%, 0, 0, 8, 811.36, 1740161, 29
2724, 46, 0, 100, 7, 0, 45.31%, 0, 0, 8, 858.06, 1744467, 29
2730, 46, 89, 100, 7, 0, 45.31%, 0, 0, 8, 805.21, 1748674, 29
2735, 47, 55, 100, 7, 0, 45.31%, 0, 0, 8, 822.05, 1752869, 29
2740, 47, 89, 100, 7, 0, 45.31%, 0, 0, 8, 805.44, 1756961, 29
2745, 47, 55, 100, 7, 0, 45.31%, 0, 0, 8, 819.24, 1761134, 29
2750, 47, 55, 100, 7, 0, 45.31%, 0, 0, 8, 797.08, 1765158, 29
2755, 47, 89, 101, 8, 0, 45.31%, 0, 0, 8, 814.94, 1769423, 29
2760, 47, 89, 101, 8, 0, 45.31%, 0, 0, 8, 780.40, 1773479, 29
2765, 47, 55, 101, 8, 0, 45.31%, 0, 0, 8, 745.76, 1777280, 29
2770, 47, 55, 101, 8, 0, 45.31%, 0, 0, 8, 774.63, 1781260, 29
2775, 47, 0, 101, 8, 0, 45.31%, 0, 0, 8, 839.96, 1785550, 29
2781, 48, 0, 101, 8, 0, 45.31%, 0, 0, 8, 844.81, 1789828, 29
2786, 48, 89, 101, 8, 0, 45.31%, 0, 0, 8, 822.22, 1794079, 29
2791, 48, 89, 101, 8, 0, 45.31%, 0, 0, 8, 779.03, 1797827, 29
2796, 48, 0, 101, 8, 0, 45.31%, 0, 0, 8, 821.57, 1802049, 29
2801, 48, 0, 101, 8, 0, 45.31%, 0, 0, 8, 793.12, 1806061, 29
2806, 48, 0, 101, 8, 0, 45.31%, 0, 0, 8, 819.75, 1810171, 29
2811, 48, 55, 101, 8, 0, 45.31%, 0, 0, 8, 792.43, 1814159, 29
2816, 48, 55, 101, 8, 0, 45.31%, 0, 0, 8, 835.89, 1818436, 29
2821, 48, 0, 101, 8, 0, 45.31%, 0, 0, 8, 835.44, 1822623, 29
2826, 49, 63, 101, 8, 0, 45.31%, 0, 0, 8, 862.87, 1826930, 29
2831, 49, 55, 101, 8, 0, 45.31%, 0, 0, 8, 807.25, 1830963, 29
2837, 49, 0, 101, 8, 0, 45.31%, 0, 0, 8, 777.02, 1834912, 29
2842, 49, 11, 101, 8, 0, 45.31%, 0, 0, 8, 833.30, 1839212, 29
2847, 49, 73, 101, 8, 0, 45.31%, 0, 0, 8, 794.65, 1843214, 29
2852, 49, 17, 101, 7, 0, 45.31%, 0, 0, 8, 840.58, 1847448, 29
2857, 49, 63, 101, 7, 0, 45.31%, 0, 0, 8, 838.70, 1851577, 29
2862, 49, 55, 101, 7, 0, 45.31%, 0, 0, 8, 777.24, 1855517, 29
2867, 49, 17, 101, 7, 0, 45.31%, 0, 0, 8, 799.91, 1859728, 29
2872, 49, 19, 101, 7, 0, 45.31%, 0, 0, 8, 741.44, 1863451, 29
2877, 50, 59, 101, 7, 0, 45.31%, 0, 0, 8, 799.77, 1867752, 29
2883, 50, 63, 101, 7, 0, 45.31%, 0, 0, 8, 801.19, 1871905, 29
2888, 50, 63, 101, 6, 0, 45.31%, 0, 0, 8, 819.29, 1876135, 29
2893, 50, 59, 101, 6, 0, 45.31%, 0, 0, 8, 794.42, 1880065, 29
2898, 50, 89, 101, 6, 0, 45.31%, 0, 0, 8, 776.36, 1883977, 29
2903, 50, 0, 101, 6, 0, 45.31%, 0, 0, 8, 796.68, 1887982, 29
2908, 50, 55, 101, 6, 0, 45.31%, 0, 0, 8, 816.53, 1892237, 29
2913, 50, 55, 101, 6, 0, 45.31%, 0, 0, 8, 791.96, 1896240, 29
2918, 50, 0, 101, 6, 0, 45.31%, 0, 0, 8, 797.31, 1900267, 29
2923, 51, 0, 101, 6, 0, 45.31%, 0, 0, 8, 815.82, 1904501, 29
2928, 51, 19, 101, 6, 0, 45.31%, 0, 0, 8, 814.47, 1908667, 29
2933, 51, 55, 101, 6, 0, 45.31%, 0, 0, 8, 840.87, 1912977, 29
2939, 51, 89, 101, 6, 0, 45.31%, 0, 0, 8, 769.95, 1916834, 29
2944, 51, 0, 101, 6, 0, 45.31%, 0, 0, 8, 771.85, 1920724, 29
2949, 51, 0, 101, 6, 0, 45.31%, 0, 0, 8, 869.81, 1924939, 29
2954, 51, 0, 101, 6, 0, 45.31%, 0, 0, 8, 816.86, 1929045, 29
2959, 51, 0, 101, 6, 0, 45.31%, 0, 0, 8, 835.52, 1933180, 29
2964, 51, 55, 101, 6, 0, 45.31%, 0, 0, 8, 824.31, 1937511, 29
2969, 52, 55, 101, 6, 0, 45.31%, 0, 0, 8, 820.41, 1941606, 29
2974, 52, 63, 101, 6, 0, 45.31%, 0, 0, 8, 799.54, 1945670, 29
2979, 52, 89, 101, 6, 0, 45.31%, 0, 0, 8, 826.38, 1950093, 29
2984, 52, 55, 101, 6, 0, 45.31%, 0, 0, 8, 816.70, 1954185, 29
2990, 52, 55, 101, 6, 0, 45.31%, 0, 0, 8, 807.31, 1958366, 29
2995, 52, 55, 101, 6, 0, 45.31%, 0, 0, 8, 792.89, 1962275, 29
2996, 52, 0, 101, 6, 0, 45.31%, 1, 0, 8, 0.00, 1963176, 29
