# relative_time, cycles_done, cur_item, corpus_count, pending_total, pending_favs, map_size, saved_crashes, saved_hangs, max_depth, execs_per_sec, total_execs, edges_found
62, 0, 0, 18, 18, 1, 33.33%, 0, 0, 2, 3.94, 2994, 23
93, 0, 0, 18, 18, 1, 33.33%, 0, 0, 2, 4.10, 5094, 23
98, 0, 0, 18, 18, 1, 33.33%, 0, 0, 2, 526.73, 7684, 23
121, 0, 0, 18, 18, 1, 33.33%, 0, 0, 2, 5.05, 8634, 23
126, 0, 0, 19, 19, 1, 34.78%, 0, 0, 2, 522.28, 11171, 24
151, 0, 0, 19, 19, 1, 34.78%, 0, 0, 2, 3.69, 11371, 24
156, 0, 0, 19, 19, 1, 34.78%, 0, 0, 2, 524.24, 14021, 24
177, 0, 0, 19, 19, 1, 34.78%, 0, 0, 2, 2.93, 14271, 24
182, 0, 0, 19, 19, 1, 34.78%, 0, 0, 2, 257.55, 16913, 24
203, 0, 0, 19, 19, 1, 34.78%, 0, 0, 2, 5.13, 17515, 24
208, 0, 0, 19, 19, 1, 34.78%, 0, 0, 2, 558.81, 20316, 24
230, 0, 0, 19, 19, 1, 34.78%, 0, 0, 2, 3.58, 21185, 24
236, 0, 0, 19, 19, 1, 34.78%, 0, 0, 2, 568.93, 24111, 24
259, 0, 0, 19, 19, 1, 34.78%, 0, 0, 2, 4.32, 24606, 24
264, 0, 0, 19, 19, 1, 34.78%, 0, 0, 2, 647.32, 27913, 24
286, 0, 0, 19, 19, 1, 34.78%, 0, 0, 2, 0.58, 29006, 24
291, 0, 0, 20, 20, 1, 34.78%, 0, 0, 2, 578.39, 31950, 24
320, 0, 0, 20, 20, 1, 34.78%, 0, 0, 2, 0.90, 33524, 24
325, 0, 0, 21, 21, 1, 34.78%, 0, 0, 2, 686.32, 37071, 24
351, 0, 0, 21, 21, 1, 34.78%, 0, 0, 2, 3.50, 38451, 24
356, 0, 0, 21, 21, 1, 34.78%, 0, 0, 2, 476.64, 40818, 24
382, 0, 0, 21, 21, 1, 34.78%, 0, 0, 2, 2.65, 41772, 24
387, 0, 0, 21, 21, 1, 34.78%, 0, 0, 2, 526.74, 44415, 24
400, 0, 0, 21, 21, 1, 34.78%, 0, 0, 2, 6.06, 45435, 24
409, 0, 0, 21, 21, 1, 34.78%, 0, 0, 2, 3.05, 46059, 24
419, 0, 0, 21, 21, 1, 34.78%, 0, 0, 2, 2.93, 46070, 24
425, 0, 0, 21, 21, 1, 34.78%, 0, 0, 2, 589.02, 49062, 24
445, 0, 0, 21, 21, 1, 34.78%, 0, 0, 2, 5.83, 49865, 24
450, 0, 0, 22, 22, 1, 34.78%, 0, 0, 2, 115.38, 52853, 24
471, 0, 0, 22, 22, 1, 34.78%, 0, 0, 2, 5.97, 53867, 24
476, 0, 0, 22, 22, 1, 34.78%, 0, 0, 2, 73.32, 56837, 24
488, 0, 0, 22, 22, 1, 34.78%, 0, 0, 2, 8.00, 57254, 24
505, 0, 0, 22, 22, 1, 34.78%, 0, 0, 2, 6.23, 59871, 24
510, 0, 0, 22, 22, 1, 34.78%, 0, 0, 2, 525.82, 62852, 24
526, 0, 0, 22, 22, 1, 34.78%, 0, 0, 2, 4.88, 64150, 24
531, 0, 0, 22, 22, 1, 34.78%, 0, 0, 2, 616.94, 67222, 24
548, 0, 0, 22, 22, 1, 34.78%, 0, 0, 2, 1.60, 68693, 24
553, 0, 0, 22, 22, 1, 34.78%, 0, 0, 2, 606.60, 71842, 24
562, 0, 0, 22, 22, 1, 34.78%, 0, 0, 2, 8.83, 73390, 24
576, 0, 0, 22, 22, 1, 34.78%, 0, 0, 2, 5.74, 76316, 24
581, 0, 0, 22, 22, 1, 34.78%, 0, 0, 2, 700.00, 79782, 24
589, 0, 0, 22, 22, 1, 34.78%, 0, 0, 2, 6.49, 81370, 24
599, 0, 0, 23, 23, 1, 34.78%, 0, 0, 2, 14.82, 84885, 24
604, 0, 0, 23, 23, 1, 34.78%, 0, 0, 2, 676.70, 86901, 24
613, 0, 0, 23, 23, 1, 34.78%, 0, 0, 2, 33.46, 89873, 24
619, 0, 0, 23, 23, 1, 34.78%, 0, 0, 2, 692.59, 93414, 24
629, 0, 0, 23, 23, 1, 34.78%, 0, 0, 2, 21.18, 95767, 24
634, 0, 0, 24, 24, 1, 34.78%, 0, 0, 2, 716.80, 99312, 24
649, 0, 0, 24, 24, 1, 34.78%, 0, 0, 2, 11.82, 102154, 24
654, 0, 0, 24, 24, 1, 34.78%, 0, 0, 2, 765.79, 105936, 24
660, 0, 0, 24, 24, 1, 34.78%, 0, 0, 2, 43.35, 109071, 24
665, 0, 0, 24, 24, 1, 34.78%, 0, 0, 2, 723.76, 112668, 24
673, 0, 0, 24, 24, 1, 34.78%, 0, 0, 2, 27.00, 114348, 24
678, 0, 0, 24, 24, 1, 34.78%, 0, 0, 2, 768.46, 118281, 24
683, 0, 0, 24, 24, 1, 34.78%, 0, 0, 2, 731.05, 121894, 24
689, 0, 0, 24, 24, 1, 34.78%, 0, 0, 2, 741.48, 125576, 24
694, 0, 0, 24, 24, 1, 34.78%, 0, 0, 2, 46.10, 127368, 24
699, 0, 0, 24, 24, 1, 34.78%, 0, 0, 2, 729.26, 131008, 24
704, 0, 0, 24, 24, 1, 34.78%, 0, 0, 2, 727.90, 133276, 24
709, 0, 0, 24, 24, 1, 34.78%, 0, 0, 2, 749.59, 137028, 24
714, 0, 0, 24, 24, 1, 34.78%, 0, 0, 2, 760.10, 140706, 24
719, 0, 0, 24, 24, 1, 34.78%, 0, 0, 2, 736.15, 144238, 24
725, 0, 0, 25, 25, 1, 36.23%, 0, 0, 2, 694.79, 147563, 25
733, 0, 0, 25, 25, 1, 36.23%, 0, 0, 2, 10.40, 151063, 25
738, 0, 0, 25, 25, 1, 36.23%, 0, 0, 2, 747.08, 154871, 25
744, 0, 0, 25, 25, 1, 36.23%, 0, 0, 2, 741.51, 158553, 25
749, 0, 0, 25, 25, 1, 36.23%, 0, 0, 2, 788.83, 162583, 25
754, 0, 0, 25, 25, 1, 36.23%, 0, 0, 2, 817.36, 166491, 25
760, 0, 0, 25, 25, 1, 36.23%, 0, 0, 2, 16.03, 169333, 25
765, 0, 0, 25, 25, 1, 36.23%, 0, 0, 2, 122.95, 173233, 25
771, 0, 0, 26, 26, 1, 37.68%, 0, 0, 2, 850.00, 177132, 26
776, 0, 0, 26, 26, 1, 37.68%, 0, 0, 2, 823.28, 180866, 26
781, 0, 0, 26, 26, 1, 37.68%, 0, 0, 2, 751.84, 184544, 26
787, 0, 0, 26, 26, 1, 37.68%, 0, 0, 2, 45.08, 187580, 26
792, 0, 0, 26, 26, 1, 37.68%, 0, 0, 2, 778.67, 191525, 26
797, 0, 0, 27, 27, 1, 39.13%, 0, 0, 2, 821.33, 195353, 27
802, 0, 0, 27, 27, 1, 39.13%, 0, 0, 2, 651.54, 198945, 27
807, 0, 0, 27, 27, 1, 39.13%, 0, 0, 2, 719.93, 202681, 27
814, 0, 0, 27, 27, 1, 39.13%, 0, 0, 2, 5.27, 205009, 27
819, 0, 0, 28, 28, 1, 40.58%, 0, 0, 2, 787.10, 209014, 28
825, 0, 0, 29, 29, 1, 40.58%, 0, 0, 2, 786.27, 212876, 28
830, 0, 0, 29, 29, 1, 40.58%, 0, 0, 2, 794.11, 216671, 28
835, 0, 0, 29, 29, 1, 40.58%, 0, 0, 2, 782.99, 220616, 28
840, 0, 0, 29, 29, 1, 40.58%, 0, 0, 2, 779.97, 224351, 28
845, 0, 0, 29, 29, 1, 40.58%, 0, 0, 2, 786.10, 227741, 28
850, 0, 0, 29, 29, 1, 40.58%, 0, 0, 2, 787.11, 231551, 28
855, 0, 0, 29, 29, 1, 40.58%, 0, 0, 2, 764.09, 235166, 28
860, 0, 0, 29, 29, 1, 40.58%, 0, 0, 2, 785.74, 239111, 28
865, 0, 0, 29, 29, 1, 40.58%, 0, 0, 2, 716.74, 242483, 28
870, 0, 0, 29, 29, 1, 40.58%, 0, 0, 2, 737.18, 246176, 28
875, 0, 0, 29, 29, 1, 40.58%, 0, 0, 2, 73.39, 250119, 28
881, 0, 0, 29, 29, 1, 40.58%, 0, 0, 2, 770.98, 254081, 28
886, 0, 0, 29, 29, 1, 40.58%, 0, 0, 2, 815.00, 257919, 28
891, 0, 0, 29, 29, 1, 40.58%, 0, 0, 2, 758.86, 261641, 28
896, 0, 0, 29, 29, 1, 40.58%, 0, 0, 2, 656.26, 264887, 28
901, 0, 0, 29, 29, 1, 40.58%, 0, 0, 2, 731.56, 268705, 28
906, 0, 0, 29, 29, 1, 40.58%, 0, 0, 2, 769.14, 272711, 28
911, 0, 0, 29, 29, 1, 40.58%, 0, 0, 2, 867.07, 276629, 28
916, 0, 0, 29, 29, 1, 40.58%, 0, 0, 2, 800.10, 280535, 28
921, 0, 0, 29, 29, 1, 40.58%, 0, 0, 2, 755.96, 284441, 28
926, 0, 0, 29, 29, 1, 40.58%, 0, 0, 2, 754.16, 288291, 28
932, 0, 0, 29, 29, 1, 40.58%, 0, 0, 2, 821.45, 292167, 28
937, 0, 0, 29, 29, 1, 40.58%, 0, 0, 2, 805.24, 296183, 28
942, 0, 0, 29, 29, 1, 40.58%, 0, 0, 2, 66.67, 299783, 28
947, 0, 0, 30, 30, 1, 40.58%, 0, 0, 2, 734.79, 303740, 28
952, 0, 0, 30, 30, 1, 40.58%, 0, 0, 2, 812.47, 307166, 28
957, 0, 0, 30, 30, 1, 40.58%, 0, 0, 2, 802.50, 310926, 28
962, 0, 0, 30, 30, 1, 40.58%, 0, 0, 2, 774.77, 314703, 28
967, 0, 0, 30, 30, 1, 40.58%, 0, 0, 2, 820.00, 318802, 28
972, 0, 0, 30, 30, 1, 40.58%, 0, 0, 2, 860.00, 322682, 28
977, 0, 0, 30, 30, 1, 40.58%, 0, 0, 2, 780.64, 326613, 28
982, 0, 0, 30, 30, 1, 40.58%, 0, 0, 2, 776.43, 330273, 28
987, 0, 0, 30, 30, 1, 40.58%, 0, 0, 2, 838.94, 334062, 28
993, 0, 0, 30, 30, 1, 40.58%, 0, 0, 2, 841.75, 338158, 28
998, 0, 0, 30, 30, 1, 40.58%, 0, 0, 2, 849.76, 342382, 28
1003, 0, 0, 30, 30, 1, 40.58%, 0, 0, 2, 805.60, 346350, 28
1008, 0, 0, 30, 30, 1, 40.58%, 0, 0, 2, 852.64, 350331, 28
1013, 0, 24, 37, 33, 5, 42.03%, 0, 0, 3, 823.29, 354414, 29
1013, 0, 24, 41, 37, 5, 42.03%, 1, 0, 3, 0.00, 354586, 29
