# relative_time, cycles_done, cur_item, corpus_count, pending_total, pending_favs, map_size, saved_crashes, saved_hangs, max_depth, execs_per_sec, total_execs, edges_found
62, 0, 0, 18, 18, 1, 30.43%, 0, 0, 2, 838.59, 34805, 21
67, 0, 0, 18, 18, 1, 30.43%, 0, 0, 2, 839.20, 39013, 21
72, 0, 0, 18, 18, 1, 30.43%, 0, 0, 2, 820.11, 43317, 21
85, 0, 0, 18, 18, 1, 30.43%, 0, 0, 2, 12.75, 45357, 21
90, 0, 0, 18, 18, 1, 30.43%, 0, 0, 2, 882.09, 49726, 21
95, 0, 0, 18, 18, 1, 30.43%, 0, 0, 2, 861.29, 54078, 21
101, 0, 0, 18, 18, 1, 30.43%, 0, 0, 2, 858.85, 58362, 21
106, 0, 0, 18, 18, 1, 30.43%, 0, 0, 2, 853.98, 62527, 21
111, 0, 0, 18, 18, 1, 30.43%, 0, 0, 2, 859.52, 66896, 21
119, 0, 0, 18, 18, 1, 30.43%, 0, 0, 2, 27.30, 69939, 21
124, 0, 0, 18, 18, 1, 30.43%, 0, 0, 2, 860.76, 74240, 21
129, 0, 0, 18, 18, 1, 30.43%, 0, 0, 2, 855.83, 78524, 21
134, 0, 0, 18, 18, 1, 30.43%, 0, 0, 2, 854.92, 82740, 21
139, 0, 0, 18, 18, 1, 30.43%, 0, 0, 2, 850.93, 86917, 21
145, 0, 0, 18, 18, 1, 30.43%, 0, 0, 2, 853.41, 91257, 21
154, 0, 0, 18, 18, 1, 30.43%, 0, 0, 2, 12.83, 94565, 21
159, 0, 0, 18, 18, 1, 30.43%, 0, 0, 2, 863.41, 98907, 21
164, 0, 0, 18, 18, 1, 30.43%, 0, 0, 2, 877.92, 103191, 21
169, 0, 0, 18, 18, 1, 30.43%, 0, 0, 2, 852.53, 107560, 21
174, 0, 0, 18, 18, 1, 30.43%, 0, 0, 2, 856.16, 111895, 21
179, 0, 0, 18, 18, 1, 30.43%, 0, 0, 2, 862.59, 116145, 21
184, 0, 0, 18, 18, 1, 30.43%, 0, 0, 2, 842.44, 120229, 21
189, 0, 0, 18, 18, 1, 30.43%, 0, 0, 2, 844.27, 124549, 21
195, 0, 0, 18, 18, 1, 30.43%, 0, 0, 2, 846.82, 128853, 21
200, 0, 0, 18, 18, 1, 30.43%, 0, 0, 2, 865.61, 132975, 21
205, 0, 0, 18, 18, 1, 30.43%, 0, 0, 2, 853.79, 137259, 21
210, 0, 0, 18, 18, 1, 30.43%, 0, 0, 2, 546.69, 141451, 21
215, 0, 0, 18, 18, 1, 30.43%, 0, 0, 2, 777.23, 145646, 21
220, 0, 0, 18, 18, 1, 30.43%, 0, 0, 2, 830.14, 149781, 21
227, 0, 0, 18, 18, 1, 30.43%, 0, 0, 2, 26.64, 152789, 21
232, 0, 0, 18, 18, 1, 30.43%, 0, 0, 2, 882.37, 157149, 21
237, 0, 0, 18, 18, 1, 30.43%, 0, 0, 2, 863.03, 161433, 21
242, 0, 0, 18, 18, 1, 30.43%, 0, 0, 2, 844.98, 165557, 21
247, 0, 0, 18, 18, 1, 30.43%, 0, 0, 2, 870.16, 169967, 21
252, 0, 0, 18, 18, 1, 30.43%, 0, 0, 2, 841.32, 174319, 21
257, 0, 0, 18, 18, 1, 30.43%, 0, 0, 2, 841.46, 178535, 21
263, 0, 0, 18, 18, 1, 30.43%, 0, 0, 2, 834.40, 182869, 21
268, 0, 0, 18, 18, 1, 30.43%, 0, 0, 2, 862.52, 185573, 21
273, 0, 0, 18, 18, 1, 30.43%, 0, 0, 2, 875.25, 189806, 21
278, 0, 0, 18, 18, 1, 30.43%, 0, 0, 2, 845.55, 193941, 21
283, 0, 0, 18, 18, 1, 30.43%, 0, 0, 2, 815.53, 197941, 21
288, 0, 0, 18, 18, 1, 30.43%, 0, 0, 2, 842.11, 202309, 21
293, 0, 0, 18, 18, 1, 30.43%, 0, 0, 2, 858.09, 206602, 21
298, 0, 0, 18, 18, 1, 30.43%, 0, 0, 2, 858.09, 211022, 21
305, 0, 0, 18, 18, 1, 30.43%, 0, 0, 2, 92.37, 215085, 21
310, 0, 0, 18, 18, 1, 30.43%, 0, 0, 2, 856.17, 219471, 21
315, 0, 0, 18, 18, 1, 30.43%, 0, 0, 2, 859.53, 223789, 21
320, 0, 0, 18, 18, 1, 30.43%, 0, 0, 2, 841.07, 228037, 21
326, 0, 0, 18, 18, 1, 30.43%, 0, 0, 2, 847.05, 232309, 21
331, 0, 0, 18, 18, 1, 30.43%, 0, 0, 2, 835.16, 236421, 21
336, 0, 0, 18, 18, 1, 30.43%, 0, 0, 2, 859.41, 240636, 21
341, 0, 0, 18, 18, 1, 30.43%, 0, 0, 2, 867.02, 245039, 21
346, 0, 0, 18, 18, 1, 30.43%, 0, 0, 2, 878.82, 249442, 21
351, 0, 0, 18, 18, 1, 30.43%, 0, 0, 2, 901.15, 253943, 21
356, 0, 0, 18, 18, 1, 30.43%, 0, 0, 2, 860.10, 258163, 21
361, 0, 0, 18, 18, 1, 30.43%, 0, 0, 2, 860.40, 262464, 21
367, 0, 0, 18, 18, 1, 30.43%, 0, 0, 2, 873.93, 266884, 21
372, 0, 0, 18, 18, 1, 30.43%, 0, 0, 2, 879.94, 271304, 21
377, 0, 0, 18, 18, 1, 30.43%, 0, 0, 2, 860.74, 275469, 21
382, 0, 0, 18, 18, 1, 30.43%, 0, 0, 2, 878.35, 279923, 21
387, 0, 0, 19, 19, 1, 30.43%, 0, 0, 2, 888.69, 284333, 21
392, 0, 0, 19, 19, 1, 30.43%, 0, 0, 2, 880.11, 288634, 21
397, 0, 0, 19, 19, 1, 30.43%, 0, 0, 2, 841.75, 292918, 21
403, 0, 0, 19, 19, 1, 30.43%, 0, 0, 2, 875.62, 297378, 21
408, 0, 0, 19, 19, 1, 30.43%, 0, 0, 2, 848.67, 301692, 21
413, 0, 0, 19, 19, 1, 30.43%, 0, 0, 2, 856.88, 306246, 21
418, 0, 0, 19, 19, 1, 30.43%, 0, 0, 2, 848.61, 310556, 21
423, 0, 0, 19, 19, 1, 30.43%, 0, 0, 2, 853.81, 314899, 21
428, 0, 0, 19, 19, 1, 30.43%, 0, 0, 2, 848.19, 319212, 21
433, 0, 0, 19, 19, 1, 30.43%, 0, 0, 2, 871.79, 323688, 21
438, 0, 0, 19, 19, 1, 30.43%, 0, 0, 2, 862.47, 328210, 21
443, 0, 0, 19, 19, 1, 30.43%, 0, 0, 2, 859.49, 332715, 21
449, 0, 0, 19, 19, 1, 30.43%, 0, 0, 2, 863.24, 337203, 21
454, 0, 0, 19, 19, 1, 30.43%, 0, 0, 2, 869.51, 341572, 21
459, 0, 0, 19, 19, 1, 30.43%, 0, 0, 2, 870.91, 345924, 21
464, 0, 0, 19, 19, 1, 30.43%, 0, 0, 2, 881.94, 350412, 21
469, 0, 0, 19, 19, 1, 30.43%, 0, 0, 2, 871.94, 354781, 21
474, 0, 0, 19, 19, 1, 30.43%, 0, 0, 2, 874.39, 359150, 21
479, 0, 0, 19, 19, 1, 30.43%, 0, 0, 2, 877.01, 363689, 21
484, 0, 0, 19, 19, 1, 30.43%, 0, 0, 2, 881.25, 368177, 21
489, 0, 0, 19, 19, 1, 30.43%, 0, 0, 2, 874.10, 372529, 21
494, 0, 0, 20, 20, 1, 30.43%, 0, 0, 2, 868.95, 377024, 21
499, 0, 0, 20, 20, 1, 30.43%, 0, 0, 2, 866.31, 381257, 21
505, 0, 0, 20, 20, 1, 30.43%, 0, 0, 2, 886.22, 385728, 21
510, 0, 0, 20, 20, 1, 30.43%, 0, 0, 2, 884.81, 390114, 21
515, 0, 0, 20, 20, 1, 30.43%, 0, 0, 2, 874.20, 394449, 21
520, 0, 0, 20, 20, 1, 30.43%, 0, 0, 2, 866.23, 398937, 21
525, 0, 0, 20, 20, 1, 30.43%, 0, 0, 2, 882.35, 403408, 21
530, 0, 0, 20, 20, 1, 30.43%, 0, 0, 2, 881.85, 407760, 21
535, 0, 0, 20, 20, 1, 30.43%, 0, 0, 2, 872.09, 412078, 21
540, 0, 0, 20, 20, 1, 30.43%, 0, 0, 2, 877.52, 416583, 21
545, 0, 0, 20, 20, 1, 30.43%, 0, 0, 2, 876.16, 420918, 21
550, 0, 0, 20, 20, 1, 30.43%, 0, 0, 2, 864.02, 425287, 21
555, 0, 0, 20, 20, 1, 30.43%, 0, 0, 2, 871.15, 429775, 21
561, 0, 0, 20, 20, 1, 30.43%, 0, 0, 2, 830.68, 434051, 21
566, 0, 0, 20, 20, 1, 30.43%, 0, 0, 2, 897.39, 438530, 21
571, 0, 0, 20, 20, 1, 30.43%, 0, 0, 2, 888.22, 442865, 21
576, 0, 0, 21, 21, 1, 31.88%, 0, 0, 2, 888.64, 447241, 22
581, 0, 0, 21, 21, 1, 31.88%, 0, 0, 2, 888.98, 451780, 22
586, 0, 0, 21, 21, 1, 31.88%, 0, 0, 2, 884.54, 456302, 22
591, 0, 0, 21, 21, 1, 31.88%, 0, 0, 2, 889.05, 460688, 22
596, 0, 0, 21, 21, 1, 31.88%, 0, 0, 2, 887.57, 465210, 22
601, 0, 0, 21, 21, 1, 31.88%, 0, 0, 2, 892.20, 469732, 22
607, 0, 0, 21, 21, 1, 31.88%, 0, 0, 2, 895.70, 474152, 22
612, 0, 0, 21, 21, 1, 31.88%, 0, 0, 2, 896.43, 478657, 22
617, 0, 0, 21, 21, 1, 31.88%, 0, 0, 2, 901.06, 483094, 22
622, 0, 0, 21, 21, 1, 31.88%, 0, 0, 2, 900.01, 487667, 22
627, 0, 0, 21, 21, 1, 31.88%, 0, 0, 2, 911.81, 492194, 22
632, 0, 0, 21, 21, 1, 31.88%, 0, 0, 2, 903.16, 496766, 22
637, 0, 0, 21, 21, 1, 31.88%, 0, 0, 2, 867.84, 501230, 22
642, 0, 0, 21, 21, 1, 31.88%, 0, 0, 2, 869.51, 505622, 22
647, 0, 0, 21, 21, 1, 31.88%, 0, 0, 2, 869.94, 510014, 22
653, 0, 0, 21, 21, 1, 31.88%, 0, 0, 2, 866.44, 514595, 22
658, 0, 0, 21, 21, 1, 31.88%, 0, 0, 2, 876.30, 519236, 22
663, 0, 0, 21, 21, 1, 31.88%, 0, 0, 2, 881.22, 523877, 22
668, 0, 0, 21, 21, 1, 31.88%, 0, 0, 2, 877.52, 528365, 22
673, 0, 0, 21, 21, 1, 31.88%, 0, 0, 2, 885.17, 533023, 22
678, 0, 0, 21, 21, 1, 31.88%, 0, 0, 2, 890.19, 537494, 22
683, 0, 0, 21, 21, 1, 31.88%, 0, 0, 2, 885.77, 541982, 22
688, 0, 0, 21, 21, 1, 31.88%, 0, 0, 2, 889.45, 546606, 22
693, 0, 0, 21, 21, 1, 31.88%, 0, 0, 2, 888.49, 551111, 22
698, 0, 0, 21, 21, 1, 31.88%, 0, 0, 2, 887.78, 555582, 22
704, 0, 0, 21, 21, 1, 31.88%, 0, 0, 2, 884.56, 560172, 22
709, 0, 0, 21, 21, 1, 31.88%, 0, 0, 2, 887.44, 564796, 22
714, 0, 0, 21, 21, 1, 31.88%, 0, 0, 2, 897.69, 569454, 22
719, 0, 0, 21, 21, 1, 31.88%, 0, 0, 2, 900.10, 574129, 22
724, 0, 0, 21, 21, 1, 31.88%, 0, 0, 2, 898.86, 578600, 22
729, 0, 0, 21, 21, 1, 31.88%, 0, 0, 2, 899.14, 583105, 22
734, 0, 0, 22, 22, 1, 33.33%, 0, 0, 2, 900.47, 587753, 23
739, 0, 0, 22, 22, 1, 33.33%, 0, 0, 2, 899.79, 592241, 23
744, 0, 0, 22, 22, 1, 33.33%, 0, 0, 2, 896.53, 596712, 23
749, 0, 0, 22, 22, 1, 33.33%, 0, 0, 2, 902.25, 601245, 23
755, 0, 0, 22, 22, 1, 33.33%, 0, 0, 2, 905.16, 605853, 23
760, 0, 0, 22, 22, 1, 33.33%, 0, 0, 2, 905.31, 610515, 23
765, 0, 0, 22, 22, 1, 33.33%, 0, 0, 2, 904.63, 615051, 23
770, 0, 0, 22, 22, 1, 33.33%, 0, 0, 2, 909.22, 619749, 23
775, 0, 0, 22, 22, 1, 33.33%, 0, 0, 2, 907.27, 624267, 23
780, 0, 0, 22, 22, 1, 33.33%, 0, 0, 2, 912.09, 628803, 23
785, 0, 0, 22, 22, 1, 33.33%, 0, 0, 2, 912.88, 633303, 23
790, 0, 0, 22, 22, 1, 33.33%, 0, 0, 2, 909.12, 637857, 23
795, 0, 0, 22, 22, 1, 33.33%, 0, 0, 2, 911.16, 642537, 23
801, 0, 0, 22, 22, 1, 33.33%, 0, 0, 2, 909.39, 647055, 23
806, 0, 0, 22, 22, 1, 33.33%, 0, 0, 2, 908.21, 651573, 23
811, 0, 0, 22, 22, 1, 33.33%, 0, 0, 2, 912.13, 656145, 23
816, 0, 0, 22, 22, 1, 33.33%, 0, 0, 2, 915.48, 660789, 23
821, 0, 0, 22, 22, 1, 33.33%, 0, 0, 2, 909.88, 665433, 23
826, 0, 0, 22, 22, 1, 33.33%, 0, 0, 2, 912.05, 669933, 23
831, 0, 0, 22, 22, 1, 33.33%, 0, 0, 2, 913.25, 674631, 23
836, 0, 0, 22, 22, 1, 33.33%, 0, 0, 2, 911.88, 679167, 23
841, 0, 0, 22, 22, 1, 33.33%, 0, 0, 2, 916.99, 683829, 23
847, 0, 0, 23, 23, 1, 36.23%, 0, 0, 2, 920.99, 688516, 25
852, 0, 0, 23, 23, 1, 36.23%, 0, 0, 2, 915.36, 693034, 25
857, 0, 0, 23, 23, 1, 36.23%, 0, 0, 2, 909.78, 697696, 25
862, 0, 0, 23, 23, 1, 36.23%, 0, 0, 2, 895.86, 702268, 25
867, 0, 0, 23, 23, 1, 36.23%, 0, 0, 2, 879.46, 706804, 25
872, 0, 0, 23, 23, 1, 36.23%, 0, 0, 2, 876.91, 711486, 25
877, 0, 0, 23, 23, 1, 36.23%, 0, 0, 2, 882.29, 716144, 25
882, 0, 0, 23, 23, 1, 36.23%, 0, 0, 2, 878.10, 720649, 25
888, 0, 0, 23, 23, 1, 36.23%, 0, 0, 2, 889.10, 725341, 25
893, 0, 0, 23, 23, 1, 36.23%, 0, 0, 2, 880.56, 729846, 25
898, 0, 0, 23, 23, 1, 36.23%, 0, 0, 2, 886.09, 734504, 25
903, 0, 0, 23, 23, 1, 36.23%, 0, 0, 2, 893.06, 739213, 25
908, 0, 0, 23, 23, 1, 36.23%, 0, 0, 2, 895.79, 743752, 25
913, 0, 0, 23, 23, 1, 36.23%, 0, 0, 2, 905.53, 748438, 25
918, 0, 0, 23, 23, 1, 36.23%, 0, 0, 2, 909.25, 753136, 25
923, 0, 0, 23, 23, 1, 36.23%, 0, 0, 2, 904.82, 757690, 25
928, 0, 0, 23, 23, 1, 36.23%, 0, 0, 2, 902.60, 762280, 25
934, 0, 0, 23, 23, 1, 36.23%, 0, 0, 2, 910.89, 766960, 25
939, 0, 0, 23, 23, 1, 36.23%, 0, 0, 2, 904.61, 771568, 25
944, 0, 0, 23, 23, 1, 36.23%, 0, 0, 2, 913.03, 776284, 25
949, 0, 0, 24, 24, 1, 37.68%, 0, 0, 2, 916.84, 781007, 26
954, 0, 0, 24, 24, 1, 37.68%, 0, 0, 2, 911.84, 785651, 26
959, 0, 0, 24, 24, 1, 37.68%, 0, 0, 2, 913.69, 790331, 26
964, 0, 0, 24, 24, 1, 37.68%, 0, 0, 2, 916.93, 795029, 26
970, 0, 0, 24, 24, 1, 37.68%, 0, 0, 2, 915.25, 799673, 26
975, 0, 0, 24, 24, 1, 37.68%, 0, 0, 2, 917.83, 804371, 26
980, 0, 0, 24, 24, 1, 37.68%, 0, 0, 2, 913.28, 808997, 26
985, 0, 0, 24, 24, 1, 37.68%, 0, 0, 2, 916.60, 813659, 26
990, 0, 0, 24, 24, 1, 37.68%, 0, 0, 2, 920.11, 818285, 26
995, 0, 0, 24, 24, 1, 37.68%, 0, 0, 2, 919.57, 823019, 26
1000, 0, 0, 24, 24, 1, 37.68%, 0, 0, 2, 918.92, 827753, 26
1006, 0, 0, 24, 24, 1, 37.68%, 0, 0, 2, 917.18, 832469, 26
1011, 0, 0, 24, 24, 1, 37.68%, 0, 0, 2, 913.49, 837005, 26
1016, 0, 0, 24, 24, 1, 37.68%, 0, 0, 2, 917.52, 841649, 26
1021, 0, 0, 25, 25, 1, 37.68%, 0, 0, 2, 911.75, 846174, 26
1026, 0, 0, 25, 25, 1, 37.68%, 0, 0, 2, 909.09, 850692, 26
1031, 0, 0, 25, 25, 1, 37.68%, 0, 0, 2, 913.14, 855300, 26
1036, 0, 0, 25, 25, 1, 37.68%, 0, 0, 2, 919.86, 859998, 26
1041, 0, 0, 25, 25, 1, 37.68%, 0, 0, 2, 922.57, 864588, 26
1046, 0, 0, 25, 25, 1, 37.68%, 0, 0, 2, 920.62, 869214, 26
1051, 0, 0, 25, 25, 1, 37.68%, 0, 0, 2, 921.87, 873894, 26
1056, 0, 0, 25, 25, 1, 37.68%, 0, 0, 2, 917.17, 878520, 26
1061, 0, 0, 25, 25, 1, 37.68%, 0, 0, 2, 922.16, 883200, 26
1066, 0, 0, 25, 25, 1, 37.68%, 0, 0, 2, 921.11, 887844, 26
1072, 0, 0, 25, 25, 1, 37.68%, 0, 0, 2, 923.81, 892506, 26
1077, 0, 0, 25, 25, 1, 37.68%, 0, 0, 2, 923.05, 897132, 26
1082, 0, 0, 25, 25, 1, 37.68%, 0, 0, 2, 926.43, 901866, 26
1087, 0, 0, 25, 25, 1, 37.68%, 0, 0, 2, 901.96, 906456, 26
1092, 0, 0, 25, 25, 1, 37.68%, 0, 0, 2, 908.95, 911208, 26
1097, 0, 0, 25, 25, 1, 37.68%, 0, 0, 2, 899.34, 915857, 26
1102, 0, 0, 25, 25, 1, 37.68%, 0, 0, 2, 903.40, 920550, 26
1107, 0, 0, 25, 25, 1, 37.68%, 0, 0, 2, 903.14, 925176, 26
1113, 0, 0, 25, 25, 1, 37.68%, 0, 0, 2, 904.13, 929838, 26
1118, 0, 0, 25, 25, 1, 37.68%, 0, 0, 2, 901.07, 934455, 26
1123, 0, 0, 25, 25, 1, 37.68%, 0, 0, 2, 910.24, 939198, 26
1128, 0, 0, 25, 25, 1, 37.68%, 0, 0, 2, 912.38, 943950, 26
1133, 0, 0, 25, 25, 1, 37.68%, 0, 0, 2, 912.35, 948684, 26
1138, 0, 0, 25, 25, 1, 37.68%, 0, 0, 2, 911.66, 953346, 26
1143, 0, 0, 25, 25, 1, 37.68%, 0, 0, 2, 910.21, 957990, 26
1148, 0, 0, 25, 25, 1, 37.68%, 0, 0, 2, 906.58, 962580, 26
1154, 0, 0, 25, 25, 1, 37.68%, 0, 0, 2, 908.80, 967224, 26
1159, 0, 0, 26, 26, 1, 39.13%, 0, 0, 2, 913.17, 971911, 27
1164, 0, 0, 26, 26, 1, 39.13%, 0, 0, 2, 908.14, 976519, 27
1169, 0, 0, 26, 26, 1, 39.13%, 0, 0, 2, 921.98, 981271, 27
1174, 0, 0, 26, 26, 1, 39.13%, 0, 0, 2, 917.50, 985933, 27
1179, 0, 0, 26, 26, 1, 39.13%, 0, 0, 2, 916.30, 990595, 27
1184, 0, 0, 26, 26, 1, 39.13%, 0, 0, 2, 914.52, 995239, 27
1189, 0, 0, 26, 26, 1, 39.13%, 0, 0, 2, 916.37, 999901, 27
1194, 0, 0, 27, 27, 1, 40.58%, 0, 0, 2, 915.61, 1004552, 28
1199, 0, 0, 27, 27, 1, 40.58%, 0, 0, 2, 917.94, 1009250, 28
1205, 0, 0, 27, 27, 1, 40.58%, 0, 0, 2, 915.83, 1013876, 28
1210, 0, 0, 27, 27, 1, 40.58%, 0, 0, 2, 918.67, 1018574, 28
1215, 0, 0, 27, 27, 1, 40.58%, 0, 0, 2, 915.44, 1023236, 28
1220, 0, 0, 27, 27, 1, 40.58%, 0, 0, 2, 916.88, 1027862, 28
1225, 0, 0, 27, 27, 1, 40.58%, 0, 0, 2, 919.20, 1032524, 28
1230, 0, 0, 27, 27, 1, 40.58%, 0, 0, 2, 919.77, 1037204, 28
1235, 0, 0, 27, 27, 1, 40.58%, 0, 0, 2, 916.07, 1041812, 28
1240, 0, 0, 27, 27, 1, 40.58%, 0, 0, 2, 918.62, 1046528, 28
1246, 0, 0, 27, 27, 1, 40.58%, 0, 0, 2, 923.61, 1051280, 28
1251, 0, 0, 27, 27, 1, 40.58%, 0, 0, 2, 922.19, 1055924, 28
1256, 0, 0, 27, 27, 1, 40.58%, 0, 0, 2, 924.12, 1060640, 28
1261, 0, 0, 27, 27, 1, 40.58%, 0, 0, 2, 925.69, 1065302, 28
1266, 0, 0, 27, 27, 1, 40.58%, 0, 0, 2, 923.76, 1069982, 28
1271, 0, 0, 27, 27, 1, 40.58%, 0, 0, 2, 924.11, 1074644, 28
1276, 0, 0, 27, 27, 1, 40.58%, 0, 0, 2, 923.54, 1079324, 28
1281, 0, 0, 27, 27, 1, 40.58%, 0, 0, 2, 921.44, 1083950, 28
1286, 0, 0, 27, 27, 1, 40.58%, 0, 0, 2, 922.17, 1088612, 28
1291, 0, 0, 27, 27, 1, 40.58%, 0, 0, 2, 920.09, 1093238, 28
1297, 0, 0, 27, 27, 1, 40.58%, 0, 0, 2, 921.51, 1097900, 28
1302, 0, 0, 27, 27, 1, 40.58%, 0, 0, 2, 919.98, 1102526, 28
1307, 0, 0, 27, 27, 1, 40.58%, 0, 0, 2, 926.52, 1107260, 28
1312, 0, 0, 27, 27, 1, 40.58%, 0, 0, 2, 904.27, 1111850, 28
1317, 0, 0, 27, 27, 1, 40.58%, 0, 0, 2, 897.39, 1116494, 28
1322, 0, 0, 27, 27, 1, 40.58%, 0, 0, 2, 890.80, 1121138, 28
1327, 0, 0, 27, 27, 1, 40.58%, 0, 0, 2, 897.65, 1125753, 28
1332, 0, 0, 27, 27, 1, 40.58%, 0, 0, 2, 907.85, 1130498, 28
1337, 0, 0, 27, 27, 1, 40.58%, 0, 0, 2, 904.02, 1135160, 28
1343, 0, 0, 27, 27, 1, 40.58%, 0, 0, 2, 904.61, 1139822, 28
1348, 0, 0, 27, 27, 1, 40.58%, 0, 0, 2, 900.53, 1144436, 28
1353, 0, 0, 27, 27, 1, 40.58%, 0, 0, 2, 908.77, 1149146, 28
1358, 0, 0, 27, 27, 1, 40.58%, 0, 0, 2, 907.01, 1153790, 28
1363, 0, 0, 27, 27, 1, 40.58%, 0, 0, 2, 910.03, 1158470, 28
1368, 0, 0, 27, 27, 1, 40.58%, 0, 0, 2, 908.38, 1163132, 28
1373, 0, 0, 27, 27, 1, 40.58%, 0, 0, 2, 911.95, 1167812, 28
1378, 0, 0, 27, 27, 1, 40.58%, 0, 0, 2, 909.93, 1172474, 28
1383, 0, 0, 27, 27, 1, 40.58%, 0, 0, 2, 906.86, 1177100, 28
1388, 0, 0, 27, 27, 1, 40.58%, 0, 0, 2, 911.12, 1181744, 28
1394, 0, 0, 27, 27, 1, 40.58%, 0, 0, 2, 916.61, 1186478, 28
1399, 0, 0, 27, 27, 1, 40.58%, 0, 0, 2, 911.05, 1191122, 28
1404, 0, 0, 27, 27, 1, 40.58%, 0, 0, 2, 917.16, 1195820, 28
1409, 0, 0, 27, 27, 1, 40.58%, 0, 0, 2, 912.62, 1200464, 28
1414, 0, 0, 27, 27, 1, 40.58%, 0, 0, 2, 917.95, 1205126, 28
1419, 0, 0, 27, 27, 1, 40.58%, 0, 0, 2, 920.05, 1209788, 28
1424, 0, 0, 27, 27, 1, 40.58%, 0, 0, 2, 918.05, 1214486, 28
1429, 0, 0, 27, 27, 1, 40.58%, 0, 0, 2, 916.83, 1219130, 28
1434, 0, 0, 27, 27, 1, 40.58%, 0, 0, 2, 922.86, 1223828, 28
1439, 0, 0, 27, 27, 1, 40.58%, 0, 0, 2, 912.91, 1228364, 28
1445, 0, 0, 27, 27, 1, 40.58%, 0, 0, 2, 916.69, 1233008, 28
1450, 0, 0, 27, 27, 1, 40.58%, 0, 0, 2, 917.57, 1237706, 28
1455, 0, 0, 27, 27, 1, 40.58%, 0, 0, 2, 914.21, 1242332, 28
1460, 0, 0, 27, 27, 1, 40.58%, 0, 0, 2, 920.68, 1247030, 28
1465, 0, 0, 27, 27, 1, 40.58%, 0, 0, 2, 919.29, 1251656, 28
1470, 0, 0, 27, 27, 1, 40.58%, 0, 0, 2, 921.34, 1256390, 28
1475, 0, 0, 28, 28, 1, 42.03%, 0, 0, 2, 921.94, 1261041, 29
1480, 0, 0, 28, 28, 1, 42.03%, 0, 0, 2, 915.36, 1265739, 29
1486, 0, 0, 28, 28, 1, 42.03%, 0, 0, 2, 921.41, 1270437, 29
1491, 0, 0, 28, 28, 1, 42.03%, 0, 0, 2, 925.72, 1275081, 29
1496, 0, 0, 28, 28, 1, 42.03%, 0, 0, 2, 926.05, 1279797, 29
1501, 0, 0, 28, 28, 1, 42.03%, 0, 0, 2, 924.35, 1284459, 29
1506, 0, 0, 28, 28, 1, 42.03%, 0, 0, 2, 924.39, 1289175, 29
1511, 0, 0, 28, 28, 1, 42.03%, 0, 0, 2, 923.23, 1293801, 29
1516, 0, 0, 28, 28, 1, 42.03%, 0, 0, 2, 925.59, 1298517, 29
1521, 0, 0, 28, 28, 1, 42.03%, 0, 0, 2, 928.41, 1303179, 29
1526, 0, 0, 28, 28, 1, 42.03%, 0, 0, 2, 925.04, 1307877, 29
1532, 0, 0, 28, 28, 1, 42.03%, 0, 0, 2, 924.06, 1312521, 29
1537, 0, 0, 28, 28, 1, 42.03%, 0, 0, 2, 924.91, 1317201, 29
1542, 0, 0, 28, 28, 1, 42.03%, 0, 0, 2, 927.83, 1321863, 29
1547, 0, 0, 28, 28, 1, 42.03%, 0, 0, 2, 923.74, 1326525, 29
1552, 0, 0, 28, 28, 1, 42.03%, 0, 0, 2, 904.62, 1331133, 29
1557, 0, 0, 29, 29, 1, 42.03%, 0, 0, 2, 898.23, 1335766, 29
1562, 0, 0, 29, 29, 1, 42.03%, 0, 0, 2, 905.32, 1340464, 29
1567, 0, 0, 29, 29, 1, 42.03%, 0, 0, 2, 902.62, 1345126, 29
1572, 0, 0, 29, 29, 1, 42.03%, 0, 0, 2, 908.12, 1349824, 29
1577, 0, 0, 29, 29, 1, 42.03%, 0, 0, 2, 902.78, 1354468, 29
1583, 0, 0, 29, 29, 1, 42.03%, 0, 0, 2, 907.08, 1359166, 29
1588, 0, 0, 29, 29, 1, 42.03%, 0, 0, 2, 905.71, 1363810, 29
1593, 0, 0, 29, 29, 1, 42.03%, 0, 0, 2, 912.26, 1368544, 29
1598, 0, 0, 29, 29, 1, 42.03%, 0, 0, 2, 906.81, 1373188, 29
1603, 0, 0, 29, 29, 1, 42.03%, 0, 0, 2, 905.20, 1377832, 29
1608, 0, 0, 29, 29, 1, 42.03%, 0, 0, 2, 905.47, 1382458, 29
1613, 0, 0, 29, 29, 1, 42.03%, 0, 0, 2, 907.52, 1387120, 29
1618, 0, 0, 29, 29, 1, 42.03%, 0, 0, 2, 907.80, 1391746, 29
1623, 0, 0, 29, 29, 1, 42.03%, 0, 0, 2, 910.47, 1396444, 29
1629, 0, 0, 29, 29, 1, 42.03%, 0, 0, 2, 909.15, 1401088, 29
1634, 0, 0, 29, 29, 1, 42.03%, 0, 0, 2, 919.65, 1405804, 29
1639, 0, 0, 29, 29, 1, 42.03%, 0, 0, 2, 916.84, 1410466, 29
1644, 0, 0, 29, 29, 1, 42.03%, 0, 0, 2, 914.09, 1415146, 29
1649, 0, 0, 29, 29, 1, 42.03%, 0, 0, 2, 914.65, 1419790, 29
1654, 0, 0, 29, 29, 1, 42.03%, 0, 0, 2, 913.47, 1424506, 29
1659, 0, 0, 29, 29, 1, 42.03%, 0, 0, 2, 919.44, 1429258, 29
1664, 0, 0, 29, 29, 1, 42.03%, 0, 0, 2, 914.11, 1433902, 29
1670, 0, 0, 29, 29, 1, 42.03%, 0, 0, 2, 920.90, 1438600, 29
1675, 0, 0, 29, 29, 1, 42.03%, 0, 0, 2, 913.87, 1443262, 29
1680, 0, 0, 29, 29, 1, 42.03%, 0, 0, 2, 917.19, 1447942, 29
1685, 0, 0, 29, 29, 1, 42.03%, 0, 0, 2, 923.84, 1452658, 29
1690, 0, 0, 29, 29, 1, 42.03%, 0, 0, 2, 920.89, 1457320, 29
1695, 0, 0, 29, 29, 1, 42.03%, 0, 0, 2, 923.82, 1462036, 29
1700, 0, 0, 29, 29, 1, 42.03%, 0, 0, 2, 924.92, 1466680, 29
1705, 0, 0, 29, 29, 1, 42.03%, 0, 0, 2, 927.37, 1471432, 29
1710, 0, 0, 29, 29, 1, 42.03%, 0, 0, 2, 922.62, 1476076, 29
1716, 0, 0, 29, 29, 1, 42.03%, 0, 0, 2, 929.82, 1480810, 29
1721, 0, 0, 29, 29, 1, 42.03%, 0, 0, 2, 926.37, 1485472, 29
1726, 0, 0, 29, 29, 1, 42.03%, 0, 0, 2, 927.53, 1490188, 29
1731, 0, 0, 29, 29, 1, 42.03%, 0, 0, 2, 927.71, 1494850, 29
1736, 0, 0, 29, 29, 1, 42.03%, 0, 0, 2, 928.76, 1499584, 29
1741, 0, 0, 29, 29, 1, 42.03%, 0, 0, 2, 926.25, 1504210, 29
1746, 0, 0, 29, 29, 1, 42.03%, 0, 0, 2, 931.87, 1508944, 29
1751, 0, 0, 29, 29, 1, 42.03%, 0, 0, 2, 931.50, 1513624, 29
1756, 0, 0, 29, 29, 1, 42.03%, 0, 0, 2, 930.24, 1518304, 29
1761, 0, 0, 29, 29, 1, 42.03%, 0, 0, 2, 933.25, 1523002, 29
1766, 0, 0, 29, 29, 1, 42.03%, 0, 0, 2, 933.02, 1527682, 29
1771, 0, 0, 29, 29, 1, 42.03%, 0, 0, 2, 936.36, 1532362, 29
1777, 0, 0, 29, 29, 1, 42.03%, 0, 0, 2, 941.32, 1537114, 29
1782, 0, 0, 29, 29, 1, 42.03%, 0, 0, 2, 924.39, 1541758, 29
1787, 0, 0, 29, 29, 1, 42.03%, 0, 0, 2, 909.82, 1546312, 29
1792, 0, 0, 29, 29, 1, 42.03%, 0, 0, 2, 922.19, 1550992, 29
1797, 0, 0, 29, 29, 1, 42.03%, 0, 0, 2, 932.77, 1555672, 29
1802, 0, 0, 29, 29, 1, 42.03%, 0, 0, 2, 917.41, 1560316, 29
1807, 0, 0, 29, 29, 1, 42.03%, 0, 0, 2, 914.08, 1564996, 29
1812, 0, 0, 29, 29, 1, 42.03%, 0, 0, 2, 914.28, 1569676, 29
1817, 0, 0, 29, 29, 1, 42.03%, 0, 0, 2, 912.62, 1574392, 29
1822, 0, 0, 29, 29, 1, 42.03%, 0, 0, 2, 911.87, 1579072, 29
1827, 0, 0, 29, 29, 1, 42.03%, 0, 0, 2, 918.28, 1583806, 29
1832, 0, 0, 29, 29, 1, 42.03%, 0, 0, 2, 916.92, 1588486, 29
1837, 0, 0, 29, 29, 1, 42.03%, 0, 0, 2, 917.06, 1593166, 29
1843, 0, 0, 29, 29, 1, 42.03%, 0, 0, 2, 926.10, 1597918, 29
1848, 0, 0, 29, 29, 1, 42.03%, 0, 0, 2, 922.81, 1602598, 29
1853, 0, 0, 29, 29, 1, 42.03%, 0, 0, 2, 922.17, 1607278, 29
1858, 0, 0, 29, 29, 1, 42.03%, 0, 0, 2, 918.10, 1611958, 29
1863, 0, 0, 29, 29, 1, 42.03%, 0, 0, 2, 924.12, 1616692, 29
1868, 0, 0, 29, 29, 1, 42.03%, 0, 0, 2, 919.68, 1621372, 29
1873, 0, 0, 29, 29, 1, 42.03%, 0, 0, 2, 916.74, 1626034, 29
1878, 0, 0, 29, 29, 1, 42.03%, 0, 0, 2, 921.27, 1630750, 29
1883, 0, 0, 29, 29, 1, 42.03%, 0, 0, 2, 918.05, 1635412, 29
1888, 0, 0, 29, 29, 1, 42.03%, 0, 0, 2, 920.11, 1640092, 29
1893, 0, 0, 29, 29, 1, 42.03%, 0, 0, 2, 921.20, 1644826, 29
1898, 0, 0, 29, 29, 1, 42.03%, 0, 0, 2, 922.26, 1649506, 29
1903, 0, 0, 29, 29, 1, 42.03%, 0, 0, 2, 926.93, 1654258, 29
1908, 0, 0, 29, 29, 1, 42.03%, 0, 0, 2, 927.59, 1658956, 29
1914, 0, 0, 29, 29, 1, 42.03%, 0, 0, 2, 921.83, 1663636, 29
1919, 0, 0, 29, 29, 1, 42.03%, 0, 0, 2, 925.45, 1668388, 29
1924, 0, 0, 29, 29, 1, 42.03%, 0, 0, 2, 923.10, 1673068, 29
1929, 0, 0, 29, 29, 1, 42.03%, 0, 0, 2, 926.54, 1677820, 29
1934, 0, 0, 29, 29, 1, 42.03%, 0, 0, 2, 925.48, 1682500, 29
1939, 0, 0, 29, 29, 1, 42.03%, 0, 0, 2, 919.30, 1687144, 29
1944, 0, 0, 29, 29, 1, 42.03%, 0, 0, 2, 929.11, 1691860, 29
1949, 0, 0, 29, 29, 1, 42.03%, 0, 0, 2, 921.83, 1696540, 29
1954, 0, 0, 29, 29, 1, 42.03%, 0, 0, 2, 925.03, 1701274, 29
1959, 0, 0, 29, 29, 1, 42.03%, 0, 0, 2, 923.76, 1705954, 29
1964, 0, 0, 29, 29, 1, 42.03%, 0, 0, 2, 924.08, 1710706, 29
1970, 0, 0, 29, 29, 1, 42.03%, 0, 0, 2, 924.55, 1715386, 29
1975, 0, 0, 29, 29, 1, 42.03%, 0, 0, 2, 930.48, 1720138, 29
1980, 0, 0, 29, 29, 1, 42.03%, 0, 0, 2, 928.70, 1724818, 29
1985, 0, 0, 29, 29, 1, 42.03%, 0, 0, 2, 925.63, 1729498, 29
1990, 0, 0, 29, 29, 1, 42.03%, 0, 0, 2, 930.81, 1734196, 29
1995, 0, 0, 29, 29, 1, 42.03%, 0, 0, 2, 928.06, 1738876, 29
2000, 0, 0, 29, 29, 1, 42.03%, 0, 0, 2, 929.10, 1743556, 29
2005, 0, 0, 29, 29, 1, 42.03%, 0, 0, 2, 931.93, 1748308, 29
2010, 0, 0, 29, 29, 1, 42.03%, 0, 0, 2, 931.44, 1752988, 29
2015, 0, 0, 29, 29, 1, 42.03%, 0, 0, 2, 924.90, 1757650, 29
2020, 0, 0, 29, 29, 1, 42.03%, 0, 0, 2, 926.87, 1762348, 29
2025, 0, 0, 29, 29, 1, 42.03%, 0, 0, 2, 929.22, 1767028, 29
2031, 0, 0, 29, 29, 1, 42.03%, 0, 0, 2, 932.13, 1771780, 29
2036, 0, 0, 29, 29, 1, 42.03%, 0, 0, 2, 932.72, 1776460, 29
2041, 0, 0, 29, 29, 1, 42.03%, 0, 0, 2, 927.00, 1781122, 29
2046, 0, 0, 29, 29, 1, 42.03%, 0, 0, 2, 931.98, 1785856, 29
2051, 0, 0, 29, 29, 1, 42.03%, 0, 0, 2, 932.18, 1790536, 29
2056, 0, 0, 29, 29, 1, 42.03%, 0, 0, 2, 933.89, 1795288, 29
2061, 0, 0, 29, 29, 1, 42.03%, 0, 0, 2, 934.46, 1799968, 29
2066, 0, 0, 29, 29, 1, 42.03%, 0, 0, 2, 932.63, 1804630, 29
2071, 0, 0, 29, 29, 1, 42.03%, 0, 0, 2, 930.66, 1809364, 29
2076, 0, 0, 29, 29, 1, 42.03%, 0, 0, 2, 931.71, 1814044, 29
2081, 0, 0, 29, 29, 1, 42.03%, 0, 0, 2, 937.32, 1818724, 29
2086, 0, 0, 29, 29, 1, 42.03%, 0, 0, 2, 939.23, 1823458, 29
2091, 0, 0, 29, 29, 1, 42.03%, 0, 0, 2, 938.24, 1828138, 29
2096, 0, 0, 29, 29, 1, 42.03%, 0, 0, 2, 938.88, 1832818, 29
2101, 0, 0, 29, 29, 1, 42.03%, 0, 0, 2, 931.61, 1837462, 29
2106, 0, 0, 29, 29, 1, 42.03%, 0, 0, 2, 932.62, 1842142, 29
2112, 0, 0, 29, 29, 1, 42.03%, 0, 0, 2, 936.27, 1846840, 29
2117, 0, 0, 29, 29, 1, 42.03%, 0, 0, 2, 934.55, 1851520, 29
2122, 0, 0, 29, 29, 1, 42.03%, 0, 0, 2, 936.42, 1856200, 29
2127, 0, 0, 29, 29, 1, 42.03%, 0, 0, 2, 939.49, 1860952, 29
2132, 0, 0, 29, 29, 1, 42.03%, 0, 0, 2, 935.98, 1865632, 29
2137, 0, 0, 29, 29, 1, 42.03%, 0, 0, 2, 938.90, 1870312, 29
2142, 0, 0, 29, 29, 1, 42.03%, 0, 0, 2, 940.31, 1874992, 29
2147, 0, 0, 29, 29, 1, 42.03%, 0, 0, 2, 942.23, 1879672, 29
2152, 0, 0, 29, 29, 1, 42.03%, 0, 0, 2, 923.82, 1884334, 29
2157, 0, 0, 29, 29, 1, 42.03%, 0, 0, 2, 918.94, 1889014, 29
2162, 0, 0, 29, 29, 1, 42.03%, 0, 0, 2, 917.96, 1893694, 29
2167, 0, 0, 29, 29, 1, 42.03%, 0, 0, 2, 919.67, 1898374, 29
2172, 0, 0, 29, 29, 1, 42.03%, 0, 0, 2, 917.11, 1903054, 29
2177, 0, 0, 29, 29, 1, 42.03%, 0, 0, 2, 922.07, 1907788, 29
2182, 0, 0, 29, 29, 1, 42.03%, 0, 0, 2, 919.02, 1912468, 29
2187, 0, 0, 29, 29, 1, 42.03%, 0, 0, 2, 917.16, 1917148, 29
2192, 0, 0, 29, 29, 1, 42.03%, 0, 0, 2, 921.11, 1921828, 29
2197, 0, 0, 29, 29, 1, 42.03%, 0, 0, 2, 925.26, 1926706, 29
2203, 0, 0, 29, 29, 1, 42.03%, 0, 0, 2, 928.03, 1931584, 29
2208, 0, 0, 29, 29, 1, 42.03%, 0, 0, 2, 927.41, 1936264, 29
2213, 0, 0, 29, 29, 1, 42.03%, 0, 0, 2, 930.40, 1941142, 29
2218, 0, 0, 29, 29, 1, 42.03%, 0, 0, 2, 932.33, 1946020, 29
2223, 0, 0, 29, 29, 1, 42.03%, 0, 0, 2, 930.02, 1950700, 29
2228, 0, 0, 29, 29, 1, 42.03%, 0, 0, 2, 933.28, 1955578, 29
2233, 0, 0, 29, 29, 1, 42.03%, 0, 0, 2, 935.58, 1960456, 29
2238, 0, 0, 29, 29, 1, 42.03%, 0, 0, 2, 928.40, 1965136, 29
2244, 0, 0, 29, 29, 1, 42.03%, 0, 0, 2, 924.30, 1969816, 29
2249, 0, 0, 29, 29, 1, 42.03%, 0, 0, 2, 929.75, 1974568, 29
2254, 0, 0, 29, 29, 1, 42.03%, 0, 0, 2, 927.61, 1979248, 29
2259, 0, 0, 29, 29, 1, 42.03%, 0, 0, 2, 925.46, 1983910, 29
2264, 0, 0, 29, 29, 1, 42.03%, 0, 0, 2, 926.90, 1988590, 29
2269, 0, 0, 29, 29, 1, 42.03%, 0, 0, 2, 928.71, 1993324, 29
2274, 0, 0, 29, 29, 1, 42.03%, 0, 0, 2, 927.63, 1998004, 29
2279, 0, 0, 29, 29, 1, 42.03%, 0, 0, 2, 928.57, 2002684, 29
2284, 0, 0, 29, 29, 1, 42.03%, 0, 0, 2, 928.98, 2007364, 29
2289, 0, 0, 29, 29, 1, 42.03%, 0, 0, 2, 928.04, 2012026, 29
2294, 0, 0, 29, 29, 1, 42.03%, 0, 0, 2, 932.82, 2016778, 29
2299, 0, 0, 29, 29, 1, 42.03%, 0, 0, 2, 929.39, 2021458, 29
2304, 0, 0, 29, 29, 1, 42.03%, 0, 0, 2, 927.52, 2026138, 29
2309, 0, 0, 29, 29, 1, 42.03%, 0, 0, 2, 932.28, 2030890, 29
2314, 0, 0, 29, 29, 1, 42.03%, 0, 0, 2, 927.90, 2035552, 29
2319, 0, 0, 29, 29, 1, 42.03%, 0, 0, 2, 928.73, 2040232, 29
2324, 0, 0, 29, 29, 1, 42.03%, 0, 0, 2, 927.59, 2044912, 29
2329, 0, 0, 29, 29, 1, 42.03%, 0, 0, 2, 933.00, 2049646, 29
2335, 0, 0, 29, 29, 1, 42.03%, 0, 0, 2, 931.66, 2054326, 29
2340, 0, 0, 29, 29, 1, 42.03%, 0, 0, 2, 931.47, 2059006, 29
2345, 0, 0, 29, 29, 1, 42.03%, 0, 0, 2, 927.01, 2063686, 29
2350, 0, 0, 29, 29, 1, 42.03%, 0, 0, 2, 933.03, 2068402, 29
2355, 0, 0, 29, 29, 1, 42.03%, 0, 0, 2, 930.56, 2073082, 29
2360, 0, 0, 29, 29, 1, 42.03%, 0, 0, 2, 928.97, 2077762, 29
2365, 0, 0, 29, 29, 1, 42.03%, 0, 0, 2, 934.30, 2082514, 29
2370, 0, 0, 29, 29, 1, 42.03%, 0, 0, 2, 934.52, 2087176, 29
2375, 0, 0, 29, 29, 1, 42.03%, 0, 0, 2, 935.43, 2091856, 29
2380, 0, 0, 29, 29, 1, 42.03%, 0, 0, 2, 932.29, 2096536, 29
2385, 0, 0, 29, 29, 1, 42.03%, 0, 0, 2, 929.64, 2101198, 29
2390, 0, 0, 29, 29, 1, 42.03%, 0, 0, 2, 934.91, 2105950, 29
2395, 0, 0, 29, 29, 1, 42.03%, 0, 0, 2, 936.19, 2110630, 29
2400, 0, 0, 29, 29, 1, 42.03%, 0, 0, 2, 935.12, 2115310, 29
2405, 0, 0, 29, 29, 1, 42.03%, 0, 0, 2, 932.43, 2119990, 29
2410, 0, 0, 29, 29, 1, 42.03%, 0, 0, 2, 935.50, 2124742, 29
2415, 0, 0, 29, 29, 1, 42.03%, 0, 0, 2, 935.37, 2129422, 29
2420, 0, 0, 29, 29, 1, 42.03%, 0, 0, 2, 935.09, 2134102, 29
2425, 0, 0, 29, 29, 1, 42.03%, 0, 0, 2, 933.37, 2138782, 29
2431, 0, 0, 29, 29, 1, 42.03%, 0, 0, 2, 935.34, 2143534, 29
2436, 0, 0, 29, 29, 1, 42.03%, 0, 0, 2, 935.56, 2148232, 29
2441, 0, 0, 29, 29, 1, 42.03%, 0, 0, 2, 932.10, 2152912, 29
2446, 0, 0, 29, 29, 1, 42.03%, 0, 0, 2, 934.95, 2157664, 29
2451, 0, 0, 29, 29, 1, 42.03%, 0, 0, 2, 933.00, 2162344, 29
2456, 0, 0, 29, 29, 1, 42.03%, 0, 0, 2, 932.35, 2167024, 29
2461, 0, 0, 29, 29, 1, 42.03%, 0, 0, 2, 934.40, 2171776, 29
2466, 0, 0, 29, 29, 1, 42.03%, 0, 0, 2, 934.87, 2176456, 29
2471, 0, 0, 29, 29, 1, 42.03%, 0, 0, 2, 933.61, 2181136, 29
2476, 0, 0, 29, 29, 1, 42.03%, 0, 0, 2, 938.29, 2185870, 29
2481, 0, 0, 29, 29, 1, 42.03%, 0, 0, 2, 938.53, 2190550, 29
2486, 0, 0, 29, 29, 1, 42.03%, 0, 0, 2, 936.96, 2195230, 29
2491, 0, 0, 29, 29, 1, 42.03%, 0, 0, 2, 934.39, 2199910, 29
2496, 0, 0, 29, 29, 1, 42.03%, 0, 0, 2, 937.04, 2204662, 29
2501, 0, 0, 29, 29, 1, 42.03%, 0, 0, 2, 938.08, 2209324, 29
2506, 0, 0, 29, 29, 1, 42.03%, 0, 0, 2, 935.76, 2213986, 29
2511, 0, 0, 29, 29, 1, 42.03%, 0, 0, 2, 933.44, 2218666, 29
2517, 0, 0, 29, 29, 1, 42.03%, 0, 0, 2, 937.69, 2223400, 29
2522, 0, 0, 29, 29, 1, 42.03%, 0, 0, 2, 937.99, 2228080, 29
2527, 0, 0, 29, 29, 1, 42.03%, 0, 0, 2, 937.58, 2232760, 29
2532, 0, 0, 29, 29, 1, 42.03%, 0, 0, 2, 935.41, 2237440, 29
2537, 0, 0, 29, 29, 1, 42.03%, 0, 0, 2, 935.66, 2242174, 29
2542, 0, 0, 29, 29, 1, 42.03%, 0, 0, 2, 935.05, 2246836, 29
2547, 0, 0, 29, 29, 1, 42.03%, 0, 0, 2, 933.50, 2251516, 29
2552, 0, 0, 29, 29, 1, 42.03%, 0, 0, 2, 924.07, 2256160, 29
2557, 0, 0, 29, 29, 1, 42.03%, 0, 0, 2, 924.52, 2260840, 29
2562, 0, 0, 29, 29, 1, 42.03%, 0, 0, 2, 921.92, 2265520, 29
2567, 0, 0, 29, 29, 1, 42.03%, 0, 0, 2, 924.02, 2270200, 29
2572, 0, 0, 29, 29, 1, 42.03%, 0, 0, 2, 929.57, 2274934, 29
2577, 0, 0, 29, 29, 1, 42.03%, 0, 0, 2, 926.16, 2279614, 29
2582, 0, 0, 29, 29, 1, 42.03%, 0, 0, 2, 928.70, 2284294, 29
2587, 0, 0, 29, 29, 1, 42.03%, 0, 0, 2, 929.17, 2288974, 29
2592, 0, 0, 29, 29, 1, 42.03%, 0, 0, 2, 926.54, 2293654, 29
2597, 0, 0, 29, 29, 1, 42.03%, 0, 0, 2, 932.17, 2298388, 29
2602, 0, 0, 29, 29, 1, 42.03%, 0, 0, 2, 931.88, 2303068, 29
2607, 0, 0, 29, 29, 1, 42.03%, 0, 0, 2, 930.12, 2307748, 29
2612, 0, 0, 29, 29, 1, 42.03%, 0, 0, 2, 931.21, 2312428, 29
2617, 0, 0, 29, 29, 1, 42.03%, 0, 0, 2, 928.83, 2317108, 29
2622, 0, 0, 29, 29, 1, 42.03%, 0, 0, 2, 930.48, 2321788, 29
2628, 0, 0, 29, 29, 1, 42.03%, 0, 0, 2, 932.36, 2326540, 29
2633, 0, 0, 29, 29, 1, 42.03%, 0, 0, 2, 928.04, 2331220, 29
2638, 0, 0, 29, 29, 1, 42.03%, 0, 0, 2, 930.25, 2335900, 29
2643, 0, 0, 29, 29, 1, 42.03%, 0, 0, 2, 935.81, 2340598, 29
2648, 0, 0, 29, 29, 1, 42.03%, 0, 0, 2, 929.69, 2345314, 29
2653, 0, 0, 29, 29, 1, 42.03%, 0, 0, 2, 933.52, 2349994, 29
2658, 0, 0, 29, 29, 1, 42.03%, 0, 0, 2, 928.71, 2354656, 29
2663, 0, 0, 29, 29, 1, 42.03%, 0, 0, 2, 934.75, 2359408, 29
2668, 0, 0, 29, 29, 1, 42.03%, 0, 0, 2, 931.68, 2364088, 29
2673, 0, 0, 29, 29, 1, 42.03%, 0, 0, 2, 933.67, 2368768, 29
2678, 0, 0, 29, 29, 1, 42.03%, 0, 0, 2, 936.07, 2373520, 29
2683, 0, 0, 29, 29, 1, 42.03%, 0, 0, 2, 934.35, 2378200, 29
2688, 0, 0, 29, 29, 1, 42.03%, 0, 0, 2, 932.88, 2382880, 29
2693, 0, 0, 29, 29, 1, 42.03%, 0, 0, 2, 931.91, 2387560, 29
2698, 0, 0, 29, 29, 1, 42.03%, 0, 0, 2, 934.08, 2392294, 29
2703, 0, 0, 29, 29, 1, 42.03%, 0, 0, 2, 934.75, 2396974, 29
2708, 0, 0, 29, 29, 1, 42.03%, 0, 0, 2, 933.48, 2401654, 29
2714, 0, 0, 29, 29, 1, 42.03%, 0, 0, 2, 935.81, 2406406, 29
2719, 0, 0, 29, 29, 1, 42.03%, 0, 0, 2, 935.99, 2411086, 29
2724, 0, 0, 29, 29, 1, 42.03%, 0, 0, 2, 934.63, 2415766, 29
2729, 0, 0, 29, 29, 1, 42.03%, 0, 0, 2, 935.43, 2420518, 29
2734, 0, 0, 29, 29, 1, 42.03%, 0, 0, 2, 934.86, 2425180, 29
2739, 0, 0, 29, 29, 1, 42.03%, 0, 0, 2, 931.32, 2429860, 29
2744, 0, 0, 29, 29, 1, 42.03%, 0, 0, 2, 934.38, 2434594, 29
2749, 0, 0, 29, 29, 1, 42.03%, 0, 0, 2, 935.10, 2439274, 29
2754, 0, 0, 29, 29, 1, 42.03%, 0, 0, 2, 935.58, 2443954, 29
2759, 0, 0, 29, 29, 1, 42.03%, 0, 0, 2, 941.56, 2448706, 29
2764, 0, 0, 29, 29, 1, 42.03%, 0, 0, 2, 934.38, 2453386, 29
2769, 0, 0, 29, 29, 1, 42.03%, 0, 0, 2, 932.79, 2458066, 29
2774, 0, 0, 29, 29, 1, 42.03%, 0, 0, 2, 937.46, 2462800, 29
2779, 0, 0, 29, 29, 1, 42.03%, 0, 0, 2, 936.41, 2467480, 29
2785, 0, 0, 29, 29, 1, 42.03%, 0, 0, 2, 934.42, 2472142, 29
2790, 0, 0, 29, 29, 1, 42.03%, 0, 0, 2, 921.93, 2476822, 29
2795, 0, 0, 29, 29, 1, 42.03%, 0, 0, 2, 917.02, 2481484, 29
2800, 0, 0, 29, 29, 1, 42.03%, 0, 0, 2, 918.35, 2486164, 29
2805, 0, 0, 29, 29, 1, 42.03%, 0, 0, 2, 916.80, 2490844, 29
2810, 0, 0, 29, 29, 1, 42.03%, 0, 0, 2, 919.85, 2495578, 29
2815, 0, 0, 29, 29, 1, 42.03%, 0, 0, 2, 914.96, 2500258, 29
2820, 0, 0, 30, 30, 1, 42.03%, 0, 0, 2, 915.08, 2504945, 29
2825, 0, 0, 30, 30, 1, 42.03%, 0, 0, 2, 921.23, 2509679, 29
2830, 0, 0, 30, 30, 1, 42.03%, 0, 0, 2, 919.48, 2514359, 29
2835, 0, 0, 30, 30, 1, 42.03%, 0, 0, 2, 917.34, 2519039, 29
2840, 0, 0, 30, 30, 1, 42.03%, 0, 0, 2, 925.14, 2523791, 29
2845, 0, 0, 30, 30, 1, 42.03%, 0, 0, 2, 919.77, 2528471, 29
2850, 0, 0, 30, 30, 1, 42.03%, 0, 0, 2, 917.61, 2533151, 29
2855, 0, 0, 30, 30, 1, 42.03%, 0, 0, 2, 923.98, 2537885, 29
2860, 0, 0, 30, 30, 1, 42.03%, 0, 0, 2, 921.40, 2542565, 29
2866, 0, 0, 30, 30, 1, 42.03%, 0, 0, 2, 925.31, 2547245, 29
2871, 0, 0, 30, 30, 1, 42.03%, 0, 0, 2, 922.99, 2551925, 29
2876, 0, 0, 30, 30, 1, 42.03%, 0, 0, 2, 927.98, 2556677, 29
2881, 0, 0, 30, 30, 1, 42.03%, 0, 0, 2, 919.99, 2561339, 29
2886, 0, 0, 30, 30, 1, 42.03%, 0, 0, 2, 924.28, 2566019, 29
2891, 0, 0, 30, 30, 1, 42.03%, 0, 0, 2, 923.17, 2570699, 29
2896, 0, 0, 30, 30, 1, 42.03%, 0, 0, 2, 931.01, 2575451, 29
2901, 0, 0, 30, 30, 1, 42.03%, 0, 0, 2, 924.70, 2580131, 29
2906, 0, 0, 30, 30, 1, 42.03%, 0, 0, 2, 922.70, 2584811, 29
2911, 0, 0, 30, 30, 1, 42.03%, 0, 0, 2, 925.13, 2589563, 29
2916, 0, 0, 30, 30, 1, 42.03%, 0, 0, 2, 927.65, 2594243, 29
2921, 0, 0, 30, 30, 1, 42.03%, 0, 0, 2, 930.73, 2598923, 29
2926, 0, 0, 30, 30, 1, 42.03%, 0, 0, 2, 930.19, 2603603, 29
2931, 0, 0, 30, 30, 1, 42.03%, 0, 0, 2, 928.45, 2608283, 29
2936, 0, 0, 30, 30, 1, 42.03%, 0, 0, 2, 922.08, 2612945, 29
2941, 0, 0, 30, 30, 1, 42.03%, 0, 0, 2, 931.60, 2617697, 29
2946, 0, 0, 30, 30, 1, 42.03%, 0, 0, 2, 926.58, 2622377, 29
2951, 0, 0, 30, 30, 1, 42.03%, 0, 0, 2, 923.10, 2627039, 29
2956, 0, 0, 30, 30, 1, 42.03%, 0, 0, 2, 934.07, 2631791, 29
2962, 0, 0, 30, 30, 1, 42.03%, 0, 0, 2, 931.02, 2636471, 29
2967, 0, 0, 30, 30, 1, 42.03%, 0, 0, 2, 931.42, 2641151, 29
2972, 0, 0, 30, 30, 1, 42.03%, 0, 0, 2, 932.91, 2645831, 29
2977, 0, 0, 30, 30, 1, 42.03%, 0, 0, 2, 935.22, 2650709, 29
2982, 0, 0, 30, 30, 1, 42.03%, 0, 0, 2, 926.48, 2655371, 29
2987, 0, 0, 30, 30, 1, 42.03%, 0, 0, 2, 932.67, 2660105, 29
2992, 0, 0, 30, 30, 1, 42.03%, 0, 0, 2, 931.62, 2664785, 29
2997, 0, 0, 30, 30, 1, 42.03%, 0, 0, 2, 932.61, 2669465, 29
3002, 0, 0, 30, 30, 1, 42.03%, 0, 0, 2, 932.74, 2674145, 29
3007, 0, 0, 30, 30, 1, 42.03%, 0, 0, 2, 932.56, 2678825, 29
3012, 0, 0, 30, 30, 1, 42.03%, 0, 0, 2, 927.94, 2683505, 29
3017, 0, 0, 30, 30, 1, 42.03%, 0, 0, 2, 930.42, 2688239, 29
3022, 0, 0, 30, 30, 1, 42.03%, 0, 0, 2, 931.35, 2692901, 29
3027, 0, 0, 30, 30, 1, 42.03%, 0, 0, 2, 929.64, 2697581, 29
3032, 0, 0, 30, 30, 1, 42.03%, 0, 0, 2, 927.23, 2702261, 29
3037, 0, 0, 30, 30, 1, 42.03%, 0, 0, 2, 929.13, 2706959, 29
3042, 0, 0, 30, 30, 1, 42.03%, 0, 0, 2, 928.96, 2711639, 29
3047, 0, 0, 30, 30, 1, 42.03%, 0, 0, 2, 929.75, 2716319, 29
3053, 0, 0, 30, 30, 1, 42.03%, 0, 0, 2, 931.55, 2721053, 29
3058, 0, 0, 30, 30, 1, 42.03%, 0, 0, 2, 932.03, 2725733, 29
3063, 0, 0, 30, 30, 1, 42.03%, 0, 0, 2, 931.13, 2730395, 29
3068, 0, 0, 30, 30, 1, 42.03%, 0, 0, 2, 928.87, 2735057, 29
3073, 0, 0, 30, 30, 1, 42.03%, 0, 0, 2, 931.68, 2739809, 29
3078, 0, 0, 30, 30, 1, 42.03%, 0, 0, 2, 931.81, 2744489, 29
3083, 0, 0, 30, 30, 1, 42.03%, 0, 0, 2, 931.62, 2749169, 29
3088, 0, 0, 30, 30, 1, 42.03%, 0, 0, 2, 935.56, 2753903, 29
3093, 0, 0, 30, 30, 1, 42.03%, 0, 0, 2, 931.65, 2758583, 29
3098, 0, 0, 30, 30, 1, 42.03%, 0, 0, 2, 929.25, 2763263, 29
3103, 0, 0, 30, 30, 1, 42.03%, 0, 0, 2, 930.19, 2767979, 29
3108, 0, 0, 30, 30, 1, 42.03%, 0, 0, 2, 933.49, 2772659, 29
3113, 0, 0, 30, 30, 1, 42.03%, 0, 0, 2, 932.04, 2777339, 29
3118, 0, 0, 30, 30, 1, 42.03%, 0, 0, 2, 934.23, 2782091, 29
3123, 0, 0, 30, 30, 1, 42.03%, 0, 0, 2, 934.93, 2786771, 29
3128, 0, 0, 30, 30, 1, 42.03%, 0, 0, 2, 932.87, 2791451, 29
3134, 0, 0, 30, 30, 1, 42.03%, 0, 0, 2, 935.24, 2796203, 29
3139, 0, 0, 30, 30, 1, 42.03%, 0, 0, 2, 935.52, 2800883, 29
3144, 0, 0, 30, 30, 1, 42.03%, 0, 0, 2, 938.05, 2805563, 29
3149, 0, 0, 30, 30, 1, 42.03%, 0, 0, 2, 934.83, 2810243, 29
3154, 0, 0, 30, 30, 1, 42.03%, 0, 0, 2, 938.19, 2814977, 29
3159, 0, 0, 30, 30, 1, 42.03%, 0, 0, 2, 938.94, 2819657, 29
3164, 0, 0, 30, 30, 1, 42.03%, 0, 0, 2, 937.20, 2824337, 29
3169, 0, 0, 30, 30, 1, 42.03%, 0, 0, 2, 936.51, 2829017, 29
3174, 0, 0, 30, 30, 1, 42.03%, 0, 0, 2, 930.76, 2833751, 29
3179, 0, 0, 30, 30, 1, 42.03%, 0, 0, 2, 931.96, 2838431, 29
3184, 0, 0, 30, 30, 1, 42.03%, 0, 0, 2, 935.56, 2843183, 29
3189, 0, 0, 30, 30, 1, 42.03%, 0, 0, 2, 935.31, 2847863, 29
3194, 0, 0, 30, 30, 1, 42.03%, 0, 0, 2, 935.78, 2852543, 29
3199, 0, 0, 30, 30, 1, 42.03%, 0, 0, 2, 933.11, 2857223, 29
3204, 0, 0, 30, 30, 1, 42.03%, 0, 0, 2, 936.01, 2861939, 29
3209, 0, 0, 30, 30, 1, 42.03%, 0, 0, 2, 933.89, 2866619, 29
3215, 0, 0, 30, 30, 1, 42.03%, 0, 0, 2, 916.44, 2871281, 29
3220, 0, 0, 30, 30, 1, 42.03%, 0, 0, 2, 914.37, 2875943, 29
3225, 0, 0, 30, 30, 1, 42.03%, 0, 0, 2, 912.11, 2880623, 29
3230, 0, 0, 30, 30, 1, 42.03%, 0, 0, 2, 917.57, 2885357, 29
3235, 0, 0, 30, 30, 1, 42.03%, 0, 0, 2, 918.08, 2890037, 29
3240, 0, 0, 30, 30, 1, 42.03%, 0, 0, 2, 916.19, 2894717, 29
3245, 0, 0, 30, 30, 1, 42.03%, 0, 0, 2, 916.88, 2899397, 29
3250, 0, 0, 30, 30, 1, 42.03%, 0, 0, 2, 915.36, 2904095, 29
3255, 0, 0, 30, 30, 1, 42.03%, 0, 0, 2, 917.73, 2908775, 29
3260, 0, 0, 30, 30, 1, 42.03%, 0, 0, 2, 920.85, 2913455, 29
3265, 0, 0, 30, 30, 1, 42.03%, 0, 0, 2, 914.88, 2918117, 29
3270, 0, 0, 30, 30, 1, 42.03%, 0, 0, 2, 917.88, 2922815, 29
3275, 0, 0, 30, 30, 1, 42.03%, 0, 0, 2, 920.39, 2927495, 29
3280, 0, 0, 30, 30, 1, 42.03%, 0, 0, 2, 919.46, 2932175, 29
3285, 0, 0, 30, 30, 1, 42.03%, 0, 0, 2, 923.33, 2936927, 29
3290, 0, 0, 30, 30, 1, 42.03%, 0, 0, 2, 922.00, 2941607, 29
3296, 0, 0, 30, 30, 1, 42.03%, 0, 0, 2, 923.46, 2946287, 29
3301, 0, 0, 30, 30, 1, 42.03%, 0, 0, 2, 922.41, 2950967, 29
3306, 0, 0, 30, 30, 1, 42.03%, 0, 0, 2, 926.49, 2955701, 29
3311, 0, 0, 30, 30, 1, 42.03%, 0, 0, 2, 924.26, 2960381, 29
3316, 0, 0, 30, 30, 1, 42.03%, 0, 0, 2, 921.70, 2965061, 29
3321, 0, 0, 30, 30, 1, 42.03%, 0, 0, 2, 921.47, 2969723, 29
3326, 0, 0, 30, 30, 1, 42.03%, 0, 0, 2, 926.50, 2974457, 29
3331, 0, 0, 30, 30, 1, 42.03%, 0, 0, 2, 923.91, 2979137, 29
3336, 0, 0, 30, 30, 1, 42.03%, 0, 0, 2, 925.90, 2983817, 29
3341, 0, 0, 30, 30, 1, 42.03%, 0, 0, 2, 922.08, 2988497, 29
3346, 0, 0, 30, 30, 1, 42.03%, 0, 0, 2, 924.62, 2993213, 29
3351, 0, 0, 30, 30, 1, 42.03%, 0, 0, 2, 923.27, 2997893, 29
3356, 0, 0, 30, 30, 1, 42.03%, 0, 0, 2, 924.83, 3002573, 29
3361, 0, 0, 30, 30, 1, 42.03%, 0, 0, 2, 925.82, 3007289, 29
3366, 0, 0, 30, 30, 1, 42.03%, 0, 0, 2, 924.36, 3011951, 29
3371, 0, 0, 30, 30, 1, 42.03%, 0, 0, 2, 926.58, 3016631, 29
3376, 0, 0, 30, 30, 1, 42.03%, 0, 0, 2, 926.37, 3021311, 29
3381, 0, 0, 30, 30, 1, 42.03%, 0, 0, 2, 928.26, 3025991, 29
3386, 0, 0, 30, 30, 1, 42.03%, 0, 0, 2, 929.27, 3030707, 29
3392, 0, 0, 30, 30, 1, 42.03%, 0, 0, 2, 930.16, 3035387, 29
3397, 0, 0, 30, 30, 1, 42.03%, 0, 0, 2, 928.37, 3040067, 29
3402, 0, 0, 30, 30, 1, 42.03%, 0, 0, 2, 927.56, 3044747, 29
3407, 0, 0, 30, 30, 1, 42.03%, 0, 0, 2, 929.83, 3049481, 29
3412, 0, 0, 30, 30, 1, 42.03%, 0, 0, 2, 927.40, 3054161, 29
3417, 0, 0, 30, 30, 1, 42.03%, 0, 0, 2, 925.52, 3058841, 29
3422, 0, 0, 30, 30, 1, 42.03%, 0, 0, 2, 930.09, 3063575, 29
3427, 0, 0, 30, 30, 1, 42.03%, 0, 0, 2, 926.50, 3068255, 29
3432, 0, 0, 30, 30, 1, 42.03%, 0, 0, 2, 924.87, 3072917, 29
3437, 0, 0, 30, 30, 1, 42.03%, 0, 0, 2, 925.65, 3077633, 29
3442, 0, 0, 30, 30, 1, 42.03%, 0, 0, 2, 927.25, 3082313, 29
3447, 0, 0, 30, 30, 1, 42.03%, 0, 0, 2, 925.61, 3086993, 29
3452, 0, 0, 30, 30, 1, 42.03%, 0, 0, 2, 927.83, 3091691, 29
3457, 0, 0, 30, 30, 1, 42.03%, 0, 0, 2, 930.48, 3096371, 29
3462, 0, 0, 30, 30, 1, 42.03%, 0, 0, 2, 930.83, 3101033, 29
3467, 0, 0, 30, 30, 1, 42.03%, 0, 0, 2, 930.98, 3105713, 29
3473, 0, 0, 30, 30, 1, 42.03%, 0, 0, 2, 931.39, 3110447, 29
3478, 0, 0, 30, 30, 1, 42.03%, 0, 0, 2, 935.16, 3115127, 29
3483, 0, 0, 30, 30, 1, 42.03%, 0, 0, 2, 935.36, 3119807, 29
3488, 0, 0, 30, 30, 1, 42.03%, 0, 0, 2, 930.42, 3124469, 29
3493, 0, 0, 30, 30, 1, 42.03%, 0, 0, 2, 935.25, 3129149, 29
3498, 0, 0, 30, 30, 1, 42.03%, 0, 0, 2, 934.09, 3133883, 29
3503, 0, 0, 30, 30, 1, 42.03%, 0, 0, 2, 933.69, 3138563, 29
3508, 0, 0, 30, 30, 1, 42.03%, 0, 0, 2, 933.33, 3143243, 29
3513, 0, 0, 30, 30, 1, 42.03%, 0, 0, 2, 932.51, 3147923, 29
3518, 0, 0, 30, 30, 1, 42.03%, 0, 0, 2, 933.96, 3152675, 29
3523, 0, 0, 30, 30, 1, 42.03%, 0, 0, 2, 931.88, 3157355, 29
3528, 0, 0, 30, 30, 1, 42.03%, 0, 0, 2, 932.27, 3162035, 29
3533, 0, 0, 30, 30, 1, 42.03%, 0, 0, 2, 940.05, 3166787, 29
3538, 0, 0, 30, 30, 1, 42.03%, 0, 0, 2, 939.83, 3171467, 29
3543, 0, 0, 30, 30, 1, 42.03%, 0, 0, 2, 933.74, 3176147, 29
3548, 0, 0, 30, 30, 1, 42.03%, 0, 0, 2, 933.93, 3180827, 29
3553, 0, 0, 30, 30, 1, 42.03%, 0, 0, 2, 933.44, 3185507, 29
3558, 0, 0, 30, 30, 1, 42.03%, 0, 0, 2, 937.77, 3190241, 29
3563, 0, 0, 30, 30, 1, 42.03%, 0, 0, 2, 932.78, 3194921, 29
3568, 0, 0, 30, 30, 1, 42.03%, 0, 0, 2, 932.89, 3199601, 29
3574, 0, 0, 30, 30, 1, 42.03%, 0, 0, 2, 938.32, 3204353, 29
3579, 0, 0, 30, 30, 1, 42.03%, 0, 0, 2, 938.73, 3209033, 29
3584, 0, 0, 30, 30, 1, 42.03%, 0, 0, 2, 929.17, 3213713, 29
3589, 0, 0, 30, 30, 1, 42.03%, 0, 0, 2, 933.93, 3218465, 29
3594, 0, 21, 31, 30, 8, 42.03%, 0, 0, 2, 933.74, 3223127, 29
3599, 0, 26, 38, 28, 0, 42.03%, 0, 0, 3, 934.29, 3227764, 29
3604, 0, 38, 44, 32, 0, 42.03%, 0, 0, 4, 937.29, 3232587, 29
3609, 0, 38, 48, 36, 0, 42.03%, 0, 0, 4, 942.89, 3237463, 29
3614, 0, 43, 51, 35, 0, 42.03%, 0, 0, 6, 935.33, 3242238, 29
3620, 0, 44, 56, 40, 0, 42.03%, 0, 0, 6, 922.23, 3247013, 29
3625, 0, 45, 56, 40, 0, 42.03%, 0, 0, 6, 914.81, 3251672, 29
3630, 0, 45, 58, 42, 0, 42.03%, 0, 0, 6, 917.09, 3256511, 29
3635, 0, 27, 58, 41, 0, 42.03%, 0, 0, 6, 917.56, 3261332, 29
3640, 0, 52, 58, 41, 0, 42.03%, 0, 0, 6, 918.75, 3266149, 29
3645, 0, 45, 59, 42, 0, 42.03%, 0, 0, 6, 921.63, 3270966, 29
3650, 0, 45, 61, 44, 0, 42.03%, 0, 0, 6, 925.68, 3275623, 29
3656, 0, 48, 61, 44, 0, 42.03%, 0, 0, 6, 926.27, 3280478, 29
3661, 1, 45, 61, 44, 0, 42.03%, 0, 0, 6, 922.52, 3285120, 29
3666, 1, 26, 65, 47, 0, 42.03%, 0, 0, 6, 923.49, 3289765, 29
3671, 1, 23, 66, 48, 0, 42.03%, 0, 0, 6, 927.08, 3294422, 29
3676, 1, 60, 67, 48, 0, 42.03%, 0, 0, 6, 924.52, 3299251, 29
3681, 1, 60, 68, 49, 0, 42.03%, 0, 0, 6, 928.04, 3303912, 29
3686, 1, 44, 68, 49, 0, 42.03%, 0, 0, 6, 921.63, 3308546, 29
3691, 1, 23, 68, 49, 0, 42.03%, 0, 0, 6, 929.73, 3313220, 29
3696, 1, 60, 68, 49, 0, 42.03%, 0, 0, 6, 925.71, 3317883, 29
3701, 1, 44, 68, 49, 0, 42.03%, 0, 0, 6, 925.94, 3322534, 29
3706, 1, 45, 68, 49, 0, 42.03%, 0, 0, 6, 923.94, 3327358, 29
3711, 2, 48, 70, 51, 0, 42.03%, 0, 0, 6, 924.46, 3332032, 29
3716, 2, 45, 76, 55, 0, 42.03%, 0, 0, 6, 915.71, 3336626, 29
3721, 2, 65, 78, 57, 0, 42.03%, 0, 0, 6, 920.45, 3341421, 29
3726, 2, 65, 83, 61, 0, 42.03%, 0, 0, 7, 915.71, 3346186, 29
3732, 2, 45, 84, 62, 0, 42.03%, 0, 0, 7, 918.79, 3350819, 29
3737, 2, 45, 84, 62, 0, 42.03%, 0, 0, 7, 921.20, 3355601, 29
3742, 2, 45, 86, 64, 0, 42.03%, 0, 0, 7, 916.51, 3360185, 29
3747, 2, 65, 88, 66, 0, 42.03%, 0, 0, 7, 917.85, 3364786, 29
3752, 2, 45, 88, 66, 0, 42.03%, 0, 0, 7, 921.23, 3369569, 29
3757, 2, 52, 89, 67, 0, 42.03%, 0, 0, 7, 921.48, 3374175, 29
3762, 2, 45, 90, 67, 0, 42.03%, 0, 0, 7, 914.94, 3378785, 29
3767, 2, 86, 91, 67, 0, 42.03%, 0, 0, 7, 910.10, 3383360, 29
3772, 2, 52, 91, 65, 0, 42.03%, 0, 0, 7, 910.32, 3387934, 29
3777, 3, 45, 91, 65, 0, 42.03%, 0, 0, 7, 920.25, 3392607, 29
3782, 3, 45, 91, 64, 0, 42.03%, 0, 0, 7, 917.64, 3397216, 29
3787, 3, 58, 91, 63, 0, 42.03%, 0, 0, 7, 920.37, 3401841, 29
3792, 3, 44, 92, 63, 0, 42.03%, 0, 0, 7, 909.43, 3406516, 29
3797, 3, 45, 92, 62, 0, 42.03%, 0, 0, 7, 908.01, 3411048, 29
3802, 3, 91, 92, 62, 0, 42.03%, 0, 0, 7, 823.06, 3415267, 29
3807, 3, 45, 92, 61, 0, 42.03%, 0, 0, 7, 870.33, 3419528, 29
3813, 3, 0, 92, 61, 0, 42.03%, 0, 0, 7, 899.51, 3424203, 29
3818, 3, 21, 92, 60, 0, 42.03%, 0, 0, 7, 917.32, 3428767, 29
3823, 3, 52, 92, 60, 0, 42.03%, 0, 0, 7, 916.78, 3433366, 29
3828, 3, 71, 92, 60, 0, 42.03%, 0, 0, 7, 905.01, 3437867, 29
3833, 3, 65, 92, 58, 0, 42.03%, 0, 0, 7, 918.23, 3442468, 29
3838, 3, 26, 92, 58, 0, 42.03%, 0, 0, 7, 883.82, 3447060, 29
3843, 4, 45, 92, 58, 0, 42.03%, 0, 0, 7, 894.77, 3451610, 29
3848, 4, 45, 92, 58, 0, 42.03%, 0, 0, 7, 886.57, 3456297, 29
3853, 4, 21, 93, 59, 0, 42.03%, 0, 0, 7, 901.59, 3460947, 29
3858, 4, 60, 93, 59, 0, 42.03%, 0, 0, 7, 897.52, 3465494, 29
3863, 4, 65, 93, 59, 0, 42.03%, 0, 0, 7, 899.67, 3470063, 29
3869, 4, 45, 94, 59, 0, 42.03%, 0, 0, 7, 895.57, 3474750, 29
3874, 4, 45, 94, 58, 0, 42.03%, 0, 0, 7, 903.30, 3479309, 29
3879, 4, 65, 94, 58, 0, 42.03%, 0, 0, 7, 895.73, 3483823, 29
3884, 4, 45, 94, 57, 0, 42.03%, 0, 0, 7, 903.58, 3488550, 29
3889, 4, 45, 94, 57, 0, 42.03%, 0, 0, 7, 904.72, 3493296, 29
3894, 4, 52, 94, 57, 0, 42.03%, 0, 0, 7, 901.92, 3497868, 29
3899, 4, 45, 94, 57, 0, 42.03%, 0, 0, 7, 907.87, 3502501, 29
3904, 4, 45, 94, 56, 0, 42.03%, 0, 0, 7, 900.95, 3507010, 29
3909, 5, 65, 95, 57, 0, 42.03%, 0, 0, 7, 894.56, 3511689, 29
3915, 5, 57, 95, 56, 0, 42.03%, 0, 0, 7, 901.61, 3516365, 29
3920, 5, 44, 95, 56, 0, 42.03%, 0, 0, 7, 910.52, 3521109, 29
3925, 5, 52, 95, 56, 0, 42.03%, 0, 0, 7, 901.77, 3525635, 29
3930, 5, 26, 95, 56, 0, 42.03%, 0, 0, 7, 892.22, 3530121, 29
3935, 5, 65, 95, 56, 0, 42.03%, 0, 0, 7, 910.23, 3534867, 29
3940, 5, 45, 95, 56, 0, 42.03%, 0, 0, 7, 899.12, 3539500, 29
3945, 5, 94, 95, 56, 0, 42.03%, 0, 0, 7, 659.42, 3542931, 29
3950, 5, 48, 95, 55, 0, 42.03%, 0, 0, 7, 743.46, 3546311, 29
3955, 5, 45, 96, 55, 0, 42.03%, 0, 0, 7, 834.82, 3550691, 29
3961, 5, 45, 96, 55, 0, 42.03%, 0, 0, 7, 855.12, 3555262, 29
3966, 5, 45, 96, 55, 0, 42.03%, 0, 0, 7, 891.02, 3559923, 29
3971, 5, 77, 96, 55, 0, 42.03%, 0, 0, 7, 881.26, 3564285, 29
3976, 5, 45, 96, 54, 0, 42.03%, 0, 0, 7, 909.96, 3568847, 29
3981, 6, 45, 96, 54, 0, 42.03%, 0, 0, 7, 897.62, 3573305, 29
3986, 6, 45, 96, 53, 0, 42.03%, 0, 0, 7, 903.78, 3577938, 29
3991, 6, 52, 96, 53, 0, 42.03%, 0, 0, 7, 902.30, 3582581, 29
3996, 6, 26, 96, 53, 0, 42.03%, 0, 0, 7, 903.67, 3587060, 29
4001, 6, 21, 96, 52, 0, 42.03%, 0, 0, 7, 895.94, 3591690, 29
4006, 6, 78, 96, 52, 0, 42.03%, 0, 0, 7, 852.85, 3595972, 29
4011, 6, 21, 96, 51, 0, 42.03%, 0, 0, 7, 885.79, 3600448, 29
4016, 6, 45, 96, 51, 0, 42.03%, 0, 0, 7, 885.17, 3604893, 29
4022, 6, 65, 96, 50, 0, 42.03%, 0, 0, 7, 866.23, 3609301, 29
4027, 6, 29, 96, 50, 0, 42.03%, 0, 0, 7, 878.17, 3613834, 29
4032, 6, 57, 96, 49, 0, 42.03%, 0, 0, 7, 886.99, 3618288, 29
4037, 6, 45, 96, 49, 0, 42.03%, 0, 0, 7, 885.20, 3622719, 29
4042, 6, 45, 96, 49, 0, 42.03%, 0, 0, 7, 910.27, 3627393, 29
4047, 7, 65, 96, 49, 0, 42.03%, 0, 0, 7, 921.49, 3632007, 29
4052, 7, 45, 96, 49, 0, 42.03%, 0, 0, 7, 901.60, 3636475, 29
4057, 7, 60, 96, 48, 0, 42.03%, 0, 0, 7, 898.68, 3641028, 29
4058, 7, 60, 96, 48, 0, 42.03%, 1, 0, 7, 0.00, 3641278, 29
