# relative_time, cycles_done, cur_item, corpus_count, pending_total, pending_favs, map_size, saved_crashes, saved_hangs, max_depth, execs_per_sec, total_execs, edges_found
63, 0, 0, 9, 7, 0, 28.81%, 0, 0, 2, 2.68, 3131, 17
93, 0, 0, 12, 10, 0, 28.81%, 0, 0, 2, 2.67, 5222, 17
98, 0, 0, 12, 9, 0, 28.81%, 0, 0, 2, 529.81, 7825, 17
121, 0, 0, 12, 9, 0, 28.81%, 0, 0, 2, 0.46, 8793, 17
126, 0, 0, 14, 10, 0, 30.51%, 0, 0, 2, 527.62, 11373, 18
151, 0, 0, 14, 10, 0, 30.51%, 0, 0, 2, 3.28, 11573, 18
156, 0, 13, 16, 12, 0, 33.90%, 0, 0, 3, 529.88, 14254, 20
177, 0, 13, 16, 12, 0, 33.90%, 0, 0, 3, 2.93, 14504, 20
182, 0, 16, 22, 17, 2, 38.98%, 0, 0, 4, 535.94, 17238, 23
203, 0, 14, 23, 17, 1, 40.68%, 0, 0, 4, 2.07, 17769, 24
208, 0, 22, 26, 18, 0, 40.68%, 0, 0, 5, 565.12, 20540, 24
230, 0, 22, 26, 18, 0, 40.68%, 0, 0, 5, 5.28, 21467, 24
236, 0, 16, 27, 19, 0, 40.68%, 0, 0, 5, 566.62, 24374, 24
259, 0, 0, 28, 20, 0, 40.68%, 0, 0, 5, 5.05, 24889, 24
264, 0, 0, 28, 20, 0, 40.68%, 0, 0, 5, 656.26, 28267, 24
286, 1, 27, 29, 21, 0, 40.68%, 0, 0, 5, 2.30, 29347, 24
291, 1, 0, 29, 20, 0, 40.68%, 0, 0, 5, 589.58, 32341, 24
320, 1, 16, 29, 20, 0, 40.68%, 0, 0, 5, 1.46, 33937, 24
325, 1, 0, 29, 20, 0, 40.68%, 0, 0, 5, 691.72, 37553, 24
351, 1, 22, 29, 19, 0, 40.68%, 0, 0, 5, 5.20, 38902, 24
356, 1, 0, 30, 20, 0, 40.68%, 0, 0, 5, 487.29, 41324, 24
382, 1, 0, 30, 20, 0, 40.68%, 0, 0, 5, 2.28, 42278, 24
387, 1, 30, 35, 24, 0, 44.07%, 0, 0, 5, 267.40, 44917, 26
400, 1, 30, 35, 24, 0, 44.07%, 0, 0, 5, 7.85, 45955, 26
409, 1, 30, 36, 25, 0, 45.76%, 0, 0, 5, 4.57, 46585, 27
419, 1, 30, 36, 25, 0, 45.76%, 0, 0, 5, 0.28, 46588, 27
425, 1, 30, 38, 27, 0, 45.76%, 0, 0, 5, 588.24, 49591, 27
445, 1, 30, 39, 28, 0, 45.76%, 0, 0, 5, 5.15, 50379, 27
450, 1, 30, 39, 28, 0, 45.76%, 0, 0, 5, 574.05, 53382, 27
471, 1, 35, 41, 29, 2, 45.76%, 0, 0, 6, 3.00, 54399, 27
476, 1, 31, 43, 30, 1, 45.76%, 0, 0, 6, 567.60, 57394, 27
488, 1, 0, 43, 29, 0, 45.76%, 0, 0, 6, 6.43, 57808, 27
505, 1, 34, 45, 29, 0, 47.46%, 0, 0, 6, 8.87, 60429, 28
510, 1, 34, 46, 30, 0, 47.46%, 0, 0, 6, 550.25, 63377, 28
526, 1, 34, 46, 30, 0, 47.46%, 0, 0, 6, 7.07, 64713, 28
531, 1, 34, 47, 31, 0, 47.46%, 0, 0, 6, 614.31, 67860, 28
548, 1, 0, 47, 29, 0, 47.46%, 0, 0, 6, 3.98, 69266, 28
553, 1, 0, 48, 30, 0, 47.46%, 0, 0, 6, 620.65, 72600, 28
562, 1, 36, 49, 31, 0, 47.46%, 0, 0, 6, 9.26, 74038, 28
576, 2, 0, 49, 29, 0, 47.46%, 0, 0, 6, 4.07, 76972, 28
581, 2, 43, 50, 30, 0, 47.46%, 0, 0, 7, 547.26, 80416, 28
589, 2, 43, 51, 31, 0, 47.46%, 0, 0, 7, 11.79, 82010, 28
599, 2, 35, 51, 31, 0, 47.46%, 0, 0, 7, 12.21, 85537, 28
605, 2, 0, 54, 34, 0, 47.46%, 0, 0, 7, 678.33, 87634, 28
614, 2, 43, 56, 36, 0, 47.46%, 0, 0, 7, 2.68, 90453, 28
619, 2, 34, 57, 37, 0, 47.46%, 0, 0, 7, 699.52, 93976, 28
629, 2, 0, 61, 41, 0, 47.46%, 0, 0, 7, 16.79, 96317, 28
634, 2, 0, 64, 44, 0, 47.46%, 0, 0, 7, 727.53, 100046, 28
649, 2, 0, 64, 44, 0, 47.46%, 0, 0, 7, 11.81, 102800, 28
654, 3, 22, 64, 43, 0, 47.46%, 0, 0, 7, 763.93, 106652, 28
660, 3, 0, 68, 47, 0, 47.46%, 0, 0, 7, 40.60, 109531, 28
665, 3, 0, 68, 47, 0, 47.46%, 0, 0, 7, 725.95, 113152, 28
673, 3, 0, 68, 47, 0, 47.46%, 0, 0, 7, 5.05, 114809, 28
678, 3, 59, 70, 49, 0, 47.46%, 0, 0, 7, 752.71, 118650, 28
683, 3, 13, 74, 51, 0, 47.46%, 0, 0, 7, 714.80, 122072, 28
688, 3, 13, 75, 52, 0, 47.46%, 0, 0, 7, 730.59, 125608, 28
694, 3, 0, 75, 52, 0, 47.46%, 0, 0, 7, 49.47, 127676, 28
699, 3, 34, 75, 52, 0, 47.46%, 0, 0, 7, 751.07, 131364, 28
704, 3, 43, 76, 52, 0, 47.46%, 0, 0, 7, 736.53, 133708, 28
709, 3, 34, 76, 51, 0, 47.46%, 0, 0, 7, 718.38, 137267, 28
714, 3, 0, 77, 52, 0, 47.46%, 0, 0, 7, 786.22, 140980, 28
720, 4, 0, 77, 52, 0, 47.46%, 0, 0, 7, 732.24, 144446, 28
725, 4, 15, 78, 53, 0, 47.46%, 0, 0, 7, 683.90, 147806, 28
733, 4, 78, 80, 54, 0, 49.15%, 0, 0, 7, 11.12, 151402, 29
738, 4, 78, 82, 56, 0, 49.15%, 0, 0, 7, 762.92, 155286, 29
744, 4, 78, 82, 56, 0, 49.15%, 0, 0, 7, 765.12, 159149, 29
749, 4, 78, 84, 57, 0, 49.15%, 0, 0, 7, 773.97, 162955, 29
754, 4, 14, 85, 58, 0, 49.15%, 0, 0, 7, 783.03, 166794, 29
760, 4, 34, 85, 58, 0, 49.15%, 0, 0, 7, 4.60, 169528, 29
765, 4, 63, 85, 57, 0, 49.15%, 0, 0, 7, 596.10, 173228, 29
770, 4, 0, 85, 56, 0, 49.15%, 0, 0, 7, 59.36, 176903, 29
776, 4, 0, 86, 55, 0, 50.85%, 0, 0, 8, 712.74, 180421, 30
781, 4, 85, 88, 57, 0, 50.85%, 0, 0, 9, 629.19, 183588, 30
787, 4, 85, 88, 57, 0, 50.85%, 0, 0, 9, 51.33, 186132, 30
792, 4, 0, 88, 57, 0, 50.85%, 0, 0, 9, 773.30, 189933, 30
797, 4, 85, 88, 57, 0, 50.85%, 0, 0, 9, 728.40, 193683, 30
802, 4, 0, 89, 57, 0, 50.85%, 0, 0, 9, 768.69, 197088, 30
807, 5, 0, 90, 57, 0, 50.85%, 0, 0, 9, 770.44, 201040, 30
814, 5, 0, 90, 57, 0, 50.85%, 0, 0, 9, 26.32, 203139, 30
820, 5, 43, 91, 58, 0, 50.85%, 0, 0, 9, 775.46, 207079, 30
825, 5, 78, 91, 58, 0, 50.85%, 0, 0, 9, 788.30, 210828, 30
830, 5, 69, 94, 61, 0, 50.85%, 0, 0, 9, 814.97, 214621, 30
835, 5, 0, 94, 60, 0, 50.85%, 0, 0, 9, 753.29, 218330, 30
840, 5, 0, 94, 59, 0, 50.85%, 0, 0, 9, 754.33, 222000, 30
845, 5, 78, 94, 59, 0, 50.85%, 0, 0, 9, 749.78, 225490, 30
850, 5, 78, 94, 59, 0, 50.85%, 0, 0, 9, 704.30, 228891, 30
855, 5, 0, 94, 59, 0, 50.85%, 0, 0, 9, 67.87, 232657, 30
860, 5, 78, 94, 59, 0, 50.85%, 0, 0, 9, 755.98, 236379, 30
866, 5, 14, 94, 59, 0, 50.85%, 0, 0, 9, 719.93, 239941, 30
871, 5, 34, 95, 60, 0, 50.85%, 0, 0, 9, 722.81, 243515, 30
876, 6, 0, 96, 61, 0, 50.85%, 0, 0, 9, 808.18, 247696, 30
881, 6, 0, 96, 61, 0, 50.85%, 0, 0, 9, 748.86, 251409, 30
886, 6, 95, 97, 62, 0, 50.85%, 0, 0, 9, 732.46, 255049, 30
891, 6, 85, 97, 61, 0, 50.85%, 0, 0, 9, 719.08, 258797, 30
896, 6, 0, 98, 62, 0, 50.85%, 0, 0, 9, 726.57, 261983, 30
901, 6, 78, 98, 62, 0, 50.85%, 0, 0, 9, 752.21, 265779, 30
906, 6, 97, 98, 62, 0, 50.85%, 0, 0, 9, 653.77, 268972, 30
911, 6, 78, 98, 61, 0, 50.85%, 0, 0, 9, 732.36, 272622, 30
916, 6, 0, 98, 61, 0, 50.85%, 0, 0, 9, 753.94, 276399, 30
921, 6, 22, 98, 60, 0, 50.85%, 0, 0, 9, 615.46, 279140, 30
927, 6, 22, 98, 60, 0, 50.85%, 0, 0, 9, 709.13, 282869, 30
932, 6, 0, 98, 59, 0, 50.85%, 0, 0, 9, 739.03, 286352, 30
937, 6, 78, 98, 59, 0, 50.85%, 0, 0, 9, 734.49, 290173, 30
942, 6, 0, 98, 59, 0, 50.85%, 0, 0, 9, 697.77, 293560, 30
947, 6, 31, 98, 59, 0, 50.85%, 0, 0, 9, 701.00, 297173, 30
952, 7, 31, 98, 59, 0, 50.85%, 0, 0, 9, 755.94, 300713, 30
957, 7, 0, 98, 59, 0, 50.85%, 0, 0, 9, 79.60, 304421, 30
962, 7, 78, 98, 59, 0, 50.85%, 0, 0, 9, 143.44, 308214, 30
967, 7, 0, 98, 59, 0, 50.85%, 0, 0, 9, 780.77, 312298, 30
973, 7, 85, 98, 58, 0, 50.85%, 0, 0, 9, 713.77, 316205, 30
978, 7, 31, 98, 57, 0, 50.85%, 0, 0, 9, 730.98, 319954, 30
983, 7, 34, 98, 57, 0, 50.85%, 0, 0, 9, 824.25, 323611, 30
988, 7, 0, 98, 57, 0, 50.85%, 0, 0, 9, 696.66, 326866, 30
993, 7, 78, 98, 57, 0, 50.85%, 0, 0, 9, 859.80, 331048, 30
998, 7, 0, 98, 57, 0, 50.85%, 0, 0, 9, 842.21, 334940, 30
1003, 7, 34, 98, 57, 0, 50.85%, 0, 0, 9, 777.84, 338875, 30
1008, 7, 54, 98, 57, 0, 50.85%, 0, 0, 9, 762.44, 342783, 30
1013, 8, 31, 99, 57, 0, 50.85%, 0, 0, 9, 781.87, 346695, 30
1019, 8, 85, 99, 57, 0, 50.85%, 0, 0, 9, 780.15, 350668, 30
1024, 8, 78, 99, 57, 0, 50.85%, 0, 0, 9, 776.19, 354447, 30
1029, 8, 0, 99, 56, 0, 50.85%, 0, 0, 9, 64.69, 358226, 30
1034, 8, 78, 99, 56, 0, 50.85%, 0, 0, 9, 764.26, 362110, 30
1039, 8, 0, 99, 56, 0, 50.85%, 0, 0, 9, 799.49, 366077, 30
1044, 8, 0, 99, 56, 0, 50.85%, 0, 0, 9, 790.95, 370058, 30
1050, 8, 0, 99, 56, 0, 50.85%, 0, 0, 9, 795.61, 374170, 30
1055, 8, 15, 99, 55, 0, 50.85%, 0, 0, 9, 765.90, 377962, 30
1060, 8, 0, 99, 54, 0, 50.85%, 0, 0, 9, 780.41, 381575, 30
1065, 8, 78, 99, 54, 0, 50.85%, 0, 0, 9, 816.10, 385713, 30
1070, 8, 22, 100, 55, 0, 50.85%, 0, 0, 9, 788.02, 389585, 30
1075, 8, 99, 100, 55, 0, 50.85%, 0, 0, 9, 747.14, 393255, 30
1080, 9, 0, 100, 54, 0, 50.85%, 0, 0, 9, 751.76, 397010, 30
1085, 9, 0, 100, 54, 0, 50.85%, 0, 0, 9, 778.84, 400847, 30
1090, 9, 78, 100, 54, 0, 50.85%, 0, 0, 9, 910.45, 404526, 30
1095, 9, 14, 100, 54, 0, 50.85%, 0, 0, 9, 810.55, 408496, 30
1101, 9, 85, 100, 54, 0, 50.85%, 0, 0, 9, 788.51, 412087, 30
1106, 9, 0, 100, 54, 0, 50.85%, 0, 0, 9, 782.27, 416060, 30
1111, 9, 0, 101, 53, 0, 50.85%, 0, 0, 9, 829.81, 420202, 30
1116, 9, 0, 101, 53, 0, 50.85%, 0, 0, 9, 828.68, 424191, 30
1121, 9, 0, 102, 53, 0, 50.85%, 0, 0, 9, 845.52, 428395, 30
1126, 9, 100, 102, 53, 0, 50.85%, 0, 0, 9, 548.63, 431003, 30
1131, 9, 0, 102, 51, 0, 50.85%, 0, 0, 9, 792.18, 434382, 30
1136, 9, 78, 103, 52, 0, 50.85%, 0, 0, 9, 780.51, 438291, 30
1141, 10, 15, 103, 52, 0, 50.85%, 0, 0, 9, 847.23, 442631, 30
1146, 10, 33, 103, 52, 0, 50.85%, 0, 0, 9, 788.62, 446174, 30
1151, 10, 85, 103, 51, 0, 50.85%, 0, 0, 9, 804.33, 450074, 30
1156, 10, 64, 103, 51, 0, 50.85%, 0, 0, 9, 726.40, 453574, 30
1161, 10, 0, 103, 50, 0, 50.85%, 0, 0, 9, 780.76, 457481, 30
1166, 10, 0, 103, 50, 0, 50.85%, 0, 0, 9, 808.27, 461588, 30
1172, 10, 31, 103, 50, 0, 50.85%, 0, 0, 9, 841.26, 465935, 30
1177, 10, 0, 103, 50, 0, 50.85%, 0, 0, 9, 809.41, 470072, 30
1182, 10, 14, 103, 50, 0, 50.85%, 0, 0, 9, 782.59, 473928, 30
1187, 10, 0, 103, 50, 0, 50.85%, 0, 0, 9, 804.76, 477978, 30
1192, 10, 0, 103, 50, 0, 50.85%, 0, 0, 9, 819.00, 482238, 30
1197, 10, 31, 103, 50, 0, 50.85%, 0, 0, 9, 815.29, 486424, 30
1202, 11, 0, 103, 50, 0, 50.85%, 0, 0, 9, 790.40, 490475, 30
1208, 11, 0, 103, 50, 0, 50.85%, 0, 0, 9, 810.81, 494706, 30
1213, 11, 78, 103, 50, 0, 50.85%, 0, 0, 9, 782.29, 498742, 30
1218, 11, 78, 103, 50, 0, 50.85%, 0, 0, 9, 807.18, 502912, 30
1223, 11, 0, 103, 49, 0, 50.85%, 0, 0, 9, 789.52, 506959, 30
1228, 11, 0, 103, 49, 0, 50.85%, 0, 0, 9, 807.39, 511186, 30
1233, 11, 13, 103, 49, 0, 50.85%, 0, 0, 9, 772.88, 515081, 30
1238, 11, 55, 103, 48, 0, 50.85%, 0, 0, 9, 769.51, 518973, 30
1243, 11, 0, 103, 46, 0, 50.85%, 0, 0, 9, 791.48, 522953, 30
1248, 11, 0, 103, 45, 0, 50.85%, 0, 0, 9, 737.13, 526701, 30
1253, 11, 0, 103, 44, 0, 50.85%, 0, 0, 9, 793.60, 530866, 30
1258, 11, 78, 103, 44, 0, 50.85%, 0, 0, 9, 816.17, 535061, 30
1263, 12, 0, 103, 44, 0, 50.85%, 0, 0, 9, 841.49, 539249, 30
1268, 12, 0, 103, 44, 0, 50.85%, 0, 0, 9, 787.03, 543159, 30
1273, 12, 0, 103, 44, 0, 50.85%, 0, 0, 9, 823.03, 547506, 30
1278, 12, 0, 103, 44, 0, 50.85%, 0, 0, 9, 787.27, 551477, 30
1283, 12, 34, 103, 44, 0, 50.85%, 0, 0, 9, 801.81, 555564, 30
1289, 12, 78, 103, 44, 0, 50.85%, 0, 0, 9, 806.66, 559734, 30
1294, 12, 15, 103, 44, 0, 50.85%, 0, 0, 9, 841.84, 563935, 30
1299, 12, 78, 103, 44, 0, 50.85%, 0, 0, 9, 821.54, 567998, 30
1304, 12, 15, 103, 43, 0, 50.85%, 0, 0, 9, 821.95, 572034, 30
1309, 12, 0, 103, 43, 0, 50.85%, 0, 0, 9, 840.14, 576318, 30
1314, 12, 14, 103, 43, 0, 50.85%, 0, 0, 9, 791.38, 580181, 30
1319, 12, 85, 103, 43, 0, 50.85%, 0, 0, 9, 796.11, 584427, 30
1324, 13, 0, 103, 43, 0, 50.85%, 0, 0, 9, 788.52, 588212, 30
1330, 13, 48, 103, 43, 0, 50.85%, 0, 0, 9, 729.37, 592211, 30
1335, 13, 96, 103, 43, 0, 50.85%, 0, 0, 9, 783.07, 596303, 30
1340, 13, 78, 103, 42, 0, 50.85%, 0, 0, 9, 803.45, 600368, 30
1345, 13, 78, 103, 42, 0, 50.85%, 0, 0, 9, 845.57, 604635, 30
1350, 13, 34, 103, 42, 0, 50.85%, 0, 0, 9, 801.67, 608537, 30
1355, 13, 98, 103, 42, 0, 50.85%, 0, 0, 9, 392.42, 611865, 30
1360, 13, 0, 103, 40, 0, 50.85%, 0, 0, 9, 718.52, 615814, 30
1365, 13, 78, 103, 38, 0, 50.85%, 0, 0, 9, 814.20, 620191, 30
1370, 13, 15, 103, 38, 0, 50.85%, 0, 0, 9, 823.06, 624330, 30
1376, 13, 34, 103, 38, 0, 50.85%, 0, 0, 9, 897.99, 628076, 30
1381, 13, 0, 103, 38, 0, 50.85%, 0, 0, 9, 871.86, 632379, 30
1386, 14, 48, 103, 37, 0, 50.85%, 0, 0, 9, 854.69, 636807, 30
1391, 14, 34, 103, 37, 0, 50.85%, 0, 0, 9, 846.64, 640994, 30
1396, 14, 0, 103, 37, 0, 50.85%, 0, 0, 9, 838.28, 645278, 30
1401, 14, 48, 103, 37, 0, 50.85%, 0, 0, 9, 835.79, 649429, 30
1406, 14, 22, 103, 37, 0, 50.85%, 0, 0, 9, 841.91, 653634, 30
1411, 14, 31, 103, 37, 0, 50.85%, 0, 0, 9, 834.00, 657902, 30
1416, 14, 0, 103, 37, 0, 50.85%, 0, 0, 9, 859.35, 662271, 30
1421, 14, 48, 103, 37, 0, 50.85%, 0, 0, 9, 863.91, 666500, 30
1426, 14, 0, 103, 37, 0, 50.85%, 0, 0, 9, 808.76, 670470, 30
1432, 14, 85, 103, 37, 0, 50.85%, 0, 0, 9, 822.25, 674667, 30
1437, 14, 15, 103, 37, 0, 50.85%, 0, 0, 9, 809.49, 678708, 30
1442, 15, 14, 103, 37, 0, 50.85%, 0, 0, 9, 842.08, 683020, 30
1447, 15, 0, 103, 37, 0, 50.85%, 0, 0, 9, 824.97, 687127, 30
1452, 15, 85, 103, 37, 0, 50.85%, 0, 0, 9, 828.16, 691400, 30
1457, 15, 85, 103, 37, 0, 50.85%, 0, 0, 9, 830.35, 695729, 30
1462, 15, 0, 103, 37, 0, 50.85%, 0, 0, 9, 164.25, 699864, 30
1467, 15, 0, 103, 37, 0, 50.85%, 0, 0, 9, 807.06, 703901, 30
1472, 15, 13, 103, 37, 0, 50.85%, 0, 0, 9, 808.34, 708133, 30
1478, 15, 0, 103, 37, 0, 50.85%, 0, 0, 9, 823.95, 712303, 30
1483, 15, 85, 103, 37, 0, 50.85%, 0, 0, 9, 812.47, 716447, 30
1488, 15, 0, 103, 37, 0, 50.85%, 0, 0, 9, 776.48, 720420, 30
1493, 15, 0, 103, 37, 0, 50.85%, 0, 0, 9, 818.62, 724685, 30
1498, 16, 78, 103, 37, 0, 50.85%, 0, 0, 9, 796.19, 728809, 30
1503, 16, 31, 103, 37, 0, 50.85%, 0, 0, 9, 770.36, 732997, 30
1508, 16, 48, 103, 37, 0, 50.85%, 0, 0, 9, 839.58, 737447, 30
1513, 16, 0, 103, 37, 0, 50.85%, 0, 0, 9, 860.42, 741529, 30
1518, 16, 0, 103, 37, 0, 50.85%, 0, 0, 9, 854.81, 745918, 30
1523, 16, 85, 103, 37, 0, 50.85%, 0, 0, 9, 781.48, 750016, 30
1529, 16, 48, 103, 37, 0, 50.85%, 0, 0, 9, 838.13, 754292, 30
1534, 16, 67, 104, 38, 0, 50.85%, 0, 0, 9, 734.94, 757974, 30
1539, 16, 0, 104, 37, 0, 50.85%, 0, 0, 9, 841.24, 762290, 30
1544, 16, 103, 104, 37, 0, 50.85%, 0, 0, 9, 718.87, 765653, 30
1549, 16, 31, 104, 36, 0, 50.85%, 0, 0, 9, 809.01, 769917, 30
1554, 16, 48, 104, 36, 0, 50.85%, 0, 0, 9, 835.12, 774182, 30
1559, 17, 0, 104, 36, 0, 50.85%, 0, 0, 9, 866.08, 778517, 30
1564, 17, 0, 104, 36, 0, 50.85%, 0, 0, 9, 843.68, 782709, 30
1569, 17, 48, 104, 36, 0, 50.85%, 0, 0, 9, 850.57, 787004, 30
1574, 17, 78, 104, 36, 0, 50.85%, 0, 0, 9, 834.28, 791254, 30
1580, 17, 0, 104, 36, 0, 50.85%, 0, 0, 9, 868.01, 795722, 30
1585, 17, 31, 104, 36, 0, 50.85%, 0, 0, 9, 884.76, 799953, 30
1590, 17, 78, 104, 35, 0, 50.85%, 0, 0, 9, 846.51, 804201, 30
1595, 17, 78, 104, 34, 0, 50.85%, 0, 0, 9, 845.26, 808391, 30
1600, 17, 0, 104, 34, 0, 50.85%, 0, 0, 9, 843.12, 812680, 30
1605, 17, 78, 104, 34, 0, 50.85%, 0, 0, 9, 856.97, 817016, 30
1610, 17, 0, 104, 34, 0, 50.85%, 0, 0, 9, 831.04, 821330, 30
1615, 18, 0, 104, 34, 0, 50.85%, 0, 0, 9, 829.88, 825464, 30
1620, 18, 0, 104, 34, 0, 50.85%, 0, 0, 9, 874.46, 829908, 30
1625, 18, 31, 104, 34, 0, 50.85%, 0, 0, 9, 810.46, 833939, 30
1630, 18, 85, 104, 34, 0, 50.85%, 0, 0, 9, 581.06, 837989, 30
1635, 18, 0, 104, 34, 0, 50.85%, 0, 0, 9, 777.19, 841980, 30
1641, 18, 0, 104, 34, 0, 50.85%, 0, 0, 9, 797.72, 846138, 30
1646, 18, 85, 104, 34, 0, 50.85%, 0, 0, 9, 819.69, 850284, 30
1651, 18, 31, 104, 34, 0, 50.85%, 0, 0, 9, 603.27, 854355, 30
1656, 18, 0, 104, 34, 0, 50.85%, 0, 0, 9, 762.23, 858294, 30
1661, 18, 78, 104, 34, 0, 50.85%, 0, 0, 9, 831.57, 862629, 30
1666, 18, 0, 104, 34, 0, 50.85%, 0, 0, 9, 880.32, 867069, 30
1672, 18, 48, 104, 33, 0, 50.85%, 0, 0, 9, 812.66, 871196, 30
1677, 19, 31, 104, 33, 0, 50.85%, 0, 0, 9, 845.03, 875526, 30
1682, 19, 22, 104, 33, 0, 50.85%, 0, 0, 9, 836.88, 879619, 30
1687, 19, 0, 104, 33, 0, 50.85%, 0, 0, 9, 891.93, 883870, 30
1692, 19, 13, 104, 33, 0, 50.85%, 0, 0, 9, 800.73, 887611, 30
1697, 19, 34, 104, 33, 0, 50.85%, 0, 0, 9, 851.00, 891909, 30
1702, 19, 0, 104, 32, 0, 50.85%, 0, 0, 9, 841.20, 896005, 30
1707, 19, 0, 104, 32, 0, 50.85%, 0, 0, 9, 883.37, 900381, 30
1712, 19, 0, 104, 32, 0, 50.85%, 0, 0, 9, 860.56, 904472, 30
1717, 19, 0, 104, 32, 0, 50.85%, 0, 0, 9, 806.76, 908519, 30
1722, 19, 0, 104, 32, 0, 50.85%, 0, 0, 9, 818.59, 912819, 30
1727, 19, 0, 104, 32, 0, 50.85%, 0, 0, 9, 891.09, 917076, 30
1733, 20, 0, 104, 32, 0, 50.85%, 0, 0, 9, 832.14, 921392, 30
1738, 20, 0, 104, 32, 0, 50.85%, 0, 0, 9, 848.08, 925763, 30
1743, 20, 0, 104, 32, 0, 50.85%, 0, 0, 9, 796.00, 929851, 30
1748, 20, 34, 104, 32, 0, 50.85%, 0, 0, 9, 792.14, 934005, 30
1753, 20, 0, 104, 32, 0, 50.85%, 0, 0, 9, 788.07, 938129, 30
1758, 20, 0, 104, 32, 0, 50.85%, 0, 0, 9, 893.33, 942223, 30
1763, 20, 48, 104, 32, 0, 50.85%, 0, 0, 9, 782.71, 946588, 30
1768, 20, 0, 104, 32, 0, 50.85%, 0, 0, 9, 795.49, 950598, 30
1773, 20, 78, 104, 32, 0, 50.85%, 0, 0, 9, 822.84, 954906, 30
1778, 20, 13, 104, 32, 0, 50.85%, 0, 0, 9, 401.44, 959397, 30
1783, 20, 14, 104, 31, 0, 50.85%, 0, 0, 9, 739.70, 963572, 30
1788, 21, 34, 104, 31, 0, 50.85%, 0, 0, 9, 862.13, 967671, 30
1793, 21, 13, 104, 31, 0, 50.85%, 0, 0, 9, 865.81, 971986, 30
1799, 21, 0, 104, 31, 0, 50.85%, 0, 0, 9, 837.39, 976350, 30
1804, 21, 0, 104, 31, 0, 50.85%, 0, 0, 9, 838.14, 980486, 30
1809, 21, 78, 104, 31, 0, 50.85%, 0, 0, 9, 858.06, 985015, 30
1814, 21, 34, 104, 31, 0, 50.85%, 0, 0, 9, 824.95, 989054, 30
1819, 21, 0, 104, 31, 0, 50.85%, 0, 0, 9, 829.57, 993050, 30
1824, 21, 0, 104, 31, 0, 50.85%, 0, 0, 9, 801.80, 997228, 30
1829, 21, 78, 104, 31, 0, 50.85%, 0, 0, 9, 828.63, 1001587, 30
1835, 21, 34, 104, 31, 0, 50.85%, 0, 0, 9, 868.64, 1006105, 30
1840, 22, 22, 104, 31, 0, 50.85%, 0, 0, 9, 801.60, 1010118, 30
1845, 22, 0, 104, 31, 0, 50.85%, 0, 0, 9, 789.90, 1014166, 30
1850, 22, 78, 104, 31, 0, 50.85%, 0, 0, 9, 861.65, 1018581, 30
1855, 22, 0, 104, 31, 0, 50.85%, 0, 0, 9, 855.77, 1023008, 30
1860, 22, 0, 104, 31, 0, 50.85%, 0, 0, 9, 588.86, 1027293, 30
1865, 22, 0, 104, 30, 0, 50.85%, 0, 0, 9, 767.20, 1031357, 30
1870, 22, 94, 104, 30, 0, 50.85%, 0, 0, 9, 449.51, 1033289, 30
1876, 22, 0, 104, 28, 0, 50.85%, 0, 0, 9, 627.49, 1036503, 30
1881, 22, 78, 104, 28, 0, 50.85%, 0, 0, 9, 783.97, 1040598, 30
1886, 22, 78, 104, 28, 0, 50.85%, 0, 0, 9, 808.95, 1044669, 30
1891, 22, 0, 104, 28, 0, 50.85%, 0, 0, 9, 874.22, 1049183, 30
1896, 22, 85, 104, 28, 0, 50.85%, 0, 0, 9, 838.85, 1053331, 30
1901, 22, 0, 104, 28, 0, 50.85%, 0, 0, 9, 651.20, 1057646, 30
1906, 23, 78, 104, 28, 0, 50.85%, 0, 0, 9, 818.25, 1061963, 30
1911, 23, 48, 104, 28, 0, 50.85%, 0, 0, 9, 862.29, 1066011, 30
1916, 23, 78, 104, 28, 0, 50.85%, 0, 0, 9, 867.81, 1070286, 30
1921, 23, 78, 104, 28, 0, 50.85%, 0, 0, 9, 882.79, 1074783, 30
1926, 23, 48, 104, 28, 0, 50.85%, 0, 0, 9, 868.74, 1079068, 30
1931, 23, 78, 104, 28, 0, 50.85%, 0, 0, 9, 863.92, 1083216, 30
1936, 23, 0, 104, 28, 0, 50.85%, 0, 0, 9, 831.38, 1087480, 30
1942, 23, 48, 104, 27, 0, 50.85%, 0, 0, 9, 856.54, 1091824, 30
1947, 23, 78, 104, 27, 0, 50.85%, 0, 0, 9, 894.32, 1096254, 30
1952, 23, 15, 104, 27, 0, 50.85%, 0, 0, 9, 877.53, 1100591, 30
1957, 24, 0, 104, 27, 0, 50.85%, 0, 0, 9, 881.45, 1104939, 30
1962, 24, 15, 104, 27, 0, 50.85%, 0, 0, 9, 163.55, 1109199, 30
1967, 24, 22, 104, 27, 0, 50.85%, 0, 0, 9, 841.02, 1113574, 30
1973, 24, 0, 104, 27, 0, 50.85%, 0, 0, 9, 751.17, 1117405, 30
1978, 24, 90, 104, 27, 0, 50.85%, 0, 0, 9, 828.62, 1121896, 30
1983, 24, 0, 104, 26, 0, 50.85%, 0, 0, 9, 856.32, 1126395, 30
1988, 24, 0, 104, 26, 0, 50.85%, 0, 0, 9, 878.14, 1130874, 30
1993, 24, 85, 104, 26, 0, 50.85%, 0, 0, 9, 832.95, 1135317, 30
1998, 24, 0, 104, 26, 0, 50.85%, 0, 0, 9, 806.80, 1139547, 30
2004, 24, 31, 104, 26, 0, 50.85%, 0, 0, 9, 787.51, 1143825, 30
2009, 24, 0, 104, 26, 0, 50.85%, 0, 0, 9, 843.27, 1148076, 30
2014, 25, 78, 104, 26, 0, 50.85%, 0, 0, 9, 828.65, 1152261, 30
2019, 25, 85, 104, 26, 0, 50.85%, 0, 0, 9, 845.47, 1156653, 30
2024, 25, 0, 104, 26, 0, 50.85%, 0, 0, 9, 860.36, 1160978, 30
2029, 25, 0, 104, 26, 0, 50.85%, 0, 0, 9, 859.10, 1165319, 30
2034, 25, 22, 104, 26, 0, 50.85%, 0, 0, 9, 832.41, 1169652, 30
2039, 25, 48, 104, 26, 0, 50.85%, 0, 0, 9, 852.65, 1174078, 30
2044, 25, 34, 104, 26, 0, 50.85%, 0, 0, 9, 848.68, 1178390, 30
2049, 25, 78, 104, 26, 0, 50.85%, 0, 0, 9, 862.43, 1182725, 30
2055, 25, 0, 104, 26, 0, 50.85%, 0, 0, 9, 850.98, 1186907, 30
2060, 25, 0, 104, 26, 0, 50.85%, 0, 0, 9, 855.33, 1191343, 30
2065, 26, 78, 104, 26, 0, 50.85%, 0, 0, 9, 873.47, 1195833, 30
2070, 26, 48, 104, 26, 0, 50.85%, 0, 0, 9, 876.42, 1200185, 30
2075, 26, 0, 104, 26, 0, 50.85%, 0, 0, 9, 891.00, 1204620, 30
2080, 26, 85, 104, 26, 0, 50.85%, 0, 0, 9, 812.72, 1208842, 30
2085, 26, 34, 104, 26, 0, 50.85%, 0, 0, 9, 798.19, 1213023, 30
2088, 26, 78, 104, 26, 0, 50.85%, 1, 0, 9, 0.00, 1215092, 30
