# relative_time, cycles_done, cur_item, corpus_count, pending_total, pending_favs, map_size, saved_crashes, saved_hangs, max_depth, execs_per_sec, total_execs, edges_found
62, 0, 0, 20, 20, 1, 37.29%, 0, 0, 2, 1.24, 3101, 22
93, 0, 0, 21, 21, 1, 38.98%, 0, 0, 2, 3.76, 5157, 23
98, 0, 0, 22, 22, 1, 40.68%, 0, 0, 2, 525.08, 7719, 24
121, 0, 0, 22, 22, 1, 40.68%, 0, 0, 2, 0.46, 8689, 24
126, 0, 0, 23, 23, 1, 42.37%, 0, 0, 2, 522.17, 11346, 25
151, 0, 0, 23, 23, 1, 42.37%, 0, 0, 2, 4.09, 11446, 25
156, 0, 0, 23, 23, 1, 42.37%, 0, 0, 2, 528.04, 14106, 25
177, 0, 0, 24, 24, 1, 44.07%, 0, 0, 2, 2.78, 14353, 26
182, 0, 0, 25, 25, 1, 44.07%, 0, 0, 2, 531.38, 17060, 26
202, 0, 0, 25, 25, 1, 44.07%, 0, 0, 2, 1.52, 17590, 26
207, 0, 0, 25, 25, 1, 44.07%, 0, 0, 2, 561.17, 20344, 26
230, 0, 0, 25, 25, 1, 44.07%, 0, 0, 2, 6.11, 21268, 26
235, 0, 0, 25, 25, 1, 44.07%, 0, 0, 2, 571.67, 24205, 26
259, 0, 0, 25, 25, 1, 44.07%, 0, 0, 2, 4.79, 24711, 26
264, 0, 0, 26, 26, 1, 44.07%, 0, 0, 2, 648.39, 28031, 26
285, 0, 0, 26, 26, 1, 44.07%, 0, 0, 2, 2.30, 29129, 26
290, 0, 0, 28, 28, 1, 49.15%, 0, 0, 2, 588.45, 32137, 29
306, 0, 0, 28, 28, 1, 49.15%, 0, 0, 2, 1.81, 33709, 29
319, 0, 0, 28, 28, 1, 49.15%, 0, 0, 2, 0.07, 33710, 29
325, 0, 0, 28, 28, 1, 49.15%, 0, 0, 2, 686.16, 37247, 29
351, 0, 0, 28, 28, 1, 49.15%, 0, 0, 2, 3.00, 38641, 29
356, 0, 0, 28, 28, 1, 49.15%, 0, 0, 2, 479.62, 41017, 29
382, 0, 0, 28, 28, 1, 49.15%, 0, 0, 2, 2.28, 41962, 29
387, 0, 0, 28, 28, 1, 49.15%, 0, 0, 2, 529.28, 44601, 29
400, 0, 0, 28, 28, 1, 49.15%, 0, 0, 2, 6.06, 45631, 29
408, 0, 0, 28, 28, 1, 49.15%, 0, 0, 2, 4.57, 46259, 29
419, 0, 0, 28, 28, 1, 49.15%, 0, 0, 2, 0.74, 46267, 29
424, 0, 0, 28, 28, 1, 49.15%, 0, 0, 2, 588.10, 49262, 29
445, 0, 0, 29, 29, 1, 49.15%, 0, 0, 2, 0.06, 50059, 29
450, 0, 0, 29, 29, 1, 49.15%, 0, 0, 2, 85.27, 53042, 29
470, 0, 0, 29, 29, 1, 49.15%, 0, 0, 2, 6.83, 54058, 29
476, 0, 0, 29, 29, 1, 49.15%, 0, 0, 2, 567.15, 57057, 29
488, 0, 0, 29, 29, 1, 49.15%, 0, 0, 2, 5.52, 57464, 29
505, 0, 0, 30, 30, 1, 49.15%, 0, 0, 2, 8.87, 60089, 29
510, 0, 0, 30, 30, 1, 49.15%, 0, 0, 2, 523.48, 63045, 29
526, 0, 0, 30, 30, 1, 49.15%, 0, 0, 2, 6.48, 64357, 29
531, 0, 0, 31, 31, 1, 50.85%, 0, 0, 2, 615.16, 67538, 30
547, 0, 22, 34, 28, 4, 50.85%, 0, 0, 3, 1.60, 68916, 30
553, 0, 39, 41, 30, 0, 50.85%, 0, 0, 3, 629.68, 72258, 30
562, 0, 27, 42, 31, 0, 50.85%, 0, 0, 4, 10.56, 73694, 30
575, 0, 30, 43, 32, 0, 50.85%, 0, 0, 4, 4.77, 76635, 30
580, 0, 39, 46, 35, 0, 50.85%, 0, 0, 4, 719.16, 79932, 30
589, 0, 39, 46, 35, 0, 50.85%, 0, 0, 4, 8.80, 81684, 30
599, 0, 25, 49, 38, 0, 50.85%, 0, 0, 4, 22.51, 85182, 30
604, 1, 39, 50, 39, 0, 50.85%, 0, 0, 4, 681.66, 87170, 30
613, 1, 21, 58, 46, 0, 50.85%, 0, 0, 5, 29.54, 90130, 30
618, 1, 46, 60, 48, 0, 50.85%, 0, 0, 5, 699.01, 93661, 30
629, 1, 25, 60, 48, 0, 50.85%, 0, 0, 5, 19.20, 96069, 30
634, 1, 46, 62, 47, 0, 50.85%, 0, 0, 5, 725.69, 99777, 30
649, 1, 46, 63, 48, 0, 50.85%, 0, 0, 5, 13.10, 102579, 30
654, 2, 39, 64, 46, 0, 50.85%, 0, 0, 5, 755.37, 106492, 30
660, 2, 28, 70, 49, 0, 50.85%, 0, 0, 5, 54.32, 109481, 30
665, 2, 48, 75, 52, 0, 50.85%, 0, 0, 5, 725.67, 113107, 30
673, 2, 39, 77, 54, 0, 50.85%, 0, 0, 5, 6.48, 114756, 30
678, 2, 39, 80, 57, 0, 50.85%, 0, 0, 5, 754.48, 118621, 30
683, 2, 39, 81, 57, 0, 50.85%, 0, 0, 5, 723.15, 122181, 30
688, 2, 39, 84, 59, 0, 50.85%, 0, 0, 5, 717.39, 125726, 30
694, 2, 46, 84, 59, 0, 50.85%, 0, 0, 5, 51.13, 127504, 30
699, 3, 33, 85, 60, 0, 50.85%, 0, 0, 5, 683.31, 131058, 30
704, 3, 39, 87, 61, 0, 50.85%, 0, 0, 5, 741.24, 133356, 30
709, 3, 39, 87, 60, 0, 50.85%, 0, 0, 5, 727.98, 136941, 30
714, 3, 33, 87, 60, 0, 50.85%, 0, 0, 5, 761.57, 140617, 30
719, 3, 59, 88, 60, 0, 50.85%, 0, 0, 5, 735.63, 144241, 30
725, 3, 39, 89, 59, 0, 50.85%, 0, 0, 5, 704.07, 147275, 30
733, 3, 85, 89, 59, 0, 50.85%, 0, 0, 5, 31.08, 150438, 30
738, 4, 26, 89, 58, 0, 50.85%, 0, 0, 5, 699.52, 154051, 30
738, 4, 26, 89, 58, 0, 50.85%, 1, 0, 5, 0.00, 154214, 30
