# relative_time, cycles_done, cur_item, corpus_count, pending_total, pending_favs, map_size, saved_crashes, saved_hangs, max_depth, execs_per_sec, total_execs, edges_found
63, 0, 1, 13, 11, 0, 28.81%, 0, 0, 3, 0.62, 3351, 17
94, 0, 1, 14, 12, 0, 28.81%, 0, 0, 3, 3.35, 5736, 17
99, 0, 1, 14, 12, 0, 28.81%, 0, 0, 3, 608.09, 8692, 17
122, 0, 1, 14, 12, 0, 28.81%, 0, 0, 3, 4.42, 9844, 17
127, 0, 18, 23, 19, 2, 40.68%, 0, 0, 5, 620.32, 12893, 24
152, 0, 18, 24, 20, 2, 40.68%, 0, 0, 5, 4.22, 13140, 24
157, 0, 18, 24, 20, 2, 40.68%, 0, 0, 5, 202.70, 16392, 24
178, 0, 18, 24, 20, 2, 40.68%, 0, 0, 5, 4.87, 16600, 24
183, 0, 20, 29, 22, 0, 42.37%, 0, 0, 6, 624.51, 19794, 25
203, 0, 20, 29, 22, 0, 42.37%, 0, 0, 6, 4.27, 20490, 25
208, 0, 20, 31, 24, 0, 42.37%, 0, 0, 6, 669.06, 23822, 25
231, 0, 20, 32, 25, 0, 44.07%, 0, 0, 6, 6.62, 24895, 26
236, 0, 20, 32, 25, 0, 44.07%, 0, 0, 6, 655.42, 28288, 26
260, 0, 20, 32, 25, 0, 44.07%, 0, 0, 6, 5.66, 28886, 26
265, 0, 29, 35, 27, 1, 45.76%, 0, 0, 7, 746.80, 32767, 27
286, 0, 1, 37, 27, 0, 45.76%, 0, 0, 7, 2.04, 34036, 27
291, 0, 31, 41, 31, 0, 47.46%, 0, 0, 7, 540.00, 37748, 28
320, 0, 31, 41, 31, 0, 47.46%, 0, 0, 7, 3.97, 39508, 28
325, 0, 31, 42, 32, 0, 47.46%, 0, 0, 7, 784.91, 43591, 28
352, 0, 31, 42, 32, 0, 47.46%, 0, 0, 7, 2.63, 45219, 28
357, 0, 31, 45, 35, 0, 47.46%, 0, 0, 7, 597.31, 48271, 28
383, 0, 15, 45, 34, 0, 47.46%, 0, 0, 7, 5.08, 49505, 28
388, 0, 14, 46, 35, 0, 47.46%, 0, 0, 7, 656.32, 52821, 28
401, 0, 24, 46, 35, 0, 47.46%, 0, 0, 7, 5.64, 54083, 28
409, 0, 31, 46, 34, 0, 47.46%, 0, 0, 7, 7.73, 54868, 28
420, 0, 31, 46, 34, 0, 47.46%, 0, 0, 7, 0.55, 54874, 28
425, 0, 40, 47, 35, 0, 47.46%, 0, 0, 8, 726.58, 58544, 28
446, 0, 40, 47, 35, 0, 47.46%, 0, 0, 8, 0.06, 59678, 28
451, 0, 29, 48, 36, 0, 47.46%, 0, 0, 8, 125.00, 63379, 28
471, 0, 1, 49, 37, 0, 47.46%, 0, 0, 8, 8.57, 64700, 28
476, 0, 1, 49, 37, 0, 47.46%, 0, 0, 8, 703.02, 68373, 28
489, 0, 34, 49, 37, 0, 47.46%, 0, 0, 8, 12.70, 68952, 28
506, 0, 34, 50, 38, 0, 47.46%, 0, 0, 8, 7.45, 72222, 28
511, 0, 1, 51, 39, 0, 47.46%, 0, 0, 8, 739.07, 75996, 28
527, 1, 21, 51, 39, 0, 47.46%, 0, 0, 8, 12.38, 77779, 28
532, 1, 40, 51, 37, 0, 47.46%, 0, 0, 8, 711.48, 81653, 28
548, 1, 26, 52, 38, 0, 49.15%, 0, 0, 8, 10.76, 83467, 29
553, 1, 51, 53, 36, 0, 49.15%, 0, 0, 8, 782.27, 87397, 29
563, 1, 51, 53, 36, 0, 49.15%, 0, 0, 8, 8.64, 89296, 29
576, 1, 13, 53, 35, 0, 49.15%, 0, 0, 8, 7.50, 92701, 29
581, 1, 14, 53, 33, 0, 49.15%, 0, 0, 8, 793.91, 96896, 29
590, 1, 15, 53, 33, 0, 49.15%, 0, 0, 8, 28.89, 98841, 29
600, 1, 31, 53, 32, 0, 49.15%, 0, 0, 8, 8.03, 102806, 29
605, 2, 51, 55, 33, 0, 49.15%, 0, 0, 8, 799.52, 105303, 29
614, 2, 50, 62, 40, 0, 49.15%, 0, 0, 8, 19.99, 108738, 29
619, 2, 58, 69, 46, 0, 49.15%, 0, 0, 9, 813.16, 112773, 29
630, 2, 47, 73, 48, 0, 49.15%, 0, 0, 9, 11.48, 115545, 29
635, 2, 51, 77, 50, 0, 49.15%, 0, 0, 9, 787.18, 119791, 29
649, 2, 31, 77, 49, 0, 49.15%, 0, 0, 9, 8.33, 122683, 29
654, 2, 14, 77, 48, 0, 49.15%, 0, 0, 9, 801.41, 126716, 29
661, 2, 34, 77, 48, 0, 49.15%, 0, 0, 9, 15.02, 130024, 29
666, 2, 14, 77, 48, 0, 49.15%, 0, 0, 9, 792.30, 134146, 29
674, 2, 14, 78, 49, 0, 49.15%, 0, 0, 9, 22.83, 135928, 29
679, 2, 1, 81, 52, 0, 49.15%, 0, 0, 9, 783.78, 139863, 29
684, 2, 63, 81, 51, 0, 49.15%, 0, 0, 9, 748.83, 143594, 29
689, 2, 15, 83, 51, 0, 49.15%, 0, 0, 9, 734.13, 147308, 29
695, 2, 51, 84, 52, 0, 49.15%, 0, 0, 9, 4.65, 149742, 29
700, 2, 82, 84, 52, 0, 49.15%, 0, 0, 9, 518.19, 152035, 29
705, 2, 34, 84, 51, 0, 49.15%, 0, 0, 9, 781.72, 154322, 29
710, 3, 40, 84, 50, 0, 49.15%, 0, 0, 9, 795.31, 158314, 29
715, 3, 15, 85, 51, 0, 49.15%, 0, 0, 9, 773.34, 162151, 29
720, 3, 40, 85, 50, 0, 49.15%, 0, 0, 9, 798.41, 166153, 29
725, 3, 31, 86, 50, 0, 50.85%, 0, 0, 9, 803.89, 170116, 30
730, 3, 59, 90, 52, 0, 50.85%, 0, 0, 9, 768.67, 173944, 30
735, 3, 31, 90, 51, 0, 50.85%, 0, 0, 9, 790.38, 174817, 30
740, 3, 87, 91, 52, 0, 50.85%, 0, 0, 9, 817.40, 178922, 30
745, 3, 29, 91, 52, 0, 50.85%, 0, 0, 9, 800.31, 182915, 30
750, 3, 31, 91, 52, 0, 50.85%, 0, 0, 9, 804.70, 187129, 30
755, 3, 87, 91, 52, 0, 50.85%, 0, 0, 9, 796.34, 191132, 30
761, 3, 29, 91, 52, 0, 50.85%, 0, 0, 9, 18.07, 193432, 30
766, 3, 1, 92, 53, 0, 50.85%, 0, 0, 9, 754.66, 197591, 30
771, 3, 34, 93, 53, 0, 50.85%, 0, 0, 9, 782.51, 201774, 30
776, 3, 15, 95, 55, 0, 50.85%, 0, 0, 9, 828.35, 205696, 30
781, 4, 1, 97, 57, 0, 50.85%, 0, 0, 9, 806.58, 209749, 30
787, 4, 78, 97, 57, 0, 50.85%, 0, 0, 9, 6.74, 212702, 30
793, 4, 31, 98, 54, 0, 50.85%, 0, 0, 9, 748.60, 216598, 30
798, 4, 87, 99, 55, 0, 50.85%, 0, 0, 9, 796.49, 220691, 30
803, 4, 51, 99, 55, 0, 50.85%, 0, 0, 9, 808.24, 224767, 30
808, 4, 15, 99, 55, 0, 50.85%, 0, 0, 9, 797.68, 228794, 30
815, 4, 95, 99, 55, 0, 50.85%, 0, 0, 9, 6.14, 231145, 30
820, 4, 51, 99, 54, 0, 50.85%, 0, 0, 9, 783.03, 235094, 30
825, 4, 91, 99, 53, 0, 50.85%, 0, 0, 9, 804.46, 239139, 30
830, 4, 16, 99, 52, 0, 50.85%, 0, 0, 9, 819.31, 243335, 30
835, 4, 96, 99, 51, 0, 50.85%, 0, 0, 9, 772.45, 247196, 30
840, 4, 40, 99, 50, 0, 50.85%, 0, 0, 9, 785.55, 250960, 30
846, 4, 34, 99, 49, 0, 50.85%, 0, 0, 9, 759.06, 254647, 30
851, 4, 87, 99, 47, 0, 50.85%, 0, 0, 9, 793.73, 258631, 30
856, 5, 50, 99, 47, 0, 50.85%, 0, 0, 9, 800.02, 262724, 30
861, 5, 87, 99, 47, 0, 50.85%, 0, 0, 9, 798.18, 266667, 30
866, 5, 1, 99, 47, 0, 50.85%, 0, 0, 9, 775.63, 270723, 30
871, 5, 1, 99, 47, 0, 50.85%, 0, 0, 9, 780.45, 274637, 30
876, 5, 92, 99, 46, 0, 50.85%, 0, 0, 9, 804.16, 278529, 30
881, 5, 51, 99, 45, 0, 50.85%, 0, 0, 9, 763.99, 282288, 30
886, 5, 34, 99, 45, 0, 50.85%, 0, 0, 9, 784.68, 286298, 30
891, 5, 34, 99, 45, 0, 50.85%, 0, 0, 9, 809.67, 290507, 30
896, 5, 34, 99, 45, 0, 50.85%, 0, 0, 9, 798.71, 294562, 30
902, 5, 34, 99, 45, 0, 50.85%, 0, 0, 9, 809.93, 298666, 30
907, 5, 48, 99, 45, 0, 50.85%, 0, 0, 9, 816.21, 302931, 30
912, 5, 51, 99, 44, 0, 50.85%, 0, 0, 9, 801.31, 306998, 30
917, 6, 34, 99, 44, 0, 50.85%, 0, 0, 9, 802.15, 311231, 30
922, 6, 29, 99, 44, 0, 50.85%, 0, 0, 9, 787.81, 315353, 30
927, 6, 31, 99, 44, 0, 50.85%, 0, 0, 9, 782.73, 319291, 30
932, 6, 34, 99, 44, 0, 50.85%, 0, 0, 9, 807.64, 323420, 30
937, 6, 87, 99, 44, 0, 50.85%, 0, 0, 9, 825.25, 327736, 30
942, 6, 29, 99, 44, 0, 50.85%, 0, 0, 9, 821.65, 331876, 30
948, 6, 14, 99, 44, 0, 50.85%, 0, 0, 9, 805.93, 336065, 30
953, 6, 51, 99, 44, 0, 50.85%, 0, 0, 9, 784.54, 340002, 30
958, 6, 29, 99, 44, 0, 50.85%, 0, 0, 9, 785.01, 343994, 30
963, 6, 31, 99, 43, 0, 50.85%, 0, 0, 9, 816.03, 348220, 30
968, 6, 77, 99, 43, 0, 50.85%, 0, 0, 9, 687.90, 351941, 30
973, 7, 31, 99, 41, 0, 50.85%, 0, 0, 9, 762.97, 355922, 30
978, 7, 15, 99, 40, 0, 50.85%, 0, 0, 9, 701.96, 359438, 30
983, 7, 87, 99, 40, 0, 50.85%, 0, 0, 9, 758.13, 363365, 30
989, 7, 31, 99, 40, 0, 50.85%, 0, 0, 9, 813.77, 367685, 30
994, 7, 15, 99, 40, 0, 50.85%, 0, 0, 9, 823.95, 372016, 30
999, 7, 40, 99, 40, 0, 50.85%, 0, 0, 9, 800.50, 376239, 30
1004, 7, 1, 99, 38, 0, 50.85%, 0, 0, 9, 789.12, 380218, 30
1009, 7, 14, 99, 37, 0, 50.85%, 0, 0, 9, 834.86, 384655, 30
1014, 7, 61, 99, 37, 0, 50.85%, 0, 0, 9, 803.39, 388711, 30
1019, 7, 51, 99, 36, 0, 50.85%, 0, 0, 9, 811.51, 392848, 30
1024, 7, 29, 99, 36, 0, 50.85%, 0, 0, 9, 816.07, 396995, 30
1029, 7, 15, 99, 36, 0, 50.85%, 0, 0, 9, 793.43, 400977, 30
1034, 8, 34, 99, 34, 0, 50.85%, 0, 0, 9, 812.84, 405135, 30
1040, 8, 51, 99, 34, 0, 50.85%, 0, 0, 9, 830.82, 409479, 30
1045, 8, 51, 99, 34, 0, 50.85%, 0, 0, 9, 808.41, 413535, 30
1050, 8, 55, 99, 34, 0, 50.85%, 0, 0, 9, 829.32, 417746, 30
1055, 8, 83, 99, 33, 0, 50.85%, 0, 0, 9, 799.41, 421739, 30
1060, 8, 14, 99, 32, 0, 50.85%, 0, 0, 9, 829.16, 425959, 30
1065, 8, 1, 99, 32, 0, 50.85%, 0, 0, 9, 834.88, 430311, 30
1070, 8, 29, 99, 31, 0, 50.85%, 0, 0, 9, 835.27, 434514, 30
1075, 8, 90, 99, 30, 0, 50.85%, 0, 0, 9, 831.96, 438701, 30
1080, 8, 51, 99, 29, 0, 50.85%, 0, 0, 9, 816.84, 442815, 30
1085, 8, 69, 99, 29, 0, 50.85%, 0, 0, 9, 823.12, 446951, 30
1090, 8, 51, 99, 29, 0, 50.85%, 0, 0, 9, 821.21, 450871, 30
1095, 9, 34, 99, 29, 0, 50.85%, 0, 0, 9, 818.71, 455039, 30
1101, 9, 51, 99, 28, 0, 50.85%, 0, 0, 9, 816.69, 459313, 30
1106, 9, 51, 100, 29, 0, 50.85%, 0, 0, 9, 833.29, 463664, 30
1111, 9, 34, 100, 29, 0, 50.85%, 0, 0, 9, 822.72, 467810, 30
1116, 9, 15, 100, 29, 0, 50.85%, 0, 0, 9, 836.01, 472027, 30
1121, 9, 94, 100, 29, 0, 50.85%, 0, 0, 9, 808.21, 476194, 30
1126, 9, 51, 100, 28, 0, 50.85%, 0, 0, 9, 794.67, 480140, 30
1131, 9, 51, 100, 28, 0, 50.85%, 0, 0, 9, 821.94, 484249, 30
1136, 9, 74, 100, 28, 0, 50.85%, 0, 0, 9, 815.98, 488351, 30
1141, 9, 93, 100, 26, 0, 50.85%, 0, 0, 9, 758.92, 492076, 30
1146, 9, 87, 100, 25, 0, 50.85%, 0, 0, 9, 797.65, 496117, 30
1151, 9, 29, 100, 24, 0, 50.85%, 0, 0, 9, 829.93, 500461, 30
1156, 10, 14, 100, 24, 0, 50.85%, 0, 0, 9, 835.28, 504697, 30
1161, 10, 34, 100, 24, 0, 50.85%, 0, 0, 9, 857.35, 508983, 30
1166, 10, 34, 100, 24, 0, 50.85%, 0, 0, 9, 815.45, 513019, 30
1172, 10, 87, 100, 24, 0, 50.85%, 0, 0, 9, 836.16, 517340, 30
1177, 10, 40, 100, 24, 0, 50.85%, 0, 0, 9, 866.52, 521493, 30
1182, 10, 40, 100, 24, 0, 50.85%, 0, 0, 9, 860.20, 525781, 30
1187, 10, 87, 100, 24, 0, 50.85%, 0, 0, 9, 837.99, 530128, 30
1192, 10, 40, 100, 24, 0, 50.85%, 0, 0, 9, 852.51, 534492, 30
1197, 10, 37, 100, 24, 0, 50.85%, 0, 0, 9, 852.78, 538876, 30
1200, 10, 87, 100, 24, 0, 50.85%, 1, 0, 9, 0.00, 541342, 30
