# relative_time, cycles_done, cur_item, corpus_count, pending_total, pending_favs, map_size, saved_crashes, saved_hangs, max_depth, execs_per_sec, total_execs, edges_found
64, 0, 0, 24, 24, 1, 39.13%, 0, 0, 2, 861.21, 36440, 27
69, 0, 0, 24, 24, 1, 39.13%, 0, 0, 2, 700.25, 40891, 27
74, 0, 0, 24, 24, 1, 39.13%, 0, 0, 2, 808.24, 45103, 27
86, 0, 0, 24, 24, 1, 39.13%, 0, 0, 2, 16.03, 47184, 27
92, 0, 0, 24, 24, 1, 39.13%, 0, 0, 2, 891.68, 51740, 27
97, 0, 0, 24, 24, 1, 39.13%, 0, 0, 2, 862.10, 56058, 27
102, 0, 0, 24, 24, 1, 39.13%, 0, 0, 2, 871.74, 60410, 27
107, 0, 0, 24, 24, 1, 39.13%, 0, 0, 2, 868.37, 64711, 27
112, 0, 0, 24, 24, 1, 39.13%, 0, 0, 2, 887.88, 68570, 27
121, 0, 0, 25, 25, 1, 40.58%, 0, 0, 2, 28.48, 71569, 28
126, 0, 0, 25, 25, 1, 40.58%, 0, 0, 2, 878.55, 76057, 28
131, 0, 0, 25, 25, 1, 40.58%, 0, 0, 2, 847.54, 80262, 28
136, 0, 0, 25, 25, 1, 40.58%, 0, 0, 2, 862.65, 84506, 28
141, 0, 0, 25, 25, 1, 40.58%, 0, 0, 2, 861.87, 88858, 28
146, 0, 0, 25, 25, 1, 40.58%, 0, 0, 2, 876.96, 93295, 28
155, 0, 0, 25, 25, 1, 40.58%, 0, 0, 2, 14.93, 96198, 28
160, 0, 0, 26, 26, 1, 40.58%, 0, 0, 2, 872.04, 100595, 28
165, 0, 0, 27, 27, 1, 40.58%, 0, 0, 2, 863.58, 104835, 28
170, 0, 0, 27, 27, 1, 40.58%, 0, 0, 2, 834.45, 108980, 28
175, 0, 0, 27, 27, 1, 40.58%, 0, 0, 2, 862.10, 113420, 28
180, 0, 0, 28, 28, 1, 42.03%, 0, 0, 2, 863.60, 117643, 29
186, 0, 0, 28, 28, 1, 42.03%, 0, 0, 2, 872.58, 121859, 29
191, 0, 0, 28, 28, 1, 42.03%, 0, 0, 2, 864.91, 126330, 29
196, 0, 0, 28, 28, 1, 42.03%, 0, 0, 2, 864.67, 130597, 29
201, 0, 0, 29, 29, 1, 42.03%, 0, 0, 2, 857.91, 134956, 29
206, 0, 0, 29, 29, 1, 42.03%, 0, 0, 2, 864.66, 139172, 29
211, 0, 0, 29, 29, 1, 42.03%, 0, 0, 2, 864.88, 143575, 29
216, 0, 0, 29, 29, 1, 42.03%, 0, 0, 2, 872.86, 148012, 29
221, 0, 0, 29, 29, 1, 42.03%, 0, 0, 2, 867.36, 152313, 29
228, 0, 0, 29, 29, 1, 42.03%, 0, 0, 2, 26.61, 155378, 29
233, 0, 0, 29, 29, 1, 42.03%, 0, 0, 2, 859.44, 159895, 29
238, 0, 0, 29, 29, 1, 42.03%, 0, 0, 2, 880.29, 164332, 29
243, 0, 0, 29, 29, 1, 42.03%, 0, 0, 2, 891.90, 168735, 29
249, 0, 0, 29, 29, 1, 42.03%, 0, 0, 2, 874.17, 173146, 29
254, 0, 0, 30, 30, 1, 42.03%, 0, 0, 2, 853.88, 177673, 29
259, 0, 0, 30, 30, 1, 42.03%, 0, 0, 2, 853.84, 182073, 29
264, 0, 0, 30, 30, 1, 42.03%, 0, 0, 2, 919.95, 186365, 29
269, 0, 0, 30, 30, 1, 42.03%, 0, 0, 2, 862.73, 189210, 29
274, 0, 0, 30, 30, 1, 42.03%, 0, 0, 2, 852.69, 193171, 29
279, 0, 0, 30, 30, 1, 42.03%, 0, 0, 2, 897.66, 197455, 29
284, 0, 39, 40, 34, 4, 42.03%, 0, 0, 3, 798.08, 201775, 29
290, 0, 47, 50, 38, 0, 42.03%, 0, 0, 4, 856.68, 206094, 29
295, 0, 27, 54, 42, 0, 42.03%, 0, 0, 4, 881.39, 210652, 29
300, 0, 47, 55, 43, 0, 42.03%, 0, 0, 4, 870.75, 214954, 29
306, 0, 18, 57, 45, 0, 42.03%, 0, 0, 4, 12.76, 218891, 29
311, 0, 47, 58, 46, 0, 42.03%, 0, 0, 4, 872.02, 223396, 29
316, 0, 22, 61, 49, 0, 42.03%, 0, 0, 4, 883.05, 227777, 29
321, 0, 18, 62, 50, 0, 42.03%, 0, 0, 4, 877.72, 232093, 29
327, 0, 24, 62, 50, 0, 42.03%, 0, 0, 4, 857.44, 236502, 29
332, 1, 40, 62, 50, 0, 42.03%, 0, 0, 4, 867.84, 240864, 29
337, 1, 47, 63, 50, 0, 42.03%, 0, 0, 4, 888.65, 245304, 29
342, 1, 18, 65, 50, 0, 42.03%, 0, 0, 4, 908.46, 249764, 29
347, 1, 47, 65, 50, 0, 42.03%, 0, 0, 4, 914.13, 254131, 29
352, 1, 47, 65, 48, 0, 42.03%, 0, 0, 4, 894.00, 258447, 29
357, 1, 63, 65, 46, 0, 42.03%, 0, 0, 4, 887.14, 262834, 29
362, 2, 53, 65, 46, 0, 42.03%, 0, 0, 4, 901.15, 267286, 29
364, 2, 47, 65, 45, 0, 42.03%, 1, 0, 4, 0.00, 268109, 29
