# relative_time, cycles_done, cur_item, corpus_count, pending_total, pending_favs, map_size, saved_crashes, saved_hangs, max_depth, execs_per_sec, total_execs, edges_found
64, 1, 14, 42, 30, 0, 39.13%, 0, 0, 6, 794.99, 33959, 27
69, 1, 31, 45, 33, 0, 39.13%, 0, 0, 6, 787.03, 38063, 27
74, 1, 17, 46, 34, 0, 39.13%, 0, 0, 6, 773.56, 41909, 27
87, 1, 0, 46, 33, 0, 39.13%, 0, 0, 6, 15.09, 43837, 27
92, 1, 0, 46, 33, 0, 39.13%, 0, 0, 6, 826.46, 48095, 27
97, 1, 12, 46, 33, 0, 39.13%, 0, 0, 6, 558.48, 52050, 27
102, 1, 0, 46, 33, 0, 39.13%, 0, 0, 6, 755.34, 56076, 27
107, 2, 0, 46, 33, 0, 39.13%, 0, 0, 6, 746.05, 59971, 27
112, 2, 0, 46, 33, 0, 39.13%, 0, 0, 6, 832.65, 63635, 27
121, 2, 28, 46, 33, 0, 39.13%, 0, 0, 6, 30.19, 66683, 27
126, 2, 31, 46, 33, 0, 39.13%, 0, 0, 6, 807.83, 70875, 27
131, 2, 18, 47, 34, 0, 39.13%, 0, 0, 6, 786.34, 74765, 27
136, 2, 0, 48, 35, 0, 39.13%, 0, 0, 6, 800.01, 78707, 27
141, 2, 39, 48, 35, 0, 39.13%, 0, 0, 6, 785.62, 82660, 27
146, 3, 0, 48, 33, 0, 39.13%, 0, 0, 6, 802.89, 86603, 27
155, 3, 14, 49, 34, 0, 39.13%, 0, 0, 6, 8.42, 89589, 27
160, 3, 18, 50, 34, 0, 39.13%, 0, 0, 6, 808.15, 93672, 27
165, 3, 28, 50, 33, 0, 39.13%, 0, 0, 6, 802.77, 97694, 27
170, 3, 0, 50, 33, 0, 39.13%, 0, 0, 6, 808.06, 101671, 27
175, 3, 0, 50, 33, 0, 39.13%, 0, 0, 6, 787.20, 105539, 27
180, 4, 0, 50, 33, 0, 39.13%, 0, 0, 6, 794.38, 109641, 27
186, 4, 0, 50, 32, 0, 39.13%, 0, 0, 6, 824.91, 113637, 27
191, 4, 0, 51, 33, 0, 39.13%, 0, 0, 6, 845.03, 117462, 27
196, 4, 0, 52, 34, 0, 39.13%, 0, 0, 6, 807.97, 121482, 27
201, 4, 0, 52, 34, 0, 39.13%, 0, 0, 6, 796.40, 125518, 27
206, 4, 18, 52, 34, 0, 39.13%, 0, 0, 6, 819.02, 129684, 27
211, 4, 0, 52, 34, 0, 39.13%, 0, 0, 6, 804.50, 133598, 27
216, 5, 0, 52, 33, 0, 39.13%, 0, 0, 6, 816.75, 137758, 27
221, 5, 0, 52, 33, 0, 39.13%, 0, 0, 6, 836.28, 141803, 27
228, 5, 49, 52, 33, 0, 39.13%, 0, 0, 6, 24.93, 144631, 27
233, 5, 51, 52, 32, 0, 39.13%, 0, 0, 6, 819.79, 148876, 27
238, 5, 0, 52, 31, 0, 39.13%, 0, 0, 6, 820.12, 152975, 27
244, 5, 31, 52, 31, 0, 39.13%, 0, 0, 6, 809.42, 157137, 27
249, 6, 0, 52, 31, 0, 39.13%, 0, 0, 6, 809.24, 161173, 27
254, 6, 0, 52, 31, 0, 39.13%, 0, 0, 6, 160.45, 165231, 27
259, 6, 0, 52, 30, 0, 39.13%, 0, 0, 6, 823.24, 169437, 27
264, 6, 0, 52, 29, 0, 39.13%, 0, 0, 6, 810.23, 173471, 27
269, 6, 0, 52, 29, 0, 39.13%, 0, 0, 6, 806.05, 176164, 27
274, 6, 0, 52, 29, 0, 39.13%, 0, 0, 6, 809.04, 179964, 27
279, 6, 0, 52, 29, 0, 39.13%, 0, 0, 6, 794.99, 184043, 27
285, 7, 18, 52, 29, 0, 39.13%, 0, 0, 6, 800.06, 188158, 27
290, 7, 0, 52, 29, 0, 39.13%, 0, 0, 6, 821.65, 192154, 27
295, 7, 0, 52, 28, 0, 39.13%, 0, 0, 6, 827.99, 196397, 27
300, 7, 28, 52, 28, 0, 39.13%, 0, 0, 6, 856.28, 200424, 27
306, 7, 0, 52, 28, 0, 39.13%, 0, 0, 6, 17.64, 204092, 27
311, 7, 0, 52, 28, 0, 39.13%, 0, 0, 6, 811.10, 208252, 27
316, 8, 0, 52, 28, 0, 39.13%, 0, 0, 6, 820.87, 212336, 27
322, 8, 21, 52, 28, 0, 39.13%, 0, 0, 6, 818.69, 216451, 27
327, 8, 18, 52, 27, 0, 39.13%, 0, 0, 6, 824.02, 220456, 27
332, 8, 0, 52, 27, 0, 39.13%, 0, 0, 6, 747.09, 224441, 27
337, 8, 0, 52, 27, 0, 39.13%, 0, 0, 6, 832.14, 228657, 27
342, 8, 0, 52, 27, 0, 39.13%, 0, 0, 6, 846.03, 232693, 27
347, 8, 0, 52, 27, 0, 39.13%, 0, 0, 6, 829.55, 236713, 27
352, 9, 0, 52, 27, 0, 39.13%, 0, 0, 6, 826.60, 240905, 27
357, 9, 0, 52, 27, 0, 39.13%, 0, 0, 6, 826.53, 245039, 27
362, 9, 0, 52, 26, 0, 39.13%, 0, 0, 6, 829.99, 249209, 27
368, 9, 0, 52, 26, 0, 39.13%, 0, 0, 6, 858.08, 253362, 27
373, 9, 0, 52, 26, 0, 39.13%, 0, 0, 6, 846.80, 257571, 27
378, 9, 21, 52, 26, 0, 39.13%, 0, 0, 6, 850.05, 261650, 27
383, 10, 0, 52, 25, 0, 39.13%, 0, 0, 6, 837.33, 265824, 27
388, 10, 0, 52, 25, 0, 39.13%, 0, 0, 6, 849.13, 270094, 27
393, 10, 18, 52, 25, 0, 39.13%, 0, 0, 6, 857.34, 274246, 27
398, 10, 0, 52, 25, 0, 39.13%, 0, 0, 6, 857.61, 278538, 27
403, 10, 0, 52, 25, 0, 39.13%, 0, 0, 6, 842.44, 282645, 27
409, 10, 31, 52, 25, 0, 39.13%, 0, 0, 6, 851.62, 286924, 27
414, 11, 0, 52, 25, 0, 39.13%, 0, 0, 6, 839.38, 291146, 27
419, 11, 13, 52, 25, 0, 39.13%, 0, 0, 6, 828.06, 295477, 27
424, 11, 13, 52, 25, 0, 39.13%, 0, 0, 6, 825.00, 299662, 27
429, 11, 0, 52, 25, 0, 39.13%, 0, 0, 6, 822.63, 303943, 27
434, 11, 0, 52, 24, 0, 39.13%, 0, 0, 6, 829.97, 308178, 27
439, 11, 0, 52, 24, 0, 39.13%, 0, 0, 6, 843.56, 312408, 27
444, 12, 0, 52, 24, 0, 39.13%, 0, 0, 6, 852.00, 316587, 27
449, 12, 12, 52, 24, 0, 39.13%, 0, 0, 6, 828.78, 320865, 27
454, 12, 31, 52, 24, 0, 39.13%, 0, 0, 6, 824.42, 325058, 27
459, 12, 21, 52, 24, 0, 39.13%, 0, 0, 6, 857.73, 329251, 27
465, 12, 0, 52, 24, 0, 39.13%, 0, 0, 6, 842.44, 333599, 27
470, 12, 0, 52, 24, 0, 39.13%, 0, 0, 6, 843.58, 337966, 27
475, 13, 21, 52, 24, 0, 39.13%, 0, 0, 6, 850.36, 342207, 27
480, 13, 0, 52, 24, 0, 39.13%, 0, 0, 6, 832.89, 346323, 27
485, 13, 0, 52, 24, 0, 39.13%, 0, 0, 6, 833.88, 350646, 27
490, 13, 0, 52, 24, 0, 39.13%, 0, 0, 6, 840.08, 355010, 27
495, 13, 0, 52, 24, 0, 39.13%, 0, 0, 6, 849.57, 359354, 27
500, 13, 13, 52, 24, 0, 39.13%, 0, 0, 6, 843.33, 363500, 27
505, 14, 0, 52, 24, 0, 39.13%, 0, 0, 6, 853.44, 367748, 27
511, 14, 0, 52, 24, 0, 39.13%, 0, 0, 6, 859.16, 372151, 27
516, 14, 0, 52, 24, 0, 39.13%, 0, 0, 6, 851.37, 376320, 27
521, 14, 0, 52, 24, 0, 39.13%, 0, 0, 6, 859.31, 380588, 27
526, 14, 0, 52, 24, 0, 39.13%, 0, 0, 6, 855.08, 384983, 27
531, 14, 50, 52, 24, 0, 39.13%, 0, 0, 6, 846.64, 389239, 27
536, 15, 0, 52, 23, 0, 39.13%, 0, 0, 6, 867.09, 393507, 27
541, 15, 0, 52, 23, 0, 39.13%, 0, 0, 6, 855.44, 397882, 27
546, 15, 0, 52, 23, 0, 39.13%, 0, 0, 6, 855.27, 402225, 27
551, 15, 0, 52, 22, 0, 39.13%, 0, 0, 6, 851.17, 406490, 27
556, 15, 0, 52, 22, 0, 39.13%, 0, 0, 6, 857.90, 410870, 27
561, 15, 0, 52, 22, 0, 39.13%, 0, 0, 6, 850.95, 415015, 27
567, 16, 0, 52, 22, 0, 39.13%, 0, 0, 6, 588.92, 419340, 27
572, 16, 0, 52, 22, 0, 39.13%, 0, 0, 6, 804.13, 423600, 27
577, 16, 28, 52, 22, 0, 39.13%, 0, 0, 6, 841.75, 427880, 27
582, 16, 0, 52, 22, 0, 39.13%, 0, 0, 6, 858.83, 432105, 27
587, 16, 0, 52, 22, 0, 39.13%, 0, 0, 6, 860.67, 436446, 27
592, 17, 21, 52, 22, 0, 39.13%, 0, 0, 6, 864.52, 440750, 27
597, 17, 0, 52, 22, 0, 39.13%, 0, 0, 6, 870.95, 445003, 27
602, 17, 0, 64, 34, 0, 39.13%, 0, 0, 6, 854.15, 449255, 27
607, 17, 0, 67, 37, 0, 39.13%, 0, 0, 6, 854.40, 453594, 27
612, 17, 0, 70, 39, 0, 39.13%, 0, 0, 6, 866.65, 457849, 27
617, 17, 0, 73, 42, 0, 40.58%, 0, 0, 6, 866.54, 462222, 28
622, 17, 68, 80, 48, 0, 42.03%, 0, 0, 6, 858.89, 466541, 29
627, 17, 68, 84, 52, 0, 42.03%, 0, 0, 6, 849.98, 470760, 29
632, 17, 68, 86, 54, 0, 42.03%, 0, 0, 6, 845.25, 474918, 29
637, 17, 0, 87, 53, 0, 42.03%, 0, 0, 6, 844.48, 479092, 29
643, 17, 0, 87, 52, 0, 42.03%, 0, 0, 6, 870.92, 483616, 29
648, 17, 0, 88, 52, 0, 42.03%, 0, 0, 6, 867.13, 487915, 29
653, 17, 76, 88, 52, 0, 42.03%, 0, 0, 6, 825.47, 492179, 29
655, 17, 76, 90, 54, 0, 42.03%, 1, 0, 6, 0.00, 493959, 29
