# relative_time, cycles_done, cur_item, corpus_count, pending_total, pending_favs, map_size, saved_crashes, saved_hangs, max_depth, execs_per_sec, total_execs, edges_found
64, 0, 0, 19, 19, 1, 30.43%, 0, 0, 2, 890.05, 38564, 21
69, 0, 0, 19, 19, 1, 30.43%, 0, 0, 2, 871.78, 43052, 21
74, 0, 0, 19, 19, 1, 30.43%, 0, 0, 2, 863.24, 47472, 21
87, 0, 0, 19, 19, 1, 30.43%, 0, 0, 2, 8.04, 49835, 21
92, 0, 0, 19, 19, 1, 30.43%, 0, 0, 2, 919.92, 54456, 21
97, 0, 0, 20, 20, 1, 33.33%, 0, 0, 2, 898.19, 58954, 23
103, 0, 0, 20, 20, 1, 33.33%, 0, 0, 2, 893.40, 63527, 23
108, 0, 0, 20, 20, 1, 33.33%, 0, 0, 2, 894.96, 68151, 23
113, 0, 0, 20, 20, 1, 33.33%, 0, 0, 2, 898.41, 72639, 23
121, 0, 0, 20, 20, 1, 33.33%, 0, 0, 2, 37.38, 76005, 23
126, 0, 0, 20, 20, 1, 33.33%, 0, 0, 2, 898.21, 80527, 23
131, 0, 0, 20, 20, 1, 33.33%, 0, 0, 2, 898.73, 85032, 23
137, 0, 0, 20, 20, 1, 33.33%, 0, 0, 2, 900.70, 89725, 23
142, 0, 0, 20, 20, 1, 33.33%, 0, 0, 2, 895.20, 94348, 23
147, 0, 0, 20, 20, 1, 33.33%, 0, 0, 2, 887.57, 98751, 23
156, 0, 0, 20, 20, 1, 33.33%, 0, 0, 2, 13.66, 102253, 23
161, 0, 0, 20, 20, 1, 33.33%, 0, 0, 2, 884.13, 106741, 23
166, 0, 0, 21, 21, 1, 34.78%, 0, 0, 2, 874.96, 111287, 24
171, 0, 0, 21, 21, 1, 34.78%, 0, 0, 2, 872.86, 115826, 24
176, 0, 0, 21, 21, 1, 34.78%, 0, 0, 2, 888.73, 120450, 24
181, 0, 0, 21, 21, 1, 34.78%, 0, 0, 2, 874.83, 124853, 24
187, 0, 0, 21, 21, 1, 34.78%, 0, 0, 2, 888.84, 129443, 24
192, 0, 0, 21, 21, 1, 34.78%, 0, 0, 2, 877.49, 133846, 24
197, 0, 0, 21, 21, 1, 34.78%, 0, 0, 2, 865.87, 138181, 24
202, 0, 0, 21, 21, 1, 34.78%, 0, 0, 2, 844.88, 142362, 24
207, 0, 0, 21, 21, 1, 34.78%, 0, 0, 2, 854.90, 146681, 24
212, 0, 0, 21, 21, 1, 34.78%, 0, 0, 2, 850.86, 150999, 24
217, 0, 0, 21, 21, 1, 34.78%, 0, 0, 2, 865.50, 155402, 24
222, 0, 0, 21, 21, 1, 34.78%, 0, 0, 2, 864.77, 159737, 24
229, 0, 0, 21, 21, 1, 34.78%, 0, 0, 2, 5.77, 163035, 24
234, 0, 0, 21, 21, 1, 34.78%, 0, 0, 2, 873.38, 167438, 24
239, 0, 0, 21, 21, 1, 34.78%, 0, 0, 2, 851.20, 171674, 24
244, 0, 0, 21, 21, 1, 34.78%, 0, 0, 2, 862.73, 176023, 24
249, 0, 0, 21, 21, 1, 34.78%, 0, 0, 2, 874.41, 180460, 24
254, 0, 0, 21, 21, 1, 34.78%, 0, 0, 2, 872.70, 184863, 24
259, 0, 0, 21, 21, 1, 34.78%, 0, 0, 2, 872.90, 189232, 24
264, 0, 0, 21, 21, 1, 34.78%, 0, 0, 2, 874.08, 193618, 24
269, 0, 0, 21, 21, 1, 34.78%, 0, 0, 2, 790.33, 196442, 24
274, 0, 0, 22, 22, 1, 34.78%, 0, 0, 2, 836.02, 200785, 24
279, 0, 0, 23, 23, 1, 36.23%, 0, 0, 2, 848.27, 205090, 25
284, 0, 0, 23, 23, 1, 36.23%, 0, 0, 2, 846.42, 209374, 25
289, 0, 0, 23, 23, 1, 36.23%, 0, 0, 2, 850.08, 213743, 25
294, 0, 0, 23, 23, 1, 36.23%, 0, 0, 2, 866.35, 218180, 25
300, 0, 0, 23, 23, 1, 36.23%, 0, 0, 2, 865.20, 222583, 25
305, 0, 0, 23, 23, 1, 36.23%, 0, 0, 2, 869.39, 226986, 25
310, 0, 0, 23, 23, 1, 36.23%, 0, 0, 2, 859.62, 229842, 25
315, 0, 0, 23, 23, 1, 36.23%, 0, 0, 2, 856.86, 234211, 25
320, 0, 0, 23, 23, 1, 36.23%, 0, 0, 2, 862.86, 238614, 25
325, 0, 0, 24, 24, 1, 37.68%, 0, 0, 2, 836.34, 242879, 26
330, 0, 0, 24, 24, 1, 37.68%, 0, 0, 2, 855.44, 247410, 26
335, 0, 0, 24, 24, 1, 37.68%, 0, 0, 2, 864.59, 251932, 26
340, 0, 0, 25, 25, 1, 37.68%, 0, 0, 2, 877.99, 256359, 26
345, 0, 0, 26, 26, 1, 39.13%, 0, 0, 2, 875.39, 260786, 27
350, 0, 0, 26, 26, 1, 39.13%, 0, 0, 2, 866.25, 265138, 27
355, 0, 0, 26, 26, 1, 39.13%, 0, 0, 2, 868.80, 269524, 27
360, 0, 0, 26, 26, 1, 39.13%, 0, 0, 2, 859.67, 273876, 27
365, 0, 0, 26, 26, 1, 39.13%, 0, 0, 2, 865.47, 278228, 27
370, 0, 0, 26, 26, 1, 39.13%, 0, 0, 2, 863.81, 282614, 27
375, 0, 0, 26, 26, 1, 39.13%, 0, 0, 2, 865.37, 286966, 27
380, 0, 0, 26, 26, 1, 39.13%, 0, 0, 2, 848.43, 291261, 27
385, 0, 0, 26, 26, 1, 39.13%, 0, 0, 2, 854.96, 295602, 27
391, 0, 0, 26, 26, 1, 39.13%, 0, 0, 2, 871.31, 300005, 27
396, 0, 0, 27, 27, 1, 39.13%, 0, 0, 2, 865.02, 304364, 27
401, 0, 0, 27, 27, 1, 39.13%, 0, 0, 2, 870.30, 308733, 27
406, 0, 0, 27, 27, 1, 39.13%, 0, 0, 2, 880.31, 313323, 27
411, 0, 0, 28, 28, 1, 40.58%, 0, 0, 2, 886.76, 317937, 28
416, 0, 0, 28, 28, 1, 40.58%, 0, 0, 2, 882.24, 322374, 28
421, 0, 0, 28, 28, 1, 40.58%, 0, 0, 2, 882.08, 326947, 28
426, 0, 0, 28, 28, 1, 40.58%, 0, 0, 2, 881.19, 331520, 28
431, 0, 0, 28, 28, 1, 40.58%, 0, 0, 2, 871.12, 335906, 28
437, 0, 0, 28, 28, 1, 40.58%, 0, 0, 2, 887.10, 340530, 28
442, 0, 0, 28, 28, 1, 40.58%, 0, 0, 2, 877.51, 344950, 28
447, 0, 0, 28, 28, 1, 40.58%, 0, 0, 2, 890.18, 349557, 28
452, 0, 0, 28, 28, 1, 40.58%, 0, 0, 2, 891.22, 354164, 28
457, 0, 0, 28, 28, 1, 40.58%, 0, 0, 2, 890.96, 358601, 28
462, 0, 0, 28, 28, 1, 40.58%, 0, 0, 2, 886.16, 363038, 28
467, 0, 0, 28, 28, 1, 40.58%, 0, 0, 2, 886.70, 367628, 28
472, 0, 0, 28, 28, 1, 40.58%, 0, 0, 2, 906.96, 372201, 28
477, 0, 0, 28, 28, 1, 40.58%, 0, 0, 2, 900.78, 376737, 28
482, 0, 0, 28, 28, 1, 40.58%, 0, 0, 2, 896.76, 381245, 28
487, 0, 0, 28, 28, 1, 40.58%, 0, 0, 2, 880.55, 385631, 28
493, 0, 0, 28, 28, 1, 40.58%, 0, 0, 2, 880.77, 390204, 28
498, 0, 0, 28, 28, 1, 40.58%, 0, 0, 2, 881.22, 394658, 28
503, 0, 0, 28, 28, 1, 40.58%, 0, 0, 2, 897.12, 399248, 28
508, 0, 0, 28, 28, 1, 40.58%, 0, 0, 2, 888.38, 403685, 28
513, 0, 0, 28, 28, 1, 40.58%, 0, 0, 2, 883.09, 408258, 28
518, 0, 0, 28, 28, 1, 40.58%, 0, 0, 2, 879.14, 412661, 28
523, 0, 0, 28, 28, 1, 40.58%, 0, 0, 2, 878.21, 417030, 28
528, 0, 0, 28, 28, 1, 40.58%, 0, 0, 2, 885.42, 421603, 28
533, 0, 0, 28, 28, 1, 40.58%, 0, 0, 2, 884.00, 426023, 28
538, 0, 0, 28, 28, 1, 40.58%, 0, 0, 2, 882.13, 430426, 28
543, 0, 0, 28, 28, 1, 40.58%, 0, 0, 2, 883.55, 434829, 28
548, 0, 0, 28, 28, 1, 40.58%, 0, 0, 2, 876.45, 439198, 28
553, 0, 0, 28, 28, 1, 40.58%, 0, 0, 2, 892.20, 443805, 28
559, 0, 0, 28, 28, 1, 40.58%, 0, 0, 2, 893.08, 448395, 28
564, 0, 0, 28, 28, 1, 40.58%, 0, 0, 2, 888.61, 452815, 28
569, 0, 0, 28, 28, 1, 40.58%, 0, 0, 2, 878.94, 457371, 28
574, 0, 0, 28, 28, 1, 40.58%, 0, 0, 2, 911.75, 461931, 28
579, 0, 0, 28, 28, 1, 40.58%, 0, 0, 2, 894.17, 466381, 28
584, 0, 0, 28, 28, 1, 40.58%, 0, 0, 2, 887.62, 470784, 28
589, 0, 0, 28, 28, 1, 40.58%, 0, 0, 2, 887.49, 475204, 28
594, 0, 0, 28, 28, 1, 40.58%, 0, 0, 2, 894.18, 479811, 28
599, 0, 0, 28, 28, 1, 40.58%, 0, 0, 2, 879.59, 484367, 28
604, 0, 0, 28, 28, 1, 40.58%, 0, 0, 2, 877.74, 488804, 28
609, 0, 0, 28, 28, 1, 40.58%, 0, 0, 2, 876.49, 493241, 28
614, 0, 0, 28, 28, 1, 40.58%, 0, 0, 2, 877.96, 497678, 28
620, 0, 0, 28, 28, 1, 40.58%, 0, 0, 2, 878.05, 502285, 28
625, 0, 0, 28, 28, 1, 40.58%, 0, 0, 2, 891.43, 506960, 28
630, 0, 0, 28, 28, 1, 40.58%, 0, 0, 2, 891.19, 511601, 28
635, 0, 0, 28, 28, 1, 40.58%, 0, 0, 2, 889.96, 516123, 28
640, 0, 0, 28, 28, 1, 40.58%, 0, 0, 2, 878.44, 520543, 28
645, 0, 0, 28, 28, 1, 40.58%, 0, 0, 2, 890.17, 525201, 28
650, 0, 0, 28, 28, 1, 40.58%, 0, 0, 2, 893.14, 529706, 28
655, 0, 0, 28, 28, 1, 40.58%, 0, 0, 2, 885.84, 534296, 28
661, 0, 0, 28, 28, 1, 40.58%, 0, 0, 2, 886.94, 538920, 28
666, 0, 0, 28, 28, 1, 40.58%, 0, 0, 2, 896.55, 543595, 28
671, 0, 0, 28, 28, 1, 40.58%, 0, 0, 2, 891.84, 548100, 28
676, 0, 0, 28, 28, 1, 40.58%, 0, 0, 2, 891.60, 552554, 28
681, 0, 0, 28, 28, 1, 40.58%, 0, 0, 2, 899.23, 557059, 28
686, 0, 0, 28, 28, 1, 40.58%, 0, 0, 2, 894.44, 561581, 28
691, 0, 0, 28, 28, 1, 40.58%, 0, 0, 2, 898.77, 566222, 28
696, 0, 0, 28, 28, 1, 40.58%, 0, 0, 2, 912.80, 570849, 28
701, 0, 0, 28, 28, 1, 40.58%, 0, 0, 2, 904.44, 575421, 28
706, 0, 0, 28, 28, 1, 40.58%, 0, 0, 2, 893.26, 579958, 28
711, 0, 0, 28, 28, 1, 40.58%, 0, 0, 2, 897.21, 584582, 28
716, 0, 0, 28, 28, 1, 40.58%, 0, 0, 2, 900.08, 589087, 28
721, 0, 0, 28, 28, 1, 40.58%, 0, 0, 2, 900.67, 593655, 28
726, 0, 0, 28, 28, 1, 40.58%, 0, 0, 2, 900.95, 598173, 28
732, 0, 0, 28, 28, 1, 40.58%, 0, 0, 2, 898.42, 602772, 28
737, 0, 0, 28, 28, 1, 40.58%, 0, 0, 2, 901.88, 607299, 28
742, 0, 0, 28, 28, 1, 40.58%, 0, 0, 2, 898.20, 611816, 28
747, 0, 0, 28, 28, 1, 40.58%, 0, 0, 2, 919.33, 616425, 28
752, 0, 0, 28, 28, 1, 40.58%, 0, 0, 2, 903.75, 621015, 28
757, 0, 0, 28, 28, 1, 40.58%, 0, 0, 2, 892.56, 625518, 28
762, 0, 0, 28, 28, 1, 40.58%, 0, 0, 2, 895.20, 630125, 28
767, 0, 0, 28, 28, 1, 40.58%, 0, 0, 2, 903.12, 634803, 28
772, 0, 0, 28, 28, 1, 40.58%, 0, 0, 2, 899.92, 639424, 28
777, 0, 0, 28, 28, 1, 40.58%, 0, 0, 2, 903.49, 643929, 28
782, 0, 0, 28, 28, 1, 40.58%, 0, 0, 2, 904.40, 648483, 28
787, 0, 0, 28, 28, 1, 40.58%, 0, 0, 2, 899.44, 652956, 28
793, 0, 0, 28, 28, 1, 40.58%, 0, 0, 2, 893.93, 657512, 28
798, 0, 0, 28, 28, 1, 40.58%, 0, 0, 2, 903.12, 662181, 28
803, 0, 0, 28, 28, 1, 40.58%, 0, 0, 2, 910.99, 666807, 28
808, 0, 0, 28, 28, 1, 40.58%, 0, 0, 2, 907.86, 671415, 28
813, 0, 0, 28, 28, 1, 40.58%, 0, 0, 2, 905.53, 676059, 28
818, 0, 0, 28, 28, 1, 40.58%, 0, 0, 2, 904.54, 680703, 28
823, 0, 0, 28, 28, 1, 40.58%, 0, 0, 2, 912.84, 685293, 28
829, 0, 0, 28, 28, 1, 40.58%, 0, 0, 2, 909.91, 689883, 28
834, 0, 0, 28, 28, 1, 40.58%, 0, 0, 2, 910.86, 694491, 28
839, 0, 0, 28, 28, 1, 40.58%, 0, 0, 2, 910.32, 699099, 28
844, 0, 0, 28, 28, 1, 40.58%, 0, 0, 2, 904.55, 703635, 28
849, 0, 0, 28, 28, 1, 40.58%, 0, 0, 2, 911.56, 708225, 28
854, 0, 0, 28, 28, 1, 40.58%, 0, 0, 2, 899.45, 712797, 28
859, 0, 0, 28, 28, 1, 40.58%, 0, 0, 2, 886.12, 717315, 28
864, 0, 0, 28, 28, 1, 40.58%, 0, 0, 2, 889.42, 721887, 28
869, 0, 0, 28, 28, 1, 40.58%, 0, 0, 2, 896.05, 726498, 28
874, 0, 0, 28, 28, 1, 40.58%, 0, 0, 2, 889.65, 731071, 28
879, 0, 0, 28, 28, 1, 40.58%, 0, 0, 2, 888.19, 735559, 28
884, 0, 0, 28, 28, 1, 40.58%, 0, 0, 2, 889.95, 740064, 28
889, 0, 0, 28, 28, 1, 40.58%, 0, 0, 2, 905.60, 744711, 28
894, 0, 0, 28, 28, 1, 40.58%, 0, 0, 2, 897.15, 749346, 28
900, 0, 0, 28, 28, 1, 40.58%, 0, 0, 2, 894.05, 753919, 28
905, 0, 0, 28, 28, 1, 40.58%, 0, 0, 2, 897.14, 758492, 28
910, 0, 0, 28, 28, 1, 40.58%, 0, 0, 2, 898.80, 763116, 28
915, 0, 0, 28, 28, 1, 40.58%, 0, 0, 2, 898.26, 767740, 28
920, 0, 0, 28, 28, 1, 40.58%, 0, 0, 2, 907.61, 772413, 28
925, 0, 0, 28, 28, 1, 40.58%, 0, 0, 2, 905.03, 777075, 28
930, 0, 0, 28, 28, 1, 40.58%, 0, 0, 2, 898.27, 781680, 28
935, 0, 0, 28, 28, 1, 40.58%, 0, 0, 2, 903.67, 786273, 28
940, 0, 0, 28, 28, 1, 40.58%, 0, 0, 2, 905.10, 790917, 28
945, 0, 0, 28, 28, 1, 40.58%, 0, 0, 2, 910.04, 795579, 28
951, 0, 0, 28, 28, 1, 40.58%, 0, 0, 2, 910.76, 800259, 28
956, 0, 0, 28, 28, 1, 40.58%, 0, 0, 2, 910.77, 804939, 28
961, 0, 0, 28, 28, 1, 40.58%, 0, 0, 2, 909.29, 809601, 28
966, 0, 0, 28, 28, 1, 40.58%, 0, 0, 2, 911.18, 814317, 28
971, 0, 0, 28, 28, 1, 40.58%, 0, 0, 2, 906.96, 818979, 28
976, 0, 0, 28, 28, 1, 40.58%, 0, 0, 2, 908.13, 823569, 28
981, 0, 0, 28, 28, 1, 40.58%, 0, 0, 2, 902.98, 828159, 28
986, 0, 0, 28, 28, 1, 40.58%, 0, 0, 2, 902.23, 832749, 28
992, 0, 0, 28, 28, 1, 40.58%, 0, 0, 2, 904.55, 837285, 28
997, 0, 0, 28, 28, 1, 40.58%, 0, 0, 2, 906.58, 842001, 28
1002, 0, 0, 28, 28, 1, 40.58%, 0, 0, 2, 906.36, 846627, 28
1007, 0, 0, 28, 28, 1, 40.58%, 0, 0, 2, 900.11, 851125, 28
1012, 0, 0, 28, 28, 1, 40.58%, 0, 0, 2, 903.03, 855699, 28
1017, 0, 0, 28, 28, 1, 40.58%, 0, 0, 2, 922.70, 860379, 28
1022, 0, 0, 28, 28, 1, 40.58%, 0, 0, 2, 912.30, 865041, 28
1027, 0, 0, 28, 28, 1, 40.58%, 0, 0, 2, 912.41, 869775, 28
1033, 0, 0, 28, 28, 1, 40.58%, 0, 0, 2, 906.03, 874419, 28
1038, 0, 0, 28, 28, 1, 40.58%, 0, 0, 2, 907.28, 878991, 28
1043, 0, 0, 28, 28, 1, 40.58%, 0, 0, 2, 909.68, 883617, 28
1048, 0, 0, 28, 28, 1, 40.58%, 0, 0, 2, 907.04, 888243, 28
1053, 0, 0, 28, 28, 1, 40.58%, 0, 0, 2, 911.50, 892941, 28
1058, 0, 0, 28, 28, 1, 40.58%, 0, 0, 2, 909.00, 897585, 28
1063, 0, 0, 28, 28, 1, 40.58%, 0, 0, 2, 909.28, 902211, 28
1068, 0, 0, 28, 28, 1, 40.58%, 0, 0, 2, 910.64, 906909, 28
1074, 0, 0, 28, 28, 1, 40.58%, 0, 0, 2, 908.39, 911481, 28
1079, 0, 0, 28, 28, 1, 40.58%, 0, 0, 2, 911.66, 916125, 28
1084, 0, 0, 28, 28, 1, 40.58%, 0, 0, 2, 916.32, 920787, 28
1089, 0, 0, 28, 28, 1, 40.58%, 0, 0, 2, 901.00, 925449, 28
1094, 0, 0, 28, 28, 1, 40.58%, 0, 0, 2, 900.53, 930093, 28
1099, 0, 0, 28, 28, 1, 40.58%, 0, 0, 2, 903.87, 934773, 28
1104, 0, 0, 28, 28, 1, 40.58%, 0, 0, 2, 917.40, 939471, 28
1109, 0, 0, 28, 28, 1, 40.58%, 0, 0, 2, 905.21, 944151, 28
1114, 0, 0, 28, 28, 1, 40.58%, 0, 0, 2, 901.72, 948790, 28
1119, 0, 0, 28, 28, 1, 40.58%, 0, 0, 2, 919.72, 953475, 28
1125, 0, 0, 28, 28, 1, 40.58%, 0, 0, 2, 904.56, 958155, 28
1130, 0, 0, 28, 28, 1, 40.58%, 0, 0, 2, 903.77, 962835, 28
1135, 0, 0, 28, 28, 1, 40.58%, 0, 0, 2, 910.00, 967533, 28
1140, 0, 0, 28, 28, 1, 40.58%, 0, 0, 2, 921.38, 972249, 28
1145, 0, 0, 28, 28, 1, 40.58%, 0, 0, 2, 907.57, 976929, 28
1150, 0, 0, 28, 28, 1, 40.58%, 0, 0, 2, 904.69, 981609, 28
1155, 0, 0, 28, 28, 1, 40.58%, 0, 0, 2, 906.10, 986289, 28
1161, 0, 0, 28, 28, 1, 40.58%, 0, 0, 2, 907.67, 991005, 28
1166, 0, 0, 28, 28, 1, 40.58%, 0, 0, 2, 902.84, 995613, 28
1171, 0, 0, 28, 28, 1, 40.58%, 0, 0, 2, 916.20, 1000329, 28
1176, 0, 0, 28, 28, 1, 40.58%, 0, 0, 2, 915.20, 1005009, 28
1181, 0, 0, 28, 28, 1, 40.58%, 0, 0, 2, 923.29, 1009689, 28
1186, 0, 0, 28, 28, 1, 40.58%, 0, 0, 2, 921.93, 1014387, 28
1191, 0, 0, 28, 28, 1, 40.58%, 0, 0, 2, 913.43, 1019085, 28
1196, 0, 0, 28, 28, 1, 40.58%, 0, 0, 2, 913.68, 1023783, 28
1202, 0, 0, 28, 28, 1, 40.58%, 0, 0, 2, 909.98, 1028463, 28
1207, 0, 0, 28, 28, 1, 40.58%, 0, 0, 2, 911.74, 1033125, 28
1212, 0, 0, 28, 28, 1, 40.58%, 0, 0, 2, 910.51, 1037823, 28
1217, 0, 0, 28, 28, 1, 40.58%, 0, 0, 2, 909.63, 1042503, 28
1222, 0, 0, 28, 28, 1, 40.58%, 0, 0, 2, 911.54, 1047183, 28
1227, 0, 0, 28, 28, 1, 40.58%, 0, 0, 2, 919.12, 1051899, 28
1232, 0, 0, 28, 28, 1, 40.58%, 0, 0, 2, 914.85, 1056579, 28
1238, 0, 0, 28, 28, 1, 40.58%, 0, 0, 2, 914.51, 1061259, 28
1243, 0, 0, 28, 28, 1, 40.58%, 0, 0, 2, 910.60, 1065975, 28
1248, 0, 0, 28, 28, 1, 40.58%, 0, 0, 2, 939.38, 1070709, 28
1253, 0, 0, 28, 28, 1, 40.58%, 0, 0, 2, 914.64, 1075407, 28
1258, 0, 0, 28, 28, 1, 40.58%, 0, 0, 2, 914.59, 1080141, 28
1263, 0, 0, 28, 28, 1, 40.58%, 0, 0, 2, 915.10, 1084875, 28
1269, 0, 0, 28, 28, 1, 40.58%, 0, 0, 2, 914.83, 1089609, 28
1274, 0, 0, 28, 28, 1, 40.58%, 0, 0, 2, 922.92, 1094307, 28
1279, 0, 0, 28, 28, 1, 40.58%, 0, 0, 2, 905.02, 1098951, 28
1284, 0, 0, 28, 28, 1, 40.58%, 0, 0, 2, 897.66, 1103595, 28
1289, 0, 0, 28, 28, 1, 40.58%, 0, 0, 2, 898.19, 1108233, 28
1294, 0, 0, 28, 28, 1, 40.58%, 0, 0, 2, 894.76, 1112840, 28
1299, 0, 0, 28, 28, 1, 40.58%, 0, 0, 2, 905.18, 1117527, 28
1305, 0, 0, 28, 28, 1, 40.58%, 0, 0, 2, 902.11, 1122225, 28
1310, 0, 0, 28, 28, 1, 40.58%, 0, 0, 2, 906.05, 1126959, 28
1315, 0, 0, 28, 28, 1, 40.58%, 0, 0, 2, 903.31, 1131585, 28
1320, 0, 0, 28, 28, 1, 40.58%, 0, 0, 2, 902.20, 1136265, 28
1325, 0, 0, 28, 28, 1, 40.58%, 0, 0, 2, 908.35, 1140927, 28
1330, 0, 0, 28, 28, 1, 40.58%, 0, 0, 2, 899.28, 1145531, 28
1335, 0, 0, 28, 28, 1, 40.58%, 0, 0, 2, 898.66, 1150121, 28
1340, 0, 0, 28, 28, 1, 40.58%, 0, 0, 2, 909.29, 1154769, 28
1346, 0, 0, 28, 28, 1, 40.58%, 0, 0, 2, 904.83, 1159413, 28
1351, 0, 0, 28, 28, 1, 40.58%, 0, 0, 2, 905.10, 1164057, 28
1356, 0, 0, 28, 28, 1, 40.58%, 0, 0, 2, 908.91, 1168737, 28
1361, 0, 0, 28, 28, 1, 40.58%, 0, 0, 2, 909.38, 1173435, 28
1366, 0, 0, 28, 28, 1, 40.58%, 0, 0, 2, 909.29, 1178115, 28
1371, 0, 0, 28, 28, 1, 40.58%, 0, 0, 2, 905.45, 1182723, 28
1376, 0, 0, 28, 28, 1, 40.58%, 0, 0, 2, 908.81, 1187385, 28
1382, 0, 0, 28, 28, 1, 40.58%, 0, 0, 2, 910.33, 1192065, 28
1387, 0, 0, 28, 28, 1, 40.58%, 0, 0, 2, 913.86, 1196727, 28
1392, 0, 0, 28, 28, 1, 40.58%, 0, 0, 2, 910.98, 1201425, 28
1397, 0, 0, 28, 28, 1, 40.58%, 0, 0, 2, 909.10, 1206087, 28
1402, 0, 0, 28, 28, 1, 40.58%, 0, 0, 2, 908.61, 1210731, 28
1407, 0, 0, 28, 28, 1, 40.58%, 0, 0, 2, 928.77, 1215393, 28
1412, 0, 0, 28, 28, 1, 40.58%, 0, 0, 2, 918.27, 1220091, 28
1417, 0, 0, 28, 28, 1, 40.58%, 0, 0, 2, 896.84, 1224598, 28
1423, 0, 0, 28, 28, 1, 40.58%, 0, 0, 2, 903.97, 1229253, 28
1428, 0, 0, 28, 28, 1, 40.58%, 0, 0, 2, 909.07, 1233861, 28
1433, 0, 0, 28, 28, 1, 40.58%, 0, 0, 2, 910.59, 1238559, 28
1438, 0, 0, 28, 28, 1, 40.58%, 0, 0, 2, 904.57, 1243113, 28
1443, 0, 0, 28, 28, 1, 40.58%, 0, 0, 2, 907.02, 1247649, 28
1448, 0, 0, 28, 28, 1, 40.58%, 0, 0, 2, 910.59, 1252293, 28
1453, 0, 0, 28, 28, 1, 40.58%, 0, 0, 2, 909.66, 1256901, 28
1458, 0, 0, 28, 28, 1, 40.58%, 0, 0, 2, 932.94, 1261599, 28
1463, 0, 0, 28, 28, 1, 40.58%, 0, 0, 2, 920.49, 1266279, 28
1468, 0, 0, 29, 29, 1, 42.03%, 0, 0, 2, 919.52, 1271020, 29
1474, 0, 0, 29, 29, 1, 42.03%, 0, 0, 2, 913.46, 1275682, 29
1479, 0, 0, 29, 29, 1, 42.03%, 0, 0, 2, 933.90, 1280380, 29
1484, 0, 0, 29, 29, 1, 42.03%, 0, 0, 2, 889.06, 1284785, 29
1489, 0, 0, 29, 29, 1, 42.03%, 0, 0, 2, 880.35, 1289205, 29
1494, 0, 0, 29, 29, 1, 42.03%, 0, 0, 2, 879.68, 1293676, 29
1499, 0, 0, 29, 29, 1, 42.03%, 0, 0, 2, 871.00, 1298113, 29
1504, 0, 0, 29, 29, 1, 42.03%, 0, 0, 2, 890.77, 1302754, 29
1509, 0, 0, 29, 29, 1, 42.03%, 0, 0, 2, 889.26, 1307395, 29
1514, 0, 0, 29, 29, 1, 42.03%, 0, 0, 2, 881.17, 1311850, 29
1519, 0, 0, 29, 29, 1, 42.03%, 0, 0, 2, 892.04, 1316491, 29
1525, 0, 0, 29, 29, 1, 42.03%, 0, 0, 2, 891.73, 1321132, 29
1530, 0, 0, 29, 29, 1, 42.03%, 0, 0, 2, 891.30, 1325773, 29
1535, 0, 0, 29, 29, 1, 42.03%, 0, 0, 2, 888.12, 1330244, 29
1540, 0, 0, 29, 29, 1, 42.03%, 0, 0, 2, 871.60, 1334732, 29
1545, 0, 0, 29, 29, 1, 42.03%, 0, 0, 2, 873.60, 1339186, 29
1550, 0, 0, 29, 29, 1, 42.03%, 0, 0, 2, 877.49, 1343657, 29
1555, 0, 0, 29, 29, 1, 42.03%, 0, 0, 2, 892.14, 1348298, 29
1560, 0, 0, 29, 29, 1, 42.03%, 0, 0, 2, 888.22, 1352769, 29
1566, 0, 0, 29, 29, 1, 42.03%, 0, 0, 2, 895.48, 1357444, 29
1571, 0, 0, 29, 29, 1, 42.03%, 0, 0, 2, 888.19, 1361932, 29
1576, 0, 0, 29, 29, 1, 42.03%, 0, 0, 2, 886.98, 1366386, 29
1581, 0, 0, 29, 29, 1, 42.03%, 0, 0, 2, 879.66, 1370840, 29
1586, 0, 0, 29, 29, 1, 42.03%, 0, 0, 2, 884.86, 1375311, 29
1591, 0, 0, 29, 29, 1, 42.03%, 0, 0, 2, 890.22, 1379952, 29
1596, 0, 0, 29, 29, 1, 42.03%, 0, 0, 2, 890.08, 1384423, 29
1601, 0, 0, 29, 29, 1, 42.03%, 0, 0, 2, 895.64, 1388911, 29
1606, 0, 0, 29, 29, 1, 42.03%, 0, 0, 2, 893.43, 1393382, 29
1611, 0, 0, 29, 29, 1, 42.03%, 0, 0, 2, 896.34, 1398040, 29
1616, 0, 0, 29, 29, 1, 42.03%, 0, 0, 2, 899.56, 1402698, 29
1621, 0, 0, 29, 29, 1, 42.03%, 0, 0, 2, 891.03, 1407152, 29
1626, 0, 0, 29, 29, 1, 42.03%, 0, 0, 2, 893.61, 1411623, 29
1632, 0, 0, 29, 29, 1, 42.03%, 0, 0, 2, 890.53, 1416094, 29
1637, 0, 0, 29, 29, 1, 42.03%, 0, 0, 2, 903.03, 1420781, 29
1642, 0, 0, 29, 29, 1, 42.03%, 0, 0, 2, 901.73, 1425353, 29
1647, 0, 0, 29, 29, 1, 42.03%, 0, 0, 2, 899.64, 1430000, 29
1652, 0, 0, 29, 29, 1, 42.03%, 0, 0, 2, 884.32, 1434505, 29
1657, 0, 0, 29, 29, 1, 42.03%, 0, 0, 2, 891.12, 1438976, 29
1662, 0, 0, 29, 29, 1, 42.03%, 0, 0, 2, 894.05, 1443447, 29
1667, 0, 0, 29, 29, 1, 42.03%, 0, 0, 2, 898.45, 1448105, 29
1672, 0, 0, 29, 29, 1, 42.03%, 0, 0, 2, 882.45, 1452559, 29
1677, 0, 0, 29, 29, 1, 42.03%, 0, 0, 2, 874.87, 1457013, 29
1682, 0, 0, 29, 29, 1, 42.03%, 0, 0, 2, 890.69, 1461467, 29
1688, 0, 0, 29, 29, 1, 42.03%, 0, 0, 2, 901.63, 1465997, 29
1693, 0, 0, 29, 29, 1, 42.03%, 0, 0, 2, 900.01, 1470497, 29
1698, 0, 0, 29, 29, 1, 42.03%, 0, 0, 2, 901.43, 1475015, 29
1703, 0, 0, 29, 29, 1, 42.03%, 0, 0, 2, 911.68, 1479695, 29
1708, 0, 0, 29, 29, 1, 42.03%, 0, 0, 2, 907.64, 1484285, 29
1713, 0, 0, 29, 29, 1, 42.03%, 0, 0, 2, 881.44, 1488735, 29
1718, 0, 0, 29, 29, 1, 42.03%, 0, 0, 2, 894.62, 1493376, 29
1723, 0, 0, 29, 29, 1, 42.03%, 0, 0, 2, 899.64, 1498034, 29
1728, 0, 0, 29, 29, 1, 42.03%, 0, 0, 2, 909.28, 1502591, 29
1733, 0, 0, 29, 29, 1, 42.03%, 0, 0, 2, 902.85, 1507109, 29
1738, 0, 0, 29, 29, 1, 42.03%, 0, 0, 2, 896.44, 1511753, 29
1744, 0, 0, 29, 29, 1, 42.03%, 0, 0, 2, 898.85, 1516394, 29
1749, 0, 0, 29, 29, 1, 42.03%, 0, 0, 2, 900.05, 1520987, 29
1754, 0, 0, 29, 29, 1, 42.03%, 0, 0, 2, 892.99, 1525649, 29
1759, 0, 0, 29, 29, 1, 42.03%, 0, 0, 2, 916.03, 1530257, 29
1764, 0, 0, 29, 29, 1, 42.03%, 0, 0, 2, 877.91, 1534652, 29
1769, 0, 0, 29, 29, 1, 42.03%, 0, 0, 2, 890.88, 1539310, 29
1774, 0, 0, 29, 29, 1, 42.03%, 0, 0, 2, 890.90, 1543968, 29
1780, 0, 0, 29, 29, 1, 42.03%, 0, 0, 2, 888.07, 1548626, 29
1785, 0, 0, 29, 29, 1, 42.03%, 0, 0, 2, 868.39, 1553063, 29
1790, 0, 0, 29, 29, 1, 42.03%, 0, 0, 2, 870.49, 1557500, 29
1795, 0, 0, 29, 29, 1, 42.03%, 0, 0, 2, 887.91, 1562158, 29
1800, 0, 0, 29, 29, 1, 42.03%, 0, 0, 2, 881.59, 1566612, 29
1805, 0, 0, 29, 29, 1, 42.03%, 0, 0, 2, 885.44, 1571066, 29
1810, 0, 0, 29, 29, 1, 42.03%, 0, 0, 2, 885.45, 1575520, 29
1815, 0, 0, 29, 29, 1, 42.03%, 0, 0, 2, 895.20, 1580161, 29
1820, 0, 0, 29, 29, 1, 42.03%, 0, 0, 2, 900.54, 1584725, 29
1825, 0, 0, 29, 29, 1, 42.03%, 0, 0, 2, 896.82, 1589375, 29
1831, 0, 0, 29, 29, 1, 42.03%, 0, 0, 2, 900.03, 1593931, 29
1836, 0, 0, 29, 29, 1, 42.03%, 0, 0, 2, 901.17, 1598487, 29
1841, 0, 0, 29, 29, 1, 42.03%, 0, 0, 2, 883.60, 1602941, 29
1846, 0, 0, 29, 29, 1, 42.03%, 0, 0, 2, 879.64, 1607395, 29
1851, 0, 0, 29, 29, 1, 42.03%, 0, 0, 2, 886.61, 1611849, 29
1856, 0, 0, 29, 29, 1, 42.03%, 0, 0, 2, 880.46, 1616303, 29
1861, 0, 0, 29, 29, 1, 42.03%, 0, 0, 2, 882.62, 1620774, 29
1866, 0, 0, 29, 29, 1, 42.03%, 0, 0, 2, 886.70, 1625228, 29
1871, 0, 0, 29, 29, 1, 42.03%, 0, 0, 2, 893.24, 1629869, 29
1876, 0, 0, 29, 29, 1, 42.03%, 0, 0, 2, 900.28, 1634527, 29
1881, 0, 0, 29, 29, 1, 42.03%, 0, 0, 2, 900.88, 1639049, 29
1886, 0, 0, 29, 29, 1, 42.03%, 0, 0, 2, 895.15, 1643690, 29
1892, 0, 0, 29, 29, 1, 42.03%, 0, 0, 2, 893.05, 1648348, 29
1897, 0, 0, 29, 29, 1, 42.03%, 0, 0, 2, 902.43, 1653035, 29
1902, 0, 0, 29, 29, 1, 42.03%, 0, 0, 2, 888.19, 1657596, 29
1907, 0, 0, 29, 29, 1, 42.03%, 0, 0, 2, 895.62, 1662084, 29
1912, 0, 0, 29, 29, 1, 42.03%, 0, 0, 2, 882.48, 1666538, 29
1917, 0, 0, 29, 29, 1, 42.03%, 0, 0, 2, 890.52, 1670992, 29
1922, 0, 0, 29, 29, 1, 42.03%, 0, 0, 2, 882.28, 1675446, 29
1927, 0, 0, 29, 29, 1, 42.03%, 0, 0, 2, 878.16, 1679901, 29
1932, 0, 0, 29, 29, 1, 42.03%, 0, 0, 2, 877.37, 1684372, 29
1937, 0, 0, 29, 29, 1, 42.03%, 0, 0, 2, 888.39, 1688826, 29
1943, 0, 0, 29, 29, 1, 42.03%, 0, 0, 2, 895.99, 1693467, 29
1948, 0, 0, 29, 29, 1, 42.03%, 0, 0, 2, 900.78, 1698126, 29
1953, 0, 0, 29, 29, 1, 42.03%, 0, 0, 2, 888.46, 1702647, 29
1958, 0, 0, 29, 29, 1, 42.03%, 0, 0, 2, 895.52, 1707135, 29
1963, 0, 0, 29, 29, 1, 42.03%, 0, 0, 2, 918.23, 1711770, 29
1968, 0, 0, 29, 29, 1, 42.03%, 0, 0, 2, 902.63, 1716324, 29
1973, 0, 0, 29, 29, 1, 42.03%, 0, 0, 2, 901.69, 1720842, 29
1978, 0, 0, 29, 29, 1, 42.03%, 0, 0, 2, 903.07, 1725360, 29
1983, 0, 0, 29, 29, 1, 42.03%, 0, 0, 2, 891.93, 1729881, 29
1988, 0, 0, 29, 29, 1, 42.03%, 0, 0, 2, 898.94, 1734522, 29
1993, 0, 0, 29, 29, 1, 42.03%, 0, 0, 2, 904.85, 1739112, 29
1998, 0, 0, 29, 29, 1, 42.03%, 0, 0, 2, 903.33, 1743648, 29
2003, 0, 0, 29, 29, 1, 42.03%, 0, 0, 2, 903.36, 1748202, 29
2009, 0, 0, 29, 29, 1, 42.03%, 0, 0, 2, 884.54, 1752678, 29
2014, 0, 0, 29, 29, 1, 42.03%, 0, 0, 2, 886.92, 1757132, 29
2019, 0, 0, 29, 29, 1, 42.03%, 0, 0, 2, 896.45, 1761773, 29
2024, 0, 0, 29, 29, 1, 42.03%, 0, 0, 2, 889.59, 1766397, 29
2029, 0, 0, 29, 29, 1, 42.03%, 0, 0, 2, 893.74, 1771072, 29
2034, 0, 0, 29, 29, 1, 42.03%, 0, 0, 2, 894.89, 1775594, 29
2039, 0, 0, 29, 29, 1, 42.03%, 0, 0, 2, 894.66, 1780133, 29
2044, 0, 0, 29, 29, 1, 42.03%, 0, 0, 2, 898.94, 1784672, 29
2049, 0, 0, 29, 29, 1, 42.03%, 0, 0, 2, 916.82, 1789404, 29
2054, 0, 0, 29, 29, 1, 42.03%, 0, 0, 2, 889.11, 1793954, 29
2060, 0, 0, 29, 29, 1, 42.03%, 0, 0, 2, 896.38, 1798646, 29
2065, 0, 0, 29, 29, 1, 42.03%, 0, 0, 2, 903.94, 1803264, 29
2070, 0, 0, 29, 29, 1, 42.03%, 0, 0, 2, 931.57, 1808178, 29
2075, 0, 0, 29, 29, 1, 42.03%, 0, 0, 2, 906.12, 1812840, 29
2080, 0, 0, 29, 29, 1, 42.03%, 0, 0, 2, 902.26, 1817520, 29
2085, 0, 0, 29, 29, 1, 42.03%, 0, 0, 2, 920.79, 1822164, 29
2090, 0, 0, 29, 29, 1, 42.03%, 0, 0, 2, 924.33, 1826988, 29
2096, 0, 0, 29, 29, 1, 42.03%, 0, 0, 2, 897.27, 1831524, 29
2101, 0, 0, 29, 29, 1, 42.03%, 0, 0, 2, 900.72, 1836222, 29
2106, 0, 0, 29, 29, 1, 42.03%, 0, 0, 2, 898.88, 1840755, 29
2111, 0, 0, 29, 29, 1, 42.03%, 0, 0, 2, 900.94, 1845294, 29
2116, 0, 0, 29, 29, 1, 42.03%, 0, 0, 2, 894.40, 1849816, 29
2121, 0, 0, 29, 29, 1, 42.03%, 0, 0, 2, 916.03, 1854438, 29
2126, 0, 0, 29, 29, 1, 42.03%, 0, 0, 2, 914.06, 1859118, 29
2131, 0, 0, 29, 29, 1, 42.03%, 0, 0, 2, 893.98, 1863688, 29
2136, 0, 0, 29, 29, 1, 42.03%, 0, 0, 2, 897.59, 1868329, 29
2141, 0, 0, 29, 29, 1, 42.03%, 0, 0, 2, 903.94, 1872906, 29
2147, 0, 0, 29, 29, 1, 42.03%, 0, 0, 2, 906.37, 1877586, 29
2152, 0, 0, 29, 29, 1, 42.03%, 0, 0, 2, 891.70, 1882133, 29
2157, 0, 0, 29, 29, 1, 42.03%, 0, 0, 2, 939.56, 1886946, 29
2162, 0, 0, 29, 29, 1, 42.03%, 0, 0, 2, 929.15, 1891698, 29
2167, 0, 0, 29, 29, 1, 42.03%, 0, 0, 2, 907.32, 1896342, 29
2172, 0, 0, 29, 29, 1, 42.03%, 0, 0, 2, 889.04, 1900833, 29
2177, 0, 0, 29, 29, 1, 42.03%, 0, 0, 2, 897.18, 1905321, 29
2182, 0, 0, 29, 29, 1, 42.03%, 0, 0, 2, 888.32, 1909775, 29
2187, 0, 0, 29, 29, 1, 42.03%, 0, 0, 2, 894.35, 1914246, 29
2192, 0, 0, 29, 29, 1, 42.03%, 0, 0, 2, 942.34, 1919112, 29
2197, 0, 0, 29, 29, 1, 42.03%, 0, 0, 2, 935.89, 1923828, 29
2203, 0, 0, 29, 29, 1, 42.03%, 0, 0, 2, 916.08, 1928526, 29
2208, 0, 0, 29, 29, 1, 42.03%, 0, 0, 2, 905.74, 1933152, 29
2213, 0, 0, 29, 29, 1, 42.03%, 0, 0, 2, 901.65, 1937706, 29
2218, 0, 0, 29, 29, 1, 42.03%, 0, 0, 2, 889.73, 1942160, 29
2223, 0, 0, 29, 29, 1, 42.03%, 0, 0, 2, 898.19, 1946648, 29
2228, 0, 0, 29, 29, 1, 42.03%, 0, 0, 2, 904.94, 1951206, 29
2233, 0, 0, 29, 29, 1, 42.03%, 0, 0, 2, 904.06, 1955832, 29
2238, 0, 0, 29, 29, 1, 42.03%, 0, 0, 2, 901.31, 1960494, 29
2243, 0, 0, 29, 29, 1, 42.03%, 0, 0, 2, 885.69, 1964974, 29
2248, 0, 0, 29, 29, 1, 42.03%, 0, 0, 2, 892.56, 1969428, 29
2254, 0, 0, 29, 29, 1, 42.03%, 0, 0, 2, 902.97, 1974138, 29
2259, 0, 0, 29, 29, 1, 42.03%, 0, 0, 2, 903.33, 1978656, 29
2264, 0, 0, 29, 29, 1, 42.03%, 0, 0, 2, 908.81, 1983300, 29
2269, 0, 0, 29, 29, 1, 42.03%, 0, 0, 2, 908.41, 1987980, 29
2274, 0, 0, 29, 29, 1, 42.03%, 0, 0, 2, 898.17, 1992498, 29
2279, 0, 0, 29, 29, 1, 42.03%, 0, 0, 2, 896.63, 1997106, 29
2284, 0, 0, 29, 29, 1, 42.03%, 0, 0, 2, 894.46, 2001606, 29
2289, 0, 0, 29, 29, 1, 42.03%, 0, 0, 2, 894.71, 2006106, 29
2294, 0, 0, 29, 29, 1, 42.03%, 0, 0, 2, 899.44, 2010721, 29
2299, 0, 0, 29, 29, 1, 42.03%, 0, 0, 2, 899.96, 2015396, 29
2304, 0, 0, 29, 29, 1, 42.03%, 0, 0, 2, 902.23, 2020037, 29
2310, 0, 0, 29, 29, 1, 42.03%, 0, 0, 2, 933.83, 2024934, 29
2315, 0, 0, 29, 29, 1, 42.03%, 0, 0, 2, 904.56, 2029596, 29
2320, 0, 0, 29, 29, 1, 42.03%, 0, 0, 2, 888.11, 2034198, 29
2325, 0, 0, 29, 29, 1, 42.03%, 0, 0, 2, 888.93, 2038669, 29
2330, 0, 0, 29, 29, 1, 42.03%, 0, 0, 2, 897.23, 2043344, 29
2335, 0, 0, 29, 29, 1, 42.03%, 0, 0, 2, 893.07, 2048002, 29
2340, 0, 0, 29, 29, 1, 42.03%, 0, 0, 2, 887.99, 2052456, 29
2346, 0, 0, 29, 29, 1, 42.03%, 0, 0, 2, 898.74, 2057097, 29
2351, 0, 0, 29, 29, 1, 42.03%, 0, 0, 2, 906.29, 2061708, 29
2356, 0, 0, 29, 29, 1, 42.03%, 0, 0, 2, 906.56, 2066388, 29
2361, 0, 0, 29, 29, 1, 42.03%, 0, 0, 2, 901.68, 2071068, 29
2366, 0, 0, 29, 29, 1, 42.03%, 0, 0, 2, 921.89, 2075766, 29
2371, 0, 0, 29, 29, 1, 42.03%, 0, 0, 2, 926.51, 2080608, 29
2376, 0, 0, 29, 29, 1, 42.03%, 0, 0, 2, 910.32, 2085234, 29
2382, 0, 0, 29, 29, 1, 42.03%, 0, 0, 2, 891.31, 2089822, 29
2387, 0, 0, 29, 29, 1, 42.03%, 0, 0, 2, 892.73, 2094293, 29
2392, 0, 0, 29, 29, 1, 42.03%, 0, 0, 2, 892.41, 2098951, 29
2397, 0, 0, 29, 29, 1, 42.03%, 0, 0, 2, 903.54, 2103648, 29
2402, 0, 0, 29, 29, 1, 42.03%, 0, 0, 2, 928.93, 2108310, 29
2407, 0, 0, 29, 29, 1, 42.03%, 0, 0, 2, 911.63, 2113062, 29
2412, 0, 0, 29, 29, 1, 42.03%, 0, 0, 2, 909.59, 2117688, 29
2418, 0, 0, 29, 29, 1, 42.03%, 0, 0, 2, 910.86, 2122404, 29
2423, 0, 0, 29, 29, 1, 42.03%, 0, 0, 2, 905.76, 2127066, 29
2428, 0, 0, 29, 29, 1, 42.03%, 0, 0, 2, 907.59, 2131710, 29
2433, 0, 0, 29, 29, 1, 42.03%, 0, 0, 2, 909.51, 2136408, 29
2438, 0, 0, 29, 29, 1, 42.03%, 0, 0, 2, 904.92, 2141052, 29
2443, 0, 0, 29, 29, 1, 42.03%, 0, 0, 2, 897.39, 2145514, 29
2448, 0, 0, 29, 29, 1, 42.03%, 0, 0, 2, 888.78, 2149985, 29
2453, 0, 0, 29, 29, 1, 42.03%, 0, 0, 2, 886.35, 2154456, 29
2458, 0, 0, 29, 29, 1, 42.03%, 0, 0, 2, 900.37, 2159097, 29
2464, 0, 0, 29, 29, 1, 42.03%, 0, 0, 2, 903.55, 2163660, 29
2469, 0, 0, 29, 29, 1, 42.03%, 0, 0, 2, 902.88, 2168214, 29
2474, 0, 0, 29, 29, 1, 42.03%, 0, 0, 2, 879.57, 2172646, 29
2479, 0, 0, 29, 29, 1, 42.03%, 0, 0, 2, 896.73, 2177287, 29
2484, 0, 0, 29, 29, 1, 42.03%, 0, 0, 2, 899.78, 2181912, 29
2489, 0, 0, 29, 29, 1, 42.03%, 0, 0, 2, 895.79, 2186466, 29
2494, 0, 0, 29, 29, 1, 42.03%, 0, 0, 2, 903.94, 2191038, 29
2499, 0, 0, 29, 29, 1, 42.03%, 0, 0, 2, 896.73, 2195664, 29
2504, 0, 0, 29, 29, 1, 42.03%, 0, 0, 2, 905.12, 2200308, 29
2509, 0, 0, 29, 29, 1, 42.03%, 0, 0, 2, 911.88, 2204988, 29
2515, 0, 0, 29, 29, 1, 42.03%, 0, 0, 2, 934.19, 2209902, 29
2520, 0, 0, 29, 29, 1, 42.03%, 0, 0, 2, 933.89, 2214618, 29
2525, 0, 0, 29, 29, 1, 42.03%, 0, 0, 2, 944.63, 2219532, 29
2530, 0, 0, 29, 29, 1, 42.03%, 0, 0, 2, 939.84, 2224338, 29
2535, 0, 0, 29, 29, 1, 42.03%, 0, 0, 2, 918.90, 2229054, 29
2540, 0, 0, 29, 29, 1, 42.03%, 0, 0, 2, 932.37, 2233968, 29
2545, 0, 0, 29, 29, 1, 42.03%, 0, 0, 2, 932.72, 2238666, 29
2551, 0, 0, 29, 29, 1, 42.03%, 0, 0, 2, 934.03, 2243544, 29
2556, 0, 0, 29, 29, 1, 42.03%, 0, 0, 2, 941.07, 2248260, 29
2561, 0, 0, 29, 29, 1, 42.03%, 0, 0, 2, 950.17, 2253174, 29
2566, 0, 0, 29, 29, 1, 42.03%, 0, 0, 2, 935.57, 2257944, 29
2571, 0, 0, 29, 29, 1, 42.03%, 0, 0, 2, 902.36, 2262588, 29
2576, 0, 0, 29, 29, 1, 42.03%, 0, 0, 2, 927.63, 2267214, 29
2581, 0, 0, 29, 29, 1, 42.03%, 0, 0, 2, 944.61, 2272128, 29
2586, 0, 0, 29, 29, 1, 42.03%, 0, 0, 2, 944.36, 2276844, 29
2591, 0, 0, 29, 29, 1, 42.03%, 0, 0, 2, 927.52, 2281542, 29
2596, 0, 0, 29, 29, 1, 42.03%, 0, 0, 2, 942.68, 2286258, 29
2601, 0, 0, 29, 29, 1, 42.03%, 0, 0, 2, 925.79, 2290938, 29
2607, 0, 0, 29, 29, 1, 42.03%, 0, 0, 2, 950.44, 2295852, 29
2612, 0, 0, 29, 29, 1, 42.03%, 0, 0, 2, 960.29, 2300712, 29
2617, 0, 0, 29, 29, 1, 42.03%, 0, 0, 2, 918.86, 2305392, 29
2622, 0, 0, 29, 29, 1, 42.03%, 0, 0, 2, 944.77, 2310288, 29
2627, 0, 0, 29, 29, 1, 42.03%, 0, 0, 2, 963.91, 2315152, 29
2632, 0, 0, 29, 29, 1, 42.03%, 0, 0, 2, 956.42, 2319921, 29
2637, 0, 0, 29, 29, 1, 42.03%, 0, 0, 2, 957.72, 2324842, 29
2642, 0, 0, 29, 29, 1, 42.03%, 0, 0, 2, 950.69, 2329706, 29
2647, 0, 0, 29, 29, 1, 42.03%, 0, 0, 2, 946.44, 2334480, 29
2652, 0, 0, 29, 29, 1, 42.03%, 0, 0, 2, 947.72, 2339250, 29
2657, 0, 0, 29, 29, 1, 42.03%, 0, 0, 2, 949.59, 2344092, 29
2662, 0, 0, 29, 29, 1, 42.03%, 0, 0, 2, 951.81, 2348896, 29
2668, 0, 0, 29, 29, 1, 42.03%, 0, 0, 2, 934.94, 2353668, 29
2673, 0, 0, 29, 29, 1, 42.03%, 0, 0, 2, 902.74, 2358186, 29
2678, 0, 0, 29, 29, 1, 42.03%, 0, 0, 2, 900.12, 2362706, 29
2683, 0, 0, 29, 29, 1, 42.03%, 0, 0, 2, 917.51, 2367384, 29
2688, 0, 0, 29, 29, 1, 42.03%, 0, 0, 2, 946.88, 2372316, 29
2693, 0, 0, 29, 29, 1, 42.03%, 0, 0, 2, 947.99, 2377158, 29
2698, 0, 0, 29, 29, 1, 42.03%, 0, 0, 2, 944.63, 2382072, 29
2703, 0, 0, 29, 29, 1, 42.03%, 0, 0, 2, 948.87, 2386842, 29
2708, 0, 0, 29, 29, 1, 42.03%, 0, 0, 2, 943.87, 2391666, 29
2713, 0, 0, 29, 29, 1, 42.03%, 0, 0, 2, 933.03, 2396382, 29
2718, 0, 0, 29, 29, 1, 42.03%, 0, 0, 2, 929.71, 2400990, 29
2724, 0, 0, 29, 29, 1, 42.03%, 0, 0, 2, 944.72, 2405904, 29
2729, 0, 0, 29, 29, 1, 42.03%, 0, 0, 2, 933.66, 2410620, 29
2734, 0, 0, 29, 29, 1, 42.03%, 0, 0, 2, 936.89, 2415264, 29
2739, 0, 0, 29, 29, 1, 42.03%, 0, 0, 2, 949.70, 2420232, 29
2744, 0, 0, 29, 29, 1, 42.03%, 0, 0, 2, 939.26, 2424948, 29
2749, 0, 0, 29, 29, 1, 42.03%, 0, 0, 2, 951.32, 2429874, 29
2754, 0, 0, 29, 29, 1, 42.03%, 0, 0, 2, 927.20, 2434614, 29
2759, 0, 0, 29, 29, 1, 42.03%, 0, 0, 2, 918.34, 2439276, 29
2764, 0, 0, 29, 29, 1, 42.03%, 0, 0, 2, 933.07, 2443974, 29
2769, 0, 0, 29, 29, 1, 42.03%, 0, 0, 2, 945.23, 2448870, 29
2774, 0, 0, 29, 29, 1, 42.03%, 0, 0, 2, 925.92, 2453568, 29
2780, 0, 0, 29, 29, 1, 42.03%, 0, 0, 2, 922.75, 2458212, 29
2785, 0, 0, 29, 29, 1, 42.03%, 0, 0, 2, 929.93, 2462874, 29
2790, 0, 0, 29, 29, 1, 42.03%, 0, 0, 2, 927.27, 2467554, 29
2795, 0, 0, 29, 29, 1, 42.03%, 0, 0, 2, 902.77, 2472072, 29
2800, 0, 0, 29, 29, 1, 42.03%, 0, 0, 2, 928.07, 2476806, 29
2805, 0, 0, 29, 29, 1, 42.03%, 0, 0, 2, 941.51, 2481738, 29
2810, 0, 0, 29, 29, 1, 42.03%, 0, 0, 2, 941.24, 2486454, 29
2815, 0, 0, 29, 29, 1, 42.03%, 0, 0, 2, 941.81, 2491170, 29
2820, 0, 0, 29, 29, 1, 42.03%, 0, 0, 2, 944.40, 2495886, 29
2825, 0, 0, 29, 29, 1, 42.03%, 0, 0, 2, 916.09, 2500656, 29
2830, 0, 0, 29, 29, 1, 42.03%, 0, 0, 2, 946.34, 2505498, 29
2836, 0, 0, 29, 29, 1, 42.03%, 0, 0, 2, 911.57, 2510232, 29
2841, 0, 0, 29, 29, 1, 42.03%, 0, 0, 2, 911.43, 2514840, 29
2846, 0, 0, 29, 29, 1, 42.03%, 0, 0, 2, 939.41, 2519556, 29
2851, 0, 0, 29, 29, 1, 42.03%, 0, 0, 2, 946.24, 2524470, 29
2856, 0, 0, 29, 29, 1, 42.03%, 0, 0, 2, 933.40, 2529240, 29
2861, 0, 0, 29, 29, 1, 42.03%, 0, 0, 2, 946.08, 2534154, 29
2866, 0, 0, 29, 29, 1, 42.03%, 0, 0, 2, 954.67, 2538915, 29
2871, 0, 0, 29, 29, 1, 42.03%, 0, 0, 2, 952.02, 2543646, 29
2876, 0, 0, 29, 29, 1, 42.03%, 0, 0, 2, 926.80, 2548464, 29
2882, 0, 0, 29, 29, 1, 42.03%, 0, 0, 2, 945.37, 2553393, 29
2887, 0, 0, 29, 29, 1, 42.03%, 0, 0, 2, 937.45, 2558292, 29
2892, 0, 0, 29, 29, 1, 42.03%, 0, 0, 2, 945.41, 2563080, 29
2897, 0, 0, 29, 29, 1, 42.03%, 0, 0, 2, 945.55, 2567904, 29
2902, 0, 0, 29, 29, 1, 42.03%, 0, 0, 2, 948.50, 2572800, 29
2907, 0, 0, 29, 29, 1, 42.03%, 0, 0, 2, 945.28, 2577660, 29
2912, 0, 0, 29, 29, 1, 42.03%, 0, 0, 2, 938.06, 2582448, 29
2917, 0, 0, 29, 29, 1, 42.03%, 0, 0, 2, 937.62, 2587146, 29
2922, 0, 0, 29, 29, 1, 42.03%, 0, 0, 2, 940.39, 2591880, 29
2927, 0, 0, 29, 29, 1, 42.03%, 0, 0, 2, 937.04, 2596614, 29
2932, 0, 0, 29, 29, 1, 42.03%, 0, 0, 2, 902.84, 2601132, 29
2937, 0, 0, 29, 29, 1, 42.03%, 0, 0, 2, 908.39, 2605740, 29
2942, 0, 0, 29, 29, 1, 42.03%, 0, 0, 2, 923.75, 2610456, 29
2948, 0, 0, 30, 30, 1, 42.03%, 0, 0, 2, 946.10, 2615413, 29
2953, 0, 0, 30, 30, 1, 42.03%, 0, 0, 2, 956.27, 2620337, 29
2958, 0, 0, 30, 30, 1, 42.03%, 0, 0, 2, 949.51, 2625223, 29
2963, 0, 0, 30, 30, 1, 42.03%, 0, 0, 2, 933.63, 2629975, 29
2968, 0, 0, 30, 30, 1, 42.03%, 0, 0, 2, 926.98, 2634619, 29
2973, 0, 0, 30, 30, 1, 42.03%, 0, 0, 2, 935.41, 2639551, 29
2978, 0, 0, 30, 30, 1, 42.03%, 0, 0, 2, 930.84, 2644339, 29
2983, 0, 0, 30, 30, 1, 42.03%, 0, 0, 2, 941.20, 2649073, 29
2989, 0, 0, 30, 30, 1, 42.03%, 0, 0, 2, 920.44, 2653681, 29
2994, 0, 0, 30, 30, 1, 42.03%, 0, 0, 2, 948.63, 2658595, 29
2999, 0, 0, 30, 30, 1, 42.03%, 0, 0, 2, 931.43, 2663365, 29
3004, 0, 0, 30, 30, 1, 42.03%, 0, 0, 2, 931.12, 2667973, 29
3009, 0, 0, 30, 30, 1, 42.03%, 0, 0, 2, 946.73, 2672887, 29
3014, 0, 0, 30, 30, 1, 42.03%, 0, 0, 2, 942.18, 2677657, 29
3019, 0, 0, 30, 30, 1, 42.03%, 0, 0, 2, 940.93, 2682373, 29
3024, 0, 0, 30, 30, 1, 42.03%, 0, 0, 2, 948.47, 2687287, 29
3029, 0, 0, 30, 30, 1, 42.03%, 0, 0, 2, 914.73, 2691895, 29
3034, 0, 0, 30, 30, 1, 42.03%, 0, 0, 2, 917.89, 2696449, 29
3039, 0, 0, 30, 30, 1, 42.03%, 0, 0, 2, 910.06, 2701075, 29
3044, 0, 0, 30, 30, 1, 42.03%, 0, 0, 2, 883.76, 2705552, 29
3049, 0, 0, 30, 30, 1, 42.03%, 0, 0, 2, 891.43, 2710074, 29
3055, 0, 0, 30, 30, 1, 42.03%, 0, 0, 2, 918.42, 2714701, 29
3060, 0, 0, 30, 30, 1, 42.03%, 0, 0, 2, 910.71, 2719273, 29
3065, 0, 0, 30, 30, 1, 42.03%, 0, 0, 2, 897.57, 2723895, 29
3070, 0, 0, 30, 30, 1, 42.03%, 0, 0, 2, 893.52, 2728383, 29
3075, 0, 0, 30, 30, 1, 42.03%, 0, 0, 2, 895.28, 2733041, 29
3080, 0, 0, 30, 30, 1, 42.03%, 0, 0, 2, 925.06, 2737687, 29
3085, 0, 0, 30, 30, 1, 42.03%, 0, 0, 2, 940.41, 2742403, 29
3090, 0, 0, 30, 30, 1, 42.03%, 0, 0, 2, 950.04, 2747317, 29
3095, 0, 0, 30, 30, 1, 42.03%, 0, 0, 2, 950.74, 2752231, 29
3100, 0, 0, 30, 30, 1, 42.03%, 0, 0, 2, 954.20, 2757004, 29
3106, 0, 0, 30, 30, 1, 42.03%, 0, 0, 2, 958.91, 2761925, 29
3111, 0, 0, 30, 30, 1, 42.03%, 0, 0, 2, 954.94, 2766827, 29
3116, 0, 0, 30, 30, 1, 42.03%, 0, 0, 2, 909.86, 2771527, 29
3121, 0, 0, 30, 30, 1, 42.03%, 0, 0, 2, 911.87, 2776207, 29
3126, 0, 0, 30, 30, 1, 42.03%, 0, 0, 2, 950.17, 2781115, 29
3131, 0, 0, 30, 30, 1, 42.03%, 0, 0, 2, 919.81, 2785765, 29
3136, 0, 0, 30, 30, 1, 42.03%, 0, 0, 2, 915.23, 2790427, 29
3141, 0, 0, 30, 30, 1, 42.03%, 0, 0, 2, 939.40, 2795143, 29
3146, 0, 0, 30, 30, 1, 42.03%, 0, 0, 2, 947.74, 2799877, 29
3152, 0, 0, 30, 30, 1, 42.03%, 0, 0, 2, 897.03, 2804485, 29
3157, 0, 0, 30, 30, 1, 42.03%, 0, 0, 2, 925.60, 2809183, 29
3162, 0, 0, 30, 30, 1, 42.03%, 0, 0, 2, 935.42, 2814097, 29
3167, 0, 0, 30, 30, 1, 42.03%, 0, 0, 2, 941.11, 2819011, 29
3172, 0, 0, 30, 30, 1, 42.03%, 0, 0, 2, 938.38, 2823727, 29
3177, 0, 0, 30, 30, 1, 42.03%, 0, 0, 2, 943.33, 2828533, 29
3182, 0, 0, 30, 30, 1, 42.03%, 0, 0, 2, 922.37, 2833285, 29
3187, 0, 0, 30, 30, 1, 42.03%, 0, 0, 2, 917.20, 2837965, 29
3193, 0, 0, 30, 30, 1, 42.03%, 0, 0, 2, 936.09, 2842879, 29
3198, 0, 0, 30, 30, 1, 42.03%, 0, 0, 2, 941.18, 2847793, 29
3203, 0, 0, 30, 30, 1, 42.03%, 0, 0, 2, 946.94, 2852725, 29
3208, 0, 0, 30, 30, 1, 42.03%, 0, 0, 2, 945.00, 2857531, 29
3213, 0, 0, 30, 30, 1, 42.03%, 0, 0, 2, 941.27, 2862247, 29
3218, 0, 0, 30, 30, 1, 42.03%, 0, 0, 2, 946.89, 2867161, 29
3223, 0, 0, 30, 30, 1, 42.03%, 0, 0, 2, 939.10, 2871913, 29
3228, 0, 0, 30, 30, 1, 42.03%, 0, 0, 2, 916.22, 2876503, 29
3233, 0, 0, 30, 30, 1, 42.03%, 0, 0, 2, 903.06, 2881003, 29
3238, 0, 0, 30, 30, 1, 42.03%, 0, 0, 2, 900.18, 2885514, 29
3243, 0, 0, 30, 30, 1, 42.03%, 0, 0, 2, 922.52, 2890129, 29
3248, 0, 0, 30, 30, 1, 42.03%, 0, 0, 2, 929.45, 2894953, 29
3254, 0, 0, 30, 30, 1, 42.03%, 0, 0, 2, 935.15, 2899723, 29
3259, 0, 0, 30, 30, 1, 42.03%, 0, 0, 2, 929.90, 2904385, 29
3264, 0, 0, 30, 30, 1, 42.03%, 0, 0, 2, 917.99, 2909173, 29
3269, 0, 0, 30, 30, 1, 42.03%, 0, 0, 2, 934.62, 2913961, 29
3274, 0, 0, 30, 30, 1, 42.03%, 0, 0, 2, 940.72, 2918713, 29
3279, 0, 0, 30, 30, 1, 42.03%, 0, 0, 2, 922.69, 2923357, 29
3284, 0, 0, 30, 30, 1, 42.03%, 0, 0, 2, 934.04, 2928091, 29
3289, 0, 0, 30, 30, 1, 42.03%, 0, 0, 2, 922.31, 2932789, 29
3294, 0, 0, 30, 30, 1, 42.03%, 0, 0, 2, 915.89, 2937469, 29
3299, 0, 0, 30, 30, 1, 42.03%, 0, 0, 2, 937.32, 2942203, 29
3305, 0, 0, 30, 30, 1, 42.03%, 0, 0, 2, 958.12, 2947023, 29
3310, 0, 0, 30, 30, 1, 42.03%, 0, 0, 2, 963.75, 2951982, 29
3315, 0, 0, 30, 30, 1, 42.03%, 0, 0, 2, 959.51, 2956922, 29
3320, 0, 0, 30, 30, 1, 42.03%, 0, 0, 2, 957.71, 2961862, 29
3325, 0, 0, 30, 30, 1, 42.03%, 0, 0, 2, 957.08, 2966783, 29
3330, 0, 0, 30, 30, 1, 42.03%, 0, 0, 2, 955.44, 2971666, 29
3335, 0, 0, 30, 30, 1, 42.03%, 0, 0, 2, 915.63, 2976295, 29
3340, 0, 0, 30, 30, 1, 42.03%, 0, 0, 2, 933.25, 2980957, 29
3346, 0, 0, 30, 30, 1, 42.03%, 0, 0, 2, 908.80, 2985637, 29
3351, 0, 0, 30, 30, 1, 42.03%, 0, 0, 2, 934.06, 2990335, 29
3356, 0, 0, 30, 30, 1, 42.03%, 0, 0, 2, 944.46, 2995231, 29
3361, 0, 0, 30, 30, 1, 42.03%, 0, 0, 2, 923.63, 2999911, 29
3366, 0, 0, 30, 30, 1, 42.03%, 0, 0, 2, 946.24, 3004825, 29
3371, 0, 0, 30, 30, 1, 42.03%, 0, 0, 2, 949.10, 3009703, 29
3376, 0, 0, 30, 30, 1, 42.03%, 0, 0, 2, 921.97, 3014347, 29
3381, 0, 0, 30, 30, 1, 42.03%, 0, 0, 2, 897.37, 3018811, 29
3386, 0, 29, 40, 33, 4, 42.03%, 0, 0, 3, 922.51, 3023535, 29
3392, 0, 29, 48, 37, 0, 42.03%, 0, 0, 4, 931.77, 3028404, 29
3397, 0, 48, 54, 42, 0, 42.03%, 0, 0, 4, 951.48, 3033285, 29
3402, 0, 52, 55, 42, 1, 42.03%, 0, 0, 5, 915.42, 3037947, 29
3407, 0, 29, 57, 43, 0, 42.03%, 0, 0, 5, 917.62, 3042758, 29
3412, 0, 33, 58, 44, 0, 42.03%, 0, 0, 5, 933.63, 3047636, 29
3417, 0, 19, 58, 44, 0, 42.03%, 0, 0, 5, 940.62, 3052529, 29
3423, 0, 20, 58, 43, 0, 42.03%, 0, 0, 5, 947.69, 3057483, 29
3428, 0, 19, 60, 45, 0, 42.03%, 0, 0, 5, 942.20, 3062203, 29
3433, 1, 53, 62, 47, 0, 42.03%, 0, 0, 5, 946.98, 3067097, 29
3438, 1, 40, 66, 50, 0, 42.03%, 0, 0, 6, 928.96, 3071961, 29
3443, 1, 53, 66, 49, 0, 42.03%, 0, 0, 6, 904.34, 3076467, 29
3448, 1, 53, 68, 51, 0, 42.03%, 0, 0, 6, 919.93, 3081222, 29
3453, 1, 22, 69, 51, 0, 42.03%, 0, 0, 6, 932.33, 3086038, 29
3458, 1, 19, 71, 53, 0, 42.03%, 0, 0, 6, 905.88, 3090567, 29
3463, 1, 54, 71, 52, 0, 42.03%, 0, 0, 6, 921.28, 3095249, 29
3468, 1, 22, 71, 51, 0, 42.03%, 0, 0, 6, 940.87, 3099967, 29
3474, 1, 19, 71, 49, 0, 42.03%, 0, 0, 6, 921.38, 3104763, 29
3479, 1, 53, 71, 48, 0, 42.03%, 0, 0, 6, 952.37, 3109696, 29
3484, 2, 44, 76, 53, 0, 42.03%, 0, 0, 6, 940.34, 3114387, 29
3489, 2, 44, 78, 55, 0, 42.03%, 0, 0, 6, 902.15, 3118955, 29
3494, 2, 23, 81, 58, 0, 42.03%, 0, 0, 6, 903.25, 3123449, 29
3499, 2, 53, 90, 65, 0, 42.03%, 0, 0, 6, 906.00, 3128143, 29
3504, 2, 53, 91, 66, 0, 42.03%, 0, 0, 6, 913.54, 3132887, 29
3509, 2, 52, 92, 67, 0, 42.03%, 0, 0, 6, 878.48, 3137307, 29
3514, 2, 52, 93, 68, 0, 42.03%, 0, 0, 6, 850.98, 3141734, 29
3520, 2, 76, 94, 68, 0, 42.03%, 0, 0, 6, 838.69, 3146122, 29
3525, 2, 58, 95, 68, 0, 42.03%, 0, 0, 6, 865.93, 3150455, 29
3530, 2, 69, 96, 67, 0, 42.03%, 0, 0, 6, 888.05, 3154936, 29
3535, 2, 53, 96, 66, 0, 42.03%, 0, 0, 6, 895.03, 3159516, 29
3540, 2, 53, 97, 67, 0, 42.03%, 0, 0, 6, 874.61, 3164034, 29
3545, 2, 44, 98, 67, 0, 42.03%, 0, 0, 6, 899.71, 3168693, 29
3550, 2, 54, 99, 68, 0, 42.03%, 0, 0, 6, 850.53, 3172907, 29
3555, 2, 53, 99, 67, 0, 42.03%, 0, 0, 6, 854.36, 3177320, 29
3560, 2, 80, 99, 67, 0, 42.03%, 0, 0, 6, 845.93, 3181570, 29
3565, 3, 70, 99, 65, 0, 42.03%, 0, 0, 6, 891.40, 3186100, 29
3571, 3, 53, 99, 64, 0, 42.03%, 0, 0, 6, 866.15, 3190522, 29
3576, 3, 69, 99, 64, 0, 42.03%, 0, 0, 6, 911.49, 3195174, 29
3581, 3, 35, 99, 63, 0, 42.03%, 0, 0, 6, 900.99, 3199857, 29
3586, 3, 54, 99, 63, 0, 42.03%, 0, 0, 6, 848.29, 3204048, 29
3591, 3, 57, 99, 61, 0, 42.03%, 0, 0, 6, 889.32, 3208525, 29
3596, 3, 35, 99, 61, 0, 42.03%, 0, 0, 6, 903.74, 3213085, 29
3601, 3, 69, 99, 61, 0, 42.03%, 0, 0, 6, 913.72, 3217802, 29
3606, 3, 54, 99, 60, 0, 42.03%, 0, 0, 6, 918.38, 3222380, 29
3611, 3, 58, 99, 59, 0, 42.03%, 0, 0, 6, 868.66, 3226710, 29
3616, 3, 53, 99, 59, 0, 42.03%, 0, 0, 6, 906.51, 3231391, 29
3621, 3, 88, 99, 59, 0, 42.03%, 0, 0, 6, 784.52, 3235509, 29
3626, 3, 44, 99, 58, 0, 42.03%, 0, 0, 6, 735.01, 3238763, 29
3632, 4, 52, 99, 58, 0, 42.03%, 0, 0, 6, 857.85, 3243392, 29
3637, 4, 69, 99, 58, 0, 42.03%, 0, 0, 6, 867.36, 3247924, 29
3642, 4, 53, 99, 58, 0, 42.03%, 0, 0, 6, 883.66, 3252553, 29
3647, 4, 53, 99, 58, 0, 42.03%, 0, 0, 6, 885.23, 3257046, 29
3652, 4, 69, 99, 58, 0, 42.03%, 0, 0, 6, 869.81, 3261411, 29
3657, 4, 53, 99, 57, 0, 42.03%, 0, 0, 6, 872.62, 3265945, 29
3662, 4, 78, 99, 57, 0, 42.03%, 0, 0, 6, 867.67, 3270337, 29
3667, 4, 53, 99, 54, 0, 42.03%, 0, 0, 6, 846.41, 3274715, 29
3672, 4, 53, 99, 52, 0, 42.03%, 0, 0, 6, 859.33, 3279017, 29
3678, 4, 57, 99, 52, 0, 42.03%, 0, 0, 6, 883.40, 3283675, 29
3683, 4, 53, 99, 52, 0, 42.03%, 0, 0, 6, 902.11, 3288291, 29
3688, 4, 53, 99, 52, 0, 42.03%, 0, 0, 6, 902.14, 3292871, 29
3693, 4, 52, 99, 52, 0, 42.03%, 0, 0, 6, 889.26, 3297389, 29
3698, 4, 54, 99, 52, 0, 42.03%, 0, 0, 6, 888.62, 3301974, 29
3703, 5, 53, 99, 50, 0, 42.03%, 0, 0, 6, 902.70, 3306647, 29
3708, 5, 53, 99, 49, 0, 42.03%, 0, 0, 6, 880.55, 3311169, 29
3713, 5, 45, 99, 49, 0, 42.03%, 0, 0, 6, 893.31, 3315836, 29
3719, 5, 57, 99, 49, 0, 42.03%, 0, 0, 6, 893.55, 3320482, 29
3724, 5, 52, 99, 48, 0, 42.03%, 0, 0, 6, 879.20, 3324890, 29
3729, 5, 95, 99, 48, 0, 42.03%, 0, 0, 6, 882.15, 3329319, 29
3734, 5, 52, 99, 47, 0, 42.03%, 0, 0, 6, 886.29, 3333788, 29
3739, 5, 94, 99, 47, 0, 42.03%, 0, 0, 6, 876.06, 3338170, 29
3744, 5, 53, 99, 46, 0, 42.03%, 0, 0, 6, 878.16, 3342841, 29
3749, 5, 53, 99, 46, 0, 42.03%, 0, 0, 6, 868.32, 3347170, 29
3754, 5, 83, 99, 46, 0, 42.03%, 0, 0, 6, 858.10, 3351577, 29
3759, 5, 36, 99, 45, 0, 42.03%, 0, 0, 6, 891.94, 3356136, 29
3764, 5, 52, 99, 45, 0, 42.03%, 0, 0, 6, 892.33, 3360612, 29
3769, 6, 57, 99, 45, 0, 42.03%, 0, 0, 6, 896.50, 3365237, 29
3774, 6, 53, 99, 45, 0, 42.03%, 0, 0, 6, 864.43, 3369550, 29
3779, 6, 38, 99, 45, 0, 42.03%, 0, 0, 6, 876.05, 3373929, 29
3785, 6, 53, 99, 43, 0, 42.03%, 0, 0, 6, 878.86, 3378427, 29
3790, 6, 53, 99, 43, 0, 42.03%, 0, 0, 6, 903.40, 3382979, 29
3795, 6, 53, 99, 43, 0, 42.03%, 0, 0, 6, 895.02, 3387440, 29
3800, 6, 53, 99, 41, 0, 42.03%, 0, 0, 6, 875.93, 3392017, 29
3805, 6, 53, 99, 41, 0, 42.03%, 0, 0, 6, 901.54, 3396553, 29
3810, 6, 52, 99, 41, 0, 42.03%, 0, 0, 6, 902.55, 3401279, 29
3815, 6, 53, 99, 41, 0, 42.03%, 0, 0, 6, 875.57, 3405794, 29
3820, 6, 53, 99, 41, 0, 42.03%, 0, 0, 6, 896.43, 3410456, 29
3825, 6, 54, 99, 40, 0, 42.03%, 0, 0, 6, 899.01, 3414985, 29
3831, 6, 57, 99, 40, 0, 42.03%, 0, 0, 6, 894.00, 3419665, 29
3836, 7, 53, 99, 40, 0, 42.03%, 0, 0, 6, 894.54, 3424264, 29
3841, 7, 58, 99, 40, 0, 42.03%, 0, 0, 6, 899.74, 3428780, 29
3846, 7, 53, 99, 40, 0, 42.03%, 0, 0, 6, 886.72, 3433188, 29
3851, 7, 53, 99, 40, 0, 42.03%, 0, 0, 6, 910.38, 3437924, 29
3856, 7, 53, 99, 40, 0, 42.03%, 0, 0, 6, 891.67, 3442438, 29
3861, 7, 58, 99, 39, 0, 42.03%, 0, 0, 6, 802.19, 3446187, 29
3866, 7, 53, 99, 39, 0, 42.03%, 0, 0, 6, 840.99, 3450486, 29
3871, 7, 54, 99, 39, 0, 42.03%, 0, 0, 6, 889.53, 3455017, 29
3876, 7, 53, 99, 39, 0, 42.03%, 0, 0, 6, 896.91, 3459691, 29
3881, 7, 69, 99, 39, 0, 42.03%, 0, 0, 6, 893.27, 3464223, 29
3887, 7, 58, 99, 39, 0, 42.03%, 0, 0, 6, 867.58, 3468728, 29
3892, 7, 53, 99, 38, 0, 42.03%, 0, 0, 6, 860.09, 3473056, 29
3897, 7, 57, 99, 38, 0, 42.03%, 0, 0, 6, 851.20, 3477479, 29
3902, 7, 53, 99, 38, 0, 42.03%, 0, 0, 6, 853.73, 3481731, 29
3907, 8, 53, 99, 38, 0, 42.03%, 0, 0, 6, 887.10, 3486203, 29
3912, 8, 53, 99, 38, 0, 42.03%, 0, 0, 6, 883.01, 3490648, 29
3917, 8, 53, 99, 38, 0, 42.03%, 0, 0, 6, 861.49, 3495106, 29
3922, 8, 84, 99, 38, 0, 42.03%, 0, 0, 6, 832.44, 3499333, 29
3927, 8, 53, 99, 36, 0, 42.03%, 0, 0, 6, 853.08, 3503658, 29
3932, 8, 52, 99, 35, 0, 42.03%, 0, 0, 6, 874.24, 3508173, 29
3937, 8, 53, 99, 35, 0, 42.03%, 0, 0, 6, 890.71, 3512743, 29
3942, 8, 53, 99, 34, 0, 42.03%, 0, 0, 6, 881.37, 3517148, 29
3948, 8, 54, 99, 34, 0, 42.03%, 0, 0, 6, 898.45, 3521817, 29
3953, 8, 54, 99, 33, 0, 42.03%, 0, 0, 6, 890.77, 3526192, 29
3958, 8, 53, 99, 33, 0, 42.03%, 0, 0, 6, 876.36, 3530745, 29
3963, 8, 56, 99, 33, 0, 42.03%, 0, 0, 6, 891.58, 3535356, 29
3968, 8, 53, 99, 32, 0, 42.03%, 0, 0, 6, 914.89, 3540087, 29
3973, 9, 53, 99, 32, 0, 42.03%, 0, 0, 6, 892.95, 3544655, 29
3979, 9, 45, 99, 32, 0, 42.03%, 0, 0, 6, 862.84, 3549138, 29
3984, 9, 57, 99, 31, 0, 42.03%, 0, 0, 6, 854.21, 3553559, 29
3989, 9, 53, 99, 31, 0, 42.03%, 0, 0, 6, 879.63, 3558138, 29
3994, 9, 53, 99, 31, 0, 42.03%, 0, 0, 6, 854.97, 3562567, 29
3999, 9, 58, 99, 31, 0, 42.03%, 0, 0, 6, 867.04, 3567025, 29
4004, 9, 6, 99, 31, 0, 42.03%, 0, 0, 6, 856.89, 3571435, 29
4010, 9, 53, 99, 30, 0, 42.03%, 0, 0, 6, 828.83, 3575721, 29
4015, 9, 53, 99, 30, 0, 42.03%, 0, 0, 6, 804.34, 3579904, 29
4020, 9, 53, 99, 30, 0, 42.03%, 0, 0, 6, 842.06, 3584206, 29
4025, 9, 81, 99, 30, 0, 42.03%, 0, 0, 6, 788.73, 3588192, 29
4030, 9, 53, 99, 29, 0, 42.03%, 0, 0, 6, 840.06, 3592493, 29
4035, 9, 53, 99, 29, 0, 42.03%, 0, 0, 6, 849.76, 3596775, 29
4040, 9, 20, 99, 28, 0, 42.03%, 0, 0, 6, 792.67, 3600741, 29
4045, 10, 53, 99, 28, 0, 42.03%, 0, 0, 6, 840.65, 3605160, 29
4050, 10, 53, 99, 28, 0, 42.03%, 0, 0, 6, 857.97, 3609620, 29
4055, 10, 53, 99, 28, 0, 42.03%, 0, 0, 6, 850.43, 3613865, 29
4060, 10, 53, 99, 28, 0, 42.03%, 0, 0, 6, 865.95, 3618324, 29
4066, 10, 53, 99, 28, 0, 42.03%, 0, 0, 6, 866.95, 3622674, 29
4071, 10, 58, 99, 28, 0, 42.03%, 0, 0, 6, 858.10, 3627130, 29
4076, 10, 52, 99, 28, 0, 42.03%, 0, 0, 6, 841.97, 3631341, 29
4081, 10, 57, 99, 28, 0, 42.03%, 0, 0, 6, 856.56, 3635798, 29
4086, 10, 53, 99, 27, 0, 42.03%, 0, 0, 6, 868.12, 3640273, 29
4091, 10, 53, 99, 27, 0, 42.03%, 0, 0, 6, 861.43, 3644655, 29
4096, 10, 58, 99, 27, 0, 42.03%, 0, 0, 6, 876.89, 3649087, 29
4101, 10, 53, 99, 27, 0, 42.03%, 0, 0, 6, 847.44, 3653412, 29
4106, 10, 35, 99, 26, 0, 42.03%, 0, 0, 6, 859.33, 3657879, 29
4112, 11, 53, 99, 26, 0, 42.03%, 0, 0, 6, 849.41, 3662257, 29
4117, 11, 45, 99, 26, 0, 42.03%, 0, 0, 6, 837.36, 3666560, 29
4122, 11, 53, 99, 26, 0, 42.03%, 0, 0, 6, 868.04, 3670934, 29
4127, 11, 53, 99, 26, 0, 42.03%, 0, 0, 6, 843.59, 3675282, 29
4132, 11, 52, 99, 26, 0, 42.03%, 0, 0, 6, 841.42, 3679599, 29
4137, 11, 53, 99, 26, 0, 42.03%, 0, 0, 6, 833.04, 3683685, 29
4142, 11, 57, 99, 26, 0, 42.03%, 0, 0, 6, 851.39, 3687975, 29
4147, 11, 56, 99, 26, 0, 42.03%, 0, 0, 6, 848.38, 3692266, 29
4153, 11, 53, 99, 26, 0, 42.03%, 0, 0, 6, 816.37, 3696548, 29
4158, 11, 53, 99, 25, 0, 42.03%, 0, 0, 6, 841.10, 3700942, 29
4163, 11, 58, 99, 25, 0, 42.03%, 0, 0, 6, 859.21, 3705255, 29
4168, 11, 53, 99, 25, 0, 42.03%, 0, 0, 6, 841.17, 3709621, 29
4173, 11, 57, 99, 25, 0, 42.03%, 0, 0, 6, 846.87, 3713987, 29
4178, 12, 58, 99, 25, 0, 42.03%, 0, 0, 6, 865.86, 3718464, 29
4183, 12, 35, 99, 25, 0, 42.03%, 0, 0, 6, 877.38, 3722960, 29
4189, 12, 45, 99, 25, 0, 42.03%, 0, 0, 6, 845.38, 3727347, 29
4194, 12, 65, 99, 25, 0, 42.03%, 0, 0, 6, 824.31, 3731606, 29
4199, 12, 53, 99, 25, 0, 42.03%, 0, 0, 6, 859.39, 3735915, 29
4204, 12, 57, 99, 25, 0, 42.03%, 0, 0, 6, 865.79, 3740356, 29
4209, 12, 53, 99, 25, 0, 42.03%, 0, 0, 6, 848.77, 3744558, 29
4214, 12, 58, 99, 25, 0, 42.03%, 0, 0, 6, 840.03, 3748836, 29
4219, 12, 53, 99, 25, 0, 42.03%, 0, 0, 6, 867.77, 3753174, 29
4224, 12, 57, 99, 25, 0, 42.03%, 0, 0, 6, 849.28, 3757567, 29
4229, 12, 56, 99, 24, 0, 42.03%, 0, 0, 6, 868.78, 3762029, 29
4235, 12, 60, 99, 24, 0, 42.03%, 0, 0, 6, 867.53, 3766459, 29
4240, 12, 53, 99, 24, 0, 42.03%, 0, 0, 6, 847.91, 3770686, 29
4245, 13, 52, 99, 24, 0, 42.03%, 0, 0, 6, 836.68, 3775050, 29
4250, 13, 60, 99, 24, 0, 42.03%, 0, 0, 6, 856.48, 3779381, 29
4255, 13, 20, 99, 24, 0, 42.03%, 0, 0, 6, 854.46, 3783622, 29
4260, 13, 20, 99, 24, 0, 42.03%, 0, 0, 6, 861.26, 3787966, 29
4265, 13, 53, 99, 23, 0, 42.03%, 0, 0, 6, 880.78, 3792475, 29
4270, 13, 52, 99, 23, 0, 42.03%, 0, 0, 6, 867.94, 3796843, 29
4275, 13, 53, 99, 22, 0, 42.03%, 0, 0, 6, 864.19, 3801347, 29
4280, 13, 53, 99, 22, 0, 42.03%, 0, 0, 6, 864.53, 3805810, 29
4286, 13, 53, 99, 21, 0, 42.03%, 0, 0, 6, 846.91, 3810251, 29
4291, 13, 35, 99, 21, 0, 42.03%, 0, 0, 6, 859.82, 3814622, 29
4296, 13, 53, 99, 20, 0, 42.03%, 0, 0, 6, 861.42, 3818907, 29
4301, 13, 53, 99, 20, 0, 42.03%, 0, 0, 6, 846.51, 3823185, 29
4306, 13, 52, 99, 20, 0, 42.03%, 0, 0, 6, 851.18, 3827615, 29
4311, 13, 53, 99, 20, 0, 42.03%, 0, 0, 6, 856.73, 3832115, 29
4316, 14, 53, 99, 20, 0, 42.03%, 0, 0, 6, 856.58, 3836434, 29
4321, 14, 60, 99, 20, 0, 42.03%, 0, 0, 6, 863.80, 3840884, 29
4326, 14, 56, 99, 19, 0, 42.03%, 0, 0, 6, 849.21, 3845257, 29
4331, 14, 58, 99, 19, 0, 42.03%, 0, 0, 6, 858.42, 3849566, 29
4337, 14, 60, 99, 19, 0, 42.03%, 0, 0, 6, 853.04, 3853905, 29
4342, 14, 53, 99, 19, 0, 42.03%, 0, 0, 6, 853.89, 3858136, 29
4347, 14, 53, 99, 19, 0, 42.03%, 0, 0, 6, 850.42, 3862342, 29
4352, 14, 53, 99, 19, 0, 42.03%, 0, 0, 6, 856.71, 3866758, 29
4357, 14, 53, 99, 18, 0, 42.03%, 0, 0, 6, 843.18, 3870922, 29
4362, 14, 56, 99, 18, 0, 42.03%, 0, 0, 6, 858.90, 3875283, 29
4367, 14, 0, 99, 18, 0, 42.03%, 0, 0, 6, 869.34, 3879810, 29
4372, 14, 53, 99, 18, 0, 42.03%, 0, 0, 6, 845.02, 3883969, 29
4377, 14, 35, 99, 18, 0, 42.03%, 0, 0, 6, 863.57, 3888431, 29
4382, 14, 45, 99, 18, 0, 42.03%, 0, 0, 6, 842.37, 3892763, 29
4387, 15, 52, 99, 18, 0, 42.03%, 0, 0, 6, 862.34, 3897115, 29
4393, 15, 57, 99, 17, 0, 42.03%, 0, 0, 6, 865.22, 3901590, 29
4398, 15, 53, 99, 17, 0, 42.03%, 0, 0, 6, 843.63, 3905963, 29
4403, 15, 53, 99, 17, 0, 42.03%, 0, 0, 6, 839.80, 3910325, 29
4408, 15, 53, 99, 17, 0, 42.03%, 0, 0, 6, 863.89, 3914781, 29
4413, 15, 53, 99, 17, 0, 42.03%, 0, 0, 6, 838.33, 3919026, 29
4418, 15, 53, 99, 17, 0, 42.03%, 0, 0, 6, 835.96, 3923195, 29
4423, 15, 35, 99, 17, 0, 42.03%, 0, 0, 6, 845.00, 3927614, 29
4429, 15, 53, 99, 17, 0, 42.03%, 0, 0, 6, 847.57, 3931918, 29
4434, 15, 53, 99, 17, 0, 42.03%, 0, 0, 6, 857.54, 3936374, 29
4439, 15, 56, 99, 17, 0, 42.03%, 0, 0, 6, 849.67, 3940640, 29
4444, 15, 43, 99, 16, 0, 42.03%, 0, 0, 6, 832.53, 3944783, 29
4449, 15, 45, 99, 15, 0, 42.03%, 0, 0, 6, 851.77, 3949088, 29
4454, 15, 45, 99, 15, 0, 42.03%, 0, 0, 6, 857.93, 3953574, 29
4459, 16, 53, 99, 14, 0, 42.03%, 0, 0, 6, 753.16, 3957260, 29
4464, 16, 58, 99, 14, 0, 42.03%, 0, 0, 6, 841.04, 3961704, 29
4469, 16, 53, 99, 14, 0, 42.03%, 0, 0, 6, 851.47, 3965991, 29
4474, 16, 60, 99, 14, 0, 42.03%, 0, 0, 6, 846.76, 3970233, 29
4480, 16, 53, 99, 13, 0, 42.03%, 0, 0, 6, 858.41, 3974702, 29
4482, 16, 60, 99, 13, 0, 42.03%, 1, 0, 6, 0.00, 3977116, 29
