# relative_time, cycles_done, cur_item, corpus_count, pending_total, pending_favs, map_size, saved_crashes, saved_hangs, max_depth, execs_per_sec, total_execs, edges_found
62, 0, 0, 19, 19, 1, 30.43%, 0, 0, 2, 836.37, 34684, 21
67, 0, 0, 19, 19, 1, 30.43%, 0, 0, 2, 837.32, 38908, 21
72, 0, 0, 19, 19, 1, 30.43%, 0, 0, 2, 832.70, 43084, 21
85, 0, 0, 19, 19, 1, 30.43%, 0, 0, 2, 14.31, 45296, 21
90, 0, 0, 19, 19, 1, 30.43%, 0, 0, 2, 881.02, 49682, 21
95, 0, 0, 19, 19, 1, 30.43%, 0, 0, 2, 861.43, 54000, 21
101, 0, 0, 19, 19, 1, 30.43%, 0, 0, 2, 862.12, 58335, 21
106, 0, 0, 19, 19, 1, 30.43%, 0, 0, 2, 858.39, 62500, 21
111, 0, 0, 19, 19, 1, 30.43%, 0, 0, 2, 861.21, 66716, 21
119, 0, 0, 19, 19, 1, 30.43%, 0, 0, 2, 23.99, 69895, 21
124, 0, 0, 19, 19, 1, 30.43%, 0, 0, 2, 869.26, 74213, 21
129, 0, 0, 19, 19, 1, 30.43%, 0, 0, 2, 832.99, 78412, 21
134, 0, 0, 19, 19, 1, 30.43%, 0, 0, 2, 850.04, 82620, 21
140, 0, 0, 19, 19, 1, 30.43%, 0, 0, 2, 837.23, 86908, 21
145, 0, 0, 19, 19, 1, 30.43%, 0, 0, 2, 848.19, 91084, 21
154, 0, 0, 19, 19, 1, 30.43%, 0, 0, 2, 12.84, 94396, 21
159, 0, 0, 19, 19, 1, 30.43%, 0, 0, 2, 842.02, 98652, 21
164, 0, 0, 19, 19, 1, 30.43%, 0, 0, 2, 844.89, 102876, 21
169, 0, 0, 19, 19, 1, 30.43%, 0, 0, 2, 848.75, 107068, 21
174, 0, 0, 19, 19, 1, 30.43%, 0, 0, 2, 840.36, 111244, 21
179, 0, 0, 19, 19, 1, 30.43%, 0, 0, 2, 843.07, 115564, 21
184, 0, 0, 19, 19, 1, 30.43%, 0, 0, 2, 840.67, 119692, 21
189, 0, 0, 19, 19, 1, 30.43%, 0, 0, 2, 845.68, 124044, 21
194, 0, 0, 19, 19, 1, 30.43%, 0, 0, 2, 842.90, 128220, 21
199, 0, 0, 19, 19, 1, 30.43%, 0, 0, 2, 836.49, 132460, 21
204, 0, 0, 19, 19, 1, 30.43%, 0, 0, 2, 827.20, 136524, 21
210, 0, 0, 19, 19, 1, 30.43%, 0, 0, 2, 812.21, 140620, 21
215, 0, 0, 19, 19, 1, 30.43%, 0, 0, 2, 845.56, 144828, 21
220, 0, 0, 19, 19, 1, 30.43%, 0, 0, 2, 840.11, 149084, 21
227, 0, 0, 19, 19, 1, 30.43%, 0, 0, 2, 31.78, 152252, 21
232, 0, 0, 19, 19, 1, 30.43%, 0, 0, 2, 864.83, 156714, 21
237, 0, 0, 19, 19, 1, 30.43%, 0, 0, 2, 866.85, 161032, 21
242, 0, 0, 19, 19, 1, 30.43%, 0, 0, 2, 822.79, 165248, 21
247, 0, 0, 19, 19, 1, 30.43%, 0, 0, 2, 834.85, 169644, 21
253, 0, 0, 19, 19, 1, 30.43%, 0, 0, 2, 843.53, 173884, 21
258, 0, 0, 19, 19, 1, 30.43%, 0, 0, 2, 854.39, 178338, 21
263, 0, 0, 19, 19, 1, 30.43%, 0, 0, 2, 841.82, 182684, 21
268, 0, 0, 19, 19, 1, 30.43%, 0, 0, 2, 828.42, 185372, 21
273, 0, 0, 19, 19, 1, 30.43%, 0, 0, 2, 833.52, 189532, 21
278, 0, 0, 19, 19, 1, 30.43%, 0, 0, 2, 819.06, 193548, 21
283, 0, 0, 19, 19, 1, 30.43%, 0, 0, 2, 820.08, 197628, 21
288, 0, 0, 19, 19, 1, 30.43%, 0, 0, 2, 841.51, 201964, 21
293, 0, 0, 19, 19, 1, 30.43%, 0, 0, 2, 855.74, 206252, 21
299, 0, 0, 20, 20, 1, 30.43%, 0, 0, 2, 859.36, 210662, 21
305, 0, 0, 20, 20, 1, 30.43%, 0, 0, 2, 17.69, 214291, 21
310, 0, 0, 20, 20, 1, 30.43%, 0, 0, 2, 871.56, 218771, 21
315, 0, 0, 20, 20, 1, 30.43%, 0, 0, 2, 863.04, 223021, 21
320, 0, 0, 20, 20, 1, 30.43%, 0, 0, 2, 837.39, 227155, 21
325, 0, 0, 20, 20, 1, 30.43%, 0, 0, 2, 835.98, 231379, 21
330, 0, 0, 20, 20, 1, 30.43%, 0, 0, 2, 836.62, 235507, 21
335, 0, 0, 20, 20, 1, 30.43%, 0, 0, 2, 859.84, 239851, 21
340, 0, 0, 20, 20, 1, 30.43%, 0, 0, 2, 867.62, 244084, 21
346, 0, 0, 20, 20, 1, 30.43%, 0, 0, 2, 864.66, 248436, 21
351, 0, 0, 20, 20, 1, 30.43%, 0, 0, 2, 874.60, 252856, 21
356, 0, 0, 20, 20, 1, 30.43%, 0, 0, 2, 869.80, 257259, 21
361, 0, 0, 20, 20, 1, 30.43%, 0, 0, 2, 841.93, 261443, 21
366, 0, 0, 20, 20, 1, 30.43%, 0, 0, 2, 869.96, 265861, 21
371, 0, 0, 20, 20, 1, 30.43%, 0, 0, 2, 870.11, 270213, 21
377, 0, 0, 20, 20, 1, 30.43%, 0, 0, 2, 883.45, 274667, 21
382, 0, 0, 20, 20, 1, 30.43%, 0, 0, 2, 887.86, 278985, 21
387, 0, 0, 20, 20, 1, 30.43%, 0, 0, 2, 894.99, 283456, 21
392, 0, 0, 20, 20, 1, 30.43%, 0, 0, 2, 872.66, 287757, 21
397, 0, 0, 20, 20, 1, 30.43%, 0, 0, 2, 880.56, 292194, 21
402, 0, 0, 20, 20, 1, 30.43%, 0, 0, 2, 851.14, 296597, 21
407, 0, 0, 20, 20, 1, 30.43%, 0, 0, 2, 825.00, 301063, 21
412, 0, 0, 20, 20, 1, 30.43%, 0, 0, 2, 838.25, 305395, 21
417, 0, 0, 20, 20, 1, 30.43%, 0, 0, 2, 846.28, 309715, 21
423, 0, 0, 20, 20, 1, 30.43%, 0, 0, 2, 850.99, 314158, 21
428, 0, 0, 20, 20, 1, 30.43%, 0, 0, 2, 853.96, 318510, 21
433, 0, 0, 20, 20, 1, 30.43%, 0, 0, 2, 834.93, 322979, 21
438, 0, 0, 20, 20, 1, 30.43%, 0, 0, 2, 868.07, 327486, 21
443, 0, 0, 20, 20, 1, 30.43%, 0, 0, 2, 850.54, 331779, 21
448, 0, 0, 20, 20, 1, 30.43%, 0, 0, 2, 858.27, 336190, 21
453, 0, 0, 20, 20, 1, 30.43%, 0, 0, 2, 861.47, 340542, 21
458, 0, 0, 20, 20, 1, 30.43%, 0, 0, 2, 855.98, 344843, 21
464, 0, 0, 20, 20, 1, 30.43%, 0, 0, 2, 868.17, 349314, 21
469, 0, 0, 20, 20, 1, 30.43%, 0, 0, 2, 874.96, 353717, 21
474, 0, 0, 20, 20, 1, 30.43%, 0, 0, 2, 870.70, 358222, 21
479, 0, 0, 20, 20, 1, 30.43%, 0, 0, 2, 873.54, 362574, 21
484, 0, 0, 20, 20, 1, 30.43%, 0, 0, 2, 866.05, 366909, 21
489, 0, 0, 20, 20, 1, 30.43%, 0, 0, 2, 867.75, 371380, 21
494, 0, 0, 20, 20, 1, 30.43%, 0, 0, 2, 858.65, 375681, 21
499, 0, 0, 20, 20, 1, 30.43%, 0, 0, 2, 863.39, 380118, 21
504, 0, 0, 20, 20, 1, 30.43%, 0, 0, 2, 867.92, 384470, 21
509, 0, 0, 20, 20, 1, 30.43%, 0, 0, 2, 890.12, 388975, 21
514, 0, 0, 20, 20, 1, 30.43%, 0, 0, 2, 873.50, 393276, 21
520, 0, 0, 20, 20, 1, 30.43%, 0, 0, 2, 893.35, 397747, 21
525, 0, 0, 20, 20, 1, 30.43%, 0, 0, 2, 881.92, 402269, 21
530, 0, 0, 20, 20, 1, 30.43%, 0, 0, 2, 881.06, 406638, 21
535, 0, 0, 20, 20, 1, 30.43%, 0, 0, 2, 872.04, 411126, 21
540, 0, 0, 20, 20, 1, 30.43%, 0, 0, 2, 844.99, 415443, 21
545, 0, 0, 20, 20, 1, 30.43%, 0, 0, 2, 873.93, 419915, 21
550, 0, 0, 20, 20, 1, 30.43%, 0, 0, 2, 876.08, 424250, 21
555, 0, 0, 20, 20, 1, 30.43%, 0, 0, 2, 876.11, 428585, 21
560, 0, 0, 20, 20, 1, 30.43%, 0, 0, 2, 878.12, 433005, 21
566, 0, 0, 20, 20, 1, 30.43%, 0, 0, 2, 877.26, 437493, 21
571, 0, 0, 20, 20, 1, 30.43%, 0, 0, 2, 885.06, 441998, 21
576, 0, 0, 20, 20, 1, 30.43%, 0, 0, 2, 879.72, 446333, 21
581, 0, 0, 20, 20, 1, 30.43%, 0, 0, 2, 886.39, 450821, 21
586, 0, 0, 20, 20, 1, 30.43%, 0, 0, 2, 886.78, 455173, 21
591, 0, 0, 20, 20, 1, 30.43%, 0, 0, 2, 893.49, 459712, 21
596, 0, 0, 20, 20, 1, 30.43%, 0, 0, 2, 877.69, 464081, 21
601, 0, 0, 20, 20, 1, 30.43%, 0, 0, 2, 873.98, 468399, 21
606, 0, 0, 20, 20, 1, 30.43%, 0, 0, 2, 898.51, 472904, 21
612, 0, 0, 21, 21, 1, 31.88%, 0, 0, 2, 894.10, 477450, 22
617, 0, 0, 21, 21, 1, 31.88%, 0, 0, 2, 895.69, 482023, 22
622, 0, 0, 21, 21, 1, 31.88%, 0, 0, 2, 900.96, 486426, 22
627, 0, 0, 21, 21, 1, 31.88%, 0, 0, 2, 908.93, 490898, 22
632, 0, 0, 21, 21, 1, 31.88%, 0, 0, 2, 905.13, 495506, 22
637, 0, 0, 21, 21, 1, 31.88%, 0, 0, 2, 903.45, 499916, 22
642, 0, 0, 21, 21, 1, 31.88%, 0, 0, 2, 866.34, 504380, 22
647, 0, 0, 21, 21, 1, 31.88%, 0, 0, 2, 857.68, 508900, 22
653, 0, 0, 21, 21, 1, 31.88%, 0, 0, 2, 866.84, 513303, 22
658, 0, 0, 21, 21, 1, 31.88%, 0, 0, 2, 875.23, 517944, 22
663, 0, 0, 21, 21, 1, 31.88%, 0, 0, 2, 879.08, 522585, 22
668, 0, 0, 21, 21, 1, 31.88%, 0, 0, 2, 878.67, 527090, 22
673, 0, 0, 21, 21, 1, 31.88%, 0, 0, 2, 883.66, 531697, 22
678, 0, 0, 21, 21, 1, 31.88%, 0, 0, 2, 886.12, 536151, 22
683, 0, 0, 21, 21, 1, 31.88%, 0, 0, 2, 886.49, 540758, 22
688, 0, 0, 21, 21, 1, 31.88%, 0, 0, 2, 891.36, 545212, 22
693, 0, 0, 21, 21, 1, 31.88%, 0, 0, 2, 889.68, 549683, 22
699, 0, 0, 21, 21, 1, 31.88%, 0, 0, 2, 887.76, 554290, 22
704, 0, 0, 21, 21, 1, 31.88%, 0, 0, 2, 889.82, 558761, 22
709, 0, 0, 21, 21, 1, 31.88%, 0, 0, 2, 886.74, 563232, 22
714, 0, 0, 21, 21, 1, 31.88%, 0, 0, 2, 891.97, 567873, 22
719, 0, 0, 21, 21, 1, 31.88%, 0, 0, 2, 893.98, 572361, 22
724, 0, 0, 21, 21, 1, 31.88%, 0, 0, 2, 890.59, 576985, 22
729, 0, 0, 21, 21, 1, 31.88%, 0, 0, 2, 896.20, 581439, 22
734, 0, 0, 21, 21, 1, 31.88%, 0, 0, 2, 896.68, 586097, 22
739, 0, 0, 21, 21, 1, 31.88%, 0, 0, 2, 894.98, 590551, 22
744, 0, 0, 21, 21, 1, 31.88%, 0, 0, 2, 894.25, 595005, 22
749, 0, 0, 21, 21, 1, 31.88%, 0, 0, 2, 898.77, 599646, 22
754, 0, 0, 21, 21, 1, 31.88%, 0, 0, 2, 897.10, 604134, 22
759, 0, 0, 21, 21, 1, 31.88%, 0, 0, 2, 925.89, 608654, 22
765, 0, 0, 21, 21, 1, 31.88%, 0, 0, 2, 913.77, 613334, 22
770, 0, 0, 21, 21, 1, 31.88%, 0, 0, 2, 906.21, 617924, 22
775, 0, 0, 21, 21, 1, 31.88%, 0, 0, 2, 910.92, 622604, 22
780, 0, 0, 21, 21, 1, 31.88%, 0, 0, 2, 903.15, 627068, 22
785, 0, 0, 21, 21, 1, 31.88%, 0, 0, 2, 909.25, 631568, 22
790, 0, 0, 21, 21, 1, 31.88%, 0, 0, 2, 911.10, 636194, 22
795, 0, 0, 21, 21, 1, 31.88%, 0, 0, 2, 908.95, 640694, 22
800, 0, 0, 21, 21, 1, 31.88%, 0, 0, 2, 907.93, 645338, 22
805, 0, 0, 22, 22, 1, 31.88%, 0, 0, 2, 905.82, 649827, 22
810, 0, 0, 22, 22, 1, 31.88%, 0, 0, 2, 912.40, 654363, 22
816, 0, 0, 22, 22, 1, 31.88%, 0, 0, 2, 907.23, 658863, 22
821, 0, 0, 22, 22, 1, 31.88%, 0, 0, 2, 908.76, 663453, 22
826, 0, 0, 22, 22, 1, 31.88%, 0, 0, 2, 910.86, 667971, 22
831, 0, 0, 22, 22, 1, 31.88%, 0, 0, 2, 915.82, 672471, 22
836, 0, 0, 22, 22, 1, 31.88%, 0, 0, 2, 913.80, 677133, 22
841, 0, 0, 22, 22, 1, 31.88%, 0, 0, 2, 907.60, 681795, 22
846, 0, 0, 22, 22, 1, 31.88%, 0, 0, 2, 915.20, 686385, 22
851, 0, 0, 22, 22, 1, 31.88%, 0, 0, 2, 910.71, 690993, 22
857, 0, 0, 23, 23, 1, 34.78%, 0, 0, 2, 911.75, 695680, 24
862, 0, 0, 23, 23, 1, 34.78%, 0, 0, 2, 914.47, 700288, 24
867, 0, 0, 24, 24, 1, 36.23%, 0, 0, 2, 912.71, 704849, 25
872, 0, 0, 24, 24, 1, 36.23%, 0, 0, 2, 907.16, 709349, 25
877, 0, 0, 24, 24, 1, 36.23%, 0, 0, 2, 911.27, 713867, 25
882, 0, 0, 24, 24, 1, 36.23%, 0, 0, 2, 890.09, 718385, 25
887, 0, 0, 24, 24, 1, 36.23%, 0, 0, 2, 879.50, 722921, 25
892, 0, 0, 24, 24, 1, 36.23%, 0, 0, 2, 891.88, 727575, 25
897, 0, 0, 24, 24, 1, 36.23%, 0, 0, 2, 881.78, 732114, 25
902, 0, 0, 24, 24, 1, 36.23%, 0, 0, 2, 893.71, 736755, 25
907, 0, 0, 24, 24, 1, 36.23%, 0, 0, 2, 888.93, 741311, 25
913, 0, 0, 24, 24, 1, 36.23%, 0, 0, 2, 901.16, 746003, 25
918, 0, 0, 24, 24, 1, 36.23%, 0, 0, 2, 900.36, 750508, 25
923, 0, 0, 24, 24, 1, 36.23%, 0, 0, 2, 907.31, 755249, 25
928, 0, 0, 24, 24, 1, 36.23%, 0, 0, 2, 909.83, 759983, 25
933, 0, 0, 24, 24, 1, 36.23%, 0, 0, 2, 903.03, 764573, 25
938, 0, 0, 24, 24, 1, 36.23%, 0, 0, 2, 900.36, 769181, 25
943, 0, 0, 24, 24, 1, 36.23%, 0, 0, 2, 907.70, 773843, 25
948, 0, 0, 24, 24, 1, 36.23%, 0, 0, 2, 909.40, 778505, 25
953, 0, 0, 24, 24, 1, 36.23%, 0, 0, 2, 905.37, 783149, 25
959, 0, 0, 24, 24, 1, 36.23%, 0, 0, 2, 908.96, 787793, 25
964, 0, 0, 24, 24, 1, 36.23%, 0, 0, 2, 909.72, 792491, 25
969, 0, 0, 24, 24, 1, 36.23%, 0, 0, 2, 903.70, 797045, 25
974, 0, 0, 24, 24, 1, 36.23%, 0, 0, 2, 912.23, 801779, 25
979, 0, 0, 24, 24, 1, 36.23%, 0, 0, 2, 909.09, 806405, 25
984, 0, 0, 24, 24, 1, 36.23%, 0, 0, 2, 911.06, 811085, 25
989, 0, 0, 24, 24, 1, 36.23%, 0, 0, 2, 916.76, 815747, 25
994, 0, 0, 24, 24, 1, 36.23%, 0, 0, 2, 914.20, 820427, 25
999, 0, 0, 24, 24, 1, 36.23%, 0, 0, 2, 913.24, 824963, 25
1005, 0, 0, 25, 25, 1, 37.68%, 0, 0, 2, 906.59, 829632, 26
1010, 0, 0, 25, 25, 1, 37.68%, 0, 0, 2, 904.71, 834294, 26
1015, 0, 0, 25, 25, 1, 37.68%, 0, 0, 2, 906.88, 838866, 26
1020, 0, 0, 25, 25, 1, 37.68%, 0, 0, 2, 905.28, 843510, 26
1025, 0, 0, 25, 25, 1, 37.68%, 0, 0, 2, 910.54, 848100, 26
1030, 0, 0, 27, 27, 1, 40.58%, 0, 0, 2, 913.05, 852794, 28
1035, 0, 0, 27, 27, 1, 40.58%, 0, 0, 2, 912.79, 857348, 28
1040, 0, 0, 27, 27, 1, 40.58%, 0, 0, 2, 923.62, 862064, 28
1046, 0, 0, 27, 27, 1, 40.58%, 0, 0, 2, 917.25, 866672, 28
1051, 0, 0, 27, 27, 1, 40.58%, 0, 0, 2, 923.15, 871388, 28
1056, 0, 0, 27, 27, 1, 40.58%, 0, 0, 2, 914.63, 875924, 28
1061, 0, 0, 27, 27, 1, 40.58%, 0, 0, 2, 918.36, 880622, 28
1066, 0, 0, 27, 27, 1, 40.58%, 0, 0, 2, 918.47, 885230, 28
1071, 0, 0, 27, 27, 1, 40.58%, 0, 0, 2, 922.20, 889928, 28
1076, 0, 0, 27, 27, 1, 40.58%, 0, 0, 2, 920.82, 894518, 28
1081, 0, 0, 27, 27, 1, 40.58%, 0, 0, 2, 923.75, 899252, 28
1086, 0, 0, 27, 27, 1, 40.58%, 0, 0, 2, 923.10, 903914, 28
1092, 0, 0, 27, 27, 1, 40.58%, 0, 0, 2, 923.09, 908540, 28
1097, 0, 0, 27, 27, 1, 40.58%, 0, 0, 2, 923.02, 913184, 28
1102, 0, 0, 27, 27, 1, 40.58%, 0, 0, 2, 923.71, 917882, 28
1107, 0, 0, 27, 27, 1, 40.58%, 0, 0, 2, 899.98, 922454, 28
1112, 0, 0, 27, 27, 1, 40.58%, 0, 0, 2, 892.37, 927080, 28
1117, 0, 0, 27, 27, 1, 40.58%, 0, 0, 2, 896.59, 931715, 28
1122, 0, 0, 27, 27, 1, 40.58%, 0, 0, 2, 901.18, 936339, 28
1127, 0, 0, 27, 27, 1, 40.58%, 0, 0, 2, 902.42, 941030, 28
1132, 0, 0, 27, 27, 1, 40.58%, 0, 0, 2, 896.05, 945655, 28
1138, 0, 0, 27, 27, 1, 40.58%, 0, 0, 2, 907.81, 950372, 28
1143, 0, 0, 27, 27, 1, 40.58%, 0, 0, 2, 912.40, 955124, 28
1148, 0, 0, 27, 27, 1, 40.58%, 0, 0, 2, 903.40, 959750, 28
1153, 0, 0, 27, 27, 1, 40.58%, 0, 0, 2, 905.62, 964412, 28
1158, 0, 0, 27, 27, 1, 40.58%, 0, 0, 2, 914.99, 969164, 28
1163, 0, 0, 27, 27, 1, 40.58%, 0, 0, 2, 906.66, 973790, 28
1168, 0, 0, 27, 27, 1, 40.58%, 0, 0, 2, 914.91, 978488, 28
1173, 0, 0, 27, 27, 1, 40.58%, 0, 0, 2, 913.03, 983150, 28
1179, 0, 0, 28, 28, 1, 42.03%, 0, 0, 2, 917.24, 987873, 29
1184, 0, 0, 28, 28, 1, 42.03%, 0, 0, 2, 919.59, 992625, 29
1189, 0, 0, 28, 28, 1, 42.03%, 0, 0, 2, 911.92, 997215, 29
1194, 0, 0, 28, 28, 1, 42.03%, 0, 0, 2, 914.52, 1001931, 29
1199, 0, 0, 28, 28, 1, 42.03%, 0, 0, 2, 908.95, 1006521, 29
1204, 0, 0, 28, 28, 1, 42.03%, 0, 0, 2, 916.68, 1011201, 29
1209, 0, 0, 28, 28, 1, 42.03%, 0, 0, 2, 915.90, 1015863, 29
1214, 0, 0, 28, 28, 1, 42.03%, 0, 0, 2, 916.13, 1020543, 29
1219, 0, 0, 28, 28, 1, 42.03%, 0, 0, 2, 914.75, 1025115, 29
1225, 0, 0, 28, 28, 1, 42.03%, 0, 0, 2, 922.07, 1029867, 29
1230, 0, 0, 28, 28, 1, 42.03%, 0, 0, 2, 915.34, 1034493, 29
1235, 0, 0, 28, 28, 1, 42.03%, 0, 0, 2, 915.51, 1039137, 29
1240, 0, 0, 28, 28, 1, 42.03%, 0, 0, 2, 913.75, 1043745, 29
1245, 0, 0, 28, 28, 1, 42.03%, 0, 0, 2, 921.28, 1048479, 29
1250, 0, 0, 28, 28, 1, 42.03%, 0, 0, 2, 919.04, 1053123, 29
1255, 0, 0, 28, 28, 1, 42.03%, 0, 0, 2, 918.54, 1057803, 29
1260, 0, 0, 28, 28, 1, 42.03%, 0, 0, 2, 923.76, 1062537, 29
1266, 0, 0, 28, 28, 1, 42.03%, 0, 0, 2, 921.79, 1067199, 29
1271, 0, 0, 28, 28, 1, 42.03%, 0, 0, 2, 922.82, 1071897, 29
1276, 0, 0, 28, 28, 1, 42.03%, 0, 0, 2, 921.21, 1076541, 29
1281, 0, 0, 28, 28, 1, 42.03%, 0, 0, 2, 922.67, 1081239, 29
1286, 0, 0, 28, 28, 1, 42.03%, 0, 0, 2, 918.35, 1085847, 29
1291, 0, 0, 28, 28, 1, 42.03%, 0, 0, 2, 917.43, 1090473, 29
1296, 0, 0, 28, 28, 1, 42.03%, 0, 0, 2, 918.26, 1095081, 29
1301, 0, 0, 28, 28, 1, 42.03%, 0, 0, 2, 925.67, 1099815, 29
1306, 0, 0, 28, 28, 1, 42.03%, 0, 0, 2, 922.43, 1104441, 29
1312, 0, 0, 28, 28, 1, 42.03%, 0, 0, 2, 924.81, 1109157, 29
1317, 0, 0, 28, 28, 1, 42.03%, 0, 0, 2, 921.61, 1113801, 29
1322, 0, 0, 28, 28, 1, 42.03%, 0, 0, 2, 923.80, 1118445, 29
1327, 0, 0, 28, 28, 1, 42.03%, 0, 0, 2, 894.59, 1123017, 29
1332, 0, 0, 28, 28, 1, 42.03%, 0, 0, 2, 895.23, 1127661, 29
1337, 0, 0, 28, 28, 1, 42.03%, 0, 0, 2, 901.89, 1132322, 29
1342, 0, 0, 28, 28, 1, 42.03%, 0, 0, 2, 903.84, 1137039, 29
1347, 0, 0, 28, 28, 1, 42.03%, 0, 0, 2, 896.59, 1141655, 29
1352, 0, 0, 28, 28, 1, 42.03%, 0, 0, 2, 905.55, 1146345, 29
1358, 0, 0, 28, 28, 1, 42.03%, 0, 0, 2, 905.44, 1151007, 29
1363, 0, 0, 28, 28, 1, 42.03%, 0, 0, 2, 907.29, 1155687, 29
1368, 0, 0, 28, 28, 1, 42.03%, 0, 0, 2, 903.42, 1160295, 29
1373, 0, 0, 28, 28, 1, 42.03%, 0, 0, 2, 911.48, 1165029, 29
1378, 0, 0, 28, 28, 1, 42.03%, 0, 0, 2, 914.71, 1169781, 29
1383, 0, 0, 28, 28, 1, 42.03%, 0, 0, 2, 910.08, 1174407, 29
1388, 0, 0, 28, 28, 1, 42.03%, 0, 0, 2, 914.02, 1179105, 29
1393, 0, 0, 28, 28, 1, 42.03%, 0, 0, 2, 913.11, 1183749, 29
1399, 0, 0, 28, 28, 1, 42.03%, 0, 0, 2, 910.76, 1188429, 29
1404, 0, 0, 28, 28, 1, 42.03%, 0, 0, 2, 911.97, 1193073, 29
1409, 0, 0, 28, 28, 1, 42.03%, 0, 0, 2, 902.35, 1197699, 29
1414, 0, 0, 28, 28, 1, 42.03%, 0, 0, 2, 908.34, 1202307, 29
1419, 0, 0, 28, 28, 1, 42.03%, 0, 0, 2, 921.07, 1207059, 29
1424, 0, 0, 28, 28, 1, 42.03%, 0, 0, 2, 915.07, 1211721, 29
1429, 0, 0, 28, 28, 1, 42.03%, 0, 0, 2, 917.54, 1216383, 29
1434, 0, 0, 28, 28, 1, 42.03%, 0, 0, 2, 916.31, 1220955, 29
1439, 0, 0, 28, 28, 1, 42.03%, 0, 0, 2, 912.74, 1225545, 29
1444, 0, 0, 28, 28, 1, 42.03%, 0, 0, 2, 918.51, 1230261, 29
1449, 0, 0, 28, 28, 1, 42.03%, 0, 0, 2, 916.29, 1234869, 29
1455, 0, 0, 28, 28, 1, 42.03%, 0, 0, 2, 916.93, 1239585, 29
1460, 0, 0, 28, 28, 1, 42.03%, 0, 0, 2, 914.54, 1244193, 29
1465, 0, 0, 28, 28, 1, 42.03%, 0, 0, 2, 918.45, 1248891, 29
1470, 0, 0, 28, 28, 1, 42.03%, 0, 0, 2, 916.19, 1253517, 29
1475, 0, 0, 28, 28, 1, 42.03%, 0, 0, 2, 921.09, 1258233, 29
1480, 0, 0, 28, 28, 1, 42.03%, 0, 0, 2, 914.58, 1262877, 29
1485, 0, 0, 28, 28, 1, 42.03%, 0, 0, 2, 922.84, 1267539, 29
1490, 0, 0, 28, 28, 1, 42.03%, 0, 0, 2, 924.24, 1272183, 29
1495, 0, 0, 28, 28, 1, 42.03%, 0, 0, 2, 925.96, 1276917, 29
1501, 0, 0, 28, 28, 1, 42.03%, 0, 0, 2, 922.86, 1281579, 29
1506, 0, 0, 28, 28, 1, 42.03%, 0, 0, 2, 920.63, 1286205, 29
1511, 0, 0, 28, 28, 1, 42.03%, 0, 0, 2, 918.83, 1290813, 29
1516, 0, 0, 28, 28, 1, 42.03%, 0, 0, 2, 922.51, 1295457, 29
1521, 0, 0, 28, 28, 1, 42.03%, 0, 0, 2, 923.22, 1300101, 29
1526, 0, 0, 28, 28, 1, 42.03%, 0, 0, 2, 916.39, 1304745, 29
1531, 0, 0, 28, 28, 1, 42.03%, 0, 0, 2, 922.58, 1309425, 29
1536, 0, 0, 28, 28, 1, 42.03%, 0, 0, 2, 923.62, 1314069, 29
1541, 0, 0, 28, 28, 1, 42.03%, 0, 0, 2, 925.99, 1318749, 29
1546, 0, 0, 28, 28, 1, 42.03%, 0, 0, 2, 921.13, 1323393, 29
1552, 0, 0, 28, 28, 1, 42.03%, 0, 0, 2, 923.82, 1328073, 29
1557, 0, 0, 28, 28, 1, 42.03%, 0, 0, 2, 924.79, 1332717, 29
1562, 0, 0, 28, 28, 1, 42.03%, 0, 0, 2, 906.41, 1337433, 29
1567, 0, 0, 28, 28, 1, 42.03%, 0, 0, 2, 901.15, 1342095, 29
1572, 0, 0, 28, 28, 1, 42.03%, 0, 0, 2, 905.55, 1346793, 29
1577, 0, 0, 28, 28, 1, 42.03%, 0, 0, 2, 901.77, 1351452, 29
1582, 0, 0, 28, 28, 1, 42.03%, 0, 0, 2, 902.09, 1356117, 29
1587, 0, 0, 28, 28, 1, 42.03%, 0, 0, 2, 902.43, 1360768, 29
1593, 0, 0, 28, 28, 1, 42.03%, 0, 0, 2, 909.22, 1365495, 29
1598, 0, 0, 28, 28, 1, 42.03%, 0, 0, 2, 903.58, 1370139, 29
1603, 0, 0, 28, 28, 1, 42.03%, 0, 0, 2, 900.66, 1374742, 29
1608, 0, 0, 28, 28, 1, 42.03%, 0, 0, 2, 900.44, 1379349, 29
1613, 0, 0, 28, 28, 1, 42.03%, 0, 0, 2, 908.67, 1384053, 29
1618, 0, 0, 28, 28, 1, 42.03%, 0, 0, 2, 907.77, 1388697, 29
1623, 0, 0, 28, 28, 1, 42.03%, 0, 0, 2, 906.83, 1393359, 29
1628, 0, 0, 28, 28, 1, 42.03%, 0, 0, 2, 911.29, 1398021, 29
1633, 0, 0, 28, 28, 1, 42.03%, 0, 0, 2, 920.35, 1402755, 29
1638, 0, 0, 28, 28, 1, 42.03%, 0, 0, 2, 915.26, 1407417, 29
1644, 0, 0, 28, 28, 1, 42.03%, 0, 0, 2, 913.18, 1412115, 29
1649, 0, 0, 28, 28, 1, 42.03%, 0, 0, 2, 915.34, 1416759, 29
1654, 0, 0, 28, 28, 1, 42.03%, 0, 0, 2, 914.61, 1421475, 29
1659, 0, 0, 28, 28, 1, 42.03%, 0, 0, 2, 916.47, 1426227, 29
1664, 0, 0, 28, 28, 1, 42.03%, 0, 0, 2, 913.73, 1430853, 29
1669, 0, 0, 28, 28, 1, 42.03%, 0, 0, 2, 916.72, 1435515, 29
1674, 0, 0, 28, 28, 1, 42.03%, 0, 0, 2, 911.42, 1440177, 29
1679, 0, 0, 28, 28, 1, 42.03%, 0, 0, 2, 915.33, 1444821, 29
1684, 0, 0, 28, 28, 1, 42.03%, 0, 0, 2, 918.48, 1449465, 29
1690, 0, 0, 28, 28, 1, 42.03%, 0, 0, 2, 920.05, 1454199, 29
1695, 0, 0, 28, 28, 1, 42.03%, 0, 0, 2, 922.01, 1458951, 29
1700, 0, 0, 28, 28, 1, 42.03%, 0, 0, 2, 922.29, 1463613, 29
1705, 0, 0, 28, 28, 1, 42.03%, 0, 0, 2, 922.52, 1468293, 29
1710, 0, 0, 28, 28, 1, 42.03%, 0, 0, 2, 919.30, 1472937, 29
1715, 0, 0, 28, 28, 1, 42.03%, 0, 0, 2, 925.45, 1477671, 29
1720, 0, 0, 28, 28, 1, 42.03%, 0, 0, 2, 924.82, 1482423, 29
1726, 0, 0, 28, 28, 1, 42.03%, 0, 0, 2, 922.28, 1487031, 29
1731, 0, 0, 28, 28, 1, 42.03%, 0, 0, 2, 925.99, 1491783, 29
1736, 0, 0, 28, 28, 1, 42.03%, 0, 0, 2, 924.21, 1496445, 29
1741, 0, 0, 28, 28, 1, 42.03%, 0, 0, 2, 926.21, 1501143, 29
1746, 0, 0, 28, 28, 1, 42.03%, 0, 0, 2, 928.84, 1505823, 29
1751, 0, 0, 28, 28, 1, 42.03%, 0, 0, 2, 928.17, 1510521, 29
1756, 0, 0, 28, 28, 1, 42.03%, 0, 0, 2, 925.92, 1515201, 29
1761, 0, 0, 28, 28, 1, 42.03%, 0, 0, 2, 929.49, 1519935, 29
1766, 0, 0, 28, 28, 1, 42.03%, 0, 0, 2, 930.26, 1524615, 29
1771, 0, 0, 28, 28, 1, 42.03%, 0, 0, 2, 933.07, 1529349, 29
1777, 0, 0, 28, 28, 1, 42.03%, 0, 0, 2, 933.60, 1534011, 29
1782, 0, 0, 28, 28, 1, 42.03%, 0, 0, 2, 920.70, 1538655, 29
1787, 0, 0, 28, 28, 1, 42.03%, 0, 0, 2, 909.91, 1543119, 29
1792, 0, 0, 28, 28, 1, 42.03%, 0, 0, 2, 919.51, 1547763, 29
1797, 0, 0, 28, 28, 1, 42.03%, 0, 0, 2, 930.36, 1552443, 29
1802, 0, 0, 28, 28, 1, 42.03%, 0, 0, 2, 917.38, 1557105, 29
1807, 0, 0, 28, 28, 1, 42.03%, 0, 0, 2, 913.05, 1561785, 29
1812, 0, 0, 28, 28, 1, 42.03%, 0, 0, 2, 918.03, 1566537, 29
1817, 0, 0, 28, 28, 1, 42.03%, 0, 0, 2, 909.27, 1571217, 29
1822, 0, 0, 28, 28, 1, 42.03%, 0, 0, 2, 913.10, 1575933, 29
1827, 0, 0, 28, 28, 1, 42.03%, 0, 0, 2, 912.70, 1580613, 29
1832, 0, 0, 28, 28, 1, 42.03%, 0, 0, 2, 919.57, 1585347, 29
1838, 0, 0, 28, 28, 1, 42.03%, 0, 0, 2, 918.97, 1590027, 29
1843, 0, 0, 28, 28, 1, 42.03%, 0, 0, 2, 920.95, 1594707, 29
1848, 0, 0, 28, 28, 1, 42.03%, 0, 0, 2, 925.68, 1599459, 29
1853, 0, 0, 28, 28, 1, 42.03%, 0, 0, 2, 923.25, 1604139, 29
1858, 0, 0, 28, 28, 1, 42.03%, 0, 0, 2, 917.35, 1608819, 29
1863, 0, 0, 28, 28, 1, 42.03%, 0, 0, 2, 920.68, 1613535, 29
1868, 0, 0, 28, 28, 1, 42.03%, 0, 0, 2, 919.73, 1618215, 29
1873, 0, 0, 28, 28, 1, 42.03%, 0, 0, 2, 917.02, 1622895, 29
1878, 0, 0, 28, 28, 1, 42.03%, 0, 0, 2, 921.63, 1627611, 29
1883, 0, 0, 28, 28, 1, 42.03%, 0, 0, 2, 917.37, 1632273, 29
1888, 0, 0, 28, 28, 1, 42.03%, 0, 0, 2, 920.58, 1636953, 29
1893, 0, 0, 28, 28, 1, 42.03%, 0, 0, 2, 912.92, 1641633, 29
1898, 0, 0, 28, 28, 1, 42.03%, 0, 0, 2, 919.72, 1646313, 29
1904, 0, 0, 28, 28, 1, 42.03%, 0, 0, 2, 925.94, 1651047, 29
1909, 0, 0, 28, 28, 1, 42.03%, 0, 0, 2, 924.05, 1655745, 29
1914, 0, 0, 28, 28, 1, 42.03%, 0, 0, 2, 921.43, 1660425, 29
1919, 0, 0, 28, 28, 1, 42.03%, 0, 0, 2, 923.02, 1665141, 29
1924, 0, 0, 28, 28, 1, 42.03%, 0, 0, 2, 920.70, 1669803, 29
1929, 0, 0, 28, 28, 1, 42.03%, 0, 0, 2, 924.70, 1674537, 29
1934, 0, 0, 28, 28, 1, 42.03%, 0, 0, 2, 925.93, 1679217, 29
1939, 0, 0, 28, 28, 1, 42.03%, 0, 0, 2, 919.78, 1683861, 29
1944, 0, 0, 28, 28, 1, 42.03%, 0, 0, 2, 928.60, 1688559, 29
1949, 0, 0, 28, 28, 1, 42.03%, 0, 0, 2, 925.91, 1693239, 29
1954, 0, 0, 28, 28, 1, 42.03%, 0, 0, 2, 922.40, 1697901, 29
1959, 0, 0, 28, 28, 1, 42.03%, 0, 0, 2, 923.13, 1702617, 29
1965, 0, 0, 28, 28, 1, 42.03%, 0, 0, 2, 918.46, 1707279, 29
1970, 0, 0, 28, 28, 1, 42.03%, 0, 0, 2, 924.90, 1711977, 29
1975, 0, 0, 28, 28, 1, 42.03%, 0, 0, 2, 926.32, 1716657, 29
1980, 0, 0, 28, 28, 1, 42.03%, 0, 0, 2, 926.10, 1721337, 29
1985, 0, 0, 28, 28, 1, 42.03%, 0, 0, 2, 926.26, 1726053, 29
1990, 0, 0, 28, 28, 1, 42.03%, 0, 0, 2, 930.18, 1730733, 29
1995, 0, 0, 28, 28, 1, 42.03%, 0, 0, 2, 929.27, 1735485, 29
2000, 0, 0, 28, 28, 1, 42.03%, 0, 0, 2, 929.46, 1740165, 29
2005, 0, 0, 28, 28, 1, 42.03%, 0, 0, 2, 928.56, 1744845, 29
2010, 0, 0, 28, 28, 1, 42.03%, 0, 0, 2, 931.61, 1749543, 29
2015, 0, 0, 28, 28, 1, 42.03%, 0, 0, 2, 925.45, 1754205, 29
2020, 0, 0, 28, 28, 1, 42.03%, 0, 0, 2, 925.24, 1758885, 29
2025, 0, 0, 28, 28, 1, 42.03%, 0, 0, 2, 928.11, 1763565, 29
2031, 0, 0, 28, 28, 1, 42.03%, 0, 0, 2, 928.80, 1768245, 29
2036, 0, 0, 28, 28, 1, 42.03%, 0, 0, 2, 930.09, 1772925, 29
2041, 0, 0, 28, 28, 1, 42.03%, 0, 0, 2, 927.53, 1777641, 29
2046, 0, 0, 28, 28, 1, 42.03%, 0, 0, 2, 929.90, 1782321, 29
2051, 0, 0, 28, 28, 1, 42.03%, 0, 0, 2, 933.01, 1787055, 29
2056, 0, 0, 28, 28, 1, 42.03%, 0, 0, 2, 931.05, 1791735, 29
2061, 0, 0, 28, 28, 1, 42.03%, 0, 0, 2, 935.03, 1796487, 29
2066, 0, 0, 28, 28, 1, 42.03%, 0, 0, 2, 932.59, 1801167, 29
2071, 0, 0, 28, 28, 1, 42.03%, 0, 0, 2, 928.15, 1805847, 29
2076, 0, 0, 28, 28, 1, 42.03%, 0, 0, 2, 932.11, 1810563, 29
2081, 0, 0, 28, 28, 1, 42.03%, 0, 0, 2, 935.27, 1815243, 29
2086, 0, 0, 28, 28, 1, 42.03%, 0, 0, 2, 936.72, 1819923, 29
2091, 0, 0, 28, 28, 1, 42.03%, 0, 0, 2, 939.86, 1824675, 29
2097, 0, 0, 28, 28, 1, 42.03%, 0, 0, 2, 939.15, 1829355, 29
2102, 0, 0, 28, 28, 1, 42.03%, 0, 0, 2, 933.71, 1834035, 29
2107, 0, 0, 28, 28, 1, 42.03%, 0, 0, 2, 933.03, 1838787, 29
2112, 0, 0, 28, 28, 1, 42.03%, 0, 0, 2, 935.92, 1843467, 29
2117, 0, 0, 28, 28, 1, 42.03%, 0, 0, 2, 916.00, 1848111, 29
2122, 0, 0, 28, 28, 1, 42.03%, 0, 0, 2, 912.79, 1852791, 29
2127, 0, 0, 28, 28, 1, 42.03%, 0, 0, 2, 916.73, 1857471, 29
2132, 0, 0, 28, 28, 1, 42.03%, 0, 0, 2, 913.19, 1862187, 29
2137, 0, 0, 28, 28, 1, 42.03%, 0, 0, 2, 915.69, 1866849, 29
2142, 0, 0, 28, 28, 1, 42.03%, 0, 0, 2, 918.69, 1871529, 29
2147, 0, 0, 28, 28, 1, 42.03%, 0, 0, 2, 919.01, 1876209, 29
2152, 0, 0, 28, 28, 1, 42.03%, 0, 0, 2, 922.51, 1880961, 29
2157, 0, 0, 28, 28, 1, 42.03%, 0, 0, 2, 921.25, 1885641, 29
2162, 0, 0, 28, 28, 1, 42.03%, 0, 0, 2, 920.06, 1890321, 29
2167, 0, 0, 28, 28, 1, 42.03%, 0, 0, 2, 921.63, 1895001, 29
2172, 0, 0, 28, 28, 1, 42.03%, 0, 0, 2, 924.58, 1899753, 29
2178, 0, 0, 28, 28, 1, 42.03%, 0, 0, 2, 920.35, 1904433, 29
2183, 0, 0, 28, 28, 1, 42.03%, 0, 0, 2, 918.55, 1909113, 29
2188, 0, 0, 28, 28, 1, 42.03%, 0, 0, 2, 925.45, 1913865, 29
2193, 0, 0, 28, 28, 1, 42.03%, 0, 0, 2, 931.36, 1918743, 29
2198, 0, 0, 28, 28, 1, 42.03%, 0, 0, 2, 935.95, 1923639, 29
2203, 0, 0, 28, 28, 1, 42.03%, 0, 0, 2, 937.96, 1928535, 29
2208, 0, 0, 28, 28, 1, 42.03%, 0, 0, 2, 937.05, 1933233, 29
2213, 0, 0, 28, 28, 1, 42.03%, 0, 0, 2, 939.58, 1937949, 29
2219, 0, 0, 28, 28, 1, 42.03%, 0, 0, 2, 938.83, 1942845, 29
2224, 0, 0, 28, 28, 1, 42.03%, 0, 0, 2, 937.93, 1947543, 29
2229, 0, 0, 28, 28, 1, 42.03%, 0, 0, 2, 937.80, 1952241, 29
2234, 0, 0, 28, 28, 1, 42.03%, 0, 0, 2, 942.51, 1957137, 29
2239, 0, 0, 28, 28, 1, 42.03%, 0, 0, 2, 931.35, 1961817, 29
2244, 0, 0, 28, 28, 1, 42.03%, 0, 0, 2, 926.31, 1966497, 29
2249, 0, 0, 28, 28, 1, 42.03%, 0, 0, 2, 928.16, 1971177, 29
2254, 0, 0, 28, 28, 1, 42.03%, 0, 0, 2, 932.63, 1975929, 29
2259, 0, 0, 28, 28, 1, 42.03%, 0, 0, 2, 926.88, 1980609, 29
2264, 0, 0, 28, 28, 1, 42.03%, 0, 0, 2, 927.38, 1985289, 29
2269, 0, 0, 28, 28, 1, 42.03%, 0, 0, 2, 928.22, 1989969, 29
2274, 0, 0, 28, 28, 1, 42.03%, 0, 0, 2, 930.24, 1994685, 29
2279, 0, 0, 28, 28, 1, 42.03%, 0, 0, 2, 927.98, 1999365, 29
2284, 0, 0, 28, 28, 1, 42.03%, 0, 0, 2, 931.19, 2004045, 29
2289, 0, 0, 28, 28, 1, 42.03%, 0, 0, 2, 931.74, 2008725, 29
2294, 0, 0, 28, 28, 1, 42.03%, 0, 0, 2, 932.52, 2013405, 29
2299, 0, 0, 28, 28, 1, 42.03%, 0, 0, 2, 932.19, 2018121, 29
2304, 0, 0, 28, 28, 1, 42.03%, 0, 0, 2, 929.49, 2022801, 29
2309, 0, 0, 28, 28, 1, 42.03%, 0, 0, 2, 929.95, 2027481, 29
2314, 0, 0, 28, 28, 1, 42.03%, 0, 0, 2, 930.00, 2032161, 29
2320, 0, 0, 28, 28, 1, 42.03%, 0, 0, 2, 933.30, 2036913, 29
2325, 0, 0, 28, 28, 1, 42.03%, 0, 0, 2, 931.27, 2041593, 29
2330, 0, 0, 28, 28, 1, 42.03%, 0, 0, 2, 933.35, 2046273, 29
2335, 0, 0, 28, 28, 1, 42.03%, 0, 0, 2, 933.26, 2050953, 29
2340, 0, 0, 28, 28, 1, 42.03%, 0, 0, 2, 934.69, 2055687, 29
2345, 0, 0, 28, 28, 1, 42.03%, 0, 0, 2, 929.81, 2060367, 29
2350, 0, 0, 28, 28, 1, 42.03%, 0, 0, 2, 933.18, 2065047, 29
2355, 0, 0, 28, 28, 1, 42.03%, 0, 0, 2, 934.33, 2069799, 29
2360, 0, 0, 28, 28, 1, 42.03%, 0, 0, 2, 931.51, 2074479, 29
2365, 0, 0, 28, 28, 1, 42.03%, 0, 0, 2, 935.12, 2079159, 29
2370, 0, 0, 28, 28, 1, 42.03%, 0, 0, 2, 936.67, 2083821, 29
2375, 0, 0, 28, 28, 1, 42.03%, 0, 0, 2, 937.48, 2088501, 29
2380, 0, 0, 28, 28, 1, 42.03%, 0, 0, 2, 935.40, 2093253, 29
2385, 0, 0, 28, 28, 1, 42.03%, 0, 0, 2, 931.42, 2097915, 29
2390, 0, 0, 28, 28, 1, 42.03%, 0, 0, 2, 933.13, 2102595, 29
2395, 0, 0, 28, 28, 1, 42.03%, 0, 0, 2, 936.27, 2107275, 29
2400, 0, 0, 28, 28, 1, 42.03%, 0, 0, 2, 938.08, 2112027, 29
2405, 0, 0, 28, 28, 1, 42.03%, 0, 0, 2, 933.20, 2116707, 29
2410, 0, 0, 28, 28, 1, 42.03%, 0, 0, 2, 934.82, 2121387, 29
2416, 0, 0, 28, 28, 1, 42.03%, 0, 0, 2, 934.18, 2126067, 29
2421, 0, 0, 28, 28, 1, 42.03%, 0, 0, 2, 938.03, 2130819, 29
2426, 0, 0, 28, 28, 1, 42.03%, 0, 0, 2, 935.74, 2135499, 29
2431, 0, 0, 28, 28, 1, 42.03%, 0, 0, 2, 932.45, 2140179, 29
2436, 0, 0, 28, 28, 1, 42.03%, 0, 0, 2, 934.66, 2144859, 29
2441, 0, 0, 28, 28, 1, 42.03%, 0, 0, 2, 935.41, 2149593, 29
2446, 0, 0, 28, 28, 1, 42.03%, 0, 0, 2, 933.11, 2154255, 29
2451, 0, 0, 28, 28, 1, 42.03%, 0, 0, 2, 933.74, 2158935, 29
2456, 0, 0, 28, 28, 1, 42.03%, 0, 0, 2, 935.80, 2163687, 29
2461, 0, 0, 28, 28, 1, 42.03%, 0, 0, 2, 933.43, 2168367, 29
2466, 0, 0, 28, 28, 1, 42.03%, 0, 0, 2, 935.38, 2173047, 29
2471, 0, 0, 28, 28, 1, 42.03%, 0, 0, 2, 933.58, 2177727, 29
2476, 0, 0, 28, 28, 1, 42.03%, 0, 0, 2, 937.56, 2182443, 29
2481, 0, 0, 28, 28, 1, 42.03%, 0, 0, 2, 938.69, 2187123, 29
2486, 0, 0, 28, 28, 1, 42.03%, 0, 0, 2, 936.68, 2191803, 29
2491, 0, 0, 28, 28, 1, 42.03%, 0, 0, 2, 934.35, 2196483, 29
2496, 0, 0, 28, 28, 1, 42.03%, 0, 0, 2, 938.36, 2201235, 29
2502, 0, 0, 28, 28, 1, 42.03%, 0, 0, 2, 937.97, 2205897, 29
2507, 0, 0, 28, 28, 1, 42.03%, 0, 0, 2, 935.60, 2210559, 29
2512, 0, 0, 28, 28, 1, 42.03%, 0, 0, 2, 933.36, 2215239, 29
2517, 0, 0, 28, 28, 1, 42.03%, 0, 0, 2, 939.34, 2219973, 29
2522, 0, 0, 28, 28, 1, 42.03%, 0, 0, 2, 938.54, 2224653, 29
2527, 0, 0, 28, 28, 1, 42.03%, 0, 0, 2, 933.40, 2229297, 29
2532, 0, 0, 28, 28, 1, 42.03%, 0, 0, 2, 933.57, 2233959, 29
2537, 0, 0, 28, 28, 1, 42.03%, 0, 0, 2, 918.38, 2238621, 29
2542, 0, 0, 28, 28, 1, 42.03%, 0, 0, 2, 915.34, 2243283, 29
2547, 0, 0, 28, 28, 1, 42.03%, 0, 0, 2, 914.23, 2247963, 29
2552, 0, 0, 28, 28, 1, 42.03%, 0, 0, 2, 924.53, 2252661, 29
2557, 0, 0, 28, 28, 1, 42.03%, 0, 0, 2, 928.46, 2257395, 29
2562, 0, 0, 28, 28, 1, 42.03%, 0, 0, 2, 925.64, 2262075, 29
2567, 0, 0, 28, 28, 1, 42.03%, 0, 0, 2, 924.44, 2266755, 29
2572, 0, 0, 28, 28, 1, 42.03%, 0, 0, 2, 928.51, 2271435, 29
2577, 0, 0, 28, 28, 1, 42.03%, 0, 0, 2, 930.68, 2276169, 29
2582, 0, 0, 28, 28, 1, 42.03%, 0, 0, 2, 929.90, 2280849, 29
2587, 0, 0, 28, 28, 1, 42.03%, 0, 0, 2, 931.32, 2285529, 29
2592, 0, 0, 28, 28, 1, 42.03%, 0, 0, 2, 927.40, 2290209, 29
2597, 0, 0, 28, 28, 1, 42.03%, 0, 0, 2, 929.79, 2294889, 29
2602, 0, 0, 28, 28, 1, 42.03%, 0, 0, 2, 932.28, 2299569, 29
2607, 0, 0, 28, 28, 1, 42.03%, 0, 0, 2, 929.45, 2304249, 29
2612, 0, 0, 28, 28, 1, 42.03%, 0, 0, 2, 932.61, 2308983, 29
2618, 0, 0, 28, 28, 1, 42.03%, 0, 0, 2, 929.23, 2313663, 29
2623, 0, 0, 28, 28, 1, 42.03%, 0, 0, 2, 930.77, 2318343, 29
2628, 0, 0, 28, 28, 1, 42.03%, 0, 0, 2, 930.07, 2323023, 29
2633, 0, 0, 28, 28, 1, 42.03%, 0, 0, 2, 928.05, 2327703, 29
2638, 0, 0, 28, 28, 1, 42.03%, 0, 0, 2, 930.03, 2332419, 29
2643, 0, 0, 28, 28, 1, 42.03%, 0, 0, 2, 935.73, 2337117, 29
2648, 0, 0, 28, 28, 1, 42.03%, 0, 0, 2, 930.35, 2341779, 29
2653, 0, 0, 28, 28, 1, 42.03%, 0, 0, 2, 935.65, 2346531, 29
2658, 0, 0, 28, 28, 1, 42.03%, 0, 0, 2, 931.34, 2351193, 29
2663, 0, 0, 28, 28, 1, 42.03%, 0, 0, 2, 934.39, 2355873, 29
2668, 0, 0, 29, 29, 1, 42.03%, 0, 0, 2, 931.34, 2360542, 29
2673, 0, 0, 29, 29, 1, 42.03%, 0, 0, 2, 935.64, 2365276, 29
2678, 0, 0, 29, 29, 1, 42.03%, 0, 0, 2, 934.61, 2369956, 29
2683, 0, 0, 29, 29, 1, 42.03%, 0, 0, 2, 935.18, 2374636, 29
2688, 0, 0, 29, 29, 1, 42.03%, 0, 0, 2, 931.07, 2379298, 29
2693, 0, 0, 29, 29, 1, 42.03%, 0, 0, 2, 933.47, 2384050, 29
2698, 0, 0, 29, 29, 1, 42.03%, 0, 0, 2, 934.66, 2388730, 29
2703, 0, 0, 29, 29, 1, 42.03%, 0, 0, 2, 933.19, 2393410, 29
2709, 0, 0, 29, 29, 1, 42.03%, 0, 0, 2, 935.80, 2398162, 29
2714, 0, 0, 29, 29, 1, 42.03%, 0, 0, 2, 937.26, 2402842, 29
2719, 0, 0, 29, 29, 1, 42.03%, 0, 0, 2, 936.57, 2407522, 29
2724, 0, 0, 29, 29, 1, 42.03%, 0, 0, 2, 936.51, 2412202, 29
2729, 0, 0, 29, 29, 1, 42.03%, 0, 0, 2, 937.94, 2416936, 29
2734, 0, 0, 29, 29, 1, 42.03%, 0, 0, 2, 938.18, 2421616, 29
2739, 0, 0, 29, 29, 1, 42.03%, 0, 0, 2, 931.76, 2426296, 29
2744, 0, 0, 29, 29, 1, 42.03%, 0, 0, 2, 932.77, 2430976, 29
2749, 0, 0, 29, 29, 1, 42.03%, 0, 0, 2, 935.90, 2435692, 29
2754, 0, 0, 29, 29, 1, 42.03%, 0, 0, 2, 937.03, 2440372, 29
2759, 0, 0, 29, 29, 1, 42.03%, 0, 0, 2, 939.42, 2445034, 29
2764, 0, 0, 29, 29, 1, 42.03%, 0, 0, 2, 932.68, 2449714, 29
2769, 0, 0, 30, 30, 1, 42.03%, 0, 0, 2, 934.90, 2454455, 29
2774, 0, 0, 30, 30, 1, 42.03%, 0, 0, 2, 936.79, 2459135, 29
2779, 0, 0, 30, 30, 1, 42.03%, 0, 0, 2, 935.75, 2463815, 29
2784, 0, 0, 30, 30, 1, 42.03%, 0, 0, 2, 936.21, 2468549, 29
2789, 0, 0, 30, 30, 1, 42.03%, 0, 0, 2, 938.95, 2473229, 29
2794, 0, 0, 30, 30, 1, 42.03%, 0, 0, 2, 936.88, 2477891, 29
2800, 0, 0, 30, 30, 1, 42.03%, 0, 0, 2, 923.52, 2482571, 29
2805, 0, 0, 30, 30, 1, 42.03%, 0, 0, 2, 918.59, 2487251, 29
2810, 0, 0, 30, 30, 1, 42.03%, 0, 0, 2, 915.99, 2491931, 29
2815, 0, 0, 30, 30, 1, 42.03%, 0, 0, 2, 914.85, 2496611, 29
2820, 0, 0, 30, 30, 1, 42.03%, 0, 0, 2, 917.99, 2501327, 29
2825, 0, 0, 30, 30, 1, 42.03%, 0, 0, 2, 917.58, 2506007, 29
2830, 0, 0, 30, 30, 1, 42.03%, 0, 0, 2, 916.05, 2510687, 29
2835, 0, 0, 30, 30, 1, 42.03%, 0, 0, 2, 915.22, 2515367, 29
2840, 0, 0, 30, 30, 1, 42.03%, 0, 0, 2, 915.80, 2520065, 29
2845, 0, 0, 30, 30, 1, 42.03%, 0, 0, 2, 916.70, 2524745, 29
2850, 0, 0, 30, 30, 1, 42.03%, 0, 0, 2, 917.01, 2529425, 29
2855, 0, 0, 30, 30, 1, 42.03%, 0, 0, 2, 919.84, 2534159, 29
2860, 0, 0, 30, 30, 1, 42.03%, 0, 0, 2, 919.67, 2538839, 29
2865, 0, 0, 30, 30, 1, 42.03%, 0, 0, 2, 922.35, 2543501, 29
2870, 0, 0, 30, 30, 1, 42.03%, 0, 0, 2, 919.79, 2548181, 29
2875, 0, 0, 30, 30, 1, 42.03%, 0, 0, 2, 924.14, 2552915, 29
2880, 0, 0, 30, 30, 1, 42.03%, 0, 0, 2, 921.33, 2557595, 29
2885, 0, 0, 30, 30, 1, 42.03%, 0, 0, 2, 922.59, 2562275, 29
2890, 0, 0, 30, 30, 1, 42.03%, 0, 0, 2, 923.15, 2566955, 29
2896, 0, 0, 30, 30, 1, 42.03%, 0, 0, 2, 927.93, 2571689, 29
2901, 0, 0, 30, 30, 1, 42.03%, 0, 0, 2, 921.70, 2576369, 29
2906, 0, 0, 30, 30, 1, 42.03%, 0, 0, 2, 920.79, 2581049, 29
2911, 0, 0, 30, 30, 1, 42.03%, 0, 0, 2, 921.13, 2585711, 29
2916, 0, 0, 30, 30, 1, 42.03%, 0, 0, 2, 927.57, 2590445, 29
2921, 0, 0, 30, 30, 1, 42.03%, 0, 0, 2, 931.30, 2595125, 29
2926, 0, 0, 30, 30, 1, 42.03%, 0, 0, 2, 929.29, 2599805, 29
2931, 0, 0, 30, 30, 1, 42.03%, 0, 0, 2, 925.49, 2604449, 29
2936, 0, 0, 30, 30, 1, 42.03%, 0, 0, 2, 924.04, 2609129, 29
2941, 0, 0, 30, 30, 1, 42.03%, 0, 0, 2, 925.98, 2613791, 29
2946, 0, 0, 30, 30, 1, 42.03%, 0, 0, 2, 928.59, 2618525, 29
2951, 0, 0, 30, 30, 1, 42.03%, 0, 0, 2, 926.05, 2623205, 29
2956, 0, 0, 30, 30, 1, 42.03%, 0, 0, 2, 929.69, 2627885, 29
2961, 0, 0, 30, 30, 1, 42.03%, 0, 0, 2, 927.78, 2632565, 29
2966, 0, 0, 30, 30, 1, 42.03%, 0, 0, 2, 930.40, 2637245, 29
2971, 0, 0, 30, 30, 1, 42.03%, 0, 0, 2, 929.94, 2641925, 29
2976, 0, 0, 30, 30, 1, 42.03%, 0, 0, 2, 934.08, 2646803, 29
2981, 0, 0, 30, 30, 1, 42.03%, 0, 0, 2, 928.74, 2651519, 29
2986, 0, 0, 30, 30, 1, 42.03%, 0, 0, 2, 928.18, 2656199, 29
2991, 0, 0, 30, 30, 1, 42.03%, 0, 0, 2, 928.95, 2660879, 29
2997, 0, 0, 30, 30, 1, 42.03%, 0, 0, 2, 929.13, 2665559, 29
3002, 0, 0, 30, 30, 1, 42.03%, 0, 0, 2, 931.77, 2670239, 29
3007, 0, 0, 30, 30, 1, 42.03%, 0, 0, 2, 935.08, 2674991, 29
3012, 0, 0, 30, 30, 1, 42.03%, 0, 0, 2, 925.39, 2679653, 29
3017, 0, 0, 30, 30, 1, 42.03%, 0, 0, 2, 925.14, 2684333, 29
3022, 0, 0, 30, 30, 1, 42.03%, 0, 0, 2, 927.99, 2689013, 29
3027, 0, 0, 30, 30, 1, 42.03%, 0, 0, 2, 929.95, 2693747, 29
3032, 0, 0, 30, 30, 1, 42.03%, 0, 0, 2, 924.67, 2698427, 29
3037, 0, 0, 30, 30, 1, 42.03%, 0, 0, 2, 930.43, 2703179, 29
3042, 0, 0, 30, 30, 1, 42.03%, 0, 0, 2, 924.84, 2707841, 29
3047, 0, 0, 30, 30, 1, 42.03%, 0, 0, 2, 928.11, 2712521, 29
3052, 0, 0, 30, 30, 1, 42.03%, 0, 0, 2, 928.11, 2717219, 29
3057, 0, 0, 30, 30, 1, 42.03%, 0, 0, 2, 930.08, 2721899, 29
3062, 0, 0, 30, 30, 1, 42.03%, 0, 0, 2, 932.11, 2726561, 29
3067, 0, 0, 30, 30, 1, 42.03%, 0, 0, 2, 929.09, 2731241, 29
3072, 0, 0, 30, 30, 1, 42.03%, 0, 0, 2, 925.82, 2735903, 29
3077, 0, 0, 30, 30, 1, 42.03%, 0, 0, 2, 929.70, 2740601, 29
3083, 0, 0, 30, 30, 1, 42.03%, 0, 0, 2, 929.93, 2745281, 29
3088, 0, 0, 30, 30, 1, 42.03%, 0, 0, 2, 932.61, 2749961, 29
3093, 0, 0, 30, 30, 1, 42.03%, 0, 0, 2, 931.51, 2754641, 29
3098, 0, 0, 30, 30, 1, 42.03%, 0, 0, 2, 930.48, 2759357, 29
3103, 0, 0, 30, 30, 1, 42.03%, 0, 0, 2, 927.64, 2764037, 29
3108, 0, 0, 30, 30, 1, 42.03%, 0, 0, 2, 930.14, 2768717, 29
3113, 0, 0, 30, 30, 1, 42.03%, 0, 0, 2, 931.73, 2773451, 29
3118, 0, 0, 30, 30, 1, 42.03%, 0, 0, 2, 933.23, 2778131, 29
3123, 0, 0, 30, 30, 1, 42.03%, 0, 0, 2, 935.11, 2782811, 29
3128, 0, 0, 30, 30, 1, 42.03%, 0, 0, 2, 934.38, 2787563, 29
3133, 0, 0, 30, 30, 1, 42.03%, 0, 0, 2, 934.38, 2792243, 29
3138, 0, 0, 30, 30, 1, 42.03%, 0, 0, 2, 933.99, 2796923, 29
3143, 0, 0, 30, 30, 1, 42.03%, 0, 0, 2, 938.08, 2801675, 29
3148, 0, 0, 30, 30, 1, 42.03%, 0, 0, 2, 935.95, 2806355, 29
3153, 0, 0, 30, 30, 1, 42.03%, 0, 0, 2, 936.19, 2811035, 29
3158, 0, 0, 30, 30, 1, 42.03%, 0, 0, 2, 938.37, 2815715, 29
3163, 0, 0, 30, 30, 1, 42.03%, 0, 0, 2, 937.28, 2820395, 29
3169, 0, 0, 30, 30, 1, 42.03%, 0, 0, 2, 937.76, 2825129, 29
3174, 0, 0, 30, 30, 1, 42.03%, 0, 0, 2, 931.87, 2829791, 29
3179, 0, 0, 30, 30, 1, 42.03%, 0, 0, 2, 930.73, 2834471, 29
3184, 0, 0, 30, 30, 1, 42.03%, 0, 0, 2, 933.54, 2839205, 29
3189, 0, 0, 30, 30, 1, 42.03%, 0, 0, 2, 935.59, 2843885, 29
3194, 0, 0, 30, 30, 1, 42.03%, 0, 0, 2, 936.94, 2848565, 29
3199, 0, 0, 30, 30, 1, 42.03%, 0, 0, 2, 932.86, 2853245, 29
3204, 0, 0, 30, 30, 1, 42.03%, 0, 0, 2, 935.88, 2857979, 29
3209, 0, 0, 30, 30, 1, 42.03%, 0, 0, 2, 934.99, 2862659, 29
3214, 0, 0, 30, 30, 1, 42.03%, 0, 0, 2, 933.07, 2867339, 29
3219, 0, 0, 30, 30, 1, 42.03%, 0, 0, 2, 937.32, 2872055, 29
3224, 0, 0, 30, 30, 1, 42.03%, 0, 0, 2, 931.54, 2876717, 29
3229, 0, 0, 30, 30, 1, 42.03%, 0, 0, 2, 932.80, 2881397, 29
3234, 0, 0, 30, 30, 1, 42.03%, 0, 0, 2, 938.03, 2886131, 29
3239, 0, 0, 30, 30, 1, 42.03%, 0, 0, 2, 936.98, 2890811, 29
3244, 0, 0, 30, 30, 1, 42.03%, 0, 0, 2, 939.34, 2895491, 29
3250, 0, 0, 30, 30, 1, 42.03%, 0, 0, 2, 916.84, 2900153, 29
3255, 0, 0, 30, 30, 1, 42.03%, 0, 0, 2, 915.95, 2904833, 29
3260, 0, 0, 30, 30, 1, 42.03%, 0, 0, 2, 919.03, 2909513, 29
3265, 0, 0, 30, 30, 1, 42.03%, 0, 0, 2, 912.86, 2914175, 29
3270, 0, 0, 30, 30, 1, 42.03%, 0, 0, 2, 920.52, 2918927, 29
3275, 0, 0, 30, 30, 1, 42.03%, 0, 0, 2, 920.12, 2923607, 29
3280, 0, 0, 30, 30, 1, 42.03%, 0, 0, 2, 915.98, 2928287, 29
3285, 0, 0, 30, 30, 1, 42.03%, 0, 0, 2, 922.44, 2933039, 29
3290, 0, 0, 30, 30, 1, 42.03%, 0, 0, 2, 921.96, 2937719, 29
3295, 0, 0, 30, 30, 1, 42.03%, 0, 0, 2, 921.59, 2942399, 29
3300, 0, 0, 30, 30, 1, 42.03%, 0, 0, 2, 922.90, 2947079, 29
3305, 0, 0, 30, 30, 1, 42.03%, 0, 0, 2, 920.25, 2951759, 29
3310, 0, 0, 30, 30, 1, 42.03%, 0, 0, 2, 924.71, 2956493, 29
3315, 0, 0, 30, 30, 1, 42.03%, 0, 0, 2, 922.20, 2961173, 29
3320, 0, 0, 30, 30, 1, 42.03%, 0, 0, 2, 917.71, 2965835, 29
3325, 0, 0, 30, 30, 1, 42.03%, 0, 0, 2, 921.66, 2970515, 29
3330, 0, 0, 30, 30, 1, 42.03%, 0, 0, 2, 925.32, 2975249, 29
3335, 0, 0, 30, 30, 1, 42.03%, 0, 0, 2, 924.63, 2979929, 29
3340, 0, 0, 30, 30, 1, 42.03%, 0, 0, 2, 921.55, 2984609, 29
3345, 0, 0, 30, 30, 1, 42.03%, 0, 0, 2, 921.54, 2989289, 29
3351, 0, 0, 30, 30, 1, 42.03%, 0, 0, 2, 924.31, 2994005, 29
3356, 0, 0, 30, 30, 1, 42.03%, 0, 0, 2, 923.28, 2998667, 29
3361, 0, 0, 30, 30, 1, 42.03%, 0, 0, 2, 925.54, 3003347, 29
3366, 0, 0, 30, 30, 1, 42.03%, 0, 0, 2, 922.35, 3007991, 29
3371, 0, 0, 30, 30, 1, 42.03%, 0, 0, 2, 923.30, 3012671, 29
3376, 0, 0, 30, 30, 1, 42.03%, 0, 0, 2, 929.64, 3017423, 29
3381, 0, 0, 30, 30, 1, 42.03%, 0, 0, 2, 927.99, 3022103, 29
3386, 0, 0, 30, 30, 1, 42.03%, 0, 0, 2, 924.68, 3026765, 29
3391, 0, 0, 30, 30, 1, 42.03%, 0, 0, 2, 926.27, 3031445, 29
3396, 0, 0, 30, 30, 1, 42.03%, 0, 0, 2, 925.99, 3036125, 29
3401, 0, 0, 30, 30, 1, 42.03%, 0, 0, 2, 926.60, 3040841, 29
3406, 0, 0, 30, 30, 1, 42.03%, 0, 0, 2, 925.06, 3045521, 29
3411, 0, 0, 30, 30, 1, 42.03%, 0, 0, 2, 926.94, 3050201, 29
3416, 0, 0, 30, 30, 1, 42.03%, 0, 0, 2, 926.33, 3054935, 29
3421, 0, 0, 30, 30, 1, 42.03%, 0, 0, 2, 924.72, 3059615, 29
3426, 0, 0, 30, 30, 1, 42.03%, 0, 0, 2, 921.96, 3064295, 29
3431, 0, 0, 30, 30, 1, 42.03%, 0, 0, 2, 926.54, 3069011, 29
3436, 0, 0, 30, 30, 1, 42.03%, 0, 0, 2, 924.10, 3073691, 29
3442, 0, 0, 30, 30, 1, 42.03%, 0, 0, 2, 925.12, 3078371, 29
3447, 0, 0, 30, 30, 1, 42.03%, 0, 0, 2, 930.57, 3083105, 29
3452, 0, 0, 30, 30, 1, 42.03%, 0, 0, 2, 928.70, 3087785, 29
3457, 0, 0, 30, 30, 1, 42.03%, 0, 0, 2, 930.54, 3092465, 29
3462, 0, 0, 30, 30, 1, 42.03%, 0, 0, 2, 930.07, 3097145, 29
3467, 0, 0, 30, 30, 1, 42.03%, 0, 0, 2, 932.61, 3101879, 29
3472, 0, 0, 30, 30, 1, 42.03%, 0, 0, 2, 929.05, 3106559, 29
3477, 0, 0, 30, 30, 1, 42.03%, 0, 0, 2, 932.44, 3111239, 29
3482, 0, 0, 30, 30, 1, 42.03%, 0, 0, 2, 934.21, 3115919, 29
3487, 0, 0, 30, 30, 1, 42.03%, 0, 0, 2, 933.06, 3120671, 29
3492, 0, 0, 30, 30, 1, 42.03%, 0, 0, 2, 934.35, 3125351, 29
3497, 0, 0, 30, 30, 1, 42.03%, 0, 0, 2, 931.03, 3130031, 29
3502, 0, 0, 30, 30, 1, 42.03%, 0, 0, 2, 929.85, 3134711, 29
3507, 0, 0, 30, 30, 1, 42.03%, 0, 0, 2, 932.81, 3139445, 29
3512, 0, 0, 30, 30, 1, 42.03%, 0, 0, 2, 930.68, 3144125, 29
3517, 0, 0, 30, 30, 1, 42.03%, 0, 0, 2, 929.19, 3148805, 29
3522, 0, 0, 30, 30, 1, 42.03%, 0, 0, 2, 929.48, 3153485, 29
3527, 0, 0, 30, 30, 1, 42.03%, 0, 0, 2, 931.79, 3158201, 29
3532, 0, 0, 30, 30, 1, 42.03%, 0, 0, 2, 934.63, 3162881, 29
3538, 0, 0, 30, 30, 1, 42.03%, 0, 0, 2, 937.15, 3167561, 29
3543, 0, 0, 30, 30, 1, 42.03%, 0, 0, 2, 928.60, 3172223, 29
3548, 0, 0, 30, 30, 1, 42.03%, 0, 0, 2, 933.28, 3176975, 29
3553, 0, 0, 30, 30, 1, 42.03%, 0, 0, 2, 931.77, 3181655, 29
3558, 0, 0, 30, 30, 1, 42.03%, 0, 0, 2, 933.33, 3186335, 29
3563, 0, 0, 30, 30, 1, 42.03%, 0, 0, 2, 933.04, 3191015, 29
3568, 0, 0, 30, 30, 1, 42.03%, 0, 0, 2, 934.86, 3195749, 29
3573, 0, 0, 30, 30, 1, 42.03%, 0, 0, 2, 934.08, 3200429, 29
3578, 0, 0, 30, 30, 1, 42.03%, 0, 0, 2, 936.18, 3205109, 29
3583, 0, 0, 30, 30, 1, 42.03%, 0, 0, 2, 925.04, 3209789, 29
3588, 0, 0, 30, 30, 1, 42.03%, 0, 0, 2, 929.98, 3214487, 29
3593, 0, 0, 30, 30, 1, 42.03%, 0, 0, 2, 935.74, 3219167, 29
3598, 0, 0, 30, 30, 1, 42.03%, 0, 0, 2, 935.78, 3223847, 29
3603, 0, 0, 30, 30, 1, 42.03%, 0, 0, 2, 936.05, 3228527, 29
3608, 0, 0, 30, 30, 1, 42.03%, 0, 0, 2, 938.76, 3233279, 29
3613, 0, 0, 30, 30, 1, 42.03%, 0, 0, 2, 932.08, 3237959, 29
3618, 0, 0, 30, 30, 1, 42.03%, 0, 0, 2, 934.92, 3242639, 29
3624, 0, 0, 30, 30, 1, 42.03%, 0, 0, 2, 931.09, 3247355, 29
3629, 0, 0, 30, 30, 1, 42.03%, 0, 0, 2, 930.61, 3252035, 29
3634, 0, 0, 30, 30, 1, 42.03%, 0, 0, 2, 934.04, 3256715, 29
3639, 0, 0, 30, 30, 1, 42.03%, 0, 0, 2, 932.60, 3261467, 29
3644, 0, 0, 30, 30, 1, 42.03%, 0, 0, 2, 935.62, 3266147, 29
3649, 0, 0, 30, 30, 1, 42.03%, 0, 0, 2, 935.06, 3270827, 29
3654, 0, 0, 30, 30, 1, 42.03%, 0, 0, 2, 940.37, 3275561, 29
3659, 0, 0, 30, 30, 1, 42.03%, 0, 0, 2, 937.56, 3280241, 29
3664, 0, 0, 30, 30, 1, 42.03%, 0, 0, 2, 932.28, 3284921, 29
3669, 0, 0, 30, 30, 1, 42.03%, 0, 0, 2, 937.26, 3289601, 29
3674, 0, 0, 30, 30, 1, 42.03%, 0, 0, 2, 938.15, 3294353, 29
3679, 0, 0, 30, 30, 1, 42.03%, 0, 0, 2, 938.53, 3299033, 29
3684, 0, 0, 30, 30, 1, 42.03%, 0, 0, 2, 939.50, 3303713, 29
3689, 0, 0, 30, 30, 1, 42.03%, 0, 0, 2, 940.56, 3308393, 29
3694, 0, 0, 30, 30, 1, 42.03%, 0, 0, 2, 939.17, 3313073, 29
3699, 0, 0, 30, 30, 1, 42.03%, 0, 0, 2, 940.18, 3317825, 29
3704, 0, 0, 30, 30, 1, 42.03%, 0, 0, 2, 937.72, 3322505, 29
3710, 0, 0, 30, 30, 1, 42.03%, 0, 0, 2, 920.37, 3327185, 29
3715, 0, 0, 30, 30, 1, 42.03%, 0, 0, 2, 916.34, 3331865, 29
3720, 0, 0, 30, 30, 1, 42.03%, 0, 0, 2, 915.56, 3336545, 29
3725, 0, 0, 30, 30, 1, 42.03%, 0, 0, 2, 916.49, 3341225, 29
3730, 0, 0, 30, 30, 1, 42.03%, 0, 0, 2, 918.98, 3345941, 29
3735, 0, 0, 30, 30, 1, 42.03%, 0, 0, 2, 921.58, 3350621, 29
3740, 0, 0, 30, 30, 1, 42.03%, 0, 0, 2, 917.35, 3355301, 29
3745, 0, 0, 30, 30, 1, 42.03%, 0, 0, 2, 920.22, 3359981, 29
3750, 0, 0, 30, 30, 1, 42.03%, 0, 0, 2, 919.98, 3364661, 29
3755, 0, 0, 30, 30, 1, 42.03%, 0, 0, 2, 926.20, 3369413, 29
3760, 0, 0, 30, 30, 1, 42.03%, 0, 0, 2, 922.99, 3374093, 29
3765, 0, 0, 30, 30, 1, 42.03%, 0, 0, 2, 921.95, 3378773, 29
3770, 0, 0, 30, 30, 1, 42.03%, 0, 0, 2, 921.16, 3383453, 29
3775, 0, 0, 30, 30, 1, 42.03%, 0, 0, 2, 919.51, 3388133, 29
3780, 0, 0, 30, 30, 1, 42.03%, 0, 0, 2, 925.46, 3392885, 29
3785, 0, 0, 30, 30, 1, 42.03%, 0, 0, 2, 921.35, 3397565, 29
3790, 0, 0, 30, 30, 1, 42.03%, 0, 0, 2, 921.82, 3402245, 29
3795, 0, 0, 30, 30, 1, 42.03%, 0, 0, 2, 918.12, 3406925, 29
3800, 0, 0, 30, 30, 1, 42.03%, 0, 0, 2, 926.56, 3411623, 29
3805, 0, 0, 30, 30, 1, 42.03%, 0, 0, 2, 928.43, 3416303, 29
3810, 0, 0, 30, 30, 1, 42.03%, 0, 0, 2, 926.93, 3420983, 29
3816, 0, 0, 30, 30, 1, 42.03%, 0, 0, 2, 930.99, 3425681, 29
3821, 0, 0, 30, 30, 1, 42.03%, 0, 0, 2, 929.22, 3430361, 29
3826, 0, 0, 30, 30, 1, 42.03%, 0, 0, 2, 932.86, 3435041, 29
3831, 0, 0, 30, 30, 1, 42.03%, 0, 0, 2, 932.95, 3439721, 29
3836, 0, 0, 30, 30, 1, 42.03%, 0, 0, 2, 935.49, 3444473, 29
3841, 0, 0, 30, 30, 1, 42.03%, 0, 0, 2, 931.45, 3449153, 29
3846, 0, 0, 30, 30, 1, 42.03%, 0, 0, 2, 925.92, 3453815, 29
3851, 0, 0, 30, 30, 1, 42.03%, 0, 0, 2, 931.37, 3458567, 29
3856, 0, 0, 30, 30, 1, 42.03%, 0, 0, 2, 931.97, 3463247, 29
3861, 0, 0, 30, 30, 1, 42.03%, 0, 0, 2, 934.61, 3467927, 29
3866, 0, 0, 30, 30, 1, 42.03%, 0, 0, 2, 937.64, 3472607, 29
3871, 0, 0, 30, 30, 1, 42.03%, 0, 0, 2, 939.59, 3477359, 29
3876, 0, 0, 30, 30, 1, 42.03%, 0, 0, 2, 932.93, 3482039, 29
3881, 0, 0, 30, 30, 1, 42.03%, 0, 0, 2, 936.11, 3486719, 29
3886, 0, 0, 30, 30, 1, 42.03%, 0, 0, 2, 932.67, 3491399, 29
3891, 0, 0, 30, 30, 1, 42.03%, 0, 0, 2, 938.24, 3496151, 29
3896, 0, 0, 30, 30, 1, 42.03%, 0, 0, 2, 934.25, 3500831, 29
3901, 0, 0, 30, 30, 1, 42.03%, 0, 0, 2, 928.34, 3505493, 29
3907, 0, 0, 30, 30, 1, 42.03%, 0, 0, 2, 931.67, 3510245, 29
3912, 0, 0, 30, 30, 1, 42.03%, 0, 0, 2, 932.27, 3514925, 29
3917, 0, 0, 30, 30, 1, 42.03%, 0, 0, 2, 932.45, 3519587, 29
3922, 0, 0, 30, 30, 1, 42.03%, 0, 0, 2, 935.31, 3524339, 29
3927, 0, 0, 30, 30, 1, 42.03%, 0, 0, 2, 932.77, 3529019, 29
3932, 0, 0, 30, 30, 1, 42.03%, 0, 0, 2, 932.50, 3533699, 29
3937, 0, 0, 30, 30, 1, 42.03%, 0, 0, 2, 937.20, 3538433, 29
3942, 0, 0, 30, 30, 1, 42.03%, 0, 0, 2, 935.04, 3543113, 29
3947, 0, 0, 30, 30, 1, 42.03%, 0, 0, 2, 934.83, 3547793, 29
3952, 0, 0, 30, 30, 1, 42.03%, 0, 0, 2, 936.24, 3552545, 29
3957, 0, 0, 30, 30, 1, 42.03%, 0, 0, 2, 937.75, 3557225, 29
3962, 0, 0, 30, 30, 1, 42.03%, 0, 0, 2, 933.75, 3561905, 29
3967, 0, 0, 30, 30, 1, 42.03%, 0, 0, 2, 937.17, 3566585, 29
3972, 0, 0, 30, 30, 1, 42.03%, 0, 0, 2, 936.76, 3571337, 29
3977, 0, 0, 30, 30, 1, 42.03%, 0, 0, 2, 938.09, 3576017, 29
3983, 0, 0, 30, 30, 1, 42.03%, 0, 0, 2, 937.06, 3580697, 29
3988, 0, 0, 30, 30, 1, 42.03%, 0, 0, 2, 937.85, 3585377, 29
3993, 0, 0, 30, 30, 1, 42.03%, 0, 0, 2, 941.68, 3590129, 29
3998, 0, 0, 30, 30, 1, 42.03%, 0, 0, 2, 937.08, 3594809, 29
4003, 0, 0, 30, 30, 1, 42.03%, 0, 0, 2, 917.17, 3599489, 29
4008, 0, 0, 30, 30, 1, 42.03%, 0, 0, 2, 911.63, 3604169, 29
4013, 0, 0, 30, 30, 1, 42.03%, 0, 0, 2, 910.37, 3608849, 29
4018, 0, 0, 30, 30, 1, 42.03%, 0, 0, 2, 893.38, 3613486, 29
4023, 0, 0, 30, 30, 1, 42.03%, 0, 0, 2, 906.81, 3618155, 29
4028, 0, 0, 30, 30, 1, 42.03%, 0, 0, 2, 918.46, 3622871, 29
4033, 0, 0, 30, 30, 1, 42.03%, 0, 0, 2, 920.87, 3627551, 29
4038, 0, 0, 30, 30, 1, 42.03%, 0, 0, 2, 918.68, 3632231, 29
4043, 0, 0, 30, 30, 1, 42.03%, 0, 0, 2, 920.60, 3636911, 29
4048, 0, 0, 30, 30, 1, 42.03%, 0, 0, 2, 922.61, 3641591, 29
4053, 0, 0, 30, 30, 1, 42.03%, 0, 0, 2, 923.22, 3646307, 29
4058, 0, 0, 30, 30, 1, 42.03%, 0, 0, 2, 920.36, 3650987, 29
4064, 0, 0, 30, 30, 1, 42.03%, 0, 0, 2, 929.40, 3655703, 29
4069, 0, 0, 30, 30, 1, 42.03%, 0, 0, 2, 928.44, 3660401, 29
4074, 0, 0, 30, 30, 1, 42.03%, 0, 0, 2, 929.58, 3665153, 29
4079, 0, 0, 30, 30, 1, 42.03%, 0, 0, 2, 922.34, 3669833, 29
4084, 0, 0, 30, 30, 1, 42.03%, 0, 0, 2, 915.71, 3674513, 29
4089, 0, 0, 30, 30, 1, 42.03%, 0, 0, 2, 922.52, 3679211, 29
4094, 0, 0, 30, 30, 1, 42.03%, 0, 0, 2, 926.80, 3683927, 29
4099, 0, 0, 30, 30, 1, 42.03%, 0, 0, 2, 926.03, 3688661, 29
4104, 0, 0, 30, 30, 1, 42.03%, 0, 0, 2, 928.39, 3693359, 29
4109, 0, 0, 30, 30, 1, 42.03%, 0, 0, 2, 917.55, 3697949, 29
4114, 0, 0, 30, 30, 1, 42.03%, 0, 0, 2, 924.13, 3702629, 29
4119, 0, 0, 30, 30, 1, 42.03%, 0, 0, 2, 931.03, 3707363, 29
4124, 0, 0, 30, 30, 1, 42.03%, 0, 0, 2, 924.34, 3712061, 29
4129, 0, 0, 30, 30, 1, 42.03%, 0, 0, 2, 918.93, 3716705, 29
4134, 0, 0, 30, 30, 1, 42.03%, 0, 0, 2, 922.62, 3721403, 29
4140, 0, 0, 30, 30, 1, 42.03%, 0, 0, 2, 925.05, 3726101, 29
4145, 0, 0, 30, 30, 1, 42.03%, 0, 0, 2, 929.47, 3730799, 29
4150, 0, 0, 30, 30, 1, 42.03%, 0, 0, 2, 933.19, 3735497, 29
4155, 0, 0, 30, 30, 1, 42.03%, 0, 0, 2, 933.84, 3740249, 29
4160, 0, 0, 30, 30, 1, 42.03%, 0, 0, 2, 926.42, 3744947, 29
4165, 0, 0, 30, 30, 1, 42.03%, 0, 0, 2, 915.72, 3749609, 29
4170, 0, 0, 30, 30, 1, 42.03%, 0, 0, 2, 931.83, 3754307, 29
4175, 0, 0, 30, 30, 1, 42.03%, 0, 0, 2, 932.45, 3759005, 29
4180, 0, 0, 30, 30, 1, 42.03%, 0, 0, 2, 929.29, 3763703, 29
4185, 0, 0, 30, 30, 1, 42.03%, 0, 0, 2, 926.02, 3768383, 29
4190, 0, 0, 30, 30, 1, 42.03%, 0, 0, 2, 925.58, 3773081, 29
4195, 0, 0, 30, 30, 1, 42.03%, 0, 0, 2, 929.08, 3777779, 29
4200, 0, 0, 30, 30, 1, 42.03%, 0, 0, 2, 930.40, 3782495, 29
4205, 0, 0, 30, 30, 1, 42.03%, 0, 0, 2, 933.58, 3787229, 29
4210, 0, 0, 30, 30, 1, 42.03%, 0, 0, 2, 932.43, 3791891, 29
4215, 0, 0, 30, 30, 1, 42.03%, 0, 0, 2, 928.42, 3796571, 29
4220, 0, 0, 30, 30, 1, 42.03%, 0, 0, 2, 930.30, 3801251, 29
4226, 0, 0, 30, 30, 1, 42.03%, 0, 0, 2, 935.12, 3806003, 29
4231, 0, 0, 30, 30, 1, 42.03%, 0, 0, 2, 931.38, 3810665, 29
4236, 0, 0, 30, 30, 1, 42.03%, 0, 0, 2, 928.56, 3815363, 29
4241, 0, 0, 30, 30, 1, 42.03%, 0, 0, 2, 929.29, 3820061, 29
4246, 0, 0, 30, 30, 1, 42.03%, 0, 0, 2, 932.98, 3824795, 29
4251, 0, 0, 30, 30, 1, 42.03%, 0, 0, 2, 929.51, 3829493, 29
4256, 0, 0, 30, 30, 1, 42.03%, 0, 0, 2, 932.23, 3834191, 29
4261, 0, 0, 30, 30, 1, 42.03%, 0, 0, 2, 936.30, 3838925, 29
4266, 0, 0, 30, 30, 1, 42.03%, 0, 0, 2, 932.08, 3843623, 29
4271, 0, 0, 30, 30, 1, 42.03%, 0, 0, 2, 932.65, 3848321, 29
4276, 0, 0, 30, 30, 1, 42.03%, 0, 0, 2, 932.96, 3853073, 29
4281, 0, 0, 30, 30, 1, 42.03%, 0, 0, 2, 930.12, 3857771, 29
4286, 0, 0, 30, 30, 1, 42.03%, 0, 0, 2, 924.70, 3862433, 29
4291, 0, 0, 30, 30, 1, 42.03%, 0, 0, 2, 931.15, 3867149, 29
4296, 0, 0, 30, 30, 1, 42.03%, 0, 0, 2, 922.44, 3871811, 29
4302, 0, 0, 30, 30, 1, 42.03%, 0, 0, 2, 928.88, 3876509, 29
4307, 0, 0, 30, 30, 1, 42.03%, 0, 0, 2, 937.87, 3881225, 29
4312, 0, 0, 30, 30, 1, 42.03%, 0, 0, 2, 934.98, 3885905, 29
4317, 0, 0, 30, 30, 1, 42.03%, 0, 0, 2, 930.35, 3890585, 29
4322, 0, 0, 30, 30, 1, 42.03%, 0, 0, 2, 929.74, 3895247, 29
4327, 0, 0, 30, 30, 1, 42.03%, 0, 0, 2, 930.00, 3899963, 29
4332, 0, 0, 30, 30, 1, 42.03%, 0, 0, 2, 927.63, 3904661, 29
4337, 0, 0, 30, 30, 1, 42.03%, 0, 0, 2, 931.55, 3909359, 29
4342, 0, 0, 30, 30, 1, 42.03%, 0, 0, 2, 931.43, 3914057, 29
4347, 0, 0, 30, 30, 1, 42.03%, 0, 0, 2, 933.62, 3918755, 29
4352, 0, 0, 30, 30, 1, 42.03%, 0, 0, 2, 931.79, 3923417, 29
4357, 0, 0, 30, 30, 1, 42.03%, 0, 0, 2, 931.04, 3928115, 29
4362, 0, 0, 30, 30, 1, 42.03%, 0, 0, 2, 932.34, 3932831, 29
4367, 0, 0, 30, 30, 1, 42.03%, 0, 0, 2, 929.83, 3937493, 29
4372, 0, 0, 30, 30, 1, 42.03%, 0, 0, 2, 933.82, 3942191, 29
4377, 0, 0, 30, 30, 1, 42.03%, 0, 0, 2, 934.47, 3946889, 29
4382, 0, 0, 30, 30, 1, 42.03%, 0, 0, 2, 928.18, 3951533, 29
4388, 0, 0, 30, 30, 1, 42.03%, 0, 0, 2, 933.01, 3956231, 29
4393, 0, 0, 30, 30, 1, 42.03%, 0, 0, 2, 930.94, 3960983, 29
4398, 0, 0, 30, 30, 1, 42.03%, 0, 0, 2, 935.86, 3965699, 29
4403, 0, 0, 30, 30, 1, 42.03%, 0, 0, 2, 917.90, 3970325, 29
4408, 0, 0, 30, 30, 1, 42.03%, 0, 0, 2, 913.90, 3975023, 29
4413, 0, 0, 30, 30, 1, 42.03%, 0, 0, 2, 920.32, 3979775, 29
4418, 0, 0, 30, 30, 1, 42.03%, 0, 0, 2, 923.84, 3984473, 29
4423, 0, 0, 30, 30, 1, 42.03%, 0, 0, 2, 919.65, 3989171, 29
4428, 0, 0, 30, 30, 1, 42.03%, 0, 0, 2, 920.38, 3993905, 29
4433, 0, 0, 30, 30, 1, 42.03%, 0, 0, 2, 918.23, 3998603, 29
4438, 0, 0, 30, 30, 1, 42.03%, 0, 0, 2, 923.66, 4003355, 29
4443, 0, 0, 30, 30, 1, 42.03%, 0, 0, 2, 922.56, 4008053, 29
4449, 0, 0, 30, 30, 1, 42.03%, 0, 0, 2, 923.09, 4012751, 29
4454, 0, 0, 30, 30, 1, 42.03%, 0, 0, 2, 925.74, 4017503, 29
4459, 0, 0, 30, 30, 1, 42.03%, 0, 0, 2, 924.28, 4022201, 29
4464, 0, 0, 30, 30, 1, 42.03%, 0, 0, 2, 923.69, 4026899, 29
4469, 0, 0, 30, 30, 1, 42.03%, 0, 0, 2, 920.89, 4031615, 29
4474, 0, 0, 30, 30, 1, 42.03%, 0, 0, 2, 926.47, 4036313, 29
4479, 0, 0, 30, 30, 1, 42.03%, 0, 0, 2, 921.23, 4041011, 29
4484, 0, 0, 30, 30, 1, 42.03%, 0, 0, 2, 919.75, 4045709, 29
4489, 0, 0, 30, 30, 1, 42.03%, 0, 0, 2, 923.63, 4050407, 29
4494, 0, 0, 30, 30, 1, 42.03%, 0, 0, 2, 924.81, 4055087, 29
4499, 0, 0, 30, 30, 1, 42.03%, 0, 0, 2, 925.87, 4059803, 29
4504, 0, 0, 30, 30, 1, 42.03%, 0, 0, 2, 921.54, 4064501, 29
4509, 0, 0, 30, 30, 1, 42.03%, 0, 0, 2, 925.00, 4069235, 29
4515, 0, 0, 30, 30, 1, 42.03%, 0, 0, 2, 927.86, 4073933, 29
4520, 0, 0, 30, 30, 1, 42.03%, 0, 0, 2, 924.03, 4078613, 29
4525, 0, 0, 30, 30, 1, 42.03%, 0, 0, 2, 926.09, 4083365, 29
4530, 0, 0, 30, 30, 1, 42.03%, 0, 0, 2, 926.90, 4088045, 29
4535, 0, 0, 30, 30, 1, 42.03%, 0, 0, 2, 921.40, 4092725, 29
4540, 0, 0, 30, 30, 1, 42.03%, 0, 0, 2, 927.19, 4097423, 29
4545, 0, 0, 30, 30, 1, 42.03%, 0, 0, 2, 929.14, 4102121, 29
4550, 0, 0, 30, 30, 1, 42.03%, 0, 0, 2, 925.59, 4106801, 29
4555, 0, 0, 30, 30, 1, 42.03%, 0, 0, 2, 932.95, 4111499, 29
4560, 0, 0, 30, 30, 1, 42.03%, 0, 0, 2, 924.92, 4116125, 29
4565, 0, 0, 30, 30, 1, 42.03%, 0, 0, 2, 930.17, 4120877, 29
4570, 0, 0, 30, 30, 1, 42.03%, 0, 0, 2, 927.30, 4125557, 29
4575, 0, 0, 30, 30, 1, 42.03%, 0, 0, 2, 922.50, 4130219, 29
4580, 0, 0, 30, 30, 1, 42.03%, 0, 0, 2, 922.19, 4134881, 29
4585, 0, 0, 30, 30, 1, 42.03%, 0, 0, 2, 928.98, 4139579, 29
4590, 0, 0, 30, 30, 1, 42.03%, 0, 0, 2, 927.00, 4144259, 29
4596, 0, 0, 30, 30, 1, 42.03%, 0, 0, 2, 930.21, 4148993, 29
4601, 0, 0, 30, 30, 1, 42.03%, 0, 0, 2, 928.76, 4153691, 29
4606, 0, 0, 30, 30, 1, 42.03%, 0, 0, 2, 926.87, 4158389, 29
4611, 0, 0, 30, 30, 1, 42.03%, 0, 0, 2, 932.21, 4163087, 29
4616, 0, 0, 30, 30, 1, 42.03%, 0, 0, 2, 930.53, 4167785, 29
4621, 0, 0, 30, 30, 1, 42.03%, 0, 0, 2, 925.65, 4172465, 29
4626, 0, 0, 30, 30, 1, 42.03%, 0, 0, 2, 925.36, 4177163, 29
4631, 0, 0, 30, 30, 1, 42.03%, 0, 0, 2, 922.00, 4181843, 29
4636, 0, 0, 30, 30, 1, 42.03%, 0, 0, 2, 931.17, 4186577, 29
4641, 0, 0, 30, 30, 1, 42.03%, 0, 0, 2, 925.58, 4191257, 29
4646, 0, 0, 30, 30, 1, 42.03%, 0, 0, 2, 924.48, 4195919, 29
4651, 0, 0, 30, 30, 1, 42.03%, 0, 0, 2, 931.53, 4200617, 29
4656, 0, 0, 30, 30, 1, 42.03%, 0, 0, 2, 932.54, 4205315, 29
4661, 0, 0, 30, 30, 1, 42.03%, 0, 0, 2, 924.29, 4209977, 29
4667, 0, 0, 30, 30, 1, 42.03%, 0, 0, 2, 930.49, 4214675, 29
4672, 0, 0, 30, 30, 1, 42.03%, 0, 0, 2, 930.22, 4219373, 29
4677, 0, 0, 30, 30, 1, 42.03%, 0, 0, 2, 930.38, 4224053, 29
4682, 0, 0, 30, 30, 1, 42.03%, 0, 0, 2, 928.97, 4228787, 29
4687, 0, 0, 30, 30, 1, 42.03%, 0, 0, 2, 925.77, 4233449, 29
4692, 0, 0, 30, 30, 1, 42.03%, 0, 0, 2, 926.57, 4238165, 29
4697, 0, 0, 30, 30, 1, 42.03%, 0, 0, 2, 934.84, 4242863, 29
4702, 0, 0, 30, 30, 1, 42.03%, 0, 0, 2, 935.04, 4247543, 29
4707, 0, 0, 30, 30, 1, 42.03%, 0, 0, 2, 931.63, 4252205, 29
4712, 0, 0, 30, 30, 1, 42.03%, 0, 0, 2, 932.36, 4256957, 29
4717, 0, 0, 30, 30, 1, 42.03%, 0, 0, 2, 927.77, 4261619, 29
4722, 0, 0, 30, 30, 1, 42.03%, 0, 0, 2, 932.50, 4266353, 29
4727, 0, 0, 30, 30, 1, 42.03%, 0, 0, 2, 935.10, 4271051, 29
4733, 0, 0, 30, 30, 1, 42.03%, 0, 0, 2, 929.92, 4275731, 29
4738, 0, 0, 30, 30, 1, 42.03%, 0, 0, 2, 935.10, 4280465, 29
4743, 0, 0, 30, 30, 1, 42.03%, 0, 0, 2, 938.09, 4285181, 29
4748, 0, 0, 30, 30, 1, 42.03%, 0, 0, 2, 914.74, 4289825, 29
4753, 0, 0, 30, 30, 1, 42.03%, 0, 0, 2, 910.69, 4294505, 29
4758, 0, 0, 30, 30, 1, 42.03%, 0, 0, 2, 910.82, 4299203, 29
4763, 0, 0, 30, 30, 1, 42.03%, 0, 0, 2, 910.53, 4303865, 29
4768, 0, 0, 30, 30, 1, 42.03%, 0, 0, 2, 922.59, 4308617, 29
4773, 0, 0, 30, 30, 1, 42.03%, 0, 0, 2, 923.85, 4313315, 29
4778, 0, 0, 30, 30, 1, 42.03%, 0, 0, 2, 925.97, 4318013, 29
4783, 0, 0, 30, 30, 1, 42.03%, 0, 0, 2, 921.07, 4322693, 29
4788, 0, 0, 30, 30, 1, 42.03%, 0, 0, 2, 920.43, 4327409, 29
4793, 0, 0, 30, 30, 1, 42.03%, 0, 0, 2, 920.38, 4332089, 29
4799, 0, 0, 30, 30, 1, 42.03%, 0, 0, 2, 916.92, 4336751, 29
4804, 0, 0, 30, 30, 1, 42.03%, 0, 0, 2, 917.30, 4341449, 29
4809, 0, 0, 30, 30, 1, 42.03%, 0, 0, 2, 921.83, 4346111, 29
4814, 0, 0, 30, 30, 1, 42.03%, 0, 0, 2, 917.62, 4350773, 29
4819, 0, 0, 30, 30, 1, 42.03%, 0, 0, 2, 918.92, 4355489, 29
4824, 0, 0, 30, 30, 1, 42.03%, 0, 0, 2, 912.96, 4360169, 29
4829, 0, 0, 30, 30, 1, 42.03%, 0, 0, 2, 922.41, 4364903, 29
4834, 0, 0, 30, 30, 1, 42.03%, 0, 0, 2, 923.40, 4369565, 29
4839, 0, 0, 30, 30, 1, 42.03%, 0, 0, 2, 917.62, 4374227, 29
4844, 0, 0, 30, 30, 1, 42.03%, 0, 0, 2, 921.36, 4378943, 29
4849, 0, 0, 30, 30, 1, 42.03%, 0, 0, 2, 916.61, 4383587, 29
4854, 0, 0, 30, 30, 1, 42.03%, 0, 0, 2, 924.57, 4388285, 29
4859, 0, 0, 30, 30, 1, 42.03%, 0, 0, 2, 928.63, 4393037, 29
4865, 0, 0, 30, 30, 1, 42.03%, 0, 0, 2, 928.50, 4397717, 29
4870, 0, 0, 30, 30, 1, 42.03%, 0, 0, 2, 925.35, 4402415, 29
4875, 0, 0, 30, 30, 1, 42.03%, 0, 0, 2, 919.34, 4407095, 29
4880, 0, 0, 30, 30, 1, 42.03%, 0, 0, 2, 923.65, 4411775, 29
4885, 0, 0, 30, 30, 1, 42.03%, 0, 0, 2, 923.16, 4416419, 29
4890, 0, 0, 30, 30, 1, 42.03%, 0, 0, 2, 923.66, 4421117, 29
4895, 0, 0, 30, 30, 1, 42.03%, 0, 0, 2, 926.46, 4425815, 29
4900, 0, 0, 30, 30, 1, 42.03%, 0, 0, 2, 926.36, 4430513, 29
4905, 0, 0, 30, 30, 1, 42.03%, 0, 0, 2, 930.00, 4435229, 29
4910, 0, 0, 30, 30, 1, 42.03%, 0, 0, 2, 921.70, 4439891, 29
4915, 0, 0, 30, 30, 1, 42.03%, 0, 0, 2, 929.37, 4444625, 29
4920, 0, 0, 30, 30, 1, 42.03%, 0, 0, 2, 929.58, 4449323, 29
4925, 0, 0, 30, 30, 1, 42.03%, 0, 0, 2, 931.45, 4454003, 29
4931, 0, 0, 30, 30, 1, 42.03%, 0, 0, 2, 931.90, 4458737, 29
4936, 0, 0, 30, 30, 1, 42.03%, 0, 0, 2, 929.12, 4463435, 29
4941, 0, 0, 30, 30, 1, 42.03%, 0, 0, 2, 925.96, 4468133, 29
4946, 0, 0, 30, 30, 1, 42.03%, 0, 0, 2, 930.20, 4472849, 29
4951, 0, 0, 30, 30, 1, 42.03%, 0, 0, 2, 920.96, 4477475, 29
4956, 0, 0, 30, 30, 1, 42.03%, 0, 0, 2, 928.08, 4482173, 29
4961, 0, 0, 30, 30, 1, 42.03%, 0, 0, 2, 922.40, 4486817, 29
4966, 0, 0, 30, 30, 1, 42.03%, 0, 0, 2, 929.29, 4491497, 29
4971, 0, 0, 30, 30, 1, 42.03%, 0, 0, 2, 925.16, 4496177, 29
4976, 0, 0, 30, 30, 1, 42.03%, 0, 0, 2, 916.71, 4500893, 29
4981, 0, 0, 30, 30, 1, 42.03%, 0, 0, 2, 923.81, 4505555, 29
4986, 0, 0, 30, 30, 1, 42.03%, 0, 0, 2, 923.87, 4510235, 29
4991, 0, 0, 30, 30, 1, 42.03%, 0, 0, 2, 918.01, 4514861, 29
4996, 0, 0, 30, 30, 1, 42.03%, 0, 0, 2, 928.01, 4519559, 29
5002, 0, 0, 30, 30, 1, 42.03%, 0, 0, 2, 919.80, 4524239, 29
5007, 0, 0, 30, 30, 1, 42.03%, 0, 0, 2, 928.37, 4528919, 29
5012, 0, 0, 30, 30, 1, 42.03%, 0, 0, 2, 925.06, 4533581, 29
5017, 0, 0, 30, 30, 1, 42.03%, 0, 0, 2, 928.10, 4538315, 29
5022, 0, 0, 30, 30, 1, 42.03%, 0, 0, 2, 931.99, 4543031, 29
5027, 0, 0, 30, 30, 1, 42.03%, 0, 0, 2, 929.99, 4547783, 29
5032, 0, 0, 30, 30, 1, 42.03%, 0, 0, 2, 924.21, 4552463, 29
5037, 0, 0, 30, 30, 1, 42.03%, 0, 0, 2, 922.75, 4557179, 29
5042, 0, 0, 30, 30, 1, 42.03%, 0, 0, 2, 916.04, 4561859, 29
5047, 0, 0, 30, 30, 1, 42.03%, 0, 0, 2, 913.61, 4566521, 29
5052, 0, 0, 30, 30, 1, 42.03%, 0, 0, 2, 913.89, 4571201, 29
5058, 0, 0, 30, 30, 1, 42.03%, 0, 0, 2, 915.74, 4575881, 29
5063, 0, 0, 30, 30, 1, 42.03%, 0, 0, 2, 912.92, 4580543, 29
5068, 0, 0, 30, 30, 1, 42.03%, 0, 0, 2, 903.90, 4585151, 29
5073, 0, 0, 30, 30, 1, 42.03%, 0, 0, 2, 913.86, 4589849, 29
5078, 0, 0, 30, 30, 1, 42.03%, 0, 0, 2, 914.79, 4594547, 29
5083, 0, 0, 30, 30, 1, 42.03%, 0, 0, 2, 923.87, 4599299, 29
5088, 0, 0, 30, 30, 1, 42.03%, 0, 0, 2, 921.98, 4603979, 29
5093, 0, 0, 30, 30, 1, 42.03%, 0, 0, 2, 921.33, 4608641, 29
5098, 0, 0, 30, 30, 1, 42.03%, 0, 0, 2, 923.76, 4613393, 29
5103, 0, 0, 30, 30, 1, 42.03%, 0, 0, 2, 915.85, 4618037, 29
5108, 0, 0, 30, 30, 1, 42.03%, 0, 0, 2, 908.52, 4622663, 29
5113, 0, 0, 30, 30, 1, 42.03%, 0, 0, 2, 915.58, 4627343, 29
5118, 0, 0, 30, 30, 1, 42.03%, 0, 0, 2, 919.83, 4632023, 29
5124, 0, 0, 30, 30, 1, 42.03%, 0, 0, 2, 918.27, 4636703, 29
5129, 0, 0, 30, 30, 1, 42.03%, 0, 0, 2, 922.40, 4641419, 29
5134, 0, 0, 30, 30, 1, 42.03%, 0, 0, 2, 920.78, 4646081, 29
5139, 0, 0, 30, 30, 1, 42.03%, 0, 0, 2, 925.02, 4650779, 29
5144, 0, 0, 30, 30, 1, 42.03%, 0, 0, 2, 928.96, 4655459, 29
5149, 0, 0, 30, 30, 1, 42.03%, 0, 0, 2, 922.37, 4660157, 29
5154, 0, 0, 30, 30, 1, 42.03%, 0, 0, 2, 923.31, 4664855, 29
5159, 0, 0, 30, 30, 1, 42.03%, 0, 0, 2, 924.64, 4669553, 29
5164, 0, 0, 30, 30, 1, 42.03%, 0, 0, 2, 922.12, 4674251, 29
5169, 0, 0, 30, 30, 1, 42.03%, 0, 0, 2, 922.70, 4678949, 29
5174, 0, 0, 30, 30, 1, 42.03%, 0, 0, 2, 923.86, 4683665, 29
5179, 0, 0, 30, 30, 1, 42.03%, 0, 0, 2, 916.00, 4688291, 29
5184, 0, 0, 30, 30, 1, 42.03%, 0, 0, 2, 927.48, 4692971, 29
5189, 0, 0, 30, 30, 1, 42.03%, 0, 0, 2, 926.78, 4697669, 29
5194, 0, 0, 30, 30, 1, 42.03%, 0, 0, 2, 915.44, 4702313, 29
5200, 0, 0, 30, 30, 1, 42.03%, 0, 0, 2, 921.29, 4706993, 29
5205, 0, 0, 30, 30, 1, 42.03%, 0, 0, 2, 927.49, 4711745, 29
5210, 0, 0, 30, 30, 1, 42.03%, 0, 0, 2, 927.67, 4716425, 29
5215, 0, 0, 30, 30, 1, 42.03%, 0, 0, 2, 924.68, 4721087, 29
5220, 0, 0, 30, 30, 1, 42.03%, 0, 0, 2, 926.89, 4725785, 29
5225, 0, 0, 30, 30, 1, 42.03%, 0, 0, 2, 923.14, 4730447, 29
5230, 0, 0, 30, 30, 1, 42.03%, 0, 0, 2, 925.47, 4735145, 29
5235, 0, 0, 30, 30, 1, 42.03%, 0, 0, 2, 928.18, 4739861, 29
5240, 0, 0, 30, 30, 1, 42.03%, 0, 0, 2, 923.06, 4744541, 29
5245, 0, 0, 30, 30, 1, 42.03%, 0, 0, 2, 922.01, 4749239, 29
5250, 0, 0, 30, 30, 1, 42.03%, 0, 0, 2, 929.47, 4753955, 29
5255, 0, 0, 30, 30, 1, 42.03%, 0, 0, 2, 926.52, 4758635, 29
5261, 0, 0, 30, 30, 1, 42.03%, 0, 0, 2, 933.68, 4763369, 29
5266, 0, 0, 30, 30, 1, 42.03%, 0, 0, 2, 924.91, 4768049, 29
5271, 0, 0, 30, 30, 1, 42.03%, 0, 0, 2, 917.12, 4772711, 29
5276, 0, 0, 30, 30, 1, 42.03%, 0, 0, 2, 921.63, 4777373, 29
5281, 0, 0, 30, 30, 1, 42.03%, 0, 0, 2, 918.00, 4781999, 29
5286, 0, 0, 30, 30, 1, 42.03%, 0, 0, 2, 931.61, 4786751, 29
5291, 0, 0, 30, 30, 1, 42.03%, 0, 0, 2, 930.31, 4791395, 29
5296, 0, 0, 30, 30, 1, 42.03%, 0, 0, 2, 922.04, 4796039, 29
5301, 0, 0, 30, 30, 1, 42.03%, 0, 0, 2, 924.21, 4800683, 29
5306, 0, 0, 30, 30, 1, 42.03%, 0, 0, 2, 928.79, 4805399, 29
5311, 0, 0, 30, 30, 1, 42.03%, 0, 0, 2, 927.96, 4810079, 29
5316, 0, 0, 30, 30, 1, 42.03%, 0, 0, 2, 926.37, 4814759, 29
5321, 0, 0, 30, 30, 1, 42.03%, 0, 0, 2, 934.90, 4819493, 29
5326, 0, 26, 35, 31, 5, 42.03%, 0, 0, 3, 920.50, 4824084, 29
5331, 0, 44, 50, 37, 0, 42.03%, 0, 0, 4, 934.83, 4828774, 29
5337, 0, 48, 57, 44, 0, 42.03%, 1, 0, 5, 905.82, 4833564, 29
5337, 0, 48, 57, 44, 0, 42.03%, 1, 0, 5, 0.00, 4833564, 29
