# relative_time, cycles_done, cur_item, corpus_count, pending_total, pending_favs, map_size, saved_crashes, saved_hangs, max_depth, execs_per_sec, total_execs, edges_found
62, 0, 0, 11, 10, 0, 23.19%, 0, 0, 2, 0.83, 2515, 16
93, 0, 0, 11, 10, 0, 23.19%, 0, 0, 2, 0.31, 3543, 16
98, 0, 0, 11, 10, 0, 23.19%, 0, 0, 2, 254.76, 4801, 16
121, 0, 0, 11, 10, 0, 23.19%, 0, 0, 2, 2.29, 5246, 16
126, 0, 0, 11, 10, 0, 23.19%, 0, 0, 2, 115.56, 6495, 16
151, 0, 0, 11, 10, 0, 23.19%, 0, 0, 2, 0.08, 6553, 16
156, 0, 2, 11, 8, 0, 23.19%, 0, 0, 2, 238.36, 7831, 16
177, 0, 2, 11, 8, 0, 23.19%, 0, 0, 2, 1.95, 7915, 16
182, 0, 12, 13, 9, 0, 24.64%, 0, 0, 3, 246.67, 9174, 17
203, 0, 12, 15, 11, 0, 24.64%, 0, 0, 4, 1.01, 9434, 17
208, 0, 2, 15, 11, 0, 24.64%, 0, 0, 4, 263.29, 10736, 17
230, 0, 5, 15, 11, 0, 24.64%, 0, 0, 4, 2.32, 11145, 17
236, 0, 0, 16, 12, 0, 24.64%, 0, 0, 4, 257.88, 12481, 17
259, 1, 2, 16, 12, 0, 24.64%, 0, 0, 4, 2.35, 12715, 17
264, 1, 15, 16, 12, 0, 24.64%, 0, 0, 4, 292.38, 14178, 17
286, 1, 16, 17, 11, 0, 26.09%, 0, 0, 4, 1.05, 14725, 18
291, 1, 16, 18, 12, 0, 26.09%, 0, 0, 4, 267.00, 16062, 18
303, 1, 16, 19, 13, 0, 26.09%, 0, 0, 4, 2.36, 16769, 18
320, 1, 16, 19, 13, 0, 26.09%, 0, 0, 4, 0.35, 16771, 18
325, 1, 16, 20, 14, 0, 27.54%, 0, 0, 4, 295.95, 18351, 19
351, 1, 16, 20, 14, 0, 27.54%, 0, 0, 4, 2.29, 18966, 19
356, 1, 16, 23, 17, 0, 34.78%, 0, 0, 4, 239.65, 20176, 24
382, 1, 16, 23, 17, 0, 34.78%, 0, 0, 4, 1.89, 20762, 24
387, 1, 16, 23, 17, 0, 34.78%, 0, 0, 4, 317.67, 22372, 24
400, 1, 16, 23, 17, 0, 34.78%, 0, 0, 4, 3.63, 22984, 24
409, 1, 16, 23, 17, 0, 34.78%, 0, 0, 4, 3.73, 23356, 24
419, 1, 16, 23, 17, 0, 34.78%, 0, 0, 4, 0.55, 23362, 24
425, 1, 21, 28, 21, 3, 37.68%, 0, 0, 5, 349.35, 25151, 26
445, 1, 21, 28, 21, 3, 37.68%, 0, 0, 5, 0.64, 25649, 26
450, 1, 21, 28, 21, 3, 37.68%, 0, 0, 5, 334.80, 27419, 26
471, 1, 21, 29, 22, 3, 37.68%, 0, 0, 5, 0.98, 28026, 26
476, 1, 21, 33, 26, 3, 39.13%, 0, 0, 5, 335.21, 29795, 27
488, 1, 21, 33, 26, 3, 39.13%, 0, 0, 5, 3.51, 30035, 27
505, 1, 21, 33, 26, 3, 39.13%, 0, 0, 5, 3.40, 31577, 27
510, 1, 21, 33, 26, 3, 39.13%, 0, 0, 5, 313.05, 33329, 27
526, 1, 21, 33, 26, 3, 39.13%, 0, 0, 5, 3.98, 34139, 27
531, 1, 21, 34, 27, 3, 39.13%, 0, 0, 5, 352.59, 35960, 27
548, 1, 21, 35, 28, 3, 39.13%, 0, 0, 5, 2.31, 36823, 27
553, 1, 26, 41, 32, 4, 42.03%, 0, 0, 6, 379.92, 38755, 29
562, 1, 29, 42, 31, 4, 42.03%, 0, 0, 6, 5.29, 39577, 29
575, 1, 19, 44, 29, 0, 42.03%, 0, 0, 6, 2.33, 41246, 29
580, 1, 43, 46, 31, 0, 42.03%, 0, 0, 6, 389.86, 43109, 29
589, 1, 43, 47, 32, 0, 42.03%, 0, 0, 6, 6.26, 44124, 29
599, 1, 43, 48, 33, 0, 42.03%, 0, 0, 6, 12.58, 46091, 29
604, 1, 43, 49, 34, 0, 42.03%, 0, 0, 6, 381.16, 47204, 29
613, 1, 43, 49, 34, 0, 42.03%, 0, 0, 6, 4.66, 48919, 29
619, 1, 43, 50, 35, 0, 42.03%, 0, 0, 6, 399.60, 50945, 29
629, 1, 43, 50, 35, 0, 42.03%, 0, 0, 6, 1.25, 52261, 29
634, 1, 43, 54, 39, 0, 42.03%, 0, 0, 6, 409.08, 54389, 29
649, 1, 43, 57, 42, 0, 42.03%, 0, 0, 6, 7.48, 55910, 29
654, 1, 27, 61, 46, 0, 42.03%, 0, 0, 6, 430.12, 58068, 29
660, 1, 27, 61, 46, 0, 42.03%, 0, 0, 6, 26.76, 59828, 29
665, 1, 29, 62, 47, 0, 42.03%, 0, 0, 6, 419.29, 61944, 29
673, 1, 29, 62, 47, 0, 42.03%, 0, 0, 6, 3.06, 62886, 29
678, 1, 0, 64, 47, 0, 42.03%, 0, 0, 6, 424.97, 64970, 29
683, 1, 40, 65, 48, 0, 42.03%, 0, 0, 7, 414.19, 66948, 29
688, 1, 40, 68, 51, 0, 42.03%, 0, 0, 7, 412.84, 69037, 29
694, 1, 27, 68, 50, 0, 42.03%, 0, 0, 7, 25.38, 70224, 29
699, 1, 40, 68, 50, 0, 42.03%, 0, 0, 7, 402.21, 72321, 29
704, 1, 30, 70, 52, 0, 42.03%, 0, 0, 7, 395.09, 73628, 29
709, 1, 59, 71, 52, 0, 42.03%, 0, 0, 7, 419.32, 75773, 29
714, 1, 40, 72, 52, 0, 42.03%, 0, 0, 7, 433.88, 77861, 29
719, 1, 26, 72, 52, 0, 42.03%, 0, 0, 7, 425.90, 79889, 29
724, 1, 26, 72, 52, 0, 42.03%, 0, 0, 7, 417.91, 81921, 29
733, 1, 12, 72, 52, 0, 42.03%, 0, 0, 7, 5.93, 83899, 29
738, 1, 29, 72, 52, 0, 42.03%, 0, 0, 7, 399.91, 85928, 29
743, 1, 26, 72, 51, 0, 42.03%, 0, 0, 7, 415.34, 87973, 29
749, 2, 71, 74, 52, 0, 42.03%, 0, 0, 7, 423.43, 90108, 29
754, 2, 39, 76, 53, 0, 42.03%, 0, 0, 7, 279.94, 91371, 29
760, 2, 19, 77, 53, 0, 42.03%, 0, 0, 7, 12.04, 92618, 29
765, 2, 26, 79, 55, 0, 42.03%, 0, 0, 7, 79.37, 94661, 29
771, 2, 26, 79, 55, 0, 42.03%, 0, 0, 7, 470.00, 96743, 29
776, 2, 47, 81, 57, 0, 42.03%, 0, 0, 7, 426.31, 98818, 29
781, 2, 12, 81, 56, 0, 42.03%, 0, 0, 7, 414.87, 100966, 29
787, 2, 22, 82, 57, 0, 42.03%, 0, 0, 7, 26.98, 102663, 29
792, 2, 79, 82, 55, 0, 42.03%, 0, 0, 7, 423.34, 104834, 29
797, 2, 79, 84, 57, 0, 42.03%, 0, 0, 7, 338.56, 106434, 29
802, 2, 26, 86, 58, 0, 42.03%, 0, 0, 7, 456.46, 108455, 29
807, 2, 22, 89, 61, 0, 42.03%, 0, 0, 7, 432.32, 110544, 29
814, 2, 43, 89, 60, 0, 42.03%, 0, 0, 7, 2.35, 111797, 29
820, 2, 19, 89, 60, 0, 42.03%, 0, 0, 7, 426.77, 114026, 29
825, 2, 44, 89, 59, 0, 42.03%, 0, 0, 7, 356.29, 115720, 29
830, 2, 27, 90, 59, 0, 42.03%, 0, 0, 7, 412.03, 117731, 29
835, 2, 48, 90, 59, 0, 42.03%, 0, 0, 7, 425.42, 119808, 29
840, 2, 12, 90, 57, 0, 42.03%, 0, 0, 7, 441.64, 121895, 29
845, 2, 85, 90, 57, 0, 42.03%, 0, 0, 7, 414.48, 123807, 29
850, 2, 26, 90, 56, 0, 42.03%, 0, 0, 7, 418.76, 125888, 29
855, 2, 87, 90, 56, 0, 42.03%, 0, 0, 7, 379.91, 127726, 29
860, 2, 22, 90, 55, 0, 42.03%, 0, 0, 7, 396.91, 129756, 29
866, 2, 43, 90, 55, 0, 42.03%, 0, 0, 7, 393.57, 131706, 29
871, 2, 20, 90, 54, 0, 42.03%, 0, 0, 7, 470.00, 133744, 29
876, 2, 40, 91, 55, 0, 42.03%, 0, 0, 7, 441.36, 135893, 29
881, 3, 89, 92, 56, 0, 42.03%, 0, 0, 7, 426.88, 138065, 29
886, 3, 26, 92, 55, 0, 42.03%, 0, 0, 7, 412.85, 140118, 29
891, 3, 20, 92, 55, 0, 42.03%, 0, 0, 7, 384.20, 142246, 29
896, 3, 12, 93, 56, 0, 42.03%, 0, 0, 7, 437.02, 144076, 29
901, 3, 92, 93, 56, 0, 42.03%, 0, 0, 7, 375.81, 145937, 29
906, 3, 92, 93, 56, 0, 42.03%, 0, 0, 7, 312.44, 147411, 29
911, 3, 2, 93, 54, 0, 42.03%, 0, 0, 7, 379.15, 149378, 29
916, 3, 16, 93, 54, 0, 42.03%, 0, 0, 7, 407.62, 151466, 29
922, 3, 26, 93, 54, 0, 42.03%, 0, 0, 7, 383.44, 153491, 29
927, 3, 78, 93, 54, 0, 42.03%, 0, 0, 7, 374.32, 155302, 29
932, 3, 19, 95, 55, 0, 42.03%, 0, 0, 7, 366.73, 156980, 29
937, 3, 26, 95, 55, 0, 42.03%, 0, 0, 7, 337.68, 158622, 29
942, 3, 27, 95, 55, 0, 42.03%, 0, 0, 7, 71.29, 160135, 29
947, 3, 26, 95, 55, 0, 42.03%, 0, 0, 7, 67.51, 162198, 29
952, 3, 22, 95, 55, 0, 42.03%, 0, 0, 7, 85.17, 163811, 29
957, 3, 0, 95, 55, 0, 42.03%, 0, 0, 7, 299.19, 165561, 29
963, 3, 12, 95, 54, 0, 42.03%, 0, 0, 7, 369.35, 167574, 29
968, 3, 40, 95, 54, 0, 42.03%, 0, 0, 7, 452.23, 169620, 29
973, 3, 26, 95, 54, 0, 42.03%, 0, 0, 7, 400.46, 171621, 29
978, 3, 29, 95, 54, 0, 42.03%, 0, 0, 7, 407.95, 173627, 29
983, 3, 27, 96, 55, 0, 42.03%, 0, 0, 7, 410.12, 175600, 29
988, 3, 43, 96, 55, 0, 42.03%, 0, 0, 7, 350.89, 177418, 29
993, 3, 27, 96, 55, 0, 42.03%, 0, 0, 7, 410.88, 179400, 29
998, 3, 26, 96, 55, 0, 42.03%, 0, 0, 7, 402.90, 181428, 29
1003, 4, 26, 96, 55, 0, 42.03%, 0, 0, 7, 405.86, 183465, 29
1008, 4, 43, 96, 55, 0, 42.03%, 0, 0, 7, 396.94, 185474, 29
1013, 4, 27, 96, 55, 0, 42.03%, 0, 0, 7, 379.57, 187433, 29
1018, 4, 72, 96, 55, 0, 42.03%, 0, 0, 7, 388.16, 189405, 29
1023, 4, 20, 96, 54, 0, 42.03%, 0, 0, 7, 389.90, 191315, 29
1029, 4, 43, 96, 54, 0, 42.03%, 0, 0, 7, 36.41, 193277, 29
1034, 4, 27, 96, 54, 0, 42.03%, 0, 0, 7, 431.63, 195364, 29
1039, 4, 86, 96, 54, 0, 42.03%, 0, 0, 7, 414.69, 197409, 29
1044, 4, 29, 96, 53, 0, 42.03%, 0, 0, 7, 423.61, 199469, 29
1049, 4, 26, 96, 53, 0, 42.03%, 0, 0, 7, 413.32, 201540, 29
1054, 4, 27, 96, 53, 0, 42.03%, 0, 0, 7, 404.74, 203528, 29
1060, 4, 43, 96, 53, 0, 42.03%, 0, 0, 7, 414.94, 205653, 29
1065, 4, 19, 96, 53, 0, 42.03%, 0, 0, 7, 444.58, 207758, 29
1070, 4, 26, 96, 53, 0, 42.03%, 0, 0, 7, 435.45, 209971, 29
1075, 4, 81, 96, 53, 0, 42.03%, 0, 0, 7, 431.17, 212091, 29
1080, 4, 40, 96, 52, 0, 42.03%, 0, 0, 7, 419.46, 214142, 29
1085, 4, 88, 96, 52, 0, 42.03%, 0, 0, 7, 405.95, 216249, 29
1090, 4, 88, 96, 52, 0, 42.03%, 0, 0, 7, 57.69, 217735, 29
1095, 4, 16, 96, 51, 0, 42.03%, 0, 0, 7, 392.02, 219738, 29
1100, 4, 27, 96, 51, 0, 42.03%, 0, 0, 7, 409.79, 221688, 29
1106, 4, 19, 96, 51, 0, 42.03%, 0, 0, 7, 415.52, 223771, 29
1111, 4, 43, 96, 51, 0, 42.03%, 0, 0, 7, 393.06, 225773, 29
1116, 4, 26, 96, 51, 0, 42.03%, 0, 0, 7, 417.47, 227779, 29
1121, 4, 29, 96, 51, 0, 42.03%, 0, 0, 7, 415.12, 229931, 29
1126, 5, 19, 96, 51, 0, 42.03%, 0, 0, 7, 420.88, 231954, 29
1131, 5, 5, 96, 51, 0, 42.03%, 0, 0, 7, 418.99, 234049, 29
1136, 5, 20, 96, 51, 0, 42.03%, 0, 0, 7, 437.26, 236270, 29
1141, 5, 12, 96, 51, 0, 42.03%, 0, 0, 7, 396.99, 238168, 29
1146, 5, 67, 96, 51, 0, 42.03%, 0, 0, 7, 388.86, 240022, 29
1152, 5, 27, 96, 50, 0, 42.03%, 0, 0, 7, 424.84, 242222, 29
1157, 5, 0, 96, 50, 0, 42.03%, 0, 0, 7, 411.43, 244225, 29
1162, 5, 26, 96, 49, 0, 42.03%, 0, 0, 7, 430.56, 246387, 29
1167, 5, 19, 96, 49, 0, 42.03%, 0, 0, 7, 423.22, 248481, 29
1172, 5, 40, 96, 49, 0, 42.03%, 0, 0, 7, 403.28, 250487, 29
1177, 5, 2, 96, 48, 0, 42.03%, 0, 0, 7, 417.22, 252533, 29
1182, 5, 43, 96, 48, 0, 42.03%, 0, 0, 7, 420.09, 254612, 29
1187, 5, 2, 96, 48, 0, 42.03%, 0, 0, 7, 403.39, 256638, 29
1192, 5, 27, 96, 48, 0, 42.03%, 0, 0, 7, 393.04, 258716, 29
1197, 5, 95, 96, 48, 0, 42.03%, 0, 0, 7, 391.65, 260670, 29
1202, 5, 27, 97, 48, 0, 42.03%, 0, 0, 7, 394.72, 262651, 29
1207, 5, 80, 97, 48, 0, 42.03%, 0, 0, 7, 362.27, 264435, 29
1212, 5, 2, 97, 47, 0, 42.03%, 0, 0, 7, 396.09, 266527, 29
1217, 5, 26, 97, 47, 0, 42.03%, 0, 0, 7, 391.82, 268508, 29
1222, 5, 16, 97, 47, 0, 42.03%, 0, 0, 7, 399.57, 270595, 29
1228, 5, 2, 97, 47, 0, 42.03%, 0, 0, 7, 394.50, 272648, 29
1233, 6, 16, 97, 47, 0, 42.03%, 0, 0, 7, 398.61, 274696, 29
1238, 6, 29, 98, 48, 0, 42.03%, 0, 0, 7, 399.50, 276705, 29
1243, 6, 40, 98, 48, 0, 42.03%, 0, 0, 7, 372.05, 278612, 29
1248, 6, 12, 98, 48, 0, 42.03%, 0, 0, 7, 400.18, 280770, 29
1253, 6, 29, 98, 48, 0, 42.03%, 0, 0, 7, 407.33, 282919, 29
1258, 6, 43, 98, 48, 0, 42.03%, 0, 0, 7, 416.97, 285130, 29
1264, 6, 26, 98, 47, 0, 42.03%, 0, 0, 7, 436.87, 287440, 29
1269, 6, 20, 98, 47, 0, 42.03%, 0, 0, 7, 401.96, 289477, 29
1274, 6, 29, 98, 47, 0, 42.03%, 0, 0, 7, 391.86, 291463, 29
1279, 6, 26, 98, 47, 0, 42.03%, 0, 0, 7, 411.26, 293545, 29
1284, 6, 12, 98, 47, 0, 42.03%, 0, 0, 7, 420.21, 295664, 29
1289, 6, 40, 98, 47, 0, 42.03%, 0, 0, 7, 421.65, 297835, 29
1294, 6, 16, 98, 47, 0, 42.03%, 0, 0, 7, 416.50, 299926, 29
1299, 6, 26, 98, 47, 0, 42.03%, 0, 0, 7, 406.08, 301974, 29
1304, 6, 43, 98, 47, 0, 42.03%, 0, 0, 7, 321.88, 303555, 29
1309, 6, 0, 98, 47, 0, 42.03%, 0, 0, 7, 353.65, 305267, 29
1315, 6, 27, 98, 47, 0, 42.03%, 0, 0, 7, 399.21, 307390, 29
1320, 6, 26, 98, 47, 0, 42.03%, 0, 0, 7, 412.46, 309474, 29
1325, 6, 29, 98, 47, 0, 42.03%, 0, 0, 7, 404.30, 311507, 29
1330, 7, 43, 98, 47, 0, 42.03%, 0, 0, 7, 386.75, 313428, 29
1335, 7, 0, 98, 47, 0, 42.03%, 0, 0, 7, 405.65, 315499, 29
1340, 7, 12, 98, 47, 0, 42.03%, 0, 0, 7, 407.95, 317522, 29
1345, 7, 0, 98, 47, 0, 42.03%, 0, 0, 7, 408.42, 319541, 29
1350, 7, 27, 98, 47, 0, 42.03%, 0, 0, 7, 418.81, 321702, 29
1355, 7, 22, 98, 47, 0, 42.03%, 0, 0, 7, 414.28, 323759, 29
1360, 7, 43, 98, 47, 0, 42.03%, 0, 0, 7, 409.23, 325798, 29
1365, 7, 40, 98, 47, 0, 42.03%, 0, 0, 7, 424.18, 327989, 29
1370, 7, 43, 98, 47, 0, 42.03%, 0, 0, 7, 185.84, 329455, 29
1375, 7, 0, 98, 47, 0, 42.03%, 0, 0, 7, 274.72, 330577, 29
1380, 7, 0, 98, 47, 0, 42.03%, 0, 0, 7, 389.99, 332726, 29
1386, 7, 12, 98, 47, 0, 42.03%, 0, 0, 7, 411.75, 334849, 29
1391, 7, 26, 98, 46, 0, 42.03%, 0, 0, 7, 415.48, 336981, 29
1396, 7, 29, 98, 46, 0, 42.03%, 0, 0, 7, 415.29, 339082, 29
1401, 7, 43, 98, 46, 0, 42.03%, 0, 0, 7, 406.80, 341115, 29
1406, 7, 19, 98, 45, 0, 42.03%, 0, 0, 7, 421.87, 343274, 29
1411, 7, 97, 98, 45, 0, 42.03%, 0, 0, 7, 376.79, 345128, 29
1416, 7, 16, 98, 44, 0, 42.03%, 0, 0, 7, 398.72, 347065, 29
1421, 7, 2, 98, 44, 0, 42.03%, 0, 0, 7, 421.49, 349153, 29
1427, 7, 19, 98, 44, 0, 42.03%, 0, 0, 7, 429.75, 351304, 29
1432, 7, 43, 98, 44, 0, 42.03%, 0, 0, 7, 401.29, 353301, 29
1437, 7, 22, 98, 44, 0, 42.03%, 0, 0, 7, 401.65, 355377, 29
1442, 7, 40, 98, 44, 0, 42.03%, 0, 0, 7, 413.28, 357514, 29
1447, 8, 40, 98, 44, 0, 42.03%, 0, 0, 7, 429.50, 359659, 29
1452, 8, 0, 98, 43, 0, 42.03%, 0, 0, 7, 425.48, 361750, 29
1457, 8, 22, 98, 42, 0, 42.03%, 0, 0, 7, 429.94, 363862, 29
1462, 8, 77, 98, 42, 0, 42.03%, 0, 0, 7, 420.71, 366017, 29
1467, 8, 26, 98, 41, 0, 42.03%, 0, 0, 7, 413.85, 368119, 29
1472, 8, 2, 98, 41, 0, 42.03%, 0, 0, 7, 397.63, 370176, 29
1477, 8, 43, 98, 40, 0, 42.03%, 0, 0, 7, 405.55, 372336, 29
1483, 8, 26, 98, 40, 0, 42.03%, 0, 0, 7, 409.93, 374527, 29
1488, 8, 19, 98, 40, 0, 42.03%, 0, 0, 7, 419.82, 376746, 29
1493, 8, 20, 98, 40, 0, 42.03%, 0, 0, 7, 399.24, 378722, 29
1498, 8, 27, 98, 40, 0, 42.03%, 0, 0, 7, 164.81, 380967, 29
1503, 8, 0, 98, 40, 0, 42.03%, 0, 0, 7, 346.50, 383017, 29
1508, 8, 26, 98, 40, 0, 42.03%, 0, 0, 7, 388.65, 385087, 29
1513, 8, 0, 98, 40, 0, 42.03%, 0, 0, 7, 407.76, 387210, 29
1518, 8, 54, 98, 40, 0, 42.03%, 0, 0, 7, 438.58, 389216, 29
1524, 8, 40, 98, 39, 0, 42.03%, 0, 0, 7, 420.92, 391356, 29
1529, 8, 26, 98, 39, 0, 42.03%, 0, 0, 7, 416.19, 393434, 29
1534, 8, 26, 98, 39, 0, 42.03%, 0, 0, 7, 412.32, 395572, 29
1539, 8, 20, 98, 39, 0, 42.03%, 0, 0, 7, 419.48, 397749, 29
1544, 8, 27, 98, 39, 0, 42.03%, 0, 0, 7, 404.37, 399742, 29
1549, 9, 43, 98, 39, 0, 42.03%, 0, 0, 7, 406.14, 401803, 29
1554, 9, 40, 98, 39, 0, 42.03%, 0, 0, 7, 406.69, 403906, 29
1559, 9, 91, 98, 39, 0, 42.03%, 0, 0, 7, 411.78, 406054, 29
1564, 9, 20, 98, 38, 0, 42.03%, 0, 0, 7, 346.90, 407749, 29
1569, 9, 29, 98, 38, 0, 42.03%, 0, 0, 7, 369.58, 409527, 29
1575, 9, 43, 98, 38, 0, 42.03%, 0, 0, 7, 418.18, 411741, 29
1580, 9, 84, 98, 38, 0, 42.03%, 0, 0, 7, 410.54, 413785, 29
1585, 9, 43, 98, 37, 0, 42.03%, 0, 0, 7, 439.67, 415947, 29
1590, 9, 2, 98, 37, 0, 42.03%, 0, 0, 7, 432.17, 418080, 29
1595, 9, 29, 98, 37, 0, 42.03%, 0, 0, 7, 427.20, 420222, 29
1600, 9, 50, 98, 37, 0, 42.03%, 0, 0, 7, 393.68, 422221, 29
1605, 9, 27, 98, 36, 0, 42.03%, 0, 0, 7, 408.72, 424329, 29
1610, 9, 29, 98, 36, 0, 42.03%, 0, 0, 7, 410.26, 426371, 29
1615, 9, 26, 98, 36, 0, 42.03%, 0, 0, 7, 424.13, 428553, 29
1620, 9, 20, 98, 36, 0, 42.03%, 0, 0, 7, 413.62, 430602, 29
1626, 9, 40, 98, 36, 0, 42.03%, 0, 0, 7, 402.07, 432655, 29
1631, 9, 0, 98, 35, 0, 42.03%, 0, 0, 7, 414.58, 434764, 29
1636, 9, 66, 98, 35, 0, 42.03%, 0, 0, 7, 371.18, 436703, 29
1641, 9, 16, 98, 34, 0, 42.03%, 0, 0, 7, 367.81, 438461, 29
1646, 9, 22, 98, 34, 0, 42.03%, 0, 0, 7, 404.69, 440591, 29
1651, 9, 76, 98, 34, 0, 42.03%, 0, 0, 7, 426.73, 442762, 29
1657, 9, 26, 98, 33, 0, 42.03%, 0, 0, 7, 424.69, 444944, 29
1662, 9, 45, 98, 33, 0, 42.03%, 0, 0, 7, 416.51, 446989, 29
1667, 9, 43, 98, 32, 0, 42.03%, 0, 0, 7, 431.40, 449056, 29
1672, 10, 29, 98, 32, 0, 42.03%, 0, 0, 7, 424.59, 451153, 29
1677, 10, 40, 98, 32, 0, 42.03%, 0, 0, 7, 412.82, 453184, 29
1682, 10, 26, 99, 33, 0, 42.03%, 0, 0, 7, 389.06, 455090, 29
1687, 10, 26, 99, 33, 0, 42.03%, 0, 0, 7, 413.27, 457225, 29
1692, 10, 19, 99, 33, 0, 42.03%, 0, 0, 7, 383.50, 459097, 29
1697, 10, 0, 99, 32, 0, 42.03%, 0, 0, 7, 390.56, 461121, 29
1702, 10, 26, 99, 32, 0, 42.03%, 0, 0, 7, 398.37, 463214, 29
1707, 10, 43, 99, 32, 0, 42.03%, 0, 0, 7, 404.12, 465254, 29
1712, 10, 26, 99, 32, 0, 42.03%, 0, 0, 7, 392.21, 467298, 29
1718, 10, 26, 99, 32, 0, 42.03%, 0, 0, 7, 395.14, 469423, 29
1723, 10, 26, 99, 32, 0, 42.03%, 0, 0, 7, 389.38, 471354, 29
1728, 10, 12, 99, 32, 0, 42.03%, 0, 0, 7, 401.91, 473472, 29
1733, 10, 27, 99, 31, 0, 42.03%, 0, 0, 7, 401.11, 475529, 29
1738, 10, 0, 99, 31, 0, 42.03%, 0, 0, 7, 406.18, 477696, 29
1743, 10, 26, 99, 31, 0, 42.03%, 0, 0, 7, 412.10, 479832, 29
1748, 10, 20, 99, 31, 0, 42.03%, 0, 0, 7, 404.97, 481898, 29
1753, 10, 16, 99, 31, 0, 42.03%, 0, 0, 7, 415.98, 484047, 29
1759, 10, 22, 99, 31, 0, 42.03%, 0, 0, 7, 397.66, 486065, 29
1764, 10, 2, 99, 31, 0, 42.03%, 0, 0, 7, 389.95, 488060, 29
1769, 10, 26, 99, 31, 0, 42.03%, 0, 0, 7, 408.04, 490137, 29
1774, 11, 26, 99, 31, 0, 42.03%, 0, 0, 7, 411.05, 492288, 29
1779, 11, 22, 100, 32, 0, 42.03%, 0, 0, 7, 417.74, 494417, 29
1784, 11, 43, 100, 31, 0, 42.03%, 0, 0, 7, 418.23, 496525, 29
1789, 11, 29, 100, 30, 0, 42.03%, 0, 0, 7, 409.79, 498533, 29
1794, 11, 27, 100, 30, 0, 42.03%, 0, 0, 7, 402.98, 500526, 29
1799, 11, 20, 100, 30, 0, 42.03%, 0, 0, 7, 444.48, 502718, 29
1804, 11, 26, 100, 30, 0, 42.03%, 0, 0, 7, 418.06, 504841, 29
1810, 11, 52, 100, 30, 0, 42.03%, 0, 0, 7, 397.52, 506907, 29
1815, 11, 12, 100, 29, 0, 42.03%, 0, 0, 7, 408.80, 508958, 29
1820, 11, 20, 100, 29, 0, 42.03%, 0, 0, 7, 405.79, 510959, 29
1825, 11, 27, 100, 29, 0, 42.03%, 0, 0, 7, 417.54, 513068, 29
1830, 11, 0, 100, 29, 0, 42.03%, 0, 0, 7, 216.65, 514846, 29
1835, 11, 26, 100, 29, 0, 42.03%, 0, 0, 7, 348.32, 516695, 29
1840, 11, 17, 100, 29, 0, 42.03%, 0, 0, 7, 391.28, 518747, 29
1845, 11, 22, 100, 28, 0, 42.03%, 0, 0, 7, 401.04, 520816, 29
1850, 11, 26, 100, 28, 0, 42.03%, 0, 0, 7, 397.86, 522862, 29
1856, 11, 26, 100, 28, 0, 42.03%, 0, 0, 7, 403.33, 524869, 29
1861, 11, 19, 100, 28, 0, 42.03%, 0, 0, 7, 401.55, 526887, 29
1866, 11, 26, 100, 28, 0, 42.03%, 0, 0, 7, 414.81, 529019, 29
1871, 11, 27, 100, 27, 0, 42.03%, 0, 0, 7, 413.15, 531108, 29
1876, 12, 0, 100, 27, 0, 42.03%, 0, 0, 7, 406.13, 533139, 29
1881, 12, 29, 100, 27, 0, 42.03%, 0, 0, 7, 399.48, 535184, 29
1886, 12, 27, 100, 27, 0, 42.03%, 0, 0, 7, 412.37, 537189, 29
1891, 12, 26, 100, 27, 0, 42.03%, 0, 0, 7, 406.83, 539182, 29
1896, 12, 29, 100, 27, 0, 42.03%, 0, 0, 7, 422.11, 541363, 29
1902, 12, 27, 100, 27, 0, 42.03%, 0, 0, 7, 437.86, 543533, 29
1907, 12, 26, 100, 27, 0, 42.03%, 0, 0, 7, 425.28, 545687, 29
1912, 12, 43, 100, 27, 0, 42.03%, 0, 0, 7, 420.68, 547743, 29
1917, 12, 61, 100, 26, 0, 42.03%, 0, 0, 7, 422.20, 549855, 29
1922, 12, 2, 100, 25, 0, 42.03%, 0, 0, 7, 417.45, 551883, 29
1927, 12, 19, 100, 25, 0, 42.03%, 0, 0, 7, 408.06, 553870, 29
1932, 12, 29, 100, 25, 0, 42.03%, 0, 0, 7, 410.77, 555881, 29
1937, 12, 43, 100, 25, 0, 42.03%, 0, 0, 7, 415.44, 558013, 29
1942, 12, 57, 100, 25, 0, 42.03%, 0, 0, 7, 398.52, 560071, 29
1947, 12, 19, 100, 25, 0, 42.03%, 0, 0, 7, 388.51, 562074, 29
1952, 12, 20, 100, 25, 0, 42.03%, 0, 0, 7, 420.00, 564221, 29
1957, 12, 43, 100, 25, 0, 42.03%, 0, 0, 7, 402.43, 566260, 29
1962, 12, 20, 100, 25, 0, 42.03%, 0, 0, 7, 383.51, 568235, 29
1963, 12, 0, 100, 25, 0, 42.03%, 1, 0, 7, 0.00, 568667, 29
