# relative_time, cycles_done, cur_item, corpus_count, pending_total, pending_favs, map_size, saved_crashes, saved_hangs, max_depth, execs_per_sec, total_execs, edges_found
62, 0, 12, 41, 28, 0, 40.58%, 0, 0, 6, 842.98, 35049, 28
67, 0, 0, 43, 30, 0, 40.58%, 0, 0, 6, 844.54, 39296, 28
73, 0, 39, 47, 33, 0, 40.58%, 0, 0, 6, 844.01, 43696, 28
85, 0, 0, 47, 33, 0, 40.58%, 0, 0, 6, 17.44, 45750, 28
90, 1, 34, 47, 33, 0, 40.58%, 0, 0, 6, 888.44, 50170, 28
96, 1, 34, 47, 32, 0, 40.58%, 0, 0, 6, 872.37, 54512, 28
101, 1, 38, 48, 32, 0, 40.58%, 0, 0, 6, 868.52, 58851, 28
106, 1, 33, 51, 35, 0, 40.58%, 0, 0, 6, 843.46, 63208, 28
111, 1, 35, 52, 35, 0, 42.03%, 0, 0, 7, 846.12, 67496, 29
119, 1, 16, 52, 33, 0, 42.03%, 0, 0, 7, 33.90, 70643, 29
125, 1, 51, 54, 35, 0, 42.03%, 0, 0, 8, 867.04, 74963, 29
130, 1, 51, 55, 36, 0, 42.03%, 0, 0, 8, 814.42, 79204, 29
135, 1, 34, 56, 36, 0, 42.03%, 0, 0, 8, 847.08, 83543, 29
140, 1, 0, 56, 35, 0, 42.03%, 0, 0, 8, 861.60, 87787, 29
145, 2, 0, 56, 33, 0, 42.03%, 0, 0, 8, 862.40, 92178, 29
154, 2, 0, 56, 33, 0, 42.03%, 0, 0, 8, 23.39, 95377, 29
159, 2, 34, 56, 33, 0, 42.03%, 0, 0, 8, 869.81, 99747, 29
164, 2, 0, 56, 33, 0, 42.03%, 0, 0, 8, 848.14, 103961, 29
169, 2, 33, 56, 33, 0, 42.03%, 0, 0, 8, 848.64, 108265, 29
174, 2, 33, 56, 33, 0, 42.03%, 0, 0, 8, 857.01, 112488, 29
179, 2, 28, 56, 33, 0, 42.03%, 0, 0, 8, 850.40, 116830, 29
184, 2, 39, 56, 33, 0, 42.03%, 0, 0, 8, 847.66, 120951, 29
190, 3, 0, 56, 33, 0, 42.03%, 0, 0, 8, 498.88, 125324, 29
195, 3, 12, 56, 33, 0, 42.03%, 0, 0, 8, 765.59, 129519, 29
200, 3, 0, 56, 33, 0, 42.03%, 0, 0, 8, 811.97, 133783, 29
205, 3, 0, 56, 33, 0, 42.03%, 0, 0, 8, 841.83, 137925, 29
210, 3, 0, 57, 34, 0, 42.03%, 0, 0, 8, 838.83, 142200, 29
215, 3, 33, 57, 34, 0, 42.03%, 0, 0, 8, 872.43, 146404, 29
220, 4, 26, 57, 34, 0, 42.03%, 0, 0, 8, 864.97, 150777, 29
227, 4, 0, 57, 34, 0, 42.03%, 0, 0, 8, 16.18, 153804, 29
232, 4, 39, 57, 34, 0, 42.03%, 0, 0, 8, 880.76, 158363, 29
237, 4, 0, 57, 34, 0, 42.03%, 0, 0, 8, 872.42, 162652, 29
243, 4, 0, 57, 34, 0, 42.03%, 0, 0, 8, 839.25, 167005, 29
248, 4, 0, 57, 34, 0, 42.03%, 0, 0, 8, 853.13, 171465, 29
253, 4, 0, 57, 34, 0, 42.03%, 0, 0, 8, 846.84, 175735, 29
258, 5, 0, 57, 33, 0, 42.03%, 0, 0, 8, 852.15, 180167, 29
263, 5, 0, 57, 32, 0, 42.03%, 0, 0, 8, 852.23, 184558, 29
268, 5, 0, 57, 31, 0, 42.03%, 0, 0, 8, 832.42, 187293, 29
273, 5, 0, 57, 31, 0, 42.03%, 0, 0, 8, 840.34, 191505, 29
279, 5, 0, 57, 31, 0, 42.03%, 0, 0, 8, 844.23, 195836, 29
284, 5, 0, 57, 31, 0, 42.03%, 0, 0, 8, 833.05, 199959, 29
289, 5, 0, 57, 31, 0, 42.03%, 0, 0, 8, 890.14, 204395, 29
294, 6, 0, 57, 30, 0, 42.03%, 0, 0, 8, 898.05, 208715, 29
299, 6, 0, 57, 30, 0, 42.03%, 0, 0, 8, 880.32, 213175, 29
305, 6, 0, 57, 30, 0, 42.03%, 0, 0, 8, 18.78, 216718, 29
310, 6, 39, 57, 30, 0, 42.03%, 0, 0, 8, 854.93, 220940, 29
315, 6, 0, 57, 30, 0, 42.03%, 0, 0, 8, 881.83, 225213, 29
320, 6, 0, 57, 30, 0, 42.03%, 0, 0, 8, 852.97, 229518, 29
325, 6, 51, 57, 30, 0, 42.03%, 0, 0, 8, 844.62, 233618, 29
330, 7, 0, 57, 29, 0, 42.03%, 0, 0, 8, 839.66, 237822, 29
335, 7, 26, 57, 29, 0, 42.03%, 0, 0, 8, 851.22, 242160, 29
341, 7, 0, 57, 28, 0, 42.03%, 0, 0, 8, 869.68, 246569, 29
346, 7, 0, 57, 28, 0, 42.03%, 0, 0, 8, 881.44, 250992, 29
351, 7, 0, 57, 28, 0, 42.03%, 0, 0, 8, 902.18, 255355, 29
356, 7, 51, 57, 28, 0, 42.03%, 0, 0, 8, 885.58, 259620, 29
361, 7, 0, 57, 28, 0, 42.03%, 0, 0, 8, 868.92, 263946, 29
366, 8, 0, 57, 28, 0, 42.03%, 0, 0, 8, 880.80, 268374, 29
370, 8, 26, 57, 28, 0, 42.03%, 1, 0, 8, 0.00, 271389, 29
