# relative_time, cycles_done, cur_item, corpus_count, pending_total, pending_favs, map_size, saved_crashes, saved_hangs, max_depth, execs_per_sec, total_execs, edges_found
62, 0, 0, 19, 19, 1, 37.29%, 0, 0, 2, 1.24, 2992, 22
93, 0, 0, 19, 19, 1, 37.29%, 0, 0, 2, 0.34, 5035, 22
98, 0, 0, 19, 19, 1, 37.29%, 0, 0, 2, 518.69, 7628, 22
121, 0, 0, 19, 19, 1, 37.29%, 0, 0, 2, 2.76, 8508, 22
126, 0, 0, 19, 19, 1, 37.29%, 0, 0, 2, 517.87, 11148, 22
151, 0, 0, 19, 19, 1, 37.29%, 0, 0, 2, 0.41, 11278, 22
156, 0, 0, 19, 19, 1, 37.29%, 0, 0, 2, 513.83, 13898, 22
177, 0, 0, 19, 19, 1, 37.29%, 0, 0, 2, 2.93, 14148, 22
182, 0, 0, 19, 19, 1, 37.29%, 0, 0, 2, 520.26, 16798, 22
202, 0, 0, 19, 19, 1, 37.29%, 0, 0, 2, 2.02, 17328, 22
207, 0, 0, 19, 19, 1, 37.29%, 0, 0, 2, 546.69, 20068, 22
230, 0, 0, 19, 19, 1, 37.29%, 0, 0, 2, 3.07, 20929, 22
235, 0, 0, 19, 19, 1, 37.29%, 0, 0, 2, 559.06, 23822, 22
259, 0, 0, 19, 19, 1, 37.29%, 0, 0, 2, 5.22, 24306, 22
259, 0, 0, 19, 19, 1, 37.29%, 0, 0, 2, 0.16, 24307, 22
264, 0, 0, 19, 19, 1, 37.29%, 0, 0, 2, 640.04, 27574, 22
285, 0, 0, 19, 19, 1, 37.29%, 0, 0, 2, 2.30, 28651, 22
290, 0, 0, 19, 19, 1, 37.29%, 0, 0, 2, 576.77, 31599, 22
306, 0, 0, 19, 19, 1, 37.29%, 0, 0, 2, 9.84, 33142, 22
319, 0, 0, 19, 19, 1, 37.29%, 0, 0, 2, 0.22, 33145, 22
325, 0, 0, 19, 19, 1, 37.29%, 0, 0, 2, 679.94, 36690, 22
351, 0, 0, 19, 19, 1, 37.29%, 0, 0, 2, 0.50, 38014, 22
356, 0, 0, 19, 19, 1, 37.29%, 0, 0, 2, 476.48, 40396, 22
382, 0, 0, 19, 19, 1, 37.29%, 0, 0, 2, 2.27, 41314, 22
387, 0, 0, 19, 19, 1, 37.29%, 0, 0, 2, 517.12, 43888, 22
400, 0, 0, 19, 19, 1, 37.29%, 0, 0, 2, 6.91, 44918, 22
408, 0, 0, 19, 19, 1, 37.29%, 0, 0, 2, 3.05, 45536, 22
419, 0, 0, 19, 19, 1, 37.29%, 0, 0, 2, 2.90, 45543, 22
424, 0, 0, 19, 19, 1, 37.29%, 0, 0, 2, 581.37, 48517, 22
445, 0, 0, 19, 19, 1, 37.29%, 0, 0, 2, 1.44, 49288, 22
450, 0, 0, 19, 19, 1, 37.29%, 0, 0, 2, 44.72, 52235, 22
470, 0, 0, 19, 19, 1, 37.29%, 0, 0, 2, 4.89, 53238, 22
476, 0, 0, 19, 19, 1, 37.29%, 0, 0, 2, 549.37, 56162, 22
488, 0, 0, 19, 19, 1, 37.29%, 0, 0, 2, 6.68, 56568, 22
505, 0, 0, 19, 19, 1, 37.29%, 0, 0, 2, 9.74, 59154, 22
510, 0, 0, 19, 19, 1, 37.29%, 0, 0, 2, 512.69, 62058, 22
526, 0, 0, 19, 19, 1, 37.29%, 0, 0, 2, 4.43, 63308, 22
531, 0, 0, 19, 19, 1, 37.29%, 0, 0, 2, 599.43, 66418, 22
547, 0, 0, 19, 19, 1, 37.29%, 0, 0, 2, 8.68, 67745, 22
552, 0, 0, 19, 19, 1, 37.29%, 0, 0, 2, 626.00, 70906, 22
561, 0, 0, 19, 19, 1, 37.29%, 0, 0, 2, 7.08, 72442, 22
575, 0, 0, 19, 19, 1, 37.29%, 0, 0, 2, 6.09, 75313, 22
580, 0, 0, 19, 19, 1, 37.29%, 0, 0, 2, 665.92, 78485, 22
589, 0, 0, 19, 19, 1, 37.29%, 0, 0, 2, 12.84, 80194, 22
601, 0, 0, 19, 19, 1, 37.29%, 0, 0, 2, 9.05, 83664, 22
606, 0, 0, 19, 19, 1, 37.29%, 0, 0, 2, 688.82, 86987, 22
613, 0, 0, 19, 19, 1, 37.29%, 0, 0, 2, 28.39, 88510, 22
618, 0, 0, 19, 19, 1, 37.29%, 0, 0, 2, 697.72, 92031, 22
629, 0, 0, 19, 19, 1, 37.29%, 0, 0, 2, 17.69, 94384, 22
634, 0, 0, 19, 19, 1, 37.29%, 0, 0, 2, 708.79, 97860, 22
649, 0, 0, 19, 19, 1, 37.29%, 0, 0, 2, 10.52, 100702, 22
654, 0, 0, 19, 19, 1, 37.29%, 0, 0, 2, 754.01, 104473, 22
660, 0, 0, 19, 19, 1, 37.29%, 0, 0, 2, 56.23, 107518, 22
665, 0, 0, 19, 19, 1, 37.29%, 0, 0, 2, 713.21, 111118, 22
673, 0, 0, 19, 19, 1, 37.29%, 0, 0, 2, 2.53, 112742, 22
678, 0, 0, 19, 19, 1, 37.29%, 0, 0, 2, 748.56, 116473, 22
683, 0, 0, 19, 19, 1, 37.29%, 0, 0, 2, 706.31, 119952, 22
688, 0, 0, 19, 19, 1, 37.29%, 0, 0, 2, 714.36, 123424, 22
694, 0, 0, 19, 19, 1, 37.29%, 0, 0, 2, 44.18, 125488, 22
699, 0, 0, 19, 19, 1, 37.29%, 0, 0, 2, 722.81, 128996, 22
704, 0, 0, 19, 19, 1, 37.29%, 0, 0, 2, 744.45, 131348, 22
709, 0, 0, 19, 19, 1, 37.29%, 0, 0, 2, 735.18, 134974, 22
714, 0, 0, 19, 19, 1, 37.29%, 0, 0, 2, 772.16, 138688, 22
719, 0, 0, 19, 19, 1, 37.29%, 0, 0, 2, 746.89, 142268, 22
725, 0, 0, 19, 19, 1, 37.29%, 0, 0, 2, 690.47, 145614, 22
733, 0, 0, 19, 19, 1, 37.29%, 0, 0, 2, 6.90, 149086, 22
738, 0, 0, 19, 19, 1, 37.29%, 0, 0, 2, 738.35, 152894, 22
743, 0, 0, 19, 19, 1, 37.29%, 0, 0, 2, 737.90, 156604, 22
749, 0, 0, 19, 19, 1, 37.29%, 0, 0, 2, 779.45, 160573, 22
754, 0, 0, 19, 19, 1, 37.29%, 0, 0, 2, 770.27, 164338, 22
760, 0, 0, 19, 19, 1, 37.29%, 0, 0, 2, 22.51, 167188, 22
765, 0, 0, 19, 19, 1, 37.29%, 0, 0, 2, 624.13, 171045, 22
770, 0, 0, 19, 19, 1, 37.29%, 0, 0, 2, 55.05, 174790, 22
775, 0, 0, 19, 19, 1, 37.29%, 0, 0, 2, 726.53, 178486, 22
780, 0, 0, 19, 19, 1, 37.29%, 0, 0, 2, 729.26, 182350, 22
787, 0, 0, 19, 19, 1, 37.29%, 0, 0, 2, 51.50, 185563, 22
792, 0, 0, 19, 19, 1, 37.29%, 0, 0, 2, 759.38, 189418, 22
797, 0, 0, 19, 19, 1, 37.29%, 0, 0, 2, 762.07, 193288, 22
802, 0, 0, 19, 19, 1, 37.29%, 0, 0, 2, 761.20, 196798, 22
807, 0, 0, 19, 19, 1, 37.29%, 0, 0, 2, 759.98, 200533, 22
814, 0, 0, 19, 19, 1, 37.29%, 0, 0, 2, 2.64, 202771, 22
819, 0, 0, 19, 19, 1, 37.29%, 0, 0, 2, 782.12, 206743, 22
824, 0, 0, 19, 19, 1, 37.29%, 0, 0, 2, 768.81, 210643, 22
830, 0, 0, 19, 19, 1, 37.29%, 0, 0, 2, 789.05, 214558, 22
835, 0, 0, 19, 19, 1, 37.29%, 0, 0, 2, 662.59, 218040, 22
840, 0, 0, 20, 20, 1, 38.98%, 0, 0, 2, 786.03, 221750, 23
845, 0, 0, 20, 20, 1, 38.98%, 0, 0, 2, 758.91, 225245, 23
850, 0, 0, 20, 20, 1, 38.98%, 0, 0, 2, 765.33, 228935, 23
855, 0, 0, 20, 20, 1, 38.98%, 0, 0, 2, 781.40, 232730, 23
860, 0, 0, 20, 20, 1, 38.98%, 0, 0, 2, 764.41, 236705, 23
865, 0, 0, 20, 20, 1, 38.98%, 0, 0, 2, 739.45, 240471, 23
871, 0, 0, 21, 21, 1, 40.68%, 0, 0, 2, 728.06, 244230, 24
876, 0, 0, 21, 21, 1, 40.68%, 0, 0, 2, 785.01, 248187, 24
881, 0, 0, 21, 21, 1, 40.68%, 0, 0, 2, 774.39, 252192, 24
886, 0, 0, 21, 21, 1, 40.68%, 0, 0, 2, 790.91, 256122, 24
891, 0, 0, 21, 21, 1, 40.68%, 0, 0, 2, 766.65, 260037, 24
896, 0, 0, 21, 21, 1, 40.68%, 0, 0, 2, 738.48, 263396, 24
901, 0, 0, 21, 21, 1, 40.68%, 0, 0, 2, 784.79, 267228, 24
906, 0, 0, 21, 21, 1, 40.68%, 0, 0, 2, 789.04, 271242, 24
912, 0, 0, 21, 21, 1, 40.68%, 0, 0, 2, 786.51, 275232, 24
917, 0, 0, 21, 21, 1, 40.68%, 0, 0, 2, 785.37, 279132, 24
922, 0, 0, 21, 21, 1, 40.68%, 0, 0, 2, 764.74, 282837, 24
927, 0, 0, 21, 21, 1, 40.68%, 0, 0, 2, 740.32, 286557, 24
932, 0, 0, 21, 21, 1, 40.68%, 0, 0, 2, 814.37, 290316, 24
937, 0, 0, 21, 21, 1, 40.68%, 0, 0, 2, 790.15, 294282, 24
942, 0, 0, 21, 21, 1, 40.68%, 0, 0, 2, 484.06, 297657, 24
947, 0, 0, 21, 21, 1, 40.68%, 0, 0, 2, 704.23, 301592, 24
952, 0, 0, 22, 22, 1, 44.07%, 0, 0, 2, 154.31, 304981, 26
957, 0, 0, 22, 22, 1, 44.07%, 0, 0, 2, 785.32, 308989, 26
963, 0, 0, 22, 22, 1, 44.07%, 0, 0, 2, 794.77, 313039, 26
968, 0, 0, 22, 22, 1, 44.07%, 0, 0, 2, 780.76, 316834, 26
973, 0, 0, 22, 22, 1, 44.07%, 0, 0, 2, 777.09, 320659, 26
978, 0, 0, 22, 22, 1, 44.07%, 0, 0, 2, 785.75, 324739, 26
983, 0, 0, 22, 22, 1, 44.07%, 0, 0, 2, 120.64, 328429, 26
988, 0, 0, 22, 22, 1, 44.07%, 0, 0, 2, 856.22, 332337, 26
993, 0, 0, 22, 22, 1, 44.07%, 0, 0, 2, 852.23, 336502, 26
999, 0, 0, 22, 22, 1, 44.07%, 0, 0, 2, 828.23, 340643, 26
1004, 0, 0, 22, 22, 1, 44.07%, 0, 0, 2, 797.36, 344524, 26
1009, 0, 0, 22, 22, 1, 44.07%, 0, 0, 2, 798.84, 348604, 26
1014, 0, 0, 22, 22, 1, 44.07%, 0, 0, 2, 758.91, 352399, 26
1019, 0, 0, 22, 22, 1, 44.07%, 0, 0, 2, 783.29, 356464, 26
1024, 0, 0, 22, 22, 1, 44.07%, 0, 0, 2, 802.98, 360484, 26
1029, 0, 0, 22, 22, 1, 44.07%, 0, 0, 2, 751.27, 364024, 26
1034, 0, 0, 22, 22, 1, 44.07%, 0, 0, 2, 790.03, 368089, 26
1039, 0, 0, 22, 22, 1, 44.07%, 0, 0, 2, 804.42, 372131, 26
1045, 0, 0, 22, 22, 1, 44.07%, 0, 0, 2, 828.05, 376387, 26
1050, 0, 0, 22, 22, 1, 44.07%, 0, 0, 2, 852.34, 380498, 26
1055, 0, 0, 22, 22, 1, 44.07%, 0, 0, 2, 806.94, 384371, 26
1060, 0, 0, 22, 22, 1, 44.07%, 0, 0, 2, 885.83, 388097, 26
1065, 0, 0, 22, 22, 1, 44.07%, 0, 0, 2, 843.71, 392275, 26
1070, 0, 0, 22, 22, 1, 44.07%, 0, 0, 2, 815.70, 396371, 26
1075, 0, 0, 22, 22, 1, 44.07%, 0, 0, 2, 840.06, 400627, 26
1080, 0, 0, 22, 22, 1, 44.07%, 0, 0, 2, 839.00, 404819, 26
1085, 0, 0, 22, 22, 1, 44.07%, 0, 0, 2, 594.66, 408931, 26
1090, 0, 0, 22, 22, 1, 44.07%, 0, 0, 2, 888.37, 412305, 26
1095, 0, 0, 22, 22, 1, 44.07%, 0, 0, 2, 859.18, 416487, 26
1101, 0, 0, 22, 22, 1, 44.07%, 0, 0, 2, 829.01, 420211, 26
1106, 0, 0, 22, 22, 1, 44.07%, 0, 0, 2, 846.10, 424435, 26
1111, 0, 0, 22, 22, 1, 44.07%, 0, 0, 2, 828.73, 428611, 26
1116, 0, 0, 22, 22, 1, 44.07%, 0, 0, 2, 834.45, 432707, 26
1121, 0, 0, 22, 22, 1, 44.07%, 0, 0, 2, 851.49, 436947, 26
1126, 0, 0, 22, 22, 1, 44.07%, 0, 0, 2, 879.50, 441018, 26
1131, 0, 0, 22, 22, 1, 44.07%, 0, 0, 2, 860.67, 445285, 26
1136, 0, 0, 22, 22, 1, 44.07%, 0, 0, 2, 866.32, 449654, 26
1141, 0, 0, 22, 22, 1, 44.07%, 0, 0, 2, 849.85, 453843, 26
1146, 0, 0, 22, 22, 1, 44.07%, 0, 0, 2, 816.79, 457555, 26
1151, 0, 0, 22, 22, 1, 44.07%, 0, 0, 2, 843.61, 461843, 26
1156, 0, 0, 22, 22, 1, 44.07%, 0, 0, 2, 832.88, 465971, 26
1162, 0, 0, 22, 22, 1, 44.07%, 0, 0, 2, 855.71, 470241, 26
1167, 0, 0, 22, 22, 1, 44.07%, 0, 0, 2, 861.16, 474440, 26
1172, 0, 0, 22, 22, 1, 44.07%, 0, 0, 2, 862.53, 478792, 26
1177, 0, 0, 22, 22, 1, 44.07%, 0, 0, 2, 834.33, 483008, 26
1182, 0, 0, 22, 22, 1, 44.07%, 0, 0, 2, 826.61, 487155, 26
1187, 0, 0, 23, 23, 1, 44.07%, 0, 0, 2, 829.41, 491447, 26
1192, 0, 0, 23, 23, 1, 44.07%, 0, 0, 2, 843.02, 495818, 26
1197, 0, 0, 23, 23, 1, 44.07%, 0, 0, 2, 832.58, 500106, 26
1203, 0, 0, 23, 23, 1, 44.07%, 0, 0, 2, 834.21, 504474, 26
1208, 0, 0, 23, 23, 1, 44.07%, 0, 0, 2, 833.59, 508714, 26
1213, 0, 0, 23, 23, 1, 44.07%, 0, 0, 2, 818.17, 512890, 26
1218, 0, 0, 23, 23, 1, 44.07%, 0, 0, 2, 834.20, 517162, 26
1223, 0, 0, 23, 23, 1, 44.07%, 0, 0, 2, 846.02, 521434, 26
1228, 0, 0, 23, 23, 1, 44.07%, 0, 0, 2, 812.70, 525658, 26
1233, 0, 0, 23, 23, 1, 44.07%, 0, 0, 2, 810.18, 529722, 26
1238, 0, 0, 23, 23, 1, 44.07%, 0, 0, 2, 836.07, 534010, 26
1243, 0, 0, 23, 23, 1, 44.07%, 0, 0, 2, 862.65, 538486, 26
1248, 0, 0, 23, 23, 1, 44.07%, 0, 0, 2, 856.68, 542804, 26
1253, 0, 0, 23, 23, 1, 44.07%, 0, 0, 2, 846.73, 547098, 26
1259, 0, 0, 23, 23, 1, 44.07%, 0, 0, 2, 830.04, 551338, 26
1264, 0, 0, 23, 23, 1, 44.07%, 0, 0, 2, 842.28, 555610, 26
1269, 0, 0, 23, 23, 1, 44.07%, 0, 0, 2, 833.76, 559850, 26
1274, 0, 0, 23, 23, 1, 44.07%, 0, 0, 2, 857.22, 564258, 26
1279, 0, 0, 23, 23, 1, 44.07%, 0, 0, 2, 864.25, 568746, 26
1284, 0, 0, 23, 23, 1, 44.07%, 0, 0, 2, 860.17, 573081, 26
1289, 0, 0, 23, 23, 1, 44.07%, 0, 0, 2, 831.02, 577242, 26
1294, 0, 0, 23, 23, 1, 44.07%, 0, 0, 2, 858.38, 581632, 26
1300, 0, 0, 23, 23, 1, 44.07%, 0, 0, 2, 158.04, 585658, 26
1305, 0, 0, 23, 23, 1, 44.07%, 0, 0, 2, 874.55, 590047, 26
1310, 0, 0, 23, 23, 1, 44.07%, 0, 0, 2, 855.76, 594229, 26
1315, 0, 0, 23, 23, 1, 44.07%, 0, 0, 2, 863.76, 598615, 26
1320, 0, 0, 23, 23, 1, 44.07%, 0, 0, 2, 863.87, 602950, 26
1325, 0, 0, 23, 23, 1, 44.07%, 0, 0, 2, 878.64, 607387, 26
1330, 0, 0, 23, 23, 1, 44.07%, 0, 0, 2, 838.60, 611610, 26
1335, 0, 0, 23, 23, 1, 44.07%, 0, 0, 2, 865.64, 615989, 26
1340, 0, 0, 23, 23, 1, 44.07%, 0, 0, 2, 876.56, 620358, 26
1345, 0, 0, 23, 23, 1, 44.07%, 0, 0, 2, 876.84, 624710, 26
1350, 0, 0, 23, 23, 1, 44.07%, 0, 0, 2, 883.98, 629164, 26
1356, 0, 0, 23, 23, 1, 44.07%, 0, 0, 2, 876.03, 633482, 26
1361, 0, 0, 23, 23, 1, 44.07%, 0, 0, 2, 872.43, 637783, 26
1366, 0, 0, 23, 23, 1, 44.07%, 0, 0, 2, 870.54, 642101, 26
1371, 0, 0, 24, 24, 1, 44.07%, 0, 0, 2, 874.01, 646392, 26
1376, 0, 0, 24, 24, 1, 44.07%, 0, 0, 2, 889.30, 650285, 26
1381, 0, 0, 24, 24, 1, 44.07%, 0, 0, 2, 883.27, 654722, 26
1386, 0, 0, 24, 24, 1, 44.07%, 0, 0, 2, 879.38, 659210, 26
1391, 0, 0, 24, 24, 1, 44.07%, 0, 0, 2, 881.85, 663579, 26
1396, 0, 0, 24, 24, 1, 44.07%, 0, 0, 2, 879.82, 667897, 26
1401, 0, 0, 24, 24, 1, 44.07%, 0, 0, 2, 879.61, 672249, 26
1406, 0, 0, 24, 24, 1, 44.07%, 0, 0, 2, 895.87, 676737, 26
1411, 0, 0, 24, 24, 1, 44.07%, 0, 0, 2, 878.82, 681055, 26
1416, 0, 0, 24, 24, 1, 44.07%, 0, 0, 2, 872.27, 685390, 26
1422, 0, 0, 24, 24, 1, 44.07%, 0, 0, 2, 878.26, 689793, 26
1427, 0, 0, 25, 25, 1, 44.07%, 0, 0, 2, 905.48, 694288, 26
1432, 0, 0, 25, 25, 1, 44.07%, 0, 0, 2, 890.47, 698674, 26
1437, 0, 0, 25, 25, 1, 44.07%, 0, 0, 2, 841.93, 702992, 26
1442, 0, 0, 25, 25, 1, 44.07%, 0, 0, 2, 847.40, 707416, 26
1447, 0, 0, 25, 25, 1, 44.07%, 0, 0, 2, 846.22, 711752, 26
1452, 0, 0, 25, 25, 1, 44.07%, 0, 0, 2, 854.12, 716133, 26
1457, 0, 0, 25, 25, 1, 44.07%, 0, 0, 2, 849.33, 720472, 26
1462, 0, 0, 25, 25, 1, 44.07%, 0, 0, 2, 857.80, 725024, 26
1467, 0, 0, 26, 26, 1, 45.76%, 0, 0, 2, 842.12, 729311, 27
1472, 0, 0, 26, 26, 1, 45.76%, 0, 0, 2, 847.79, 733647, 27
1478, 0, 0, 26, 26, 1, 45.76%, 0, 0, 2, 861.60, 738121, 27
1483, 0, 0, 26, 26, 1, 45.76%, 0, 0, 2, 863.59, 742660, 27
1488, 0, 0, 26, 26, 1, 45.76%, 0, 0, 2, 857.99, 747012, 27
1493, 0, 0, 26, 26, 1, 45.76%, 0, 0, 2, 889.27, 751347, 27
1498, 0, 0, 26, 26, 1, 45.76%, 0, 0, 2, 874.63, 755886, 27
1503, 0, 0, 26, 26, 1, 45.76%, 0, 0, 2, 866.67, 760391, 27
1508, 0, 0, 26, 26, 1, 45.76%, 0, 0, 2, 874.23, 764777, 27
1513, 0, 0, 26, 26, 1, 45.76%, 0, 0, 2, 873.78, 769333, 27
1518, 0, 0, 26, 26, 1, 45.76%, 0, 0, 2, 866.49, 773685, 27
1524, 0, 0, 26, 26, 1, 45.76%, 0, 0, 2, 871.58, 778224, 27
1529, 0, 0, 26, 26, 1, 45.76%, 0, 0, 2, 866.63, 782576, 27
1534, 0, 0, 26, 26, 1, 45.76%, 0, 0, 2, 861.02, 786894, 27
1539, 0, 0, 26, 26, 1, 45.76%, 0, 0, 2, 877.10, 791365, 27
1544, 0, 0, 26, 26, 1, 45.76%, 0, 0, 2, 876.82, 795921, 27
1549, 0, 0, 26, 26, 1, 45.76%, 0, 0, 2, 875.31, 800290, 27
1554, 0, 0, 26, 26, 1, 45.76%, 0, 0, 2, 876.98, 804829, 27
1559, 0, 0, 26, 26, 1, 45.76%, 0, 0, 2, 877.00, 809351, 27
1564, 0, 0, 26, 26, 1, 45.76%, 0, 0, 2, 879.70, 813737, 27
1569, 0, 0, 26, 26, 1, 45.76%, 0, 0, 2, 877.82, 818106, 27
1575, 0, 0, 26, 26, 1, 45.76%, 0, 0, 2, 883.18, 822611, 27
1580, 0, 0, 26, 26, 1, 45.76%, 0, 0, 2, 884.86, 826980, 27
1585, 0, 0, 26, 26, 1, 45.76%, 0, 0, 2, 880.67, 831383, 27
1590, 0, 0, 26, 26, 1, 45.76%, 0, 0, 2, 887.29, 835888, 27
1595, 0, 0, 26, 26, 1, 45.76%, 0, 0, 2, 874.24, 840206, 27
1600, 0, 0, 26, 26, 1, 45.76%, 0, 0, 2, 894.45, 844728, 27
1605, 0, 0, 27, 27, 1, 47.46%, 0, 0, 2, 894.53, 849274, 28
1610, 0, 0, 27, 27, 1, 47.46%, 0, 0, 2, 885.44, 853643, 28
1615, 0, 0, 27, 27, 1, 47.46%, 0, 0, 2, 884.29, 858029, 28
1620, 0, 0, 28, 28, 1, 49.15%, 0, 0, 2, 888.14, 862558, 29
1626, 0, 0, 28, 28, 1, 49.15%, 0, 0, 2, 884.67, 866944, 29
1631, 0, 0, 28, 28, 1, 49.15%, 0, 0, 2, 900.42, 871466, 29
1636, 0, 0, 28, 28, 1, 49.15%, 0, 0, 2, 895.93, 876039, 29
1641, 0, 0, 28, 28, 1, 49.15%, 0, 0, 2, 885.68, 880408, 29
1646, 0, 0, 28, 28, 1, 49.15%, 0, 0, 2, 883.02, 884777, 29
1651, 0, 0, 28, 28, 1, 49.15%, 0, 0, 2, 890.84, 889265, 29
1656, 0, 0, 28, 28, 1, 49.15%, 0, 0, 2, 884.38, 893634, 29
1661, 0, 0, 28, 28, 1, 49.15%, 0, 0, 2, 889.25, 898003, 29
1666, 0, 0, 28, 28, 1, 49.15%, 0, 0, 2, 893.61, 902559, 29
1672, 0, 0, 28, 28, 1, 49.15%, 0, 0, 2, 896.31, 907115, 29
1677, 0, 0, 28, 28, 1, 49.15%, 0, 0, 2, 889.76, 911484, 29
1682, 0, 0, 28, 28, 1, 49.15%, 0, 0, 2, 893.25, 916023, 29
1687, 0, 0, 28, 28, 1, 49.15%, 0, 0, 2, 866.38, 920511, 29
1692, 0, 0, 28, 28, 1, 49.15%, 0, 0, 2, 861.73, 925067, 29
1697, 0, 0, 28, 28, 1, 49.15%, 0, 0, 2, 865.40, 929470, 29
1702, 0, 0, 28, 28, 1, 49.15%, 0, 0, 2, 254.73, 933933, 29
1707, 0, 0, 28, 28, 1, 49.15%, 0, 0, 2, 732.35, 938287, 29
1713, 0, 0, 28, 28, 1, 49.15%, 0, 0, 2, 867.43, 942866, 29
1718, 0, 0, 28, 28, 1, 49.15%, 0, 0, 2, 872.28, 947269, 29
1723, 0, 0, 28, 28, 1, 49.15%, 0, 0, 2, 848.64, 951565, 29
1728, 0, 0, 28, 28, 1, 49.15%, 0, 0, 2, 867.04, 955973, 29
1733, 0, 0, 28, 28, 1, 49.15%, 0, 0, 2, 877.07, 960444, 29
1738, 0, 0, 28, 28, 1, 49.15%, 0, 0, 2, 866.41, 964813, 29
1743, 0, 0, 28, 28, 1, 49.15%, 0, 0, 2, 863.64, 969335, 29
1748, 0, 0, 28, 28, 1, 49.15%, 0, 0, 2, 862.10, 973840, 29
1753, 0, 0, 28, 28, 1, 49.15%, 0, 0, 2, 861.61, 978192, 29
1758, 0, 0, 28, 28, 1, 49.15%, 0, 0, 2, 876.99, 982765, 29
1764, 0, 0, 28, 28, 1, 49.15%, 0, 0, 2, 884.18, 987338, 29
1769, 0, 0, 28, 28, 1, 49.15%, 0, 0, 2, 885.21, 991928, 29
1774, 0, 0, 28, 28, 1, 49.15%, 0, 0, 2, 873.48, 996297, 29
1779, 0, 0, 28, 28, 1, 49.15%, 0, 0, 2, 877.33, 1000785, 29
1784, 0, 0, 28, 28, 1, 49.15%, 0, 0, 2, 873.41, 1005103, 29
1789, 0, 0, 28, 28, 1, 49.15%, 0, 0, 2, 878.26, 1009489, 29
1794, 0, 0, 28, 28, 1, 49.15%, 0, 0, 2, 879.44, 1013994, 29
1799, 0, 0, 28, 28, 1, 49.15%, 0, 0, 2, 882.47, 1018380, 29
1804, 0, 0, 28, 28, 1, 49.15%, 0, 0, 2, 871.90, 1022732, 29
1809, 0, 0, 28, 28, 1, 49.15%, 0, 0, 2, 880.68, 1027271, 29
1814, 0, 0, 28, 28, 1, 49.15%, 0, 0, 2, 876.08, 1031623, 29
1820, 0, 0, 28, 28, 1, 49.15%, 0, 0, 2, 874.01, 1036128, 29
1825, 0, 0, 28, 28, 1, 49.15%, 0, 0, 2, 879.17, 1040514, 29
1830, 0, 0, 28, 28, 1, 49.15%, 0, 0, 2, 881.73, 1045019, 29
1835, 0, 0, 28, 28, 1, 49.15%, 0, 0, 2, 875.44, 1049371, 29
1840, 0, 0, 28, 28, 1, 49.15%, 0, 0, 2, 876.91, 1053859, 29
1845, 0, 0, 28, 28, 1, 49.15%, 0, 0, 2, 877.82, 1058211, 29
1850, 0, 0, 28, 28, 1, 49.15%, 0, 0, 2, 875.88, 1062563, 29
1855, 0, 0, 28, 28, 1, 49.15%, 0, 0, 2, 895.69, 1067068, 29
1860, 0, 0, 28, 28, 1, 49.15%, 0, 0, 2, 895.63, 1071641, 29
1866, 0, 0, 29, 29, 1, 50.85%, 0, 0, 2, 892.62, 1076187, 30
1871, 0, 0, 29, 29, 1, 50.85%, 0, 0, 2, 889.02, 1080607, 30
1876, 0, 0, 29, 29, 1, 50.85%, 0, 0, 2, 881.84, 1084959, 30
1881, 0, 0, 29, 29, 1, 50.85%, 0, 0, 2, 899.49, 1089481, 30
1886, 0, 0, 29, 29, 1, 50.85%, 0, 0, 2, 886.56, 1094003, 30
1891, 0, 0, 29, 29, 1, 50.85%, 0, 0, 2, 889.56, 1098525, 30
1896, 0, 0, 29, 29, 1, 50.85%, 0, 0, 2, 896.27, 1102928, 30
1901, 0, 0, 29, 29, 1, 50.85%, 0, 0, 2, 895.52, 1107314, 30
1907, 0, 0, 29, 29, 1, 50.85%, 0, 0, 2, 895.89, 1111870, 30
1912, 0, 0, 29, 29, 1, 50.85%, 0, 0, 2, 895.85, 1116409, 30
1917, 0, 0, 29, 29, 1, 50.85%, 0, 0, 2, 888.41, 1120812, 30
1922, 0, 0, 29, 29, 1, 50.85%, 0, 0, 2, 904.96, 1125218, 30
1927, 0, 0, 29, 29, 1, 50.85%, 0, 0, 2, 168.32, 1129550, 30
1932, 0, 0, 29, 29, 1, 50.85%, 0, 0, 2, 868.30, 1133948, 30
1937, 0, 0, 29, 29, 1, 50.85%, 0, 0, 2, 859.58, 1138322, 30
1942, 0, 0, 29, 29, 1, 50.85%, 0, 0, 2, 852.36, 1142861, 30
1947, 0, 0, 29, 29, 1, 50.85%, 0, 0, 2, 861.71, 1147417, 30
1952, 0, 0, 29, 29, 1, 50.85%, 0, 0, 2, 852.32, 1151748, 30
1957, 0, 0, 29, 29, 1, 50.85%, 0, 0, 2, 867.85, 1156155, 30
1962, 0, 0, 29, 29, 1, 50.85%, 0, 0, 2, 860.80, 1160524, 30
1968, 0, 0, 29, 29, 1, 50.85%, 0, 0, 2, 297.15, 1165008, 30
1973, 0, 0, 29, 29, 1, 50.85%, 0, 0, 2, 741.58, 1169336, 30
1978, 0, 0, 29, 29, 1, 50.85%, 0, 0, 2, 855.61, 1173920, 30
1983, 0, 0, 29, 29, 1, 50.85%, 0, 0, 2, 878.30, 1178527, 30
1988, 0, 0, 29, 29, 1, 50.85%, 0, 0, 2, 881.94, 1182930, 30
1993, 0, 0, 29, 29, 1, 50.85%, 0, 0, 2, 886.64, 1187571, 30
1998, 0, 0, 29, 29, 1, 50.85%, 0, 0, 2, 882.28, 1192008, 30
2003, 0, 0, 29, 29, 1, 50.85%, 0, 0, 2, 885.92, 1196632, 30
2009, 0, 0, 29, 29, 1, 50.85%, 0, 0, 2, 889.63, 1201239, 30
2014, 0, 0, 29, 29, 1, 50.85%, 0, 0, 2, 889.77, 1205863, 30
2019, 0, 0, 29, 29, 1, 50.85%, 0, 0, 2, 890.39, 1210470, 30
2024, 0, 0, 29, 29, 1, 50.85%, 0, 0, 2, 891.23, 1214924, 30
2029, 0, 0, 29, 29, 1, 50.85%, 0, 0, 2, 895.17, 1219548, 30
2034, 0, 0, 29, 29, 1, 50.85%, 0, 0, 2, 895.77, 1224155, 30
2039, 0, 0, 29, 29, 1, 50.85%, 0, 0, 2, 892.69, 1228609, 30
2044, 0, 0, 29, 29, 1, 50.85%, 0, 0, 2, 888.20, 1233012, 30
2050, 0, 0, 29, 29, 1, 50.85%, 0, 0, 2, 896.20, 1237619, 30
2055, 0, 0, 29, 29, 1, 50.85%, 0, 0, 2, 889.46, 1242039, 30
2060, 0, 0, 29, 29, 1, 50.85%, 0, 0, 2, 885.72, 1246442, 30
2065, 0, 0, 29, 29, 1, 50.85%, 0, 0, 2, 893.62, 1251015, 30
2070, 0, 0, 29, 29, 1, 50.85%, 0, 0, 2, 895.91, 1255452, 30
2075, 0, 0, 29, 29, 1, 50.85%, 0, 0, 2, 898.37, 1260059, 30
2080, 0, 0, 29, 29, 1, 50.85%, 0, 0, 2, 887.68, 1264513, 30
2085, 0, 0, 29, 29, 1, 50.85%, 0, 0, 2, 887.15, 1269069, 30
2090, 0, 0, 29, 29, 1, 50.85%, 0, 0, 2, 894.61, 1273591, 30
2095, 0, 0, 29, 29, 1, 50.85%, 0, 0, 2, 905.61, 1278110, 30
2101, 0, 0, 29, 29, 1, 50.85%, 0, 0, 2, 893.56, 1282550, 30
2106, 0, 0, 29, 29, 1, 50.85%, 0, 0, 2, 894.84, 1287089, 30
2111, 0, 0, 29, 29, 1, 50.85%, 0, 0, 2, 905.43, 1291610, 30
2116, 0, 0, 29, 29, 1, 50.85%, 0, 0, 2, 901.32, 1296218, 30
2121, 0, 0, 29, 29, 1, 50.85%, 0, 0, 2, 905.65, 1300718, 30
2126, 0, 0, 29, 29, 1, 50.85%, 0, 0, 2, 906.79, 1305200, 30
2131, 0, 0, 29, 29, 1, 50.85%, 0, 0, 2, 906.82, 1309700, 30
2136, 0, 0, 29, 29, 1, 50.85%, 0, 0, 2, 908.12, 1314200, 30
2141, 0, 0, 29, 29, 1, 50.85%, 0, 0, 2, 901.98, 1318664, 30
2146, 0, 0, 29, 29, 1, 50.85%, 0, 0, 2, 905.85, 1323308, 30
2151, 0, 0, 29, 29, 1, 50.85%, 0, 0, 2, 903.04, 1327772, 30
2156, 0, 0, 29, 29, 1, 50.85%, 0, 0, 2, 908.20, 1332434, 30
2162, 0, 0, 29, 29, 1, 50.85%, 0, 0, 2, 908.78, 1337096, 30
2167, 0, 0, 29, 29, 1, 50.85%, 0, 0, 2, 909.33, 1341596, 30
2172, 0, 0, 29, 29, 1, 50.85%, 0, 0, 2, 899.97, 1346181, 30
2177, 0, 0, 29, 29, 1, 50.85%, 0, 0, 2, 877.66, 1350758, 30
2182, 0, 0, 29, 29, 1, 50.85%, 0, 0, 2, 875.25, 1355222, 30
2187, 0, 0, 29, 29, 1, 50.85%, 0, 0, 2, 874.62, 1359832, 30
2192, 0, 0, 29, 29, 1, 50.85%, 0, 0, 2, 879.25, 1364269, 30
2197, 0, 0, 29, 29, 1, 50.85%, 0, 0, 2, 872.22, 1368689, 30
2202, 0, 0, 29, 29, 1, 50.85%, 0, 0, 2, 879.27, 1373160, 30
2207, 0, 0, 29, 29, 1, 50.85%, 0, 0, 2, 874.20, 1377631, 30
2212, 0, 0, 29, 29, 1, 50.85%, 0, 0, 2, 877.88, 1382289, 30
2218, 0, 0, 29, 29, 1, 50.85%, 0, 0, 2, 875.58, 1386879, 30
2223, 0, 0, 29, 29, 1, 50.85%, 0, 0, 2, 883.10, 1391367, 30
2228, 0, 0, 29, 29, 1, 50.85%, 0, 0, 2, 881.37, 1395821, 30
2233, 0, 0, 29, 29, 1, 50.85%, 0, 0, 2, 881.06, 1400462, 30
2238, 0, 0, 29, 29, 1, 50.85%, 0, 0, 2, 885.64, 1405120, 30
2243, 0, 0, 29, 29, 1, 50.85%, 0, 0, 2, 887.23, 1409727, 30
2248, 0, 0, 29, 29, 1, 50.85%, 0, 0, 2, 888.26, 1414164, 30
2253, 0, 0, 29, 29, 1, 50.85%, 0, 0, 2, 890.27, 1418669, 30
2258, 0, 0, 29, 29, 1, 50.85%, 0, 0, 2, 889.96, 1423310, 30
2263, 0, 0, 29, 29, 1, 50.85%, 0, 0, 2, 890.36, 1427798, 30
2269, 0, 0, 29, 29, 1, 50.85%, 0, 0, 2, 891.98, 1432439, 30
2274, 0, 0, 29, 29, 1, 50.85%, 0, 0, 2, 894.03, 1436910, 30
2279, 0, 0, 29, 29, 1, 50.85%, 0, 0, 2, 894.23, 1441517, 30
2284, 0, 0, 29, 29, 1, 50.85%, 0, 0, 2, 894.03, 1445988, 30
2289, 0, 0, 29, 29, 1, 50.85%, 0, 0, 2, 896.20, 1450476, 30
2294, 0, 0, 29, 29, 1, 50.85%, 0, 0, 2, 899.30, 1455134, 30
2299, 0, 0, 29, 29, 1, 50.85%, 0, 0, 2, 897.91, 1459622, 30
2304, 0, 0, 29, 29, 1, 50.85%, 0, 0, 2, 896.56, 1464110, 30
2309, 0, 0, 29, 29, 1, 50.85%, 0, 0, 2, 899.07, 1468768, 30
2314, 0, 0, 29, 29, 1, 50.85%, 0, 0, 2, 894.17, 1473239, 30
2319, 0, 0, 29, 29, 1, 50.85%, 0, 0, 2, 897.68, 1477880, 30
2324, 0, 0, 29, 29, 1, 50.85%, 0, 0, 2, 890.60, 1482351, 30
2330, 0, 0, 29, 29, 1, 50.85%, 0, 0, 2, 892.10, 1486924, 30
2335, 0, 0, 29, 29, 1, 50.85%, 0, 0, 2, 894.46, 1491412, 30
2340, 0, 0, 29, 29, 1, 50.85%, 0, 0, 2, 901.60, 1496002, 30
2345, 0, 0, 29, 29, 1, 50.85%, 0, 0, 2, 904.22, 1500536, 30
2350, 0, 0, 29, 29, 1, 50.85%, 0, 0, 2, 902.74, 1505036, 30
2355, 0, 0, 29, 29, 1, 50.85%, 0, 0, 2, 901.28, 1509698, 30
2360, 0, 0, 29, 29, 1, 50.85%, 0, 0, 2, 894.62, 1514277, 30
2365, 0, 0, 29, 29, 1, 50.85%, 0, 0, 2, 892.54, 1518714, 30
2370, 0, 0, 29, 29, 1, 50.85%, 0, 0, 2, 900.48, 1523287, 30
2375, 0, 0, 29, 29, 1, 50.85%, 0, 0, 2, 905.45, 1527806, 30
2381, 0, 0, 29, 29, 1, 50.85%, 0, 0, 2, 905.90, 1532486, 30
2386, 0, 0, 29, 29, 1, 50.85%, 0, 0, 2, 903.26, 1536950, 30
2391, 0, 0, 29, 29, 1, 50.85%, 0, 0, 2, 902.91, 1541594, 30
2396, 0, 0, 29, 29, 1, 50.85%, 0, 0, 2, 902.56, 1546094, 30
2401, 0, 0, 29, 29, 1, 50.85%, 0, 0, 2, 904.13, 1550576, 30
2406, 0, 0, 29, 29, 1, 50.85%, 0, 0, 2, 898.49, 1555179, 30
2411, 0, 0, 29, 29, 1, 50.85%, 0, 0, 2, 898.62, 1559769, 30
2416, 0, 0, 29, 29, 1, 50.85%, 0, 0, 2, 905.52, 1564238, 30
2421, 0, 0, 29, 29, 1, 50.85%, 0, 0, 2, 907.20, 1568738, 30
2427, 0, 0, 29, 29, 1, 50.85%, 0, 0, 2, 907.38, 1573400, 30
2432, 0, 0, 29, 29, 1, 50.85%, 0, 0, 2, 907.76, 1578062, 30
2437, 0, 0, 29, 29, 1, 50.85%, 0, 0, 2, 875.30, 1582580, 30
2442, 0, 0, 29, 29, 1, 50.85%, 0, 0, 2, 876.99, 1587062, 30
2447, 0, 0, 29, 29, 1, 50.85%, 0, 0, 2, 877.59, 1591544, 30
2452, 0, 0, 29, 29, 1, 50.85%, 0, 0, 2, 872.53, 1595979, 30
2457, 0, 0, 29, 29, 1, 50.85%, 0, 0, 2, 874.05, 1600586, 30
2462, 0, 0, 29, 29, 1, 50.85%, 0, 0, 2, 876.83, 1605227, 30
2468, 0, 0, 29, 29, 1, 50.85%, 0, 0, 2, 883.07, 1609885, 30
2473, 0, 0, 29, 29, 1, 50.85%, 0, 0, 2, 886.48, 1614390, 30
2478, 0, 0, 29, 29, 1, 50.85%, 0, 0, 2, 889.14, 1618912, 30
2483, 0, 0, 29, 29, 1, 50.85%, 0, 0, 2, 879.91, 1623502, 30
2488, 0, 0, 29, 29, 1, 50.85%, 0, 0, 2, 882.70, 1628092, 30
2493, 0, 0, 29, 29, 1, 50.85%, 0, 0, 2, 881.25, 1632546, 30
2498, 0, 0, 29, 29, 1, 50.85%, 0, 0, 2, 890.69, 1637204, 30
2503, 0, 0, 29, 29, 1, 50.85%, 0, 0, 2, 891.17, 1641709, 30
2508, 0, 0, 29, 29, 1, 50.85%, 0, 0, 2, 891.53, 1646367, 30
2513, 0, 0, 29, 29, 1, 50.85%, 0, 0, 2, 887.34, 1650855, 30
2519, 0, 0, 29, 29, 1, 50.85%, 0, 0, 2, 884.95, 1655428, 30
2524, 0, 0, 29, 29, 1, 50.85%, 0, 0, 2, 893.22, 1659882, 30
2529, 0, 0, 29, 29, 1, 50.85%, 0, 0, 2, 897.70, 1664540, 30
2534, 0, 0, 29, 29, 1, 50.85%, 0, 0, 2, 891.43, 1669045, 30
2539, 0, 0, 29, 29, 1, 50.85%, 0, 0, 2, 890.15, 1673635, 30
2544, 0, 0, 29, 29, 1, 50.85%, 0, 0, 2, 895.80, 1678106, 30
2549, 0, 0, 29, 29, 1, 50.85%, 0, 0, 2, 895.24, 1682594, 30
2554, 0, 0, 29, 29, 1, 50.85%, 0, 0, 2, 900.46, 1687269, 30
2559, 0, 0, 29, 29, 1, 50.85%, 0, 0, 2, 899.85, 1691774, 30
2564, 0, 0, 29, 29, 1, 50.85%, 0, 0, 2, 896.84, 1696245, 30
2569, 0, 0, 29, 29, 1, 50.85%, 0, 0, 2, 892.48, 1700699, 30
2574, 0, 0, 29, 29, 1, 50.85%, 0, 0, 2, 894.52, 1705340, 30
2580, 0, 0, 29, 29, 1, 50.85%, 0, 0, 2, 898.24, 1709947, 30
2585, 0, 0, 29, 29, 1, 50.85%, 0, 0, 2, 893.75, 1714435, 30
2590, 0, 0, 29, 29, 1, 50.85%, 0, 0, 2, 896.63, 1719025, 30
2595, 0, 0, 29, 29, 1, 50.85%, 0, 0, 2, 894.69, 1723479, 30
2600, 0, 0, 29, 29, 1, 50.85%, 0, 0, 2, 903.47, 1728128, 30
2605, 0, 0, 29, 29, 1, 50.85%, 0, 0, 2, 900.82, 1732591, 30
2610, 0, 0, 29, 29, 1, 50.85%, 0, 0, 2, 901.47, 1737062, 30
2615, 0, 0, 29, 29, 1, 50.85%, 0, 0, 2, 902.83, 1741556, 30
2620, 0, 0, 29, 29, 1, 50.85%, 0, 0, 2, 901.88, 1746218, 30
2625, 0, 0, 29, 29, 1, 50.85%, 0, 0, 2, 901.82, 1750862, 30
2631, 0, 0, 29, 29, 1, 50.85%, 0, 0, 2, 901.16, 1755488, 30
2636, 0, 0, 29, 29, 1, 50.85%, 0, 0, 2, 908.80, 1760024, 30
2641, 0, 0, 29, 29, 1, 50.85%, 0, 0, 2, 906.26, 1764686, 30
2646, 0, 0, 29, 29, 1, 50.85%, 0, 0, 2, 906.54, 1769168, 30
2651, 0, 0, 29, 29, 1, 50.85%, 0, 0, 2, 909.19, 1773686, 30
2656, 0, 0, 29, 29, 1, 50.85%, 0, 0, 2, 907.39, 1778186, 30
2661, 0, 0, 29, 29, 1, 50.85%, 0, 0, 2, 909.84, 1782722, 30
2666, 0, 0, 29, 29, 1, 50.85%, 0, 0, 2, 911.85, 1787222, 30
2671, 0, 0, 29, 29, 1, 50.85%, 0, 0, 2, 916.42, 1791902, 30
2676, 0, 0, 29, 29, 1, 50.85%, 0, 0, 2, 912.46, 1796492, 30
2681, 0, 0, 29, 29, 1, 50.85%, 0, 0, 2, 917.08, 1801100, 30
2686, 0, 0, 29, 29, 1, 50.85%, 0, 0, 2, 910.86, 1805690, 30
2692, 0, 0, 30, 30, 1, 50.85%, 0, 0, 2, 911.26, 1810323, 30
2697, 0, 0, 30, 30, 1, 50.85%, 0, 0, 2, 910.07, 1814895, 30
2702, 0, 0, 30, 30, 1, 50.85%, 0, 0, 2, 915.38, 1819539, 30
2707, 0, 0, 30, 30, 1, 50.85%, 0, 0, 2, 895.33, 1824111, 30
2712, 0, 0, 30, 30, 1, 50.85%, 0, 0, 2, 889.43, 1828719, 30
2717, 0, 0, 30, 30, 1, 50.85%, 0, 0, 2, 894.28, 1833323, 30
2722, 0, 0, 30, 30, 1, 50.85%, 0, 0, 2, 883.26, 1837913, 30
2727, 0, 0, 30, 30, 1, 50.85%, 0, 0, 2, 895.98, 1842520, 30
2732, 0, 0, 30, 30, 1, 50.85%, 0, 0, 2, 893.66, 1847127, 30
2738, 0, 0, 30, 30, 1, 50.85%, 0, 0, 2, 888.72, 1851683, 30
2743, 0, 0, 30, 30, 1, 50.85%, 0, 0, 2, 892.16, 1856222, 30
2748, 0, 0, 30, 30, 1, 50.85%, 0, 0, 2, 894.78, 1860795, 30
2753, 0, 0, 30, 30, 1, 50.85%, 0, 0, 2, 894.94, 1865419, 30
2758, 0, 0, 30, 30, 1, 50.85%, 0, 0, 2, 894.41, 1869992, 30
2763, 0, 0, 30, 30, 1, 50.85%, 0, 0, 2, 905.13, 1874655, 30
2768, 0, 0, 30, 30, 1, 50.85%, 0, 0, 2, 902.50, 1879281, 30
2773, 0, 0, 30, 30, 1, 50.85%, 0, 0, 2, 895.45, 1883881, 30
2778, 0, 0, 30, 30, 1, 50.85%, 0, 0, 2, 898.69, 1888437, 30
2783, 0, 0, 40, 40, 1, 50.85%, 0, 0, 2, 900.36, 1893070, 30
2788, 0, 0, 43, 43, 1, 50.85%, 0, 0, 2, 892.16, 1897630, 30
2794, 0, 0, 44, 44, 1, 50.85%, 0, 0, 2, 893.39, 1902278, 30
2799, 0, 0, 44, 44, 1, 50.85%, 0, 0, 2, 901.02, 1906817, 30
2804, 0, 0, 46, 46, 1, 50.85%, 0, 0, 2, 903.55, 1911464, 30
2809, 0, 0, 46, 46, 1, 50.85%, 0, 0, 2, 897.62, 1916079, 30
2814, 0, 0, 47, 47, 1, 50.85%, 0, 0, 2, 897.66, 1920608, 30
2819, 0, 0, 47, 47, 1, 50.85%, 0, 0, 2, 900.07, 1925113, 30
2824, 0, 0, 47, 47, 1, 50.85%, 0, 0, 2, 902.08, 1929669, 30
2829, 0, 0, 47, 47, 1, 50.85%, 0, 0, 2, 908.18, 1934349, 30
2834, 0, 0, 47, 47, 1, 50.85%, 0, 0, 2, 903.82, 1938957, 30
2839, 0, 0, 47, 47, 1, 50.85%, 0, 0, 2, 894.95, 1943439, 30
2844, 0, 0, 47, 47, 1, 50.85%, 0, 0, 2, 903.40, 1947921, 30
2849, 0, 0, 47, 47, 1, 50.85%, 0, 0, 2, 905.94, 1952493, 30
2855, 0, 0, 47, 47, 1, 50.85%, 0, 0, 2, 906.20, 1957065, 30
2860, 0, 0, 47, 47, 1, 50.85%, 0, 0, 2, 904.95, 1961673, 30
2865, 0, 0, 47, 47, 1, 50.85%, 0, 0, 2, 908.46, 1966263, 30
2870, 0, 0, 47, 47, 1, 50.85%, 0, 0, 2, 910.05, 1970943, 30
2875, 0, 0, 47, 47, 1, 50.85%, 0, 0, 2, 909.49, 1975515, 30
2880, 0, 0, 47, 47, 1, 50.85%, 0, 0, 2, 904.71, 1980015, 30
2885, 0, 0, 47, 47, 1, 50.85%, 0, 0, 2, 908.49, 1984587, 30
2890, 0, 0, 47, 47, 1, 50.85%, 0, 0, 2, 903.57, 1989105, 30
2895, 0, 0, 47, 47, 1, 50.85%, 0, 0, 2, 905.62, 1993641, 30
2900, 0, 0, 47, 47, 1, 50.85%, 0, 0, 2, 904.19, 1998159, 30
2905, 0, 0, 47, 47, 1, 50.85%, 0, 0, 2, 903.96, 2002785, 30
2910, 0, 0, 47, 47, 1, 50.85%, 0, 0, 2, 906.42, 2007303, 30
2915, 0, 0, 47, 47, 1, 50.85%, 0, 0, 2, 906.57, 2011857, 30
2921, 0, 0, 47, 47, 1, 50.85%, 0, 0, 2, 911.29, 2016501, 30
2926, 0, 0, 47, 47, 1, 50.85%, 0, 0, 2, 909.40, 2021055, 30
2931, 0, 0, 47, 47, 1, 50.85%, 0, 0, 2, 907.10, 2025573, 30
2936, 0, 0, 47, 47, 1, 50.85%, 0, 0, 2, 905.00, 2030163, 30
2941, 0, 0, 47, 47, 1, 50.85%, 0, 0, 2, 909.24, 2034717, 30
2946, 0, 0, 47, 47, 1, 50.85%, 0, 0, 2, 912.67, 2039397, 30
2951, 0, 0, 47, 47, 1, 50.85%, 0, 0, 2, 910.63, 2043987, 30
2956, 0, 0, 47, 47, 1, 50.85%, 0, 0, 2, 911.03, 2048613, 30
2961, 0, 0, 47, 47, 1, 50.85%, 0, 0, 2, 908.28, 2053167, 30
2966, 0, 0, 47, 47, 1, 50.85%, 0, 0, 2, 911.48, 2057775, 30
2971, 0, 0, 47, 47, 1, 50.85%, 0, 0, 2, 914.00, 2062365, 30
2976, 0, 0, 47, 47, 1, 50.85%, 0, 0, 2, 914.46, 2066883, 30
2977, 0, 0, 47, 47, 1, 50.85%, 1, 0, 2, 0.00, 2067063, 30
