# relative_time, cycles_done, cur_item, corpus_count, pending_total, pending_favs, map_size, saved_crashes, saved_hangs, max_depth, execs_per_sec, total_execs, edges_found
62, 0, 0, 18, 18, 1, 32.81%, 0, 0, 2, 2.88, 3059, 21
93, 0, 0, 19, 19, 1, 32.81%, 0, 0, 2, 4.10, 5110, 21
98, 0, 0, 19, 19, 1, 32.81%, 0, 0, 2, 526.56, 7701, 21
121, 0, 0, 19, 19, 1, 32.81%, 0, 0, 2, 5.05, 8651, 21
126, 0, 0, 19, 19, 1, 32.81%, 0, 0, 2, 523.52, 11311, 21
151, 0, 0, 19, 19, 1, 32.81%, 0, 0, 2, 4.09, 11411, 21
156, 0, 0, 20, 20, 1, 32.81%, 0, 0, 2, 527.08, 14068, 21
177, 0, 0, 20, 20, 1, 32.81%, 0, 0, 2, 3.41, 14328, 21
182, 0, 0, 21, 21, 1, 32.81%, 0, 0, 2, 257.71, 16995, 21
202, 0, 0, 21, 21, 1, 32.81%, 0, 0, 2, 4.54, 17589, 21
208, 0, 0, 21, 21, 1, 32.81%, 0, 0, 2, 562.66, 20451, 21
230, 0, 0, 21, 21, 1, 32.81%, 0, 0, 2, 0.51, 21254, 21
235, 0, 0, 21, 21, 1, 32.81%, 0, 0, 2, 343.28, 24123, 21
259, 0, 0, 22, 22, 1, 32.81%, 0, 0, 2, 0.18, 24654, 21
264, 0, 0, 22, 22, 1, 32.81%, 0, 0, 2, 653.34, 27991, 21
285, 0, 0, 22, 22, 1, 32.81%, 0, 0, 2, 4.43, 29107, 21
290, 0, 0, 22, 22, 1, 32.81%, 0, 0, 2, 584.82, 32062, 21
306, 0, 0, 22, 22, 1, 32.81%, 0, 0, 2, 2.71, 33646, 21
319, 0, 0, 22, 22, 1, 32.81%, 0, 0, 2, 0.30, 33650, 21
325, 0, 0, 22, 22, 1, 32.81%, 0, 0, 2, 693.94, 37234, 21
351, 0, 0, 22, 22, 1, 32.81%, 0, 0, 2, 4.99, 38626, 21
356, 0, 0, 22, 22, 1, 32.81%, 0, 0, 2, 480.16, 40996, 21
382, 0, 0, 22, 22, 1, 32.81%, 0, 0, 2, 2.28, 41941, 21
387, 0, 0, 22, 22, 1, 32.81%, 0, 0, 2, 531.87, 44492, 21
400, 0, 0, 22, 22, 1, 32.81%, 0, 0, 2, 4.68, 45626, 21
408, 0, 0, 22, 22, 1, 32.81%, 0, 0, 2, 4.57, 46253, 21
419, 0, 0, 22, 22, 1, 32.81%, 0, 0, 2, 0.37, 46257, 21
424, 0, 0, 22, 22, 1, 32.81%, 0, 0, 2, 591.65, 49245, 21
445, 0, 0, 23, 23, 1, 32.81%, 0, 0, 2, 0.54, 50059, 21
450, 0, 0, 23, 23, 1, 32.81%, 0, 0, 2, 573.43, 53057, 21
470, 0, 0, 23, 23, 1, 32.81%, 0, 0, 2, 3.92, 54081, 21
476, 0, 0, 23, 23, 1, 32.81%, 0, 0, 2, 72.74, 57079, 21
488, 0, 0, 23, 23, 1, 32.81%, 0, 0, 2, 8.00, 57501, 21
505, 0, 0, 23, 23, 1, 32.81%, 0, 0, 2, 4.47, 60142, 21
510, 0, 0, 23, 23, 1, 32.81%, 0, 0, 2, 526.54, 63119, 21
526, 0, 0, 23, 23, 1, 32.81%, 0, 0, 2, 6.48, 64410, 21
531, 0, 0, 23, 23, 1, 32.81%, 0, 0, 2, 608.98, 67577, 21
547, 0, 0, 23, 23, 1, 32.81%, 0, 0, 2, 1.60, 68975, 21
553, 0, 0, 23, 23, 1, 32.81%, 0, 0, 2, 665.31, 72367, 21
562, 0, 0, 23, 23, 1, 32.81%, 0, 0, 2, 7.66, 73836, 21
575, 0, 0, 23, 23, 1, 32.81%, 0, 0, 2, 4.08, 76800, 21
581, 0, 0, 24, 24, 1, 34.38%, 0, 0, 2, 750.00, 80268, 22
589, 0, 0, 24, 24, 1, 34.38%, 0, 0, 2, 2.36, 81864, 22
599, 0, 0, 24, 24, 1, 34.38%, 0, 0, 2, 17.23, 85368, 22
604, 0, 0, 24, 24, 1, 34.38%, 0, 0, 2, 679.79, 87363, 22
613, 0, 0, 24, 24, 1, 34.38%, 0, 0, 2, 5.79, 90340, 22
619, 0, 0, 24, 24, 1, 34.38%, 0, 0, 2, 719.15, 94090, 22
629, 0, 0, 24, 24, 1, 34.38%, 0, 0, 2, 22.77, 96400, 22
634, 0, 0, 24, 24, 1, 34.38%, 0, 0, 2, 723.35, 100012, 22
649, 0, 0, 24, 24, 1, 34.38%, 0, 0, 2, 11.81, 102924, 22
654, 0, 0, 24, 24, 1, 34.38%, 0, 0, 2, 767.91, 106836, 22
660, 0, 0, 24, 24, 1, 34.38%, 0, 0, 2, 46.87, 109770, 22
665, 0, 0, 24, 24, 1, 34.38%, 0, 0, 2, 740.00, 113522, 22
673, 0, 0, 24, 24, 1, 34.38%, 0, 0, 2, 5.05, 115146, 22
678, 0, 0, 24, 24, 1, 34.38%, 0, 0, 2, 762.65, 118911, 22
683, 0, 0, 24, 24, 1, 34.38%, 0, 0, 2, 737.30, 122566, 22
688, 0, 0, 24, 24, 1, 34.38%, 0, 0, 2, 738.02, 126318, 22
694, 0, 0, 24, 24, 1, 34.38%, 0, 0, 2, 46.85, 128244, 22
699, 0, 0, 24, 24, 1, 34.38%, 0, 0, 2, 704.83, 131914, 22
704, 0, 0, 24, 24, 1, 34.38%, 0, 0, 2, 741.10, 134312, 22
709, 0, 0, 24, 24, 1, 34.38%, 0, 0, 2, 743.89, 137994, 22
714, 0, 0, 25, 25, 1, 37.50%, 0, 0, 2, 795.10, 141853, 24
720, 0, 0, 25, 25, 1, 37.50%, 0, 0, 2, 726.16, 145468, 24
725, 0, 0, 25, 25, 1, 37.50%, 0, 0, 2, 696.58, 148886, 24
733, 0, 0, 25, 25, 1, 37.50%, 0, 0, 2, 7.46, 152353, 24
738, 0, 0, 25, 25, 1, 37.50%, 0, 0, 2, 773.33, 156358, 24
743, 0, 0, 25, 25, 1, 37.50%, 0, 0, 2, 772.04, 160258, 24
749, 0, 0, 25, 25, 1, 37.50%, 0, 0, 2, 797.24, 164218, 24
754, 0, 0, 25, 25, 1, 37.50%, 0, 0, 2, 823.50, 168123, 24
760, 0, 0, 25, 25, 1, 37.50%, 0, 0, 2, 5.78, 171035, 24
765, 0, 0, 25, 25, 1, 37.50%, 0, 0, 2, 71.75, 175035, 24
770, 0, 0, 25, 25, 1, 37.50%, 0, 0, 2, 840.00, 178846, 24
775, 0, 0, 25, 25, 1, 37.50%, 0, 0, 2, 798.47, 182747, 24
781, 0, 0, 25, 25, 1, 37.50%, 0, 0, 2, 759.68, 186643, 24
787, 0, 0, 25, 25, 1, 37.50%, 0, 0, 2, 26.34, 189703, 24
792, 0, 0, 25, 25, 1, 37.50%, 0, 0, 2, 784.21, 193708, 24
797, 0, 0, 25, 25, 1, 37.50%, 0, 0, 2, 779.47, 197578, 24
802, 0, 0, 25, 25, 1, 37.50%, 0, 0, 2, 771.02, 201313, 24
807, 0, 0, 25, 25, 1, 37.50%, 0, 0, 2, 776.36, 205243, 24
814, 0, 0, 25, 25, 1, 37.50%, 0, 0, 2, 24.71, 207604, 24
819, 0, 0, 25, 25, 1, 37.50%, 0, 0, 2, 805.42, 211803, 24
824, 0, 0, 25, 25, 1, 37.50%, 0, 0, 2, 806.15, 215707, 24
830, 0, 0, 25, 25, 1, 37.50%, 0, 0, 2, 847.46, 219675, 24
835, 0, 0, 25, 25, 1, 37.50%, 0, 0, 2, 760.15, 223183, 24
840, 0, 0, 25, 25, 1, 37.50%, 0, 0, 2, 617.52, 227015, 24
845, 0, 0, 25, 25, 1, 37.50%, 0, 0, 2, 746.74, 230569, 24
850, 0, 0, 25, 25, 1, 37.50%, 0, 0, 2, 832.83, 234507, 24
855, 0, 0, 25, 25, 1, 37.50%, 0, 0, 2, 805.93, 238507, 24
860, 0, 0, 25, 25, 1, 37.50%, 0, 0, 2, 759.20, 242398, 24
865, 0, 0, 25, 25, 1, 37.50%, 0, 0, 2, 745.19, 246179, 24
870, 0, 0, 25, 25, 1, 37.50%, 0, 0, 2, 750.63, 249959, 24
875, 0, 0, 25, 25, 1, 37.50%, 0, 0, 2, 803.16, 253995, 24
881, 0, 0, 25, 25, 1, 37.50%, 0, 0, 2, 795.60, 258103, 24
886, 0, 0, 25, 25, 1, 37.50%, 0, 0, 2, 789.99, 262168, 24
891, 0, 0, 25, 25, 1, 37.50%, 0, 0, 2, 766.28, 265918, 24
896, 0, 0, 25, 25, 1, 37.50%, 0, 0, 2, 746.57, 269307, 24
901, 0, 0, 25, 25, 1, 37.50%, 0, 0, 2, 787.45, 273223, 24
906, 0, 0, 25, 25, 1, 37.50%, 0, 0, 2, 792.48, 277213, 24
911, 0, 0, 25, 25, 1, 37.50%, 0, 0, 2, 790.60, 281113, 24
916, 0, 0, 25, 25, 1, 37.50%, 0, 0, 2, 810.18, 285051, 24
921, 0, 0, 26, 26, 1, 39.06%, 0, 0, 2, 791.01, 288980, 25
926, 0, 0, 26, 26, 1, 39.06%, 0, 0, 2, 778.96, 292940, 25
931, 0, 0, 27, 27, 1, 40.62%, 0, 0, 2, 795.24, 296667, 26
936, 0, 0, 27, 27, 1, 40.62%, 0, 0, 2, 797.21, 300687, 26
942, 0, 0, 27, 27, 1, 40.62%, 0, 0, 2, 754.52, 304407, 26
947, 0, 0, 28, 28, 1, 42.19%, 0, 0, 2, 815.13, 308544, 27
952, 0, 0, 30, 30, 1, 43.75%, 0, 0, 2, 852.13, 312132, 28
957, 0, 0, 30, 30, 1, 43.75%, 0, 0, 2, 824.38, 316008, 28
962, 0, 0, 30, 30, 1, 43.75%, 0, 0, 2, 809.49, 319982, 28
967, 0, 0, 30, 30, 1, 43.75%, 0, 0, 2, 787.42, 324003, 28
972, 0, 0, 30, 30, 1, 43.75%, 0, 0, 2, 791.42, 328053, 28
977, 0, 0, 30, 30, 1, 43.75%, 0, 0, 2, 793.98, 332283, 28
982, 0, 0, 30, 30, 1, 43.75%, 0, 0, 2, 764.88, 335958, 28
988, 0, 0, 30, 30, 1, 43.75%, 0, 0, 2, 826.77, 339918, 28
993, 0, 0, 30, 30, 1, 43.75%, 0, 0, 2, 869.55, 344058, 28
998, 0, 0, 30, 30, 1, 43.75%, 0, 0, 2, 840.31, 348350, 28
1003, 0, 0, 30, 30, 1, 43.75%, 0, 0, 2, 797.08, 352462, 28
1008, 0, 0, 30, 30, 1, 43.75%, 0, 0, 2, 817.08, 356526, 28
1013, 0, 0, 30, 30, 1, 43.75%, 0, 0, 2, 781.39, 360603, 28
1018, 0, 0, 30, 30, 1, 43.75%, 0, 0, 2, 867.73, 364781, 28
1024, 0, 0, 30, 30, 1, 43.75%, 0, 0, 2, 601.40, 368719, 28
1029, 0, 0, 30, 30, 1, 43.75%, 0, 0, 2, 19.82, 372663, 28
1034, 0, 0, 30, 30, 1, 43.75%, 0, 0, 2, 808.38, 376702, 28
1039, 0, 0, 30, 30, 1, 43.75%, 0, 0, 2, 842.12, 380894, 28
1044, 0, 0, 30, 30, 1, 43.75%, 0, 0, 2, 845.31, 385070, 28
1049, 0, 0, 30, 30, 1, 43.75%, 0, 0, 2, 854.58, 389448, 28
1054, 0, 26, 39, 35, 7, 45.31%, 0, 0, 3, 824.45, 393561, 29
1060, 0, 45, 49, 37, 3, 45.31%, 0, 0, 4, 868.74, 397402, 29
1065, 0, 47, 52, 37, 0, 45.31%, 0, 0, 4, 856.92, 401646, 29
1070, 0, 51, 54, 38, 0, 45.31%, 0, 0, 5, 831.02, 405927, 29
1075, 0, 51, 54, 38, 0, 45.31%, 0, 0, 5, 863.18, 410335, 29
1080, 0, 32, 55, 39, 0, 45.31%, 0, 0, 5, 866.97, 414770, 29
1085, 0, 37, 57, 41, 0, 45.31%, 0, 0, 5, 852.33, 418864, 29
1090, 0, 32, 59, 43, 0, 45.31%, 0, 0, 5, 895.58, 422441, 29
1096, 0, 51, 59, 43, 0, 45.31%, 0, 0, 5, 854.33, 426656, 29
1101, 0, 51, 59, 43, 0, 45.31%, 0, 0, 5, 871.72, 430446, 29
1106, 0, 31, 59, 43, 0, 45.31%, 0, 0, 5, 867.18, 434845, 29
1111, 0, 32, 59, 43, 0, 45.31%, 0, 0, 5, 851.84, 439193, 29
1116, 0, 32, 59, 42, 0, 45.31%, 0, 0, 5, 882.84, 443344, 29
1121, 1, 51, 59, 42, 0, 45.31%, 0, 0, 5, 891.53, 447895, 29
1126, 1, 32, 61, 44, 0, 45.31%, 0, 0, 5, 907.75, 452134, 29
1132, 1, 32, 63, 44, 0, 45.31%, 0, 0, 5, 901.83, 456460, 29
1137, 1, 32, 65, 46, 0, 45.31%, 0, 0, 5, 884.88, 460812, 29
1142, 1, 27, 69, 50, 0, 45.31%, 0, 0, 5, 862.61, 465054, 29
1147, 1, 37, 69, 50, 0, 45.31%, 0, 0, 5, 823.21, 468876, 29
1152, 1, 67, 71, 50, 0, 45.31%, 0, 0, 5, 863.56, 473204, 29
1157, 1, 32, 72, 50, 0, 45.31%, 0, 0, 5, 805.81, 477421, 29
1162, 2, 32, 80, 57, 0, 45.31%, 0, 0, 5, 835.29, 481925, 29
1167, 2, 32, 82, 58, 0, 45.31%, 0, 0, 5, 827.04, 486313, 29
1173, 2, 32, 87, 62, 0, 45.31%, 0, 0, 5, 838.91, 490742, 29
1178, 2, 72, 88, 62, 0, 45.31%, 0, 0, 5, 850.44, 495037, 29
1183, 2, 32, 89, 62, 0, 45.31%, 0, 0, 5, 851.90, 499424, 29
1188, 2, 82, 90, 63, 0, 45.31%, 0, 0, 5, 798.06, 503496, 29
1193, 2, 67, 90, 60, 0, 45.31%, 0, 0, 5, 817.74, 507661, 29
1198, 2, 67, 91, 59, 0, 45.31%, 0, 0, 5, 830.64, 512008, 29
1203, 2, 51, 91, 57, 0, 45.31%, 0, 0, 5, 855.32, 516483, 29
1208, 2, 40, 92, 57, 0, 45.31%, 0, 0, 5, 820.52, 520530, 29
1213, 2, 39, 93, 57, 0, 45.31%, 0, 0, 5, 815.48, 524852, 29
1219, 2, 39, 93, 57, 0, 45.31%, 0, 0, 5, 848.17, 529277, 29
1224, 3, 39, 93, 56, 0, 45.31%, 0, 0, 5, 856.81, 533585, 29
1229, 3, 45, 93, 56, 0, 45.31%, 0, 0, 5, 143.53, 537495, 29
1234, 3, 67, 93, 56, 0, 45.31%, 0, 0, 5, 862.23, 541798, 29
1239, 3, 51, 93, 56, 0, 45.31%, 0, 0, 5, 855.96, 546256, 29
1244, 3, 51, 94, 57, 0, 45.31%, 0, 0, 5, 865.49, 550715, 29
1249, 3, 31, 95, 58, 0, 45.31%, 0, 0, 5, 872.17, 555081, 29
1254, 3, 39, 95, 57, 0, 45.31%, 0, 0, 5, 871.91, 559432, 29
1259, 3, 40, 95, 57, 0, 45.31%, 0, 0, 5, 839.38, 563592, 29
1264, 3, 67, 95, 57, 0, 45.31%, 0, 0, 5, 865.98, 568114, 29
1269, 3, 39, 95, 57, 0, 45.31%, 0, 0, 5, 872.85, 572656, 29
1275, 3, 39, 96, 58, 0, 45.31%, 0, 0, 5, 873.01, 577035, 29
1280, 3, 31, 96, 58, 0, 45.31%, 0, 0, 5, 887.48, 581517, 29
1285, 4, 31, 96, 58, 0, 45.31%, 0, 0, 5, 882.34, 585863, 29
1290, 4, 95, 96, 58, 0, 45.31%, 0, 0, 5, 836.87, 590092, 29
1295, 4, 39, 97, 55, 0, 45.31%, 0, 0, 6, 860.31, 594558, 29
1300, 4, 51, 97, 55, 0, 45.31%, 0, 0, 6, 882.97, 598742, 29
1305, 4, 39, 97, 55, 0, 45.31%, 0, 0, 6, 877.88, 603092, 29
1310, 4, 46, 97, 55, 0, 45.31%, 0, 0, 6, 842.19, 607301, 29
1315, 4, 39, 97, 55, 0, 45.31%, 0, 0, 6, 866.01, 611580, 29
1320, 4, 46, 97, 55, 0, 45.31%, 0, 0, 6, 876.84, 615949, 29
1325, 4, 45, 97, 54, 0, 45.31%, 0, 0, 6, 889.01, 620424, 29
1330, 4, 39, 97, 54, 0, 45.31%, 0, 0, 6, 855.23, 624658, 29
1335, 4, 39, 97, 54, 0, 45.31%, 0, 0, 6, 871.05, 629005, 29
1340, 4, 52, 97, 54, 0, 45.31%, 0, 0, 6, 894.54, 633443, 29
1346, 4, 39, 97, 54, 0, 45.31%, 0, 0, 6, 890.12, 638009, 29
1351, 4, 39, 97, 54, 0, 45.31%, 0, 0, 6, 879.97, 642328, 29
1356, 5, 52, 97, 54, 0, 45.31%, 0, 0, 6, 877.70, 646829, 29
1361, 5, 51, 97, 54, 0, 45.31%, 0, 0, 6, 883.63, 651202, 29
1366, 5, 37, 97, 54, 0, 45.31%, 0, 0, 6, 878.99, 655538, 29
1371, 5, 51, 97, 54, 0, 45.31%, 0, 0, 6, 885.84, 660078, 29
1376, 5, 45, 97, 54, 0, 45.31%, 0, 0, 6, 883.31, 663839, 29
1381, 5, 52, 97, 54, 0, 45.31%, 0, 0, 6, 891.47, 668285, 29
1386, 5, 92, 97, 54, 0, 45.31%, 0, 0, 6, 852.74, 672521, 29
1391, 5, 37, 97, 52, 0, 45.31%, 0, 0, 6, 871.70, 676797, 29
1396, 5, 51, 97, 50, 0, 45.31%, 0, 0, 6, 887.23, 681156, 29
1402, 5, 45, 97, 50, 0, 45.31%, 0, 0, 6, 884.58, 685645, 29
1407, 5, 39, 97, 50, 0, 45.31%, 0, 0, 6, 886.84, 690072, 29
1412, 5, 39, 97, 50, 0, 45.31%, 0, 0, 6, 889.16, 694590, 29
1417, 5, 39, 97, 50, 0, 45.31%, 0, 0, 6, 849.91, 698993, 29
1422, 5, 46, 97, 49, 0, 45.31%, 0, 0, 6, 137.93, 703276, 29
1427, 6, 39, 97, 48, 0, 45.31%, 0, 0, 6, 883.75, 707842, 29
1432, 6, 87, 97, 47, 0, 45.31%, 0, 0, 6, 805.00, 712092, 29
1437, 6, 39, 97, 46, 0, 45.31%, 0, 0, 6, 840.26, 716441, 29
1442, 6, 46, 97, 46, 0, 45.31%, 0, 0, 6, 852.27, 720800, 29
1448, 6, 46, 97, 45, 0, 45.31%, 0, 0, 6, 291.18, 725320, 29
1453, 6, 46, 97, 45, 0, 45.31%, 0, 0, 6, 752.18, 729742, 29
1458, 6, 45, 97, 45, 0, 45.31%, 0, 0, 6, 834.78, 734137, 29
1463, 6, 39, 97, 45, 0, 45.31%, 0, 0, 6, 870.01, 738598, 29
1468, 6, 46, 97, 44, 0, 45.31%, 0, 0, 6, 848.31, 743079, 29
1473, 6, 37, 97, 44, 0, 45.31%, 0, 0, 6, 849.88, 747525, 29
1478, 6, 79, 97, 44, 0, 45.31%, 0, 0, 6, 854.09, 752022, 29
1483, 6, 39, 97, 42, 0, 45.31%, 0, 0, 6, 877.23, 756615, 29
1488, 7, 39, 97, 42, 0, 45.31%, 0, 0, 6, 868.82, 760990, 29
1494, 7, 51, 97, 42, 0, 45.31%, 0, 0, 6, 880.82, 765504, 29
1499, 7, 39, 97, 41, 0, 45.31%, 0, 0, 6, 880.18, 769949, 29
1504, 7, 39, 98, 42, 0, 45.31%, 0, 0, 6, 880.80, 774526, 29
1509, 7, 39, 98, 41, 0, 45.31%, 0, 0, 6, 522.81, 779121, 29
1514, 7, 39, 98, 41, 0, 45.31%, 0, 0, 6, 811.92, 783550, 29
1519, 7, 51, 98, 41, 0, 45.31%, 0, 0, 6, 863.98, 788070, 29
1524, 7, 39, 98, 41, 0, 45.31%, 0, 0, 6, 882.52, 792487, 29
1529, 7, 39, 98, 40, 0, 45.31%, 0, 0, 6, 883.30, 796884, 29
1534, 7, 37, 98, 40, 0, 45.31%, 0, 0, 6, 876.78, 801263, 29
1539, 7, 39, 98, 40, 0, 45.31%, 0, 0, 6, 883.86, 805835, 29
1545, 7, 39, 98, 40, 0, 45.31%, 0, 0, 6, 884.25, 810423, 29
1550, 7, 39, 98, 38, 0, 45.31%, 0, 0, 6, 885.67, 814849, 29
1555, 8, 37, 98, 38, 0, 45.31%, 0, 0, 6, 880.73, 819215, 29
1560, 8, 51, 98, 38, 0, 45.31%, 0, 0, 6, 889.93, 823775, 29
1565, 8, 39, 99, 39, 0, 45.31%, 0, 0, 6, 902.49, 828096, 29
1570, 8, 31, 99, 39, 0, 45.31%, 0, 0, 6, 890.39, 832523, 29
1575, 8, 39, 99, 39, 0, 45.31%, 0, 0, 6, 889.44, 837079, 29
1580, 8, 39, 99, 39, 0, 45.31%, 0, 0, 6, 908.56, 841665, 29
1586, 8, 39, 99, 39, 0, 45.31%, 0, 0, 6, 891.20, 846209, 29
1591, 8, 39, 99, 39, 0, 45.31%, 0, 0, 6, 879.11, 850581, 29
1596, 8, 39, 99, 39, 0, 45.31%, 0, 0, 6, 893.04, 854927, 29
1601, 8, 51, 99, 39, 0, 45.31%, 0, 0, 6, 872.35, 859413, 29
1606, 8, 98, 99, 38, 0, 45.31%, 0, 0, 6, 683.30, 862762, 29
1611, 8, 52, 99, 37, 0, 45.31%, 0, 0, 6, 845.22, 867104, 29
1616, 8, 45, 99, 37, 0, 45.31%, 0, 0, 6, 882.18, 871540, 29
1621, 9, 56, 99, 36, 0, 45.31%, 0, 0, 6, 898.92, 876063, 29
1626, 9, 39, 99, 34, 0, 45.31%, 0, 0, 6, 888.25, 880422, 29
1631, 9, 51, 99, 34, 0, 45.31%, 0, 0, 6, 897.04, 885004, 29
1636, 9, 39, 99, 34, 0, 45.31%, 0, 0, 6, 902.37, 889438, 29
1642, 9, 39, 99, 34, 0, 45.31%, 0, 0, 6, 883.96, 893957, 29
1647, 9, 39, 99, 34, 0, 45.31%, 0, 0, 6, 885.44, 898325, 29
1652, 9, 46, 99, 33, 0, 45.31%, 0, 0, 6, 892.93, 902717, 29
1657, 9, 39, 99, 33, 0, 45.31%, 0, 0, 6, 885.37, 907069, 29
1662, 9, 51, 99, 33, 0, 45.31%, 0, 0, 6, 895.89, 911498, 29
1667, 9, 39, 99, 32, 0, 45.31%, 0, 0, 6, 899.99, 916043, 29
1672, 9, 39, 99, 32, 0, 45.31%, 0, 0, 6, 871.03, 920518, 29
1677, 9, 51, 99, 32, 0, 45.31%, 0, 0, 6, 165.05, 924847, 29
1682, 10, 51, 99, 32, 0, 45.31%, 0, 0, 6, 882.80, 929460, 29
1687, 10, 77, 99, 31, 0, 45.31%, 0, 0, 6, 851.01, 933808, 29
1692, 10, 39, 99, 30, 0, 45.31%, 0, 0, 6, 879.51, 938232, 29
1698, 10, 51, 99, 30, 0, 45.31%, 0, 0, 6, 866.25, 942810, 29
1703, 10, 96, 99, 30, 0, 45.31%, 0, 0, 6, 869.69, 947207, 29
1708, 10, 45, 99, 29, 0, 45.31%, 0, 0, 6, 863.38, 951742, 29
1713, 10, 51, 99, 29, 0, 45.31%, 0, 0, 6, 874.14, 956170, 29
1718, 10, 23, 99, 29, 0, 45.31%, 0, 0, 6, 877.14, 960788, 29
1723, 10, 51, 99, 28, 0, 45.31%, 0, 0, 6, 849.10, 965115, 29
1728, 10, 39, 99, 28, 0, 45.31%, 0, 0, 6, 869.84, 969502, 29
1733, 10, 39, 99, 28, 0, 45.31%, 0, 0, 6, 851.54, 973962, 29
1738, 10, 51, 99, 28, 0, 45.31%, 0, 0, 6, 860.46, 978328, 29
1743, 11, 39, 99, 28, 0, 45.31%, 0, 0, 6, 864.72, 982898, 29
1748, 11, 51, 99, 28, 0, 45.31%, 0, 0, 6, 865.96, 987197, 29
1754, 11, 39, 99, 28, 0, 45.31%, 0, 0, 6, 876.67, 991691, 29
1759, 11, 39, 99, 28, 0, 45.31%, 0, 0, 6, 882.49, 996133, 29
1764, 11, 46, 99, 27, 0, 45.31%, 0, 0, 6, 867.93, 1000536, 29
1769, 11, 31, 99, 27, 0, 45.31%, 0, 0, 6, 875.53, 1005109, 29
1774, 11, 39, 99, 27, 0, 45.31%, 0, 0, 6, 903.67, 1009473, 29
1779, 11, 39, 99, 27, 0, 45.31%, 0, 0, 6, 872.69, 1013996, 29
1784, 11, 37, 99, 26, 0, 45.31%, 0, 0, 6, 887.06, 1018328, 29
1789, 11, 37, 99, 26, 0, 45.31%, 0, 0, 6, 893.62, 1022686, 29
1794, 11, 39, 99, 26, 0, 45.31%, 0, 0, 6, 547.12, 1027194, 29
1799, 11, 39, 99, 26, 0, 45.31%, 0, 0, 6, 809.64, 1031632, 29
1804, 12, 39, 99, 26, 0, 45.31%, 0, 0, 6, 858.23, 1035962, 29
1809, 12, 39, 99, 26, 0, 45.31%, 0, 0, 6, 876.10, 1040504, 29
1815, 12, 39, 99, 26, 0, 45.31%, 0, 0, 6, 865.03, 1044803, 29
1820, 12, 39, 99, 25, 0, 45.31%, 0, 0, 6, 877.17, 1049298, 29
1825, 12, 45, 99, 25, 0, 45.31%, 0, 0, 6, 868.96, 1053794, 29
1830, 12, 39, 99, 25, 0, 45.31%, 0, 0, 6, 877.82, 1058169, 29
1835, 12, 39, 99, 25, 0, 45.31%, 0, 0, 6, 881.48, 1062543, 29
1840, 12, 39, 99, 25, 0, 45.31%, 0, 0, 6, 867.31, 1066834, 29
1845, 12, 51, 99, 25, 0, 45.31%, 0, 0, 6, 877.49, 1071192, 29
1850, 12, 39, 99, 25, 0, 45.31%, 0, 0, 6, 871.04, 1075669, 29
1855, 12, 52, 99, 24, 0, 45.31%, 0, 0, 6, 875.82, 1080159, 29
1860, 12, 39, 99, 24, 0, 45.31%, 0, 0, 6, 888.48, 1084573, 29
1866, 12, 45, 99, 24, 0, 45.31%, 0, 0, 6, 890.40, 1089087, 29
1871, 13, 51, 99, 24, 0, 45.31%, 0, 0, 6, 881.51, 1093463, 29
1876, 13, 39, 99, 24, 0, 45.31%, 0, 0, 6, 879.93, 1097970, 29
1881, 13, 51, 99, 24, 0, 45.31%, 0, 0, 6, 881.14, 1102488, 29
1886, 13, 37, 99, 24, 0, 45.31%, 0, 0, 6, 880.37, 1106988, 29
1891, 13, 52, 99, 24, 0, 45.31%, 0, 0, 6, 894.24, 1111416, 29
1896, 13, 39, 99, 24, 0, 45.31%, 0, 0, 6, 893.26, 1115798, 29
1901, 13, 46, 99, 24, 0, 45.31%, 0, 0, 6, 896.02, 1120353, 29
1906, 13, 39, 99, 24, 0, 45.31%, 0, 0, 6, 890.57, 1124707, 29
1911, 13, 46, 99, 23, 0, 45.31%, 0, 0, 6, 895.67, 1129141, 29
1917, 13, 39, 99, 23, 0, 45.31%, 0, 0, 6, 885.79, 1133580, 29
1922, 13, 37, 99, 23, 0, 45.31%, 0, 0, 6, 889.82, 1137967, 29
1927, 13, 37, 99, 23, 0, 45.31%, 0, 0, 6, 895.85, 1142340, 29
1932, 13, 39, 99, 23, 0, 45.31%, 0, 0, 6, 905.32, 1146955, 29
1937, 14, 39, 99, 23, 0, 45.31%, 0, 0, 6, 898.32, 1151384, 29
1942, 14, 52, 99, 23, 0, 45.31%, 0, 0, 6, 855.85, 1155783, 29
1947, 14, 45, 100, 24, 0, 45.31%, 0, 0, 6, 847.81, 1160315, 29
1952, 14, 39, 100, 23, 0, 45.31%, 0, 0, 6, 858.04, 1164693, 29
1957, 14, 39, 100, 23, 0, 45.31%, 0, 0, 6, 865.54, 1169102, 29
1962, 14, 39, 100, 23, 0, 45.31%, 0, 0, 6, 895.00, 1173502, 29
1967, 14, 39, 100, 22, 0, 45.31%, 0, 0, 6, 813.92, 1177947, 29
1972, 14, 99, 100, 22, 0, 45.31%, 0, 0, 6, 795.87, 1181928, 29
1975, 14, 39, 100, 21, 0, 45.31%, 1, 0, 6, 0.00, 1184153, 29
