# relative_time, cycles_done, cur_item, corpus_count, pending_total, pending_favs, map_size, saved_crashes, saved_hangs, max_depth, execs_per_sec, total_execs, edges_found
62, 0, 0, 20, 20, 1, 30.43%, 0, 0, 2, 0.41, 2526, 21
93, 0, 0, 20, 20, 1, 30.43%, 0, 0, 2, 0.38, 3561, 21
98, 0, 0, 20, 20, 1, 30.43%, 0, 0, 2, 248.64, 4822, 21
121, 0, 0, 20, 20, 1, 30.43%, 0, 0, 2, 2.07, 5251, 21
126, 0, 0, 20, 20, 1, 30.43%, 0, 0, 2, 242.25, 6490, 21
151, 0, 0, 20, 20, 1, 30.43%, 0, 0, 2, 2.29, 6546, 21
156, 0, 0, 20, 20, 1, 30.43%, 0, 0, 2, 239.41, 7814, 21
177, 0, 0, 20, 20, 1, 30.43%, 0, 0, 2, 1.95, 7902, 21
182, 0, 0, 21, 21, 1, 31.88%, 0, 0, 2, 246.43, 9165, 22
203, 0, 0, 21, 21, 1, 31.88%, 0, 0, 2, 0.76, 9418, 22
208, 0, 0, 21, 21, 1, 31.88%, 0, 0, 2, 261.14, 10708, 22
230, 0, 0, 21, 21, 1, 31.88%, 0, 0, 2, 2.78, 11128, 22
236, 0, 0, 21, 21, 1, 31.88%, 0, 0, 2, 259.16, 12483, 22
259, 0, 0, 21, 21, 1, 31.88%, 0, 0, 2, 1.74, 12713, 22
264, 0, 0, 21, 21, 1, 31.88%, 0, 0, 2, 289.74, 14228, 22
286, 0, 0, 21, 21, 1, 31.88%, 0, 0, 2, 1.57, 14718, 22
291, 0, 0, 21, 21, 1, 31.88%, 0, 0, 2, 268.36, 16078, 22
320, 0, 0, 21, 21, 1, 31.88%, 0, 0, 2, 0.75, 16773, 22
325, 0, 0, 21, 21, 1, 31.88%, 0, 0, 2, 301.45, 18319, 22
351, 0, 0, 21, 21, 1, 31.88%, 0, 0, 2, 2.08, 18988, 22
355, 0, 0, 22, 22, 1, 31.88%, 1, 0, 2, 0.00, 19950, 22
