# relative_time, cycles_done, cur_item, corpus_count, pending_total, pending_favs, map_size, saved_crashes, saved_hangs, max_depth, execs_per_sec, total_execs, edges_found
62, 0, 0, 20, 20, 1, 32.81%, 0, 0, 2, 2.06, 3151, 21
93, 0, 0, 21, 21, 1, 34.38%, 0, 0, 2, 4.21, 5219, 22
98, 0, 0, 22, 22, 1, 34.38%, 0, 0, 2, 526.26, 7786, 22
121, 0, 0, 22, 22, 1, 34.38%, 0, 0, 2, 0.92, 8766, 22
126, 0, 0, 22, 22, 1, 34.38%, 0, 0, 2, 524.68, 11346, 22
151, 0, 0, 22, 22, 1, 34.38%, 0, 0, 2, 4.50, 11566, 22
156, 0, 0, 23, 23, 1, 35.94%, 0, 0, 2, 518.83, 14303, 23
177, 0, 0, 23, 23, 1, 35.94%, 0, 0, 2, 3.90, 14473, 23
182, 0, 0, 23, 23, 1, 35.94%, 0, 0, 2, 526.87, 17153, 23
202, 0, 0, 23, 23, 1, 35.94%, 0, 0, 2, 2.53, 17713, 23
208, 0, 0, 24, 24, 1, 37.50%, 0, 0, 2, 559.82, 20510, 24
230, 0, 0, 25, 25, 1, 40.62%, 0, 0, 2, 3.58, 21386, 26
235, 0, 0, 25, 25, 1, 40.62%, 0, 0, 2, 570.07, 24301, 26
259, 0, 0, 25, 25, 1, 40.62%, 0, 0, 2, 4.32, 24807, 26
264, 0, 0, 25, 25, 1, 40.62%, 0, 0, 2, 645.36, 28105, 26
285, 0, 0, 25, 25, 1, 40.62%, 0, 0, 2, 2.56, 29208, 26
291, 0, 0, 26, 26, 1, 40.62%, 0, 0, 2, 589.32, 32204, 26
319, 0, 0, 27, 27, 1, 42.19%, 0, 0, 2, 0.90, 33771, 27
325, 0, 0, 27, 27, 1, 42.19%, 0, 0, 2, 692.35, 37341, 27
351, 0, 0, 28, 28, 1, 43.75%, 0, 0, 2, 4.00, 38710, 28
356, 0, 0, 28, 28, 1, 43.75%, 0, 0, 2, 477.20, 41068, 28
382, 0, 0, 28, 28, 1, 43.75%, 0, 0, 2, 3.78, 42040, 28
387, 0, 0, 28, 28, 1, 43.75%, 0, 0, 2, 528.76, 44688, 28
400, 0, 0, 28, 28, 1, 43.75%, 0, 0, 2, 6.06, 45718, 28
408, 0, 0, 29, 29, 1, 45.31%, 0, 0, 2, 4.57, 46351, 29
419, 0, 0, 29, 29, 1, 45.31%, 0, 0, 2, 0.55, 46357, 29
424, 0, 0, 29, 29, 1, 45.31%, 0, 0, 2, 591.94, 49354, 29
445, 0, 0, 29, 29, 1, 45.31%, 0, 0, 2, 0.06, 50156, 29
450, 0, 0, 29, 29, 1, 45.31%, 0, 0, 2, 117.65, 53165, 29
470, 0, 0, 29, 29, 1, 45.31%, 0, 0, 2, 4.57, 54179, 29
475, 0, 0, 29, 29, 1, 45.31%, 0, 0, 2, 240.00, 57125, 29
488, 0, 0, 29, 29, 1, 45.31%, 0, 0, 2, 6.27, 57595, 29
505, 0, 0, 29, 29, 1, 45.31%, 0, 0, 2, 3.58, 60222, 29
510, 0, 0, 30, 30, 1, 45.31%, 0, 0, 2, 523.65, 63192, 29
526, 0, 0, 37, 37, 1, 45.31%, 0, 0, 2, 8.09, 64558, 29
531, 0, 24, 47, 39, 4, 45.31%, 0, 0, 3, 608.60, 67672, 29
547, 0, 44, 50, 38, 0, 45.31%, 0, 0, 4, 3.83, 69058, 29
553, 0, 44, 53, 41, 0, 45.31%, 0, 0, 4, 643.89, 72418, 29
562, 0, 44, 53, 41, 0, 45.31%, 0, 0, 4, 9.55, 73856, 29
575, 0, 44, 54, 42, 0, 45.31%, 0, 0, 4, 4.60, 76801, 29
581, 0, 44, 54, 42, 0, 45.31%, 0, 0, 4, 701.36, 80304, 29
589, 0, 44, 54, 42, 0, 45.31%, 0, 0, 4, 8.27, 81899, 29
599, 0, 40, 57, 45, 0, 45.31%, 0, 0, 4, 18.26, 85420, 29
604, 0, 25, 58, 46, 0, 45.31%, 0, 0, 4, 691.77, 87451, 29
613, 0, 46, 59, 47, 0, 45.31%, 0, 0, 4, 8.21, 90460, 29
618, 0, 42, 60, 47, 0, 45.31%, 0, 0, 4, 726.40, 94045, 29
629, 0, 34, 60, 47, 0, 45.31%, 0, 0, 4, 19.60, 96443, 29
634, 0, 26, 60, 47, 0, 45.31%, 0, 0, 4, 736.77, 100217, 29
649, 0, 44, 60, 47, 0, 45.31%, 0, 0, 4, 9.22, 102923, 29
654, 0, 26, 61, 48, 0, 45.31%, 0, 0, 4, 768.18, 106783, 29
660, 0, 57, 61, 48, 0, 45.31%, 0, 0, 4, 69.80, 109806, 29
665, 0, 60, 61, 47, 0, 45.31%, 0, 0, 4, 751.68, 113570, 29
673, 0, 60, 61, 47, 0, 45.31%, 0, 0, 4, 2.35, 115176, 29
678, 0, 30, 62, 46, 0, 45.31%, 0, 0, 5, 775.94, 119170, 29
683, 0, 44, 62, 46, 0, 45.31%, 0, 0, 5, 737.96, 122680, 29
688, 0, 57, 62, 44, 0, 45.31%, 0, 0, 5, 727.85, 126299, 29
694, 0, 40, 62, 44, 0, 45.31%, 0, 0, 5, 52.69, 128283, 29
699, 0, 57, 62, 43, 0, 45.31%, 0, 0, 5, 724.60, 131783, 29
704, 0, 0, 62, 43, 0, 45.31%, 0, 0, 5, 776.07, 134196, 29
707, 0, 40, 62, 43, 0, 45.31%, 1, 0, 5, 0.00, 136605, 29
