# relative_time, cycles_done, cur_item, corpus_count, pending_total, pending_favs, map_size, saved_crashes, saved_hangs, max_depth, execs_per_sec, total_execs, edges_found
62, 0, 0, 9, 7, 0, 23.19%, 0, 0, 2, 4.70, 3348, 16
93, 0, 0, 9, 7, 0, 23.19%, 0, 0, 2, 6.38, 6617, 16
98, 0, 0, 10, 8, 0, 24.64%, 0, 0, 2, 798.28, 10628, 17
121, 0, 5, 14, 10, 0, 24.64%, 0, 0, 3, 1.48, 12049, 17
126, 0, 15, 17, 12, 0, 27.54%, 0, 0, 4, 790.35, 15950, 19
151, 0, 15, 19, 14, 0, 27.54%, 0, 0, 4, 4.92, 16245, 19
156, 0, 19, 22, 15, 0, 28.99%, 0, 0, 6, 774.93, 20263, 20
177, 0, 19, 22, 15, 0, 28.99%, 0, 0, 6, 7.31, 20578, 20
182, 0, 19, 24, 17, 0, 28.99%, 0, 0, 6, 776.56, 24492, 20
203, 0, 19, 24, 17, 0, 28.99%, 0, 0, 6, 7.53, 25302, 20
208, 0, 19, 25, 18, 0, 28.99%, 0, 0, 6, 801.19, 29363, 20
230, 0, 19, 25, 18, 0, 28.99%, 0, 0, 6, 6.68, 30387, 20
235, 0, 15, 25, 18, 0, 28.99%, 0, 0, 6, 771.63, 34391, 20
259, 0, 9, 25, 18, 0, 28.99%, 0, 0, 6, 6.79, 35053, 20
264, 1, 16, 28, 20, 0, 28.99%, 0, 0, 7, 817.17, 39297, 20
285, 1, 9, 28, 19, 0, 28.99%, 0, 0, 7, 4.85, 40790, 20
291, 1, 5, 29, 20, 0, 28.99%, 0, 0, 7, 776.53, 44649, 20
306, 2, 20, 30, 21, 0, 28.99%, 0, 0, 7, 4.66, 46591, 20
319, 2, 20, 30, 21, 0, 28.99%, 0, 0, 7, 0.22, 46594, 20
325, 2, 9, 30, 20, 0, 28.99%, 0, 0, 7, 823.66, 50909, 20
351, 2, 20, 31, 20, 0, 28.99%, 0, 0, 7, 4.49, 52679, 20
356, 2, 20, 31, 20, 0, 28.99%, 0, 0, 7, 731.24, 56421, 20
382, 2, 21, 31, 20, 0, 28.99%, 0, 0, 7, 5.42, 58065, 20
387, 3, 16, 32, 18, 0, 33.33%, 0, 0, 7, 803.98, 61962, 23
400, 3, 16, 32, 18, 0, 33.33%, 0, 0, 7, 9.68, 63388, 23
406, 3, 31, 35, 21, 0, 33.33%, 0, 0, 7, 8.66, 64258, 23
419, 3, 31, 35, 21, 0, 33.33%, 0, 0, 7, 0.75, 64274, 23
424, 3, 31, 37, 23, 0, 36.23%, 0, 0, 7, 795.72, 68367, 25
445, 3, 31, 39, 25, 0, 39.13%, 0, 0, 7, 1.49, 69708, 27
450, 3, 35, 42, 27, 4, 40.58%, 0, 0, 7, 63.75, 73581, 28
471, 3, 37, 44, 28, 3, 40.58%, 0, 0, 7, 5.19, 74906, 28
476, 3, 38, 50, 32, 1, 40.58%, 0, 0, 7, 758.26, 78810, 28
488, 3, 15, 50, 31, 0, 40.58%, 0, 0, 7, 9.18, 79420, 28
505, 3, 37, 51, 32, 0, 40.58%, 0, 0, 7, 7.77, 82907, 28
510, 3, 40, 52, 33, 0, 40.58%, 0, 0, 7, 748.29, 86897, 28
526, 3, 40, 52, 33, 0, 40.58%, 0, 0, 7, 7.74, 88667, 28
531, 3, 38, 52, 33, 0, 40.58%, 0, 0, 7, 787.40, 92678, 28
547, 3, 50, 53, 33, 0, 40.58%, 0, 0, 7, 6.90, 94827, 28
553, 3, 54, 55, 33, 0, 42.03%, 0, 0, 7, 825.05, 99091, 29
554, 3, 54, 56, 34, 0, 42.03%, 1, 0, 7, 0.00, 100298, 29
