# relative_time, cycles_done, cur_item, corpus_count, pending_total, pending_favs, map_size, saved_crashes, saved_hangs, max_depth, execs_per_sec, total_execs, edges_found
62, 0, 0, 10, 9, 0, 25.00%, 0, 0, 2, 0.21, 3060, 16
93, 0, 0, 12, 11, 0, 25.00%, 0, 0, 2, 4.18, 5168, 16
98, 0, 0, 12, 10, 0, 25.00%, 0, 0, 2, 525.64, 7735, 16
121, 0, 10, 14, 12, 0, 26.56%, 0, 0, 3, 0.92, 8704, 17
126, 0, 10, 16, 14, 0, 28.12%, 0, 0, 3, 523.09, 11358, 18
151, 0, 10, 16, 14, 0, 28.12%, 0, 0, 3, 0.41, 11488, 18
156, 0, 10, 17, 15, 0, 28.12%, 0, 0, 3, 526.70, 14155, 18
177, 0, 10, 17, 15, 0, 28.12%, 0, 0, 3, 2.44, 14395, 18
182, 0, 10, 19, 17, 0, 32.81%, 0, 0, 3, 254.53, 17053, 21
202, 0, 10, 20, 18, 0, 32.81%, 0, 0, 3, 4.58, 17639, 21
207, 0, 17, 25, 20, 0, 39.06%, 0, 0, 4, 551.02, 20378, 25
230, 0, 17, 26, 21, 0, 40.62%, 0, 0, 4, 5.42, 21288, 26
235, 0, 17, 28, 23, 0, 40.62%, 0, 0, 4, 564.32, 24195, 26
259, 0, 17, 28, 23, 0, 40.62%, 0, 0, 4, 5.27, 24712, 26
264, 0, 23, 30, 23, 3, 40.62%, 0, 0, 5, 644.30, 28027, 26
285, 0, 25, 32, 24, 2, 42.19%, 0, 0, 5, 1.41, 29106, 27
290, 0, 20, 34, 22, 0, 42.19%, 0, 0, 5, 593.81, 32111, 27
319, 0, 20, 35, 23, 0, 42.19%, 0, 0, 5, 1.43, 33684, 27
324, 0, 20, 40, 28, 0, 42.19%, 0, 0, 5, 684.65, 37172, 27
351, 0, 37, 41, 29, 0, 42.19%, 0, 0, 6, 4.00, 38599, 27
356, 0, 22, 43, 30, 0, 42.19%, 0, 0, 6, 474.47, 40950, 27
382, 0, 23, 46, 33, 0, 43.75%, 0, 0, 6, 3.70, 41899, 28
387, 0, 44, 47, 33, 0, 43.75%, 0, 0, 6, 528.97, 44542, 28
400, 0, 44, 48, 34, 0, 43.75%, 0, 0, 6, 5.20, 45569, 28
408, 0, 44, 48, 34, 0, 43.75%, 0, 0, 6, 4.57, 46195, 28
419, 0, 44, 48, 34, 0, 43.75%, 0, 0, 6, 0.74, 46203, 28
424, 0, 25, 48, 34, 0, 43.75%, 0, 0, 6, 588.96, 49227, 28
445, 0, 25, 48, 34, 0, 43.75%, 0, 0, 6, 0.96, 49987, 28
450, 0, 25, 48, 34, 0, 43.75%, 0, 0, 6, 573.99, 52970, 28
470, 0, 25, 49, 35, 0, 43.75%, 0, 0, 6, 4.35, 53986, 28
476, 0, 23, 50, 36, 0, 43.75%, 0, 0, 6, 568.57, 56989, 28
488, 0, 25, 50, 36, 0, 43.75%, 0, 0, 6, 5.11, 57397, 28
505, 0, 44, 50, 36, 0, 43.75%, 0, 0, 6, 5.35, 60009, 28
510, 0, 50, 53, 38, 0, 43.75%, 0, 0, 6, 521.71, 62941, 28
526, 0, 50, 53, 38, 0, 43.75%, 0, 0, 6, 5.90, 64201, 28
531, 0, 50, 53, 38, 0, 43.75%, 0, 0, 6, 603.73, 67329, 28
547, 0, 25, 53, 38, 0, 43.75%, 0, 0, 6, 4.91, 68750, 28
553, 1, 20, 53, 38, 0, 43.75%, 0, 0, 6, 626.50, 72075, 28
561, 1, 17, 53, 38, 0, 43.75%, 0, 0, 6, 6.05, 73519, 28
575, 1, 25, 53, 38, 0, 43.75%, 0, 0, 6, 4.08, 76450, 28
581, 1, 20, 53, 37, 0, 43.75%, 0, 0, 6, 691.31, 79915, 28
589, 1, 23, 53, 37, 0, 43.75%, 0, 0, 6, 7.91, 81507, 28
599, 1, 25, 53, 36, 0, 43.75%, 0, 0, 6, 13.26, 84988, 28
604, 1, 25, 56, 39, 0, 43.75%, 0, 0, 6, 688.11, 87009, 28
613, 1, 14, 58, 41, 0, 43.75%, 0, 0, 6, 3.13, 90012, 28
619, 1, 13, 59, 41, 0, 43.75%, 0, 0, 6, 718.56, 93734, 28
629, 1, 50, 59, 41, 0, 43.75%, 0, 0, 6, 1.95, 95961, 28
634, 1, 22, 59, 41, 0, 43.75%, 0, 0, 6, 719.80, 99659, 28
649, 1, 60, 61, 43, 1, 45.31%, 0, 0, 6, 10.61, 102423, 29
654, 1, 59, 64, 45, 0, 45.31%, 0, 0, 6, 747.97, 106365, 29
660, 1, 60, 66, 46, 0, 45.31%, 0, 0, 6, 52.88, 109287, 29
665, 1, 20, 66, 46, 0, 45.31%, 0, 0, 6, 739.52, 112989, 29
673, 1, 60, 68, 48, 0, 45.31%, 0, 0, 6, 26.90, 114583, 29
678, 1, 50, 68, 47, 0, 45.31%, 0, 0, 6, 768.05, 118548, 29
683, 2, 25, 71, 50, 0, 45.31%, 0, 0, 6, 733.30, 122151, 29
688, 2, 25, 75, 54, 0, 45.31%, 0, 0, 6, 738.34, 125773, 29
694, 2, 60, 77, 56, 0, 45.31%, 0, 0, 6, 45.91, 127579, 29
699, 2, 60, 78, 56, 0, 45.31%, 0, 0, 6, 732.38, 131159, 29
704, 2, 25, 78, 55, 0, 45.31%, 0, 0, 6, 710.26, 133434, 29
709, 2, 50, 81, 58, 0, 45.31%, 0, 0, 6, 731.54, 137094, 29
714, 2, 44, 81, 58, 0, 45.31%, 0, 0, 6, 757.46, 140836, 29
719, 2, 17, 82, 58, 0, 45.31%, 0, 0, 6, 749.28, 144430, 29
724, 2, 17, 82, 57, 0, 45.31%, 0, 0, 6, 765.90, 147642, 29
733, 2, 23, 84, 59, 0, 45.31%, 0, 0, 6, 22.95, 150804, 29
738, 2, 20, 85, 59, 0, 45.31%, 0, 0, 6, 758.36, 154698, 29
743, 2, 25, 85, 59, 0, 45.31%, 0, 0, 6, 755.32, 158474, 29
749, 2, 44, 85, 58, 0, 45.31%, 0, 0, 6, 792.81, 162510, 29
754, 2, 69, 88, 60, 0, 45.31%, 0, 0, 6, 766.34, 166229, 29
760, 2, 24, 89, 60, 0, 45.31%, 0, 0, 6, 5.42, 168994, 29
765, 2, 88, 91, 62, 0, 45.31%, 0, 0, 6, 752.63, 172846, 29
770, 2, 56, 92, 62, 0, 45.31%, 0, 0, 6, 815.92, 175901, 29
776, 2, 25, 93, 62, 0, 45.31%, 0, 0, 6, 755.42, 179750, 29
781, 3, 22, 93, 62, 0, 45.31%, 0, 0, 6, 734.22, 183589, 29
787, 3, 17, 94, 63, 0, 45.31%, 0, 0, 6, 35.84, 186473, 29
792, 3, 20, 94, 63, 0, 45.31%, 0, 0, 6, 745.42, 190214, 29
797, 3, 25, 94, 63, 0, 45.31%, 0, 0, 6, 796.27, 193939, 29
802, 3, 20, 94, 62, 0, 45.31%, 0, 0, 6, 742.22, 197287, 29
807, 3, 25, 94, 61, 0, 45.31%, 0, 0, 6, 785.31, 201110, 29
814, 3, 25, 94, 61, 0, 45.31%, 0, 0, 6, 5.27, 203546, 29
819, 3, 60, 94, 61, 0, 45.31%, 0, 0, 6, 765.22, 207479, 29
825, 3, 25, 94, 60, 0, 45.31%, 0, 0, 6, 776.76, 211411, 29
830, 3, 44, 94, 60, 0, 45.31%, 0, 0, 6, 810.44, 215136, 29
835, 3, 25, 94, 59, 0, 45.31%, 0, 0, 6, 790.88, 218895, 29
840, 3, 25, 94, 59, 0, 45.31%, 0, 0, 6, 775.71, 222673, 29
845, 3, 25, 94, 58, 0, 45.31%, 0, 0, 6, 741.47, 226044, 29
850, 3, 44, 94, 58, 0, 45.31%, 0, 0, 6, 757.67, 229734, 29
855, 3, 42, 94, 58, 0, 45.31%, 0, 0, 6, 103.31, 233415, 29
860, 3, 25, 94, 56, 0, 45.31%, 0, 0, 6, 143.91, 237163, 29
865, 4, 25, 94, 56, 0, 45.31%, 0, 0, 6, 725.13, 240663, 29
870, 4, 20, 94, 56, 0, 45.31%, 0, 0, 6, 835.00, 244416, 29
875, 4, 23, 94, 56, 0, 45.31%, 0, 0, 6, 799.16, 248324, 29
881, 4, 25, 94, 56, 0, 45.31%, 0, 0, 6, 782.33, 252348, 29
886, 4, 44, 94, 56, 0, 45.31%, 0, 0, 6, 792.87, 256347, 29
891, 4, 25, 94, 55, 0, 45.31%, 0, 0, 6, 748.69, 260011, 29
896, 4, 25, 94, 55, 0, 45.31%, 0, 0, 6, 724.88, 263315, 29
901, 4, 44, 94, 55, 0, 45.31%, 0, 0, 6, 766.59, 267135, 29
906, 4, 23, 94, 55, 0, 45.31%, 0, 0, 6, 770.66, 270917, 29
911, 4, 25, 94, 55, 0, 45.31%, 0, 0, 6, 782.91, 274807, 29
916, 4, 25, 94, 55, 0, 45.31%, 0, 0, 6, 782.02, 278833, 29
921, 4, 25, 94, 55, 0, 45.31%, 0, 0, 6, 749.46, 282557, 29
926, 4, 76, 94, 55, 0, 45.31%, 0, 0, 6, 703.76, 286133, 29
931, 4, 20, 94, 54, 0, 45.31%, 0, 0, 6, 739.44, 289536, 29
936, 4, 25, 94, 54, 0, 45.31%, 0, 0, 6, 755.94, 293400, 29
942, 4, 20, 94, 54, 0, 45.31%, 0, 0, 6, 731.91, 296859, 29
947, 5, 20, 94, 54, 0, 45.31%, 0, 0, 6, 765.63, 300825, 29
952, 5, 25, 94, 53, 0, 45.31%, 0, 0, 6, 757.01, 304263, 29
957, 5, 20, 94, 53, 0, 45.31%, 0, 0, 6, 619.46, 307998, 29
962, 5, 25, 94, 53, 0, 45.31%, 0, 0, 6, 123.93, 311698, 29
967, 5, 20, 94, 52, 0, 45.31%, 0, 0, 6, 789.97, 315754, 29
972, 5, 17, 94, 51, 0, 45.31%, 0, 0, 6, 792.60, 319860, 29
977, 5, 20, 94, 50, 0, 45.31%, 0, 0, 6, 786.64, 323805, 29
983, 5, 22, 94, 49, 0, 45.31%, 0, 0, 6, 770.26, 327686, 29
985, 5, 25, 94, 49, 0, 45.31%, 1, 0, 6, 0.00, 329537, 29
