# relative_time, cycles_done, cur_item, corpus_count, pending_total, pending_favs, map_size, saved_crashes, saved_hangs, max_depth, execs_per_sec, total_execs, edges_found
63, 0, 1, 11, 9, 0, 26.56%, 0, 0, 3, 3.91, 3362, 17
94, 0, 1, 12, 10, 0, 26.56%, 0, 0, 3, 4.56, 5751, 17
99, 0, 1, 12, 10, 0, 26.56%, 0, 0, 3, 612.60, 8739, 17
122, 0, 1, 16, 14, 0, 32.81%, 0, 0, 3, 2.77, 9871, 21
127, 0, 15, 22, 16, 0, 35.94%, 0, 0, 4, 622.98, 13053, 23
152, 0, 15, 22, 16, 0, 35.94%, 0, 0, 4, 5.40, 13185, 23
157, 0, 15, 28, 22, 0, 40.62%, 0, 0, 4, 624.42, 16359, 26
177, 0, 15, 28, 22, 0, 40.62%, 0, 0, 4, 4.10, 16671, 26
183, 0, 15, 30, 24, 0, 40.62%, 0, 0, 4, 635.35, 19937, 26
203, 0, 15, 30, 24, 0, 40.62%, 0, 0, 4, 1.99, 20598, 26
208, 0, 15, 32, 26, 0, 40.62%, 0, 0, 4, 677.51, 23979, 26
231, 0, 15, 35, 29, 0, 42.19%, 0, 0, 4, 6.44, 25060, 27
236, 0, 32, 40, 30, 0, 42.19%, 0, 0, 5, 656.91, 28472, 27
260, 0, 32, 40, 30, 0, 42.19%, 0, 0, 5, 6.78, 29096, 27
265, 0, 32, 41, 31, 0, 42.19%, 0, 0, 5, 756.63, 32966, 27
286, 0, 22, 43, 33, 0, 42.19%, 0, 0, 5, 4.07, 34289, 27
291, 0, 25, 45, 35, 0, 42.19%, 0, 0, 5, 419.51, 38030, 27
320, 0, 10, 47, 37, 0, 42.19%, 0, 0, 5, 4.71, 39794, 27
325, 0, 32, 48, 38, 0, 42.19%, 0, 0, 5, 793.25, 43966, 27
352, 0, 32, 49, 39, 0, 42.19%, 0, 0, 5, 0.59, 45565, 27
357, 0, 34, 50, 40, 0, 42.19%, 0, 0, 5, 609.32, 48654, 27
383, 0, 32, 50, 39, 0, 42.19%, 0, 0, 5, 4.21, 49882, 27
388, 0, 10, 50, 39, 0, 42.19%, 0, 0, 5, 660.56, 53200, 27
401, 0, 10, 50, 39, 0, 42.19%, 0, 0, 5, 9.15, 54497, 27
409, 0, 10, 50, 39, 0, 42.19%, 0, 0, 5, 3.89, 55280, 27
420, 0, 10, 50, 39, 0, 42.19%, 0, 0, 5, 3.71, 55291, 27
425, 1, 20, 51, 39, 0, 43.75%, 0, 0, 5, 734.98, 58965, 28
446, 1, 50, 51, 38, 0, 43.75%, 0, 0, 5, 4.89, 60141, 28
451, 1, 50, 53, 40, 0, 45.31%, 0, 0, 6, 731.59, 63864, 29
471, 1, 50, 53, 40, 0, 45.31%, 0, 0, 6, 5.44, 65201, 29
476, 1, 52, 54, 40, 0, 45.31%, 0, 0, 6, 707.52, 68901, 29
489, 1, 52, 55, 41, 0, 45.31%, 0, 0, 7, 10.49, 69468, 29
506, 1, 52, 55, 41, 0, 45.31%, 0, 0, 7, 6.88, 72766, 29
511, 1, 20, 55, 41, 0, 45.31%, 0, 0, 7, 743.25, 76536, 29
527, 1, 52, 55, 41, 0, 45.31%, 0, 0, 7, 10.22, 78354, 29
532, 1, 22, 55, 41, 0, 45.31%, 0, 0, 7, 712.06, 82276, 29
548, 1, 32, 55, 41, 0, 45.31%, 0, 0, 7, 8.99, 84122, 29
553, 1, 10, 55, 40, 0, 45.31%, 0, 0, 7, 797.23, 88193, 29
562, 1, 20, 55, 40, 0, 45.31%, 0, 0, 7, 8.78, 89944, 29
576, 1, 10, 55, 39, 0, 45.31%, 0, 0, 7, 9.38, 93383, 29
581, 2, 10, 55, 39, 0, 45.31%, 0, 0, 7, 835.48, 97190, 29
590, 2, 52, 55, 39, 0, 45.31%, 0, 0, 7, 28.41, 99558, 29
600, 2, 10, 55, 39, 0, 45.31%, 0, 0, 7, 12.42, 103550, 29
605, 2, 22, 62, 46, 0, 45.31%, 0, 0, 7, 800.71, 106067, 29
609, 2, 52, 66, 49, 0, 45.31%, 1, 0, 7, 0.00, 109096, 29
