# relative_time, cycles_done, cur_item, corpus_count, pending_total, pending_favs, map_size, saved_crashes, saved_hangs, max_depth, execs_per_sec, total_execs, edges_found
62, 0, 0, 10, 9, 0, 30.51%, 0, 0, 2, 5.55, 3314, 18
92, 0, 0, 11, 10, 0, 32.20%, 0, 0, 2, 0.63, 6556, 19
97, 0, 11, 16, 13, 1, 32.20%, 0, 0, 3, 783.70, 9925, 19
121, 0, 11, 19, 16, 1, 33.90%, 0, 0, 3, 5.88, 11943, 20
126, 0, 11, 25, 22, 1, 42.37%, 0, 0, 3, 771.63, 15778, 25
151, 0, 11, 25, 22, 1, 42.37%, 0, 0, 3, 5.53, 16078, 25
156, 0, 19, 34, 25, 0, 44.07%, 0, 0, 4, 247.41, 19876, 26
177, 0, 10, 34, 25, 0, 44.07%, 0, 0, 4, 7.02, 20352, 26
182, 0, 27, 37, 28, 0, 44.07%, 0, 0, 4, 782.98, 24337, 26
203, 0, 27, 37, 28, 0, 44.07%, 0, 0, 4, 5.49, 25106, 26
208, 0, 9, 39, 30, 0, 44.07%, 0, 0, 5, 801.91, 29135, 26
230, 0, 10, 40, 31, 0, 45.76%, 0, 0, 5, 0.79, 30197, 27
236, 0, 39, 43, 33, 0, 47.46%, 0, 0, 5, 758.95, 34174, 28
259, 0, 39, 43, 33, 0, 47.46%, 0, 0, 5, 5.62, 34822, 28
264, 0, 0, 46, 35, 0, 49.15%, 0, 0, 5, 808.82, 39057, 29
286, 0, 42, 46, 34, 0, 49.15%, 0, 0, 5, 3.92, 40531, 29
291, 0, 42, 47, 35, 0, 49.15%, 0, 0, 5, 774.31, 44548, 29
320, 0, 0, 47, 35, 0, 49.15%, 0, 0, 5, 3.93, 46363, 29
325, 0, 45, 49, 37, 0, 49.15%, 0, 0, 5, 799.92, 50501, 29
351, 1, 0, 49, 37, 0, 49.15%, 0, 0, 5, 3.75, 52425, 29
356, 1, 27, 50, 38, 0, 50.85%, 0, 0, 5, 735.84, 56176, 30
382, 1, 49, 51, 38, 0, 50.85%, 0, 0, 6, 5.67, 57812, 30
387, 1, 49, 53, 40, 0, 50.85%, 0, 0, 6, 764.80, 61681, 30
400, 1, 49, 53, 40, 0, 50.85%, 0, 0, 6, 12.91, 63166, 30
406, 1, 49, 53, 40, 0, 50.85%, 0, 0, 6, 11.51, 64051, 30
419, 1, 49, 53, 40, 0, 50.85%, 0, 0, 6, 0.75, 64069, 30
424, 1, 42, 54, 41, 0, 50.85%, 0, 0, 6, 797.42, 68208, 30
445, 1, 0, 55, 42, 0, 50.85%, 0, 0, 6, 0.75, 69469, 30
450, 1, 9, 55, 42, 0, 50.85%, 0, 0, 6, 776.86, 73351, 30
471, 1, 46, 55, 42, 0, 50.85%, 0, 0, 6, 6.11, 74692, 30
476, 1, 19, 57, 41, 0, 50.85%, 0, 0, 6, 751.48, 78569, 30
488, 1, 0, 57, 41, 0, 50.85%, 0, 0, 6, 11.24, 79199, 30
505, 1, 0, 57, 41, 0, 50.85%, 0, 0, 6, 10.89, 82701, 30
510, 1, 17, 57, 40, 0, 50.85%, 0, 0, 6, 797.88, 86776, 30
526, 1, 45, 58, 41, 0, 50.85%, 0, 0, 6, 10.36, 88535, 30
531, 1, 0, 58, 41, 0, 50.85%, 0, 0, 6, 781.23, 92565, 30
548, 2, 0, 58, 41, 0, 50.85%, 0, 0, 6, 7.13, 94705, 30
553, 2, 21, 58, 40, 0, 50.85%, 0, 0, 6, 824.96, 98971, 30
562, 2, 30, 58, 40, 0, 50.85%, 0, 0, 6, 9.12, 100741, 30
576, 2, 0, 58, 38, 0, 50.85%, 0, 0, 6, 3.35, 104183, 30
581, 2, 17, 58, 38, 0, 50.85%, 0, 0, 6, 830.17, 108318, 30
589, 2, 0, 58, 37, 0, 50.85%, 0, 0, 6, 24.81, 110626, 30
601, 2, 45, 58, 37, 0, 50.85%, 0, 0, 6, 21.71, 114737, 30
606, 2, 49, 64, 43, 0, 50.85%, 1, 0, 6, 808.78, 118845, 30
606, 2, 49, 64, 43, 0, 50.85%, 1, 0, 6, 0.00, 118845, 30
