# relative_time, cycles_done, cur_item, corpus_count, pending_total, pending_favs, map_size, saved_crashes, saved_hangs, max_depth, execs_per_sec, total_execs, edges_found
62, 2, 0, 20, 13, 0, 28.99%, 0, 0, 5, 756.22, 34690, 20
67, 2, 15, 21, 14, 0, 33.33%, 0, 0, 5, 809.60, 39008, 23
72, 2, 0, 21, 13, 0, 33.33%, 0, 0, 5, 829.61, 43186, 23
85, 2, 20, 23, 15, 0, 36.23%, 0, 0, 6, 14.32, 45224, 25
90, 2, 20, 24, 16, 0, 37.68%, 0, 0, 6, 871.29, 49549, 26
95, 2, 20, 25, 17, 0, 37.68%, 0, 0, 6, 856.79, 53823, 26
101, 2, 23, 28, 19, 3, 39.13%, 0, 0, 6, 845.97, 58043, 27
106, 2, 26, 34, 23, 1, 40.58%, 0, 0, 7, 843.07, 62147, 28
111, 2, 26, 35, 24, 1, 40.58%, 0, 0, 7, 845.73, 66279, 28
119, 2, 32, 37, 23, 0, 40.58%, 0, 0, 8, 27.30, 69512, 28
124, 2, 32, 41, 27, 0, 42.03%, 0, 0, 8, 853.81, 73773, 29
130, 2, 32, 43, 29, 0, 42.03%, 0, 0, 8, 803.66, 77936, 29
135, 2, 39, 46, 30, 0, 42.03%, 0, 0, 9, 842.90, 82134, 29
140, 2, 39, 46, 30, 0, 42.03%, 0, 0, 9, 842.02, 86449, 29
145, 2, 39, 47, 31, 0, 42.03%, 0, 0, 9, 845.62, 90580, 29
154, 2, 0, 50, 34, 0, 42.03%, 0, 0, 9, 15.98, 93833, 29
159, 2, 21, 50, 34, 0, 42.03%, 0, 0, 9, 851.28, 98116, 29
164, 2, 39, 50, 33, 0, 42.03%, 0, 0, 9, 840.37, 102338, 29
169, 3, 0, 50, 33, 0, 42.03%, 0, 0, 9, 827.56, 106382, 29
174, 3, 0, 50, 33, 0, 42.03%, 0, 0, 9, 838.04, 110528, 29
179, 3, 21, 50, 33, 0, 42.03%, 0, 0, 9, 844.38, 114833, 29
184, 3, 0, 50, 33, 0, 42.03%, 0, 0, 9, 845.35, 118957, 29
189, 3, 0, 52, 35, 0, 42.03%, 0, 0, 9, 845.12, 123271, 29
194, 3, 0, 52, 35, 0, 42.03%, 0, 0, 9, 851.04, 127479, 29
200, 3, 21, 52, 34, 0, 42.03%, 0, 0, 9, 832.96, 131719, 29
205, 4, 32, 52, 34, 0, 42.03%, 0, 0, 9, 832.34, 135945, 29
210, 4, 0, 52, 33, 0, 42.03%, 0, 0, 9, 867.55, 139940, 29
215, 4, 0, 53, 34, 0, 42.03%, 0, 0, 9, 858.37, 144146, 29
220, 4, 0, 53, 34, 0, 42.03%, 0, 0, 9, 856.75, 148491, 29
227, 4, 0, 53, 34, 0, 42.03%, 0, 0, 9, 18.15, 151625, 29
232, 4, 0, 53, 34, 0, 42.03%, 0, 0, 9, 871.56, 155946, 29
237, 4, 39, 53, 34, 0, 42.03%, 0, 0, 9, 850.65, 160114, 29
242, 4, 52, 54, 35, 0, 42.03%, 0, 0, 9, 834.45, 164315, 29
247, 5, 0, 56, 36, 0, 42.03%, 0, 0, 9, 867.83, 168594, 29
252, 5, 0, 56, 36, 0, 42.03%, 0, 0, 9, 859.07, 172861, 29
257, 5, 20, 56, 36, 0, 42.03%, 0, 0, 9, 847.49, 177061, 29
263, 5, 0, 56, 36, 0, 42.03%, 0, 0, 9, 841.56, 181427, 29
268, 5, 21, 56, 36, 0, 42.03%, 0, 0, 9, 806.73, 184157, 29
273, 5, 0, 56, 36, 0, 42.03%, 0, 0, 9, 867.96, 188266, 29
278, 5, 0, 56, 35, 0, 42.03%, 0, 0, 9, 831.88, 192337, 29
283, 5, 20, 56, 35, 0, 42.03%, 0, 0, 9, 815.08, 196353, 29
288, 6, 0, 57, 36, 0, 42.03%, 0, 0, 9, 833.28, 200699, 29
293, 6, 0, 57, 36, 0, 42.03%, 0, 0, 9, 849.46, 204959, 29
298, 6, 0, 58, 37, 0, 42.03%, 0, 0, 9, 855.18, 209351, 29
305, 6, 0, 58, 37, 0, 42.03%, 0, 0, 9, 8.93, 213411, 29
310, 6, 20, 58, 37, 0, 42.03%, 0, 0, 9, 859.05, 217810, 29
315, 6, 0, 58, 37, 0, 42.03%, 0, 0, 9, 880.28, 222035, 29
320, 6, 0, 58, 37, 0, 42.03%, 0, 0, 9, 841.37, 226098, 29
325, 7, 32, 58, 37, 0, 42.03%, 0, 0, 9, 834.99, 230316, 29
330, 7, 0, 58, 37, 0, 42.03%, 0, 0, 9, 834.61, 234394, 29
336, 7, 0, 58, 37, 0, 42.03%, 0, 0, 9, 853.98, 238722, 29
341, 7, 17, 58, 37, 0, 42.03%, 0, 0, 9, 866.76, 242953, 29
346, 7, 39, 58, 37, 0, 42.03%, 0, 0, 9, 870.97, 247169, 29
351, 7, 56, 58, 37, 0, 42.03%, 0, 0, 9, 874.30, 251571, 29
356, 7, 22, 58, 36, 0, 42.03%, 0, 0, 9, 873.43, 255838, 29
361, 7, 0, 58, 36, 0, 42.03%, 0, 0, 9, 853.56, 259989, 29
366, 8, 25, 58, 36, 0, 42.03%, 0, 0, 9, 868.99, 264323, 29
371, 8, 32, 58, 34, 0, 42.03%, 1, 0, 9, 0.00, 268078, 29
