# relative_time, cycles_done, cur_item, corpus_count, pending_total, pending_favs, map_size, saved_crashes, saved_hangs, max_depth, execs_per_sec, total_execs, edges_found
62, 0, 27, 37, 24, 0, 39.13%, 0, 0, 6, 207.10, 34962, 27
67, 0, 24, 39, 26, 0, 39.13%, 0, 0, 6, 703.86, 39354, 27
72, 0, 0, 41, 28, 0, 39.13%, 0, 0, 6, 815.89, 43606, 27
85, 0, 27, 42, 29, 0, 39.13%, 0, 0, 6, 16.32, 45646, 27
90, 0, 0, 43, 30, 0, 39.13%, 0, 0, 6, 888.49, 50061, 27
95, 0, 24, 44, 30, 0, 39.13%, 0, 0, 6, 871.07, 54423, 27
101, 1, 0, 45, 31, 0, 39.13%, 0, 0, 6, 869.81, 58727, 27
106, 1, 0, 45, 30, 0, 39.13%, 0, 0, 6, 775.72, 62882, 27
111, 1, 0, 45, 30, 0, 39.13%, 0, 0, 6, 815.30, 67229, 27
119, 1, 26, 46, 30, 0, 39.13%, 0, 0, 6, 30.98, 70397, 27
124, 1, 24, 47, 30, 0, 39.13%, 0, 0, 6, 877.27, 74768, 27
129, 1, 0, 49, 31, 0, 39.13%, 0, 0, 7, 812.95, 79019, 27
135, 2, 0, 50, 32, 0, 39.13%, 0, 0, 7, 843.23, 83391, 27
140, 2, 0, 50, 32, 0, 39.13%, 0, 0, 7, 844.00, 87551, 27
145, 2, 0, 50, 32, 0, 39.13%, 0, 0, 7, 863.99, 91961, 27
154, 2, 15, 51, 33, 0, 39.13%, 0, 0, 7, 25.12, 95150, 27
159, 2, 46, 51, 32, 0, 39.13%, 0, 0, 7, 849.43, 99453, 27
164, 2, 0, 52, 31, 0, 39.13%, 0, 0, 7, 856.30, 103697, 27
169, 3, 0, 52, 31, 0, 39.13%, 0, 0, 7, 855.30, 107947, 27
174, 3, 0, 52, 31, 0, 39.13%, 0, 0, 7, 840.83, 112100, 27
179, 3, 37, 52, 31, 0, 39.13%, 0, 0, 7, 844.95, 116285, 27
184, 3, 0, 53, 30, 0, 39.13%, 0, 0, 7, 838.34, 120507, 27
189, 3, 34, 53, 29, 0, 39.13%, 0, 0, 7, 804.15, 124684, 27
194, 3, 0, 53, 29, 0, 39.13%, 0, 0, 7, 832.37, 128857, 27
199, 3, 34, 53, 29, 0, 39.13%, 0, 0, 7, 837.54, 132978, 27
204, 4, 0, 53, 28, 0, 39.13%, 0, 0, 7, 847.65, 137274, 27
209, 4, 0, 53, 28, 0, 39.13%, 0, 0, 7, 844.09, 141497, 27
214, 4, 24, 53, 28, 0, 39.13%, 0, 0, 7, 852.60, 145788, 27
219, 4, 8, 53, 28, 0, 39.13%, 0, 0, 7, 864.63, 150025, 27
227, 4, 0, 53, 27, 0, 39.13%, 0, 0, 7, 33.05, 153524, 27
232, 4, 0, 53, 27, 0, 39.13%, 0, 0, 7, 885.29, 158082, 27
237, 5, 17, 53, 27, 0, 39.13%, 0, 0, 7, 861.27, 162326, 27
242, 5, 34, 53, 26, 0, 39.13%, 0, 0, 7, 844.54, 166688, 27
248, 5, 0, 53, 25, 0, 39.13%, 0, 0, 7, 856.61, 171149, 27
253, 5, 0, 53, 25, 0, 39.13%, 0, 0, 7, 849.08, 175368, 27
258, 5, 0, 53, 25, 0, 39.13%, 0, 0, 7, 849.40, 179780, 27
263, 5, 0, 53, 25, 0, 39.13%, 0, 0, 7, 847.58, 183999, 27
268, 5, 0, 53, 25, 0, 39.13%, 0, 0, 7, 838.59, 186771, 27
273, 6, 0, 53, 25, 0, 39.13%, 0, 0, 7, 833.09, 190964, 27
278, 6, 0, 53, 25, 0, 39.13%, 0, 0, 7, 837.27, 195284, 27
283, 6, 24, 53, 25, 0, 39.13%, 0, 0, 7, 825.33, 199478, 27
289, 6, 0, 53, 25, 0, 39.13%, 0, 0, 7, 850.96, 203898, 27
294, 6, 19, 53, 25, 0, 39.13%, 0, 0, 7, 868.97, 208206, 27
299, 6, 0, 53, 25, 0, 39.13%, 0, 0, 7, 875.49, 212663, 27
305, 6, 0, 53, 25, 0, 39.13%, 0, 0, 7, 18.22, 216207, 27
310, 7, 24, 53, 25, 0, 39.13%, 0, 0, 7, 866.86, 220499, 27
315, 7, 0, 53, 25, 0, 39.13%, 0, 0, 7, 880.22, 224732, 27
320, 7, 0, 53, 25, 0, 39.13%, 0, 0, 7, 843.92, 228883, 27
325, 7, 24, 53, 24, 0, 39.13%, 0, 0, 7, 844.57, 233157, 27
330, 7, 0, 53, 24, 0, 39.13%, 0, 0, 7, 829.01, 237337, 27
335, 7, 0, 53, 23, 0, 39.13%, 0, 0, 7, 862.26, 241712, 27
340, 8, 0, 53, 23, 0, 39.13%, 0, 0, 7, 867.18, 245932, 27
346, 8, 0, 53, 23, 0, 39.13%, 0, 0, 7, 875.80, 250338, 27
351, 8, 14, 53, 23, 0, 39.13%, 0, 0, 7, 873.41, 254606, 27
356, 8, 0, 53, 23, 0, 39.13%, 0, 0, 7, 883.52, 258923, 27
361, 8, 0, 53, 23, 0, 39.13%, 0, 0, 7, 861.57, 263195, 27
366, 8, 0, 53, 23, 0, 39.13%, 0, 0, 7, 868.17, 267445, 27
371, 9, 0, 53, 23, 0, 39.13%, 0, 0, 7, 872.74, 271704, 27
376, 9, 0, 53, 23, 0, 39.13%, 0, 0, 7, 877.70, 276076, 27
381, 9, 0, 53, 23, 0, 39.13%, 0, 0, 7, 899.79, 280517, 27
386, 9, 0, 53, 23, 0, 39.13%, 0, 0, 7, 885.57, 284991, 27
391, 9, 0, 53, 22, 0, 39.13%, 0, 0, 7, 887.05, 289388, 27
396, 9, 0, 53, 22, 0, 39.13%, 0, 0, 7, 876.94, 293774, 27
401, 10, 0, 53, 21, 0, 39.13%, 0, 0, 7, 889.15, 298141, 27
406, 10, 0, 53, 20, 0, 39.13%, 0, 0, 7, 888.98, 302501, 27
412, 10, 0, 53, 20, 0, 39.13%, 0, 0, 7, 883.25, 306856, 27
417, 10, 53, 55, 21, 0, 40.58%, 0, 0, 7, 884.33, 311176, 28
422, 10, 53, 56, 22, 0, 40.58%, 0, 0, 7, 878.13, 315450, 28
427, 10, 53, 56, 22, 0, 40.58%, 0, 0, 7, 882.00, 319867, 28
432, 10, 0, 57, 23, 0, 40.58%, 0, 0, 7, 889.68, 324192, 28
437, 10, 0, 57, 23, 0, 40.58%, 0, 0, 7, 894.07, 328714, 28
442, 10, 0, 57, 23, 0, 40.58%, 0, 0, 7, 894.12, 333206, 28
447, 10, 24, 57, 22, 0, 40.58%, 0, 0, 7, 895.26, 337579, 28
452, 11, 0, 57, 22, 0, 40.58%, 0, 0, 7, 862.94, 342032, 28
457, 11, 13, 57, 22, 0, 40.58%, 0, 0, 7, 863.01, 346407, 28
463, 11, 53, 57, 21, 0, 40.58%, 0, 0, 7, 856.79, 350942, 28
468, 11, 0, 57, 21, 0, 40.58%, 0, 0, 7, 858.76, 355303, 28
473, 11, 0, 57, 20, 0, 40.58%, 0, 0, 7, 863.15, 359710, 28
478, 11, 0, 57, 19, 0, 40.58%, 0, 0, 7, 860.81, 364095, 28
483, 11, 0, 57, 18, 0, 40.58%, 0, 0, 7, 839.90, 368627, 28
488, 12, 0, 57, 18, 0, 40.58%, 0, 0, 7, 861.66, 373175, 28
493, 12, 34, 57, 18, 0, 40.58%, 0, 0, 7, 857.51, 377548, 28
498, 12, 57, 58, 19, 0, 40.58%, 0, 0, 7, 858.32, 382083, 28
503, 12, 0, 58, 18, 0, 40.58%, 0, 0, 7, 868.71, 386599, 28
509, 12, 0, 58, 18, 0, 40.58%, 0, 0, 7, 879.13, 391176, 28
514, 12, 0, 58, 18, 0, 40.58%, 0, 0, 7, 868.58, 395500, 28
519, 12, 0, 58, 17, 0, 40.58%, 0, 0, 7, 895.77, 400012, 28
524, 13, 0, 58, 17, 0, 40.58%, 0, 0, 7, 889.37, 404540, 28
529, 13, 0, 58, 17, 0, 40.58%, 0, 0, 7, 876.24, 408901, 28
534, 13, 0, 58, 17, 0, 40.58%, 0, 0, 7, 881.91, 413292, 28
539, 13, 0, 58, 17, 0, 40.58%, 0, 0, 7, 877.28, 417834, 28
544, 13, 0, 58, 17, 0, 40.58%, 0, 0, 7, 872.23, 422189, 28
549, 13, 0, 58, 17, 0, 40.58%, 0, 0, 7, 518.93, 426706, 28
554, 14, 0, 58, 17, 0, 40.58%, 0, 0, 7, 800.82, 431114, 28
560, 14, 0, 58, 17, 0, 40.58%, 0, 0, 7, 857.94, 435551, 28
565, 14, 24, 58, 17, 0, 40.58%, 0, 0, 7, 876.60, 439893, 28
570, 14, 14, 58, 17, 0, 40.58%, 0, 0, 7, 896.13, 444268, 28
575, 14, 24, 59, 18, 0, 40.58%, 0, 0, 7, 808.82, 448648, 28
580, 14, 0, 59, 18, 0, 40.58%, 0, 0, 7, 868.54, 453188, 28
585, 14, 0, 59, 18, 0, 40.58%, 0, 0, 7, 883.58, 457716, 28
590, 15, 0, 59, 18, 0, 40.58%, 0, 0, 7, 895.97, 462173, 28
595, 15, 24, 59, 18, 0, 40.58%, 0, 0, 7, 887.39, 466597, 28
600, 15, 24, 65, 24, 0, 40.58%, 0, 0, 7, 887.55, 471158, 28
605, 15, 24, 77, 36, 0, 40.58%, 0, 0, 7, 886.73, 475475, 28
611, 15, 0, 80, 39, 0, 40.58%, 0, 0, 7, 869.89, 479963, 28
616, 15, 67, 81, 40, 0, 40.58%, 0, 0, 7, 829.57, 484060, 28
621, 15, 0, 81, 39, 0, 40.58%, 0, 0, 7, 878.99, 488534, 28
626, 15, 0, 82, 40, 0, 40.58%, 0, 0, 7, 894.19, 492945, 28
631, 15, 59, 82, 40, 0, 40.58%, 0, 0, 7, 835.78, 497125, 28
636, 15, 0, 84, 41, 0, 40.58%, 0, 0, 7, 865.89, 501463, 28
641, 15, 0, 85, 42, 0, 40.58%, 0, 0, 7, 881.85, 505992, 28
646, 15, 0, 85, 42, 0, 40.58%, 0, 0, 7, 887.43, 510398, 28
651, 15, 75, 87, 44, 0, 40.58%, 0, 0, 7, 657.78, 513721, 28
656, 16, 19, 89, 44, 0, 42.03%, 0, 0, 7, 825.40, 517986, 29
661, 16, 87, 90, 45, 0, 42.03%, 0, 0, 7, 916.54, 522483, 29
666, 16, 87, 92, 47, 0, 42.03%, 0, 0, 7, 744.91, 526321, 29
671, 16, 87, 94, 49, 0, 42.03%, 0, 0, 7, 653.94, 528933, 29
677, 16, 87, 94, 49, 0, 42.03%, 0, 0, 7, 819.80, 533115, 29
682, 16, 0, 94, 49, 0, 42.03%, 0, 0, 7, 887.82, 537674, 29
687, 16, 0, 94, 48, 0, 42.03%, 0, 0, 7, 849.58, 542054, 29
692, 16, 87, 96, 50, 0, 42.03%, 0, 0, 7, 826.78, 546216, 29
697, 16, 0, 97, 51, 0, 42.03%, 0, 0, 7, 838.53, 550478, 29
702, 16, 0, 97, 51, 0, 42.03%, 0, 0, 7, 857.66, 554901, 29
707, 16, 0, 98, 52, 0, 42.03%, 0, 0, 7, 852.71, 559447, 29
712, 16, 97, 98, 52, 0, 42.03%, 0, 0, 7, 670.97, 562756, 29
717, 16, 0, 98, 51, 0, 42.03%, 0, 0, 7, 802.68, 566898, 29
723, 16, 0, 98, 51, 0, 42.03%, 0, 0, 7, 866.18, 571534, 29
728, 16, 0, 98, 51, 0, 42.03%, 0, 0, 7, 878.97, 575989, 29
733, 16, 76, 98, 51, 0, 42.03%, 0, 0, 7, 855.50, 580344, 29
738, 16, 63, 99, 51, 0, 42.03%, 0, 0, 7, 849.19, 584805, 29
743, 16, 88, 99, 50, 0, 42.03%, 0, 0, 7, 779.78, 588825, 29
748, 17, 53, 99, 49, 0, 42.03%, 0, 0, 7, 836.69, 593127, 29
753, 17, 18, 99, 49, 0, 42.03%, 0, 0, 7, 839.00, 597476, 29
758, 17, 0, 100, 50, 0, 42.03%, 0, 0, 7, 861.92, 601737, 29
763, 17, 0, 100, 50, 0, 42.03%, 0, 0, 7, 877.29, 606212, 29
768, 17, 53, 100, 49, 0, 42.03%, 0, 0, 7, 877.48, 610740, 29
773, 17, 83, 100, 49, 0, 42.03%, 0, 0, 7, 641.99, 613845, 29
779, 17, 0, 100, 48, 0, 42.03%, 0, 0, 7, 827.25, 618210, 29
784, 17, 0, 100, 47, 0, 42.03%, 0, 0, 7, 861.17, 622729, 29
789, 17, 24, 100, 47, 0, 42.03%, 0, 0, 7, 866.54, 627194, 29
794, 17, 0, 100, 47, 0, 42.03%, 0, 0, 7, 886.89, 631717, 29
799, 17, 0, 101, 48, 0, 42.03%, 0, 0, 7, 858.21, 635974, 29
804, 17, 0, 101, 47, 0, 42.03%, 0, 0, 7, 809.93, 639789, 29
809, 17, 0, 101, 47, 0, 42.03%, 0, 0, 7, 837.74, 644138, 29
814, 18, 87, 101, 47, 0, 42.03%, 0, 0, 7, 851.56, 648464, 29
819, 18, 34, 101, 47, 0, 42.03%, 0, 0, 7, 821.18, 652657, 29
825, 18, 80, 101, 47, 0, 42.03%, 0, 0, 7, 773.77, 656685, 29
830, 18, 0, 101, 46, 0, 42.03%, 0, 0, 7, 863.46, 661123, 29
835, 18, 0, 101, 46, 0, 42.03%, 0, 0, 7, 849.37, 665256, 29
838, 18, 87, 101, 46, 0, 42.03%, 1, 0, 7, 0.00, 667763, 29
