# relative_time, cycles_done, cur_item, corpus_count, pending_total, pending_favs, map_size, saved_crashes, saved_hangs, max_depth, execs_per_sec, total_execs, edges_found
62, 0, 0, 9, 8, 0, 28.81%, 0, 0, 2, 0.83, 3118, 17
93, 0, 0, 9, 8, 0, 28.81%, 0, 0, 2, 0.38, 5217, 17
98, 0, 0, 10, 8, 0, 28.81%, 0, 0, 2, 525.96, 7801, 17
121, 0, 0, 11, 9, 0, 28.81%, 0, 0, 2, 0.46, 8766, 17
126, 0, 0, 14, 12, 0, 30.51%, 0, 0, 2, 529.16, 11473, 18
151, 0, 0, 14, 12, 0, 30.51%, 0, 0, 2, 4.50, 11583, 18
156, 0, 9, 17, 14, 0, 32.20%, 0, 0, 3, 525.29, 14247, 19
177, 0, 9, 17, 14, 0, 32.20%, 0, 0, 3, 3.12, 14503, 19
182, 0, 0, 17, 13, 0, 32.20%, 0, 0, 3, 530.30, 17203, 19
203, 0, 0, 17, 13, 0, 32.20%, 0, 0, 3, 2.02, 17762, 19
208, 1, 0, 18, 14, 0, 33.90%, 0, 0, 3, 557.81, 20539, 20
230, 1, 0, 18, 13, 0, 33.90%, 0, 0, 3, 5.60, 21454, 20
236, 1, 14, 20, 14, 0, 35.59%, 0, 0, 4, 568.59, 24355, 21
259, 1, 14, 20, 14, 0, 35.59%, 0, 0, 4, 5.27, 24872, 21
264, 1, 18, 23, 17, 0, 35.59%, 0, 0, 4, 649.60, 28203, 21
286, 1, 0, 24, 17, 0, 35.59%, 0, 0, 4, 7.27, 29283, 21
291, 1, 0, 25, 18, 0, 40.68%, 0, 0, 4, 588.83, 32284, 24
320, 1, 24, 27, 19, 0, 42.37%, 0, 0, 4, 0.90, 33850, 25
325, 1, 24, 31, 23, 0, 44.07%, 0, 0, 4, 689.38, 37437, 26
351, 1, 24, 33, 25, 0, 45.76%, 0, 0, 4, 0.25, 38794, 27
356, 1, 24, 35, 27, 0, 45.76%, 0, 0, 4, 481.50, 41193, 27
382, 1, 24, 36, 28, 0, 45.76%, 0, 0, 4, 3.03, 42145, 27
387, 1, 24, 37, 29, 0, 45.76%, 0, 0, 4, 529.69, 44796, 27
400, 1, 30, 37, 28, 2, 45.76%, 0, 0, 4, 6.06, 45803, 27
409, 1, 27, 37, 27, 1, 45.76%, 0, 0, 4, 4.57, 46435, 27
419, 1, 27, 37, 27, 1, 45.76%, 0, 0, 4, 0.28, 46438, 27
424, 1, 0, 38, 26, 0, 47.46%, 0, 0, 4, 589.51, 49352, 28
445, 1, 0, 38, 26, 0, 47.46%, 0, 0, 4, 1.44, 50245, 28
450, 1, 37, 40, 28, 0, 47.46%, 0, 0, 4, 572.14, 53247, 28
471, 1, 37, 40, 28, 0, 47.46%, 0, 0, 4, 2.51, 54266, 28
476, 1, 30, 42, 30, 0, 47.46%, 0, 0, 4, 565.90, 57255, 28
488, 1, 30, 42, 30, 0, 47.46%, 0, 0, 4, 6.60, 57670, 28
505, 2, 0, 43, 31, 0, 47.46%, 0, 0, 4, 5.67, 60291, 28
510, 2, 0, 43, 30, 0, 47.46%, 0, 0, 4, 530.32, 63263, 28
526, 2, 42, 44, 31, 0, 47.46%, 0, 0, 5, 4.87, 64584, 28
531, 2, 40, 46, 31, 0, 47.46%, 0, 0, 5, 610.36, 67722, 28
548, 2, 27, 46, 30, 0, 47.46%, 0, 0, 5, 6.62, 69153, 28
553, 2, 27, 46, 30, 0, 47.46%, 0, 0, 5, 653.48, 72513, 28
562, 2, 0, 47, 30, 0, 47.46%, 0, 0, 5, 7.66, 73962, 28
576, 2, 0, 47, 30, 0, 47.46%, 0, 0, 5, 5.43, 76887, 28
581, 3, 0, 49, 32, 0, 47.46%, 0, 0, 5, 697.83, 80353, 28
589, 3, 0, 49, 32, 0, 47.46%, 0, 0, 5, 5.78, 81947, 28
601, 3, 18, 49, 31, 0, 47.46%, 0, 0, 5, 14.50, 85419, 28
606, 3, 31, 54, 36, 0, 47.46%, 0, 0, 5, 700.85, 88821, 28
613, 3, 31, 56, 38, 0, 47.46%, 0, 0, 5, 6.23, 90384, 28
618, 3, 27, 57, 38, 0, 47.46%, 0, 0, 5, 700.90, 93933, 28
629, 3, 50, 58, 38, 0, 47.46%, 0, 0, 5, 3.47, 96334, 28
634, 3, 0, 65, 43, 0, 47.46%, 0, 0, 6, 693.05, 99920, 28
649, 3, 24, 66, 44, 0, 47.46%, 0, 0, 6, 12.54, 102675, 28
654, 4, 0, 67, 45, 0, 47.46%, 0, 0, 6, 762.86, 106453, 28
660, 4, 0, 68, 44, 0, 47.46%, 0, 0, 6, 51.03, 109498, 28
665, 4, 0, 68, 44, 0, 47.46%, 0, 0, 6, 736.43, 113172, 28
673, 4, 0, 68, 44, 0, 47.46%, 0, 0, 6, 5.40, 114771, 28
678, 4, 24, 69, 45, 0, 47.46%, 0, 0, 6, 758.51, 118664, 28
683, 4, 0, 70, 46, 0, 47.46%, 0, 0, 6, 748.85, 122398, 28
688, 4, 0, 70, 46, 0, 47.46%, 0, 0, 6, 741.97, 126060, 28
694, 4, 21, 70, 46, 0, 47.46%, 0, 0, 6, 45.97, 127798, 28
699, 5, 54, 71, 46, 0, 47.46%, 0, 0, 6, 668.29, 131364, 28
704, 5, 0, 71, 45, 0, 47.46%, 0, 0, 6, 752.45, 133709, 28
709, 5, 0, 72, 44, 0, 47.46%, 0, 0, 6, 739.27, 137286, 28
714, 5, 0, 73, 45, 0, 47.46%, 0, 0, 6, 777.66, 141229, 28
719, 5, 0, 75, 47, 0, 47.46%, 0, 0, 6, 748.05, 144759, 28
724, 5, 0, 77, 48, 0, 47.46%, 0, 0, 7, 797.78, 147992, 28
733, 5, 0, 77, 47, 0, 47.46%, 0, 0, 7, 7.95, 151714, 28
738, 5, 63, 77, 46, 0, 47.46%, 0, 0, 7, 719.01, 155279, 28
744, 5, 0, 77, 44, 0, 47.46%, 0, 0, 7, 757.34, 159103, 28
749, 6, 0, 77, 43, 0, 47.46%, 0, 0, 7, 789.26, 163134, 28
754, 6, 24, 77, 43, 0, 47.46%, 0, 0, 7, 825.49, 167097, 28
760, 6, 27, 78, 44, 0, 47.46%, 0, 0, 7, 15.88, 169899, 28
765, 6, 0, 78, 44, 0, 47.46%, 0, 0, 7, 131.15, 173790, 28
770, 6, 0, 78, 44, 0, 47.46%, 0, 0, 7, 766.46, 177576, 28
775, 6, 0, 79, 44, 0, 47.46%, 0, 0, 7, 67.57, 181431, 28
781, 6, 0, 79, 43, 0, 47.46%, 0, 0, 7, 746.97, 185242, 28
787, 6, 0, 79, 42, 0, 47.46%, 0, 0, 7, 57.20, 188501, 28
792, 7, 14, 79, 42, 0, 47.46%, 0, 0, 7, 798.17, 192464, 28
797, 7, 0, 79, 42, 0, 47.46%, 0, 0, 7, 828.72, 196328, 28
802, 7, 0, 79, 42, 0, 47.46%, 0, 0, 7, 766.82, 200045, 28
807, 7, 0, 79, 42, 0, 47.46%, 0, 0, 7, 789.93, 203900, 28
814, 7, 18, 79, 42, 0, 47.46%, 0, 0, 7, 24.76, 206240, 28
819, 7, 0, 79, 42, 0, 47.46%, 0, 0, 7, 770.54, 210308, 28
825, 7, 79, 80, 43, 0, 47.46%, 0, 0, 7, 703.08, 213825, 28
830, 7, 79, 81, 44, 0, 47.46%, 0, 0, 7, 550.19, 216357, 28
835, 7, 0, 81, 43, 0, 47.46%, 0, 0, 7, 740.96, 220153, 28
840, 8, 30, 81, 43, 0, 47.46%, 0, 0, 7, 747.91, 223856, 28
845, 8, 0, 81, 42, 0, 47.46%, 0, 0, 7, 622.69, 227190, 28
851, 8, 0, 81, 42, 0, 47.46%, 0, 0, 7, 739.59, 231205, 28
856, 8, 24, 81, 40, 0, 47.46%, 0, 0, 7, 751.53, 234906, 28
861, 8, 0, 81, 40, 0, 47.46%, 0, 0, 7, 775.64, 238822, 28
866, 8, 17, 81, 40, 0, 47.46%, 0, 0, 7, 724.37, 242398, 28
871, 8, 0, 81, 39, 0, 47.46%, 0, 0, 7, 754.80, 246221, 28
876, 8, 31, 81, 39, 0, 47.46%, 0, 0, 7, 796.23, 250383, 28
881, 9, 0, 81, 38, 0, 47.46%, 0, 0, 7, 773.58, 254357, 28
886, 9, 47, 81, 38, 0, 47.46%, 0, 0, 7, 790.33, 258247, 28
891, 9, 18, 81, 37, 0, 47.46%, 0, 0, 7, 801.83, 262058, 28
897, 9, 0, 81, 37, 0, 47.46%, 0, 0, 7, 820.05, 265461, 28
902, 9, 0, 81, 37, 0, 47.46%, 0, 0, 7, 773.90, 269351, 28
907, 9, 18, 81, 37, 0, 47.46%, 0, 0, 7, 796.92, 273402, 28
912, 9, 24, 81, 37, 0, 47.46%, 0, 0, 7, 796.83, 277472, 28
917, 10, 0, 81, 36, 0, 47.46%, 0, 0, 7, 798.40, 281428, 28
922, 10, 0, 81, 36, 0, 47.46%, 0, 0, 7, 781.68, 285228, 28
927, 10, 17, 81, 36, 0, 47.46%, 0, 0, 7, 732.03, 288895, 28
932, 10, 75, 81, 35, 0, 47.46%, 0, 0, 7, 691.05, 292333, 28
938, 10, 0, 81, 34, 0, 47.46%, 0, 0, 7, 779.50, 296393, 28
943, 10, 0, 81, 34, 0, 47.46%, 0, 0, 7, 683.61, 299805, 28
948, 10, 0, 81, 34, 0, 47.46%, 0, 0, 7, 103.09, 303590, 28
953, 10, 0, 81, 34, 0, 47.46%, 0, 0, 7, 799.86, 307058, 28
958, 11, 30, 81, 34, 0, 47.46%, 0, 0, 7, 813.35, 311253, 28
963, 11, 0, 81, 34, 0, 47.46%, 0, 0, 7, 783.54, 314987, 28
968, 11, 14, 81, 34, 0, 47.46%, 0, 0, 7, 792.73, 319043, 28
973, 11, 18, 81, 34, 0, 47.46%, 0, 0, 7, 809.02, 323124, 28
979, 11, 30, 81, 34, 0, 47.46%, 0, 0, 7, 767.83, 326996, 28
984, 11, 0, 81, 34, 0, 47.46%, 0, 0, 7, 764.50, 330836, 28
989, 11, 18, 81, 34, 0, 47.46%, 0, 0, 7, 857.08, 334842, 28
994, 12, 0, 81, 34, 0, 47.46%, 0, 0, 7, 856.24, 338911, 28
999, 12, 31, 82, 34, 0, 49.15%, 0, 0, 7, 828.29, 343039, 29
1004, 12, 81, 85, 36, 0, 49.15%, 0, 0, 7, 813.93, 347077, 29
1009, 12, 81, 85, 36, 0, 49.15%, 0, 0, 7, 796.56, 350941, 29
1014, 12, 81, 85, 36, 0, 49.15%, 0, 0, 7, 781.28, 354957, 29
1020, 12, 81, 86, 37, 0, 49.15%, 0, 0, 7, 704.33, 358603, 29
1025, 12, 14, 86, 36, 0, 49.15%, 0, 0, 7, 788.16, 362423, 29
1030, 12, 76, 87, 37, 0, 49.15%, 0, 0, 7, 597.73, 365619, 29
1035, 12, 0, 89, 38, 0, 49.15%, 0, 0, 7, 707.55, 369303, 29
1040, 12, 0, 89, 37, 0, 49.15%, 0, 0, 7, 777.31, 373290, 29
1045, 12, 31, 89, 37, 0, 49.15%, 0, 0, 7, 841.99, 377370, 29
1050, 12, 81, 89, 37, 0, 49.15%, 0, 0, 7, 824.85, 381527, 29
1055, 12, 0, 89, 36, 0, 49.15%, 0, 0, 7, 774.61, 385286, 29
1060, 12, 0, 89, 36, 0, 49.15%, 0, 0, 7, 840.37, 389585, 29
1066, 13, 18, 89, 36, 0, 49.15%, 0, 0, 7, 848.92, 393862, 29
1071, 13, 24, 90, 36, 0, 49.15%, 0, 0, 7, 830.94, 397933, 29
1076, 13, 0, 90, 36, 0, 49.15%, 0, 0, 7, 823.10, 402190, 29
1081, 13, 0, 90, 36, 0, 49.15%, 0, 0, 7, 860.42, 406364, 29
1086, 13, 0, 90, 36, 0, 49.15%, 0, 0, 7, 56.74, 410379, 29
1091, 13, 73, 90, 35, 0, 49.15%, 0, 0, 7, 877.07, 414001, 29
1096, 13, 90, 95, 38, 0, 50.85%, 0, 0, 7, 718.54, 417454, 30
1101, 13, 90, 95, 38, 0, 50.85%, 0, 0, 7, 506.05, 420318, 30
1102, 13, 90, 95, 38, 0, 50.85%, 1, 0, 7, 0.00, 420876, 30
