# relative_time, cycles_done, cur_item, corpus_count, pending_total, pending_favs, map_size, saved_crashes, saved_hangs, max_depth, execs_per_sec, total_execs, edges_found
64, 0, 0, 22, 22, 1, 36.23%, 0, 0, 2, 869.34, 38143, 25
70, 0, 0, 22, 22, 1, 36.23%, 0, 0, 2, 869.34, 42699, 25
75, 0, 0, 22, 22, 1, 36.23%, 0, 0, 2, 853.78, 47025, 25
87, 0, 0, 22, 22, 1, 36.23%, 0, 0, 2, 11.22, 49023, 25
92, 0, 0, 23, 23, 1, 37.68%, 0, 0, 2, 899.88, 53637, 26
98, 0, 0, 24, 24, 1, 39.13%, 0, 0, 2, 887.79, 58166, 27
103, 0, 0, 24, 24, 1, 39.13%, 0, 0, 2, 883.33, 62688, 27
108, 0, 0, 26, 26, 1, 42.03%, 0, 0, 2, 875.38, 67020, 29
113, 0, 0, 26, 26, 1, 42.03%, 0, 0, 2, 885.96, 71559, 29
121, 0, 0, 26, 26, 1, 42.03%, 0, 0, 2, 20.80, 74772, 29
126, 0, 0, 27, 27, 1, 42.03%, 0, 0, 2, 871.29, 79148, 29
132, 0, 0, 27, 27, 1, 42.03%, 0, 0, 2, 880.83, 83738, 29
137, 0, 0, 27, 27, 1, 42.03%, 0, 0, 2, 884.30, 88328, 29
142, 0, 0, 27, 27, 1, 42.03%, 0, 0, 2, 880.89, 92731, 29
147, 0, 0, 27, 27, 1, 42.03%, 0, 0, 2, 869.49, 97049, 29
156, 0, 0, 27, 27, 1, 42.03%, 0, 0, 2, 36.52, 100466, 29
161, 0, 0, 27, 27, 1, 42.03%, 0, 0, 2, 874.94, 104869, 29
166, 0, 0, 27, 27, 1, 42.03%, 0, 0, 2, 865.93, 109340, 29
171, 0, 0, 27, 27, 1, 42.03%, 0, 0, 2, 866.34, 113709, 29
176, 0, 0, 27, 27, 1, 42.03%, 0, 0, 2, 863.17, 118163, 29
181, 0, 0, 27, 27, 1, 42.03%, 0, 0, 2, 858.84, 122481, 29
186, 0, 0, 27, 27, 1, 42.03%, 0, 0, 2, 871.55, 126884, 29
191, 0, 0, 27, 27, 1, 42.03%, 0, 0, 2, 857.42, 131270, 29
196, 0, 0, 27, 27, 1, 42.03%, 0, 0, 2, 840.30, 135524, 29
202, 0, 0, 27, 27, 1, 42.03%, 0, 0, 2, 816.68, 139540, 29
207, 0, 0, 27, 27, 1, 42.03%, 0, 0, 2, 837.15, 143908, 29
212, 0, 0, 27, 27, 1, 42.03%, 0, 0, 2, 836.41, 148228, 29
217, 0, 0, 27, 27, 1, 42.03%, 0, 0, 2, 844.81, 152612, 29
222, 0, 0, 27, 27, 1, 42.03%, 0, 0, 2, 850.40, 156948, 29
229, 0, 0, 27, 27, 1, 42.03%, 0, 0, 2, 26.57, 159988, 29
234, 0, 0, 27, 27, 1, 42.03%, 0, 0, 2, 863.48, 164369, 29
239, 0, 0, 27, 27, 1, 42.03%, 0, 0, 2, 841.44, 168660, 29
244, 0, 0, 27, 27, 1, 42.03%, 0, 0, 2, 854.18, 173039, 29
249, 0, 0, 27, 27, 1, 42.03%, 0, 0, 2, 861.57, 177374, 29
254, 0, 0, 27, 27, 1, 42.03%, 0, 0, 2, 851.93, 181777, 29
259, 0, 0, 27, 27, 1, 42.03%, 0, 0, 2, 839.05, 186061, 29
264, 0, 0, 27, 27, 1, 42.03%, 0, 0, 2, 837.01, 190311, 29
269, 0, 0, 27, 27, 1, 42.03%, 0, 0, 2, 831.23, 192980, 29
275, 0, 0, 27, 27, 1, 42.03%, 0, 0, 2, 835.13, 197348, 29
280, 0, 0, 27, 27, 1, 42.03%, 0, 0, 2, 835.69, 201668, 29
285, 0, 0, 27, 27, 1, 42.03%, 0, 0, 2, 827.76, 205828, 29
290, 0, 0, 27, 27, 1, 42.03%, 0, 0, 2, 843.21, 210196, 29
295, 0, 0, 27, 27, 1, 42.03%, 0, 0, 2, 853.11, 214485, 29
300, 0, 0, 27, 27, 1, 42.03%, 0, 0, 2, 849.43, 218804, 29
307, 0, 0, 27, 27, 1, 42.03%, 0, 0, 2, 94.16, 223189, 29
312, 0, 0, 27, 27, 1, 42.03%, 0, 0, 2, 846.77, 227588, 29
317, 0, 0, 27, 27, 1, 42.03%, 0, 0, 2, 857.64, 231927, 29
322, 0, 0, 27, 27, 1, 42.03%, 0, 0, 2, 850.64, 236212, 29
327, 0, 0, 27, 27, 1, 42.03%, 0, 0, 2, 855.04, 240529, 29
332, 0, 0, 27, 27, 1, 42.03%, 0, 0, 2, 850.60, 244820, 29
337, 0, 0, 27, 27, 1, 42.03%, 0, 0, 2, 855.25, 249097, 29
342, 0, 0, 27, 27, 1, 42.03%, 0, 0, 2, 859.44, 253500, 29
348, 0, 0, 27, 27, 1, 42.03%, 0, 0, 2, 864.72, 257886, 29
353, 0, 0, 27, 27, 1, 42.03%, 0, 0, 2, 857.25, 262289, 29
358, 0, 0, 27, 27, 1, 42.03%, 0, 0, 2, 859.34, 266641, 29
363, 0, 0, 27, 27, 1, 42.03%, 0, 0, 2, 846.55, 270820, 29
368, 0, 0, 27, 27, 1, 42.03%, 0, 0, 2, 848.68, 275073, 29
373, 0, 0, 27, 27, 1, 42.03%, 0, 0, 2, 845.97, 279412, 29
378, 0, 0, 27, 27, 1, 42.03%, 0, 0, 2, 856.60, 283726, 29
383, 0, 0, 27, 27, 1, 42.03%, 0, 0, 2, 849.99, 288095, 29
388, 0, 0, 27, 27, 1, 42.03%, 0, 0, 2, 853.37, 292345, 29
393, 0, 0, 27, 27, 1, 42.03%, 0, 0, 2, 867.27, 296748, 29
398, 0, 0, 27, 27, 1, 42.03%, 0, 0, 2, 861.49, 301083, 29
404, 0, 0, 27, 27, 1, 42.03%, 0, 0, 2, 863.76, 305486, 29
409, 0, 0, 27, 27, 1, 42.03%, 0, 0, 2, 866.94, 309838, 29
414, 0, 0, 27, 27, 1, 42.03%, 0, 0, 2, 878.99, 314258, 29
419, 0, 0, 27, 27, 1, 42.03%, 0, 0, 2, 870.45, 318661, 29
424, 0, 0, 27, 27, 1, 42.03%, 0, 0, 2, 857.88, 322996, 29
429, 0, 0, 27, 27, 1, 42.03%, 0, 0, 2, 875.24, 327416, 29
434, 0, 0, 27, 27, 1, 42.03%, 0, 0, 2, 875.63, 331802, 29
439, 0, 0, 27, 27, 1, 42.03%, 0, 0, 2, 872.50, 336205, 29
444, 0, 0, 27, 27, 1, 42.03%, 0, 0, 2, 862.25, 340506, 29
449, 0, 0, 27, 27, 1, 42.03%, 0, 0, 2, 872.64, 344892, 29
454, 0, 0, 27, 27, 1, 42.03%, 0, 0, 2, 876.64, 349329, 29
459, 0, 0, 27, 27, 1, 42.03%, 0, 0, 2, 873.59, 353698, 29
464, 0, 0, 27, 27, 1, 42.03%, 0, 0, 2, 851.42, 358033, 29
469, 0, 0, 27, 27, 1, 42.03%, 0, 0, 2, 859.69, 362453, 29
475, 0, 0, 27, 27, 1, 42.03%, 0, 0, 2, 876.54, 367043, 29
480, 0, 0, 27, 27, 1, 42.03%, 0, 0, 2, 871.02, 371480, 29
485, 0, 0, 27, 27, 1, 42.03%, 0, 0, 2, 865.06, 375883, 29
490, 0, 0, 27, 27, 1, 42.03%, 0, 0, 2, 860.26, 380286, 29
495, 0, 0, 27, 27, 1, 42.03%, 0, 0, 2, 860.08, 384706, 29
500, 0, 0, 27, 27, 1, 42.03%, 0, 0, 2, 851.47, 389028, 29
505, 0, 0, 27, 27, 1, 42.03%, 0, 0, 2, 865.66, 393427, 29
510, 0, 0, 27, 27, 1, 42.03%, 0, 0, 2, 860.77, 397847, 29
515, 0, 0, 28, 28, 1, 42.03%, 0, 0, 2, 856.13, 402206, 29
520, 0, 0, 28, 28, 1, 42.03%, 0, 0, 2, 853.71, 406575, 29
525, 0, 0, 28, 28, 1, 42.03%, 0, 0, 2, 851.79, 410910, 29
530, 0, 0, 28, 28, 1, 42.03%, 0, 0, 2, 859.43, 415313, 29
536, 0, 0, 28, 28, 1, 42.03%, 0, 0, 2, 860.16, 419733, 29
541, 0, 0, 28, 28, 1, 42.03%, 0, 0, 2, 858.71, 424119, 29
546, 0, 0, 28, 28, 1, 42.03%, 0, 0, 2, 858.62, 428505, 29
551, 0, 0, 28, 28, 1, 42.03%, 0, 0, 2, 864.71, 432891, 29
556, 0, 0, 28, 28, 1, 42.03%, 0, 0, 2, 868.49, 437294, 29
561, 0, 0, 28, 28, 1, 42.03%, 0, 0, 2, 850.52, 441611, 29
566, 0, 0, 28, 28, 1, 42.03%, 0, 0, 2, 865.40, 446032, 29
571, 0, 0, 28, 28, 1, 42.03%, 0, 0, 2, 870.99, 450384, 29
576, 0, 0, 28, 28, 1, 42.03%, 0, 0, 2, 876.72, 454804, 29
581, 0, 0, 28, 28, 1, 42.03%, 0, 0, 2, 857.04, 459139, 29
586, 0, 0, 28, 28, 1, 42.03%, 0, 0, 2, 866.46, 463593, 29
591, 0, 0, 28, 28, 1, 42.03%, 0, 0, 2, 862.19, 467945, 29
596, 0, 0, 28, 28, 1, 42.03%, 0, 0, 2, 870.93, 472365, 29
601, 0, 0, 28, 28, 1, 42.03%, 0, 0, 2, 871.36, 476785, 29
606, 0, 0, 28, 28, 1, 42.03%, 0, 0, 2, 874.23, 481205, 29
611, 0, 0, 29, 29, 1, 42.03%, 0, 0, 2, 869.26, 485581, 29
617, 0, 0, 29, 29, 1, 42.03%, 0, 0, 2, 870.14, 490001, 29
622, 0, 0, 29, 29, 1, 42.03%, 0, 0, 2, 873.66, 494421, 29
627, 0, 0, 29, 29, 1, 42.03%, 0, 0, 2, 877.74, 498858, 29
632, 0, 0, 29, 29, 1, 42.03%, 0, 0, 2, 883.39, 503295, 29
637, 0, 0, 29, 29, 1, 42.03%, 0, 0, 2, 872.12, 507664, 29
642, 0, 0, 29, 29, 1, 42.03%, 0, 0, 2, 869.75, 512033, 29
647, 0, 0, 29, 29, 1, 42.03%, 0, 0, 2, 884.83, 516640, 29
652, 0, 0, 29, 29, 1, 42.03%, 0, 0, 2, 878.04, 521043, 29
657, 0, 0, 29, 29, 1, 42.03%, 0, 0, 2, 876.29, 525463, 29
662, 0, 0, 29, 29, 1, 42.03%, 0, 0, 2, 880.00, 529883, 29
667, 0, 0, 29, 29, 1, 42.03%, 0, 0, 2, 886.09, 534337, 29
672, 0, 0, 29, 29, 1, 42.03%, 0, 0, 2, 881.38, 538757, 29
677, 0, 0, 29, 29, 1, 42.03%, 0, 0, 2, 882.50, 543177, 29
682, 0, 0, 29, 29, 1, 42.03%, 0, 0, 2, 883.57, 547784, 29
687, 0, 0, 29, 29, 1, 42.03%, 0, 0, 2, 882.15, 552204, 29
692, 0, 0, 29, 29, 1, 42.03%, 0, 0, 2, 887.18, 556641, 29
698, 0, 0, 29, 29, 1, 42.03%, 0, 0, 2, 903.39, 561280, 29
703, 0, 0, 29, 29, 1, 42.03%, 0, 0, 2, 885.64, 565770, 29
708, 0, 0, 29, 29, 1, 42.03%, 0, 0, 2, 880.48, 570190, 29
713, 0, 0, 29, 29, 1, 42.03%, 0, 0, 2, 883.66, 574644, 29
718, 0, 0, 29, 29, 1, 42.03%, 0, 0, 2, 884.89, 579064, 29
723, 0, 0, 29, 29, 1, 42.03%, 0, 0, 2, 888.01, 583671, 29
728, 0, 0, 29, 29, 1, 42.03%, 0, 0, 2, 881.33, 588091, 29
733, 0, 0, 29, 29, 1, 42.03%, 0, 0, 2, 886.51, 592528, 29
738, 0, 0, 29, 29, 1, 42.03%, 0, 0, 2, 887.73, 596965, 29
743, 0, 0, 29, 29, 1, 42.03%, 0, 0, 2, 883.40, 601385, 29
748, 0, 0, 29, 29, 1, 42.03%, 0, 0, 2, 910.43, 605956, 29
753, 0, 0, 29, 29, 1, 42.03%, 0, 0, 2, 888.60, 610395, 29
758, 0, 0, 30, 30, 1, 42.03%, 0, 0, 2, 881.44, 614788, 29
763, 0, 0, 30, 30, 1, 42.03%, 0, 0, 2, 883.12, 619344, 29
768, 0, 0, 30, 30, 1, 42.03%, 0, 0, 2, 885.05, 623781, 29
774, 0, 0, 30, 30, 1, 42.03%, 0, 0, 2, 890.66, 628388, 29
779, 0, 0, 30, 30, 1, 42.03%, 0, 0, 2, 887.88, 632978, 29
784, 0, 0, 30, 30, 1, 42.03%, 0, 0, 2, 885.76, 637398, 29
789, 0, 0, 30, 30, 1, 42.03%, 0, 0, 2, 869.42, 641801, 29
794, 0, 0, 30, 30, 1, 42.03%, 0, 0, 2, 879.52, 646238, 29
799, 0, 0, 30, 30, 1, 42.03%, 0, 0, 2, 876.27, 650675, 29
804, 0, 0, 30, 30, 1, 42.03%, 0, 0, 2, 883.49, 655316, 29
809, 0, 0, 30, 30, 1, 42.03%, 0, 0, 2, 878.88, 659753, 29
814, 0, 0, 30, 30, 1, 42.03%, 0, 0, 2, 866.52, 664156, 29
819, 0, 0, 30, 30, 1, 42.03%, 0, 0, 2, 873.59, 668593, 29
824, 0, 0, 30, 30, 1, 42.03%, 0, 0, 2, 882.64, 673217, 29
830, 0, 0, 30, 30, 1, 42.03%, 0, 0, 2, 882.97, 677841, 29
835, 0, 0, 30, 30, 1, 42.03%, 0, 0, 2, 886.04, 682465, 29
840, 0, 0, 30, 30, 1, 42.03%, 0, 0, 2, 880.96, 686902, 29
845, 0, 0, 30, 30, 1, 42.03%, 0, 0, 2, 879.97, 691339, 29
850, 0, 0, 30, 30, 1, 42.03%, 0, 0, 2, 886.82, 695963, 29
855, 0, 0, 30, 30, 1, 42.03%, 0, 0, 2, 884.08, 700400, 29
860, 0, 0, 30, 30, 1, 42.03%, 0, 0, 2, 882.88, 704837, 29
865, 0, 0, 30, 30, 1, 42.03%, 0, 0, 2, 882.60, 709274, 29
870, 0, 0, 30, 30, 1, 42.03%, 0, 0, 2, 887.48, 713898, 29
875, 0, 0, 30, 30, 1, 42.03%, 0, 0, 2, 872.46, 718301, 29
880, 0, 0, 30, 30, 1, 42.03%, 0, 0, 2, 872.97, 722738, 29
886, 0, 0, 30, 30, 1, 42.03%, 0, 0, 2, 872.83, 727311, 29
891, 0, 25, 36, 34, 8, 42.03%, 0, 0, 3, 892.78, 731984, 29
896, 0, 34, 43, 39, 8, 42.03%, 0, 0, 4, 887.91, 736437, 29
901, 0, 34, 44, 40, 8, 42.03%, 0, 0, 4, 886.57, 741034, 29
906, 0, 36, 48, 42, 7, 42.03%, 0, 0, 4, 890.67, 745503, 29
911, 0, 48, 51, 37, 0, 42.03%, 0, 0, 4, 892.77, 750147, 29
916, 0, 24, 55, 41, 0, 42.03%, 0, 0, 4, 889.10, 754757, 29
921, 0, 29, 56, 42, 0, 42.03%, 0, 0, 4, 893.95, 759264, 29
926, 0, 44, 58, 43, 0, 42.03%, 0, 0, 4, 892.35, 763741, 29
931, 0, 19, 58, 42, 0, 42.03%, 0, 0, 4, 891.73, 768196, 29
936, 0, 48, 61, 45, 0, 42.03%, 0, 0, 5, 895.15, 772705, 29
942, 0, 48, 63, 47, 0, 42.03%, 0, 0, 5, 897.52, 777311, 29
947, 1, 48, 67, 50, 0, 42.03%, 0, 0, 5, 896.38, 781838, 29
952, 1, 61, 69, 51, 0, 42.03%, 0, 0, 5, 896.89, 786486, 29
957, 1, 48, 70, 51, 0, 42.03%, 0, 0, 5, 896.60, 791100, 29
962, 1, 19, 70, 50, 0, 42.03%, 0, 0, 5, 896.83, 795722, 29
967, 1, 44, 70, 49, 0, 42.03%, 0, 0, 5, 900.02, 800358, 29
972, 1, 48, 70, 48, 0, 42.03%, 0, 0, 5, 893.66, 804925, 29
977, 1, 48, 70, 45, 0, 42.03%, 0, 0, 5, 895.37, 809417, 29
983, 2, 44, 73, 46, 0, 42.03%, 0, 0, 5, 885.57, 813971, 29
988, 2, 53, 77, 50, 0, 42.03%, 0, 0, 5, 882.65, 818526, 29
993, 2, 48, 83, 54, 0, 42.03%, 0, 0, 5, 865.67, 822930, 29
998, 2, 48, 86, 57, 0, 42.03%, 0, 0, 5, 872.23, 827272, 29
1003, 2, 83, 87, 58, 0, 42.03%, 0, 0, 5, 775.56, 831144, 29
1008, 2, 48, 87, 56, 0, 42.03%, 0, 0, 5, 792.29, 834934, 29
1013, 2, 79, 87, 55, 0, 42.03%, 0, 0, 5, 798.46, 839081, 29
1018, 2, 44, 87, 53, 0, 42.03%, 0, 0, 5, 856.60, 843522, 29
1023, 2, 24, 87, 53, 0, 42.03%, 0, 0, 5, 865.34, 847884, 29
1028, 2, 44, 88, 54, 0, 42.03%, 0, 0, 5, 852.55, 852142, 29
1033, 3, 74, 88, 53, 0, 42.03%, 0, 0, 5, 836.12, 856355, 29
1038, 3, 22, 88, 49, 0, 42.03%, 0, 0, 5, 845.54, 860572, 29
1043, 3, 44, 88, 49, 0, 42.03%, 0, 0, 5, 857.50, 864877, 29
1049, 3, 44, 89, 50, 0, 42.03%, 0, 0, 5, 860.03, 869340, 29
1054, 3, 44, 90, 50, 0, 42.03%, 0, 0, 5, 855.15, 873586, 29
1059, 3, 36, 91, 50, 0, 42.03%, 0, 0, 5, 848.37, 877970, 29
1064, 3, 87, 91, 50, 0, 42.03%, 0, 0, 5, 833.39, 882280, 29
1069, 3, 48, 91, 48, 0, 42.03%, 0, 0, 5, 858.63, 886664, 29
1074, 3, 36, 92, 49, 0, 42.03%, 0, 0, 5, 851.63, 891049, 29
1079, 3, 44, 92, 48, 0, 42.03%, 0, 0, 5, 849.06, 895440, 29
1084, 4, 48, 92, 47, 0, 42.03%, 0, 0, 5, 848.78, 899746, 29
1090, 4, 62, 92, 46, 0, 42.03%, 0, 0, 5, 859.04, 904245, 29
1095, 4, 44, 93, 45, 0, 42.03%, 0, 0, 5, 852.57, 908534, 29
1100, 4, 24, 93, 45, 0, 42.03%, 0, 0, 5, 849.04, 912815, 29
1105, 4, 48, 93, 44, 0, 42.03%, 0, 0, 5, 852.46, 917297, 29
1110, 4, 61, 93, 44, 0, 42.03%, 0, 0, 5, 850.52, 921576, 29
1115, 4, 75, 93, 44, 0, 42.03%, 0, 0, 5, 846.10, 925843, 29
1120, 4, 48, 93, 43, 0, 42.03%, 0, 0, 5, 849.00, 930069, 29
1125, 4, 70, 93, 43, 0, 42.03%, 0, 0, 5, 835.87, 934294, 29
1130, 4, 36, 93, 41, 0, 42.03%, 0, 0, 5, 844.96, 938667, 29
1135, 4, 62, 93, 40, 0, 42.03%, 0, 0, 5, 859.88, 943127, 29
1140, 5, 48, 93, 40, 0, 42.03%, 0, 0, 5, 864.10, 947689, 29
1145, 5, 44, 95, 42, 0, 42.03%, 0, 0, 5, 852.52, 951954, 29
1150, 5, 67, 95, 42, 0, 42.03%, 0, 0, 5, 851.69, 956192, 29
1156, 5, 44, 95, 41, 0, 42.03%, 0, 0, 5, 820.29, 960403, 29
1161, 5, 59, 95, 41, 0, 42.03%, 0, 0, 5, 847.99, 964831, 29
1166, 5, 48, 95, 39, 0, 42.03%, 0, 0, 5, 858.93, 969281, 29
1171, 5, 44, 95, 38, 0, 42.03%, 0, 0, 5, 850.52, 973720, 29
1176, 5, 40, 95, 38, 0, 42.03%, 0, 0, 5, 865.60, 978216, 29
1182, 5, 36, 95, 37, 0, 42.03%, 0, 0, 5, 860.37, 982658, 29
1187, 5, 48, 95, 37, 0, 42.03%, 0, 0, 5, 856.75, 987098, 29
1192, 6, 48, 95, 37, 0, 42.03%, 0, 0, 5, 859.56, 991405, 29
1197, 6, 19, 96, 38, 0, 42.03%, 0, 0, 5, 862.40, 995663, 29
1202, 6, 44, 96, 38, 0, 42.03%, 0, 0, 5, 868.69, 1000146, 29
1207, 6, 48, 96, 38, 0, 42.03%, 0, 0, 5, 849.10, 1004431, 29
1212, 6, 61, 96, 38, 0, 42.03%, 0, 0, 5, 829.34, 1008553, 29
1217, 6, 17, 96, 37, 0, 42.03%, 0, 0, 5, 861.19, 1012995, 29
1222, 6, 44, 96, 36, 0, 42.03%, 0, 0, 5, 865.92, 1017462, 29
1228, 6, 48, 96, 36, 0, 42.03%, 0, 0, 5, 864.14, 1021894, 29
1233, 6, 19, 96, 35, 0, 42.03%, 0, 0, 5, 855.89, 1026266, 29
1238, 6, 48, 97, 36, 0, 42.03%, 0, 0, 5, 840.20, 1030648, 29
1243, 7, 48, 97, 36, 0, 42.03%, 0, 0, 5, 852.11, 1034897, 29
1248, 7, 56, 97, 36, 0, 42.03%, 0, 0, 5, 865.89, 1039377, 29
1253, 7, 48, 97, 35, 0, 42.03%, 0, 0, 5, 840.73, 1043692, 29
1258, 7, 44, 97, 35, 0, 42.03%, 0, 0, 5, 846.17, 1047896, 29
1263, 7, 59, 97, 35, 0, 42.03%, 0, 0, 5, 837.06, 1052031, 29
1268, 7, 36, 97, 35, 0, 42.03%, 0, 0, 5, 844.74, 1056232, 29
1273, 7, 19, 97, 35, 0, 42.03%, 0, 0, 5, 843.83, 1060456, 29
1278, 7, 48, 97, 35, 0, 42.03%, 0, 0, 5, 838.36, 1064600, 29
1284, 7, 59, 97, 35, 0, 42.03%, 0, 0, 5, 846.46, 1068958, 29
1289, 7, 48, 97, 35, 0, 42.03%, 0, 0, 5, 842.78, 1073247, 29
1294, 8, 89, 98, 34, 0, 42.03%, 0, 0, 5, 828.05, 1077381, 29
1299, 8, 48, 98, 33, 0, 42.03%, 0, 0, 5, 802.06, 1081327, 29
1304, 8, 44, 98, 33, 0, 42.03%, 0, 0, 5, 820.36, 1085657, 29
1309, 8, 48, 99, 33, 0, 42.03%, 0, 0, 5, 785.65, 1089685, 29
1314, 8, 48, 99, 32, 0, 42.03%, 0, 0, 5, 803.74, 1093898, 29
1320, 8, 48, 99, 32, 0, 42.03%, 0, 0, 5, 784.89, 1097973, 29
1325, 8, 76, 99, 32, 0, 42.03%, 0, 0, 5, 792.11, 1101936, 29
1330, 8, 48, 99, 31, 0, 42.03%, 0, 0, 5, 779.41, 1105846, 29
1335, 8, 86, 99, 31, 0, 42.03%, 0, 0, 5, 554.56, 1108649, 29
1340, 8, 48, 99, 30, 0, 42.03%, 0, 0, 5, 795.30, 1113041, 29
1345, 8, 61, 99, 30, 0, 42.03%, 0, 0, 5, 821.35, 1117273, 29
1350, 8, 94, 99, 30, 0, 42.03%, 0, 0, 5, 757.38, 1121148, 29
1355, 8, 56, 99, 29, 0, 42.03%, 0, 0, 5, 834.55, 1125526, 29
1360, 9, 44, 99, 29, 0, 42.03%, 0, 0, 5, 780.43, 1129589, 29
1366, 9, 59, 99, 29, 0, 42.03%, 0, 0, 5, 833.26, 1133911, 29
1371, 9, 56, 99, 29, 0, 42.03%, 0, 0, 5, 832.68, 1138215, 29
1376, 9, 78, 99, 29, 0, 42.03%, 0, 0, 5, 776.90, 1142228, 29
1381, 9, 48, 99, 28, 0, 42.03%, 0, 0, 5, 796.81, 1146226, 29
1386, 9, 73, 99, 28, 0, 42.03%, 0, 0, 5, 825.52, 1150395, 29
1391, 9, 48, 99, 27, 0, 42.03%, 0, 0, 5, 836.70, 1154743, 29
1396, 9, 59, 99, 27, 0, 42.03%, 0, 0, 5, 835.78, 1158971, 29
1401, 9, 48, 99, 27, 0, 42.03%, 0, 0, 5, 810.81, 1163038, 29
1406, 9, 48, 99, 27, 0, 42.03%, 0, 0, 5, 820.55, 1167141, 29
1411, 9, 48, 99, 27, 0, 42.03%, 0, 0, 5, 839.12, 1171370, 29
1416, 10, 98, 99, 27, 0, 42.03%, 0, 0, 5, 563.52, 1174260, 29
1421, 10, 8, 99, 26, 0, 42.03%, 0, 0, 5, 425.16, 1175810, 29
1427, 10, 44, 99, 25, 0, 42.03%, 0, 0, 5, 749.01, 1179999, 29
1432, 10, 48, 99, 25, 0, 42.03%, 0, 0, 5, 791.52, 1184020, 29
1437, 10, 48, 99, 25, 0, 42.03%, 0, 0, 5, 797.30, 1188102, 29
1442, 10, 82, 99, 25, 0, 42.03%, 0, 0, 5, 740.44, 1191972, 29
1447, 10, 48, 99, 24, 0, 42.03%, 0, 0, 5, 786.92, 1195933, 29
1452, 10, 44, 99, 23, 0, 42.03%, 0, 0, 5, 829.95, 1200242, 29
1457, 10, 44, 99, 23, 0, 42.03%, 0, 0, 5, 863.90, 1204639, 29
1462, 10, 61, 99, 23, 0, 42.03%, 0, 0, 5, 861.35, 1208958, 29
1467, 10, 36, 99, 22, 0, 42.03%, 0, 0, 5, 843.59, 1213166, 29
1472, 11, 48, 99, 22, 0, 42.03%, 0, 0, 5, 803.72, 1217201, 29
1477, 11, 44, 99, 22, 0, 42.03%, 0, 0, 5, 830.75, 1221498, 29
1480, 11, 48, 99, 22, 0, 42.03%, 1, 0, 5, 0.00, 1223104, 29
