# relative_time, cycles_done, cur_item, corpus_count, pending_total, pending_favs, map_size, saved_crashes, saved_hangs, max_depth, execs_per_sec, total_execs, edges_found
63, 3, 14, 25, 18, 0, 28.99%, 0, 0, 6, 765.00, 35230, 20
68, 3, 20, 25, 18, 0, 28.99%, 0, 0, 6, 822.00, 39591, 20
73, 4, 19, 25, 18, 0, 28.99%, 0, 0, 6, 834.25, 43932, 20
86, 4, 14, 25, 17, 0, 28.99%, 0, 0, 6, 15.14, 45778, 20
91, 5, 20, 25, 16, 0, 28.99%, 0, 0, 6, 879.45, 50157, 20
96, 6, 20, 25, 15, 0, 28.99%, 0, 0, 6, 867.97, 54448, 20
101, 7, 20, 25, 15, 0, 28.99%, 0, 0, 6, 860.74, 58655, 20
106, 7, 6, 25, 14, 0, 28.99%, 0, 0, 6, 864.24, 62949, 20
111, 8, 25, 28, 16, 0, 33.33%, 0, 0, 7, 862.03, 67176, 23
120, 8, 25, 29, 17, 0, 34.78%, 0, 0, 7, 27.30, 70379, 24
125, 8, 25, 30, 18, 0, 34.78%, 0, 0, 7, 850.42, 74665, 24
130, 8, 25, 32, 20, 0, 34.78%, 0, 0, 7, 831.14, 78826, 24
135, 8, 28, 37, 24, 0, 37.68%, 0, 0, 8, 843.17, 83022, 26
140, 8, 28, 40, 27, 0, 39.13%, 0, 0, 8, 842.08, 87299, 27
145, 8, 28, 42, 29, 0, 39.13%, 0, 0, 8, 839.57, 91404, 27
154, 8, 28, 43, 30, 0, 40.58%, 0, 0, 8, 15.98, 94736, 28
159, 8, 42, 45, 31, 3, 40.58%, 0, 0, 8, 851.66, 99037, 28
164, 8, 35, 48, 33, 2, 40.58%, 0, 0, 9, 843.57, 103216, 28
169, 8, 35, 49, 34, 2, 40.58%, 0, 0, 9, 836.68, 107351, 28
175, 8, 35, 50, 35, 2, 40.58%, 0, 0, 9, 833.38, 111620, 28
180, 8, 34, 53, 37, 1, 40.58%, 0, 0, 9, 834.38, 115707, 28
185, 8, 19, 56, 39, 0, 40.58%, 0, 0, 9, 840.88, 119814, 28
190, 8, 38, 56, 38, 0, 40.58%, 0, 0, 9, 840.91, 123961, 28
195, 8, 20, 56, 38, 0, 40.58%, 0, 0, 9, 835.88, 128231, 28
200, 8, 42, 56, 35, 0, 40.58%, 0, 0, 9, 865.09, 132302, 28
205, 8, 42, 56, 34, 0, 40.58%, 0, 0, 9, 840.73, 136497, 28
210, 8, 42, 56, 33, 0, 40.58%, 0, 0, 9, 834.23, 140746, 28
215, 8, 37, 56, 32, 0, 40.58%, 0, 0, 9, 868.56, 144879, 28
220, 8, 19, 56, 32, 0, 40.58%, 0, 0, 9, 846.52, 149015, 28
227, 9, 37, 56, 32, 0, 40.58%, 0, 0, 9, 26.63, 152296, 28
232, 9, 42, 56, 32, 0, 40.58%, 0, 0, 9, 862.05, 156727, 28
238, 9, 37, 56, 32, 0, 40.58%, 0, 0, 9, 853.75, 160952, 28
243, 9, 39, 56, 32, 0, 40.58%, 0, 0, 9, 818.63, 165194, 28
248, 9, 39, 57, 31, 0, 42.03%, 0, 0, 9, 834.57, 169577, 29
253, 9, 35, 57, 31, 0, 42.03%, 0, 0, 9, 885.00, 173761, 29
258, 9, 56, 58, 32, 0, 42.03%, 0, 0, 10, 848.20, 178101, 29
264, 9, 56, 58, 32, 0, 42.03%, 0, 0, 10, 831.35, 182421, 29
269, 9, 56, 58, 32, 0, 42.03%, 0, 0, 10, 834.70, 185045, 29
274, 9, 56, 58, 32, 0, 42.03%, 0, 0, 10, 870.34, 189203, 29
279, 9, 56, 58, 32, 0, 42.03%, 0, 0, 10, 828.81, 193255, 29
284, 9, 56, 59, 33, 0, 42.03%, 0, 0, 10, 815.38, 197384, 29
289, 9, 42, 60, 33, 0, 42.03%, 0, 0, 10, 837.99, 201560, 29
294, 9, 57, 61, 34, 0, 42.03%, 0, 0, 11, 851.01, 205822, 29
299, 9, 57, 61, 34, 0, 42.03%, 0, 0, 11, 852.80, 210185, 29
305, 9, 57, 61, 34, 0, 42.03%, 0, 0, 11, 96.48, 213838, 29
310, 9, 57, 61, 34, 0, 42.03%, 0, 0, 11, 842.17, 218074, 29
315, 9, 57, 62, 35, 0, 42.03%, 0, 0, 11, 865.11, 222185, 29
321, 9, 57, 62, 35, 0, 42.03%, 0, 0, 11, 842.67, 226457, 29
326, 9, 37, 62, 34, 0, 42.03%, 0, 0, 11, 841.28, 230547, 29
331, 9, 34, 64, 35, 0, 42.03%, 0, 0, 11, 839.22, 234704, 29
336, 9, 26, 64, 35, 0, 42.03%, 0, 0, 11, 855.10, 239011, 29
341, 9, 35, 64, 35, 0, 42.03%, 0, 0, 11, 861.08, 243233, 29
346, 10, 19, 64, 35, 0, 42.03%, 0, 0, 11, 864.46, 247622, 29
351, 10, 39, 64, 35, 0, 42.03%, 0, 0, 11, 866.39, 252035, 29
356, 10, 35, 65, 35, 0, 42.03%, 0, 0, 11, 863.91, 256241, 29
361, 10, 57, 65, 33, 0, 42.03%, 0, 0, 11, 846.38, 260358, 29
366, 10, 38, 65, 33, 0, 42.03%, 0, 0, 11, 859.64, 264656, 29
372, 10, 34, 65, 33, 0, 42.03%, 0, 0, 11, 866.99, 268902, 29
377, 10, 47, 65, 33, 0, 42.03%, 0, 0, 11, 865.86, 273261, 29
382, 10, 6, 65, 32, 0, 42.03%, 0, 0, 11, 869.71, 277644, 29
387, 10, 6, 65, 31, 0, 42.03%, 0, 0, 11, 888.40, 282020, 29
392, 11, 42, 65, 30, 0, 42.03%, 0, 0, 11, 868.94, 286339, 29
397, 11, 35, 65, 29, 0, 42.03%, 0, 0, 11, 866.72, 290754, 29
402, 11, 39, 65, 29, 0, 42.03%, 0, 0, 11, 886.10, 295212, 29
408, 11, 34, 65, 29, 0, 42.03%, 0, 0, 11, 888.43, 299543, 29
413, 11, 34, 65, 29, 0, 42.03%, 0, 0, 11, 894.37, 303905, 29
418, 11, 6, 65, 29, 0, 42.03%, 0, 0, 11, 887.57, 308321, 29
423, 11, 42, 65, 29, 0, 42.03%, 0, 0, 11, 839.71, 312548, 29
428, 11, 24, 65, 29, 0, 42.03%, 0, 0, 11, 103.73, 316802, 29
433, 12, 57, 65, 26, 0, 42.03%, 0, 0, 11, 846.21, 321224, 29
438, 12, 42, 65, 26, 0, 42.03%, 0, 0, 11, 811.00, 325683, 29
443, 12, 42, 65, 26, 0, 42.03%, 0, 0, 11, 839.85, 330010, 29
448, 12, 39, 65, 26, 0, 42.03%, 0, 0, 11, 871.35, 334293, 29
454, 12, 34, 65, 26, 0, 42.03%, 0, 0, 11, 799.42, 338799, 29
459, 12, 38, 65, 26, 0, 42.03%, 0, 0, 11, 869.36, 343114, 29
464, 12, 57, 65, 26, 0, 42.03%, 0, 0, 11, 850.10, 347426, 29
469, 13, 42, 65, 26, 0, 42.03%, 0, 0, 11, 872.73, 351761, 29
474, 13, 61, 65, 26, 0, 42.03%, 0, 0, 11, 855.81, 356093, 29
479, 13, 35, 65, 25, 0, 42.03%, 0, 0, 11, 868.19, 360587, 29
484, 13, 57, 65, 25, 0, 42.03%, 0, 0, 11, 882.09, 365125, 29
489, 13, 35, 65, 25, 0, 42.03%, 0, 0, 11, 871.45, 369631, 29
494, 13, 20, 65, 25, 0, 42.03%, 0, 0, 11, 866.59, 374040, 29
500, 13, 57, 65, 25, 0, 42.03%, 0, 0, 11, 849.31, 378405, 29
505, 13, 20, 65, 25, 0, 42.03%, 0, 0, 11, 862.49, 382768, 29
510, 13, 42, 65, 25, 0, 42.03%, 0, 0, 11, 887.89, 387261, 29
515, 14, 42, 65, 24, 0, 42.03%, 0, 0, 11, 879.72, 391574, 29
520, 14, 42, 65, 24, 0, 42.03%, 0, 0, 11, 875.77, 395999, 29
525, 14, 63, 65, 23, 0, 42.03%, 0, 0, 11, 886.83, 400489, 29
530, 14, 20, 65, 22, 0, 42.03%, 0, 0, 11, 869.29, 404791, 29
535, 14, 34, 65, 22, 0, 42.03%, 0, 0, 11, 877.48, 409114, 29
540, 14, 42, 65, 22, 0, 42.03%, 0, 0, 11, 875.69, 413581, 29
545, 14, 6, 65, 22, 0, 42.03%, 0, 0, 11, 849.20, 417878, 29
551, 14, 39, 65, 22, 0, 42.03%, 0, 0, 11, 868.06, 422382, 29
556, 15, 39, 65, 22, 0, 42.03%, 0, 0, 11, 866.83, 426857, 29
561, 15, 19, 65, 22, 0, 42.03%, 0, 0, 11, 864.51, 431145, 29
566, 15, 20, 65, 22, 0, 42.03%, 0, 0, 11, 895.62, 435474, 29
571, 15, 35, 65, 22, 0, 42.03%, 0, 0, 11, 862.73, 439888, 29
576, 15, 38, 65, 22, 0, 42.03%, 0, 0, 11, 877.96, 444276, 29
581, 15, 38, 65, 22, 0, 42.03%, 0, 0, 11, 881.08, 448707, 29
586, 15, 19, 65, 22, 0, 42.03%, 0, 0, 11, 874.51, 453018, 29
591, 15, 42, 65, 22, 0, 42.03%, 0, 0, 11, 891.72, 457414, 29
596, 15, 42, 65, 21, 0, 42.03%, 0, 0, 11, 885.74, 461910, 29
602, 15, 64, 77, 33, 0, 42.03%, 0, 0, 11, 871.41, 466195, 29
607, 15, 81, 83, 38, 0, 42.03%, 0, 0, 11, 876.36, 470593, 29
612, 15, 38, 91, 45, 0, 42.03%, 0, 0, 11, 857.66, 474764, 29
617, 15, 85, 92, 45, 0, 42.03%, 0, 0, 11, 794.94, 478557, 29
622, 15, 42, 98, 50, 0, 42.03%, 0, 0, 11, 799.98, 482720, 29
627, 15, 39, 102, 54, 0, 42.03%, 0, 0, 11, 769.95, 486651, 29
632, 15, 35, 102, 54, 0, 42.03%, 0, 0, 11, 799.31, 490695, 29
637, 15, 19, 102, 54, 0, 42.03%, 0, 0, 11, 816.65, 494746, 29
642, 16, 42, 102, 54, 0, 42.03%, 0, 0, 11, 836.55, 498874, 29
647, 16, 57, 103, 55, 0, 42.03%, 0, 0, 11, 803.85, 502742, 29
653, 16, 39, 103, 55, 0, 42.03%, 0, 0, 11, 796.71, 506674, 29
658, 16, 6, 103, 54, 0, 42.03%, 0, 0, 11, 823.67, 510831, 29
663, 16, 34, 103, 54, 0, 42.03%, 0, 0, 11, 758.63, 514721, 29
668, 16, 97, 103, 54, 0, 42.03%, 0, 0, 11, 564.31, 517296, 29
673, 16, 42, 103, 52, 0, 42.03%, 0, 0, 11, 731.90, 521130, 29
678, 16, 57, 103, 52, 0, 42.03%, 0, 0, 11, 799.07, 525326, 29
683, 16, 39, 104, 53, 0, 42.03%, 0, 0, 11, 807.56, 529436, 29
688, 16, 26, 104, 52, 0, 42.03%, 0, 0, 11, 779.76, 533348, 29
694, 16, 34, 104, 52, 0, 42.03%, 0, 0, 11, 784.50, 537383, 29
699, 16, 26, 104, 52, 0, 42.03%, 0, 0, 11, 784.72, 541310, 29
704, 16, 34, 105, 53, 0, 42.03%, 0, 0, 11, 787.25, 545327, 29
709, 17, 20, 105, 53, 0, 42.03%, 0, 0, 11, 824.74, 549673, 29
714, 17, 6, 105, 52, 0, 42.03%, 0, 0, 11, 803.40, 553794, 29
719, 17, 31, 105, 51, 0, 42.03%, 0, 0, 11, 806.18, 557878, 29
724, 17, 42, 105, 50, 0, 42.03%, 0, 0, 11, 801.35, 561919, 29
729, 17, 26, 105, 50, 0, 42.03%, 0, 0, 11, 826.48, 566151, 29
734, 17, 93, 105, 50, 0, 42.03%, 0, 0, 11, 770.86, 570097, 29
739, 17, 38, 105, 49, 0, 42.03%, 0, 0, 11, 801.77, 574116, 29
745, 17, 39, 105, 49, 0, 42.03%, 0, 0, 11, 802.90, 578319, 29
750, 17, 39, 105, 49, 0, 42.03%, 0, 0, 11, 810.50, 582466, 29
755, 17, 35, 105, 49, 0, 42.03%, 0, 0, 11, 781.27, 586438, 29
760, 17, 42, 106, 50, 0, 42.03%, 0, 0, 11, 833.06, 590617, 29
765, 17, 57, 106, 50, 0, 42.03%, 0, 0, 11, 792.47, 594463, 29
770, 17, 42, 106, 50, 0, 42.03%, 0, 0, 11, 820.18, 598647, 29
775, 17, 83, 106, 50, 0, 42.03%, 0, 0, 11, 818.79, 602702, 29
780, 18, 38, 106, 49, 0, 42.03%, 0, 0, 11, 823.12, 606778, 29
785, 18, 74, 106, 49, 0, 42.03%, 0, 0, 11, 788.97, 610761, 29
790, 18, 34, 106, 48, 0, 42.03%, 0, 0, 11, 776.79, 614495, 29
795, 18, 57, 106, 48, 0, 42.03%, 0, 0, 11, 799.97, 618618, 29
800, 18, 14, 106, 48, 0, 42.03%, 0, 0, 11, 821.62, 622761, 29
806, 18, 99, 106, 48, 0, 42.03%, 0, 0, 11, 617.65, 625962, 29
811, 18, 42, 106, 47, 0, 42.03%, 0, 0, 11, 600.42, 628482, 29
816, 18, 79, 106, 47, 0, 42.03%, 0, 0, 11, 769.93, 632625, 29
821, 18, 38, 106, 45, 0, 42.03%, 0, 0, 11, 807.14, 636626, 29
826, 18, 57, 106, 45, 0, 42.03%, 0, 0, 11, 818.74, 640846, 29
831, 18, 78, 106, 45, 0, 42.03%, 0, 0, 11, 780.69, 644798, 29
836, 18, 42, 106, 44, 0, 42.03%, 0, 0, 11, 816.90, 648802, 29
841, 18, 42, 106, 44, 0, 42.03%, 0, 0, 11, 799.58, 652846, 29
846, 18, 57, 106, 44, 0, 42.03%, 0, 0, 11, 823.67, 657020, 29
851, 18, 14, 106, 44, 0, 42.03%, 0, 0, 11, 830.99, 661135, 29
856, 18, 38, 106, 44, 0, 42.03%, 0, 0, 11, 796.59, 665193, 29
861, 19, 26, 106, 44, 0, 42.03%, 0, 0, 11, 764.86, 668985, 29
867, 19, 60, 106, 44, 0, 42.03%, 0, 0, 11, 818.12, 673080, 29
872, 19, 42, 106, 43, 0, 42.03%, 0, 0, 11, 837.66, 677263, 29
877, 19, 94, 106, 43, 0, 42.03%, 0, 0, 11, 781.44, 681129, 29
882, 19, 44, 107, 43, 0, 42.03%, 0, 0, 11, 760.01, 684810, 29
887, 19, 57, 107, 42, 0, 42.03%, 0, 0, 11, 131.71, 688482, 29
892, 19, 35, 107, 42, 0, 42.03%, 0, 0, 11, 843.52, 692636, 29
897, 19, 42, 107, 42, 0, 42.03%, 0, 0, 11, 778.00, 696546, 29
902, 19, 20, 107, 42, 0, 42.03%, 0, 0, 11, 781.18, 700504, 29
907, 19, 6, 107, 42, 0, 42.03%, 0, 0, 11, 824.99, 704600, 29
912, 19, 35, 107, 42, 0, 42.03%, 0, 0, 11, 828.82, 708715, 29
918, 19, 14, 107, 42, 0, 42.03%, 0, 0, 11, 819.59, 712492, 29
923, 19, 72, 107, 42, 0, 42.03%, 0, 0, 11, 788.58, 716535, 29
928, 19, 42, 107, 41, 0, 42.03%, 0, 0, 11, 800.75, 720668, 29
933, 19, 42, 107, 40, 0, 42.03%, 0, 0, 11, 782.96, 724477, 29
938, 20, 42, 107, 40, 0, 42.03%, 0, 0, 11, 721.88, 728143, 29
943, 20, 39, 107, 40, 0, 42.03%, 0, 0, 11, 727.15, 731988, 29
948, 20, 86, 107, 38, 0, 42.03%, 0, 0, 11, 805.69, 736264, 29
953, 20, 14, 107, 36, 0, 42.03%, 0, 0, 11, 795.53, 740324, 29
958, 20, 14, 107, 36, 0, 42.03%, 0, 0, 11, 774.17, 744336, 29
963, 20, 26, 107, 36, 0, 42.03%, 0, 0, 11, 825.29, 748140, 29
969, 20, 39, 107, 36, 0, 42.03%, 0, 0, 11, 790.34, 752137, 29
974, 20, 6, 107, 36, 0, 42.03%, 0, 0, 11, 736.85, 755850, 29
979, 20, 105, 107, 36, 0, 42.03%, 0, 0, 11, 595.82, 758843, 29
984, 20, 95, 107, 35, 0, 42.03%, 0, 0, 11, 651.12, 762398, 29
989, 20, 34, 107, 34, 0, 42.03%, 0, 0, 11, 740.25, 766216, 29
994, 20, 14, 107, 34, 0, 42.03%, 0, 0, 11, 787.24, 770234, 29
999, 20, 34, 107, 34, 0, 42.03%, 0, 0, 11, 825.12, 774458, 29
1004, 20, 70, 107, 34, 0, 42.03%, 0, 0, 11, 804.15, 778446, 29
1009, 20, 42, 107, 32, 0, 42.03%, 0, 0, 11, 798.47, 782463, 29
1014, 20, 39, 107, 32, 0, 42.03%, 0, 0, 11, 806.76, 786234, 29
1019, 21, 57, 107, 32, 0, 42.03%, 0, 0, 11, 790.02, 790333, 29
1025, 21, 34, 107, 32, 0, 42.03%, 0, 0, 11, 822.55, 794594, 29
1030, 21, 39, 107, 32, 0, 42.03%, 0, 0, 11, 867.29, 798355, 29
1035, 21, 19, 107, 32, 0, 42.03%, 0, 0, 11, 830.35, 802604, 29
1040, 21, 19, 107, 31, 0, 42.03%, 0, 0, 11, 803.73, 806741, 29
1045, 21, 35, 107, 31, 0, 42.03%, 0, 0, 11, 859.12, 810653, 29
1050, 21, 26, 107, 30, 0, 42.03%, 0, 0, 11, 805.43, 814485, 29
1055, 21, 38, 107, 30, 0, 42.03%, 0, 0, 11, 816.72, 818571, 29
1060, 21, 42, 107, 30, 0, 42.03%, 0, 0, 11, 822.76, 822666, 29
1065, 21, 42, 107, 30, 0, 42.03%, 0, 0, 11, 153.48, 825964, 29
1071, 21, 42, 107, 30, 0, 42.03%, 0, 0, 11, 871.75, 830238, 29
1076, 21, 26, 107, 30, 0, 42.03%, 0, 0, 11, 868.62, 834444, 29
1081, 21, 42, 107, 30, 0, 42.03%, 0, 0, 11, 799.45, 838325, 29
1086, 21, 68, 107, 30, 0, 42.03%, 0, 0, 11, 812.99, 842450, 29
1091, 21, 34, 107, 29, 0, 42.03%, 0, 0, 11, 819.78, 846730, 29
1096, 22, 19, 107, 29, 0, 42.03%, 0, 0, 11, 814.14, 850644, 29
1101, 22, 38, 107, 29, 0, 42.03%, 0, 0, 11, 847.27, 854868, 29
1106, 22, 26, 107, 29, 0, 42.03%, 0, 0, 11, 815.49, 858985, 29
1112, 22, 42, 107, 29, 0, 42.03%, 0, 0, 11, 506.35, 862964, 29
1117, 22, 57, 107, 29, 0, 42.03%, 0, 0, 11, 755.86, 867136, 29
1122, 22, 57, 107, 28, 0, 42.03%, 0, 0, 11, 818.54, 871237, 29
1127, 22, 34, 107, 28, 0, 42.03%, 0, 0, 11, 826.30, 875340, 29
1132, 22, 42, 107, 28, 0, 42.03%, 0, 0, 11, 807.87, 879267, 29
1137, 22, 14, 107, 28, 0, 42.03%, 0, 0, 11, 826.06, 883446, 29
1142, 22, 26, 107, 28, 0, 42.03%, 0, 0, 11, 814.25, 887519, 29
1147, 22, 42, 107, 28, 0, 42.03%, 0, 0, 11, 836.60, 891754, 29
1152, 22, 42, 107, 28, 0, 42.03%, 0, 0, 11, 817.53, 895804, 29
1157, 22, 34, 107, 28, 0, 42.03%, 0, 0, 11, 821.11, 899832, 29
1162, 22, 42, 107, 28, 0, 42.03%, 0, 0, 11, 809.29, 903866, 29
1167, 23, 39, 107, 28, 0, 42.03%, 0, 0, 11, 858.50, 908330, 29
1173, 23, 39, 107, 28, 0, 42.03%, 0, 0, 11, 829.04, 912451, 29
1178, 23, 102, 107, 28, 0, 42.03%, 0, 0, 11, 799.99, 916532, 29
1183, 23, 38, 107, 27, 0, 42.03%, 0, 0, 11, 813.60, 920623, 29
1188, 23, 35, 107, 27, 0, 42.03%, 0, 0, 11, 874.11, 924753, 29
1193, 23, 57, 107, 26, 0, 42.03%, 0, 0, 11, 817.54, 928977, 29
1198, 23, 35, 107, 26, 0, 42.03%, 0, 0, 11, 782.86, 932905, 29
1203, 23, 42, 107, 26, 0, 42.03%, 0, 0, 11, 805.92, 937014, 29
1208, 23, 6, 107, 26, 0, 42.03%, 0, 0, 11, 723.28, 940734, 29
1213, 23, 6, 107, 26, 0, 42.03%, 0, 0, 11, 810.54, 944943, 29
1218, 23, 34, 107, 26, 0, 42.03%, 0, 0, 11, 806.73, 948983, 29
1223, 23, 6, 107, 26, 0, 42.03%, 0, 0, 11, 797.10, 953066, 29
1229, 23, 42, 107, 25, 0, 42.03%, 0, 0, 11, 782.17, 957126, 29
1234, 24, 38, 107, 25, 0, 42.03%, 0, 0, 11, 812.80, 961406, 29
1239, 24, 34, 107, 25, 0, 42.03%, 0, 0, 11, 826.97, 965539, 29
1244, 24, 39, 107, 24, 0, 42.03%, 0, 0, 11, 756.32, 969255, 29
1249, 24, 26, 107, 24, 0, 42.03%, 0, 0, 11, 796.49, 973351, 29
1254, 24, 42, 107, 24, 0, 42.03%, 0, 0, 11, 813.03, 977399, 29
1259, 24, 34, 107, 24, 0, 42.03%, 0, 0, 11, 758.32, 981217, 29
1264, 24, 38, 107, 24, 0, 42.03%, 0, 0, 11, 764.13, 985034, 29
1270, 24, 57, 107, 24, 0, 42.03%, 0, 0, 11, 789.90, 989113, 29
1275, 24, 42, 107, 24, 0, 42.03%, 0, 0, 11, 830.85, 993354, 29
1280, 24, 26, 107, 24, 0, 42.03%, 0, 0, 11, 786.99, 997393, 29
1285, 24, 38, 107, 24, 0, 42.03%, 0, 0, 11, 815.18, 1001450, 29
1290, 24, 14, 107, 24, 0, 42.03%, 0, 0, 11, 820.28, 1005728, 29
1295, 24, 35, 107, 23, 0, 42.03%, 0, 0, 11, 832.55, 1009911, 29
1300, 24, 35, 107, 23, 0, 42.03%, 0, 0, 11, 840.42, 1014136, 29
1305, 24, 34, 107, 23, 0, 42.03%, 0, 0, 11, 836.47, 1018449, 29
1310, 25, 42, 107, 23, 0, 42.03%, 0, 0, 11, 805.00, 1022435, 29
1315, 25, 42, 107, 23, 0, 42.03%, 0, 0, 11, 815.74, 1026580, 29
1320, 25, 57, 107, 23, 0, 42.03%, 0, 0, 11, 799.58, 1030684, 29
1325, 25, 35, 107, 23, 0, 42.03%, 0, 0, 11, 744.44, 1034390, 29
1330, 25, 38, 107, 23, 0, 42.03%, 0, 0, 11, 871.38, 1038527, 29
1336, 25, 34, 107, 23, 0, 42.03%, 0, 0, 11, 822.24, 1042780, 29
1341, 25, 6, 107, 23, 0, 42.03%, 0, 0, 11, 844.60, 1047121, 29
1346, 25, 35, 107, 23, 0, 42.03%, 0, 0, 11, 808.57, 1051356, 29
1351, 25, 42, 107, 23, 0, 42.03%, 0, 0, 11, 822.90, 1055417, 29
1356, 25, 42, 107, 23, 0, 42.03%, 0, 0, 11, 794.84, 1059233, 29
1361, 25, 38, 107, 23, 0, 42.03%, 0, 0, 11, 838.05, 1063480, 29
1366, 25, 57, 107, 23, 0, 42.03%, 0, 0, 11, 815.46, 1066858, 29
1371, 25, 42, 107, 23, 0, 42.03%, 0, 0, 11, 760.59, 1070650, 29
1376, 25, 34, 107, 23, 0, 42.03%, 0, 0, 11, 825.56, 1074824, 29
1381, 25, 38, 107, 23, 0, 42.03%, 0, 0, 11, 880.88, 1078496, 29
1386, 26, 14, 107, 23, 0, 42.03%, 0, 0, 11, 831.46, 1082565, 29
1392, 26, 19, 107, 23, 0, 42.03%, 0, 0, 11, 850.43, 1086968, 29
1397, 26, 14, 107, 23, 0, 42.03%, 0, 0, 11, 818.08, 1091006, 29
1402, 26, 57, 107, 23, 0, 42.03%, 0, 0, 11, 883.01, 1095238, 29
1407, 26, 35, 107, 23, 0, 42.03%, 0, 0, 11, 881.69, 1099186, 29
1412, 26, 57, 107, 23, 0, 42.03%, 0, 0, 11, 902.40, 1102956, 29
1417, 26, 69, 107, 23, 0, 42.03%, 0, 0, 11, 535.00, 1106671, 29
1422, 26, 42, 107, 22, 0, 42.03%, 0, 0, 11, 773.64, 1110868, 29
1427, 26, 42, 107, 22, 0, 42.03%, 0, 0, 11, 809.13, 1114956, 29
1433, 26, 34, 107, 22, 0, 42.03%, 0, 0, 11, 91.80, 1118504, 29
1438, 26, 39, 107, 22, 0, 42.03%, 0, 0, 11, 796.75, 1122006, 29
1443, 26, 39, 107, 22, 0, 42.03%, 0, 0, 11, 754.97, 1125986, 29
1448, 26, 38, 107, 22, 0, 42.03%, 0, 0, 11, 753.19, 1129733, 29
1453, 26, 42, 107, 22, 0, 42.03%, 0, 0, 11, 790.31, 1133790, 29
1458, 26, 20, 107, 22, 0, 42.03%, 0, 0, 11, 798.31, 1137908, 29
1463, 27, 35, 107, 22, 0, 42.03%, 0, 0, 11, 820.32, 1142135, 29
1468, 27, 42, 107, 22, 0, 42.03%, 0, 0, 11, 840.49, 1146183, 29
1473, 27, 96, 107, 22, 0, 42.03%, 0, 0, 11, 624.40, 1149428, 29
1478, 27, 34, 107, 21, 0, 42.03%, 0, 0, 11, 739.05, 1153205, 29
1483, 27, 38, 107, 20, 0, 42.03%, 0, 0, 11, 811.43, 1157404, 29
1489, 27, 20, 107, 20, 0, 42.03%, 0, 0, 11, 781.96, 1161018, 29
1494, 27, 42, 107, 20, 0, 42.03%, 0, 0, 11, 803.75, 1165062, 29
1499, 27, 14, 107, 20, 0, 42.03%, 0, 0, 11, 825.58, 1169249, 29
1504, 27, 42, 107, 20, 0, 42.03%, 0, 0, 11, 790.77, 1173158, 29
1509, 27, 39, 107, 20, 0, 42.03%, 0, 0, 11, 811.70, 1177384, 29
1514, 27, 57, 107, 20, 0, 42.03%, 0, 0, 11, 765.23, 1181225, 29
1519, 27, 98, 107, 20, 0, 42.03%, 0, 0, 11, 711.32, 1184821, 29
1524, 27, 57, 107, 18, 0, 42.03%, 0, 0, 11, 751.72, 1188538, 29
1529, 27, 20, 107, 18, 0, 42.03%, 0, 0, 11, 884.36, 1192270, 29
1534, 27, 34, 107, 18, 0, 42.03%, 0, 0, 11, 800.66, 1196014, 29
1539, 27, 42, 107, 18, 0, 42.03%, 0, 0, 11, 846.19, 1200476, 29
1545, 28, 42, 107, 17, 0, 42.03%, 0, 0, 11, 836.74, 1204774, 29
1550, 28, 6, 107, 17, 0, 42.03%, 0, 0, 11, 899.59, 1208577, 29
1555, 28, 19, 107, 17, 0, 42.03%, 0, 0, 11, 813.66, 1212646, 29
1560, 28, 6, 107, 17, 0, 42.03%, 0, 0, 11, 878.56, 1216549, 29
1565, 28, 34, 107, 16, 0, 42.03%, 0, 0, 11, 785.13, 1220563, 29
1570, 28, 55, 107, 16, 0, 42.03%, 0, 0, 11, 782.17, 1224485, 29
1575, 28, 38, 107, 15, 0, 42.03%, 0, 0, 11, 840.37, 1228913, 29
1580, 28, 57, 107, 15, 0, 42.03%, 0, 0, 11, 851.87, 1233143, 29
1586, 28, 39, 107, 15, 0, 42.03%, 0, 0, 11, 793.46, 1237070, 29
1591, 28, 76, 107, 15, 0, 42.03%, 0, 0, 11, 764.08, 1240917, 29
1596, 28, 6, 107, 14, 0, 42.03%, 0, 0, 11, 752.70, 1244775, 29
1601, 28, 42, 107, 14, 0, 42.03%, 0, 0, 11, 818.20, 1248834, 29
1606, 28, 35, 107, 14, 0, 42.03%, 0, 0, 11, 782.75, 1252753, 29
1611, 28, 57, 107, 14, 0, 42.03%, 0, 0, 11, 909.67, 1256627, 29
1616, 29, 42, 107, 14, 0, 42.03%, 0, 0, 11, 839.57, 1260835, 29
1621, 29, 42, 107, 14, 0, 42.03%, 0, 0, 11, 813.11, 1264775, 29
1627, 29, 26, 107, 14, 0, 42.03%, 0, 0, 11, 817.81, 1268996, 29
1632, 29, 57, 107, 14, 0, 42.03%, 0, 0, 11, 798.31, 1273112, 29
1637, 29, 35, 107, 14, 0, 42.03%, 0, 0, 11, 828.29, 1277118, 29
1642, 29, 39, 107, 14, 0, 42.03%, 0, 0, 11, 910.63, 1280967, 29
1647, 29, 6, 107, 14, 0, 42.03%, 0, 0, 11, 930.00, 1284758, 29
1652, 29, 34, 107, 14, 0, 42.03%, 0, 0, 11, 826.82, 1288717, 29
1657, 29, 42, 107, 14, 0, 42.03%, 0, 0, 11, 826.94, 1293092, 29
1663, 29, 57, 107, 14, 0, 42.03%, 0, 0, 11, 717.60, 1296671, 29
1668, 29, 42, 107, 14, 0, 42.03%, 0, 0, 11, 747.71, 1300423, 29
1673, 29, 26, 107, 14, 0, 42.03%, 0, 0, 11, 805.98, 1304637, 29
1678, 29, 6, 107, 14, 0, 42.03%, 0, 0, 11, 766.42, 1308557, 29
1683, 29, 38, 107, 14, 0, 42.03%, 0, 0, 11, 781.50, 1312541, 29
1688, 29, 57, 107, 14, 0, 42.03%, 0, 0, 11, 841.58, 1316168, 29
1693, 29, 34, 107, 14, 0, 42.03%, 0, 0, 11, 819.69, 1320224, 29
1698, 30, 26, 107, 14, 0, 42.03%, 0, 0, 11, 771.57, 1324343, 29
1703, 30, 42, 107, 14, 0, 42.03%, 0, 0, 11, 773.12, 1328275, 29
1708, 30, 34, 107, 14, 0, 42.03%, 0, 0, 11, 906.30, 1332015, 29
1713, 30, 34, 107, 14, 0, 42.03%, 0, 0, 11, 819.60, 1336076, 29
1719, 30, 42, 107, 14, 0, 42.03%, 0, 0, 11, 793.17, 1340132, 29
1724, 30, 39, 107, 14, 0, 42.03%, 0, 0, 11, 789.92, 1344073, 29
1729, 30, 42, 107, 14, 0, 42.03%, 0, 0, 11, 596.88, 1347783, 29
1734, 30, 39, 107, 14, 0, 42.03%, 0, 0, 11, 823.95, 1351727, 29
1739, 30, 39, 107, 14, 0, 42.03%, 0, 0, 11, 776.12, 1355605, 29
1744, 30, 20, 107, 14, 0, 42.03%, 0, 0, 11, 852.27, 1359597, 29
1749, 30, 39, 107, 14, 0, 42.03%, 0, 0, 11, 818.04, 1363665, 29
1754, 30, 42, 107, 14, 0, 42.03%, 0, 0, 11, 819.35, 1367977, 29
1759, 30, 6, 107, 14, 0, 42.03%, 0, 0, 11, 739.35, 1371633, 29
1765, 30, 26, 107, 14, 0, 42.03%, 0, 0, 11, 781.83, 1375781, 29
1770, 31, 34, 107, 14, 0, 42.03%, 0, 0, 11, 740.84, 1379754, 29
1775, 31, 20, 107, 14, 0, 42.03%, 0, 0, 11, 811.80, 1384007, 29
1780, 31, 42, 107, 14, 0, 42.03%, 0, 0, 11, 810.19, 1388103, 29
1785, 31, 20, 107, 14, 0, 42.03%, 0, 0, 11, 788.31, 1392070, 29
1790, 31, 42, 107, 14, 0, 42.03%, 0, 0, 11, 818.85, 1395866, 29
1795, 31, 34, 107, 14, 0, 42.03%, 0, 0, 11, 816.22, 1399837, 29
1800, 31, 20, 107, 14, 0, 42.03%, 0, 0, 11, 797.73, 1403974, 29
1805, 31, 42, 107, 14, 0, 42.03%, 0, 0, 11, 840.00, 1408306, 29
1810, 31, 26, 107, 14, 0, 42.03%, 0, 0, 11, 829.70, 1412412, 29
1815, 31, 6, 107, 14, 0, 42.03%, 0, 0, 11, 761.29, 1416222, 29
1820, 31, 19, 107, 14, 0, 42.03%, 0, 0, 11, 813.29, 1420477, 29
1825, 31, 35, 107, 14, 0, 42.03%, 0, 0, 11, 787.75, 1424537, 29
1831, 31, 42, 107, 14, 0, 42.03%, 0, 0, 11, 792.37, 1428622, 29
1836, 31, 57, 107, 14, 0, 42.03%, 0, 0, 11, 798.62, 1432653, 29
1841, 31, 57, 107, 14, 0, 42.03%, 0, 0, 11, 813.52, 1436855, 29
1846, 32, 38, 107, 14, 0, 42.03%, 0, 0, 11, 809.75, 1440937, 29
1851, 32, 38, 107, 14, 0, 42.03%, 0, 0, 11, 792.72, 1445002, 29
1856, 32, 42, 107, 14, 0, 42.03%, 0, 0, 11, 834.42, 1449395, 29
1861, 32, 57, 107, 14, 0, 42.03%, 0, 0, 11, 831.31, 1453455, 29
1866, 32, 34, 107, 14, 0, 42.03%, 0, 0, 11, 462.73, 1457572, 29
1872, 32, 35, 107, 14, 0, 42.03%, 0, 0, 11, 786.71, 1462041, 29
1877, 32, 38, 107, 14, 0, 42.03%, 0, 0, 11, 155.61, 1465628, 29
1882, 32, 6, 107, 14, 0, 42.03%, 0, 0, 11, 848.29, 1470008, 29
1887, 32, 26, 107, 14, 0, 42.03%, 0, 0, 11, 854.20, 1474285, 29
1892, 32, 42, 107, 14, 0, 42.03%, 0, 0, 11, 863.95, 1478687, 29
1897, 32, 38, 107, 14, 0, 42.03%, 0, 0, 11, 826.76, 1482710, 29
1902, 32, 106, 107, 14, 0, 42.03%, 0, 0, 11, 135.57, 1484122, 29
1908, 32, 106, 107, 14, 0, 42.03%, 0, 0, 11, 132.79, 1484808, 29
1913, 32, 20, 107, 13, 0, 42.03%, 0, 0, 11, 796.87, 1488271, 29
1918, 32, 20, 107, 13, 0, 42.03%, 0, 0, 11, 818.36, 1492229, 29
1923, 33, 20, 107, 13, 0, 42.03%, 0, 0, 11, 799.12, 1496372, 29
1928, 33, 6, 107, 13, 0, 42.03%, 0, 0, 11, 780.19, 1500274, 29
1933, 33, 26, 107, 13, 0, 42.03%, 0, 0, 11, 798.41, 1504196, 29
1938, 33, 14, 107, 13, 0, 42.03%, 0, 0, 11, 799.84, 1508274, 29
1943, 33, 57, 107, 13, 0, 42.03%, 0, 0, 11, 809.55, 1512380, 29
1948, 33, 57, 107, 13, 0, 42.03%, 0, 0, 11, 746.84, 1516251, 29
1953, 33, 6, 107, 13, 0, 42.03%, 0, 0, 11, 800.80, 1520283, 29
1959, 33, 42, 107, 13, 0, 42.03%, 0, 0, 11, 806.04, 1524506, 29
1964, 33, 20, 107, 13, 0, 42.03%, 0, 0, 11, 838.43, 1528979, 29
1969, 33, 38, 107, 13, 0, 42.03%, 0, 0, 11, 810.46, 1533020, 29
1974, 33, 42, 107, 13, 0, 42.03%, 0, 0, 11, 785.82, 1536937, 29
1979, 33, 19, 107, 13, 0, 42.03%, 0, 0, 11, 769.13, 1540790, 29
1984, 33, 57, 107, 13, 0, 42.03%, 0, 0, 11, 793.92, 1544825, 29
1989, 34, 42, 107, 13, 0, 42.03%, 0, 0, 11, 819.41, 1548942, 29
1994, 34, 100, 107, 13, 0, 42.03%, 0, 0, 11, 384.36, 1550346, 29
1999, 34, 20, 107, 12, 0, 42.03%, 0, 0, 11, 705.30, 1553918, 29
2004, 34, 42, 107, 12, 0, 42.03%, 0, 0, 11, 799.66, 1558038, 29
2009, 34, 57, 107, 12, 0, 42.03%, 0, 0, 11, 133.66, 1561754, 29
2015, 34, 6, 107, 12, 0, 42.03%, 0, 0, 11, 795.30, 1565821, 29
2020, 34, 6, 107, 12, 0, 42.03%, 0, 0, 11, 810.59, 1569884, 29
2025, 34, 34, 107, 12, 0, 42.03%, 0, 0, 11, 805.01, 1574089, 29
2030, 34, 57, 107, 12, 0, 42.03%, 0, 0, 11, 811.72, 1578181, 29
2035, 34, 42, 107, 12, 0, 42.03%, 0, 0, 11, 836.37, 1582386, 29
2040, 34, 6, 107, 12, 0, 42.03%, 0, 0, 11, 786.19, 1586227, 29
2045, 34, 38, 107, 12, 0, 42.03%, 0, 0, 11, 795.99, 1590406, 29
2050, 34, 6, 107, 12, 0, 42.03%, 0, 0, 11, 832.41, 1594607, 29
2055, 34, 42, 107, 12, 0, 42.03%, 0, 0, 11, 530.95, 1598799, 29
2060, 34, 39, 107, 12, 0, 42.03%, 0, 0, 11, 773.32, 1602988, 29
2066, 35, 19, 107, 12, 0, 42.03%, 0, 0, 11, 835.26, 1607041, 29
2071, 35, 39, 107, 12, 0, 42.03%, 0, 0, 11, 790.71, 1610877, 29
2076, 35, 39, 107, 12, 0, 42.03%, 0, 0, 11, 773.35, 1614458, 29
2081, 35, 103, 107, 12, 0, 42.03%, 0, 0, 11, 704.25, 1618184, 29
2086, 35, 42, 107, 11, 0, 42.03%, 0, 0, 11, 777.31, 1621975, 29
2091, 35, 42, 107, 11, 0, 42.03%, 0, 0, 11, 875.76, 1626223, 29
2096, 35, 6, 107, 11, 0, 42.03%, 0, 0, 11, 856.53, 1630104, 29
2101, 35, 42, 107, 11, 0, 42.03%, 0, 0, 11, 854.89, 1634338, 29
2106, 35, 39, 107, 11, 0, 42.03%, 0, 0, 11, 787.40, 1638327, 29
2111, 35, 57, 107, 11, 0, 42.03%, 0, 0, 11, 770.33, 1642070, 29
2116, 35, 34, 107, 11, 0, 42.03%, 0, 0, 11, 810.36, 1645995, 29
2121, 35, 26, 107, 11, 0, 42.03%, 0, 0, 11, 819.19, 1649972, 29
2126, 35, 6, 108, 12, 0, 42.03%, 0, 0, 11, 848.06, 1654218, 29
2131, 36, 20, 108, 12, 0, 42.03%, 0, 0, 11, 822.35, 1658324, 29
2136, 36, 42, 108, 12, 0, 42.03%, 0, 0, 11, 813.07, 1662418, 29
2141, 36, 39, 108, 12, 0, 42.03%, 0, 0, 11, 823.60, 1666563, 29
2146, 36, 57, 108, 12, 0, 42.03%, 0, 0, 11, 810.92, 1670568, 29
2152, 36, 39, 108, 12, 0, 42.03%, 0, 0, 11, 825.94, 1674205, 29
2157, 36, 26, 108, 12, 0, 42.03%, 0, 0, 11, 855.85, 1678633, 29
2162, 36, 42, 108, 12, 0, 42.03%, 0, 0, 11, 818.08, 1682856, 29
2167, 36, 6, 108, 12, 0, 42.03%, 0, 0, 11, 890.99, 1686727, 29
2172, 36, 34, 108, 12, 0, 42.03%, 0, 0, 11, 803.50, 1690641, 29
2177, 36, 42, 108, 12, 0, 42.03%, 0, 0, 11, 846.94, 1694934, 29
2182, 36, 42, 108, 12, 0, 42.03%, 0, 0, 11, 815.77, 1699036, 29
2188, 36, 14, 108, 12, 0, 42.03%, 0, 0, 11, 822.77, 1703269, 29
2193, 36, 42, 108, 12, 0, 42.03%, 0, 0, 11, 781.55, 1707155, 29
2198, 36, 39, 108, 12, 0, 42.03%, 0, 0, 11, 821.99, 1711363, 29
2203, 36, 42, 108, 12, 0, 42.03%, 0, 0, 11, 793.08, 1715276, 29
2208, 37, 6, 108, 12, 0, 42.03%, 0, 0, 11, 856.60, 1719534, 29
2213, 37, 35, 108, 12, 0, 42.03%, 0, 0, 11, 812.96, 1723766, 29
2218, 37, 19, 108, 12, 0, 42.03%, 0, 0, 11, 796.95, 1727922, 29
2223, 37, 39, 108, 12, 0, 42.03%, 0, 0, 11, 798.59, 1732081, 29
2228, 37, 57, 108, 12, 0, 42.03%, 0, 0, 11, 813.35, 1736253, 29
2234, 37, 35, 108, 12, 0, 42.03%, 0, 0, 11, 835.55, 1740557, 29
2239, 37, 26, 108, 12, 0, 42.03%, 0, 0, 11, 798.51, 1744523, 29
2244, 37, 57, 108, 12, 0, 42.03%, 0, 0, 11, 798.31, 1748259, 29
2249, 37, 39, 109, 13, 0, 42.03%, 0, 0, 11, 811.42, 1752364, 29
2254, 37, 26, 109, 13, 0, 42.03%, 0, 0, 11, 838.99, 1756600, 29
2259, 37, 90, 109, 13, 0, 42.03%, 0, 0, 11, 834.32, 1760968, 29
2264, 38, 34, 109, 12, 0, 42.03%, 0, 0, 11, 783.91, 1764771, 29
2270, 38, 34, 109, 12, 0, 42.03%, 0, 0, 11, 794.85, 1768252, 29
2275, 38, 26, 109, 12, 0, 42.03%, 0, 0, 11, 800.58, 1772273, 29
2280, 38, 42, 109, 12, 0, 42.03%, 0, 0, 11, 837.46, 1776228, 29
2285, 38, 42, 109, 12, 0, 42.03%, 0, 0, 11, 525.62, 1780203, 29
2290, 38, 57, 109, 12, 0, 42.03%, 0, 0, 11, 757.62, 1784326, 29
2295, 38, 42, 109, 12, 0, 42.03%, 0, 0, 11, 805.85, 1788529, 29
2300, 38, 26, 109, 12, 0, 42.03%, 0, 0, 11, 816.84, 1792588, 29
2305, 38, 42, 109, 11, 0, 42.03%, 0, 0, 11, 778.94, 1796571, 29
2310, 38, 42, 109, 11, 0, 42.03%, 0, 0, 11, 738.26, 1800302, 29
2315, 38, 42, 109, 11, 0, 42.03%, 0, 0, 11, 865.17, 1804222, 29
2320, 38, 42, 109, 11, 0, 42.03%, 0, 0, 11, 835.38, 1808453, 29
2326, 38, 42, 109, 11, 0, 42.03%, 0, 0, 11, 841.45, 1812613, 29
2331, 38, 39, 109, 11, 0, 42.03%, 0, 0, 11, 182.49, 1816112, 29
2336, 39, 38, 109, 11, 0, 42.03%, 0, 0, 11, 877.43, 1820419, 29
2341, 39, 57, 109, 11, 0, 42.03%, 0, 0, 11, 822.31, 1824498, 29
2346, 39, 35, 109, 11, 0, 42.03%, 0, 0, 11, 619.66, 1828133, 29
2351, 39, 38, 109, 11, 0, 42.03%, 0, 0, 11, 757.37, 1831927, 29
2356, 39, 38, 109, 11, 0, 42.03%, 0, 0, 11, 790.36, 1835819, 29
2361, 39, 39, 109, 11, 0, 42.03%, 0, 0, 11, 881.10, 1839755, 29
2366, 39, 34, 109, 11, 0, 42.03%, 0, 0, 11, 139.30, 1843168, 29
2371, 39, 39, 109, 11, 0, 42.03%, 0, 0, 11, 915.08, 1846836, 29
2377, 39, 38, 109, 11, 0, 42.03%, 0, 0, 11, 825.96, 1850836, 29
2382, 39, 19, 109, 11, 0, 42.03%, 0, 0, 11, 818.68, 1854620, 29
2387, 39, 39, 109, 11, 0, 42.03%, 0, 0, 11, 820.13, 1858870, 29
2392, 39, 34, 109, 11, 0, 42.03%, 0, 0, 11, 822.23, 1862772, 29
2397, 39, 20, 109, 11, 0, 42.03%, 0, 0, 11, 759.93, 1866400, 29
2402, 39, 19, 109, 11, 0, 42.03%, 0, 0, 11, 755.71, 1869898, 29
2407, 39, 35, 109, 11, 0, 42.03%, 0, 0, 11, 805.61, 1873858, 29
2412, 40, 81, 109, 11, 0, 42.03%, 0, 0, 11, 835.60, 1878208, 29
2418, 40, 39, 109, 11, 0, 42.03%, 0, 0, 11, 760.39, 1882156, 29
2423, 40, 26, 109, 11, 0, 42.03%, 0, 0, 11, 768.22, 1886148, 29
2428, 40, 101, 109, 11, 0, 42.03%, 0, 0, 11, 631.84, 1889573, 29
2433, 40, 39, 109, 10, 0, 42.03%, 0, 0, 11, 544.67, 1891850, 29
2438, 40, 6, 109, 10, 0, 42.03%, 0, 0, 11, 776.19, 1895605, 29
2443, 40, 6, 109, 10, 0, 42.03%, 0, 0, 11, 790.33, 1899715, 29
2448, 40, 14, 109, 10, 0, 42.03%, 0, 0, 11, 729.39, 1903148, 29
2453, 40, 39, 109, 10, 0, 42.03%, 0, 0, 11, 314.13, 1906707, 29
2458, 40, 17, 109, 10, 0, 42.03%, 0, 0, 11, 634.27, 1910379, 29
2463, 40, 38, 109, 9, 0, 42.03%, 0, 0, 11, 779.13, 1914380, 29
2468, 40, 38, 109, 9, 0, 42.03%, 0, 0, 11, 824.20, 1918555, 29
2474, 40, 26, 109, 9, 0, 42.03%, 0, 0, 11, 938.94, 1922336, 29
2479, 40, 6, 109, 9, 0, 42.03%, 0, 0, 11, 808.32, 1926257, 29
2484, 40, 39, 109, 9, 0, 42.03%, 0, 0, 11, 844.19, 1930529, 29
2489, 41, 26, 109, 9, 0, 42.03%, 0, 0, 11, 848.49, 1934718, 29
2494, 41, 6, 109, 9, 0, 42.03%, 0, 0, 11, 836.56, 1938453, 29
2499, 41, 35, 109, 9, 0, 42.03%, 0, 0, 11, 839.77, 1942717, 29
2504, 41, 42, 109, 9, 0, 42.03%, 0, 0, 11, 792.30, 1946672, 29
2509, 41, 34, 109, 9, 0, 42.03%, 0, 0, 11, 133.97, 1950232, 29
2514, 41, 35, 109, 9, 0, 42.03%, 0, 0, 11, 649.38, 1954289, 29
2519, 41, 6, 109, 9, 0, 42.03%, 0, 0, 11, 876.27, 1958266, 29
2524, 41, 20, 109, 9, 0, 42.03%, 0, 0, 11, 786.54, 1962397, 29
2530, 41, 38, 109, 9, 0, 42.03%, 0, 0, 11, 802.60, 1966312, 29
2535, 41, 39, 109, 9, 0, 42.03%, 0, 0, 11, 875.16, 1970100, 29
2540, 41, 57, 109, 9, 0, 42.03%, 0, 0, 11, 775.21, 1974016, 29
2545, 41, 39, 109, 9, 0, 42.03%, 0, 0, 11, 566.06, 1977875, 29
2550, 41, 39, 109, 9, 0, 42.03%, 0, 0, 11, 733.73, 1981894, 29
2555, 41, 42, 109, 9, 0, 42.03%, 0, 0, 11, 769.65, 1985929, 29
2560, 41, 38, 109, 9, 0, 42.03%, 0, 0, 11, 839.78, 1989183, 29
2565, 42, 42, 109, 9, 0, 42.03%, 0, 0, 11, 841.59, 1993493, 29
2570, 42, 39, 109, 9, 0, 42.03%, 0, 0, 11, 865.66, 1997817, 29
2575, 42, 42, 109, 9, 0, 42.03%, 0, 0, 11, 783.62, 2001617, 29
2580, 42, 19, 109, 9, 0, 42.03%, 0, 0, 11, 803.63, 2005237, 29
2585, 42, 42, 109, 9, 0, 42.03%, 0, 0, 11, 849.00, 2009089, 29
2590, 42, 35, 109, 9, 0, 42.03%, 0, 0, 11, 856.24, 2013359, 29
2596, 42, 26, 109, 9, 0, 42.03%, 0, 0, 11, 162.82, 2017267, 29
2601, 42, 107, 109, 9, 0, 42.03%, 0, 0, 11, 575.45, 2019864, 29
2606, 42, 107, 109, 9, 0, 42.03%, 0, 0, 11, 530.35, 2022408, 29
2611, 42, 34, 109, 8, 0, 42.03%, 0, 0, 11, 751.85, 2026630, 29
2616, 42, 38, 109, 8, 0, 42.03%, 0, 0, 11, 858.76, 2030572, 29
2621, 42, 57, 109, 8, 0, 42.03%, 0, 0, 11, 96.90, 2034075, 29
2626, 42, 38, 109, 8, 0, 42.03%, 0, 0, 11, 815.42, 2038126, 29
2631, 42, 42, 109, 8, 0, 42.03%, 0, 0, 11, 817.84, 2042325, 29
2636, 42, 6, 109, 8, 0, 42.03%, 0, 0, 11, 822.19, 2046577, 29
2642, 43, 42, 109, 8, 0, 42.03%, 0, 0, 11, 766.97, 2050320, 29
2647, 43, 42, 109, 8, 0, 42.03%, 0, 0, 11, 808.47, 2054378, 29
2652, 43, 42, 109, 8, 0, 42.03%, 0, 0, 11, 878.38, 2057813, 29
2657, 43, 39, 109, 8, 0, 42.03%, 0, 0, 11, 835.38, 2061960, 29
2662, 43, 6, 109, 8, 0, 42.03%, 0, 0, 11, 851.02, 2065729, 29
2667, 43, 38, 109, 8, 0, 42.03%, 0, 0, 11, 810.02, 2069799, 29
2672, 43, 20, 109, 8, 0, 42.03%, 0, 0, 11, 792.06, 2073823, 29
2677, 43, 42, 109, 8, 0, 42.03%, 0, 0, 11, 776.84, 2077674, 29
2682, 43, 42, 109, 8, 0, 42.03%, 0, 0, 11, 815.10, 2081737, 29
2687, 43, 38, 109, 8, 0, 42.03%, 0, 0, 11, 850.54, 2086186, 29
2692, 43, 6, 109, 8, 0, 42.03%, 0, 0, 11, 808.59, 2090250, 29
2697, 43, 6, 109, 8, 0, 42.03%, 0, 0, 11, 837.50, 2094528, 29
2702, 43, 34, 109, 8, 0, 42.03%, 0, 0, 11, 853.51, 2097822, 29
2708, 43, 6, 109, 8, 0, 42.03%, 0, 0, 11, 849.22, 2101946, 29
2713, 44, 14, 109, 8, 0, 42.03%, 0, 0, 11, 803.83, 2105989, 29
2718, 44, 42, 109, 8, 0, 42.03%, 0, 0, 11, 804.12, 2110038, 29
2723, 44, 14, 109, 8, 0, 42.03%, 0, 0, 11, 789.53, 2113896, 29
2728, 44, 104, 109, 8, 0, 42.03%, 0, 0, 11, 552.83, 2116423, 29
2733, 44, 42, 109, 7, 0, 42.03%, 0, 0, 11, 728.97, 2120148, 29
2738, 44, 20, 109, 7, 0, 42.03%, 0, 0, 11, 788.33, 2124188, 29
2743, 44, 38, 109, 7, 0, 42.03%, 0, 0, 11, 796.28, 2128305, 29
2748, 44, 42, 109, 7, 0, 42.03%, 0, 0, 11, 807.21, 2132306, 29
2753, 44, 38, 109, 7, 0, 42.03%, 0, 0, 11, 867.37, 2136812, 29
2758, 44, 35, 109, 7, 0, 42.03%, 0, 0, 11, 799.88, 2140650, 29
2763, 44, 39, 109, 7, 0, 42.03%, 0, 0, 11, 771.82, 2144499, 29
2769, 44, 57, 109, 7, 0, 42.03%, 0, 0, 11, 795.26, 2148598, 29
2774, 44, 39, 109, 7, 0, 42.03%, 0, 0, 11, 833.65, 2152619, 29
2779, 44, 6, 109, 7, 0, 42.03%, 0, 0, 11, 634.76, 2156225, 29
2784, 44, 42, 109, 7, 0, 42.03%, 0, 0, 11, 811.11, 2160524, 29
2789, 45, 57, 109, 7, 0, 42.03%, 0, 0, 11, 738.58, 2164125, 29
2794, 45, 57, 109, 7, 0, 42.03%, 0, 0, 11, 850.02, 2168039, 29
2799, 45, 89, 109, 7, 0, 42.03%, 0, 0, 11, 776.33, 2171811, 29
2804, 45, 26, 109, 6, 0, 42.03%, 0, 0, 11, 789.46, 2175748, 29
2809, 45, 42, 109, 6, 0, 42.03%, 0, 0, 11, 784.24, 2179634, 29
2814, 45, 35, 109, 6, 0, 42.03%, 0, 0, 11, 902.86, 2183388, 29
2820, 45, 19, 109, 6, 0, 42.03%, 0, 0, 11, 780.51, 2187117, 29
2825, 45, 35, 109, 6, 0, 42.03%, 0, 0, 11, 763.37, 2191068, 29
2830, 45, 35, 109, 6, 0, 42.03%, 0, 0, 11, 794.04, 2194741, 29
2835, 45, 42, 109, 6, 0, 42.03%, 0, 0, 11, 770.65, 2198477, 29
2840, 45, 39, 109, 6, 0, 42.03%, 0, 0, 11, 810.51, 2202554, 29
2845, 45, 39, 109, 6, 0, 42.03%, 0, 0, 11, 836.20, 2206842, 29
2850, 45, 6, 109, 6, 0, 42.03%, 0, 0, 11, 765.50, 2210735, 29
2855, 45, 38, 109, 6, 0, 42.03%, 0, 0, 11, 802.83, 2214974, 29
2860, 46, 42, 109, 6, 0, 42.03%, 0, 0, 11, 854.28, 2218951, 29
2865, 46, 6, 109, 6, 0, 42.03%, 0, 0, 11, 791.38, 2222835, 29
2870, 46, 42, 109, 6, 0, 42.03%, 0, 0, 11, 798.08, 2226929, 29
2876, 46, 42, 109, 6, 0, 42.03%, 0, 0, 11, 783.15, 2230846, 29
2881, 46, 39, 109, 6, 0, 42.03%, 0, 0, 11, 799.63, 2235031, 29
2886, 46, 39, 109, 6, 0, 42.03%, 0, 0, 11, 752.11, 2238978, 29
2891, 46, 57, 109, 6, 0, 42.03%, 0, 0, 11, 776.71, 2243030, 29
2896, 46, 34, 109, 6, 0, 42.03%, 0, 0, 11, 763.53, 2246890, 29
2901, 46, 26, 109, 6, 0, 42.03%, 0, 0, 11, 800.58, 2250907, 29
2906, 46, 39, 109, 6, 0, 42.03%, 0, 0, 11, 873.57, 2254741, 29
2911, 46, 42, 109, 6, 0, 42.03%, 0, 0, 11, 776.20, 2258559, 29
2916, 46, 19, 109, 6, 0, 42.03%, 0, 0, 11, 805.98, 2262662, 29
2921, 46, 26, 109, 6, 0, 42.03%, 0, 0, 11, 833.16, 2266909, 29
2926, 46, 20, 109, 6, 0, 42.03%, 0, 0, 11, 319.29, 2270748, 29
2931, 47, 35, 109, 6, 0, 42.03%, 0, 0, 11, 720.49, 2274978, 29
2936, 47, 6, 109, 6, 0, 42.03%, 0, 0, 11, 803.60, 2279022, 29
2942, 47, 6, 109, 6, 0, 42.03%, 0, 0, 11, 802.61, 2283194, 29
2947, 47, 18, 109, 6, 0, 42.03%, 0, 0, 11, 800.51, 2287345, 29
2952, 47, 35, 109, 5, 0, 42.03%, 0, 0, 11, 847.86, 2291048, 29
2957, 47, 34, 109, 5, 0, 42.03%, 0, 0, 11, 849.20, 2295198, 29
2962, 47, 42, 109, 5, 0, 42.03%, 0, 0, 11, 745.96, 2299026, 29
2967, 47, 6, 109, 5, 0, 42.03%, 0, 0, 11, 826.26, 2303348, 29
2972, 47, 20, 109, 5, 0, 42.03%, 0, 0, 11, 789.79, 2307295, 29
2977, 47, 20, 109, 4, 0, 42.03%, 0, 0, 11, 717.41, 2310881, 29
2982, 47, 20, 109, 4, 0, 42.03%, 0, 0, 11, 909.96, 2314862, 29
2988, 47, 35, 109, 4, 0, 42.03%, 0, 0, 11, 824.97, 2318792, 29
2993, 47, 26, 109, 4, 0, 42.03%, 0, 0, 11, 839.54, 2322334, 29
2998, 48, 39, 109, 4, 0, 42.03%, 0, 0, 11, 805.69, 2326373, 29
3003, 48, 38, 109, 4, 0, 42.03%, 0, 0, 11, 833.60, 2330234, 29
3008, 48, 38, 109, 4, 0, 42.03%, 0, 0, 11, 789.62, 2334282, 29
3013, 48, 6, 109, 4, 0, 42.03%, 0, 0, 11, 652.27, 2338109, 29
3018, 48, 19, 109, 4, 0, 42.03%, 0, 0, 11, 766.19, 2342252, 29
3023, 48, 42, 109, 4, 0, 42.03%, 0, 0, 11, 917.82, 2346233, 29
3029, 48, 57, 109, 4, 0, 42.03%, 0, 0, 11, 840.71, 2350476, 29
3034, 48, 42, 109, 4, 0, 42.03%, 0, 0, 11, 838.01, 2354686, 29
3039, 48, 34, 109, 4, 0, 42.03%, 0, 0, 11, 753.79, 2358442, 29
3044, 48, 26, 109, 4, 0, 42.03%, 0, 0, 11, 674.39, 2362119, 29
3049, 48, 42, 109, 4, 0, 42.03%, 0, 0, 11, 814.34, 2365853, 29
3054, 48, 14, 109, 4, 0, 42.03%, 0, 0, 11, 760.99, 2369782, 29
3059, 48, 39, 109, 4, 0, 42.03%, 0, 0, 11, 810.57, 2373921, 29
3064, 48, 34, 109, 4, 0, 42.03%, 0, 0, 11, 850.43, 2377703, 29
3069, 49, 6, 109, 4, 0, 42.03%, 0, 0, 11, 808.57, 2381648, 29
3074, 49, 35, 109, 4, 0, 42.03%, 0, 0, 11, 814.00, 2385589, 29
3079, 49, 35, 109, 4, 0, 42.03%, 0, 0, 11, 803.83, 2389629, 29
3084, 49, 14, 109, 4, 0, 42.03%, 0, 0, 11, 781.88, 2393489, 29
3089, 49, 14, 109, 4, 0, 42.03%, 0, 0, 11, 882.70, 2397504, 29
3095, 49, 26, 109, 4, 0, 42.03%, 0, 0, 11, 842.26, 2401753, 29
3100, 49, 35, 109, 4, 0, 42.03%, 0, 0, 11, 829.36, 2405867, 29
3105, 49, 42, 109, 4, 0, 42.03%, 0, 0, 11, 763.49, 2409586, 29
3110, 49, 42, 109, 4, 0, 42.03%, 0, 0, 11, 838.46, 2413967, 29
3115, 49, 35, 109, 4, 0, 42.03%, 0, 0, 11, 803.99, 2417915, 29
3120, 49, 38, 109, 4, 0, 42.03%, 0, 0, 11, 749.10, 2421461, 29
3125, 49, 42, 109, 4, 0, 42.03%, 0, 0, 11, 835.46, 2424930, 29
3130, 49, 91, 109, 4, 0, 42.03%, 0, 0, 11, 812.63, 2429015, 29
3135, 49, 42, 109, 3, 0, 42.03%, 0, 0, 11, 97.12, 2432380, 29
3140, 50, 34, 109, 3, 0, 42.03%, 0, 0, 11, 810.80, 2436416, 29
3145, 50, 38, 109, 3, 0, 42.03%, 0, 0, 11, 808.75, 2440492, 29
3150, 50, 42, 109, 3, 0, 42.03%, 0, 0, 11, 791.17, 2444592, 29
3155, 50, 39, 109, 3, 0, 42.03%, 0, 0, 11, 793.75, 2448649, 29
3161, 50, 35, 109, 3, 0, 42.03%, 0, 0, 11, 180.03, 2452275, 29
3166, 50, 57, 109, 3, 0, 42.03%, 0, 0, 11, 816.62, 2456307, 29
3171, 50, 19, 109, 3, 0, 42.03%, 0, 0, 11, 845.19, 2459950, 29
3176, 50, 39, 109, 3, 0, 42.03%, 0, 0, 11, 815.64, 2463876, 29
3181, 50, 57, 109, 3, 0, 42.03%, 0, 0, 11, 767.75, 2467464, 29
3186, 50, 38, 109, 3, 0, 42.03%, 0, 0, 11, 764.71, 2471308, 29
3191, 50, 35, 109, 3, 0, 42.03%, 0, 0, 11, 826.66, 2475020, 29
3196, 50, 26, 109, 3, 0, 42.03%, 0, 0, 11, 352.15, 2478539, 29
3201, 50, 42, 109, 3, 0, 42.03%, 0, 0, 11, 612.30, 2482025, 29
3206, 50, 39, 109, 3, 0, 42.03%, 0, 0, 11, 774.09, 2486274, 29
3212, 51, 57, 109, 3, 0, 42.03%, 0, 0, 11, 836.98, 2490721, 29
3217, 51, 42, 109, 3, 0, 42.03%, 0, 0, 11, 839.95, 2495053, 29
3222, 51, 6, 109, 3, 0, 42.03%, 0, 0, 11, 826.91, 2499194, 29
3227, 51, 34, 109, 3, 0, 42.03%, 0, 0, 11, 838.53, 2503341, 29
3232, 51, 39, 109, 3, 0, 42.03%, 0, 0, 11, 815.12, 2507399, 29
3237, 51, 39, 109, 3, 0, 42.03%, 0, 0, 11, 804.52, 2510856, 29
3242, 51, 34, 109, 3, 0, 42.03%, 0, 0, 11, 796.31, 2514795, 29
3247, 51, 6, 109, 3, 0, 42.03%, 0, 0, 11, 752.92, 2518614, 29
3252, 51, 42, 109, 2, 0, 42.03%, 0, 0, 11, 745.85, 2522526, 29
3257, 51, 34, 109, 2, 0, 42.03%, 0, 0, 11, 794.72, 2526194, 29
3262, 51, 42, 109, 2, 0, 42.03%, 0, 0, 11, 781.86, 2530083, 29
3268, 52, 42, 109, 2, 0, 42.03%, 0, 0, 11, 823.58, 2534351, 29
3273, 52, 42, 109, 2, 0, 42.03%, 0, 0, 11, 828.12, 2538736, 29
3278, 52, 19, 109, 2, 0, 42.03%, 0, 0, 11, 780.53, 2542572, 29
3283, 52, 26, 109, 2, 0, 42.03%, 0, 0, 11, 791.71, 2546655, 29
3288, 52, 26, 109, 2, 0, 42.03%, 0, 0, 11, 827.37, 2550985, 29
3293, 52, 6, 109, 2, 0, 42.03%, 0, 0, 11, 782.20, 2554916, 29
3298, 52, 19, 109, 2, 0, 42.03%, 0, 0, 11, 759.46, 2558668, 29
3304, 52, 57, 109, 2, 0, 42.03%, 0, 0, 11, 132.35, 2562454, 29
3309, 52, 38, 109, 2, 0, 42.03%, 0, 0, 11, 931.33, 2565796, 29
3314, 52, 26, 109, 2, 0, 42.03%, 0, 0, 11, 743.52, 2569655, 29
3319, 52, 57, 109, 2, 0, 42.03%, 0, 0, 11, 705.18, 2573424, 29
3324, 52, 38, 109, 2, 0, 42.03%, 0, 0, 11, 929.04, 2576641, 29
3329, 52, 35, 109, 2, 0, 42.03%, 0, 0, 11, 789.09, 2580143, 29
3334, 52, 38, 110, 3, 0, 42.03%, 0, 0, 11, 798.29, 2584135, 29
3339, 52, 39, 110, 3, 0, 42.03%, 0, 0, 11, 702.64, 2587787, 29
3344, 52, 6, 110, 3, 0, 42.03%, 0, 0, 11, 779.45, 2591714, 29
3350, 53, 57, 110, 3, 0, 42.03%, 0, 0, 11, 811.53, 2595864, 29
3355, 53, 34, 110, 3, 0, 42.03%, 0, 0, 11, 895.59, 2599891, 29
3360, 53, 6, 110, 3, 0, 42.03%, 0, 0, 11, 862.17, 2603654, 29
3365, 53, 42, 110, 3, 0, 42.03%, 0, 0, 11, 130.60, 2607791, 29
3370, 53, 39, 110, 3, 0, 42.03%, 0, 0, 11, 795.43, 2611885, 29
3375, 53, 39, 110, 3, 0, 42.03%, 0, 0, 11, 787.26, 2615876, 29
3380, 53, 42, 110, 3, 0, 42.03%, 0, 0, 11, 853.94, 2619923, 29
3385, 53, 34, 110, 3, 0, 42.03%, 0, 0, 11, 564.10, 2623841, 29
3390, 53, 42, 110, 3, 0, 42.03%, 0, 0, 11, 696.05, 2627482, 29
3395, 53, 35, 110, 3, 0, 42.03%, 0, 0, 11, 760.23, 2631425, 29
3400, 53, 14, 110, 3, 0, 42.03%, 0, 0, 11, 735.93, 2635234, 29
3405, 53, 38, 110, 3, 0, 42.03%, 0, 0, 11, 805.27, 2639406, 29
3411, 53, 19, 110, 3, 0, 42.03%, 0, 0, 11, 722.56, 2642700, 29
3416, 53, 42, 110, 3, 0, 42.03%, 0, 0, 11, 789.15, 2646788, 29
3421, 53, 35, 110, 3, 0, 42.03%, 0, 0, 11, 781.46, 2650763, 29
3426, 53, 26, 110, 3, 0, 42.03%, 0, 0, 11, 815.89, 2654469, 29
3431, 54, 39, 110, 3, 0, 42.03%, 0, 0, 11, 815.05, 2658270, 29
3436, 54, 34, 110, 3, 0, 42.03%, 0, 0, 11, 780.72, 2662130, 29
3441, 54, 39, 110, 3, 0, 42.03%, 0, 0, 11, 719.10, 2665780, 29
3446, 54, 39, 110, 3, 0, 42.03%, 0, 0, 11, 780.50, 2669742, 29
3451, 54, 42, 110, 3, 0, 42.03%, 0, 0, 11, 761.38, 2673758, 29
3456, 54, 34, 110, 3, 0, 42.03%, 0, 0, 11, 786.79, 2677363, 29
3462, 54, 20, 110, 3, 0, 42.03%, 0, 0, 11, 783.74, 2681156, 29
3467, 54, 19, 110, 3, 0, 42.03%, 0, 0, 11, 786.03, 2685172, 29
3472, 54, 26, 110, 3, 0, 42.03%, 0, 0, 11, 769.17, 2689131, 29
3477, 54, 39, 110, 3, 0, 42.03%, 0, 0, 11, 794.65, 2692976, 29
3482, 54, 34, 110, 3, 0, 42.03%, 0, 0, 11, 786.58, 2697000, 29
3487, 54, 57, 110, 3, 0, 42.03%, 0, 0, 11, 807.83, 2700827, 29
3492, 54, 19, 110, 3, 0, 42.03%, 0, 0, 11, 809.16, 2704935, 29
3497, 54, 6, 110, 3, 0, 42.03%, 0, 0, 11, 795.59, 2708992, 29
3502, 54, 34, 110, 3, 0, 42.03%, 0, 0, 11, 762.52, 2712923, 29
3508, 55, 26, 110, 3, 0, 42.03%, 0, 0, 11, 839.60, 2717310, 29
3513, 55, 38, 110, 3, 0, 42.03%, 0, 0, 11, 131.47, 2721114, 29
3518, 55, 42, 110, 3, 0, 42.03%, 0, 0, 11, 768.73, 2724596, 29
3523, 55, 26, 110, 3, 0, 42.03%, 0, 0, 11, 768.34, 2728429, 29
3528, 55, 38, 110, 3, 0, 42.03%, 0, 0, 11, 826.28, 2732615, 29
3533, 55, 57, 110, 3, 0, 42.03%, 0, 0, 11, 769.74, 2736323, 29
3538, 55, 42, 110, 3, 0, 42.03%, 0, 0, 11, 719.16, 2740003, 29
3543, 55, 26, 110, 3, 0, 42.03%, 0, 0, 11, 768.79, 2743880, 29
3548, 55, 14, 110, 3, 0, 42.03%, 0, 0, 11, 808.43, 2748052, 29
3553, 55, 19, 110, 3, 0, 42.03%, 0, 0, 11, 808.09, 2752088, 29
3558, 55, 57, 110, 3, 0, 42.03%, 0, 0, 11, 798.96, 2756044, 29
3563, 55, 34, 110, 3, 0, 42.03%, 0, 0, 11, 789.89, 2758549, 29
3568, 55, 26, 110, 3, 0, 42.03%, 0, 0, 11, 811.54, 2762217, 29
3573, 56, 35, 110, 3, 0, 42.03%, 0, 0, 11, 826.24, 2766333, 29
3579, 56, 42, 110, 3, 0, 42.03%, 0, 0, 11, 804.51, 2770398, 29
3584, 56, 34, 110, 3, 0, 42.03%, 0, 0, 11, 782.00, 2774184, 29
3589, 56, 6, 110, 3, 0, 42.03%, 0, 0, 11, 808.94, 2778202, 29
3594, 56, 38, 110, 3, 0, 42.03%, 0, 0, 11, 767.16, 2782114, 29
3599, 56, 42, 110, 3, 0, 42.03%, 0, 0, 11, 888.31, 2786203, 29
3604, 56, 26, 110, 3, 0, 42.03%, 0, 0, 11, 809.14, 2789908, 29
3609, 56, 35, 110, 3, 0, 42.03%, 0, 0, 11, 792.51, 2793917, 29
3614, 56, 26, 110, 3, 0, 42.03%, 0, 0, 11, 814.70, 2798205, 29
3619, 56, 39, 110, 3, 0, 42.03%, 0, 0, 11, 822.08, 2802284, 29
3624, 56, 6, 110, 3, 0, 42.03%, 0, 0, 11, 270.92, 2806247, 29
3629, 56, 57, 110, 3, 0, 42.03%, 0, 0, 11, 669.00, 2809968, 29
3635, 57, 42, 110, 3, 0, 42.03%, 0, 0, 11, 809.76, 2814297, 29
3640, 57, 38, 110, 3, 0, 42.03%, 0, 0, 11, 779.84, 2818187, 29
3645, 57, 42, 110, 3, 0, 42.03%, 0, 0, 11, 818.64, 2822384, 29
3650, 57, 38, 110, 3, 0, 42.03%, 0, 0, 11, 908.88, 2826046, 29
3655, 57, 38, 110, 3, 0, 42.03%, 0, 0, 11, 539.04, 2830146, 29
3660, 57, 42, 110, 3, 0, 42.03%, 0, 0, 11, 684.28, 2833892, 29
3665, 57, 42, 110, 3, 0, 42.03%, 0, 0, 11, 754.15, 2837957, 29
3670, 57, 42, 110, 3, 0, 42.03%, 0, 0, 11, 756.51, 2841888, 29
3676, 57, 39, 110, 3, 0, 42.03%, 0, 0, 11, 735.39, 2845748, 29
3681, 57, 39, 110, 3, 0, 42.03%, 0, 0, 11, 765.41, 2849783, 29
3686, 57, 42, 110, 2, 0, 42.03%, 0, 0, 11, 782.12, 2853737, 29
3691, 57, 57, 110, 2, 0, 42.03%, 0, 0, 11, 815.08, 2858075, 29
3696, 57, 38, 110, 2, 0, 42.03%, 0, 0, 11, 691.91, 2861329, 29
3701, 58, 42, 110, 2, 0, 42.03%, 0, 0, 11, 843.06, 2865478, 29
3706, 58, 42, 110, 2, 0, 42.03%, 0, 0, 11, 817.98, 2869549, 29
3711, 58, 6, 110, 2, 0, 42.03%, 0, 0, 11, 805.59, 2873625, 29
3717, 58, 26, 110, 2, 0, 42.03%, 0, 0, 11, 792.74, 2877845, 29
3722, 58, 26, 110, 2, 0, 42.03%, 0, 0, 11, 635.26, 2881852, 29
3727, 58, 20, 110, 2, 0, 42.03%, 0, 0, 11, 777.68, 2885949, 29
3732, 58, 39, 110, 2, 0, 42.03%, 0, 0, 11, 857.84, 2889847, 29
3737, 58, 39, 110, 2, 0, 42.03%, 0, 0, 11, 828.10, 2893872, 29
3742, 58, 34, 110, 2, 0, 42.03%, 0, 0, 11, 765.88, 2897535, 29
3747, 58, 35, 110, 2, 0, 42.03%, 0, 0, 11, 784.17, 2901455, 29
3752, 58, 42, 110, 2, 0, 42.03%, 0, 0, 11, 866.13, 2905230, 29
3757, 58, 35, 110, 2, 0, 42.03%, 0, 0, 11, 553.43, 2909216, 29
3762, 58, 42, 110, 2, 0, 42.03%, 0, 0, 11, 896.42, 2913341, 29
3767, 58, 39, 110, 2, 0, 42.03%, 0, 0, 11, 820.36, 2917420, 29
3772, 59, 26, 110, 2, 0, 42.03%, 0, 0, 11, 805.63, 2921403, 29
3777, 59, 19, 110, 2, 0, 42.03%, 0, 0, 11, 738.59, 2925007, 29
3782, 59, 35, 110, 2, 0, 42.03%, 0, 0, 11, 800.89, 2929046, 29
3787, 59, 35, 110, 2, 0, 42.03%, 0, 0, 11, 778.37, 2932951, 29
3793, 59, 20, 110, 2, 0, 42.03%, 0, 0, 11, 774.61, 2937043, 29
3798, 59, 6, 110, 2, 0, 42.03%, 0, 0, 11, 819.02, 2941384, 29
3803, 59, 42, 110, 2, 0, 42.03%, 0, 0, 11, 741.33, 2944929, 29
3808, 59, 6, 110, 2, 0, 42.03%, 0, 0, 11, 822.46, 2949173, 29
3813, 59, 6, 110, 2, 0, 42.03%, 0, 0, 11, 790.64, 2953115, 29
3818, 59, 19, 110, 2, 0, 42.03%, 0, 0, 11, 236.47, 2957129, 29
3823, 59, 20, 110, 2, 0, 42.03%, 0, 0, 11, 665.66, 2960999, 29
3828, 59, 35, 110, 2, 0, 42.03%, 0, 0, 11, 756.06, 2964666, 29
3833, 60, 19, 110, 2, 0, 42.03%, 0, 0, 11, 778.29, 2968757, 29
3838, 60, 20, 110, 2, 0, 42.03%, 0, 0, 11, 830.13, 2972956, 29
3843, 60, 6, 110, 2, 0, 42.03%, 0, 0, 11, 814.87, 2977067, 29
3848, 60, 42, 110, 2, 0, 42.03%, 0, 0, 11, 819.88, 2981287, 29
3853, 60, 14, 110, 2, 0, 42.03%, 0, 0, 11, 813.51, 2985425, 29
3859, 60, 35, 110, 2, 0, 42.03%, 0, 0, 11, 754.70, 2989198, 29
3864, 60, 39, 110, 2, 0, 42.03%, 0, 0, 11, 572.38, 2992766, 29
3869, 60, 57, 110, 2, 0, 42.03%, 0, 0, 11, 130.80, 2996644, 29
3874, 60, 19, 110, 2, 0, 42.03%, 0, 0, 11, 134.62, 3000736, 29
3879, 60, 20, 110, 2, 0, 42.03%, 0, 0, 11, 885.80, 3004823, 29
3884, 60, 42, 110, 2, 0, 42.03%, 0, 0, 11, 808.08, 3008820, 29
3889, 60, 34, 110, 2, 0, 42.03%, 0, 0, 11, 801.13, 3012700, 29
3894, 61, 35, 110, 2, 0, 42.03%, 0, 0, 11, 797.31, 3016679, 29
3899, 61, 42, 110, 2, 0, 42.03%, 0, 0, 11, 755.47, 3020357, 29
3904, 61, 14, 110, 2, 0, 42.03%, 0, 0, 11, 412.13, 3023935, 29
3909, 61, 35, 110, 2, 0, 42.03%, 0, 0, 11, 640.19, 3027580, 29
3915, 61, 34, 110, 2, 0, 42.03%, 0, 0, 11, 458.86, 3031278, 29
3920, 61, 57, 110, 2, 0, 42.03%, 0, 0, 11, 687.04, 3034873, 29
3925, 61, 57, 110, 2, 0, 42.03%, 0, 0, 11, 796.96, 3038520, 29
3930, 61, 57, 110, 2, 0, 42.03%, 0, 0, 11, 896.47, 3042419, 29
3935, 61, 34, 110, 2, 0, 42.03%, 0, 0, 11, 833.38, 3046516, 29
3940, 61, 57, 110, 2, 0, 42.03%, 0, 0, 11, 762.84, 3050259, 29
3945, 61, 57, 110, 2, 0, 42.03%, 0, 0, 11, 839.80, 3054718, 29
3950, 61, 38, 110, 2, 0, 42.03%, 0, 0, 11, 765.00, 3058371, 29
3955, 61, 20, 110, 2, 0, 42.03%, 0, 0, 11, 810.59, 3062648, 29
3960, 61, 20, 110, 2, 0, 42.03%, 0, 0, 11, 815.61, 3066782, 29
3965, 61, 42, 110, 2, 0, 42.03%, 0, 0, 11, 854.32, 3071202, 29
3970, 61, 38, 110, 2, 0, 42.03%, 0, 0, 11, 719.12, 3074712, 29
3975, 62, 38, 110, 2, 0, 42.03%, 0, 0, 11, 802.09, 3078847, 29
3981, 62, 42, 110, 2, 0, 42.03%, 0, 0, 11, 817.62, 3082947, 29
3986, 62, 38, 110, 2, 0, 42.03%, 0, 0, 11, 860.15, 3086648, 29
3991, 62, 19, 110, 2, 0, 42.03%, 0, 0, 11, 799.84, 3090634, 29
3996, 62, 35, 110, 2, 0, 42.03%, 0, 0, 11, 749.30, 3094365, 29
4001, 62, 42, 110, 2, 0, 42.03%, 0, 0, 11, 816.54, 3098095, 29
4006, 62, 57, 110, 2, 0, 42.03%, 0, 0, 11, 805.78, 3102113, 29
4011, 62, 34, 110, 2, 0, 42.03%, 0, 0, 11, 139.85, 3105912, 29
4016, 62, 39, 110, 2, 0, 42.03%, 0, 0, 11, 580.04, 3109143, 29
4022, 62, 42, 110, 2, 0, 42.03%, 0, 0, 11, 685.70, 3112706, 29
4027, 62, 6, 110, 2, 0, 42.03%, 0, 0, 11, 758.57, 3116655, 29
4032, 62, 20, 110, 2, 0, 42.03%, 0, 0, 11, 764.44, 3120679, 29
4037, 62, 19, 110, 2, 0, 42.03%, 0, 0, 11, 904.20, 3124460, 29
4042, 62, 14, 110, 2, 0, 42.03%, 0, 0, 11, 883.97, 3128830, 29
4047, 62, 57, 110, 2, 0, 42.03%, 0, 0, 11, 773.33, 3132691, 29
4052, 62, 42, 110, 2, 0, 42.03%, 0, 0, 11, 810.64, 3136844, 29
4057, 62, 19, 110, 2, 0, 42.03%, 0, 0, 11, 863.86, 3140869, 29
4062, 63, 39, 110, 2, 0, 42.03%, 0, 0, 11, 135.00, 3144723, 29
4067, 63, 42, 110, 2, 0, 42.03%, 0, 0, 11, 886.38, 3149280, 29
4072, 63, 42, 110, 2, 0, 42.03%, 0, 0, 11, 844.49, 3153415, 29
4077, 63, 39, 110, 2, 0, 42.03%, 0, 0, 11, 845.04, 3157234, 29
4082, 63, 57, 110, 2, 0, 42.03%, 0, 0, 11, 883.82, 3160743, 29
4087, 63, 38, 110, 2, 0, 42.03%, 0, 0, 11, 489.38, 3164243, 29
4093, 63, 35, 110, 2, 0, 42.03%, 0, 0, 11, 763.96, 3168461, 29
4098, 63, 34, 110, 2, 0, 42.03%, 0, 0, 11, 741.43, 3172287, 29
4103, 63, 57, 110, 2, 0, 42.03%, 0, 0, 11, 790.19, 3176259, 29
4108, 63, 35, 110, 2, 0, 42.03%, 0, 0, 11, 789.61, 3180323, 29
4113, 63, 35, 110, 2, 0, 42.03%, 0, 0, 11, 904.30, 3183978, 29
4118, 63, 26, 110, 2, 0, 42.03%, 0, 0, 11, 854.75, 3187297, 29
4123, 63, 38, 110, 2, 0, 42.03%, 0, 0, 11, 855.28, 3191615, 29
4128, 63, 19, 110, 2, 0, 42.03%, 0, 0, 11, 869.15, 3195307, 29
4133, 63, 42, 110, 2, 0, 42.03%, 0, 0, 11, 810.30, 3198788, 29
4138, 64, 35, 110, 2, 0, 42.03%, 0, 0, 11, 807.23, 3202824, 29
4144, 64, 35, 110, 2, 0, 42.03%, 0, 0, 11, 832.97, 3207213, 29
4149, 64, 35, 110, 2, 0, 42.03%, 0, 0, 11, 790.17, 3211159, 29
4154, 64, 20, 110, 2, 0, 42.03%, 0, 0, 11, 794.29, 3215389, 29
4159, 64, 6, 110, 2, 0, 42.03%, 0, 0, 11, 780.94, 3219366, 29
4164, 64, 34, 110, 2, 0, 42.03%, 0, 0, 11, 737.60, 3223020, 29
4169, 64, 57, 110, 2, 0, 42.03%, 0, 0, 11, 747.40, 3226666, 29
4174, 64, 26, 110, 2, 0, 42.03%, 0, 0, 11, 882.61, 3230602, 29
4179, 64, 42, 110, 2, 0, 42.03%, 0, 0, 11, 818.82, 3234711, 29
4184, 64, 42, 110, 2, 0, 42.03%, 0, 0, 11, 898.34, 3238622, 29
4189, 64, 20, 110, 2, 0, 42.03%, 0, 0, 11, 278.91, 3242720, 29
4194, 64, 39, 110, 2, 0, 42.03%, 0, 0, 11, 729.38, 3247069, 29
4200, 64, 57, 110, 2, 0, 42.03%, 0, 0, 11, 824.42, 3251399, 29
4205, 64, 35, 110, 2, 0, 42.03%, 0, 0, 11, 786.11, 3255333, 29
4210, 64, 38, 110, 2, 0, 42.03%, 0, 0, 11, 605.14, 3259469, 29
4215, 65, 34, 110, 2, 0, 42.03%, 0, 0, 11, 845.47, 3263215, 29
4220, 65, 35, 110, 2, 0, 42.03%, 0, 0, 11, 892.47, 3266870, 29
4225, 65, 34, 110, 2, 0, 42.03%, 0, 0, 11, 843.24, 3270979, 29
4230, 65, 34, 110, 2, 0, 42.03%, 0, 0, 11, 899.82, 3274850, 29
4235, 65, 42, 110, 2, 0, 42.03%, 0, 0, 11, 849.64, 3279117, 29
4240, 65, 57, 110, 2, 0, 42.03%, 0, 0, 11, 786.63, 3283082, 29
4246, 65, 35, 110, 2, 0, 42.03%, 0, 0, 11, 815.47, 3287129, 29
4251, 65, 35, 110, 2, 0, 42.03%, 0, 0, 11, 802.30, 3291142, 29
4256, 65, 57, 110, 2, 0, 42.03%, 0, 0, 11, 857.38, 3295144, 29
4261, 65, 6, 110, 2, 0, 42.03%, 0, 0, 11, 817.91, 3299064, 29
4266, 65, 35, 110, 2, 0, 42.03%, 0, 0, 11, 868.10, 3302990, 29
4271, 65, 42, 110, 2, 0, 42.03%, 0, 0, 11, 768.52, 3306768, 29
4276, 65, 57, 110, 2, 0, 42.03%, 0, 0, 11, 836.51, 3311134, 29
4281, 66, 20, 110, 2, 0, 42.03%, 0, 0, 11, 868.45, 3314880, 29
4286, 66, 26, 110, 2, 0, 42.03%, 0, 0, 11, 832.24, 3318303, 29
4291, 66, 19, 110, 2, 0, 42.03%, 0, 0, 11, 797.43, 3322215, 29
4297, 66, 26, 110, 2, 0, 42.03%, 0, 0, 11, 764.77, 3326075, 29
4302, 66, 38, 110, 2, 0, 42.03%, 0, 0, 11, 747.68, 3329905, 29
4307, 66, 6, 110, 2, 0, 42.03%, 0, 0, 11, 802.16, 3333926, 29
4312, 66, 57, 110, 2, 0, 42.03%, 0, 0, 11, 841.87, 3338113, 29
4317, 66, 34, 110, 2, 0, 42.03%, 0, 0, 11, 144.30, 3342020, 29
4322, 66, 38, 110, 2, 0, 42.03%, 0, 0, 11, 788.26, 3345657, 29
4327, 66, 42, 110, 2, 0, 42.03%, 0, 0, 11, 915.05, 3349427, 29
4332, 66, 42, 110, 2, 0, 42.03%, 0, 0, 11, 128.57, 3352877, 29
4337, 66, 6, 110, 2, 0, 42.03%, 0, 0, 11, 796.41, 3356755, 29
4343, 66, 26, 110, 2, 0, 42.03%, 0, 0, 11, 804.15, 3360828, 29
4348, 67, 6, 110, 2, 0, 42.03%, 0, 0, 11, 911.06, 3364868, 29
4353, 67, 39, 110, 2, 0, 42.03%, 0, 0, 11, 784.12, 3368539, 29
4358, 67, 42, 110, 2, 0, 42.03%, 0, 0, 11, 740.66, 3372377, 29
4363, 67, 42, 110, 2, 0, 42.03%, 0, 0, 11, 787.82, 3376339, 29
4368, 67, 35, 110, 2, 0, 42.03%, 0, 0, 11, 857.66, 3380134, 29
4373, 67, 42, 110, 2, 0, 42.03%, 0, 0, 11, 848.35, 3384296, 29
4378, 67, 34, 110, 2, 0, 42.03%, 0, 0, 11, 842.29, 3388343, 29
4383, 67, 6, 110, 2, 0, 42.03%, 0, 0, 11, 778.16, 3392025, 29
4388, 67, 6, 110, 2, 0, 42.03%, 0, 0, 11, 853.88, 3395990, 29
4394, 67, 6, 110, 2, 0, 42.03%, 0, 0, 11, 779.75, 3399977, 29
4399, 67, 42, 110, 2, 0, 42.03%, 0, 0, 11, 794.31, 3404063, 29
4404, 67, 6, 110, 2, 0, 42.03%, 0, 0, 11, 752.77, 3407816, 29
4409, 67, 35, 110, 2, 0, 42.03%, 0, 0, 11, 668.60, 3411130, 29
4414, 67, 35, 110, 2, 0, 42.03%, 0, 0, 11, 908.44, 3414884, 29
4419, 68, 57, 110, 2, 0, 42.03%, 0, 0, 11, 839.31, 3419089, 29
4424, 68, 61, 110, 2, 0, 42.03%, 0, 0, 11, 803.29, 3423200, 29
4429, 68, 6, 110, 2, 0, 42.03%, 0, 0, 11, 814.83, 3427437, 29
4434, 68, 34, 110, 2, 0, 42.03%, 0, 0, 11, 771.45, 3430793, 29
4439, 68, 57, 110, 2, 0, 42.03%, 0, 0, 11, 829.15, 3435066, 29
4444, 68, 35, 110, 2, 0, 42.03%, 0, 0, 11, 797.89, 3439177, 29
4450, 68, 34, 110, 2, 0, 42.03%, 0, 0, 11, 827.61, 3443415, 29
4455, 68, 42, 110, 2, 0, 42.03%, 0, 0, 11, 846.47, 3447514, 29
4460, 68, 26, 110, 2, 0, 42.03%, 0, 0, 11, 803.04, 3451492, 29
4465, 68, 39, 110, 2, 0, 42.03%, 0, 0, 11, 836.42, 3455737, 29
4470, 68, 39, 110, 2, 0, 42.03%, 0, 0, 11, 753.14, 3459522, 29
4475, 68, 57, 110, 2, 0, 42.03%, 0, 0, 11, 767.53, 3463415, 29
4480, 68, 14, 110, 2, 0, 42.03%, 0, 0, 11, 769.07, 3467355, 29
4485, 68, 42, 110, 2, 0, 42.03%, 0, 0, 11, 773.45, 3471272, 29
4490, 69, 20, 110, 2, 0, 42.03%, 0, 0, 11, 812.56, 3475518, 29
4495, 69, 35, 110, 2, 0, 42.03%, 0, 0, 11, 800.94, 3479384, 29
4500, 69, 34, 110, 2, 0, 42.03%, 0, 0, 11, 829.86, 3483619, 29
4505, 69, 34, 110, 2, 0, 42.03%, 0, 0, 11, 721.61, 3487327, 29
4511, 69, 34, 110, 2, 0, 42.03%, 0, 0, 11, 851.54, 3491129, 29
4516, 69, 26, 110, 2, 0, 42.03%, 0, 0, 11, 827.31, 3495468, 29
4521, 69, 20, 110, 2, 0, 42.03%, 0, 0, 11, 737.73, 3499424, 29
4526, 69, 42, 110, 2, 0, 42.03%, 0, 0, 11, 827.95, 3503085, 29
4531, 69, 26, 110, 2, 0, 42.03%, 0, 0, 11, 792.93, 3507047, 29
4536, 69, 42, 110, 2, 0, 42.03%, 0, 0, 11, 807.18, 3510436, 29
4541, 69, 26, 110, 2, 0, 42.03%, 0, 0, 11, 792.51, 3514417, 29
4546, 69, 38, 110, 2, 0, 42.03%, 0, 0, 11, 787.93, 3518270, 29
4551, 69, 19, 110, 2, 0, 42.03%, 0, 0, 11, 788.54, 3522337, 29
4556, 69, 26, 110, 2, 0, 42.03%, 0, 0, 11, 767.05, 3526268, 29
4562, 69, 26, 110, 2, 0, 42.03%, 0, 0, 11, 560.42, 3529967, 29
4567, 70, 19, 110, 2, 0, 42.03%, 0, 0, 11, 709.28, 3533866, 29
4572, 70, 34, 110, 2, 0, 42.03%, 0, 0, 11, 776.57, 3537837, 29
4577, 70, 42, 110, 2, 0, 42.03%, 0, 0, 11, 798.79, 3541901, 29
4582, 70, 26, 110, 2, 0, 42.03%, 0, 0, 11, 779.07, 3545718, 29
4587, 70, 38, 110, 2, 0, 42.03%, 0, 0, 11, 823.17, 3549787, 29
4592, 70, 42, 110, 2, 0, 42.03%, 0, 0, 11, 646.54, 3553545, 29
4597, 70, 42, 110, 2, 0, 42.03%, 0, 0, 11, 805.11, 3557842, 29
4602, 70, 20, 110, 2, 0, 42.03%, 0, 0, 11, 935.18, 3561956, 29
4607, 70, 42, 110, 2, 0, 42.03%, 0, 0, 11, 863.06, 3566254, 29
4613, 70, 57, 110, 2, 0, 42.03%, 0, 0, 11, 820.33, 3570287, 29
4618, 70, 34, 110, 2, 0, 42.03%, 0, 0, 11, 815.63, 3574324, 29
4623, 70, 34, 110, 2, 0, 42.03%, 0, 0, 11, 813.38, 3578327, 29
4628, 70, 20, 110, 2, 0, 42.03%, 0, 0, 11, 796.59, 3582239, 29
4633, 70, 20, 110, 2, 0, 42.03%, 0, 0, 11, 826.61, 3586143, 29
4638, 71, 39, 110, 2, 0, 42.03%, 0, 0, 11, 797.38, 3590185, 29
4643, 71, 42, 110, 2, 0, 42.03%, 0, 0, 11, 790.60, 3594137, 29
4648, 71, 39, 110, 2, 0, 42.03%, 0, 0, 11, 776.67, 3597565, 29
4653, 71, 26, 110, 2, 0, 42.03%, 0, 0, 11, 823.09, 3601813, 29
4658, 71, 57, 110, 2, 0, 42.03%, 0, 0, 11, 809.94, 3605898, 29
4664, 71, 42, 110, 2, 0, 42.03%, 0, 0, 11, 746.90, 3609402, 29
4669, 71, 42, 110, 2, 0, 42.03%, 0, 0, 11, 782.83, 3613324, 29
4674, 71, 34, 110, 2, 0, 42.03%, 0, 0, 11, 740.41, 3616772, 29
4679, 71, 38, 110, 2, 0, 42.03%, 0, 0, 11, 735.42, 3620529, 29
4684, 71, 35, 110, 2, 0, 42.03%, 0, 0, 11, 817.10, 3624408, 29
4689, 71, 19, 110, 2, 0, 42.03%, 0, 0, 11, 603.96, 3627921, 29
4694, 71, 6, 110, 2, 0, 42.03%, 0, 0, 11, 755.22, 3631902, 29
4699, 71, 38, 110, 2, 0, 42.03%, 0, 0, 11, 507.21, 3635774, 29
4704, 71, 35, 110, 2, 0, 42.03%, 0, 0, 11, 759.48, 3639916, 29
4709, 71, 20, 110, 2, 0, 42.03%, 0, 0, 11, 825.03, 3644011, 29
4714, 72, 57, 110, 2, 0, 42.03%, 0, 0, 11, 266.85, 3647874, 29
4719, 72, 35, 110, 2, 0, 42.03%, 0, 0, 11, 657.92, 3651743, 29
4724, 72, 42, 110, 2, 0, 42.03%, 0, 0, 11, 797.06, 3655962, 29
4729, 72, 39, 110, 2, 0, 42.03%, 0, 0, 11, 799.93, 3660007, 29
4735, 72, 42, 110, 2, 0, 42.03%, 0, 0, 11, 813.92, 3664068, 29
4740, 72, 34, 110, 2, 0, 42.03%, 0, 0, 11, 790.75, 3667934, 29
4745, 72, 42, 110, 2, 0, 42.03%, 0, 0, 11, 656.80, 3672092, 29
4750, 72, 34, 110, 2, 0, 42.03%, 0, 0, 11, 758.07, 3676074, 29
4755, 72, 57, 110, 2, 0, 42.03%, 0, 0, 11, 819.51, 3680247, 29
4760, 72, 19, 110, 2, 0, 42.03%, 0, 0, 11, 754.82, 3684009, 29
4765, 72, 26, 110, 2, 0, 42.03%, 0, 0, 11, 820.68, 3688095, 29
4770, 72, 42, 110, 2, 0, 42.03%, 0, 0, 11, 756.30, 3691921, 29
4775, 72, 34, 110, 2, 0, 42.03%, 0, 0, 11, 125.00, 3695650, 29
4781, 72, 42, 110, 2, 0, 42.03%, 0, 0, 11, 788.57, 3699870, 29
4786, 72, 57, 110, 2, 0, 42.03%, 0, 0, 11, 776.99, 3703863, 29
4791, 73, 34, 110, 2, 0, 42.03%, 0, 0, 11, 799.91, 3707825, 29
4796, 73, 49, 110, 2, 0, 42.03%, 0, 0, 11, 783.79, 3711802, 29
4801, 73, 42, 110, 2, 0, 42.03%, 0, 0, 11, 247.88, 3715293, 29
4806, 73, 57, 110, 2, 0, 42.03%, 0, 0, 11, 609.93, 3718969, 29
4811, 73, 6, 110, 2, 0, 42.03%, 0, 0, 11, 790.31, 3723328, 29
4816, 73, 20, 110, 2, 0, 42.03%, 0, 0, 11, 787.07, 3726889, 29
4821, 73, 14, 110, 2, 0, 42.03%, 0, 0, 11, 805.58, 3730848, 29
4826, 73, 57, 110, 2, 0, 42.03%, 0, 0, 11, 831.34, 3734675, 29
4831, 73, 42, 110, 2, 0, 42.03%, 0, 0, 11, 879.29, 3738510, 29
4836, 73, 42, 110, 2, 0, 42.03%, 0, 0, 11, 769.73, 3742501, 29
4841, 73, 19, 110, 2, 0, 42.03%, 0, 0, 11, 786.92, 3746420, 29
4847, 73, 39, 110, 2, 0, 42.03%, 0, 0, 11, 819.00, 3750058, 29
4852, 73, 19, 110, 2, 0, 42.03%, 0, 0, 11, 908.69, 3753937, 29
4857, 73, 20, 110, 2, 0, 42.03%, 0, 0, 11, 877.25, 3758243, 29
4862, 74, 42, 110, 2, 0, 42.03%, 0, 0, 11, 722.68, 3762048, 29
4867, 74, 38, 110, 2, 0, 42.03%, 0, 0, 11, 810.59, 3766180, 29
4872, 74, 6, 110, 2, 0, 42.03%, 0, 0, 11, 807.82, 3770209, 29
4877, 74, 26, 110, 2, 0, 42.03%, 0, 0, 11, 760.21, 3774055, 29
4882, 74, 42, 110, 2, 0, 42.03%, 0, 0, 11, 791.90, 3778105, 29
4887, 74, 57, 110, 2, 0, 42.03%, 0, 0, 11, 788.90, 3782124, 29
4893, 74, 42, 110, 2, 0, 42.03%, 0, 0, 11, 622.49, 3785983, 29
4898, 74, 26, 110, 2, 0, 42.03%, 0, 0, 11, 872.22, 3789815, 29
4903, 74, 19, 110, 2, 0, 42.03%, 0, 0, 11, 871.48, 3793817, 29
4908, 74, 35, 110, 2, 0, 42.03%, 0, 0, 11, 849.57, 3798065, 29
4913, 74, 42, 110, 2, 0, 42.03%, 0, 0, 11, 874.95, 3801883, 29
4918, 74, 42, 110, 2, 0, 42.03%, 0, 0, 11, 807.25, 3805752, 29
4923, 74, 42, 110, 2, 0, 42.03%, 0, 0, 11, 128.08, 3809842, 29
4928, 74, 39, 110, 2, 0, 42.03%, 0, 0, 11, 830.60, 3814123, 29
4933, 75, 35, 110, 2, 0, 42.03%, 0, 0, 11, 859.85, 3818204, 29
4938, 75, 34, 110, 2, 0, 42.03%, 0, 0, 11, 130.61, 3822128, 29
4943, 75, 26, 110, 2, 0, 42.03%, 0, 0, 11, 825.67, 3826096, 29
4948, 75, 42, 110, 2, 0, 42.03%, 0, 0, 11, 777.00, 3829934, 29
4953, 75, 57, 110, 2, 0, 42.03%, 0, 0, 11, 748.23, 3833519, 29
4959, 75, 34, 110, 2, 0, 42.03%, 0, 0, 11, 759.09, 3837604, 29
4964, 75, 38, 110, 2, 0, 42.03%, 0, 0, 11, 744.34, 3841513, 29
4969, 75, 42, 110, 2, 0, 42.03%, 0, 0, 11, 817.63, 3845718, 29
4974, 75, 26, 110, 2, 0, 42.03%, 0, 0, 11, 799.01, 3849830, 29
4979, 75, 34, 110, 2, 0, 42.03%, 0, 0, 11, 796.50, 3853579, 29
4984, 75, 20, 110, 2, 0, 42.03%, 0, 0, 11, 756.67, 3857258, 29
4989, 75, 42, 110, 2, 0, 42.03%, 0, 0, 11, 741.63, 3861031, 29
4995, 75, 34, 110, 2, 0, 42.03%, 0, 0, 11, 861.01, 3864889, 29
5000, 75, 20, 110, 2, 0, 42.03%, 0, 0, 11, 646.03, 3868851, 29
5005, 75, 39, 110, 2, 0, 42.03%, 0, 0, 11, 768.53, 3872765, 29
5010, 76, 39, 110, 2, 0, 42.03%, 0, 0, 11, 777.21, 3876752, 29
5015, 76, 42, 110, 2, 0, 42.03%, 0, 0, 11, 806.53, 3880658, 29
5020, 76, 34, 110, 2, 0, 42.03%, 0, 0, 11, 840.80, 3884266, 29
5025, 76, 42, 110, 2, 0, 42.03%, 0, 0, 11, 843.79, 3888538, 29
5030, 76, 20, 110, 2, 0, 42.03%, 0, 0, 11, 808.13, 3892627, 29
5035, 76, 35, 110, 2, 0, 42.03%, 0, 0, 11, 789.69, 3896443, 29
5040, 76, 39, 110, 2, 0, 42.03%, 0, 0, 11, 779.33, 3900428, 29
5046, 76, 38, 110, 2, 0, 42.03%, 0, 0, 11, 792.02, 3904599, 29
5051, 76, 42, 110, 2, 0, 42.03%, 0, 0, 11, 802.16, 3908624, 29
5056, 76, 39, 110, 2, 0, 42.03%, 0, 0, 11, 728.46, 3912239, 29
5061, 76, 26, 110, 2, 0, 42.03%, 0, 0, 11, 860.99, 3916053, 29
5066, 76, 26, 110, 2, 0, 42.03%, 0, 0, 11, 775.45, 3920068, 29
5071, 76, 57, 110, 2, 0, 42.03%, 0, 0, 11, 826.42, 3923665, 29
5076, 76, 26, 110, 2, 0, 42.03%, 0, 0, 11, 839.53, 3927853, 29
5081, 76, 34, 110, 2, 0, 42.03%, 0, 0, 11, 814.26, 3932130, 29
5086, 76, 6, 110, 2, 0, 42.03%, 0, 0, 11, 841.67, 3936317, 29
5091, 77, 35, 110, 2, 0, 42.03%, 0, 0, 11, 917.93, 3939773, 29
5096, 77, 19, 110, 2, 0, 42.03%, 0, 0, 11, 844.61, 3943914, 29
5102, 77, 34, 110, 2, 0, 42.03%, 0, 0, 11, 798.00, 3948111, 29
5107, 77, 39, 110, 2, 0, 42.03%, 0, 0, 11, 807.28, 3951740, 29
5112, 77, 34, 110, 2, 0, 42.03%, 0, 0, 11, 786.10, 3955352, 29
5117, 77, 42, 110, 2, 0, 42.03%, 0, 0, 11, 842.75, 3959547, 29
5122, 77, 57, 110, 2, 0, 42.03%, 0, 0, 11, 819.60, 3963685, 29
5127, 77, 34, 110, 2, 0, 42.03%, 0, 0, 11, 816.66, 3967549, 29
5132, 77, 42, 110, 2, 0, 42.03%, 0, 0, 11, 835.34, 3971804, 29
5137, 77, 57, 110, 2, 0, 42.03%, 0, 0, 11, 829.45, 3975867, 29
5142, 77, 35, 110, 2, 0, 42.03%, 0, 0, 11, 455.08, 3979959, 29
5148, 77, 20, 110, 2, 0, 42.03%, 0, 0, 11, 912.95, 3984091, 29
5153, 77, 20, 110, 2, 0, 42.03%, 0, 0, 11, 846.71, 3988243, 29
5158, 77, 39, 110, 2, 0, 42.03%, 0, 0, 11, 792.16, 3992135, 29
5163, 78, 57, 110, 2, 0, 42.03%, 0, 0, 11, 791.14, 3996194, 29
5168, 78, 42, 110, 2, 0, 42.03%, 0, 0, 11, 803.06, 4000168, 29
5173, 78, 42, 110, 2, 0, 42.03%, 0, 0, 11, 776.87, 4003979, 29
5178, 78, 42, 110, 2, 0, 42.03%, 0, 0, 11, 304.76, 4007822, 29
5183, 78, 38, 110, 2, 0, 42.03%, 0, 0, 11, 659.57, 4011576, 29
5188, 78, 42, 110, 2, 0, 42.03%, 0, 0, 11, 753.39, 4015776, 29
5194, 78, 26, 110, 2, 0, 42.03%, 0, 0, 11, 762.13, 4019855, 29
5199, 78, 35, 110, 2, 0, 42.03%, 0, 0, 11, 778.87, 4023416, 29
5204, 78, 34, 110, 2, 0, 42.03%, 0, 0, 11, 774.11, 4027427, 29
5209, 78, 42, 110, 2, 0, 42.03%, 0, 0, 11, 812.28, 4031676, 29
5214, 78, 57, 110, 2, 0, 42.03%, 0, 0, 11, 857.18, 4035862, 29
5219, 78, 31, 110, 2, 0, 42.03%, 0, 0, 11, 736.20, 4039414, 29
5224, 78, 42, 110, 2, 0, 42.03%, 0, 0, 11, 767.29, 4043344, 29
5229, 78, 42, 110, 2, 0, 42.03%, 0, 0, 11, 824.64, 4046826, 29
5235, 78, 34, 110, 2, 0, 42.03%, 0, 0, 11, 776.00, 4050757, 29
5240, 78, 38, 110, 2, 0, 42.03%, 0, 0, 11, 814.34, 4054833, 29
5245, 79, 42, 110, 2, 0, 42.03%, 0, 0, 11, 859.91, 4058333, 29
5250, 79, 57, 110, 2, 0, 42.03%, 0, 0, 11, 792.11, 4062210, 29
5255, 79, 20, 110, 2, 0, 42.03%, 0, 0, 11, 803.53, 4066424, 29
5260, 79, 39, 110, 2, 0, 42.03%, 0, 0, 11, 813.57, 4070354, 29
5265, 79, 13, 110, 2, 0, 42.03%, 0, 0, 11, 788.62, 4074346, 29
5270, 79, 26, 110, 2, 0, 42.03%, 0, 0, 11, 854.09, 4078059, 29
5275, 79, 38, 110, 2, 0, 42.03%, 0, 0, 11, 855.25, 4082061, 29
5281, 79, 42, 110, 2, 0, 42.03%, 0, 0, 11, 131.71, 4085630, 29
5286, 79, 19, 110, 2, 0, 42.03%, 0, 0, 11, 850.60, 4089572, 29
5291, 79, 6, 110, 2, 0, 42.03%, 0, 0, 11, 800.28, 4093491, 29
5296, 79, 57, 110, 2, 0, 42.03%, 0, 0, 11, 135.00, 4097376, 29
5301, 79, 42, 110, 2, 0, 42.03%, 0, 0, 11, 601.15, 4100917, 29
5306, 79, 42, 110, 2, 0, 42.03%, 0, 0, 11, 496.98, 4104835, 29
5311, 79, 39, 110, 2, 0, 42.03%, 0, 0, 11, 766.78, 4109140, 29
5316, 79, 19, 110, 2, 0, 42.03%, 0, 0, 11, 820.91, 4112679, 29
5321, 79, 6, 110, 2, 0, 42.03%, 0, 0, 11, 833.80, 4116876, 29
5326, 80, 35, 110, 2, 0, 42.03%, 0, 0, 11, 404.19, 4120216, 29
5331, 80, 38, 110, 2, 0, 42.03%, 0, 0, 11, 766.13, 4124155, 29
5336, 80, 39, 110, 2, 0, 42.03%, 0, 0, 11, 821.81, 4128308, 29
5341, 80, 19, 110, 2, 0, 42.03%, 0, 0, 11, 774.90, 4132136, 29
5347, 80, 19, 110, 2, 0, 42.03%, 0, 0, 11, 707.07, 4135714, 29
5352, 80, 42, 110, 2, 0, 42.03%, 0, 0, 11, 664.92, 4139110, 29
5357, 80, 42, 110, 2, 0, 42.03%, 0, 0, 11, 749.03, 4142680, 29
5362, 80, 42, 110, 2, 0, 42.03%, 0, 0, 11, 738.78, 4146496, 29
5367, 80, 42, 110, 2, 0, 42.03%, 0, 0, 11, 741.55, 4150247, 29
5372, 80, 35, 110, 2, 0, 42.03%, 0, 0, 11, 552.46, 4153517, 29
5377, 80, 26, 110, 2, 0, 42.03%, 0, 0, 11, 659.80, 4157027, 29
5382, 80, 42, 110, 2, 0, 42.03%, 0, 0, 11, 699.15, 4160717, 29
5387, 80, 26, 110, 2, 0, 42.03%, 0, 0, 11, 700.75, 4164277, 29
5392, 80, 42, 110, 2, 0, 42.03%, 0, 0, 11, 700.60, 4167803, 29
5398, 80, 34, 110, 2, 0, 42.03%, 0, 0, 11, 723.13, 4171530, 29
5403, 80, 34, 110, 2, 0, 42.03%, 0, 0, 11, 709.89, 4174895, 29
5408, 80, 39, 110, 2, 0, 42.03%, 0, 0, 11, 735.21, 4178633, 29
5413, 81, 57, 110, 2, 0, 42.03%, 0, 0, 11, 720.26, 4181998, 29
5418, 81, 39, 110, 2, 0, 42.03%, 0, 0, 11, 729.95, 4185690, 29
5423, 81, 39, 110, 2, 0, 42.03%, 0, 0, 11, 747.40, 4189322, 29
5428, 81, 39, 110, 2, 0, 42.03%, 0, 0, 11, 741.55, 4192939, 29
5433, 81, 19, 110, 2, 0, 42.03%, 0, 0, 11, 239.33, 4196211, 29
5438, 81, 35, 110, 2, 0, 42.03%, 0, 0, 11, 573.25, 4199688, 29
5443, 81, 19, 110, 2, 0, 42.03%, 0, 0, 11, 663.22, 4203287, 29
5448, 81, 42, 110, 2, 0, 42.03%, 0, 0, 11, 734.71, 4207176, 29
5454, 81, 57, 110, 2, 0, 42.03%, 0, 0, 11, 696.68, 4210554, 29
5459, 81, 39, 110, 2, 0, 42.03%, 0, 0, 11, 700.79, 4214146, 29
5464, 81, 42, 110, 2, 0, 42.03%, 0, 0, 11, 746.59, 4217524, 29
5469, 81, 38, 110, 2, 0, 42.03%, 0, 0, 11, 759.86, 4221142, 29
5474, 81, 39, 110, 2, 0, 42.03%, 0, 0, 11, 697.95, 4224704, 29
5479, 81, 20, 110, 2, 0, 42.03%, 0, 0, 11, 777.81, 4228385, 29
5484, 82, 26, 110, 2, 0, 42.03%, 0, 0, 11, 724.73, 4232108, 29
5489, 82, 42, 110, 2, 0, 42.03%, 0, 0, 11, 750.03, 4235835, 29
5494, 82, 39, 110, 2, 0, 42.03%, 0, 0, 11, 747.96, 4239442, 29
5499, 82, 19, 110, 2, 0, 42.03%, 0, 0, 11, 758.94, 4243295, 29
5505, 82, 42, 110, 2, 0, 42.03%, 0, 0, 11, 786.82, 4246788, 29
5510, 82, 35, 110, 2, 0, 42.03%, 0, 0, 11, 746.75, 4250509, 29
5515, 82, 20, 110, 2, 0, 42.03%, 0, 0, 11, 745.47, 4254226, 29
5520, 82, 34, 110, 2, 0, 42.03%, 0, 0, 11, 689.16, 4257614, 29
5525, 82, 14, 110, 2, 0, 42.03%, 0, 0, 11, 714.56, 4261266, 29
5530, 82, 42, 110, 2, 0, 42.03%, 0, 0, 11, 703.94, 4264914, 29
5535, 82, 42, 110, 2, 0, 42.03%, 0, 0, 11, 737.34, 4268667, 29
5540, 82, 6, 110, 2, 0, 42.03%, 0, 0, 11, 276.41, 4272103, 29
5545, 82, 6, 110, 2, 0, 42.03%, 0, 0, 11, 646.72, 4275900, 29
5550, 82, 42, 110, 2, 0, 42.03%, 0, 0, 11, 723.47, 4279628, 29
5555, 83, 57, 110, 2, 0, 42.03%, 0, 0, 11, 798.22, 4283286, 29
5560, 83, 26, 110, 2, 0, 42.03%, 0, 0, 11, 723.29, 4286876, 29
5565, 83, 6, 110, 2, 0, 42.03%, 0, 0, 11, 160.40, 4290468, 29
5570, 83, 35, 110, 2, 0, 42.03%, 0, 0, 11, 584.54, 4294013, 29
5576, 83, 6, 110, 2, 0, 42.03%, 0, 0, 11, 656.49, 4297553, 29
5581, 83, 35, 110, 2, 0, 42.03%, 0, 0, 11, 743.78, 4301508, 29
5586, 83, 35, 110, 2, 0, 42.03%, 0, 0, 11, 728.09, 4305196, 29
5591, 83, 20, 110, 2, 0, 42.03%, 0, 0, 11, 695.75, 4308569, 29
5596, 83, 39, 110, 2, 0, 42.03%, 0, 0, 11, 739.07, 4312056, 29
5601, 83, 6, 110, 2, 0, 42.03%, 0, 0, 11, 735.79, 4315706, 29
5606, 83, 39, 110, 2, 0, 42.03%, 0, 0, 11, 739.44, 4319410, 29
5611, 83, 42, 110, 2, 0, 42.03%, 0, 0, 11, 688.94, 4322722, 29
5616, 83, 6, 110, 2, 0, 42.03%, 0, 0, 11, 745.47, 4326591, 29
5621, 83, 57, 110, 2, 0, 42.03%, 0, 0, 11, 729.71, 4330231, 29
5626, 84, 35, 110, 2, 0, 42.03%, 0, 0, 11, 696.03, 4333602, 29
5631, 84, 20, 110, 2, 0, 42.03%, 0, 0, 11, 664.01, 4336981, 29
5636, 84, 20, 110, 2, 0, 42.03%, 0, 0, 11, 717.06, 4340574, 29
5641, 84, 42, 110, 2, 0, 42.03%, 0, 0, 11, 682.38, 4343878, 29
5646, 84, 34, 110, 2, 0, 42.03%, 0, 0, 11, 749.40, 4347446, 29
5651, 84, 6, 110, 2, 0, 42.03%, 0, 0, 11, 769.91, 4351042, 29
5657, 84, 20, 110, 2, 0, 42.03%, 0, 0, 11, 756.02, 4354586, 29
5662, 84, 38, 110, 2, 0, 42.03%, 0, 0, 11, 756.39, 4358458, 29
5667, 84, 42, 110, 2, 0, 42.03%, 0, 0, 11, 651.83, 4361907, 29
5672, 84, 34, 110, 2, 0, 42.03%, 0, 0, 11, 634.30, 4365029, 29
5677, 84, 42, 110, 2, 0, 42.03%, 0, 0, 11, 721.70, 4368823, 29
5682, 84, 108, 110, 2, 0, 42.03%, 0, 0, 11, 151.35, 4369903, 29
5687, 84, 108, 110, 2, 0, 42.03%, 0, 0, 11, 139.16, 4370612, 29
5692, 84, 6, 110, 1, 0, 42.03%, 0, 0, 11, 670.38, 4373586, 29
5697, 84, 35, 110, 1, 0, 42.03%, 0, 0, 11, 732.45, 4377433, 29
5702, 84, 42, 110, 1, 0, 42.03%, 0, 0, 11, 751.47, 4381245, 29
5707, 84, 42, 110, 1, 0, 42.03%, 0, 0, 11, 697.47, 4384781, 29
5713, 84, 42, 110, 1, 0, 42.03%, 0, 0, 11, 720.91, 4388198, 29
5718, 85, 38, 110, 1, 0, 42.03%, 0, 0, 11, 500.52, 4391734, 29
5723, 85, 20, 110, 1, 0, 42.03%, 0, 0, 11, 685.27, 4395528, 29
5728, 85, 6, 110, 1, 0, 42.03%, 0, 0, 11, 725.03, 4399011, 29
5733, 85, 42, 110, 1, 0, 42.03%, 0, 0, 11, 682.30, 4402288, 29
5738, 85, 14, 110, 1, 0, 42.03%, 0, 0, 11, 746.86, 4405745, 29
5743, 85, 6, 110, 1, 0, 42.03%, 0, 0, 11, 704.57, 4409054, 29
5748, 85, 20, 110, 1, 0, 42.03%, 0, 0, 11, 710.61, 4412616, 29
5753, 85, 6, 110, 1, 0, 42.03%, 0, 0, 11, 723.05, 4416277, 29
5758, 85, 42, 110, 1, 0, 42.03%, 0, 0, 11, 730.70, 4419994, 29
5764, 85, 39, 110, 1, 0, 42.03%, 0, 0, 11, 667.33, 4423372, 29
5769, 85, 19, 110, 1, 0, 42.03%, 0, 0, 11, 643.63, 4426660, 29
5774, 85, 34, 110, 1, 0, 42.03%, 0, 0, 11, 704.28, 4430235, 29
5779, 85, 6, 110, 1, 0, 42.03%, 0, 0, 11, 478.77, 4433308, 29
5784, 85, 34, 110, 1, 0, 42.03%, 0, 0, 11, 620.42, 4436586, 29
5789, 85, 26, 110, 1, 0, 42.03%, 0, 0, 11, 692.24, 4440171, 29
5794, 85, 38, 110, 1, 0, 42.03%, 0, 0, 11, 718.99, 4443738, 29
5799, 85, 42, 110, 1, 0, 42.03%, 0, 0, 11, 725.35, 4447452, 29
5804, 86, 38, 110, 1, 0, 42.03%, 0, 0, 11, 748.30, 4450948, 29
5809, 86, 35, 110, 1, 0, 42.03%, 0, 0, 11, 739.37, 4454670, 29
5814, 86, 35, 110, 1, 0, 42.03%, 0, 0, 11, 738.53, 4458361, 29
5819, 86, 39, 110, 1, 0, 42.03%, 0, 0, 11, 748.86, 4462058, 29
5824, 86, 34, 110, 1, 0, 42.03%, 0, 0, 11, 699.23, 4465147, 29
5829, 86, 26, 110, 1, 0, 42.03%, 0, 0, 11, 697.07, 4468479, 29
5834, 86, 19, 110, 1, 0, 42.03%, 0, 0, 11, 407.53, 4471828, 29
5840, 86, 39, 110, 1, 0, 42.03%, 0, 0, 11, 631.42, 4475273, 29
5845, 86, 35, 110, 1, 0, 42.03%, 0, 0, 11, 524.31, 4478821, 29
5850, 86, 42, 110, 1, 0, 42.03%, 0, 0, 11, 645.82, 4482249, 29
5855, 86, 57, 110, 1, 0, 42.03%, 0, 0, 11, 660.87, 4485676, 29
5860, 86, 6, 110, 1, 0, 42.03%, 0, 0, 11, 678.56, 4489216, 29
5865, 86, 39, 110, 1, 0, 42.03%, 0, 0, 11, 646.13, 4492648, 29
5870, 86, 26, 110, 1, 0, 42.03%, 0, 0, 11, 705.47, 4496329, 29
5875, 86, 20, 110, 1, 0, 42.03%, 0, 0, 11, 690.60, 4499735, 29
5881, 86, 57, 110, 1, 0, 42.03%, 0, 0, 11, 738.43, 4503549, 29
5886, 87, 57, 110, 1, 0, 42.03%, 0, 0, 11, 680.00, 4506701, 29
5891, 87, 6, 110, 1, 0, 42.03%, 0, 0, 11, 718.26, 4510391, 29
5896, 87, 109, 110, 1, 0, 42.03%, 0, 0, 11, 477.20, 4512843, 29
5901, 87, 109, 110, 1, 0, 42.03%, 0, 0, 11, 353.45, 4514499, 29
5906, 87, 19, 110, 0, 0, 42.03%, 0, 0, 11, 664.53, 4518321, 29
5911, 87, 39, 110, 0, 0, 42.03%, 0, 0, 11, 132.42, 4521906, 29
5917, 87, 14, 110, 0, 0, 42.03%, 0, 0, 11, 597.28, 4525409, 29
5922, 87, 6, 110, 0, 0, 42.03%, 0, 0, 11, 690.97, 4529069, 29
5927, 87, 39, 110, 0, 0, 42.03%, 0, 0, 11, 687.31, 4532527, 29
5932, 87, 42, 110, 0, 0, 42.03%, 0, 0, 11, 157.94, 4535878, 29
5937, 87, 42, 110, 0, 0, 42.03%, 0, 0, 11, 515.07, 4539031, 29
5942, 87, 35, 110, 0, 0, 42.03%, 0, 0, 11, 698.73, 4542658, 29
5947, 87, 34, 110, 0, 0, 42.03%, 0, 0, 11, 714.71, 4546376, 29
5952, 87, 42, 110, 0, 0, 42.03%, 0, 0, 11, 745.16, 4550174, 29
5957, 87, 26, 110, 0, 0, 42.03%, 0, 0, 11, 756.80, 4553667, 29
5962, 87, 42, 110, 0, 0, 42.03%, 0, 0, 11, 744.66, 4557357, 29
5968, 88, 57, 110, 0, 0, 42.03%, 0, 0, 11, 728.66, 4561163, 29
5973, 88, 26, 110, 0, 0, 42.03%, 0, 0, 11, 718.15, 4564732, 29
5978, 88, 6, 110, 0, 0, 42.03%, 0, 0, 11, 702.90, 4568202, 29
5983, 88, 57, 110, 0, 0, 42.03%, 0, 0, 11, 705.31, 4571760, 29
5988, 88, 35, 110, 0, 0, 42.03%, 0, 0, 11, 492.42, 4575134, 29
5993, 88, 14, 110, 0, 0, 42.03%, 0, 0, 11, 674.75, 4578560, 29
5998, 88, 6, 110, 0, 0, 42.03%, 0, 0, 11, 712.48, 4582194, 29
6003, 88, 42, 110, 0, 0, 42.03%, 0, 0, 11, 331.01, 4585644, 29
6008, 88, 19, 110, 0, 0, 42.03%, 0, 0, 11, 652.26, 4589406, 29
6013, 88, 35, 110, 0, 0, 42.03%, 0, 0, 11, 624.59, 4592572, 29
6018, 88, 35, 110, 0, 0, 42.03%, 0, 0, 11, 658.92, 4595983, 29
6024, 88, 57, 110, 0, 0, 42.03%, 0, 0, 11, 723.24, 4599784, 29
6029, 88, 42, 110, 0, 0, 42.03%, 0, 0, 11, 701.53, 4603300, 29
6034, 88, 57, 110, 0, 0, 42.03%, 0, 0, 11, 680.69, 4606640, 29
6039, 89, 34, 110, 0, 0, 42.03%, 0, 0, 11, 278.69, 4609982, 29
6044, 89, 39, 110, 0, 0, 42.03%, 0, 0, 11, 597.54, 4613580, 29
6049, 89, 39, 110, 0, 0, 42.03%, 0, 0, 11, 775.31, 4617163, 29
6054, 89, 35, 110, 0, 0, 42.03%, 0, 0, 11, 725.91, 4620688, 29
6059, 89, 57, 110, 0, 0, 42.03%, 0, 0, 11, 686.84, 4624282, 29
6064, 89, 42, 110, 0, 0, 42.03%, 0, 0, 11, 714.23, 4627914, 29
6069, 89, 38, 110, 0, 0, 42.03%, 0, 0, 11, 716.22, 4631477, 29
6074, 89, 42, 110, 0, 0, 42.03%, 0, 0, 11, 705.38, 4634816, 29
6079, 89, 14, 110, 0, 0, 42.03%, 0, 0, 11, 642.26, 4638164, 29
6085, 89, 42, 110, 0, 0, 42.03%, 0, 0, 11, 704.17, 4641997, 29
6090, 89, 26, 110, 0, 0, 42.03%, 0, 0, 11, 731.74, 4645706, 29
6092, 89, 57, 110, 0, 0, 42.03%, 1, 0, 11, 0.00, 4647298, 29
