# relative_time, cycles_done, cur_item, corpus_count, pending_total, pending_favs, map_size, saved_crashes, saved_hangs, max_depth, execs_per_sec, total_execs, edges_found
62, 0, 1, 13, 11, 0, 24.64%, 0, 0, 3, 0.52, 2138, 17
93, 0, 1, 15, 13, 0, 26.09%, 0, 0, 3, 1.29, 2942, 18
98, 0, 1, 16, 14, 0, 26.09%, 0, 0, 3, 188.81, 3923, 18
121, 0, 1, 20, 18, 0, 28.99%, 0, 0, 3, 0.69, 4228, 20
126, 0, 12, 24, 18, 1, 34.78%, 0, 0, 4, 186.78, 5212, 24
151, 0, 12, 24, 18, 1, 34.78%, 0, 0, 4, 0.98, 5236, 24
156, 0, 1, 25, 17, 0, 34.78%, 0, 0, 4, 179.21, 6180, 24
177, 0, 21, 26, 18, 0, 34.78%, 0, 0, 4, 0.29, 6265, 24
182, 0, 21, 28, 20, 0, 34.78%, 0, 0, 5, 181.58, 7196, 24
203, 0, 21, 28, 20, 0, 34.78%, 0, 0, 5, 1.26, 7381, 24
208, 0, 23, 30, 22, 0, 34.78%, 0, 0, 5, 192.69, 8342, 24
230, 0, 23, 31, 23, 0, 34.78%, 0, 0, 5, 0.74, 8597, 24
235, 0, 31, 33, 24, 0, 36.23%, 0, 0, 5, 186.06, 9567, 25
259, 0, 31, 33, 24, 0, 36.23%, 0, 0, 5, 1.44, 9723, 25
264, 0, 1, 35, 25, 0, 37.68%, 0, 0, 5, 186.96, 10706, 26
286, 0, 18, 36, 26, 0, 37.68%, 0, 0, 5, 1.10, 11080, 26
291, 0, 31, 40, 29, 0, 39.13%, 0, 0, 5, 185.42, 12044, 27
306, 0, 39, 42, 31, 0, 39.13%, 0, 0, 5, 1.35, 12466, 27
320, 0, 39, 42, 31, 0, 39.13%, 0, 0, 5, 0.15, 12468, 27
325, 0, 39, 45, 34, 0, 39.13%, 0, 0, 5, 191.37, 13486, 27
351, 0, 39, 45, 34, 0, 39.13%, 0, 0, 5, 0.25, 13930, 27
356, 0, 39, 45, 34, 0, 39.13%, 0, 0, 5, 179.20, 14878, 27
382, 0, 39, 46, 35, 0, 39.13%, 0, 0, 5, 0.13, 15242, 27
387, 0, 39, 46, 35, 0, 39.13%, 0, 0, 5, 188.18, 16209, 27
400, 0, 1, 48, 37, 0, 39.13%, 0, 0, 5, 2.16, 16563, 27
409, 0, 1, 48, 37, 0, 39.13%, 0, 0, 5, 2.07, 16773, 27
419, 0, 1, 48, 37, 0, 39.13%, 0, 0, 5, 0.28, 16776, 27
425, 0, 39, 49, 38, 0, 39.13%, 0, 0, 5, 190.18, 17774, 27
445, 0, 1, 49, 38, 0, 39.13%, 0, 0, 5, 0.32, 18101, 27
450, 0, 13, 49, 38, 0, 39.13%, 0, 0, 5, 24.00, 19034, 27
471, 0, 34, 49, 38, 0, 39.13%, 0, 0, 5, 1.62, 19376, 27
476, 0, 12, 49, 38, 0, 39.13%, 0, 0, 5, 187.09, 20319, 27
488, 0, 12, 49, 38, 0, 39.13%, 0, 0, 5, 2.09, 20463, 27
505, 0, 1, 50, 39, 0, 39.13%, 0, 0, 5, 2.58, 21299, 27
510, 0, 1, 50, 38, 0, 39.13%, 0, 0, 5, 187.57, 22300, 27
526, 0, 34, 50, 38, 0, 39.13%, 0, 0, 5, 2.42, 22723, 27
531, 0, 1, 50, 38, 0, 39.13%, 0, 0, 5, 184.20, 23671, 27
540, 0, 31, 50, 38, 0, 39.13%, 0, 0, 5, 6.19, 24183, 27
548, 0, 31, 50, 38, 0, 39.13%, 0, 0, 5, 0.13, 24184, 27
553, 1, 12, 51, 39, 0, 39.13%, 0, 0, 5, 192.19, 25136, 27
562, 1, 49, 51, 39, 0, 39.13%, 0, 0, 5, 2.14, 25588, 27
576, 1, 34, 51, 38, 0, 39.13%, 0, 0, 5, 1.56, 26378, 27
581, 1, 1, 51, 38, 0, 39.13%, 0, 0, 5, 201.97, 27334, 27
589, 1, 13, 51, 38, 0, 39.13%, 0, 0, 5, 6.68, 27851, 27
601, 1, 1, 51, 38, 0, 39.13%, 0, 0, 5, 2.71, 28781, 27
606, 1, 1, 52, 39, 0, 39.13%, 0, 0, 5, 189.70, 29730, 27
613, 1, 21, 54, 41, 0, 39.13%, 0, 0, 5, 4.73, 30243, 27
618, 1, 18, 55, 42, 0, 39.13%, 0, 0, 5, 191.12, 31168, 27
629, 1, 47, 55, 42, 0, 39.13%, 0, 0, 5, 2.07, 31853, 27
634, 1, 1, 56, 41, 0, 39.13%, 0, 0, 5, 197.26, 32866, 27
649, 1, 34, 56, 41, 0, 39.13%, 0, 0, 5, 1.14, 33604, 27
654, 1, 34, 56, 40, 0, 39.13%, 0, 0, 5, 197.54, 34634, 27
660, 1, 1, 56, 40, 0, 39.13%, 0, 0, 5, 3.01, 35402, 27
665, 1, 1, 58, 41, 0, 39.13%, 0, 0, 5, 192.00, 36370, 27
673, 1, 47, 58, 41, 0, 39.13%, 0, 0, 5, 3.24, 36838, 27
678, 1, 13, 59, 42, 0, 39.13%, 0, 0, 5, 190.34, 37787, 27
683, 1, 18, 60, 42, 0, 40.58%, 0, 0, 5, 188.84, 38746, 28
688, 1, 34, 61, 42, 0, 40.58%, 0, 0, 5, 195.74, 39751, 28
694, 1, 59, 61, 42, 0, 40.58%, 0, 0, 5, 1.16, 40315, 28
699, 1, 59, 61, 42, 0, 40.58%, 0, 0, 5, 197.54, 41260, 28
704, 1, 56, 61, 42, 0, 40.58%, 0, 0, 5, 189.30, 41905, 28
709, 2, 18, 64, 43, 0, 40.58%, 0, 0, 5, 192.17, 42873, 28
714, 2, 59, 64, 43, 0, 40.58%, 0, 0, 5, 196.46, 43844, 28
719, 2, 1, 66, 45, 0, 40.58%, 0, 0, 5, 189.67, 44804, 28
724, 2, 1, 67, 45, 0, 40.58%, 0, 0, 5, 194.34, 45769, 28
733, 2, 1, 69, 47, 0, 40.58%, 0, 0, 5, 3.76, 46668, 28
739, 2, 29, 69, 46, 0, 40.58%, 0, 0, 5, 190.20, 47610, 28
744, 2, 36, 69, 45, 0, 40.58%, 0, 0, 5, 189.76, 48536, 28
749, 2, 21, 69, 44, 0, 40.58%, 0, 0, 5, 190.47, 49463, 28
754, 2, 34, 70, 45, 0, 40.58%, 0, 0, 5, 181.54, 50376, 28
760, 2, 13, 71, 46, 0, 40.58%, 0, 0, 5, 7.79, 51100, 28
765, 2, 1, 72, 47, 0, 40.58%, 0, 0, 5, 195.35, 52047, 28
770, 2, 34, 73, 48, 0, 40.58%, 0, 0, 5, 6.36, 52891, 28
775, 2, 1, 74, 49, 0, 40.58%, 0, 0, 5, 188.86, 53882, 28
781, 2, 40, 75, 50, 0, 40.58%, 0, 0, 5, 180.80, 54830, 28
787, 2, 13, 75, 49, 0, 40.58%, 0, 0, 5, 10.38, 55566, 28
792, 2, 36, 76, 50, 0, 40.58%, 0, 0, 5, 192.97, 56528, 28
797, 2, 1, 76, 50, 0, 40.58%, 0, 0, 5, 190.42, 57520, 28
802, 2, 36, 76, 50, 0, 40.58%, 0, 0, 5, 188.35, 58470, 28
807, 2, 5, 76, 50, 0, 40.58%, 0, 0, 5, 183.81, 59403, 28
814, 2, 1, 76, 49, 0, 40.58%, 0, 0, 5, 1.17, 60025, 28
820, 2, 74, 76, 48, 0, 40.58%, 0, 0, 5, 192.71, 61024, 28
825, 2, 59, 77, 48, 0, 40.58%, 0, 0, 5, 184.37, 61946, 28
830, 2, 18, 77, 48, 0, 40.58%, 0, 0, 5, 200.89, 62912, 28
835, 2, 1, 78, 49, 0, 40.58%, 0, 0, 5, 197.42, 63906, 28
840, 2, 68, 79, 50, 0, 40.58%, 0, 0, 5, 162.50, 64711, 28
845, 2, 12, 79, 49, 0, 40.58%, 0, 0, 5, 147.87, 65382, 28
850, 2, 59, 81, 51, 0, 40.58%, 0, 0, 5, 130.62, 66040, 28
855, 3, 21, 81, 51, 0, 40.58%, 0, 0, 5, 173.26, 67006, 28
861, 3, 1, 81, 50, 0, 40.58%, 0, 0, 5, 180.17, 67934, 28
866, 3, 18, 81, 50, 0, 40.58%, 0, 0, 5, 168.06, 68838, 28
871, 3, 77, 81, 50, 0, 40.58%, 0, 0, 5, 167.18, 69687, 28
876, 3, 1, 82, 50, 0, 40.58%, 0, 0, 6, 181.88, 70666, 28
881, 3, 1, 82, 50, 0, 40.58%, 0, 0, 6, 133.16, 71356, 28
886, 3, 12, 84, 52, 0, 40.58%, 0, 0, 6, 104.92, 71849, 28
891, 3, 78, 84, 52, 0, 40.58%, 0, 0, 6, 98.16, 72337, 28
896, 3, 78, 84, 52, 0, 40.58%, 0, 0, 6, 136.78, 73017, 28
901, 3, 78, 84, 52, 0, 40.58%, 0, 0, 6, 167.23, 73891, 28
906, 3, 12, 84, 50, 0, 40.58%, 0, 0, 6, 175.22, 74788, 28
912, 3, 1, 85, 50, 0, 40.58%, 0, 0, 6, 182.85, 75757, 28
917, 3, 1, 85, 50, 0, 40.58%, 0, 0, 6, 103.76, 76182, 28
922, 3, 34, 85, 50, 0, 40.58%, 0, 0, 6, 80.04, 76551, 28
927, 3, 36, 85, 50, 0, 40.58%, 0, 0, 6, 88.60, 76989, 28
932, 3, 18, 85, 50, 0, 40.58%, 0, 0, 6, 82.83, 77393, 28
937, 3, 21, 85, 50, 0, 40.58%, 0, 0, 6, 83.37, 77808, 28
942, 3, 13, 85, 50, 0, 40.58%, 0, 0, 6, 146.55, 78627, 28
947, 3, 40, 85, 50, 0, 40.58%, 0, 0, 6, 182.49, 79604, 28
952, 3, 36, 86, 51, 0, 40.58%, 0, 0, 6, 186.21, 80598, 28
958, 3, 1, 86, 51, 0, 40.58%, 0, 0, 6, 185.80, 81539, 28
963, 3, 34, 87, 52, 0, 40.58%, 0, 0, 6, 185.86, 82479, 28
968, 3, 36, 87, 52, 0, 40.58%, 0, 0, 6, 186.26, 83448, 28
973, 3, 40, 87, 51, 0, 40.58%, 0, 0, 6, 183.18, 84370, 28
978, 3, 22, 88, 52, 0, 40.58%, 0, 0, 6, 175.78, 85254, 28
983, 3, 1, 89, 51, 0, 40.58%, 0, 0, 6, 182.83, 86179, 28
988, 3, 1, 90, 52, 0, 40.58%, 0, 0, 6, 185.83, 87113, 28
993, 3, 13, 90, 51, 0, 40.58%, 0, 0, 6, 184.21, 88059, 28
998, 3, 82, 90, 51, 0, 40.58%, 0, 0, 6, 177.11, 88978, 28
1003, 3, 82, 90, 51, 0, 40.58%, 0, 0, 6, 171.69, 89794, 28
1009, 3, 36, 90, 50, 0, 40.58%, 0, 0, 6, 188.21, 90773, 28
1014, 3, 1, 90, 50, 0, 40.58%, 0, 0, 6, 186.23, 91711, 28
1019, 3, 1, 90, 50, 0, 40.58%, 0, 0, 6, 189.35, 92650, 28
1024, 3, 1, 90, 50, 0, 40.58%, 0, 0, 6, 187.55, 93622, 28
1029, 3, 18, 90, 50, 0, 40.58%, 0, 0, 6, 184.73, 94549, 28
1034, 4, 21, 90, 50, 0, 40.58%, 0, 0, 6, 194.60, 95550, 28
1039, 4, 1, 90, 49, 0, 40.58%, 0, 0, 6, 190.59, 96501, 28
1044, 4, 18, 90, 49, 0, 40.58%, 0, 0, 6, 191.66, 97480, 28
1049, 4, 1, 90, 48, 0, 40.58%, 0, 0, 6, 191.74, 98422, 28
1054, 4, 13, 90, 48, 0, 40.58%, 0, 0, 6, 185.40, 99325, 28
1059, 4, 79, 90, 48, 0, 40.58%, 0, 0, 6, 189.65, 100307, 28
1065, 4, 21, 90, 47, 0, 40.58%, 0, 0, 6, 188.30, 101281, 28
1070, 4, 12, 90, 47, 0, 40.58%, 0, 0, 6, 188.60, 102213, 28
1075, 4, 12, 90, 47, 0, 40.58%, 0, 0, 6, 192.41, 103176, 28
1080, 4, 18, 90, 47, 0, 40.58%, 0, 0, 6, 190.87, 104163, 28
1085, 4, 40, 90, 47, 0, 40.58%, 0, 0, 6, 192.78, 105110, 28
1090, 4, 90, 91, 48, 1, 42.03%, 0, 0, 6, 181.31, 106009, 29
1095, 4, 90, 91, 48, 1, 42.03%, 0, 0, 6, 176.09, 106906, 29
1100, 4, 90, 93, 49, 0, 42.03%, 0, 0, 6, 174.82, 107778, 29
1105, 4, 90, 94, 50, 0, 42.03%, 0, 0, 6, 170.15, 108637, 29
1111, 4, 90, 94, 50, 0, 42.03%, 0, 0, 6, 26.55, 109429, 29
1116, 4, 90, 94, 50, 0, 42.03%, 0, 0, 6, 173.52, 110311, 29
1121, 4, 90, 94, 50, 0, 42.03%, 0, 0, 6, 173.52, 111181, 29
1126, 4, 90, 94, 50, 0, 42.03%, 0, 0, 6, 166.54, 112018, 29
1131, 4, 90, 94, 50, 0, 42.03%, 0, 0, 6, 161.85, 112819, 29
1136, 4, 90, 94, 50, 0, 42.03%, 0, 0, 6, 187.27, 113773, 29
1141, 4, 90, 94, 50, 0, 42.03%, 0, 0, 6, 189.78, 114742, 29
1146, 4, 90, 94, 50, 0, 42.03%, 0, 0, 6, 191.66, 115696, 29
1151, 4, 90, 94, 50, 0, 42.03%, 0, 0, 6, 189.14, 116659, 29
1156, 4, 90, 94, 50, 0, 42.03%, 0, 0, 6, 192.00, 117628, 29
1162, 4, 59, 94, 50, 0, 42.03%, 0, 0, 6, 187.81, 118579, 29
1167, 4, 34, 95, 51, 0, 42.03%, 0, 0, 6, 187.64, 119489, 29
1172, 4, 36, 95, 50, 0, 42.03%, 0, 0, 6, 189.19, 120462, 29
1177, 4, 91, 95, 50, 0, 42.03%, 0, 0, 6, 171.01, 121349, 29
1182, 4, 91, 95, 50, 0, 42.03%, 0, 0, 6, 176.15, 122243, 29
1187, 4, 1, 95, 49, 0, 42.03%, 0, 0, 6, 196.91, 123124, 29
1192, 4, 21, 95, 49, 0, 42.03%, 0, 0, 6, 190.51, 124068, 29
1197, 4, 90, 96, 50, 0, 42.03%, 0, 0, 6, 185.47, 125035, 29
1202, 4, 75, 97, 48, 0, 42.03%, 0, 0, 6, 183.92, 125966, 29
1208, 4, 34, 97, 47, 0, 42.03%, 0, 0, 6, 183.48, 126931, 29
1213, 4, 90, 97, 47, 0, 42.03%, 0, 0, 6, 177.43, 127826, 29
1218, 4, 90, 97, 47, 0, 42.03%, 0, 0, 6, 176.87, 128733, 29
1223, 4, 13, 97, 47, 0, 42.03%, 0, 0, 6, 183.16, 129683, 29
1228, 4, 12, 97, 47, 0, 42.03%, 0, 0, 6, 185.37, 130629, 29
1233, 4, 36, 97, 47, 0, 42.03%, 0, 0, 6, 175.05, 131445, 29
1238, 4, 18, 97, 47, 0, 42.03%, 0, 0, 6, 185.62, 132426, 29
1243, 4, 90, 97, 47, 0, 42.03%, 0, 0, 6, 175.18, 133297, 29
1248, 4, 1, 97, 47, 0, 42.03%, 0, 0, 6, 187.04, 134284, 29
1253, 4, 34, 97, 46, 0, 42.03%, 0, 0, 6, 183.97, 135211, 29
1259, 5, 1, 97, 46, 0, 42.03%, 0, 0, 6, 188.53, 136198, 29
1264, 5, 43, 97, 46, 0, 42.03%, 0, 0, 6, 188.49, 137149, 29
1269, 5, 17, 97, 46, 0, 42.03%, 0, 0, 6, 184.13, 138076, 29
1274, 5, 43, 97, 46, 0, 42.03%, 0, 0, 6, 192.28, 139080, 29
1279, 5, 36, 97, 46, 0, 42.03%, 0, 0, 6, 193.40, 140074, 29
1284, 5, 36, 97, 46, 0, 42.03%, 0, 0, 6, 159.20, 140839, 29
1289, 5, 18, 97, 46, 0, 42.03%, 0, 0, 6, 169.59, 141718, 29
1294, 5, 34, 97, 46, 0, 42.03%, 0, 0, 6, 184.23, 142660, 29
1299, 5, 1, 97, 46, 0, 42.03%, 0, 0, 6, 193.74, 143632, 29
1304, 5, 36, 97, 46, 0, 42.03%, 0, 0, 6, 192.65, 144598, 29
1310, 5, 21, 97, 46, 0, 42.03%, 0, 0, 6, 193.74, 145602, 29
1315, 5, 1, 97, 46, 0, 42.03%, 0, 0, 6, 194.19, 146590, 29
1320, 5, 1, 97, 46, 0, 42.03%, 0, 0, 6, 191.79, 147538, 29
1325, 5, 85, 97, 46, 0, 42.03%, 0, 0, 6, 178.06, 148420, 29
1330, 5, 1, 97, 45, 0, 42.03%, 0, 0, 6, 183.70, 149323, 29
1335, 5, 59, 97, 45, 0, 42.03%, 0, 0, 6, 188.44, 150310, 29
1340, 5, 59, 97, 45, 0, 42.03%, 0, 0, 6, 191.85, 151299, 29
1345, 5, 34, 97, 45, 0, 42.03%, 0, 0, 6, 189.16, 152254, 29
1350, 5, 13, 97, 45, 0, 42.03%, 0, 0, 6, 187.40, 153178, 29
1356, 5, 90, 97, 45, 0, 42.03%, 0, 0, 6, 189.00, 154150, 29
1361, 5, 1, 98, 46, 0, 42.03%, 0, 0, 6, 191.66, 155101, 29
1366, 5, 34, 98, 46, 0, 42.03%, 0, 0, 6, 182.84, 155990, 29
1371, 5, 1, 98, 46, 0, 42.03%, 0, 0, 6, 185.83, 156941, 29
1376, 5, 34, 98, 46, 0, 42.03%, 0, 0, 6, 186.62, 157897, 29
1381, 5, 1, 98, 46, 0, 42.03%, 0, 0, 6, 183.49, 158815, 29
1386, 5, 36, 98, 46, 0, 42.03%, 0, 0, 6, 185.38, 159765, 29
1391, 5, 17, 98, 46, 0, 42.03%, 0, 0, 6, 185.26, 160709, 29
1396, 5, 92, 98, 46, 0, 42.03%, 0, 0, 6, 156.94, 161489, 29
1402, 5, 92, 98, 46, 0, 42.03%, 0, 0, 6, 160.39, 162296, 29
1407, 5, 12, 98, 45, 0, 42.03%, 0, 0, 6, 173.34, 163164, 29
1412, 5, 43, 98, 45, 0, 42.03%, 0, 0, 6, 183.53, 164134, 29
1417, 6, 17, 98, 45, 0, 42.03%, 0, 0, 6, 186.32, 165112, 29
1422, 6, 1, 98, 45, 0, 42.03%, 0, 0, 6, 187.34, 166054, 29
1427, 6, 12, 98, 45, 0, 42.03%, 0, 0, 6, 176.11, 166963, 29
1432, 6, 1, 98, 45, 0, 42.03%, 0, 0, 6, 166.32, 167834, 29
1437, 6, 1, 98, 45, 0, 42.03%, 0, 0, 6, 169.96, 168698, 29
1442, 6, 43, 98, 44, 0, 42.03%, 0, 0, 6, 174.76, 169640, 29
1447, 6, 17, 99, 45, 0, 42.03%, 0, 0, 6, 166.59, 170477, 29
1453, 6, 37, 99, 45, 0, 42.03%, 0, 0, 6, 175.11, 171384, 29
1458, 6, 59, 99, 44, 0, 42.03%, 0, 0, 6, 176.21, 172233, 29
1463, 6, 1, 100, 45, 0, 42.03%, 0, 0, 6, 179.32, 173169, 29
1468, 6, 1, 100, 45, 0, 42.03%, 0, 0, 6, 186.58, 174117, 29
1473, 6, 1, 100, 45, 0, 42.03%, 0, 0, 6, 179.15, 175050, 29
1478, 6, 1, 100, 45, 0, 42.03%, 0, 0, 6, 188.56, 176044, 29
1483, 6, 43, 100, 45, 0, 42.03%, 0, 0, 6, 187.03, 177010, 29
1488, 6, 1, 100, 45, 0, 42.03%, 0, 0, 6, 187.96, 177944, 29
1494, 6, 17, 100, 45, 0, 42.03%, 0, 0, 6, 182.76, 178895, 29
1499, 6, 21, 100, 45, 0, 42.03%, 0, 0, 6, 163.37, 179737, 29
1504, 6, 91, 100, 45, 0, 42.03%, 0, 0, 6, 166.45, 180564, 29
1509, 6, 59, 100, 45, 0, 42.03%, 0, 0, 6, 164.34, 181406, 29
1514, 6, 43, 100, 45, 0, 42.03%, 0, 0, 6, 180.69, 182316, 29
1519, 6, 43, 100, 45, 0, 42.03%, 0, 0, 6, 187.45, 183299, 29
1524, 6, 90, 100, 45, 0, 42.03%, 0, 0, 6, 179.20, 184177, 29
1529, 6, 90, 100, 45, 0, 42.03%, 0, 0, 6, 185.33, 185108, 29
1534, 6, 18, 100, 45, 0, 42.03%, 0, 0, 6, 186.74, 186068, 29
1539, 6, 90, 100, 45, 0, 42.03%, 0, 0, 6, 173.91, 186941, 29
1545, 6, 21, 100, 45, 0, 42.03%, 0, 0, 6, 178.44, 187869, 29
1550, 6, 12, 100, 45, 0, 42.03%, 0, 0, 6, 181.50, 188823, 29
1555, 6, 12, 100, 45, 0, 42.03%, 0, 0, 6, 189.15, 189809, 29
1560, 6, 17, 100, 45, 0, 42.03%, 0, 0, 6, 183.35, 190752, 29
1565, 6, 36, 100, 45, 0, 42.03%, 0, 0, 6, 184.05, 191686, 29
1570, 7, 1, 100, 45, 0, 42.03%, 0, 0, 6, 167.06, 192497, 29
1575, 7, 72, 100, 45, 0, 42.03%, 0, 0, 6, 183.93, 193472, 29
1581, 7, 90, 100, 44, 0, 42.03%, 0, 0, 6, 183.63, 194423, 29
1586, 7, 90, 100, 43, 0, 42.03%, 0, 0, 6, 183.58, 195341, 29
1591, 7, 59, 100, 43, 0, 42.03%, 0, 0, 6, 187.88, 196287, 29
1596, 7, 36, 101, 44, 0, 42.03%, 0, 0, 6, 187.46, 197251, 29
1601, 7, 90, 101, 44, 0, 42.03%, 0, 0, 6, 182.64, 198187, 29
1606, 7, 90, 101, 44, 0, 42.03%, 0, 0, 6, 180.48, 199093, 29
1611, 7, 90, 101, 44, 0, 42.03%, 0, 0, 6, 168.96, 199911, 29
1616, 7, 43, 101, 44, 0, 42.03%, 0, 0, 6, 180.16, 200868, 29
1622, 7, 36, 101, 44, 0, 42.03%, 0, 0, 6, 179.67, 201772, 29
1627, 7, 43, 101, 44, 0, 42.03%, 0, 0, 6, 184.03, 202677, 29
1632, 7, 93, 101, 44, 0, 42.03%, 0, 0, 6, 159.46, 203461, 29
1637, 7, 93, 101, 44, 0, 42.03%, 0, 0, 6, 156.01, 204232, 29
1642, 7, 93, 101, 44, 0, 42.03%, 0, 0, 6, 152.30, 204976, 29
1647, 7, 59, 101, 43, 0, 42.03%, 0, 0, 6, 173.35, 205836, 29
1652, 7, 90, 101, 43, 0, 42.03%, 0, 0, 6, 178.47, 206745, 29
1657, 7, 1, 101, 43, 0, 42.03%, 0, 0, 6, 184.34, 207662, 29
1662, 7, 1, 101, 43, 0, 42.03%, 0, 0, 6, 179.64, 208611, 29
1667, 7, 1, 101, 43, 0, 42.03%, 0, 0, 6, 164.51, 209478, 29
1672, 7, 59, 101, 43, 0, 42.03%, 0, 0, 6, 172.66, 210366, 29
1677, 7, 1, 101, 43, 0, 42.03%, 0, 0, 6, 182.95, 211323, 29
1682, 7, 90, 101, 43, 0, 42.03%, 0, 0, 6, 173.39, 212175, 29
1687, 7, 43, 101, 43, 0, 42.03%, 0, 0, 6, 181.94, 213087, 29
1693, 7, 43, 101, 43, 0, 42.03%, 0, 0, 6, 184.83, 214066, 29
1698, 7, 67, 101, 43, 0, 42.03%, 0, 0, 6, 181.11, 214987, 29
1703, 7, 90, 101, 42, 0, 42.03%, 0, 0, 6, 174.44, 215857, 29
1708, 7, 59, 101, 42, 0, 42.03%, 0, 0, 6, 178.87, 216738, 29
1713, 7, 43, 101, 42, 0, 42.03%, 0, 0, 6, 182.68, 217682, 29
1718, 7, 12, 101, 42, 0, 42.03%, 0, 0, 6, 180.49, 218575, 29
1723, 7, 1, 101, 42, 0, 42.03%, 0, 0, 6, 180.91, 219520, 29
1728, 7, 34, 101, 42, 0, 42.03%, 0, 0, 6, 185.35, 220490, 29
1733, 7, 18, 101, 42, 0, 42.03%, 0, 0, 6, 186.70, 221460, 29
1738, 7, 13, 101, 42, 0, 42.03%, 0, 0, 6, 182.62, 222369, 29
1744, 7, 59, 101, 42, 0, 42.03%, 0, 0, 6, 181.83, 223305, 29
1749, 7, 1, 101, 42, 0, 42.03%, 0, 0, 6, 177.96, 224231, 29
1754, 8, 1, 101, 41, 0, 42.03%, 0, 0, 6, 184.84, 225197, 29
1759, 8, 90, 101, 41, 0, 42.03%, 0, 0, 6, 186.65, 226175, 29
1764, 8, 1, 101, 40, 0, 42.03%, 0, 0, 6, 182.29, 227088, 29
1769, 8, 43, 101, 39, 0, 42.03%, 0, 0, 6, 178.04, 228013, 29
1775, 8, 12, 102, 40, 0, 42.03%, 0, 0, 6, 161.73, 228821, 29
1780, 8, 36, 102, 40, 0, 42.03%, 0, 0, 6, 180.99, 229787, 29
1785, 8, 1, 102, 40, 0, 42.03%, 0, 0, 6, 183.50, 230710, 29
1790, 8, 90, 102, 40, 0, 42.03%, 0, 0, 6, 176.36, 231578, 29
1795, 8, 18, 102, 40, 0, 42.03%, 0, 0, 6, 171.87, 232436, 29
1800, 8, 18, 102, 40, 0, 42.03%, 0, 0, 6, 182.04, 233400, 29
1805, 8, 17, 102, 40, 0, 42.03%, 0, 0, 6, 179.16, 234345, 29
1810, 8, 48, 102, 40, 0, 42.03%, 0, 0, 6, 188.17, 235320, 29
1815, 8, 90, 102, 40, 0, 42.03%, 0, 0, 6, 183.02, 236271, 29
1821, 8, 1, 102, 40, 0, 42.03%, 0, 0, 6, 169.39, 237100, 29
1826, 8, 90, 102, 40, 0, 42.03%, 0, 0, 6, 182.63, 238037, 29
1831, 8, 97, 102, 40, 0, 42.03%, 0, 0, 6, 152.17, 238796, 29
1836, 8, 97, 102, 40, 0, 42.03%, 0, 0, 6, 135.69, 239473, 29
1841, 8, 97, 102, 40, 0, 42.03%, 0, 0, 6, 139.05, 240150, 29
1846, 8, 31, 102, 39, 0, 42.03%, 0, 0, 6, 160.75, 241025, 29
1851, 8, 1, 102, 39, 0, 42.03%, 0, 0, 6, 158.79, 241851, 29
1856, 8, 36, 102, 39, 0, 42.03%, 0, 0, 6, 163.76, 242676, 29
1861, 8, 13, 102, 39, 0, 42.03%, 0, 0, 6, 179.07, 243630, 29
1867, 8, 21, 102, 39, 0, 42.03%, 0, 0, 6, 186.37, 244571, 29
1872, 8, 36, 102, 39, 0, 42.03%, 0, 0, 6, 181.69, 245493, 29
1877, 8, 21, 102, 39, 0, 42.03%, 0, 0, 6, 186.24, 246453, 29
1882, 8, 1, 102, 39, 0, 42.03%, 0, 0, 6, 174.84, 247344, 29
1887, 8, 1, 102, 39, 0, 42.03%, 0, 0, 6, 181.73, 248306, 29
1892, 8, 34, 102, 39, 0, 42.03%, 0, 0, 6, 178.00, 249228, 29
1897, 8, 84, 102, 39, 0, 42.03%, 0, 0, 6, 174.60, 250110, 29
1903, 8, 84, 102, 39, 0, 42.03%, 0, 0, 6, 177.16, 251034, 29
1908, 8, 43, 102, 38, 0, 42.03%, 0, 0, 6, 183.13, 251948, 29
1913, 8, 11, 102, 38, 0, 42.03%, 0, 0, 6, 185.91, 252912, 29
1918, 8, 59, 102, 37, 0, 42.03%, 0, 0, 6, 176.85, 253813, 29
1923, 8, 36, 102, 37, 0, 42.03%, 0, 0, 6, 186.91, 254793, 29
1928, 9, 71, 102, 37, 0, 42.03%, 0, 0, 6, 184.56, 255708, 29
1933, 9, 36, 102, 36, 0, 42.03%, 0, 0, 6, 177.90, 256594, 29
1938, 9, 1, 102, 36, 0, 42.03%, 0, 0, 6, 180.36, 257530, 29
1943, 9, 59, 102, 36, 0, 42.03%, 0, 0, 6, 174.05, 258389, 29
1949, 9, 1, 102, 36, 0, 42.03%, 0, 0, 6, 175.69, 259299, 29
1954, 9, 13, 102, 36, 0, 42.03%, 0, 0, 6, 170.93, 260170, 29
1959, 9, 36, 102, 36, 0, 42.03%, 0, 0, 6, 176.84, 261068, 29
1964, 9, 34, 102, 36, 0, 42.03%, 0, 0, 6, 174.97, 261952, 29
1969, 9, 21, 102, 36, 0, 42.03%, 0, 0, 6, 162.42, 262775, 29
1974, 9, 90, 102, 36, 0, 42.03%, 0, 0, 6, 164.11, 263630, 29
1979, 9, 12, 102, 36, 0, 42.03%, 0, 0, 6, 169.48, 264509, 29
1984, 9, 101, 102, 36, 0, 42.03%, 0, 0, 6, 129.57, 265182, 29
1989, 9, 101, 102, 36, 0, 42.03%, 0, 0, 6, 100.54, 265648, 29
1994, 9, 101, 102, 36, 0, 42.03%, 0, 0, 6, 96.62, 266140, 29
2000, 9, 101, 102, 36, 0, 42.03%, 0, 0, 6, 95.69, 266627, 29
2005, 9, 90, 102, 35, 0, 42.03%, 0, 0, 6, 151.27, 267414, 29
2010, 9, 88, 102, 35, 0, 42.03%, 0, 0, 6, 168.16, 268283, 29
2015, 9, 88, 102, 35, 0, 42.03%, 0, 0, 6, 167.47, 269150, 29
2020, 9, 59, 102, 34, 0, 42.03%, 0, 0, 6, 173.38, 270066, 29
2025, 9, 17, 102, 34, 0, 42.03%, 0, 0, 6, 181.44, 270992, 29
2030, 9, 17, 102, 34, 0, 42.03%, 0, 0, 6, 184.91, 271961, 29
2035, 9, 83, 102, 34, 0, 42.03%, 0, 0, 6, 170.88, 272816, 29
2041, 9, 83, 102, 34, 0, 42.03%, 0, 0, 6, 177.19, 273746, 29
2046, 9, 21, 102, 33, 0, 42.03%, 0, 0, 6, 174.97, 274654, 29
2051, 9, 86, 102, 33, 0, 42.03%, 0, 0, 6, 176.89, 275542, 29
2056, 9, 86, 102, 33, 0, 42.03%, 0, 0, 6, 148.29, 276251, 29
2061, 9, 43, 102, 32, 0, 42.03%, 0, 0, 6, 150.90, 277001, 29
2066, 9, 57, 102, 32, 0, 42.03%, 0, 0, 6, 183.59, 277991, 29
2071, 9, 97, 102, 31, 0, 42.03%, 0, 0, 6, 176.58, 278880, 29
2076, 9, 12, 102, 31, 0, 42.03%, 0, 0, 6, 189.40, 279868, 29
2082, 9, 12, 102, 31, 0, 42.03%, 0, 0, 6, 180.44, 280777, 29
2087, 9, 21, 102, 31, 0, 42.03%, 0, 0, 6, 183.52, 281689, 29
2092, 9, 59, 102, 31, 0, 42.03%, 0, 0, 6, 184.18, 282652, 29
2097, 9, 36, 102, 31, 0, 42.03%, 0, 0, 6, 178.92, 283538, 29
2102, 9, 12, 102, 30, 0, 42.03%, 0, 0, 6, 179.62, 284444, 29
2107, 9, 36, 102, 30, 0, 42.03%, 0, 0, 6, 179.82, 285381, 29
2112, 9, 90, 102, 30, 0, 42.03%, 0, 0, 6, 178.71, 286309, 29
2117, 9, 1, 102, 30, 0, 42.03%, 0, 0, 6, 162.77, 287119, 29
2122, 9, 36, 102, 30, 0, 42.03%, 0, 0, 6, 147.97, 287864, 29
2128, 9, 32, 102, 30, 0, 42.03%, 0, 0, 6, 147.29, 288599, 29
2133, 10, 12, 102, 29, 0, 42.03%, 0, 0, 6, 171.54, 289505, 29
2138, 10, 90, 102, 29, 0, 42.03%, 0, 0, 6, 180.11, 290454, 29
2143, 10, 43, 102, 29, 0, 42.03%, 0, 0, 6, 180.15, 291372, 29
2148, 10, 12, 102, 29, 0, 42.03%, 0, 0, 6, 181.99, 292295, 29
2153, 10, 36, 102, 29, 0, 42.03%, 0, 0, 6, 176.95, 293223, 29
2158, 10, 13, 102, 29, 0, 42.03%, 0, 0, 6, 180.80, 294144, 29
2163, 10, 43, 102, 29, 0, 42.03%, 0, 0, 6, 177.54, 295041, 29
2168, 10, 1, 102, 29, 0, 42.03%, 0, 0, 6, 182.25, 295983, 29
2173, 10, 12, 102, 29, 0, 42.03%, 0, 0, 6, 185.61, 296943, 29
2179, 10, 13, 102, 29, 0, 42.03%, 0, 0, 6, 176.63, 297867, 29
2184, 10, 1, 102, 29, 0, 42.03%, 0, 0, 6, 180.03, 298791, 29
2189, 10, 43, 102, 29, 0, 42.03%, 0, 0, 6, 183.17, 299728, 29
2194, 10, 1, 102, 29, 0, 42.03%, 0, 0, 6, 184.05, 300660, 29
2199, 10, 1, 102, 29, 0, 42.03%, 0, 0, 6, 186.20, 301590, 29
2204, 10, 90, 102, 29, 0, 42.03%, 0, 0, 6, 180.50, 302535, 29
2209, 10, 48, 102, 29, 0, 42.03%, 0, 0, 6, 174.49, 303436, 29
2215, 10, 43, 102, 29, 0, 42.03%, 0, 0, 6, 178.13, 304334, 29
2220, 10, 36, 102, 29, 0, 42.03%, 0, 0, 6, 183.04, 305242, 29
2225, 10, 80, 102, 29, 0, 42.03%, 0, 0, 6, 180.76, 306127, 29
2230, 10, 13, 102, 28, 0, 42.03%, 0, 0, 6, 179.85, 307077, 29
2235, 10, 1, 103, 28, 0, 42.03%, 0, 0, 6, 180.81, 307996, 29
2240, 10, 1, 103, 28, 0, 42.03%, 0, 0, 6, 176.84, 308914, 29
2245, 10, 17, 103, 28, 0, 42.03%, 0, 0, 6, 176.87, 309787, 29
2250, 10, 1, 103, 28, 0, 42.03%, 0, 0, 6, 177.37, 310693, 29
2255, 10, 18, 103, 28, 0, 42.03%, 0, 0, 6, 187.70, 311653, 29
2260, 10, 17, 103, 28, 0, 42.03%, 0, 0, 6, 181.38, 312586, 29
2266, 10, 90, 103, 28, 0, 42.03%, 0, 0, 6, 160.89, 313385, 29
2271, 10, 90, 103, 28, 0, 42.03%, 0, 0, 6, 151.87, 314142, 29
2276, 10, 1, 103, 28, 0, 42.03%, 0, 0, 6, 171.37, 315052, 29
2281, 10, 36, 103, 28, 0, 42.03%, 0, 0, 6, 174.90, 315964, 29
2286, 10, 21, 103, 28, 0, 42.03%, 0, 0, 6, 174.36, 316876, 29
2291, 11, 36, 103, 28, 0, 42.03%, 0, 0, 6, 176.87, 317757, 29
2296, 11, 90, 103, 28, 0, 42.03%, 0, 0, 6, 173.40, 318661, 29
2301, 11, 17, 103, 28, 0, 42.03%, 0, 0, 6, 184.75, 319618, 29
2306, 11, 18, 103, 28, 0, 42.03%, 0, 0, 6, 188.73, 320561, 29
2311, 11, 59, 103, 28, 0, 42.03%, 0, 0, 6, 182.75, 321464, 29
2317, 11, 1, 103, 28, 0, 42.03%, 0, 0, 6, 180.78, 322391, 29
2322, 11, 55, 103, 28, 0, 42.03%, 0, 0, 6, 183.64, 323300, 29
2327, 11, 1, 103, 27, 0, 42.03%, 0, 0, 6, 177.02, 324212, 29
2332, 11, 18, 103, 27, 0, 42.03%, 0, 0, 6, 173.83, 325124, 29
2337, 11, 102, 103, 27, 0, 42.03%, 0, 0, 6, 176.29, 326054, 29
2342, 11, 102, 103, 27, 0, 42.03%, 0, 0, 6, 179.58, 326993, 29
2347, 11, 12, 103, 26, 0, 42.03%, 0, 0, 6, 176.95, 327880, 29
2352, 11, 90, 103, 26, 0, 42.03%, 0, 0, 6, 174.41, 328765, 29
2358, 11, 21, 103, 26, 0, 42.03%, 0, 0, 6, 179.73, 329714, 29
2363, 11, 1, 103, 26, 0, 42.03%, 0, 0, 6, 176.33, 330614, 29
2368, 11, 12, 103, 26, 0, 42.03%, 0, 0, 6, 176.19, 331538, 29
2373, 11, 1, 103, 26, 0, 42.03%, 0, 0, 6, 179.89, 332426, 29
2378, 11, 59, 103, 26, 0, 42.03%, 0, 0, 6, 182.10, 333361, 29
2383, 11, 59, 103, 26, 0, 42.03%, 0, 0, 6, 181.07, 334287, 29
2388, 11, 36, 103, 26, 0, 42.03%, 0, 0, 6, 176.02, 335175, 29
2393, 11, 90, 103, 26, 0, 42.03%, 0, 0, 6, 179.13, 336087, 29
2398, 11, 34, 103, 26, 0, 42.03%, 0, 0, 6, 181.37, 336999, 29
2403, 11, 21, 103, 26, 0, 42.03%, 0, 0, 6, 181.46, 337897, 29
2408, 11, 13, 103, 26, 0, 42.03%, 0, 0, 6, 171.04, 338759, 29
2414, 11, 17, 103, 26, 0, 42.03%, 0, 0, 6, 169.37, 339629, 29
2419, 11, 1, 103, 26, 0, 42.03%, 0, 0, 6, 181.60, 340588, 29
2424, 11, 1, 103, 26, 0, 42.03%, 0, 0, 6, 178.23, 341494, 29
2429, 11, 43, 103, 26, 0, 42.03%, 0, 0, 6, 166.18, 342357, 29
2434, 11, 1, 103, 26, 0, 42.03%, 0, 0, 6, 171.45, 343244, 29
2439, 11, 21, 103, 26, 0, 42.03%, 0, 0, 6, 174.93, 344136, 29
2444, 11, 36, 103, 26, 0, 42.03%, 0, 0, 6, 182.32, 345087, 29
2450, 11, 59, 103, 26, 0, 42.03%, 0, 0, 6, 174.42, 345984, 29
2455, 12, 12, 103, 26, 0, 42.03%, 0, 0, 6, 173.80, 346846, 29
2460, 12, 87, 103, 26, 0, 42.03%, 0, 0, 6, 176.42, 347749, 29
2465, 12, 87, 103, 26, 0, 42.03%, 0, 0, 6, 165.68, 348580, 29
2470, 12, 87, 103, 26, 0, 42.03%, 0, 0, 6, 169.57, 349471, 29
2475, 12, 1, 103, 25, 0, 42.03%, 0, 0, 6, 178.77, 350414, 29
2480, 12, 1, 103, 25, 0, 42.03%, 0, 0, 6, 185.16, 351380, 29
2486, 12, 1, 103, 25, 0, 42.03%, 0, 0, 6, 178.01, 352301, 29
2491, 12, 1, 103, 25, 0, 42.03%, 0, 0, 6, 186.72, 353269, 29
2496, 12, 43, 103, 25, 0, 42.03%, 0, 0, 6, 180.55, 354179, 29
2501, 12, 1, 103, 25, 0, 42.03%, 0, 0, 6, 173.92, 355064, 29
2506, 12, 1, 103, 25, 0, 42.03%, 0, 0, 6, 181.08, 356021, 29
2511, 12, 1, 103, 25, 0, 42.03%, 0, 0, 6, 183.13, 356934, 29
2516, 12, 1, 103, 25, 0, 42.03%, 0, 0, 6, 179.90, 357858, 29
2521, 12, 89, 103, 25, 0, 42.03%, 0, 0, 6, 168.96, 358716, 29
2526, 12, 89, 103, 25, 0, 42.03%, 0, 0, 6, 153.79, 359478, 29
2532, 12, 17, 103, 24, 0, 42.03%, 0, 0, 6, 178.12, 360405, 29
2537, 12, 90, 103, 24, 0, 42.03%, 0, 0, 6, 180.40, 361347, 29
2542, 12, 1, 103, 24, 0, 42.03%, 0, 0, 6, 181.09, 362233, 29
2547, 12, 21, 103, 24, 0, 42.03%, 0, 0, 6, 176.99, 363175, 29
2552, 12, 43, 103, 24, 0, 42.03%, 0, 0, 6, 178.10, 364071, 29
2557, 12, 18, 103, 23, 0, 42.03%, 0, 0, 6, 182.47, 364991, 29
2562, 12, 34, 103, 23, 0, 42.03%, 0, 0, 6, 186.25, 365966, 29
2567, 12, 43, 103, 23, 0, 42.03%, 0, 0, 6, 184.13, 366884, 29
2572, 12, 1, 103, 23, 0, 42.03%, 0, 0, 6, 176.82, 367784, 29
2577, 12, 90, 103, 23, 0, 42.03%, 0, 0, 6, 178.28, 368737, 29
2582, 12, 1, 103, 22, 0, 42.03%, 0, 0, 6, 184.32, 369675, 29
2588, 12, 1, 103, 22, 0, 42.03%, 0, 0, 6, 170.85, 370540, 29
2593, 12, 1, 103, 21, 0, 42.03%, 0, 0, 6, 180.02, 371442, 29
2598, 12, 21, 103, 21, 0, 42.03%, 0, 0, 6, 183.13, 372379, 29
2603, 12, 13, 103, 21, 0, 42.03%, 0, 0, 6, 179.09, 373314, 29
2608, 12, 1, 103, 21, 0, 42.03%, 0, 0, 6, 180.10, 374214, 29
2613, 12, 21, 103, 21, 0, 42.03%, 0, 0, 6, 180.83, 375147, 29
2618, 12, 12, 103, 21, 0, 42.03%, 0, 0, 6, 181.38, 376083, 29
2623, 12, 17, 103, 21, 0, 42.03%, 0, 0, 6, 181.62, 377004, 29
2629, 13, 1, 103, 20, 0, 42.03%, 0, 0, 6, 181.54, 377947, 29
2634, 13, 77, 103, 20, 0, 42.03%, 0, 0, 6, 176.85, 378829, 29
2639, 13, 90, 103, 20, 0, 42.03%, 0, 0, 6, 167.00, 379677, 29
2644, 13, 17, 103, 20, 0, 42.03%, 0, 0, 6, 175.12, 380598, 29
2649, 13, 43, 103, 20, 0, 42.03%, 0, 0, 6, 181.96, 381538, 29
2654, 13, 59, 103, 20, 0, 42.03%, 0, 0, 6, 185.24, 382509, 29
2659, 13, 1, 103, 20, 0, 42.03%, 0, 0, 6, 170.84, 383379, 29
2665, 13, 18, 103, 20, 0, 42.03%, 0, 0, 6, 166.38, 384228, 29
2670, 13, 1, 103, 20, 0, 42.03%, 0, 0, 6, 167.46, 385059, 29
2675, 13, 36, 103, 20, 0, 42.03%, 0, 0, 6, 169.47, 385906, 29
2680, 13, 18, 103, 20, 0, 42.03%, 0, 0, 6, 170.07, 386805, 29
2685, 13, 1, 103, 20, 0, 42.03%, 0, 0, 6, 175.75, 387678, 29
2690, 13, 90, 103, 20, 0, 42.03%, 0, 0, 6, 181.70, 388591, 29
2695, 13, 13, 103, 20, 0, 42.03%, 0, 0, 6, 178.93, 389515, 29
2700, 13, 21, 103, 20, 0, 42.03%, 0, 0, 6, 183.89, 390488, 29
2706, 13, 17, 103, 20, 0, 42.03%, 0, 0, 6, 187.37, 391447, 29
2711, 13, 1, 103, 20, 0, 42.03%, 0, 0, 6, 177.73, 392377, 29
2716, 13, 43, 103, 20, 0, 42.03%, 0, 0, 6, 184.40, 393304, 29
2721, 13, 34, 103, 20, 0, 42.03%, 0, 0, 6, 189.88, 394291, 29
2726, 13, 59, 103, 20, 0, 42.03%, 0, 0, 6, 191.69, 395269, 29
2731, 13, 1, 103, 20, 0, 42.03%, 0, 0, 6, 179.26, 396133, 29
2736, 13, 36, 103, 20, 0, 42.03%, 0, 0, 6, 183.95, 397087, 29
2741, 13, 18, 103, 20, 0, 42.03%, 0, 0, 6, 186.07, 398011, 29
2747, 13, 1, 103, 20, 0, 42.03%, 0, 0, 6, 179.33, 398908, 29
2752, 13, 24, 103, 20, 0, 42.03%, 0, 0, 6, 186.43, 399877, 29
2757, 13, 43, 103, 19, 0, 42.03%, 0, 0, 6, 188.27, 400807, 29
2762, 13, 12, 103, 19, 0, 42.03%, 0, 0, 6, 185.05, 401738, 29
2767, 13, 1, 103, 19, 0, 42.03%, 0, 0, 6, 168.35, 402563, 29
2772, 13, 1, 103, 19, 0, 42.03%, 0, 0, 6, 175.06, 403487, 29
2777, 14, 36, 103, 19, 0, 42.03%, 0, 0, 6, 177.67, 404374, 29
2782, 14, 36, 103, 19, 0, 42.03%, 0, 0, 6, 173.19, 405252, 29
2787, 14, 13, 103, 19, 0, 42.03%, 0, 0, 6, 161.84, 406080, 29
2792, 14, 1, 103, 19, 0, 42.03%, 0, 0, 6, 127.48, 406707, 29
2797, 14, 1, 103, 19, 0, 42.03%, 0, 0, 6, 123.07, 407340, 29
2802, 14, 21, 103, 19, 0, 42.03%, 0, 0, 6, 137.87, 408011, 29
2808, 14, 90, 103, 19, 0, 42.03%, 0, 0, 6, 167.59, 408940, 29
2813, 14, 90, 103, 19, 0, 42.03%, 0, 0, 6, 179.02, 409890, 29
2818, 14, 90, 103, 19, 0, 42.03%, 0, 0, 6, 179.98, 410826, 29
2823, 14, 59, 103, 19, 0, 42.03%, 0, 0, 6, 182.71, 411766, 29
2828, 14, 90, 103, 19, 0, 42.03%, 0, 0, 6, 181.59, 412679, 29
2833, 14, 18, 103, 19, 0, 42.03%, 0, 0, 6, 179.59, 413570, 29
2839, 14, 90, 103, 19, 0, 42.03%, 0, 0, 6, 176.20, 414468, 29
2844, 14, 1, 103, 19, 0, 42.03%, 0, 0, 6, 179.79, 415379, 29
2849, 14, 1, 103, 19, 0, 42.03%, 0, 0, 6, 184.26, 416301, 29
2854, 14, 90, 103, 19, 0, 42.03%, 0, 0, 6, 182.64, 417223, 29
2859, 14, 17, 103, 19, 0, 42.03%, 0, 0, 6, 180.23, 418168, 29
2864, 14, 100, 103, 19, 0, 42.03%, 0, 0, 6, 141.22, 418898, 29
2869, 14, 100, 103, 19, 0, 42.03%, 0, 0, 6, 119.57, 419472, 29
2874, 14, 59, 103, 18, 0, 42.03%, 0, 0, 6, 145.20, 420163, 29
2879, 14, 36, 103, 18, 0, 42.03%, 0, 0, 6, 172.88, 421097, 29
2884, 14, 1, 103, 18, 0, 42.03%, 0, 0, 6, 180.71, 422046, 29
2890, 14, 12, 103, 18, 0, 42.03%, 0, 0, 6, 176.51, 422958, 29
2895, 14, 34, 103, 18, 0, 42.03%, 0, 0, 6, 173.75, 423841, 29
2900, 14, 43, 103, 18, 0, 42.03%, 0, 0, 6, 179.22, 424786, 29
2905, 14, 40, 103, 18, 0, 42.03%, 0, 0, 6, 173.61, 425666, 29
2910, 14, 1, 103, 18, 0, 42.03%, 0, 0, 6, 177.32, 426557, 29
2915, 14, 1, 103, 18, 0, 42.03%, 0, 0, 6, 170.85, 427409, 29
2920, 14, 1, 103, 18, 0, 42.03%, 0, 0, 6, 179.91, 428333, 29
2925, 14, 12, 103, 18, 0, 42.03%, 0, 0, 6, 167.06, 429230, 29
2930, 14, 36, 103, 18, 0, 42.03%, 0, 0, 6, 168.96, 430082, 29
2936, 14, 90, 103, 18, 0, 42.03%, 0, 0, 6, 172.87, 430971, 29
2941, 14, 34, 103, 18, 0, 42.03%, 0, 0, 6, 179.85, 431903, 29
2946, 14, 1, 103, 18, 0, 42.03%, 0, 0, 6, 173.28, 432770, 29
2951, 15, 1, 103, 18, 0, 42.03%, 0, 0, 6, 174.56, 433680, 29
2956, 15, 12, 103, 18, 0, 42.03%, 0, 0, 6, 177.47, 434601, 29
2961, 15, 43, 103, 18, 0, 42.03%, 0, 0, 6, 179.07, 435523, 29
2967, 15, 21, 103, 18, 0, 42.03%, 0, 0, 6, 185.29, 436483, 29
2972, 15, 12, 103, 18, 0, 42.03%, 0, 0, 6, 177.39, 437350, 29
2977, 15, 13, 103, 18, 0, 42.03%, 0, 0, 6, 179.84, 438283, 29
2982, 15, 1, 103, 18, 0, 42.03%, 0, 0, 6, 183.41, 439190, 29
2987, 15, 36, 103, 18, 0, 42.03%, 0, 0, 6, 172.96, 440080, 29
2992, 15, 66, 103, 18, 0, 42.03%, 0, 0, 6, 170.09, 440933, 29
2997, 15, 21, 103, 18, 0, 42.03%, 0, 0, 6, 168.59, 441773, 29
3002, 15, 1, 103, 18, 0, 42.03%, 0, 0, 6, 184.12, 442751, 29
3007, 15, 17, 103, 18, 0, 42.03%, 0, 0, 6, 184.52, 443727, 29
3013, 15, 18, 103, 18, 0, 42.03%, 0, 0, 6, 192.30, 444717, 29
3018, 15, 90, 103, 18, 0, 42.03%, 0, 0, 6, 183.88, 445643, 29
3023, 15, 34, 103, 18, 0, 42.03%, 0, 0, 6, 191.92, 446669, 29
3028, 15, 36, 103, 18, 0, 42.03%, 0, 0, 6, 182.93, 447602, 29
3033, 15, 1, 103, 18, 0, 42.03%, 0, 0, 6, 190.81, 448607, 29
3038, 15, 18, 103, 18, 0, 42.03%, 0, 0, 6, 179.47, 449517, 29
3043, 15, 1, 103, 18, 0, 42.03%, 0, 0, 6, 184.67, 450471, 29
3048, 15, 43, 103, 17, 0, 42.03%, 0, 0, 6, 183.44, 451389, 29
3054, 15, 1, 103, 17, 0, 42.03%, 0, 0, 6, 189.23, 452369, 29
3059, 15, 34, 103, 17, 0, 42.03%, 0, 0, 6, 181.58, 453273, 29
3064, 15, 21, 103, 17, 0, 42.03%, 0, 0, 6, 184.44, 454196, 29
3069, 15, 17, 103, 17, 0, 42.03%, 0, 0, 6, 182.29, 455132, 29
3074, 15, 34, 103, 17, 0, 42.03%, 0, 0, 6, 178.59, 456068, 29
3079, 15, 21, 103, 17, 0, 42.03%, 0, 0, 6, 176.36, 456950, 29
3084, 15, 1, 103, 17, 0, 42.03%, 0, 0, 6, 176.16, 457883, 29
3089, 15, 17, 103, 17, 0, 42.03%, 0, 0, 6, 177.67, 458765, 29
3095, 15, 1, 103, 17, 0, 42.03%, 0, 0, 6, 184.35, 459746, 29
3100, 15, 18, 103, 17, 0, 42.03%, 0, 0, 6, 176.14, 460652, 29
3105, 15, 59, 103, 17, 0, 42.03%, 0, 0, 6, 179.44, 461537, 29
3110, 16, 1, 103, 17, 0, 42.03%, 0, 0, 6, 178.54, 462455, 29
3115, 16, 36, 103, 17, 0, 42.03%, 0, 0, 6, 180.08, 463344, 29
3120, 16, 12, 103, 17, 0, 42.03%, 0, 0, 6, 179.11, 464274, 29
3125, 16, 1, 103, 17, 0, 42.03%, 0, 0, 6, 182.65, 465219, 29
3131, 16, 90, 103, 17, 0, 42.03%, 0, 0, 6, 185.42, 466172, 29
3136, 16, 13, 103, 17, 0, 42.03%, 0, 0, 6, 185.97, 467105, 29
3141, 16, 90, 103, 17, 0, 42.03%, 0, 0, 6, 184.01, 468060, 29
3146, 16, 1, 103, 17, 0, 42.03%, 0, 0, 6, 181.53, 469008, 29
3151, 16, 1, 103, 17, 0, 42.03%, 0, 0, 6, 179.97, 469944, 29
3156, 16, 12, 103, 17, 0, 42.03%, 0, 0, 6, 181.67, 470868, 29
3161, 16, 90, 103, 17, 0, 42.03%, 0, 0, 6, 180.65, 471822, 29
3167, 16, 1, 103, 17, 0, 42.03%, 0, 0, 6, 184.54, 472780, 29
3172, 16, 63, 103, 17, 0, 42.03%, 0, 0, 6, 192.16, 473770, 29
3177, 16, 43, 103, 16, 0, 42.03%, 0, 0, 6, 185.49, 474729, 29
3182, 16, 1, 103, 16, 0, 42.03%, 0, 0, 6, 182.43, 475661, 29
3187, 16, 59, 103, 16, 0, 42.03%, 0, 0, 6, 188.26, 476651, 29
3192, 16, 59, 103, 16, 0, 42.03%, 0, 0, 6, 177.56, 477587, 29
3198, 16, 17, 103, 16, 0, 42.03%, 0, 0, 6, 179.57, 478516, 29
3203, 16, 59, 103, 16, 0, 42.03%, 0, 0, 6, 184.64, 479431, 29
3208, 16, 1, 103, 16, 0, 42.03%, 0, 0, 6, 183.54, 480407, 29
3213, 16, 17, 103, 16, 0, 42.03%, 0, 0, 6, 192.72, 481409, 29
3218, 16, 21, 103, 16, 0, 42.03%, 0, 0, 6, 190.49, 482388, 29
3223, 16, 43, 103, 16, 0, 42.03%, 0, 0, 6, 190.18, 483359, 29
3229, 16, 1, 103, 16, 0, 42.03%, 0, 0, 6, 182.80, 484298, 29
3234, 16, 90, 103, 16, 0, 42.03%, 0, 0, 6, 183.35, 485259, 29
3239, 16, 90, 103, 16, 0, 42.03%, 0, 0, 6, 188.60, 486265, 29
3244, 16, 1, 103, 16, 0, 42.03%, 0, 0, 6, 182.02, 487207, 29
3249, 16, 34, 103, 16, 0, 42.03%, 0, 0, 6, 180.38, 488137, 29
3254, 16, 43, 103, 16, 0, 42.03%, 0, 0, 6, 185.79, 489093, 29
3260, 17, 17, 103, 16, 0, 42.03%, 0, 0, 6, 182.58, 490036, 29
3265, 17, 21, 103, 16, 0, 42.03%, 0, 0, 6, 191.22, 491025, 29
3270, 17, 13, 103, 16, 0, 42.03%, 0, 0, 6, 183.12, 491971, 29
3275, 17, 13, 103, 16, 0, 42.03%, 0, 0, 6, 187.16, 492925, 29
3280, 17, 99, 103, 16, 0, 42.03%, 0, 0, 6, 171.06, 493849, 29
3285, 17, 99, 103, 16, 0, 42.03%, 0, 0, 6, 112.35, 494334, 29
3291, 17, 99, 103, 16, 0, 42.03%, 0, 0, 6, 100.10, 494838, 29
3296, 17, 43, 103, 15, 0, 42.03%, 0, 0, 6, 133.88, 495468, 29
3301, 17, 13, 103, 15, 0, 42.03%, 0, 0, 6, 178.97, 496450, 29
3306, 17, 1, 103, 15, 0, 42.03%, 0, 0, 6, 193.79, 497458, 29
3311, 17, 17, 103, 15, 0, 42.03%, 0, 0, 6, 195.67, 498427, 29
3316, 17, 36, 103, 15, 0, 42.03%, 0, 0, 6, 188.58, 499381, 29
3321, 17, 43, 103, 15, 0, 42.03%, 0, 0, 6, 183.30, 500322, 29
3326, 17, 12, 103, 15, 0, 42.03%, 0, 0, 6, 196.33, 501325, 29
3332, 17, 90, 103, 15, 0, 42.03%, 0, 0, 6, 189.08, 502318, 29
3337, 17, 13, 103, 15, 0, 42.03%, 0, 0, 6, 190.75, 503285, 29
3342, 17, 21, 103, 15, 0, 42.03%, 0, 0, 6, 189.02, 504252, 29
3347, 17, 13, 103, 15, 0, 42.03%, 0, 0, 6, 183.46, 505197, 29
3352, 17, 50, 103, 15, 0, 42.03%, 0, 0, 6, 193.61, 506200, 29
3357, 17, 43, 103, 14, 0, 42.03%, 0, 0, 6, 188.88, 507184, 29
3363, 17, 90, 103, 14, 0, 42.03%, 0, 0, 6, 177.56, 508133, 29
3368, 17, 1, 103, 14, 0, 42.03%, 0, 0, 6, 187.01, 509123, 29
3373, 17, 1, 103, 14, 0, 42.03%, 0, 0, 6, 193.29, 510128, 29
3378, 17, 34, 103, 14, 0, 42.03%, 0, 0, 6, 187.32, 511085, 29
3383, 17, 36, 103, 14, 0, 42.03%, 0, 0, 6, 193.94, 512057, 29
3388, 17, 18, 103, 14, 0, 42.03%, 0, 0, 6, 193.04, 513050, 29
3393, 17, 59, 103, 14, 0, 42.03%, 0, 0, 6, 186.27, 514016, 29
3399, 17, 90, 103, 14, 0, 42.03%, 0, 0, 6, 181.73, 514958, 29
3404, 17, 21, 103, 14, 0, 42.03%, 0, 0, 6, 187.68, 515931, 29
3409, 17, 1, 103, 14, 0, 42.03%, 0, 0, 6, 192.82, 516921, 29
3414, 17, 13, 103, 14, 0, 42.03%, 0, 0, 6, 192.49, 517914, 29
3419, 17, 13, 103, 14, 0, 42.03%, 0, 0, 6, 192.86, 518902, 29
3424, 18, 21, 103, 14, 0, 42.03%, 0, 0, 6, 194.85, 519904, 29
3430, 18, 64, 103, 14, 0, 42.03%, 0, 0, 6, 192.06, 520879, 29
3435, 18, 1, 103, 13, 0, 42.03%, 0, 0, 6, 189.60, 521836, 29
3440, 18, 13, 103, 13, 0, 42.03%, 0, 0, 6, 188.33, 522796, 29
3445, 18, 1, 103, 13, 0, 42.03%, 0, 0, 6, 187.82, 523771, 29
3450, 18, 1, 103, 13, 0, 42.03%, 0, 0, 6, 182.79, 524718, 29
3455, 18, 34, 103, 13, 0, 42.03%, 0, 0, 6, 191.55, 525727, 29
3460, 18, 90, 103, 13, 0, 42.03%, 0, 0, 6, 194.86, 526742, 29
3466, 18, 17, 103, 13, 0, 42.03%, 0, 0, 6, 191.58, 527709, 29
3471, 18, 36, 103, 13, 0, 42.03%, 0, 0, 6, 184.67, 528656, 29
3476, 18, 94, 103, 13, 0, 42.03%, 0, 0, 6, 148.18, 529357, 29
3481, 18, 94, 103, 13, 0, 42.03%, 0, 0, 6, 141.59, 530073, 29
3486, 18, 13, 103, 12, 0, 42.03%, 0, 0, 6, 157.67, 530862, 29
3491, 18, 43, 103, 12, 0, 42.03%, 0, 0, 6, 173.85, 531781, 29
3497, 18, 13, 103, 12, 0, 42.03%, 0, 0, 6, 184.00, 532747, 29
3502, 18, 1, 103, 11, 0, 42.03%, 0, 0, 6, 183.70, 533671, 29
3507, 18, 51, 103, 11, 0, 42.03%, 0, 0, 6, 178.49, 534593, 29
3512, 18, 34, 103, 10, 0, 42.03%, 0, 0, 6, 178.22, 535546, 29
3517, 18, 36, 103, 9, 0, 42.03%, 0, 0, 6, 185.77, 536529, 29
3522, 18, 1, 103, 9, 0, 42.03%, 0, 0, 6, 186.50, 537465, 29
3527, 18, 43, 103, 9, 0, 42.03%, 0, 0, 6, 186.30, 538441, 29
3533, 18, 12, 103, 9, 0, 42.03%, 0, 0, 6, 181.92, 539409, 29
3538, 18, 36, 103, 9, 0, 42.03%, 0, 0, 6, 182.23, 540330, 29
3543, 18, 59, 103, 9, 0, 42.03%, 0, 0, 6, 186.68, 541290, 29
3548, 18, 36, 103, 9, 0, 42.03%, 0, 0, 6, 181.98, 542241, 29
3553, 18, 34, 103, 9, 0, 42.03%, 0, 0, 6, 183.36, 543189, 29
3558, 18, 90, 103, 9, 0, 42.03%, 0, 0, 6, 184.75, 544153, 29
3564, 18, 90, 103, 9, 0, 42.03%, 0, 0, 6, 182.76, 545099, 29
3569, 18, 59, 103, 9, 0, 42.03%, 0, 0, 6, 181.58, 546046, 29
3574, 18, 36, 103, 9, 0, 42.03%, 0, 0, 6, 179.02, 546979, 29
3579, 18, 1, 103, 9, 0, 42.03%, 0, 0, 6, 191.13, 547970, 29
3584, 18, 90, 103, 9, 0, 42.03%, 0, 0, 6, 184.47, 548888, 29
3589, 19, 90, 103, 9, 0, 42.03%, 0, 0, 6, 180.17, 549838, 29
3594, 19, 12, 103, 9, 0, 42.03%, 0, 0, 6, 183.53, 550771, 29
3600, 19, 1, 103, 9, 0, 42.03%, 0, 0, 6, 187.43, 551758, 29
3605, 19, 1, 103, 9, 0, 42.03%, 0, 0, 6, 182.03, 552700, 29
3610, 19, 17, 103, 9, 0, 42.03%, 0, 0, 6, 178.40, 553642, 29
3615, 19, 1, 103, 9, 0, 42.03%, 0, 0, 6, 176.25, 554557, 29
3620, 19, 17, 103, 9, 0, 42.03%, 0, 0, 6, 186.59, 555531, 29
3626, 19, 90, 103, 9, 0, 42.03%, 0, 0, 6, 183.96, 556483, 29
3631, 19, 12, 103, 9, 0, 42.03%, 0, 0, 6, 145.70, 557184, 29
3636, 19, 1, 103, 9, 0, 42.03%, 0, 0, 6, 140.23, 557896, 29
3641, 19, 59, 103, 9, 0, 42.03%, 0, 0, 6, 164.96, 558724, 29
3646, 19, 12, 103, 9, 0, 42.03%, 0, 0, 6, 185.18, 559697, 29
3651, 19, 21, 103, 9, 0, 42.03%, 0, 0, 6, 179.87, 560601, 29
3656, 19, 1, 103, 9, 0, 42.03%, 0, 0, 6, 191.87, 561591, 29
3661, 19, 1, 103, 9, 0, 42.03%, 0, 0, 6, 190.52, 562545, 29
3667, 19, 1, 103, 9, 0, 42.03%, 0, 0, 6, 189.85, 563522, 29
3672, 19, 13, 103, 9, 0, 42.03%, 0, 0, 6, 184.48, 564434, 29
3677, 19, 34, 103, 9, 0, 42.03%, 0, 0, 6, 184.11, 565392, 29
3682, 19, 36, 103, 9, 0, 42.03%, 0, 0, 6, 191.88, 566382, 29
3687, 19, 36, 103, 9, 0, 42.03%, 0, 0, 6, 194.67, 567348, 29
3692, 19, 21, 103, 9, 0, 42.03%, 0, 0, 6, 192.10, 568335, 29
3697, 19, 13, 103, 9, 0, 42.03%, 0, 0, 6, 194.02, 569316, 29
3702, 19, 1, 103, 9, 0, 42.03%, 0, 0, 6, 191.12, 570303, 29
3707, 19, 1, 103, 9, 0, 42.03%, 0, 0, 6, 190.38, 571299, 29
3713, 19, 13, 103, 9, 0, 42.03%, 0, 0, 6, 179.14, 572214, 29
3718, 19, 1, 103, 9, 0, 42.03%, 0, 0, 6, 183.36, 573150, 29
3723, 19, 90, 103, 9, 0, 42.03%, 0, 0, 6, 181.07, 574054, 29
3728, 19, 1, 103, 9, 0, 42.03%, 0, 0, 6, 178.46, 574984, 29
3733, 20, 18, 103, 9, 0, 42.03%, 0, 0, 6, 189.15, 575973, 29
3738, 20, 90, 103, 9, 0, 42.03%, 0, 0, 6, 182.89, 576922, 29
3743, 20, 12, 103, 9, 0, 42.03%, 0, 0, 6, 184.50, 577868, 29
3748, 20, 1, 103, 9, 0, 42.03%, 0, 0, 6, 189.56, 578819, 29
3753, 20, 1, 103, 9, 0, 42.03%, 0, 0, 6, 185.74, 579752, 29
3758, 20, 1, 103, 9, 0, 42.03%, 0, 0, 6, 186.80, 580694, 29
3764, 20, 18, 103, 9, 0, 42.03%, 0, 0, 6, 190.26, 581672, 29
3769, 20, 1, 103, 9, 0, 42.03%, 0, 0, 6, 181.84, 582602, 29
3774, 20, 34, 103, 9, 0, 42.03%, 0, 0, 6, 179.53, 583514, 29
3779, 20, 21, 103, 9, 0, 42.03%, 0, 0, 6, 181.23, 584431, 29
3784, 20, 1, 103, 9, 0, 42.03%, 0, 0, 6, 180.44, 585344, 29
3789, 20, 90, 103, 9, 0, 42.03%, 0, 0, 6, 178.88, 586256, 29
3794, 20, 17, 103, 9, 0, 42.03%, 0, 0, 6, 187.79, 587214, 29
3799, 20, 43, 103, 9, 0, 42.03%, 0, 0, 6, 196.17, 588216, 29
3804, 20, 1, 103, 9, 0, 42.03%, 0, 0, 6, 194.09, 589197, 29
3809, 20, 12, 103, 9, 0, 42.03%, 0, 0, 6, 185.78, 590100, 29
3814, 20, 17, 103, 9, 0, 42.03%, 0, 0, 6, 167.96, 590952, 29
3819, 20, 90, 103, 9, 0, 42.03%, 0, 0, 6, 178.96, 591903, 29
3825, 20, 1, 103, 8, 0, 42.03%, 0, 0, 6, 178.78, 592815, 29
3830, 20, 36, 103, 8, 0, 42.03%, 0, 0, 6, 189.34, 593808, 29
3835, 20, 1, 103, 8, 0, 42.03%, 0, 0, 6, 194.31, 594783, 29
3840, 20, 90, 103, 8, 0, 42.03%, 0, 0, 6, 182.99, 595720, 29
3845, 20, 1, 103, 8, 0, 42.03%, 0, 0, 6, 177.16, 596659, 29
3850, 20, 1, 103, 8, 0, 42.03%, 0, 0, 6, 168.85, 597510, 29
3856, 20, 18, 103, 8, 0, 42.03%, 0, 0, 6, 176.89, 598420, 29
3861, 20, 36, 103, 8, 0, 42.03%, 0, 0, 6, 185.66, 599386, 29
3866, 20, 34, 103, 8, 0, 42.03%, 0, 0, 6, 187.24, 600352, 29
3871, 20, 43, 103, 8, 0, 42.03%, 0, 0, 6, 188.89, 601321, 29
3876, 20, 34, 103, 8, 0, 42.03%, 0, 0, 6, 181.61, 602197, 29
3881, 21, 21, 103, 8, 0, 42.03%, 0, 0, 6, 186.08, 603178, 29
3887, 21, 1, 103, 8, 0, 42.03%, 0, 0, 6, 186.84, 604135, 29
3892, 21, 43, 103, 8, 0, 42.03%, 0, 0, 6, 191.87, 605100, 29
3897, 21, 36, 103, 8, 0, 42.03%, 0, 0, 6, 190.39, 606051, 29
3902, 21, 1, 103, 8, 0, 42.03%, 0, 0, 6, 195.80, 607042, 29
3907, 21, 1, 103, 8, 0, 42.03%, 0, 0, 6, 190.91, 608030, 29
3912, 21, 1, 103, 8, 0, 42.03%, 0, 0, 6, 189.32, 609017, 29
3917, 21, 1, 103, 8, 0, 42.03%, 0, 0, 6, 192.34, 610032, 29
3922, 21, 90, 103, 8, 0, 42.03%, 0, 0, 6, 191.81, 611007, 29
3927, 21, 21, 103, 8, 0, 42.03%, 0, 0, 6, 191.15, 611957, 29
3932, 21, 43, 103, 8, 0, 42.03%, 0, 0, 6, 189.00, 612919, 29
3938, 21, 43, 103, 8, 0, 42.03%, 0, 0, 6, 184.71, 613877, 29
3943, 21, 12, 103, 8, 0, 42.03%, 0, 0, 6, 177.29, 614821, 29
3948, 21, 21, 103, 8, 0, 42.03%, 0, 0, 6, 177.44, 615742, 29
3953, 21, 1, 103, 8, 0, 42.03%, 0, 0, 6, 183.19, 616669, 29
3958, 21, 43, 103, 8, 0, 42.03%, 0, 0, 6, 184.18, 617644, 29
3963, 21, 1, 103, 8, 0, 42.03%, 0, 0, 6, 184.22, 618561, 29
3969, 21, 1, 103, 8, 0, 42.03%, 0, 0, 6, 188.77, 619528, 29
3974, 21, 36, 103, 8, 0, 42.03%, 0, 0, 6, 192.03, 620491, 29
3979, 21, 18, 103, 8, 0, 42.03%, 0, 0, 6, 190.25, 621481, 29
3984, 21, 1, 103, 8, 0, 42.03%, 0, 0, 6, 183.67, 622408, 29
3989, 21, 17, 103, 8, 0, 42.03%, 0, 0, 6, 189.74, 623395, 29
3994, 21, 17, 103, 8, 0, 42.03%, 0, 0, 6, 187.19, 624370, 29
3999, 21, 1, 103, 8, 0, 42.03%, 0, 0, 6, 187.59, 625339, 29
4004, 21, 17, 103, 8, 0, 42.03%, 0, 0, 6, 179.85, 626259, 29
4009, 21, 21, 103, 8, 0, 42.03%, 0, 0, 6, 187.16, 627213, 29
4015, 21, 1, 103, 8, 0, 42.03%, 0, 0, 6, 188.41, 628182, 29
4020, 21, 1, 103, 8, 0, 42.03%, 0, 0, 6, 182.82, 629119, 29
4025, 21, 36, 103, 8, 0, 42.03%, 0, 0, 6, 177.59, 630056, 29
4030, 21, 59, 103, 8, 0, 42.03%, 0, 0, 6, 188.28, 631025, 29
4035, 22, 43, 103, 8, 0, 42.03%, 0, 0, 6, 193.16, 632020, 29
4040, 22, 17, 103, 8, 0, 42.03%, 0, 0, 6, 190.68, 632972, 29
4046, 22, 34, 103, 8, 0, 42.03%, 0, 0, 6, 191.87, 633964, 29
4051, 22, 1, 103, 8, 0, 42.03%, 0, 0, 6, 182.47, 634913, 29
4056, 22, 13, 103, 8, 0, 42.03%, 0, 0, 6, 186.31, 635861, 29
4061, 22, 34, 104, 9, 0, 42.03%, 0, 0, 6, 185.08, 636799, 29
4066, 22, 43, 104, 9, 0, 42.03%, 0, 0, 6, 189.55, 637744, 29
4071, 22, 34, 104, 9, 0, 42.03%, 0, 0, 6, 183.38, 638689, 29
4076, 22, 1, 104, 9, 0, 42.03%, 0, 0, 6, 180.58, 639601, 29
4081, 22, 21, 104, 9, 0, 42.03%, 0, 0, 6, 179.89, 640507, 29
4086, 22, 59, 104, 9, 0, 42.03%, 0, 0, 6, 185.10, 641467, 29
4092, 22, 34, 104, 9, 0, 42.03%, 0, 0, 6, 192.53, 642460, 29
4097, 22, 1, 104, 9, 0, 42.03%, 0, 0, 6, 192.25, 643441, 29
4102, 22, 1, 104, 9, 0, 42.03%, 0, 0, 6, 186.83, 644422, 29
4107, 22, 1, 104, 9, 0, 42.03%, 0, 0, 6, 179.87, 645316, 29
4112, 22, 17, 104, 9, 0, 42.03%, 0, 0, 6, 177.90, 646237, 29
4117, 22, 21, 104, 9, 0, 42.03%, 0, 0, 6, 187.56, 647222, 29
4123, 22, 34, 104, 9, 0, 42.03%, 0, 0, 6, 190.66, 648215, 29
4128, 22, 18, 104, 9, 0, 42.03%, 0, 0, 6, 186.36, 649187, 29
4133, 22, 1, 104, 9, 0, 42.03%, 0, 0, 6, 188.99, 650162, 29
4138, 22, 1, 104, 9, 0, 42.03%, 0, 0, 6, 184.61, 651101, 29
4143, 22, 38, 104, 9, 0, 42.03%, 0, 0, 6, 181.44, 652065, 29
4148, 22, 36, 104, 9, 0, 42.03%, 0, 0, 6, 180.91, 652973, 29
4153, 22, 13, 104, 9, 0, 42.03%, 0, 0, 6, 188.86, 653936, 29
4158, 22, 34, 104, 9, 0, 42.03%, 0, 0, 6, 187.78, 654881, 29
4163, 22, 1, 104, 9, 0, 42.03%, 0, 0, 6, 188.67, 655868, 29
4168, 22, 18, 104, 9, 0, 42.03%, 0, 0, 6, 188.90, 656852, 29
4174, 22, 1, 104, 9, 0, 42.03%, 0, 0, 6, 187.65, 657811, 29
4179, 23, 103, 104, 9, 0, 42.03%, 0, 0, 6, 176.39, 658729, 29
4184, 23, 103, 104, 9, 0, 42.03%, 0, 0, 6, 182.91, 659674, 29
4189, 23, 103, 104, 9, 0, 42.03%, 0, 0, 6, 179.66, 660605, 29
4194, 23, 17, 104, 8, 0, 42.03%, 0, 0, 6, 187.94, 661587, 29
4199, 23, 1, 104, 8, 0, 42.03%, 0, 0, 6, 183.00, 662529, 29
4205, 23, 1, 104, 8, 0, 42.03%, 0, 0, 6, 183.33, 663477, 29
4210, 23, 1, 104, 8, 0, 42.03%, 0, 0, 6, 191.76, 664476, 29
4215, 23, 1, 104, 8, 0, 42.03%, 0, 0, 6, 191.09, 665446, 29
4220, 23, 43, 104, 8, 0, 42.03%, 0, 0, 6, 188.00, 666424, 29
4225, 23, 90, 104, 8, 0, 42.03%, 0, 0, 6, 185.77, 667400, 29
4231, 23, 21, 104, 8, 0, 42.03%, 0, 0, 6, 193.17, 668398, 29
4236, 23, 12, 104, 8, 0, 42.03%, 0, 0, 6, 189.21, 669371, 29
4241, 23, 59, 104, 8, 0, 42.03%, 0, 0, 6, 188.65, 670356, 29
4246, 23, 1, 104, 7, 0, 42.03%, 0, 0, 6, 183.00, 671283, 29
4251, 23, 17, 104, 7, 0, 42.03%, 0, 0, 6, 193.80, 672294, 29
4256, 23, 90, 104, 7, 0, 42.03%, 0, 0, 6, 188.41, 673270, 29
4262, 23, 17, 104, 7, 0, 42.03%, 0, 0, 6, 179.87, 674191, 29
4267, 23, 103, 104, 7, 0, 42.03%, 0, 0, 6, 172.55, 675069, 29
4272, 23, 1, 104, 6, 0, 42.03%, 0, 0, 6, 178.72, 676000, 29
4277, 23, 21, 104, 6, 0, 42.03%, 0, 0, 6, 184.46, 676954, 29
4282, 23, 36, 104, 6, 0, 42.03%, 0, 0, 6, 180.41, 677890, 29
4287, 23, 21, 104, 6, 0, 42.03%, 0, 0, 6, 172.38, 678767, 29
4293, 23, 23, 104, 6, 0, 42.03%, 0, 0, 6, 186.59, 679733, 29
4298, 23, 1, 104, 6, 0, 42.03%, 0, 0, 6, 186.17, 680673, 29
4303, 23, 90, 104, 6, 0, 42.03%, 0, 0, 6, 185.03, 681607, 29
4308, 23, 59, 104, 6, 0, 42.03%, 0, 0, 6, 187.39, 682555, 29
4313, 23, 18, 104, 6, 0, 42.03%, 0, 0, 6, 188.40, 683545, 29
4318, 23, 1, 104, 6, 0, 42.03%, 0, 0, 6, 187.69, 684529, 29
4323, 23, 13, 104, 6, 0, 42.03%, 0, 0, 6, 185.63, 685501, 29
4328, 23, 17, 104, 6, 0, 42.03%, 0, 0, 6, 181.62, 686446, 29
4334, 23, 90, 104, 6, 0, 42.03%, 0, 0, 6, 193.50, 687470, 29
4339, 24, 13, 104, 6, 0, 42.03%, 0, 0, 6, 189.30, 688429, 29
4344, 24, 1, 104, 6, 0, 42.03%, 0, 0, 6, 194.43, 689438, 29
4349, 24, 13, 104, 6, 0, 42.03%, 0, 0, 6, 184.16, 690395, 29
4354, 24, 1, 104, 6, 0, 42.03%, 0, 0, 6, 187.08, 691340, 29
4359, 24, 1, 104, 6, 0, 42.03%, 0, 0, 6, 186.55, 692309, 29
4365, 24, 1, 104, 6, 0, 42.03%, 0, 0, 6, 182.63, 693248, 29
4370, 24, 1, 104, 6, 0, 42.03%, 0, 0, 6, 182.17, 694197, 29
4375, 24, 59, 104, 6, 0, 42.03%, 0, 0, 6, 166.04, 695049, 29
4380, 24, 1, 104, 6, 0, 42.03%, 0, 0, 6, 178.49, 695967, 29
4385, 24, 13, 104, 6, 0, 42.03%, 0, 0, 6, 183.42, 696882, 29
4390, 24, 36, 104, 6, 0, 42.03%, 0, 0, 6, 182.38, 697809, 29
4395, 24, 34, 104, 6, 0, 42.03%, 0, 0, 6, 189.13, 698766, 29
4401, 24, 36, 104, 6, 0, 42.03%, 0, 0, 6, 192.80, 699776, 29
4406, 24, 43, 104, 6, 0, 42.03%, 0, 0, 6, 194.81, 700776, 29
4411, 24, 18, 104, 6, 0, 42.03%, 0, 0, 6, 187.07, 701695, 29
4416, 24, 1, 104, 6, 0, 42.03%, 0, 0, 6, 186.00, 702658, 29
4421, 24, 1, 104, 6, 0, 42.03%, 0, 0, 6, 193.69, 703660, 29
4424, 24, 90, 104, 6, 0, 42.03%, 1, 0, 6, 0.00, 704231, 29
