# relative_time, cycles_done, cur_item, corpus_count, pending_total, pending_favs, map_size, saved_crashes, saved_hangs, max_depth, execs_per_sec, total_execs, edges_found
63, 2, 0, 17, 13, 0, 24.64%, 0, 0, 3, 210.36, 36999, 17
69, 3, 0, 17, 13, 0, 24.64%, 0, 0, 3, 748.01, 41528, 17
74, 3, 17, 20, 15, 0, 28.99%, 0, 0, 3, 809.07, 45674, 20
86, 3, 17, 20, 15, 0, 28.99%, 0, 0, 3, 16.04, 47777, 20
91, 3, 0, 25, 16, 0, 34.78%, 0, 0, 4, 891.62, 52281, 24
96, 3, 20, 26, 16, 0, 34.78%, 0, 0, 4, 849.64, 56472, 24
102, 3, 0, 28, 18, 0, 34.78%, 0, 0, 4, 873.85, 60860, 24
107, 4, 24, 30, 20, 0, 36.23%, 0, 0, 4, 833.78, 65146, 25
112, 4, 28, 30, 19, 0, 36.23%, 0, 0, 4, 842.95, 69037, 25
121, 4, 28, 33, 22, 0, 39.13%, 0, 0, 4, 30.47, 72510, 27
126, 4, 28, 33, 22, 0, 39.13%, 0, 0, 4, 895.76, 77084, 27
131, 4, 31, 37, 25, 1, 39.13%, 0, 0, 5, 866.99, 81317, 27
136, 4, 0, 39, 26, 0, 39.13%, 0, 0, 5, 866.29, 85638, 27
141, 4, 36, 40, 27, 0, 39.13%, 0, 0, 6, 870.98, 90006, 27
146, 4, 20, 40, 26, 0, 39.13%, 0, 0, 6, 865.57, 94402, 27
155, 4, 0, 40, 26, 0, 39.13%, 0, 0, 6, 12.77, 97399, 27
160, 5, 0, 40, 26, 0, 39.13%, 0, 0, 6, 878.20, 101843, 27
165, 5, 35, 41, 26, 0, 39.13%, 0, 0, 6, 880.63, 106243, 27
170, 5, 43, 44, 27, 0, 39.13%, 0, 0, 6, 870.41, 110539, 27
175, 5, 0, 48, 29, 0, 40.58%, 0, 0, 6, 861.68, 114801, 28
180, 5, 47, 48, 29, 0, 40.58%, 0, 0, 6, 875.89, 119107, 28
182, 5, 44, 49, 29, 0, 40.58%, 1, 0, 7, 0.00, 120724, 28
