# relative_time, cycles_done, cur_item, corpus_count, pending_total, pending_favs, map_size, saved_crashes, saved_hangs, max_depth, execs_per_sec, total_execs, edges_found
63, 0, 0, 17, 17, 1, 30.43%, 0, 0, 2, 772.28, 36706, 21
69, 0, 0, 18, 18, 1, 30.43%, 0, 0, 2, 843.68, 41173, 21
74, 0, 0, 18, 18, 1, 30.43%, 0, 0, 2, 848.20, 45525, 21
86, 0, 0, 18, 18, 1, 30.43%, 0, 0, 2, 3.25, 47431, 21
91, 0, 0, 18, 18, 1, 30.43%, 0, 0, 2, 886.85, 51953, 21
96, 0, 0, 18, 18, 1, 30.43%, 0, 0, 2, 848.56, 56021, 21
102, 0, 0, 18, 18, 1, 30.43%, 0, 0, 2, 863.52, 60317, 21
107, 0, 0, 18, 18, 1, 30.43%, 0, 0, 2, 868.45, 64516, 21
112, 0, 0, 18, 18, 1, 30.43%, 0, 0, 2, 849.55, 68426, 21
121, 0, 0, 18, 18, 1, 30.43%, 0, 0, 2, 27.57, 71775, 21
126, 0, 0, 18, 18, 1, 30.43%, 0, 0, 2, 873.85, 76263, 21
131, 0, 0, 18, 18, 1, 30.43%, 0, 0, 2, 823.77, 80501, 21
136, 0, 0, 18, 18, 1, 30.43%, 0, 0, 2, 861.43, 84780, 21
141, 0, 0, 18, 18, 1, 30.43%, 0, 0, 2, 855.56, 89132, 21
146, 0, 0, 18, 18, 1, 30.43%, 0, 0, 2, 877.83, 93569, 21
155, 0, 0, 18, 18, 1, 30.43%, 0, 0, 2, 13.56, 96578, 21
160, 0, 0, 18, 18, 1, 30.43%, 0, 0, 2, 878.76, 100947, 21
165, 0, 0, 18, 18, 1, 30.43%, 0, 0, 2, 905.65, 105299, 21
170, 0, 0, 18, 18, 1, 30.43%, 0, 0, 2, 873.90, 109719, 21
175, 0, 0, 18, 18, 1, 30.43%, 0, 0, 2, 770.16, 113981, 21
180, 0, 0, 18, 18, 1, 30.43%, 0, 0, 2, 846.53, 118245, 21
185, 0, 0, 18, 18, 1, 30.43%, 0, 0, 2, 864.65, 122571, 21
191, 0, 0, 18, 18, 1, 30.43%, 0, 0, 2, 804.39, 127093, 21
196, 0, 0, 18, 18, 1, 30.43%, 0, 0, 2, 852.73, 131397, 21
201, 0, 0, 18, 18, 1, 30.43%, 0, 0, 2, 856.34, 135763, 21
206, 0, 0, 18, 18, 1, 30.43%, 0, 0, 2, 860.93, 139962, 21
211, 0, 0, 18, 18, 1, 30.43%, 0, 0, 2, 871.06, 144365, 21
216, 0, 0, 18, 18, 1, 30.43%, 0, 0, 2, 906.20, 148751, 21
221, 0, 0, 18, 18, 1, 30.43%, 0, 0, 2, 876.46, 153120, 21
228, 0, 0, 18, 18, 1, 30.43%, 0, 0, 2, 27.78, 156248, 21
233, 0, 0, 18, 18, 1, 30.43%, 0, 0, 2, 903.65, 160919, 21
238, 0, 0, 18, 18, 1, 30.43%, 0, 0, 2, 884.04, 165258, 21
244, 0, 0, 18, 18, 1, 30.43%, 0, 0, 2, 862.46, 169695, 21
249, 0, 0, 18, 18, 1, 30.43%, 0, 0, 2, 856.36, 174047, 21
254, 0, 0, 18, 18, 1, 30.43%, 0, 0, 2, 915.00, 178531, 21
259, 0, 0, 18, 18, 1, 30.43%, 0, 0, 2, 883.43, 183091, 21
264, 0, 0, 18, 18, 1, 30.43%, 0, 0, 2, 870.00, 187477, 21
269, 0, 0, 18, 18, 1, 30.43%, 0, 0, 2, 867.55, 190333, 21
274, 0, 0, 18, 18, 1, 30.43%, 0, 0, 2, 828.27, 194261, 21
279, 0, 0, 18, 18, 1, 30.43%, 0, 0, 2, 868.39, 198697, 21
284, 0, 0, 18, 18, 1, 30.43%, 0, 0, 2, 842.43, 202964, 21
289, 0, 0, 18, 18, 1, 30.43%, 0, 0, 2, 917.96, 207287, 21
295, 0, 0, 18, 18, 1, 30.43%, 0, 0, 2, 897.97, 211872, 21
300, 0, 0, 18, 18, 1, 30.43%, 0, 0, 2, 922.46, 216215, 21
306, 0, 0, 18, 18, 1, 30.43%, 0, 0, 2, 27.84, 220185, 21
311, 0, 0, 18, 18, 1, 30.43%, 0, 0, 2, 865.05, 224486, 21
316, 0, 0, 18, 18, 1, 30.43%, 0, 0, 2, 878.37, 228821, 21
321, 0, 0, 18, 18, 1, 30.43%, 0, 0, 2, 870.80, 233309, 21
326, 0, 0, 18, 18, 1, 30.43%, 0, 0, 2, 873.56, 237627, 21
331, 0, 0, 18, 18, 1, 30.43%, 0, 0, 2, 842.60, 242085, 21
336, 0, 0, 18, 18, 1, 30.43%, 0, 0, 2, 872.88, 246382, 21
342, 0, 0, 18, 18, 1, 30.43%, 0, 0, 2, 909.97, 250721, 21
347, 0, 0, 18, 18, 1, 30.43%, 0, 0, 2, 894.57, 255154, 21
352, 0, 0, 18, 18, 1, 30.43%, 0, 0, 2, 905.68, 259559, 21
357, 0, 0, 18, 18, 1, 30.43%, 0, 0, 2, 891.69, 263926, 21
362, 0, 0, 18, 18, 1, 30.43%, 0, 0, 2, 909.20, 268325, 21
367, 0, 0, 18, 18, 1, 30.43%, 0, 0, 2, 907.68, 272897, 21
372, 0, 0, 18, 18, 1, 30.43%, 0, 0, 2, 907.95, 277325, 21
377, 0, 0, 18, 18, 1, 30.43%, 0, 0, 2, 897.83, 281691, 21
382, 0, 0, 18, 18, 1, 30.43%, 0, 0, 2, 893.69, 286145, 21
387, 0, 0, 18, 18, 1, 30.43%, 0, 0, 2, 907.16, 290681, 21
393, 0, 0, 18, 18, 1, 30.43%, 0, 0, 2, 917.46, 295343, 21
398, 0, 0, 18, 18, 1, 30.43%, 0, 0, 2, 896.39, 299830, 21
403, 0, 0, 18, 18, 1, 30.43%, 0, 0, 2, 895.49, 304250, 21
408, 0, 0, 18, 18, 1, 30.43%, 0, 0, 2, 898.15, 308687, 21
413, 0, 0, 18, 18, 1, 30.43%, 0, 0, 2, 913.56, 313307, 21
418, 0, 0, 18, 18, 1, 30.43%, 0, 0, 2, 918.48, 317933, 21
423, 0, 0, 18, 18, 1, 30.43%, 0, 0, 2, 913.54, 322397, 21
429, 0, 0, 18, 18, 1, 30.43%, 0, 0, 2, 877.15, 326915, 21
434, 0, 0, 18, 18, 1, 30.43%, 0, 0, 2, 892.15, 331415, 21
439, 0, 0, 18, 18, 1, 30.43%, 0, 0, 2, 897.02, 335915, 21
444, 0, 0, 18, 18, 1, 30.43%, 0, 0, 2, 891.47, 340361, 21
449, 0, 0, 18, 18, 1, 30.43%, 0, 0, 2, 871.73, 344948, 21
454, 0, 0, 18, 18, 1, 30.43%, 0, 0, 2, 890.21, 349640, 21
459, 0, 0, 18, 18, 1, 30.43%, 0, 0, 2, 890.59, 354094, 21
464, 0, 0, 18, 18, 1, 30.43%, 0, 0, 2, 892.81, 358735, 21
469, 0, 0, 18, 18, 1, 30.43%, 0, 0, 2, 901.35, 363274, 21
474, 0, 0, 18, 18, 1, 30.43%, 0, 0, 2, 902.04, 367793, 21
479, 0, 0, 18, 18, 1, 30.43%, 0, 0, 2, 879.54, 372335, 21
485, 0, 0, 18, 18, 1, 30.43%, 0, 0, 2, 882.04, 376959, 21
490, 0, 0, 18, 18, 1, 30.43%, 0, 0, 2, 897.76, 381600, 21
495, 0, 0, 18, 18, 1, 30.43%, 0, 0, 2, 901.28, 386224, 21
500, 0, 0, 18, 18, 1, 30.43%, 0, 0, 2, 891.26, 390661, 21
505, 0, 0, 18, 18, 1, 30.43%, 0, 0, 2, 905.92, 395171, 21
510, 0, 0, 18, 18, 1, 30.43%, 0, 0, 2, 910.58, 399689, 21
515, 0, 0, 18, 18, 1, 30.43%, 0, 0, 2, 903.27, 404333, 21
520, 0, 0, 18, 18, 1, 30.43%, 0, 0, 2, 913.64, 409031, 21
525, 0, 0, 18, 18, 1, 30.43%, 0, 0, 2, 927.70, 413549, 21
530, 0, 0, 18, 18, 1, 30.43%, 0, 0, 2, 923.52, 418121, 21
536, 0, 0, 18, 18, 1, 30.43%, 0, 0, 2, 914.64, 422819, 21
541, 0, 0, 18, 18, 1, 30.43%, 0, 0, 2, 896.55, 427409, 21
546, 0, 0, 18, 18, 1, 30.43%, 0, 0, 2, 577.65, 431959, 21
551, 0, 0, 18, 18, 1, 30.43%, 0, 0, 2, 843.36, 436501, 21
556, 0, 0, 18, 18, 1, 30.43%, 0, 0, 2, 892.29, 441066, 21
561, 0, 0, 18, 18, 1, 30.43%, 0, 0, 2, 911.92, 445769, 21
566, 0, 0, 18, 18, 1, 30.43%, 0, 0, 2, 911.85, 450251, 21
571, 0, 0, 18, 18, 1, 30.43%, 0, 0, 2, 919.68, 454913, 21
577, 0, 0, 18, 18, 1, 30.43%, 0, 0, 2, 912.89, 459413, 21
582, 0, 0, 18, 18, 1, 30.43%, 0, 0, 2, 907.74, 463877, 21
587, 0, 0, 18, 18, 1, 30.43%, 0, 0, 2, 917.36, 468557, 21
592, 0, 0, 18, 18, 1, 30.43%, 0, 0, 2, 919.82, 473219, 21
597, 0, 0, 18, 18, 1, 30.43%, 0, 0, 2, 914.71, 477809, 21
602, 0, 0, 18, 18, 1, 30.43%, 0, 0, 2, 920.64, 482507, 21
607, 0, 0, 18, 18, 1, 30.43%, 0, 0, 2, 911.98, 487061, 21
612, 0, 0, 18, 18, 1, 30.43%, 0, 0, 2, 918.75, 491579, 21
617, 0, 0, 18, 18, 1, 30.43%, 0, 0, 2, 925.27, 496223, 21
622, 0, 0, 18, 18, 1, 30.43%, 0, 0, 2, 927.63, 500831, 21
627, 0, 0, 18, 18, 1, 30.43%, 0, 0, 2, 934.81, 505457, 21
633, 0, 0, 18, 18, 1, 30.43%, 0, 0, 2, 940.68, 510299, 21
638, 0, 0, 18, 18, 1, 30.43%, 0, 0, 2, 933.25, 514907, 21
643, 0, 0, 18, 18, 1, 30.43%, 0, 0, 2, 937.36, 519713, 21
648, 0, 0, 18, 18, 1, 30.43%, 0, 0, 2, 939.74, 524537, 21
653, 0, 0, 18, 18, 1, 30.43%, 0, 0, 2, 932.78, 529163, 21
658, 0, 0, 18, 18, 1, 30.43%, 0, 0, 2, 941.70, 533987, 21
663, 0, 0, 18, 18, 1, 30.43%, 0, 0, 2, 944.95, 538829, 21
669, 0, 0, 18, 18, 1, 30.43%, 0, 0, 2, 915.60, 543545, 21
674, 0, 0, 18, 18, 1, 30.43%, 0, 0, 2, 920.39, 548207, 21
679, 0, 0, 18, 18, 1, 30.43%, 0, 0, 2, 912.21, 552851, 21
684, 0, 0, 18, 18, 1, 30.43%, 0, 0, 2, 917.51, 557513, 21
689, 0, 0, 18, 18, 1, 30.43%, 0, 0, 2, 912.12, 562139, 21
694, 0, 0, 18, 18, 1, 30.43%, 0, 0, 2, 914.57, 566801, 21
699, 0, 0, 18, 18, 1, 30.43%, 0, 0, 2, 905.54, 571427, 21
704, 0, 0, 18, 18, 1, 30.43%, 0, 0, 2, 911.75, 576107, 21
709, 0, 0, 18, 18, 1, 30.43%, 0, 0, 2, 916.69, 580913, 21
714, 0, 0, 18, 18, 1, 30.43%, 0, 0, 2, 917.45, 585737, 21
719, 0, 0, 18, 18, 1, 30.43%, 0, 0, 2, 924.96, 590399, 21
724, 0, 0, 18, 18, 1, 30.43%, 0, 0, 2, 932.74, 595097, 21
729, 0, 0, 18, 18, 1, 30.43%, 0, 0, 2, 933.43, 599957, 21
734, 0, 0, 18, 18, 1, 30.43%, 0, 0, 2, 928.68, 604619, 21
740, 0, 0, 18, 18, 1, 30.43%, 0, 0, 2, 929.36, 609461, 21
745, 0, 0, 18, 18, 1, 30.43%, 0, 0, 2, 928.99, 614303, 21
750, 0, 0, 18, 18, 1, 30.43%, 0, 0, 2, 924.26, 618983, 21
755, 0, 0, 18, 18, 1, 30.43%, 0, 0, 2, 935.43, 623843, 21
760, 0, 0, 18, 18, 1, 30.43%, 0, 0, 2, 932.73, 628685, 21
765, 0, 0, 18, 18, 1, 30.43%, 0, 0, 2, 936.85, 633527, 21
770, 0, 0, 18, 18, 1, 30.43%, 0, 0, 2, 935.68, 638207, 21
775, 0, 0, 18, 18, 1, 30.43%, 0, 0, 2, 924.55, 642851, 21
780, 0, 0, 18, 18, 1, 30.43%, 0, 0, 2, 930.68, 647513, 21
786, 0, 0, 18, 18, 1, 30.43%, 0, 0, 2, 940.24, 652373, 21
791, 0, 0, 18, 18, 1, 30.43%, 0, 0, 2, 935.79, 657215, 21
796, 0, 0, 18, 18, 1, 30.43%, 0, 0, 2, 936.80, 661895, 21
801, 0, 0, 18, 18, 1, 30.43%, 0, 0, 2, 937.74, 666575, 21
806, 0, 0, 18, 18, 1, 30.43%, 0, 0, 2, 942.11, 671453, 21
811, 0, 0, 18, 18, 1, 30.43%, 0, 0, 2, 938.42, 676313, 21
816, 0, 0, 18, 18, 1, 30.43%, 0, 0, 2, 932.74, 680957, 21
821, 0, 0, 18, 18, 1, 30.43%, 0, 0, 2, 939.67, 685637, 21
826, 0, 0, 18, 18, 1, 30.43%, 0, 0, 2, 943.49, 690515, 21
831, 0, 0, 18, 18, 1, 30.43%, 0, 0, 2, 939.16, 695195, 21
837, 0, 0, 18, 18, 1, 30.43%, 0, 0, 2, 941.13, 700055, 21
842, 0, 0, 18, 18, 1, 30.43%, 0, 0, 2, 940.00, 704735, 21
847, 0, 0, 18, 18, 1, 30.43%, 0, 0, 2, 935.25, 709415, 21
852, 0, 0, 18, 18, 1, 30.43%, 0, 0, 2, 928.05, 714059, 21
857, 0, 0, 18, 18, 1, 30.43%, 0, 0, 2, 939.26, 718775, 21
862, 0, 0, 18, 18, 1, 30.43%, 0, 0, 2, 938.75, 723635, 21
867, 0, 0, 18, 18, 1, 30.43%, 0, 0, 2, 935.63, 728297, 21
872, 0, 0, 18, 18, 1, 30.43%, 0, 0, 2, 937.21, 732959, 21
877, 0, 0, 18, 18, 1, 30.43%, 0, 0, 2, 938.26, 737621, 21
882, 0, 0, 18, 18, 1, 30.43%, 0, 0, 2, 933.92, 742301, 21
887, 0, 0, 18, 18, 1, 30.43%, 0, 0, 2, 938.10, 746981, 21
892, 0, 0, 18, 18, 1, 30.43%, 0, 0, 2, 939.37, 751661, 21
897, 0, 0, 18, 18, 1, 30.43%, 0, 0, 2, 933.69, 756323, 21
902, 0, 0, 18, 18, 1, 30.43%, 0, 0, 2, 932.60, 760985, 21
907, 0, 0, 18, 18, 1, 30.43%, 0, 0, 2, 935.27, 765683, 21
912, 0, 0, 18, 18, 1, 30.43%, 0, 0, 2, 938.02, 770345, 21
917, 0, 0, 18, 18, 1, 30.43%, 0, 0, 2, 937.11, 775007, 21
922, 0, 0, 18, 18, 1, 30.43%, 0, 0, 2, 943.59, 779849, 21
928, 0, 0, 18, 18, 1, 30.43%, 0, 0, 2, 944.50, 784547, 21
933, 0, 0, 18, 18, 1, 30.43%, 0, 0, 2, 950.70, 789430, 21
938, 0, 0, 18, 18, 1, 30.43%, 0, 0, 2, 947.86, 794123, 21
943, 0, 0, 18, 18, 1, 30.43%, 0, 0, 2, 940.63, 798821, 21
948, 0, 0, 18, 18, 1, 30.43%, 0, 0, 2, 941.55, 803501, 21
953, 0, 0, 18, 18, 1, 30.43%, 0, 0, 2, 947.74, 808379, 21
958, 0, 0, 19, 19, 1, 30.43%, 0, 0, 2, 932.93, 813206, 21
963, 0, 0, 19, 19, 1, 30.43%, 0, 0, 2, 928.30, 818088, 21
968, 0, 0, 19, 19, 1, 30.43%, 0, 0, 2, 922.49, 822768, 21
973, 0, 0, 19, 19, 1, 30.43%, 0, 0, 2, 921.26, 827430, 21
978, 0, 0, 19, 19, 1, 30.43%, 0, 0, 2, 915.49, 832074, 21
983, 0, 0, 19, 19, 1, 30.43%, 0, 0, 2, 920.39, 836754, 21
988, 0, 0, 19, 19, 1, 30.43%, 0, 0, 2, 917.89, 841434, 21
993, 0, 0, 19, 19, 1, 30.43%, 0, 0, 2, 920.94, 846114, 21
999, 0, 0, 19, 19, 1, 30.43%, 0, 0, 2, 929.79, 850992, 21
1004, 0, 0, 19, 19, 1, 30.43%, 0, 0, 2, 928.96, 855870, 21
1009, 0, 0, 19, 19, 1, 30.43%, 0, 0, 2, 911.78, 860478, 21
1014, 0, 0, 19, 19, 1, 30.43%, 0, 0, 2, 926.61, 865356, 21
1019, 0, 0, 19, 19, 1, 30.43%, 0, 0, 2, 927.65, 870216, 21
1024, 0, 0, 19, 19, 1, 30.43%, 0, 0, 2, 924.26, 874896, 21
1029, 0, 0, 19, 19, 1, 30.43%, 0, 0, 2, 924.15, 879720, 21
1035, 0, 0, 19, 19, 1, 30.43%, 0, 0, 2, 911.54, 884436, 21
1040, 0, 0, 19, 19, 1, 30.43%, 0, 0, 2, 906.98, 889044, 21
1045, 0, 0, 19, 19, 1, 30.43%, 0, 0, 2, 906.91, 893706, 21
1050, 0, 0, 19, 19, 1, 30.43%, 0, 0, 2, 908.46, 898386, 21
1055, 0, 0, 19, 19, 1, 30.43%, 0, 0, 2, 905.74, 903012, 21
1060, 0, 0, 19, 19, 1, 30.43%, 0, 0, 2, 904.81, 907674, 21
1065, 0, 0, 19, 19, 1, 30.43%, 0, 0, 2, 899.53, 912228, 21
1070, 0, 0, 19, 19, 1, 30.43%, 0, 0, 2, 897.93, 916733, 21
1075, 0, 0, 19, 19, 1, 30.43%, 0, 0, 2, 903.30, 921318, 21
1081, 0, 0, 19, 19, 1, 30.43%, 0, 0, 2, 906.72, 925944, 21
1086, 0, 0, 19, 19, 1, 30.43%, 0, 0, 2, 904.84, 930516, 21
1091, 0, 0, 19, 19, 1, 30.43%, 0, 0, 2, 904.07, 935142, 21
1096, 0, 0, 19, 19, 1, 30.43%, 0, 0, 2, 908.60, 939858, 21
1101, 0, 0, 19, 19, 1, 30.43%, 0, 0, 2, 907.67, 944394, 21
1106, 0, 0, 19, 19, 1, 30.43%, 0, 0, 2, 909.34, 949110, 21
1111, 0, 0, 19, 19, 1, 30.43%, 0, 0, 2, 904.38, 953718, 21
1116, 0, 0, 19, 19, 1, 30.43%, 0, 0, 2, 901.01, 958362, 21
1121, 0, 0, 19, 19, 1, 30.43%, 0, 0, 2, 901.23, 962934, 21
1127, 0, 0, 19, 19, 1, 30.43%, 0, 0, 2, 907.56, 967506, 21
1132, 0, 0, 19, 19, 1, 30.43%, 0, 0, 2, 913.19, 972204, 21
1137, 0, 0, 19, 19, 1, 30.43%, 0, 0, 2, 907.86, 976884, 21
1142, 0, 0, 19, 19, 1, 30.43%, 0, 0, 2, 911.41, 981510, 21
1147, 0, 0, 19, 19, 1, 30.43%, 0, 0, 2, 915.36, 986244, 21
1152, 0, 0, 19, 19, 1, 30.43%, 0, 0, 2, 913.66, 990942, 21
1157, 0, 0, 19, 19, 1, 30.43%, 0, 0, 2, 911.28, 995604, 21
1163, 0, 0, 19, 19, 1, 30.43%, 0, 0, 2, 913.96, 1000230, 21
1168, 0, 0, 19, 19, 1, 30.43%, 0, 0, 2, 909.19, 1004910, 21
1173, 0, 0, 19, 19, 1, 30.43%, 0, 0, 2, 913.67, 1009500, 21
1178, 0, 0, 19, 19, 1, 30.43%, 0, 0, 2, 912.53, 1014180, 21
1183, 0, 0, 19, 19, 1, 30.43%, 0, 0, 2, 936.05, 1018860, 21
1188, 0, 0, 19, 19, 1, 30.43%, 0, 0, 2, 900.33, 1023486, 21
1193, 0, 0, 19, 19, 1, 30.43%, 0, 0, 2, 897.16, 1028168, 21
1198, 0, 0, 19, 19, 1, 30.43%, 0, 0, 2, 893.27, 1032775, 21
1203, 0, 0, 19, 19, 1, 30.43%, 0, 0, 2, 889.94, 1037297, 21
1208, 0, 0, 19, 19, 1, 30.43%, 0, 0, 2, 890.05, 1041785, 21
1214, 0, 0, 19, 19, 1, 30.43%, 0, 0, 2, 897.68, 1046358, 21
1219, 0, 0, 19, 19, 1, 30.43%, 0, 0, 2, 913.05, 1051008, 21
1224, 0, 0, 19, 19, 1, 30.43%, 0, 0, 2, 900.62, 1055674, 21
1229, 0, 0, 19, 19, 1, 30.43%, 0, 0, 2, 899.07, 1060349, 21
1234, 0, 0, 19, 19, 1, 30.43%, 0, 0, 2, 897.45, 1064973, 21
1239, 0, 0, 19, 19, 1, 30.43%, 0, 0, 2, 899.32, 1069580, 21
1244, 0, 0, 19, 19, 1, 30.43%, 0, 0, 2, 899.76, 1074187, 21
1249, 0, 0, 19, 19, 1, 30.43%, 0, 0, 2, 898.11, 1078794, 21
1254, 0, 0, 19, 19, 1, 30.43%, 0, 0, 2, 900.65, 1083384, 21
1260, 0, 0, 19, 19, 1, 30.43%, 0, 0, 2, 902.77, 1088034, 21
1265, 0, 0, 19, 19, 1, 30.43%, 0, 0, 2, 902.38, 1092678, 21
1270, 0, 0, 19, 19, 1, 30.43%, 0, 0, 2, 902.57, 1097304, 21
1275, 0, 0, 19, 19, 1, 30.43%, 0, 0, 2, 904.83, 1101984, 21
1280, 0, 0, 19, 19, 1, 30.43%, 0, 0, 2, 903.71, 1106628, 21
1285, 0, 0, 19, 19, 1, 30.43%, 0, 0, 2, 904.36, 1111254, 21
1290, 0, 0, 19, 19, 1, 30.43%, 0, 0, 2, 904.40, 1115934, 21
1296, 0, 0, 19, 19, 1, 30.43%, 0, 0, 2, 901.36, 1120578, 21
1301, 0, 0, 19, 19, 1, 30.43%, 0, 0, 2, 903.82, 1125132, 21
1306, 0, 0, 19, 19, 1, 30.43%, 0, 0, 2, 904.47, 1129740, 21
1311, 0, 0, 19, 19, 1, 30.43%, 0, 0, 2, 909.27, 1134402, 21
1316, 0, 0, 19, 19, 1, 30.43%, 0, 0, 2, 908.07, 1139082, 21
1321, 0, 0, 19, 19, 1, 30.43%, 0, 0, 2, 908.23, 1143726, 21
1326, 0, 0, 19, 19, 1, 30.43%, 0, 0, 2, 907.44, 1148352, 21
1331, 0, 0, 19, 19, 1, 30.43%, 0, 0, 2, 929.90, 1153032, 21
1336, 0, 0, 19, 19, 1, 30.43%, 0, 0, 2, 915.02, 1157712, 21
1342, 0, 0, 19, 19, 1, 30.43%, 0, 0, 2, 923.82, 1162410, 21
1347, 0, 0, 19, 19, 1, 30.43%, 0, 0, 2, 925.89, 1167072, 21
1352, 0, 0, 19, 19, 1, 30.43%, 0, 0, 2, 941.43, 1171788, 21
1357, 0, 0, 19, 19, 1, 30.43%, 0, 0, 2, 916.35, 1176486, 21
1362, 0, 0, 19, 19, 1, 30.43%, 0, 0, 2, 910.88, 1181166, 21
1367, 0, 0, 19, 19, 1, 30.43%, 0, 0, 2, 909.44, 1185882, 21
1372, 0, 0, 19, 19, 1, 30.43%, 0, 0, 2, 912.97, 1190616, 21
1378, 0, 0, 19, 19, 1, 30.43%, 0, 0, 2, 912.02, 1195278, 21
1383, 0, 0, 19, 19, 1, 30.43%, 0, 0, 2, 908.21, 1199868, 21
1388, 0, 0, 19, 19, 1, 30.43%, 0, 0, 2, 915.39, 1204548, 21
1393, 0, 0, 19, 19, 1, 30.43%, 0, 0, 2, 921.10, 1209246, 21
1398, 0, 0, 19, 19, 1, 30.43%, 0, 0, 2, 902.91, 1213908, 21
1403, 0, 0, 19, 19, 1, 30.43%, 0, 0, 2, 905.20, 1218642, 21
1408, 0, 0, 19, 19, 1, 30.43%, 0, 0, 2, 919.95, 1223322, 21
1414, 0, 0, 19, 19, 1, 30.43%, 0, 0, 2, 902.06, 1228020, 21
1419, 0, 0, 19, 19, 1, 30.43%, 0, 0, 2, 899.88, 1232700, 21
1424, 0, 0, 19, 19, 1, 30.43%, 0, 0, 2, 900.10, 1237370, 21
1429, 0, 0, 19, 19, 1, 30.43%, 0, 0, 2, 903.89, 1242006, 21
1434, 0, 0, 19, 19, 1, 30.43%, 0, 0, 2, 903.10, 1246668, 21
1439, 0, 0, 19, 19, 1, 30.43%, 0, 0, 2, 890.86, 1251225, 21
1444, 0, 0, 19, 19, 1, 30.43%, 0, 0, 2, 897.23, 1255866, 21
1449, 0, 0, 19, 19, 1, 30.43%, 0, 0, 2, 903.14, 1260474, 21
1455, 0, 0, 19, 19, 1, 30.43%, 0, 0, 2, 902.82, 1265136, 21
1460, 0, 0, 19, 19, 1, 30.43%, 0, 0, 2, 901.59, 1269744, 21
1465, 0, 0, 19, 19, 1, 30.43%, 0, 0, 2, 912.62, 1274424, 21
1470, 0, 0, 19, 19, 1, 30.43%, 0, 0, 2, 908.24, 1279122, 21
1475, 0, 0, 19, 19, 1, 30.43%, 0, 0, 2, 903.97, 1283730, 21
1480, 0, 0, 19, 19, 1, 30.43%, 0, 0, 2, 906.49, 1288374, 21
1485, 0, 0, 19, 19, 1, 30.43%, 0, 0, 2, 909.64, 1293036, 21
1490, 0, 0, 19, 19, 1, 30.43%, 0, 0, 2, 912.51, 1297734, 21
1496, 0, 0, 19, 19, 1, 30.43%, 0, 0, 2, 906.64, 1302360, 21
1501, 0, 0, 19, 19, 1, 30.43%, 0, 0, 2, 911.85, 1307076, 21
1506, 0, 0, 19, 19, 1, 30.43%, 0, 0, 2, 906.96, 1311756, 21
1511, 0, 0, 19, 19, 1, 30.43%, 0, 0, 2, 910.26, 1316400, 21
1516, 0, 0, 19, 19, 1, 30.43%, 0, 0, 2, 912.60, 1321062, 21
1521, 0, 0, 20, 20, 1, 30.43%, 0, 0, 2, 912.88, 1325749, 21
1526, 0, 0, 20, 20, 1, 30.43%, 0, 0, 2, 909.20, 1330357, 21
1531, 0, 0, 20, 20, 1, 30.43%, 0, 0, 2, 913.46, 1335037, 21
1537, 0, 0, 20, 20, 1, 30.43%, 0, 0, 2, 909.12, 1339699, 21
1542, 0, 0, 20, 20, 1, 30.43%, 0, 0, 2, 911.08, 1344361, 21
1547, 0, 0, 20, 20, 1, 30.43%, 0, 0, 2, 913.19, 1349041, 21
1552, 0, 0, 20, 20, 1, 30.43%, 0, 0, 2, 910.26, 1353703, 21
1557, 0, 0, 20, 20, 1, 30.43%, 0, 0, 2, 908.96, 1358365, 21
1562, 0, 0, 20, 20, 1, 30.43%, 0, 0, 2, 924.93, 1362991, 21
1567, 0, 0, 20, 20, 1, 30.43%, 0, 0, 2, 920.41, 1367689, 21
1573, 0, 0, 20, 20, 1, 30.43%, 0, 0, 2, 918.51, 1372387, 21
1578, 0, 0, 20, 20, 1, 30.43%, 0, 0, 2, 913.33, 1377067, 21
1583, 0, 0, 20, 20, 1, 30.43%, 0, 0, 2, 912.57, 1381765, 21
1588, 0, 0, 20, 20, 1, 30.43%, 0, 0, 2, 912.21, 1386301, 21
1593, 0, 0, 20, 20, 1, 30.43%, 0, 0, 2, 911.14, 1390999, 21
1598, 0, 0, 20, 20, 1, 30.43%, 0, 0, 2, 898.91, 1395607, 21
1603, 0, 0, 20, 20, 1, 30.43%, 0, 0, 2, 896.96, 1400288, 21
1609, 0, 0, 20, 20, 1, 30.43%, 0, 0, 2, 901.96, 1404985, 21
1614, 0, 0, 20, 20, 1, 30.43%, 0, 0, 2, 903.49, 1409683, 21
1619, 0, 0, 20, 20, 1, 30.43%, 0, 0, 2, 908.10, 1414381, 21
1624, 0, 0, 20, 20, 1, 30.43%, 0, 0, 2, 917.71, 1419079, 21
1629, 0, 0, 20, 20, 1, 30.43%, 0, 0, 2, 903.05, 1423741, 21
1634, 0, 0, 20, 20, 1, 30.43%, 0, 0, 2, 904.29, 1428403, 21
1639, 0, 0, 20, 20, 1, 30.43%, 0, 0, 2, 906.02, 1432957, 21
1644, 0, 0, 20, 20, 1, 30.43%, 0, 0, 2, 909.48, 1437673, 21
1650, 0, 0, 20, 20, 1, 30.43%, 0, 0, 2, 904.90, 1442353, 21
1655, 0, 0, 20, 20, 1, 30.43%, 0, 0, 2, 903.58, 1446997, 21
1660, 0, 0, 20, 20, 1, 30.43%, 0, 0, 2, 905.68, 1451677, 21
1665, 0, 0, 20, 20, 1, 30.43%, 0, 0, 2, 909.93, 1456357, 21
1670, 0, 0, 20, 20, 1, 30.43%, 0, 0, 2, 909.62, 1461055, 21
1675, 0, 0, 20, 20, 1, 30.43%, 0, 0, 2, 914.28, 1465717, 21
1680, 0, 0, 20, 20, 1, 30.43%, 0, 0, 2, 912.32, 1470361, 21
1685, 0, 0, 20, 20, 1, 30.43%, 0, 0, 2, 906.43, 1475023, 21
1691, 0, 0, 20, 20, 1, 30.43%, 0, 0, 2, 905.88, 1479613, 21
1696, 0, 0, 20, 20, 1, 30.43%, 0, 0, 2, 908.15, 1484275, 21
1701, 0, 0, 20, 20, 1, 30.43%, 0, 0, 2, 906.90, 1488937, 21
1706, 0, 0, 20, 20, 1, 30.43%, 0, 0, 2, 906.07, 1493599, 21
1711, 0, 0, 20, 20, 1, 30.43%, 0, 0, 2, 908.34, 1498261, 21
1716, 0, 0, 20, 20, 1, 30.43%, 0, 0, 2, 904.68, 1502887, 21
1721, 0, 0, 20, 20, 1, 30.43%, 0, 0, 2, 911.88, 1507531, 21
1726, 0, 0, 20, 20, 1, 30.43%, 0, 0, 2, 912.04, 1512229, 21
1732, 0, 0, 20, 20, 1, 30.43%, 0, 0, 2, 910.76, 1516909, 21
1737, 0, 0, 20, 20, 1, 30.43%, 0, 0, 2, 907.39, 1521571, 21
1742, 0, 0, 20, 20, 1, 30.43%, 0, 0, 2, 909.74, 1526233, 21
1747, 0, 0, 20, 20, 1, 30.43%, 0, 0, 2, 908.29, 1530841, 21
1752, 0, 0, 20, 20, 1, 30.43%, 0, 0, 2, 907.52, 1535449, 21
1757, 0, 0, 20, 20, 1, 30.43%, 0, 0, 2, 912.41, 1540111, 21
1762, 0, 0, 20, 20, 1, 30.43%, 0, 0, 2, 913.68, 1544773, 21
1768, 0, 0, 20, 20, 1, 30.43%, 0, 0, 2, 908.52, 1549435, 21
1773, 0, 0, 20, 20, 1, 30.43%, 0, 0, 2, 917.03, 1554061, 21
1778, 0, 0, 20, 20, 1, 30.43%, 0, 0, 2, 918.83, 1558795, 21
1783, 0, 0, 20, 20, 1, 30.43%, 0, 0, 2, 911.13, 1563439, 21
1788, 0, 0, 20, 20, 1, 30.43%, 0, 0, 2, 903.54, 1567939, 21
1793, 0, 0, 20, 20, 1, 30.43%, 0, 0, 2, 934.25, 1572655, 21
1798, 0, 0, 20, 20, 1, 30.43%, 0, 0, 2, 909.53, 1577299, 21
1803, 0, 0, 20, 20, 1, 30.43%, 0, 0, 2, 910.63, 1582015, 21
1808, 0, 0, 20, 20, 1, 30.43%, 0, 0, 2, 901.78, 1586695, 21
1814, 0, 0, 20, 20, 1, 30.43%, 0, 0, 2, 900.87, 1591351, 21
1819, 0, 0, 20, 20, 1, 30.43%, 0, 0, 2, 902.62, 1596055, 21
1824, 0, 0, 20, 20, 1, 30.43%, 0, 0, 2, 905.06, 1600771, 21
1829, 0, 0, 20, 20, 1, 30.43%, 0, 0, 2, 905.08, 1605469, 21
1834, 0, 0, 20, 20, 1, 30.43%, 0, 0, 2, 904.40, 1610131, 21
1839, 0, 0, 20, 20, 1, 30.43%, 0, 0, 2, 907.07, 1614829, 21
1845, 0, 0, 20, 20, 1, 30.43%, 0, 0, 2, 908.73, 1619527, 21
1850, 0, 0, 20, 20, 1, 30.43%, 0, 0, 2, 905.59, 1624207, 21
1855, 0, 0, 20, 20, 1, 30.43%, 0, 0, 2, 902.98, 1628815, 21
1860, 0, 0, 20, 20, 1, 30.43%, 0, 0, 2, 908.73, 1633495, 21
1865, 0, 0, 20, 20, 1, 30.43%, 0, 0, 2, 908.29, 1638175, 21
1870, 0, 0, 20, 20, 1, 30.43%, 0, 0, 2, 910.11, 1642891, 21
1875, 0, 0, 20, 20, 1, 30.43%, 0, 0, 2, 913.36, 1647625, 21
1881, 0, 0, 20, 20, 1, 30.43%, 0, 0, 2, 908.56, 1652305, 21
1886, 0, 0, 20, 20, 1, 30.43%, 0, 0, 2, 914.36, 1657003, 21
1891, 0, 0, 20, 20, 1, 30.43%, 0, 0, 2, 911.70, 1661683, 21
1896, 0, 0, 20, 20, 1, 30.43%, 0, 0, 2, 909.37, 1666219, 21
1901, 0, 0, 20, 20, 1, 30.43%, 0, 0, 2, 905.50, 1670899, 21
1906, 0, 0, 21, 21, 1, 31.88%, 0, 0, 2, 913.95, 1675622, 22
1911, 0, 0, 21, 21, 1, 31.88%, 0, 0, 2, 910.74, 1680320, 22
1917, 0, 0, 21, 21, 1, 31.88%, 0, 0, 2, 932.71, 1685018, 22
1922, 0, 0, 21, 21, 1, 31.88%, 0, 0, 2, 921.82, 1689716, 22
1927, 0, 0, 21, 21, 1, 31.88%, 0, 0, 2, 913.16, 1694414, 22
1932, 0, 0, 21, 21, 1, 31.88%, 0, 0, 2, 913.90, 1699130, 22
1937, 0, 0, 21, 21, 1, 31.88%, 0, 0, 2, 912.65, 1703846, 22
1942, 0, 0, 21, 21, 1, 31.88%, 0, 0, 2, 909.16, 1708544, 22
1948, 0, 0, 21, 21, 1, 31.88%, 0, 0, 2, 911.39, 1713260, 22
1953, 0, 0, 21, 21, 1, 31.88%, 0, 0, 2, 919.59, 1717958, 22
1958, 0, 0, 21, 21, 1, 31.88%, 0, 0, 2, 919.31, 1722656, 22
1963, 0, 0, 21, 21, 1, 31.88%, 0, 0, 2, 930.00, 1727390, 22
1968, 0, 0, 21, 21, 1, 31.88%, 0, 0, 2, 901.40, 1732034, 22
1973, 0, 0, 21, 21, 1, 31.88%, 0, 0, 2, 906.87, 1736768, 22
1979, 0, 0, 21, 21, 1, 31.88%, 0, 0, 2, 905.92, 1741502, 22
1984, 0, 0, 21, 21, 1, 31.88%, 0, 0, 2, 905.52, 1746218, 22
1989, 0, 0, 21, 21, 1, 31.88%, 0, 0, 2, 902.79, 1750880, 22
1994, 0, 0, 21, 21, 1, 31.88%, 0, 0, 2, 906.12, 1755578, 22
1999, 0, 0, 21, 21, 1, 31.88%, 0, 0, 2, 905.87, 1760294, 22
2004, 0, 0, 21, 21, 1, 31.88%, 0, 0, 2, 907.49, 1764974, 22
2009, 0, 0, 21, 21, 1, 31.88%, 0, 0, 2, 906.01, 1769636, 22
2015, 0, 0, 21, 21, 1, 31.88%, 0, 0, 2, 911.24, 1774352, 22
2020, 0, 0, 21, 21, 1, 31.88%, 0, 0, 2, 908.63, 1779086, 22
2025, 0, 0, 22, 22, 1, 33.33%, 0, 0, 2, 906.09, 1783773, 23
2030, 0, 0, 22, 22, 1, 33.33%, 0, 0, 2, 911.46, 1788471, 23
2035, 0, 0, 22, 22, 1, 33.33%, 0, 0, 2, 912.81, 1793169, 23
2040, 0, 0, 22, 22, 1, 33.33%, 0, 0, 2, 915.92, 1797921, 23
2046, 0, 0, 22, 22, 1, 33.33%, 0, 0, 2, 918.22, 1802655, 23
2051, 0, 0, 22, 22, 1, 33.33%, 0, 0, 2, 905.94, 1807317, 23
2056, 0, 0, 22, 22, 1, 33.33%, 0, 0, 2, 909.26, 1811925, 23
2061, 0, 0, 22, 22, 1, 33.33%, 0, 0, 2, 915.64, 1816659, 23
2066, 0, 0, 22, 22, 1, 33.33%, 0, 0, 2, 912.30, 1821339, 23
2071, 0, 0, 22, 22, 1, 33.33%, 0, 0, 2, 909.47, 1826019, 23
2077, 0, 0, 22, 22, 1, 33.33%, 0, 0, 2, 910.07, 1830663, 23
2082, 0, 0, 22, 22, 1, 33.33%, 0, 0, 2, 908.86, 1835325, 23
2087, 0, 0, 22, 22, 1, 33.33%, 0, 0, 2, 888.36, 1839837, 23
2092, 0, 0, 22, 22, 1, 33.33%, 0, 0, 2, 871.06, 1844308, 23
2097, 0, 0, 22, 22, 1, 33.33%, 0, 0, 2, 873.96, 1848762, 23
2102, 0, 0, 22, 22, 1, 33.33%, 0, 0, 2, 869.95, 1853216, 23
2107, 0, 0, 22, 22, 1, 33.33%, 0, 0, 2, 880.73, 1857670, 23
2112, 0, 0, 22, 22, 1, 33.33%, 0, 0, 2, 883.89, 1862141, 23
2117, 0, 0, 22, 22, 1, 33.33%, 0, 0, 2, 883.05, 1866612, 23
2122, 0, 0, 22, 22, 1, 33.33%, 0, 0, 2, 898.71, 1871185, 23
2128, 0, 0, 22, 22, 1, 33.33%, 0, 0, 2, 916.89, 1875825, 23
2133, 0, 0, 22, 22, 1, 33.33%, 0, 0, 2, 888.59, 1880263, 23
2138, 0, 0, 22, 22, 1, 33.33%, 0, 0, 2, 882.14, 1884734, 23
2143, 0, 0, 22, 22, 1, 33.33%, 0, 0, 2, 872.94, 1889188, 23
2148, 0, 0, 22, 22, 1, 33.33%, 0, 0, 2, 874.86, 1893659, 23
2153, 0, 0, 22, 22, 1, 33.33%, 0, 0, 2, 887.07, 1898215, 23
2158, 0, 0, 22, 22, 1, 33.33%, 0, 0, 2, 883.16, 1902686, 23
2163, 0, 0, 22, 22, 1, 33.33%, 0, 0, 2, 878.38, 1907140, 23
2168, 0, 0, 22, 22, 1, 33.33%, 0, 0, 2, 872.44, 1911611, 23
2173, 0, 0, 22, 22, 1, 33.33%, 0, 0, 2, 864.71, 1916082, 23
2179, 0, 0, 22, 22, 1, 33.33%, 0, 0, 2, 869.45, 1920553, 23
2184, 0, 0, 22, 22, 1, 33.33%, 0, 0, 2, 873.51, 1925024, 23
2189, 0, 0, 22, 22, 1, 33.33%, 0, 0, 2, 876.51, 1929495, 23
2194, 0, 0, 22, 22, 1, 33.33%, 0, 0, 2, 836.12, 1933681, 23
2199, 0, 0, 22, 22, 1, 33.33%, 0, 0, 2, 824.52, 1937889, 23
2204, 0, 0, 22, 22, 1, 33.33%, 0, 0, 2, 827.23, 1942097, 23
2209, 0, 0, 22, 22, 1, 33.33%, 0, 0, 2, 817.40, 1946289, 23
2214, 0, 0, 22, 22, 1, 33.33%, 0, 0, 2, 809.00, 1950465, 23
2219, 0, 0, 23, 23, 1, 33.33%, 0, 0, 2, 803.94, 1954584, 23
2224, 0, 0, 23, 23, 1, 33.33%, 0, 0, 2, 799.78, 1958701, 23
2230, 0, 0, 23, 23, 1, 33.33%, 0, 0, 2, 802.55, 1962792, 23
2235, 0, 0, 23, 23, 1, 33.33%, 0, 0, 2, 815.37, 1966968, 23
2240, 0, 0, 23, 23, 1, 33.33%, 0, 0, 2, 856.17, 1971356, 23
2245, 0, 0, 23, 23, 1, 33.33%, 0, 0, 2, 872.43, 1975827, 23
2250, 0, 0, 23, 23, 1, 33.33%, 0, 0, 2, 883.46, 1980298, 23
2255, 0, 0, 23, 23, 1, 33.33%, 0, 0, 2, 873.61, 1984786, 23
2260, 0, 0, 23, 23, 1, 33.33%, 0, 0, 2, 874.08, 1989257, 23
2265, 0, 0, 23, 23, 1, 33.33%, 0, 0, 2, 871.37, 1993728, 23
2270, 0, 0, 23, 23, 1, 33.33%, 0, 0, 2, 867.88, 1998199, 23
2276, 0, 0, 23, 23, 1, 33.33%, 0, 0, 2, 873.29, 2002670, 23
2281, 0, 0, 23, 23, 1, 33.33%, 0, 0, 2, 877.05, 2007141, 23
2286, 0, 0, 23, 23, 1, 33.33%, 0, 0, 2, 870.09, 2011612, 23
2291, 0, 0, 23, 23, 1, 33.33%, 0, 0, 2, 875.97, 2016083, 23
2296, 0, 0, 23, 23, 1, 33.33%, 0, 0, 2, 871.10, 2020554, 23
2301, 0, 0, 23, 23, 1, 33.33%, 0, 0, 2, 877.82, 2025025, 23
2306, 0, 0, 23, 23, 1, 33.33%, 0, 0, 2, 878.55, 2029513, 23
2311, 0, 0, 23, 23, 1, 33.33%, 0, 0, 2, 874.85, 2033984, 23
2317, 0, 0, 23, 23, 1, 33.33%, 0, 0, 2, 907.07, 2038606, 23
2322, 0, 0, 24, 24, 1, 34.78%, 0, 0, 2, 887.45, 2043035, 24
2327, 0, 0, 24, 24, 1, 34.78%, 0, 0, 2, 878.38, 2047506, 24
2332, 0, 0, 24, 24, 1, 34.78%, 0, 0, 2, 882.28, 2051977, 24
2337, 0, 0, 24, 24, 1, 34.78%, 0, 0, 2, 921.09, 2056631, 24
2342, 0, 0, 24, 24, 1, 34.78%, 0, 0, 2, 877.33, 2061038, 24
2347, 0, 0, 24, 24, 1, 34.78%, 0, 0, 2, 865.09, 2065475, 24
2352, 0, 0, 24, 24, 1, 34.78%, 0, 0, 2, 875.02, 2069946, 24
2357, 0, 0, 24, 24, 1, 34.78%, 0, 0, 2, 877.34, 2074417, 24
2362, 0, 0, 24, 24, 1, 34.78%, 0, 0, 2, 890.38, 2078990, 24
2367, 0, 0, 24, 24, 1, 34.78%, 0, 0, 2, 886.24, 2083461, 24
2373, 0, 0, 24, 24, 1, 34.78%, 0, 0, 2, 901.05, 2088113, 24
2378, 0, 0, 24, 24, 1, 34.78%, 0, 0, 2, 944.24, 2093045, 24
2383, 0, 0, 24, 24, 1, 34.78%, 0, 0, 2, 893.56, 2097588, 24
2388, 0, 0, 24, 24, 1, 34.78%, 0, 0, 2, 883.12, 2102059, 24
2393, 0, 0, 24, 24, 1, 34.78%, 0, 0, 2, 879.91, 2106513, 24
2398, 0, 0, 24, 24, 1, 34.78%, 0, 0, 2, 878.90, 2110984, 24
2403, 0, 0, 24, 24, 1, 34.78%, 0, 0, 2, 886.49, 2115472, 24
2408, 0, 0, 24, 24, 1, 34.78%, 0, 0, 2, 873.08, 2119943, 24
2413, 0, 0, 24, 24, 1, 34.78%, 0, 0, 2, 875.37, 2124414, 24
2419, 0, 0, 24, 24, 1, 34.78%, 0, 0, 2, 874.61, 2128885, 24
2424, 0, 0, 24, 24, 1, 34.78%, 0, 0, 2, 878.51, 2133356, 24
2429, 0, 0, 24, 24, 1, 34.78%, 0, 0, 2, 875.65, 2137827, 24
2434, 0, 0, 24, 24, 1, 34.78%, 0, 0, 2, 875.48, 2142298, 24
2439, 0, 0, 24, 24, 1, 34.78%, 0, 0, 2, 872.26, 2146786, 24
2444, 0, 0, 24, 24, 1, 34.78%, 0, 0, 2, 875.75, 2151257, 24
2449, 0, 0, 24, 24, 1, 34.78%, 0, 0, 2, 870.87, 2155745, 24
2454, 0, 0, 24, 24, 1, 34.78%, 0, 0, 2, 865.51, 2160199, 24
2459, 0, 0, 24, 24, 1, 34.78%, 0, 0, 2, 872.54, 2164670, 24
2465, 0, 0, 24, 24, 1, 34.78%, 0, 0, 2, 875.39, 2169158, 24
2470, 0, 0, 24, 24, 1, 34.78%, 0, 0, 2, 870.96, 2173629, 24
2475, 0, 0, 24, 24, 1, 34.78%, 0, 0, 2, 863.05, 2178015, 24
2480, 0, 0, 24, 24, 1, 34.78%, 0, 0, 2, 872.27, 2182486, 24
2485, 0, 0, 24, 24, 1, 34.78%, 0, 0, 2, 875.41, 2186957, 24
2490, 0, 0, 24, 24, 1, 34.78%, 0, 0, 2, 874.31, 2191445, 24
2495, 0, 0, 24, 24, 1, 34.78%, 0, 0, 2, 869.58, 2195916, 24
2500, 0, 0, 24, 24, 1, 34.78%, 0, 0, 2, 871.66, 2200404, 24
2506, 0, 0, 24, 24, 1, 34.78%, 0, 0, 2, 866.03, 2204875, 24
2511, 0, 0, 24, 24, 1, 34.78%, 0, 0, 2, 875.50, 2209346, 24
2516, 0, 0, 24, 24, 1, 34.78%, 0, 0, 2, 878.07, 2213834, 24
2521, 0, 0, 24, 24, 1, 34.78%, 0, 0, 2, 877.48, 2218305, 24
2526, 0, 0, 24, 24, 1, 34.78%, 0, 0, 2, 878.15, 2222793, 24
2531, 0, 0, 24, 24, 1, 34.78%, 0, 0, 2, 871.78, 2227247, 24
2536, 0, 0, 24, 24, 1, 34.78%, 0, 0, 2, 867.45, 2231701, 24
2541, 0, 0, 24, 24, 1, 34.78%, 0, 0, 2, 861.88, 2236155, 24
2547, 0, 0, 24, 24, 1, 34.78%, 0, 0, 2, 875.94, 2240626, 24
2552, 0, 0, 24, 24, 1, 34.78%, 0, 0, 2, 888.14, 2245165, 24
2557, 0, 0, 24, 24, 1, 34.78%, 0, 0, 2, 881.88, 2249636, 24
2562, 0, 0, 24, 24, 1, 34.78%, 0, 0, 2, 866.29, 2254090, 24
2567, 0, 0, 24, 24, 1, 34.78%, 0, 0, 2, 868.46, 2258561, 24
2572, 0, 0, 24, 24, 1, 34.78%, 0, 0, 2, 872.41, 2263032, 24
2577, 0, 0, 24, 24, 1, 34.78%, 0, 0, 2, 860.45, 2267469, 24
2582, 0, 0, 24, 24, 1, 34.78%, 0, 0, 2, 860.06, 2271923, 24
2588, 0, 0, 24, 24, 1, 34.78%, 0, 0, 2, 875.73, 2276377, 24
2593, 0, 0, 24, 24, 1, 34.78%, 0, 0, 2, 876.11, 2280865, 24
2598, 0, 0, 24, 24, 1, 34.78%, 0, 0, 2, 873.71, 2285336, 24
2603, 0, 0, 25, 25, 1, 37.68%, 0, 0, 2, 875.18, 2289797, 26
2608, 0, 0, 25, 25, 1, 37.68%, 0, 0, 2, 876.44, 2294268, 26
2613, 0, 0, 25, 25, 1, 37.68%, 0, 0, 2, 893.96, 2298943, 26
2618, 0, 0, 25, 25, 1, 37.68%, 0, 0, 2, 890.68, 2303448, 26
2623, 0, 0, 25, 25, 1, 37.68%, 0, 0, 2, 922.40, 2308152, 26
2628, 0, 0, 25, 25, 1, 37.68%, 0, 0, 2, 930.91, 2312994, 26
2634, 0, 0, 25, 25, 1, 37.68%, 0, 0, 2, 939.24, 2317908, 26
2639, 0, 0, 25, 25, 1, 37.68%, 0, 0, 2, 934.86, 2322642, 26
2644, 0, 0, 25, 25, 1, 37.68%, 0, 0, 2, 909.29, 2327376, 26
2649, 0, 0, 25, 25, 1, 37.68%, 0, 0, 2, 899.18, 2332008, 26
2654, 0, 0, 25, 25, 1, 37.68%, 0, 0, 2, 928.00, 2336664, 26
2659, 0, 0, 25, 25, 1, 37.68%, 0, 0, 2, 891.73, 2341137, 26
2664, 0, 0, 25, 25, 1, 37.68%, 0, 0, 2, 908.76, 2345682, 26
2669, 0, 0, 25, 25, 1, 37.68%, 0, 0, 2, 919.94, 2350344, 26
2674, 0, 0, 25, 25, 1, 37.68%, 0, 0, 2, 883.49, 2354839, 26
2679, 0, 0, 25, 25, 1, 37.68%, 0, 0, 2, 916.08, 2359470, 26
2684, 0, 0, 25, 25, 1, 37.68%, 0, 0, 2, 928.47, 2364186, 26
2690, 0, 0, 25, 25, 1, 37.68%, 0, 0, 2, 925.60, 2368902, 26
2695, 0, 0, 25, 25, 1, 37.68%, 0, 0, 2, 919.15, 2373600, 26
2700, 0, 0, 25, 25, 1, 37.68%, 0, 0, 2, 893.55, 2378095, 26
2705, 0, 0, 25, 25, 1, 37.68%, 0, 0, 2, 902.46, 2382582, 26
2710, 0, 0, 25, 25, 1, 37.68%, 0, 0, 2, 896.08, 2387071, 26
2715, 0, 0, 25, 25, 1, 37.68%, 0, 0, 2, 923.79, 2391726, 26
2720, 0, 0, 25, 25, 1, 37.68%, 0, 0, 2, 925.63, 2396496, 26
2725, 0, 0, 25, 25, 1, 37.68%, 0, 0, 2, 928.31, 2401212, 26
2730, 0, 0, 25, 25, 1, 37.68%, 0, 0, 2, 897.14, 2405822, 26
2735, 0, 0, 25, 25, 1, 37.68%, 0, 0, 2, 911.22, 2410428, 26
2740, 0, 0, 25, 25, 1, 37.68%, 0, 0, 2, 921.92, 2415162, 26
2746, 0, 0, 25, 25, 1, 37.68%, 0, 0, 2, 924.89, 2419860, 26
2751, 0, 0, 25, 25, 1, 37.68%, 0, 0, 2, 937.50, 2424576, 26
2756, 0, 0, 25, 25, 1, 37.68%, 0, 0, 2, 936.05, 2429292, 26
2761, 0, 0, 25, 25, 1, 37.68%, 0, 0, 2, 884.96, 2433651, 26
2766, 0, 0, 25, 25, 1, 37.68%, 0, 0, 2, 917.34, 2438346, 26
2771, 0, 0, 25, 25, 1, 37.68%, 0, 0, 2, 910.84, 2443026, 26
2776, 0, 0, 25, 25, 1, 37.68%, 0, 0, 2, 897.15, 2447526, 26
2781, 0, 0, 25, 25, 1, 37.68%, 0, 0, 2, 914.50, 2452224, 26
2786, 0, 0, 25, 25, 1, 37.68%, 0, 0, 2, 866.49, 2456550, 26
2791, 0, 0, 25, 25, 1, 37.68%, 0, 0, 2, 910.77, 2461224, 26
2796, 0, 0, 25, 25, 1, 37.68%, 0, 0, 2, 928.84, 2465940, 26
2801, 0, 0, 25, 25, 1, 37.68%, 0, 0, 2, 923.30, 2470656, 26
2806, 0, 0, 25, 25, 1, 37.68%, 0, 0, 2, 886.80, 2475046, 26
2811, 0, 0, 25, 25, 1, 37.68%, 0, 0, 2, 898.40, 2479704, 26
2816, 0, 0, 25, 25, 1, 37.68%, 0, 0, 2, 922.72, 2484444, 26
2822, 0, 0, 25, 25, 1, 37.68%, 0, 0, 2, 908.79, 2489106, 26
2827, 0, 0, 25, 25, 1, 37.68%, 0, 0, 2, 863.49, 2493423, 26
2832, 0, 0, 25, 25, 1, 37.68%, 0, 0, 2, 858.53, 2497809, 26
2837, 0, 0, 25, 25, 1, 37.68%, 0, 0, 2, 870.49, 2502297, 26
2842, 0, 0, 26, 26, 1, 39.13%, 0, 0, 2, 890.93, 2506826, 27
2847, 0, 0, 26, 26, 1, 39.13%, 0, 0, 2, 878.01, 2511161, 27
2852, 0, 0, 26, 26, 1, 39.13%, 0, 0, 2, 897.09, 2515887, 27
2857, 0, 0, 26, 26, 1, 39.13%, 0, 0, 2, 911.35, 2520505, 27
2862, 0, 0, 26, 26, 1, 39.13%, 0, 0, 2, 921.43, 2525221, 27
2867, 0, 0, 26, 26, 1, 39.13%, 0, 0, 2, 911.21, 2529865, 27
2872, 0, 0, 26, 26, 1, 39.13%, 0, 0, 2, 917.39, 2534563, 27
2877, 0, 0, 26, 26, 1, 39.13%, 0, 0, 2, 896.12, 2539143, 27
2883, 0, 0, 26, 26, 1, 39.13%, 0, 0, 2, 895.65, 2543631, 27
2888, 0, 0, 26, 26, 1, 39.13%, 0, 0, 2, 889.74, 2548204, 27
2893, 0, 0, 26, 26, 1, 39.13%, 0, 0, 2, 897.38, 2552913, 27
2898, 0, 0, 26, 26, 1, 39.13%, 0, 0, 2, 908.67, 2557639, 27
2903, 0, 0, 26, 26, 1, 39.13%, 0, 0, 2, 934.03, 2562373, 27
2908, 0, 0, 26, 26, 1, 39.13%, 0, 0, 2, 931.90, 2567089, 27
2913, 0, 0, 26, 26, 1, 39.13%, 0, 0, 2, 933.40, 2571841, 27
2918, 0, 0, 26, 26, 1, 39.13%, 0, 0, 2, 931.44, 2576557, 27
2923, 0, 0, 26, 26, 1, 39.13%, 0, 0, 2, 935.44, 2581273, 27
2928, 0, 0, 26, 26, 1, 39.13%, 0, 0, 2, 896.30, 2585791, 27
2934, 0, 0, 26, 26, 1, 39.13%, 0, 0, 2, 918.95, 2590417, 27
2939, 0, 0, 26, 26, 1, 39.13%, 0, 0, 2, 929.05, 2595205, 27
2944, 0, 0, 26, 26, 1, 39.13%, 0, 0, 2, 900.61, 2599885, 27
2949, 0, 0, 26, 26, 1, 39.13%, 0, 0, 2, 914.60, 2604457, 27
2954, 0, 0, 26, 26, 1, 39.13%, 0, 0, 2, 906.55, 2609029, 27
2959, 0, 0, 26, 26, 1, 39.13%, 0, 0, 2, 885.97, 2613501, 27
2964, 0, 0, 26, 26, 1, 39.13%, 0, 0, 2, 878.95, 2617989, 27
2969, 0, 0, 26, 26, 1, 39.13%, 0, 0, 2, 882.20, 2622460, 27
2974, 0, 0, 26, 26, 1, 39.13%, 0, 0, 2, 904.07, 2627011, 27
2979, 0, 0, 26, 26, 1, 39.13%, 0, 0, 2, 886.62, 2631504, 27
2984, 0, 0, 27, 27, 1, 39.13%, 0, 0, 2, 883.67, 2635965, 27
2989, 0, 0, 27, 27, 1, 39.13%, 0, 0, 2, 878.16, 2640436, 27
2995, 0, 0, 27, 27, 1, 39.13%, 0, 0, 2, 868.16, 2644907, 27
3000, 0, 0, 27, 27, 1, 39.13%, 0, 0, 2, 873.24, 2649395, 27
3005, 0, 0, 27, 27, 1, 39.13%, 0, 0, 2, 876.84, 2653866, 27
3010, 0, 0, 27, 27, 1, 39.13%, 0, 0, 2, 878.09, 2658337, 27
3015, 0, 0, 27, 27, 1, 39.13%, 0, 0, 2, 877.40, 2662808, 27
3020, 0, 0, 27, 27, 1, 39.13%, 0, 0, 2, 868.89, 2667279, 27
3025, 0, 0, 27, 27, 1, 39.13%, 0, 0, 2, 879.02, 2671733, 27
3030, 0, 0, 27, 27, 1, 39.13%, 0, 0, 2, 877.12, 2676204, 27
3036, 0, 0, 27, 27, 1, 39.13%, 0, 0, 2, 866.84, 2680641, 27
3041, 0, 0, 27, 27, 1, 39.13%, 0, 0, 2, 863.72, 2685095, 27
3046, 0, 0, 27, 27, 1, 39.13%, 0, 0, 2, 874.46, 2689583, 27
3051, 0, 0, 27, 27, 1, 39.13%, 0, 0, 2, 865.91, 2694037, 27
3056, 0, 0, 27, 27, 1, 39.13%, 0, 0, 2, 869.04, 2698508, 27
3061, 0, 0, 27, 27, 1, 39.13%, 0, 0, 2, 865.27, 2702979, 27
3066, 0, 0, 27, 27, 1, 39.13%, 0, 0, 2, 869.78, 2707450, 27
3071, 0, 0, 27, 27, 1, 39.13%, 0, 0, 2, 869.87, 2711921, 27
3077, 0, 0, 27, 27, 1, 39.13%, 0, 0, 2, 874.31, 2716375, 27
3082, 0, 0, 27, 27, 1, 39.13%, 0, 0, 2, 877.56, 2720846, 27
3087, 0, 0, 27, 27, 1, 39.13%, 0, 0, 2, 872.35, 2725317, 27
3092, 0, 0, 27, 27, 1, 39.13%, 0, 0, 2, 866.06, 2729788, 27
3097, 0, 0, 27, 27, 1, 39.13%, 0, 0, 2, 873.62, 2734259, 27
3102, 0, 0, 27, 27, 1, 39.13%, 0, 0, 2, 877.53, 2738730, 27
3107, 0, 0, 27, 27, 1, 39.13%, 0, 0, 2, 875.27, 2743201, 27
3112, 0, 0, 27, 27, 1, 39.13%, 0, 0, 2, 871.36, 2747655, 27
3117, 0, 0, 27, 27, 1, 39.13%, 0, 0, 2, 868.19, 2752092, 27
3123, 0, 0, 27, 27, 1, 39.13%, 0, 0, 2, 870.12, 2756563, 27
3128, 0, 0, 27, 27, 1, 39.13%, 0, 0, 2, 876.09, 2761034, 27
3133, 0, 0, 27, 27, 1, 39.13%, 0, 0, 2, 878.02, 2765505, 27
3138, 0, 0, 27, 27, 1, 39.13%, 0, 0, 2, 871.85, 2769976, 27
3143, 0, 0, 27, 27, 1, 39.13%, 0, 0, 2, 874.26, 2774447, 27
3148, 0, 0, 27, 27, 1, 39.13%, 0, 0, 2, 872.28, 2778935, 27
3153, 0, 0, 27, 27, 1, 39.13%, 0, 0, 2, 864.36, 2783406, 27
3158, 0, 0, 27, 27, 1, 39.13%, 0, 0, 2, 872.08, 2787877, 27
3164, 0, 0, 27, 27, 1, 39.13%, 0, 0, 2, 873.06, 2792348, 27
3169, 0, 0, 27, 27, 1, 39.13%, 0, 0, 2, 886.23, 2796819, 27
3174, 0, 0, 27, 27, 1, 39.13%, 0, 0, 2, 868.25, 2801290, 27
3179, 0, 0, 27, 27, 1, 39.13%, 0, 0, 2, 867.00, 2805761, 27
3184, 0, 0, 27, 27, 1, 39.13%, 0, 0, 2, 870.39, 2810232, 27
3189, 0, 0, 27, 27, 1, 39.13%, 0, 0, 2, 875.05, 2814703, 27
3194, 0, 0, 27, 27, 1, 39.13%, 0, 0, 2, 871.73, 2819174, 27
3199, 0, 0, 27, 27, 1, 39.13%, 0, 0, 2, 867.72, 2823645, 27
3205, 0, 0, 27, 27, 1, 39.13%, 0, 0, 2, 863.51, 2828099, 27
3210, 0, 0, 27, 27, 1, 39.13%, 0, 0, 2, 865.80, 2832553, 27
3215, 0, 0, 27, 27, 1, 39.13%, 0, 0, 2, 867.76, 2837007, 27
3220, 0, 0, 27, 27, 1, 39.13%, 0, 0, 2, 867.24, 2841444, 27
3225, 0, 0, 27, 27, 1, 39.13%, 0, 0, 2, 867.50, 2845915, 27
3230, 0, 0, 27, 27, 1, 39.13%, 0, 0, 2, 864.49, 2850369, 27
3236, 0, 0, 27, 27, 1, 39.13%, 0, 0, 2, 864.60, 2854840, 27
3241, 0, 0, 27, 27, 1, 39.13%, 0, 0, 2, 863.39, 2859311, 27
3246, 0, 0, 27, 27, 1, 39.13%, 0, 0, 2, 860.98, 2863782, 27
3251, 0, 0, 27, 27, 1, 39.13%, 0, 0, 2, 869.05, 2868253, 27
3256, 0, 0, 27, 27, 1, 39.13%, 0, 0, 2, 870.69, 2872724, 27
3261, 0, 0, 27, 27, 1, 39.13%, 0, 0, 2, 874.79, 2877195, 27
3266, 0, 0, 27, 27, 1, 39.13%, 0, 0, 2, 873.77, 2881683, 27
3272, 0, 0, 27, 27, 1, 39.13%, 0, 0, 2, 869.93, 2886154, 27
3277, 0, 0, 27, 27, 1, 39.13%, 0, 0, 2, 862.61, 2890608, 27
3282, 0, 0, 27, 27, 1, 39.13%, 0, 0, 2, 874.49, 2895062, 27
3287, 0, 0, 27, 27, 1, 39.13%, 0, 0, 2, 879.50, 2899533, 27
3292, 0, 0, 27, 27, 1, 39.13%, 0, 0, 2, 894.40, 2904276, 27
3297, 0, 0, 27, 27, 1, 39.13%, 0, 0, 2, 868.70, 2908747, 27
3302, 0, 0, 27, 27, 1, 39.13%, 0, 0, 2, 867.54, 2913218, 27
3308, 0, 0, 27, 27, 1, 39.13%, 0, 0, 2, 866.48, 2917672, 27
3313, 0, 0, 27, 27, 1, 39.13%, 0, 0, 2, 874.47, 2922143, 27
3318, 0, 0, 27, 27, 1, 39.13%, 0, 0, 2, 873.13, 2926614, 27
3323, 0, 0, 27, 27, 1, 39.13%, 0, 0, 2, 907.95, 2931218, 27
3328, 0, 0, 27, 27, 1, 39.13%, 0, 0, 2, 899.94, 2935898, 27
3333, 0, 0, 27, 27, 1, 39.13%, 0, 0, 2, 888.72, 2940367, 27
3338, 0, 0, 27, 27, 1, 39.13%, 0, 0, 2, 883.02, 2944855, 27
3343, 0, 0, 27, 27, 1, 39.13%, 0, 0, 2, 877.10, 2949326, 27
3348, 0, 0, 27, 27, 1, 39.13%, 0, 0, 2, 876.85, 2953797, 27
3353, 0, 0, 27, 27, 1, 39.13%, 0, 0, 2, 874.51, 2958268, 27
3359, 0, 0, 27, 27, 1, 39.13%, 0, 0, 2, 876.44, 2962739, 27
3364, 0, 0, 27, 27, 1, 39.13%, 0, 0, 2, 881.96, 2967210, 27
3369, 0, 0, 27, 27, 1, 39.13%, 0, 0, 2, 880.62, 2971681, 27
3374, 0, 0, 27, 27, 1, 39.13%, 0, 0, 2, 879.30, 2976152, 27
3379, 0, 0, 27, 27, 1, 39.13%, 0, 0, 2, 879.20, 2980623, 27
3384, 0, 0, 27, 27, 1, 39.13%, 0, 0, 2, 877.66, 2985094, 27
3389, 0, 0, 27, 27, 1, 39.13%, 0, 0, 2, 872.26, 2989582, 27
3394, 0, 0, 27, 27, 1, 39.13%, 0, 0, 2, 870.79, 2994036, 27
3399, 0, 0, 27, 27, 1, 39.13%, 0, 0, 2, 870.47, 2998507, 27
3405, 0, 0, 27, 27, 1, 39.13%, 0, 0, 2, 868.73, 3002978, 27
3410, 0, 0, 27, 27, 1, 39.13%, 0, 0, 2, 861.45, 3007398, 27
3415, 0, 0, 27, 27, 1, 39.13%, 0, 0, 2, 874.41, 3011869, 27
3420, 0, 0, 27, 27, 1, 39.13%, 0, 0, 2, 905.84, 3016592, 27
3425, 0, 0, 27, 27, 1, 39.13%, 0, 0, 2, 907.98, 3021200, 27
3430, 0, 0, 27, 27, 1, 39.13%, 0, 0, 2, 882.03, 3025656, 27
3435, 0, 0, 27, 27, 1, 39.13%, 0, 0, 2, 873.00, 3030127, 27
3440, 0, 0, 27, 27, 1, 39.13%, 0, 0, 2, 879.68, 3034598, 27
3446, 0, 0, 27, 27, 1, 39.13%, 0, 0, 2, 867.15, 3039035, 27
3451, 0, 0, 27, 27, 1, 39.13%, 0, 0, 2, 863.77, 3043489, 27
3456, 0, 0, 27, 27, 1, 39.13%, 0, 0, 2, 868.31, 3047960, 27
3461, 0, 0, 27, 27, 1, 39.13%, 0, 0, 2, 875.63, 3052482, 27
3466, 0, 0, 27, 27, 1, 39.13%, 0, 0, 2, 866.44, 3056970, 27
3471, 0, 0, 27, 27, 1, 39.13%, 0, 0, 2, 871.44, 3061441, 27
3476, 0, 0, 27, 27, 1, 39.13%, 0, 0, 2, 870.81, 3065912, 27
3482, 0, 0, 27, 27, 1, 39.13%, 0, 0, 2, 859.28, 3070349, 27
3487, 0, 0, 27, 27, 1, 39.13%, 0, 0, 2, 866.54, 3074820, 27
3492, 0, 0, 27, 27, 1, 39.13%, 0, 0, 2, 863.99, 3079206, 27
3497, 0, 0, 27, 27, 1, 39.13%, 0, 0, 2, 872.46, 3083677, 27
3502, 0, 0, 27, 27, 1, 39.13%, 0, 0, 2, 872.48, 3088165, 27
3507, 0, 0, 27, 27, 1, 39.13%, 0, 0, 2, 875.26, 3092636, 27
3512, 0, 0, 27, 27, 1, 39.13%, 0, 0, 2, 867.94, 3097090, 27
3517, 0, 0, 27, 27, 1, 39.13%, 0, 0, 2, 874.65, 3101561, 27
3522, 0, 0, 27, 27, 1, 39.13%, 0, 0, 2, 884.21, 3106032, 27
3528, 0, 0, 27, 27, 1, 39.13%, 0, 0, 2, 878.71, 3110503, 27
3533, 0, 0, 27, 27, 1, 39.13%, 0, 0, 2, 891.26, 3114957, 27
3538, 0, 0, 27, 27, 1, 39.13%, 0, 0, 2, 916.94, 3119624, 27
3543, 0, 0, 27, 27, 1, 39.13%, 0, 0, 2, 901.93, 3124196, 27
3548, 0, 0, 27, 27, 1, 39.13%, 0, 0, 2, 889.72, 3128693, 27
3553, 0, 0, 27, 27, 1, 39.13%, 0, 0, 2, 874.58, 3133164, 27
3558, 0, 0, 27, 27, 1, 39.13%, 0, 0, 2, 868.60, 3137618, 27
3563, 0, 0, 27, 27, 1, 39.13%, 0, 0, 2, 869.20, 3142106, 27
3568, 0, 0, 27, 27, 1, 39.13%, 0, 0, 2, 874.41, 3146577, 27
3573, 0, 0, 27, 27, 1, 39.13%, 0, 0, 2, 896.96, 3151252, 27
3579, 0, 0, 27, 27, 1, 39.13%, 0, 0, 2, 882.18, 3155723, 27
3584, 0, 0, 27, 27, 1, 39.13%, 0, 0, 2, 869.87, 3160177, 27
3589, 0, 0, 27, 27, 1, 39.13%, 0, 0, 2, 876.10, 3164631, 27
3594, 0, 0, 27, 27, 1, 39.13%, 0, 0, 2, 879.55, 3169102, 27
3599, 0, 0, 27, 27, 1, 39.13%, 0, 0, 2, 871.14, 3173590, 27
3604, 0, 0, 27, 27, 1, 39.13%, 0, 0, 2, 903.79, 3178178, 27
3609, 0, 0, 27, 27, 1, 39.13%, 0, 0, 2, 882.73, 3182685, 27
3614, 0, 0, 27, 27, 1, 39.13%, 0, 0, 2, 881.31, 3187156, 27
3619, 0, 0, 27, 27, 1, 39.13%, 0, 0, 2, 874.06, 3191644, 27
3625, 0, 0, 27, 27, 1, 39.13%, 0, 0, 2, 877.16, 3196115, 27
3630, 0, 0, 27, 27, 1, 39.13%, 0, 0, 2, 877.45, 3200586, 27
3635, 0, 0, 27, 27, 1, 39.13%, 0, 0, 2, 878.59, 3205074, 27
3640, 0, 0, 27, 27, 1, 39.13%, 0, 0, 2, 880.51, 3209545, 27
3645, 0, 0, 27, 27, 1, 39.13%, 0, 0, 2, 865.54, 3214016, 27
3650, 0, 0, 27, 27, 1, 39.13%, 0, 0, 2, 876.63, 3218487, 27
3655, 0, 0, 27, 27, 1, 39.13%, 0, 0, 2, 881.36, 3222958, 27
3660, 0, 0, 27, 27, 1, 39.13%, 0, 0, 2, 867.99, 3227395, 27
3665, 0, 0, 27, 27, 1, 39.13%, 0, 0, 2, 866.50, 3231849, 27
3671, 0, 0, 27, 27, 1, 39.13%, 0, 0, 2, 863.56, 3236286, 27
3676, 0, 0, 27, 27, 1, 39.13%, 0, 0, 2, 877.80, 3240757, 27
3681, 0, 0, 27, 27, 1, 39.13%, 0, 0, 2, 866.65, 3245211, 27
3686, 0, 0, 27, 27, 1, 39.13%, 0, 0, 2, 879.14, 3249682, 27
3691, 0, 0, 27, 27, 1, 39.13%, 0, 0, 2, 875.36, 3254153, 27
3696, 0, 0, 27, 27, 1, 39.13%, 0, 0, 2, 878.67, 3258624, 27
3701, 0, 0, 27, 27, 1, 39.13%, 0, 0, 2, 878.53, 3263129, 27
3706, 0, 0, 27, 27, 1, 39.13%, 0, 0, 2, 877.14, 3267600, 27
3711, 0, 0, 27, 27, 1, 39.13%, 0, 0, 2, 880.21, 3272071, 27
3716, 0, 0, 27, 27, 1, 39.13%, 0, 0, 2, 876.13, 3276525, 27
3721, 0, 0, 27, 27, 1, 39.13%, 0, 0, 2, 867.63, 3280996, 27
3727, 0, 0, 27, 27, 1, 39.13%, 0, 0, 2, 870.91, 3285450, 27
3732, 0, 0, 27, 27, 1, 39.13%, 0, 0, 2, 874.16, 3289921, 27
3737, 0, 0, 27, 27, 1, 39.13%, 0, 0, 2, 875.79, 3294392, 27
3742, 0, 0, 27, 27, 1, 39.13%, 0, 0, 2, 902.09, 3298994, 27
3747, 0, 0, 27, 27, 1, 39.13%, 0, 0, 2, 876.22, 3303453, 27
3752, 0, 0, 27, 27, 1, 39.13%, 0, 0, 2, 869.29, 3307924, 27
3757, 0, 0, 27, 27, 1, 39.13%, 0, 0, 2, 869.26, 3312395, 27
3762, 0, 0, 27, 27, 1, 39.13%, 0, 0, 2, 871.68, 3316849, 27
3767, 0, 0, 27, 27, 1, 39.13%, 0, 0, 2, 870.70, 3321320, 27
3772, 0, 0, 27, 27, 1, 39.13%, 0, 0, 2, 875.05, 3325791, 27
3778, 0, 0, 27, 27, 1, 39.13%, 0, 0, 2, 870.25, 3330262, 27
3783, 0, 0, 27, 27, 1, 39.13%, 0, 0, 2, 872.76, 3334733, 27
3788, 0, 0, 27, 27, 1, 39.13%, 0, 0, 2, 871.70, 3339221, 27
3793, 0, 0, 27, 27, 1, 39.13%, 0, 0, 2, 866.43, 3343675, 27
3798, 0, 0, 27, 27, 1, 39.13%, 0, 0, 2, 870.04, 3348129, 27
3803, 0, 0, 27, 27, 1, 39.13%, 0, 0, 2, 875.61, 3352617, 27
3808, 0, 0, 27, 27, 1, 39.13%, 0, 0, 2, 877.87, 3357088, 27
3814, 0, 0, 27, 27, 1, 39.13%, 0, 0, 2, 876.14, 3361576, 27
3819, 0, 0, 27, 27, 1, 39.13%, 0, 0, 2, 870.78, 3366047, 27
3824, 0, 0, 27, 27, 1, 39.13%, 0, 0, 2, 873.30, 3370518, 27
3829, 0, 0, 27, 27, 1, 39.13%, 0, 0, 2, 878.23, 3374989, 27
3834, 0, 0, 27, 27, 1, 39.13%, 0, 0, 2, 860.58, 3379392, 27
3839, 0, 0, 27, 27, 1, 39.13%, 0, 0, 2, 861.79, 3383846, 27
3844, 0, 0, 27, 27, 1, 39.13%, 0, 0, 2, 862.07, 3388317, 27
3849, 0, 0, 27, 27, 1, 39.13%, 0, 0, 2, 870.25, 3392788, 27
3855, 0, 0, 28, 28, 1, 40.58%, 0, 0, 2, 873.26, 3397249, 28
3860, 0, 0, 28, 28, 1, 40.58%, 0, 0, 2, 874.79, 3401737, 28
3865, 0, 0, 28, 28, 1, 40.58%, 0, 0, 2, 873.77, 3406191, 28
3870, 0, 0, 28, 28, 1, 40.58%, 0, 0, 2, 867.33, 3410645, 28
3875, 0, 0, 29, 29, 1, 42.03%, 0, 0, 2, 881.86, 3415123, 29
3880, 0, 0, 29, 29, 1, 42.03%, 0, 0, 2, 870.67, 3419577, 29
3885, 0, 0, 29, 29, 1, 42.03%, 0, 0, 2, 866.71, 3424048, 29
3890, 0, 0, 29, 29, 1, 42.03%, 0, 0, 2, 871.26, 3428519, 29
3895, 0, 0, 29, 29, 1, 42.03%, 0, 0, 2, 864.07, 3432973, 29
3901, 0, 0, 29, 29, 1, 42.03%, 0, 0, 2, 856.05, 3437223, 29
3906, 0, 0, 29, 29, 1, 42.03%, 0, 0, 2, 878.69, 3441694, 29
3911, 0, 0, 29, 29, 1, 42.03%, 0, 0, 2, 888.45, 3446165, 29
3916, 0, 0, 29, 29, 1, 42.03%, 0, 0, 2, 896.06, 3450789, 29
3921, 0, 0, 29, 29, 1, 42.03%, 0, 0, 2, 900.33, 3455294, 29
3926, 0, 0, 29, 29, 1, 42.03%, 0, 0, 2, 900.48, 3459874, 29
3931, 0, 0, 29, 29, 1, 42.03%, 0, 0, 2, 904.46, 3464374, 29
3936, 0, 0, 29, 29, 1, 42.03%, 0, 0, 2, 929.47, 3469090, 29
3941, 0, 0, 29, 29, 1, 42.03%, 0, 0, 2, 933.43, 3473824, 29
3946, 0, 0, 29, 29, 1, 42.03%, 0, 0, 2, 915.01, 3478450, 29
3951, 0, 0, 29, 29, 1, 42.03%, 0, 0, 2, 902.37, 3483184, 29
3956, 0, 0, 30, 30, 1, 42.03%, 0, 0, 2, 903.77, 3487655, 29
3961, 0, 0, 30, 30, 1, 42.03%, 0, 0, 2, 924.37, 3492371, 29
3966, 0, 0, 30, 30, 1, 42.03%, 0, 0, 2, 921.17, 3496961, 29
3971, 0, 0, 30, 30, 1, 42.03%, 0, 0, 2, 903.00, 3501533, 29
3976, 0, 0, 30, 30, 1, 42.03%, 0, 0, 2, 887.13, 3505978, 29
3981, 0, 0, 30, 30, 1, 42.03%, 0, 0, 2, 915.25, 3510641, 29
3987, 0, 0, 30, 30, 1, 42.03%, 0, 0, 2, 908.69, 3515267, 29
3992, 0, 0, 30, 30, 1, 42.03%, 0, 0, 2, 890.06, 3519816, 29
3997, 0, 0, 30, 30, 1, 42.03%, 0, 0, 2, 899.02, 3524423, 29
4002, 0, 0, 30, 30, 1, 42.03%, 0, 0, 2, 903.44, 3529019, 29
4007, 0, 0, 30, 30, 1, 42.03%, 0, 0, 2, 924.75, 3533771, 29
4012, 0, 0, 30, 30, 1, 42.03%, 0, 0, 2, 899.01, 3538465, 29
4017, 0, 0, 30, 30, 1, 42.03%, 0, 0, 2, 869.61, 3542868, 29
4022, 0, 0, 30, 30, 1, 42.03%, 0, 0, 2, 896.30, 3547373, 29
4027, 0, 0, 30, 30, 1, 42.03%, 0, 0, 2, 922.34, 3552023, 29
4032, 0, 0, 30, 30, 1, 42.03%, 0, 0, 2, 930.26, 3556757, 29
4038, 0, 0, 30, 30, 1, 42.03%, 0, 0, 2, 926.45, 3561491, 29
4043, 0, 0, 30, 30, 1, 42.03%, 0, 0, 2, 923.41, 3566225, 29
4048, 0, 0, 30, 30, 1, 42.03%, 0, 0, 2, 939.16, 3570941, 29
4053, 0, 0, 30, 30, 1, 42.03%, 0, 0, 2, 896.93, 3575559, 29
4058, 0, 0, 30, 30, 1, 42.03%, 0, 0, 2, 926.04, 3580265, 29
4063, 0, 0, 30, 30, 1, 42.03%, 0, 0, 2, 926.94, 3584981, 29
4068, 0, 0, 30, 30, 1, 42.03%, 0, 0, 2, 893.07, 3589431, 29
4073, 0, 0, 30, 30, 1, 42.03%, 0, 0, 2, 888.06, 3593902, 29
4078, 0, 0, 30, 30, 1, 42.03%, 0, 0, 2, 892.44, 3598373, 29
4083, 0, 0, 30, 30, 1, 42.03%, 0, 0, 2, 931.73, 3603071, 29
4088, 0, 0, 30, 30, 1, 42.03%, 0, 0, 2, 939.41, 3607787, 29
4093, 0, 0, 30, 30, 1, 42.03%, 0, 0, 2, 904.50, 3612413, 29
4098, 0, 0, 30, 30, 1, 42.03%, 0, 0, 2, 896.84, 3616920, 29
4103, 0, 0, 30, 30, 1, 42.03%, 0, 0, 2, 891.97, 3621425, 29
4109, 0, 0, 30, 30, 1, 42.03%, 0, 0, 2, 921.07, 3626111, 29
4114, 0, 0, 30, 30, 1, 42.03%, 0, 0, 2, 892.25, 3630707, 29
4119, 0, 0, 30, 30, 1, 42.03%, 0, 0, 2, 942.93, 3635651, 29
4124, 0, 0, 30, 30, 1, 42.03%, 0, 0, 2, 888.66, 3640227, 29
4129, 0, 0, 30, 30, 1, 42.03%, 0, 0, 2, 908.15, 3644903, 29
4134, 0, 0, 30, 30, 1, 42.03%, 0, 0, 2, 929.99, 3649619, 29
4139, 0, 0, 30, 30, 1, 42.03%, 0, 0, 2, 920.07, 3654317, 29
4145, 0, 0, 30, 30, 1, 42.03%, 0, 0, 2, 886.01, 3658893, 29
4150, 0, 0, 30, 30, 1, 42.03%, 0, 0, 2, 887.05, 3663364, 29
4155, 0, 0, 30, 30, 1, 42.03%, 0, 0, 2, 929.70, 3668105, 29
4160, 0, 0, 30, 30, 1, 42.03%, 0, 0, 2, 924.39, 3672839, 29
4165, 0, 0, 30, 30, 1, 42.03%, 0, 0, 2, 916.97, 3677501, 29
4170, 0, 0, 30, 30, 1, 42.03%, 0, 0, 2, 887.59, 3681894, 29
4175, 0, 0, 30, 30, 1, 42.03%, 0, 0, 2, 938.91, 3686843, 29
4180, 0, 0, 30, 30, 1, 42.03%, 0, 0, 2, 937.46, 3691577, 29
4185, 0, 0, 30, 30, 1, 42.03%, 0, 0, 2, 920.21, 3696221, 29
4190, 0, 0, 30, 30, 1, 42.03%, 0, 0, 2, 895.65, 3700679, 29
4195, 0, 0, 30, 30, 1, 42.03%, 0, 0, 2, 907.62, 3705257, 29
4200, 0, 0, 30, 30, 1, 42.03%, 0, 0, 2, 932.30, 3709973, 29
4205, 0, 0, 30, 30, 1, 42.03%, 0, 0, 2, 924.92, 3714815, 29
4210, 0, 0, 30, 30, 1, 42.03%, 0, 0, 2, 931.86, 3719495, 29
4215, 0, 0, 30, 30, 1, 42.03%, 0, 0, 2, 913.24, 3724121, 29
4220, 0, 0, 30, 30, 1, 42.03%, 0, 0, 2, 873.81, 3728542, 29
4225, 0, 0, 30, 30, 1, 42.03%, 0, 0, 2, 868.77, 3733013, 29
4231, 0, 0, 30, 30, 1, 42.03%, 0, 0, 2, 870.28, 3737484, 29
4236, 0, 0, 30, 30, 1, 42.03%, 0, 0, 2, 887.72, 3741972, 29
4241, 0, 0, 30, 30, 1, 42.03%, 0, 0, 2, 879.32, 3746443, 29
4246, 0, 0, 30, 30, 1, 42.03%, 0, 0, 2, 877.80, 3750914, 29
4251, 0, 0, 30, 30, 1, 42.03%, 0, 0, 2, 880.12, 3755419, 29
4256, 0, 0, 30, 30, 1, 42.03%, 0, 0, 2, 882.66, 3759890, 29
4261, 0, 0, 30, 30, 1, 42.03%, 0, 0, 2, 881.44, 3764361, 29
4266, 0, 0, 30, 30, 1, 42.03%, 0, 0, 2, 882.78, 3768832, 29
4271, 0, 0, 30, 30, 1, 42.03%, 0, 0, 2, 873.82, 3773303, 29
4276, 0, 0, 30, 30, 1, 42.03%, 0, 0, 2, 874.44, 3777740, 29
4281, 0, 0, 30, 30, 1, 42.03%, 0, 0, 2, 880.10, 3782211, 29
4287, 0, 0, 30, 30, 1, 42.03%, 0, 0, 2, 901.87, 3786886, 29
4292, 0, 0, 30, 30, 1, 42.03%, 0, 0, 2, 889.97, 3791459, 29
4297, 0, 0, 30, 30, 1, 42.03%, 0, 0, 2, 880.93, 3795930, 29
4302, 0, 0, 30, 30, 1, 42.03%, 0, 0, 2, 880.69, 3800384, 29
4307, 0, 0, 30, 30, 1, 42.03%, 0, 0, 2, 871.83, 3804855, 29
4312, 0, 0, 30, 30, 1, 42.03%, 0, 0, 2, 865.84, 3809343, 29
4317, 0, 0, 30, 30, 1, 42.03%, 0, 0, 2, 875.88, 3813814, 29
4322, 0, 0, 30, 30, 1, 42.03%, 0, 0, 2, 876.43, 3818285, 29
4328, 0, 0, 30, 30, 1, 42.03%, 0, 0, 2, 878.40, 3822756, 29
4333, 0, 0, 30, 30, 1, 42.03%, 0, 0, 2, 867.67, 3827227, 29
4338, 0, 0, 30, 30, 1, 42.03%, 0, 0, 2, 875.17, 3831698, 29
4343, 0, 0, 30, 30, 1, 42.03%, 0, 0, 2, 878.21, 3836169, 29
4348, 0, 0, 30, 30, 1, 42.03%, 0, 0, 2, 877.23, 3840640, 29
4353, 0, 0, 30, 30, 1, 42.03%, 0, 0, 2, 877.67, 3845111, 29
4358, 0, 0, 30, 30, 1, 42.03%, 0, 0, 2, 872.27, 3849582, 29
4363, 0, 0, 30, 30, 1, 42.03%, 0, 0, 2, 876.51, 3854036, 29
4369, 0, 0, 30, 30, 1, 42.03%, 0, 0, 2, 876.18, 3858507, 29
4374, 0, 0, 30, 30, 1, 42.03%, 0, 0, 2, 875.39, 3862944, 29
4379, 0, 0, 30, 30, 1, 42.03%, 0, 0, 2, 877.49, 3867415, 29
4384, 0, 0, 30, 30, 1, 42.03%, 0, 0, 2, 877.26, 3871886, 29
4389, 0, 0, 30, 30, 1, 42.03%, 0, 0, 2, 870.81, 3876357, 29
4394, 0, 0, 30, 30, 1, 42.03%, 0, 0, 2, 871.12, 3880811, 29
4399, 0, 0, 30, 30, 1, 42.03%, 0, 0, 2, 874.71, 3885282, 29
4404, 0, 0, 30, 30, 1, 42.03%, 0, 0, 2, 875.55, 3889753, 29
4409, 0, 0, 30, 30, 1, 42.03%, 0, 0, 2, 865.45, 3894224, 29
4415, 0, 0, 30, 30, 1, 42.03%, 0, 0, 2, 859.65, 3898661, 29
4420, 0, 0, 30, 30, 1, 42.03%, 0, 0, 2, 862.28, 3903132, 29
4425, 0, 0, 30, 30, 1, 42.03%, 0, 0, 2, 865.00, 3907603, 29
4430, 0, 0, 30, 30, 1, 42.03%, 0, 0, 2, 867.34, 3912074, 29
4435, 0, 0, 30, 30, 1, 42.03%, 0, 0, 2, 866.69, 3916528, 29
4440, 0, 0, 30, 30, 1, 42.03%, 0, 0, 2, 868.20, 3920999, 29
4445, 0, 0, 30, 30, 1, 42.03%, 0, 0, 2, 867.49, 3925470, 29
4451, 0, 0, 30, 30, 1, 42.03%, 0, 0, 2, 871.30, 3929941, 29
4456, 0, 0, 30, 30, 1, 42.03%, 0, 0, 2, 878.16, 3934412, 29
4461, 0, 0, 30, 30, 1, 42.03%, 0, 0, 2, 880.10, 3938883, 29
4466, 0, 0, 30, 30, 1, 42.03%, 0, 0, 2, 878.63, 3943337, 29
4471, 0, 0, 30, 30, 1, 42.03%, 0, 0, 2, 876.56, 3947808, 29
4476, 0, 0, 30, 30, 1, 42.03%, 0, 0, 2, 876.90, 3952279, 29
4481, 0, 0, 30, 30, 1, 42.03%, 0, 0, 2, 892.75, 3956818, 29
4486, 0, 0, 30, 30, 1, 42.03%, 0, 0, 2, 882.25, 3961289, 29
4491, 0, 0, 30, 30, 1, 42.03%, 0, 0, 2, 865.94, 3965743, 29
4496, 0, 0, 30, 30, 1, 42.03%, 0, 0, 2, 869.20, 3970180, 29
4502, 0, 0, 30, 30, 1, 42.03%, 0, 0, 2, 874.78, 3974651, 29
4507, 0, 0, 30, 30, 1, 42.03%, 0, 0, 2, 871.51, 3979122, 29
4512, 0, 0, 30, 30, 1, 42.03%, 0, 0, 2, 864.26, 3983559, 29
4517, 0, 0, 30, 30, 1, 42.03%, 0, 0, 2, 869.31, 3988030, 29
4522, 0, 0, 30, 30, 1, 42.03%, 0, 0, 2, 866.46, 3992484, 29
4527, 0, 0, 30, 30, 1, 42.03%, 0, 0, 2, 870.56, 3996955, 29
4532, 0, 0, 30, 30, 1, 42.03%, 0, 0, 2, 874.92, 4001426, 29
4537, 0, 0, 30, 30, 1, 42.03%, 0, 0, 2, 875.71, 4005897, 29
4543, 0, 0, 30, 30, 1, 42.03%, 0, 0, 2, 874.86, 4010368, 29
4548, 0, 0, 30, 30, 1, 42.03%, 0, 0, 2, 867.73, 4014839, 29
4553, 0, 0, 30, 30, 1, 42.03%, 0, 0, 2, 868.03, 4019327, 29
4558, 0, 0, 30, 30, 1, 42.03%, 0, 0, 2, 868.77, 4023798, 29
4563, 0, 0, 30, 30, 1, 42.03%, 0, 0, 2, 863.58, 4028235, 29
4568, 0, 0, 30, 30, 1, 42.03%, 0, 0, 2, 864.18, 4032706, 29
4574, 0, 0, 30, 30, 1, 42.03%, 0, 0, 2, 872.34, 4037177, 29
4579, 0, 0, 30, 30, 1, 42.03%, 0, 0, 2, 870.45, 4041648, 29
4584, 0, 0, 30, 30, 1, 42.03%, 0, 0, 2, 876.23, 4046119, 29
4589, 0, 0, 30, 30, 1, 42.03%, 0, 0, 2, 869.73, 4050590, 29
4594, 0, 0, 30, 30, 1, 42.03%, 0, 0, 2, 866.71, 4055044, 29
4599, 0, 0, 30, 30, 1, 42.03%, 0, 0, 2, 870.10, 4059515, 29
4604, 0, 0, 30, 30, 1, 42.03%, 0, 0, 2, 860.71, 4063952, 29
4609, 0, 0, 30, 30, 1, 42.03%, 0, 0, 2, 869.94, 4068440, 29
4615, 0, 0, 30, 30, 1, 42.03%, 0, 0, 2, 862.85, 4072928, 29
4620, 0, 0, 30, 30, 1, 42.03%, 0, 0, 2, 871.04, 4077399, 29
4625, 0, 0, 30, 30, 1, 42.03%, 0, 0, 2, 898.67, 4082123, 29
4630, 0, 0, 30, 30, 1, 42.03%, 0, 0, 2, 867.87, 4086528, 29
4635, 0, 0, 30, 30, 1, 42.03%, 0, 0, 2, 870.19, 4090982, 29
4640, 0, 0, 30, 30, 1, 42.03%, 0, 0, 2, 870.99, 4095453, 29
4645, 0, 0, 30, 30, 1, 42.03%, 0, 0, 2, 869.94, 4099924, 29
4651, 0, 0, 30, 30, 1, 42.03%, 0, 0, 2, 869.87, 4104395, 29
4656, 0, 0, 30, 30, 1, 42.03%, 0, 0, 2, 876.79, 4108866, 29
4661, 0, 0, 30, 30, 1, 42.03%, 0, 0, 2, 872.84, 4113337, 29
4666, 0, 0, 30, 30, 1, 42.03%, 0, 0, 2, 879.55, 4117825, 29
4671, 0, 0, 30, 30, 1, 42.03%, 0, 0, 2, 874.72, 4122296, 29
4676, 0, 0, 30, 30, 1, 42.03%, 0, 0, 2, 872.49, 4126767, 29
4681, 0, 0, 30, 30, 1, 42.03%, 0, 0, 2, 869.25, 4131238, 29
4686, 0, 0, 30, 30, 1, 42.03%, 0, 0, 2, 869.70, 4135675, 29
4692, 0, 0, 30, 30, 1, 42.03%, 0, 0, 2, 877.43, 4140146, 29
4697, 0, 0, 30, 30, 1, 42.03%, 0, 0, 2, 888.89, 4144651, 29
4702, 0, 0, 30, 30, 1, 42.03%, 0, 0, 2, 880.24, 4149139, 29
4707, 0, 0, 30, 30, 1, 42.03%, 0, 0, 2, 873.26, 4153610, 29
4712, 0, 0, 30, 30, 1, 42.03%, 0, 0, 2, 886.80, 4158149, 29
4717, 0, 0, 30, 30, 1, 42.03%, 0, 0, 2, 873.46, 4162603, 29
4722, 0, 0, 30, 30, 1, 42.03%, 0, 0, 2, 883.99, 4167074, 29
4727, 0, 0, 30, 30, 1, 42.03%, 0, 0, 2, 885.41, 4171579, 29
4732, 0, 0, 30, 30, 1, 42.03%, 0, 0, 2, 877.80, 4176050, 29
4737, 0, 0, 30, 30, 1, 42.03%, 0, 0, 2, 869.87, 4180521, 29
4743, 0, 0, 30, 30, 1, 42.03%, 0, 0, 2, 871.83, 4184992, 29
4748, 0, 0, 30, 30, 1, 42.03%, 0, 0, 2, 864.31, 4189429, 29
4753, 0, 0, 30, 30, 1, 42.03%, 0, 0, 2, 879.54, 4193900, 29
4758, 0, 0, 30, 30, 1, 42.03%, 0, 0, 2, 863.76, 4198337, 29
4763, 0, 0, 30, 30, 1, 42.03%, 0, 0, 2, 872.01, 4202791, 29
4768, 0, 0, 30, 30, 1, 42.03%, 0, 0, 2, 874.51, 4207262, 29
4773, 0, 0, 30, 30, 1, 42.03%, 0, 0, 2, 899.00, 4211920, 29
4778, 0, 0, 30, 30, 1, 42.03%, 0, 0, 2, 925.32, 4216655, 29
4784, 0, 0, 30, 30, 1, 42.03%, 0, 0, 2, 890.54, 4221253, 29
4789, 0, 0, 30, 30, 1, 42.03%, 0, 0, 2, 882.86, 4225724, 29
4794, 0, 0, 30, 30, 1, 42.03%, 0, 0, 2, 881.46, 4230195, 29
4799, 0, 0, 30, 30, 1, 42.03%, 0, 0, 2, 871.57, 4234666, 29
4804, 0, 0, 30, 30, 1, 42.03%, 0, 0, 2, 857.83, 4239103, 29
4809, 0, 0, 30, 30, 1, 42.03%, 0, 0, 2, 867.82, 4243574, 29
4814, 0, 0, 30, 30, 1, 42.03%, 0, 0, 2, 874.62, 4248045, 29
4820, 0, 0, 30, 30, 1, 42.03%, 0, 0, 2, 873.67, 4252516, 29
4825, 0, 0, 30, 30, 1, 42.03%, 0, 0, 2, 877.57, 4256987, 29
4830, 0, 0, 30, 30, 1, 42.03%, 0, 0, 2, 876.85, 4261441, 29
4835, 0, 0, 30, 30, 1, 42.03%, 0, 0, 2, 880.95, 4265912, 29
4840, 0, 0, 30, 30, 1, 42.03%, 0, 0, 2, 893.78, 4270604, 29
4845, 0, 0, 30, 30, 1, 42.03%, 0, 0, 2, 868.96, 4275075, 29
4850, 0, 0, 30, 30, 1, 42.03%, 0, 0, 2, 866.92, 4279529, 29
4855, 0, 0, 30, 30, 1, 42.03%, 0, 0, 2, 858.14, 4283949, 29
4861, 0, 0, 30, 30, 1, 42.03%, 0, 0, 2, 861.06, 4288369, 29
4866, 0, 0, 30, 30, 1, 42.03%, 0, 0, 2, 869.65, 4292840, 29
4871, 0, 0, 30, 30, 1, 42.03%, 0, 0, 2, 874.95, 4297311, 29
4876, 0, 0, 30, 30, 1, 42.03%, 0, 0, 2, 878.00, 4301782, 29
4881, 0, 0, 30, 30, 1, 42.03%, 0, 0, 2, 878.46, 4306253, 29
4886, 0, 0, 30, 30, 1, 42.03%, 0, 0, 2, 873.07, 4310724, 29
4891, 0, 0, 30, 30, 1, 42.03%, 0, 0, 2, 870.95, 4315195, 29
4896, 0, 0, 30, 30, 1, 42.03%, 0, 0, 2, 868.69, 4319666, 29
4901, 0, 0, 30, 30, 1, 42.03%, 0, 0, 2, 875.30, 4324137, 29
4907, 0, 0, 30, 30, 1, 42.03%, 0, 0, 2, 875.47, 4328608, 29
4912, 0, 0, 30, 30, 1, 42.03%, 0, 0, 2, 874.85, 4333079, 29
4917, 0, 0, 30, 30, 1, 42.03%, 0, 0, 2, 878.60, 4337550, 29
4922, 0, 0, 30, 30, 1, 42.03%, 0, 0, 2, 877.35, 4342021, 29
4927, 0, 0, 30, 30, 1, 42.03%, 0, 0, 2, 875.73, 4346492, 29
4932, 0, 0, 30, 30, 1, 42.03%, 0, 0, 2, 877.69, 4350963, 29
4937, 0, 0, 30, 30, 1, 42.03%, 0, 0, 2, 864.72, 4355417, 29
4942, 0, 0, 30, 30, 1, 42.03%, 0, 0, 2, 869.66, 4359905, 29
4948, 0, 0, 30, 30, 1, 42.03%, 0, 0, 2, 876.72, 4364376, 29
4953, 0, 0, 30, 30, 1, 42.03%, 0, 0, 2, 872.03, 4368847, 29
4958, 0, 0, 30, 30, 1, 42.03%, 0, 0, 2, 873.33, 4373318, 29
4963, 0, 0, 30, 30, 1, 42.03%, 0, 0, 2, 876.74, 4377755, 29
4968, 0, 0, 30, 30, 1, 42.03%, 0, 0, 2, 872.04, 4382226, 29
4973, 0, 0, 30, 30, 1, 42.03%, 0, 0, 2, 874.33, 4386697, 29
4978, 0, 0, 30, 30, 1, 42.03%, 0, 0, 2, 877.80, 4391168, 29
4983, 0, 0, 30, 30, 1, 42.03%, 0, 0, 2, 874.87, 4395639, 29
4988, 0, 0, 30, 30, 1, 42.03%, 0, 0, 2, 877.57, 4400110, 29
4994, 0, 0, 30, 30, 1, 42.03%, 0, 0, 2, 868.78, 4404581, 29
4999, 0, 0, 30, 30, 1, 42.03%, 0, 0, 2, 878.36, 4409052, 29
5004, 0, 0, 30, 30, 1, 42.03%, 0, 0, 2, 900.34, 4413710, 29
5009, 0, 0, 30, 30, 1, 42.03%, 0, 0, 2, 883.97, 4418181, 29
5014, 0, 0, 30, 30, 1, 42.03%, 0, 0, 2, 868.71, 4422635, 29
5019, 0, 0, 30, 30, 1, 42.03%, 0, 0, 2, 869.00, 4427123, 29
5024, 0, 0, 30, 30, 1, 42.03%, 0, 0, 2, 871.47, 4431594, 29
5029, 0, 0, 30, 30, 1, 42.03%, 0, 0, 2, 870.39, 4436065, 29
5035, 0, 0, 30, 30, 1, 42.03%, 0, 0, 2, 871.73, 4440536, 29
5040, 0, 0, 30, 30, 1, 42.03%, 0, 0, 2, 875.62, 4445007, 29
5045, 0, 0, 30, 30, 1, 42.03%, 0, 0, 2, 876.74, 4449478, 29
5050, 0, 0, 30, 30, 1, 42.03%, 0, 0, 2, 869.09, 4453932, 29
5055, 0, 0, 30, 30, 1, 42.03%, 0, 0, 2, 871.62, 4458403, 29
5060, 0, 0, 30, 30, 1, 42.03%, 0, 0, 2, 872.44, 4462874, 29
5065, 0, 0, 30, 30, 1, 42.03%, 0, 0, 2, 876.64, 4467362, 29
5070, 0, 0, 30, 30, 1, 42.03%, 0, 0, 2, 875.12, 4471833, 29
5076, 0, 0, 30, 30, 1, 42.03%, 0, 0, 2, 871.35, 4476304, 29
5081, 0, 0, 30, 30, 1, 42.03%, 0, 0, 2, 880.15, 4480826, 29
5086, 0, 0, 30, 30, 1, 42.03%, 0, 0, 2, 874.16, 4485297, 29
5091, 0, 0, 30, 30, 1, 42.03%, 0, 0, 2, 878.72, 4489751, 29
5096, 0, 0, 30, 30, 1, 42.03%, 0, 0, 2, 878.51, 4494222, 29
5101, 0, 0, 30, 30, 1, 42.03%, 0, 0, 2, 874.20, 4498693, 29
5106, 0, 0, 30, 30, 1, 42.03%, 0, 0, 2, 870.30, 4503147, 29
5111, 0, 0, 30, 30, 1, 42.03%, 0, 0, 2, 867.79, 4507601, 29
5116, 0, 0, 30, 30, 1, 42.03%, 0, 0, 2, 876.11, 4512072, 29
5121, 0, 0, 30, 30, 1, 42.03%, 0, 0, 2, 899.36, 4516560, 29
5127, 0, 0, 30, 30, 1, 42.03%, 0, 0, 2, 918.58, 4521215, 29
5132, 0, 24, 35, 33, 8, 42.03%, 0, 0, 3, 878.78, 4525662, 29
5137, 0, 35, 42, 35, 3, 42.03%, 0, 0, 4, 870.06, 4530039, 29
5142, 0, 39, 46, 35, 0, 42.03%, 0, 0, 5, 870.10, 4534412, 29
5147, 0, 39, 51, 40, 0, 42.03%, 0, 0, 5, 862.57, 4538806, 29
5152, 0, 45, 53, 41, 0, 42.03%, 0, 0, 6, 874.07, 4543242, 29
5157, 0, 27, 56, 43, 0, 42.03%, 0, 0, 7, 862.10, 4547685, 29
5162, 0, 23, 59, 46, 0, 42.03%, 0, 0, 7, 857.43, 4552053, 29
5167, 0, 51, 59, 45, 0, 42.03%, 0, 0, 7, 871.79, 4556463, 29
5172, 0, 29, 59, 45, 0, 42.03%, 0, 0, 7, 867.59, 4560971, 29
5177, 0, 51, 62, 48, 0, 42.03%, 0, 0, 7, 871.19, 4565334, 29
5183, 0, 51, 63, 49, 0, 42.03%, 0, 0, 7, 870.22, 4569857, 29
5188, 0, 20, 65, 50, 0, 42.03%, 0, 0, 7, 867.29, 4574200, 29
5193, 0, 23, 65, 50, 0, 42.03%, 0, 0, 7, 871.77, 4578562, 29
5198, 1, 23, 66, 51, 0, 42.03%, 0, 0, 7, 881.04, 4583139, 29
5203, 1, 56, 68, 52, 0, 42.03%, 0, 0, 8, 866.26, 4587488, 29
5208, 1, 51, 71, 55, 0, 42.03%, 0, 0, 8, 869.70, 4591980, 29
5213, 1, 27, 71, 55, 0, 42.03%, 0, 0, 8, 860.85, 4596466, 29
5218, 1, 21, 71, 55, 0, 42.03%, 0, 0, 8, 859.42, 4600808, 29
5223, 1, 21, 71, 55, 0, 42.03%, 0, 0, 8, 859.81, 4605136, 29
5228, 1, 63, 71, 53, 0, 42.03%, 0, 0, 8, 862.76, 4609459, 29
5234, 1, 63, 71, 51, 0, 42.03%, 0, 0, 8, 871.18, 4614000, 29
5239, 1, 51, 71, 51, 0, 42.03%, 0, 0, 8, 870.60, 4618558, 29
5244, 1, 56, 71, 51, 0, 42.03%, 0, 0, 8, 855.45, 4622835, 29
5249, 1, 51, 71, 50, 0, 42.03%, 0, 0, 8, 886.37, 4627436, 29
5254, 2, 21, 76, 55, 0, 42.03%, 0, 0, 8, 878.39, 4632005, 29
5259, 2, 78, 81, 60, 0, 42.03%, 0, 0, 9, 833.00, 4636169, 29
5264, 2, 43, 82, 60, 0, 42.03%, 0, 0, 9, 840.35, 4640390, 29
5269, 2, 44, 84, 61, 0, 42.03%, 0, 0, 9, 853.19, 4644845, 29
5274, 2, 72, 84, 60, 0, 42.03%, 0, 0, 9, 859.12, 4649155, 29
5279, 2, 56, 86, 61, 0, 42.03%, 0, 0, 9, 864.89, 4653486, 29
5285, 2, 51, 90, 64, 0, 42.03%, 0, 0, 9, 855.34, 4657973, 29
5290, 2, 44, 90, 62, 0, 42.03%, 0, 0, 9, 853.58, 4662407, 29
5295, 2, 51, 91, 61, 0, 42.03%, 0, 0, 9, 843.04, 4666778, 29
5300, 2, 44, 92, 62, 0, 42.03%, 0, 0, 9, 857.86, 4671118, 29
5305, 2, 48, 92, 62, 0, 42.03%, 0, 0, 9, 851.87, 4675438, 29
5310, 2, 42, 93, 62, 0, 42.03%, 0, 0, 9, 852.16, 4679850, 29
5315, 2, 51, 96, 63, 0, 42.03%, 0, 0, 9, 854.10, 4684139, 29
5320, 2, 51, 96, 63, 0, 42.03%, 0, 0, 9, 849.94, 4688412, 29
5325, 2, 42, 96, 63, 0, 42.03%, 0, 0, 9, 852.74, 4692852, 29
5331, 3, 95, 97, 62, 0, 42.03%, 0, 0, 9, 839.48, 4697099, 29
5336, 3, 25, 97, 60, 0, 42.03%, 0, 0, 9, 845.50, 4701400, 29
5341, 3, 51, 97, 59, 0, 42.03%, 0, 0, 9, 864.95, 4705877, 29
5346, 3, 71, 97, 59, 0, 42.03%, 0, 0, 9, 860.70, 4710216, 29
5351, 3, 25, 97, 58, 0, 42.03%, 0, 0, 9, 857.38, 4714498, 29
5356, 3, 82, 97, 57, 0, 42.03%, 0, 0, 9, 833.43, 4718851, 29
5361, 3, 51, 98, 57, 0, 42.03%, 0, 0, 9, 845.12, 4723176, 29
5366, 3, 44, 98, 56, 0, 42.03%, 0, 0, 9, 856.68, 4727635, 29
5372, 3, 51, 98, 56, 0, 42.03%, 0, 0, 9, 877.44, 4732159, 29
5377, 3, 44, 98, 55, 0, 42.03%, 0, 0, 9, 879.93, 4736738, 29
5382, 3, 61, 98, 54, 0, 42.03%, 0, 0, 9, 863.21, 4741051, 29
5387, 3, 23, 98, 52, 0, 42.03%, 0, 0, 9, 846.20, 4745283, 29
5392, 3, 55, 99, 53, 0, 42.03%, 0, 0, 9, 848.50, 4749665, 29
5397, 3, 51, 99, 52, 0, 42.03%, 0, 0, 9, 855.33, 4753940, 29
5402, 4, 42, 99, 51, 0, 42.03%, 0, 0, 9, 856.89, 4758209, 29
5407, 4, 63, 99, 51, 0, 42.03%, 0, 0, 9, 859.70, 4762679, 29
5412, 4, 70, 99, 50, 0, 42.03%, 0, 0, 9, 862.20, 4767139, 29
5417, 4, 55, 99, 48, 0, 42.03%, 0, 0, 9, 809.05, 4771186, 29
5422, 4, 51, 99, 47, 0, 42.03%, 0, 0, 9, 832.30, 4775419, 29
5428, 4, 51, 99, 47, 0, 42.03%, 0, 0, 9, 845.08, 4779815, 29
5433, 4, 51, 99, 46, 0, 42.03%, 0, 0, 9, 854.20, 4784229, 29
5438, 4, 55, 99, 46, 0, 42.03%, 0, 0, 9, 855.73, 4788512, 29
5443, 4, 42, 100, 47, 0, 42.03%, 0, 0, 9, 842.44, 4792877, 29
5448, 4, 51, 100, 47, 0, 42.03%, 0, 0, 9, 852.32, 4797179, 29
5453, 4, 51, 100, 47, 0, 42.03%, 0, 0, 9, 852.08, 4801599, 29
5458, 4, 56, 100, 47, 0, 42.03%, 0, 0, 9, 848.19, 4805977, 29
5464, 4, 63, 101, 48, 0, 42.03%, 0, 0, 9, 836.94, 4810343, 29
5469, 5, 51, 101, 47, 0, 42.03%, 0, 0, 9, 844.77, 4814742, 29
5474, 5, 63, 101, 47, 0, 42.03%, 0, 0, 9, 841.93, 4819135, 29
5479, 5, 55, 101, 47, 0, 42.03%, 0, 0, 9, 845.46, 4823423, 29
5484, 5, 63, 101, 47, 0, 42.03%, 0, 0, 9, 853.50, 4827768, 29
5489, 5, 51, 101, 47, 0, 42.03%, 0, 0, 9, 854.47, 4832216, 29
5494, 5, 25, 101, 47, 0, 42.03%, 0, 0, 9, 852.84, 4836651, 29
5500, 5, 55, 101, 47, 0, 42.03%, 0, 0, 9, 842.52, 4841028, 29
5505, 5, 55, 101, 46, 0, 42.03%, 0, 0, 9, 858.44, 4845348, 29
5510, 5, 51, 101, 45, 0, 42.03%, 0, 0, 9, 850.79, 4849604, 29
5515, 5, 55, 101, 45, 0, 42.03%, 0, 0, 9, 856.51, 4853922, 29
5520, 5, 55, 101, 45, 0, 42.03%, 0, 0, 9, 853.09, 4858223, 29
5525, 5, 34, 101, 45, 0, 42.03%, 0, 0, 9, 847.99, 4862512, 29
5530, 6, 23, 101, 45, 0, 42.03%, 0, 0, 9, 847.46, 4866939, 29
5535, 6, 51, 101, 45, 0, 42.03%, 0, 0, 9, 843.60, 4871331, 29
5540, 6, 76, 101, 45, 0, 42.03%, 0, 0, 9, 838.38, 4875723, 29
5545, 6, 51, 101, 44, 0, 42.03%, 0, 0, 9, 849.00, 4879967, 29
5551, 6, 51, 101, 44, 0, 42.03%, 0, 0, 9, 852.27, 4884414, 29
5556, 6, 34, 101, 44, 0, 42.03%, 0, 0, 9, 849.69, 4888697, 29
5561, 6, 25, 101, 44, 0, 42.03%, 0, 0, 9, 844.71, 4893079, 29
5566, 6, 56, 101, 44, 0, 42.03%, 0, 0, 9, 848.06, 4897342, 29
5571, 6, 63, 101, 43, 0, 42.03%, 0, 0, 9, 869.74, 4901789, 29
5576, 6, 14, 101, 43, 0, 42.03%, 0, 0, 9, 857.82, 4906185, 29
5581, 6, 55, 101, 42, 0, 42.03%, 0, 0, 9, 852.05, 4910624, 29
5586, 6, 56, 101, 41, 0, 42.03%, 0, 0, 9, 846.26, 4914845, 29
5592, 6, 51, 101, 41, 0, 42.03%, 0, 0, 9, 854.24, 4919259, 29
5597, 7, 51, 101, 41, 0, 42.03%, 0, 0, 9, 854.90, 4923533, 29
5602, 7, 51, 101, 40, 0, 42.03%, 0, 0, 9, 858.06, 4927990, 29
5607, 7, 51, 101, 39, 0, 42.03%, 0, 0, 9, 814.10, 4932019, 29
5612, 7, 51, 101, 39, 0, 42.03%, 0, 0, 9, 844.47, 4936292, 29
5617, 7, 51, 101, 39, 0, 42.03%, 0, 0, 9, 846.01, 4940678, 29
5622, 7, 51, 101, 39, 0, 42.03%, 0, 0, 9, 852.30, 4944932, 29
5627, 7, 51, 101, 39, 0, 42.03%, 0, 0, 9, 840.54, 4949265, 29
5632, 7, 56, 101, 39, 0, 42.03%, 0, 0, 9, 854.11, 4953551, 29
5637, 7, 63, 101, 39, 0, 42.03%, 0, 0, 9, 854.71, 4957836, 29
5642, 7, 51, 101, 39, 0, 42.03%, 0, 0, 9, 858.43, 4962275, 29
5647, 7, 51, 101, 39, 0, 42.03%, 0, 0, 9, 861.08, 4966577, 29
5652, 7, 51, 101, 38, 0, 42.03%, 0, 0, 9, 852.45, 4970830, 29
5657, 7, 51, 101, 38, 0, 42.03%, 0, 0, 9, 864.29, 4975156, 29
5663, 7, 53, 101, 38, 0, 42.03%, 0, 0, 9, 848.26, 4979526, 29
5668, 8, 51, 101, 36, 0, 42.03%, 0, 0, 9, 859.50, 4983830, 29
5673, 8, 62, 101, 36, 0, 42.03%, 0, 0, 9, 854.82, 4988128, 29
5678, 8, 51, 101, 36, 0, 42.03%, 0, 0, 9, 840.75, 4992376, 29
5683, 8, 51, 101, 36, 0, 42.03%, 0, 0, 9, 866.83, 4996725, 29
5688, 8, 62, 101, 36, 0, 42.03%, 0, 0, 9, 865.86, 5001087, 29
5693, 8, 51, 101, 36, 0, 42.03%, 0, 0, 9, 854.79, 5005380, 29
5698, 8, 62, 101, 36, 0, 42.03%, 0, 0, 9, 850.52, 5009742, 29
5703, 8, 51, 101, 35, 0, 42.03%, 0, 0, 9, 853.40, 5014153, 29
5708, 8, 100, 101, 35, 0, 42.03%, 0, 0, 9, 779.98, 5018150, 29
5713, 8, 55, 101, 34, 0, 42.03%, 0, 0, 9, 818.70, 5022284, 29
5719, 8, 55, 101, 34, 0, 42.03%, 0, 0, 9, 843.29, 5026726, 29
5720, 8, 51, 101, 34, 0, 42.03%, 1, 0, 9, 0.00, 5027476, 29
