# relative_time, cycles_done, cur_item, corpus_count, pending_total, pending_favs, map_size, saved_crashes, saved_hangs, max_depth, execs_per_sec, total_execs, edges_found
64, 3, 0, 19, 9, 0, 27.54%, 0, 0, 4, 874.10, 37878, 19
69, 3, 19, 20, 9, 0, 28.99%, 0, 0, 4, 872.06, 42300, 20
74, 4, 0, 20, 9, 0, 28.99%, 0, 0, 4, 862.70, 46850, 20
87, 4, 0, 20, 9, 0, 28.99%, 0, 0, 4, 14.38, 49060, 20
92, 4, 0, 20, 9, 0, 28.99%, 0, 0, 4, 911.33, 53777, 20
97, 5, 0, 20, 9, 0, 28.99%, 0, 0, 4, 900.65, 58269, 20
103, 5, 0, 20, 9, 0, 28.99%, 0, 0, 4, 889.90, 62671, 20
108, 5, 18, 25, 14, 0, 33.33%, 0, 0, 4, 885.34, 67223, 23
113, 5, 20, 27, 15, 0, 36.23%, 0, 0, 5, 891.03, 71828, 25
121, 5, 25, 30, 17, 1, 37.68%, 0, 0, 6, 17.40, 75034, 26
127, 5, 25, 32, 19, 1, 37.68%, 0, 0, 6, 883.19, 79604, 26
132, 5, 25, 33, 20, 1, 37.68%, 0, 0, 6, 880.05, 84014, 26
137, 5, 26, 36, 21, 0, 39.13%, 0, 0, 6, 880.47, 88418, 27
142, 5, 26, 37, 22, 0, 39.13%, 0, 0, 6, 874.79, 92777, 27
147, 5, 26, 37, 22, 0, 39.13%, 0, 0, 6, 865.20, 97085, 27
156, 5, 28, 40, 24, 0, 39.13%, 0, 0, 7, 3.45, 100653, 27
161, 5, 28, 41, 25, 0, 39.13%, 0, 0, 7, 865.20, 105029, 27
166, 5, 0, 41, 24, 0, 39.13%, 0, 0, 7, 862.29, 109397, 27
171, 5, 38, 44, 27, 0, 39.13%, 0, 0, 8, 860.99, 113767, 27
176, 5, 0, 46, 29, 0, 39.13%, 0, 0, 8, 864.47, 118120, 27
181, 5, 47, 51, 32, 0, 42.03%, 0, 0, 8, 857.60, 122418, 29
186, 5, 50, 53, 34, 0, 42.03%, 0, 0, 8, 872.88, 126835, 29
187, 5, 50, 54, 35, 0, 42.03%, 1, 0, 8, 0.00, 127891, 29
