# relative_time, cycles_done, cur_item, corpus_count, pending_total, pending_favs, map_size, saved_crashes, saved_hangs, max_depth, execs_per_sec, total_execs, edges_found
62, 0, 0, 19, 19, 1, 30.43%, 0, 0, 2, 775.00, 34860, 21
68, 0, 0, 19, 19, 1, 30.43%, 0, 0, 2, 830.70, 39276, 21
73, 0, 0, 19, 19, 1, 30.43%, 0, 0, 2, 844.91, 43676, 21
85, 0, 0, 19, 19, 1, 30.43%, 0, 0, 2, 14.31, 45517, 21
91, 0, 0, 19, 19, 1, 30.43%, 0, 0, 2, 888.65, 50073, 21
96, 0, 0, 19, 19, 1, 30.43%, 0, 0, 2, 865.10, 54391, 21
101, 0, 0, 19, 19, 1, 30.43%, 0, 0, 2, 868.12, 58743, 21
106, 0, 0, 19, 19, 1, 30.43%, 0, 0, 2, 873.71, 62976, 21
111, 0, 0, 20, 20, 1, 30.43%, 0, 0, 2, 875.83, 67369, 21
119, 0, 0, 20, 20, 1, 30.43%, 0, 0, 2, 25.74, 70291, 21
124, 0, 0, 20, 20, 1, 30.43%, 0, 0, 2, 873.91, 74628, 21
130, 0, 0, 20, 20, 1, 30.43%, 0, 0, 2, 859.84, 78878, 21
135, 0, 0, 20, 20, 1, 30.43%, 0, 0, 2, 865.86, 83298, 21
140, 0, 0, 20, 20, 1, 30.43%, 0, 0, 2, 846.89, 87603, 21
145, 0, 0, 20, 20, 1, 30.43%, 0, 0, 2, 853.15, 91781, 21
154, 0, 0, 20, 20, 1, 30.43%, 0, 0, 2, 22.17, 94883, 21
159, 0, 0, 20, 20, 1, 30.43%, 0, 0, 2, 851.10, 99159, 21
164, 0, 0, 20, 20, 1, 30.43%, 0, 0, 2, 885.57, 103409, 21
169, 0, 0, 20, 20, 1, 30.43%, 0, 0, 2, 864.17, 107625, 21
174, 0, 0, 21, 21, 1, 30.43%, 0, 0, 2, 845.02, 111946, 21
179, 0, 0, 21, 21, 1, 30.43%, 0, 0, 2, 858.58, 116200, 21
184, 0, 0, 21, 21, 1, 30.43%, 0, 0, 2, 846.24, 120474, 21
190, 0, 0, 21, 21, 1, 30.43%, 0, 0, 2, 852.58, 124853, 21
195, 0, 0, 21, 21, 1, 30.43%, 0, 0, 2, 844.97, 129130, 21
200, 0, 0, 21, 21, 1, 30.43%, 0, 0, 2, 839.16, 133274, 21
205, 0, 0, 21, 21, 1, 30.43%, 0, 0, 2, 847.02, 137562, 21
210, 0, 0, 21, 21, 1, 30.43%, 0, 0, 2, 829.48, 141610, 21
215, 0, 0, 21, 21, 1, 30.43%, 0, 0, 2, 853.06, 146001, 21
220, 0, 0, 21, 21, 1, 30.43%, 0, 0, 2, 854.96, 150353, 21
227, 0, 0, 21, 21, 1, 30.43%, 0, 0, 2, 16.17, 153114, 21
232, 0, 0, 21, 21, 1, 30.43%, 0, 0, 2, 885.94, 157527, 21
237, 0, 0, 21, 21, 1, 30.43%, 0, 0, 2, 868.38, 161777, 21
242, 0, 0, 21, 21, 1, 30.43%, 0, 0, 2, 872.13, 165993, 21
247, 0, 0, 21, 21, 1, 30.43%, 0, 0, 2, 879.65, 170243, 21
252, 0, 0, 21, 21, 1, 30.43%, 0, 0, 2, 876.00, 174646, 21
257, 0, 0, 21, 21, 1, 30.43%, 0, 0, 2, 879.73, 178879, 21
262, 0, 0, 21, 21, 1, 30.43%, 0, 0, 2, 873.75, 183095, 21
267, 0, 0, 21, 21, 1, 30.43%, 0, 0, 2, 882.86, 185696, 21
272, 0, 0, 21, 21, 1, 30.43%, 0, 0, 2, 842.99, 189997, 21
277, 0, 0, 21, 21, 1, 30.43%, 0, 0, 2, 813.86, 194042, 21
282, 0, 0, 21, 21, 1, 30.43%, 0, 0, 2, 798.17, 198010, 21
288, 0, 0, 21, 21, 1, 30.43%, 0, 0, 2, 823.73, 202346, 21
293, 0, 0, 21, 21, 1, 30.43%, 0, 0, 2, 844.89, 206602, 21
298, 0, 0, 21, 21, 1, 30.43%, 0, 0, 2, 853.48, 210873, 21
303, 0, 0, 21, 21, 1, 30.43%, 0, 0, 2, 860.37, 215157, 21
308, 0, 0, 21, 21, 1, 30.43%, 0, 0, 2, 844.72, 217978, 21
313, 0, 0, 21, 21, 1, 30.43%, 0, 0, 2, 827.21, 222122, 21
318, 0, 0, 21, 21, 1, 30.43%, 0, 0, 2, 841.92, 226522, 21
323, 0, 0, 21, 21, 1, 30.43%, 0, 0, 2, 832.84, 230666, 21
328, 0, 0, 21, 21, 1, 30.43%, 0, 0, 2, 829.76, 234778, 21
333, 0, 0, 21, 21, 1, 30.43%, 0, 0, 2, 836.26, 239034, 21
338, 0, 0, 21, 21, 1, 30.43%, 0, 0, 2, 855.75, 243309, 21
344, 0, 0, 21, 21, 1, 30.43%, 0, 0, 2, 860.47, 247712, 21
349, 0, 0, 21, 21, 1, 30.43%, 0, 0, 2, 798.11, 252152, 21
354, 0, 0, 21, 21, 1, 30.43%, 0, 0, 2, 841.45, 256394, 21
359, 0, 0, 22, 22, 1, 33.33%, 0, 0, 2, 844.05, 260737, 23
364, 0, 0, 22, 22, 1, 33.33%, 0, 0, 2, 852.45, 264945, 23
369, 0, 0, 22, 22, 1, 33.33%, 0, 0, 2, 859.41, 269207, 23
374, 0, 0, 22, 22, 1, 33.33%, 0, 0, 2, 872.15, 273644, 23
379, 0, 0, 23, 23, 1, 34.78%, 0, 0, 2, 863.25, 278054, 24
384, 0, 0, 23, 23, 1, 34.78%, 0, 0, 2, 906.55, 282418, 24
390, 0, 0, 23, 23, 1, 34.78%, 0, 0, 2, 888.56, 286894, 24
395, 0, 0, 23, 23, 1, 34.78%, 0, 0, 2, 877.46, 291246, 24
400, 0, 0, 23, 23, 1, 34.78%, 0, 0, 2, 867.95, 295547, 24
405, 0, 0, 23, 23, 1, 34.78%, 0, 0, 2, 875.44, 300069, 24
410, 0, 0, 24, 24, 1, 34.78%, 0, 0, 2, 887.77, 304462, 24
415, 0, 0, 24, 24, 1, 34.78%, 0, 0, 2, 878.03, 308814, 24
420, 0, 0, 24, 24, 1, 34.78%, 0, 0, 2, 872.78, 313319, 24
425, 0, 0, 24, 24, 1, 34.78%, 0, 0, 2, 894.44, 317824, 24
430, 0, 0, 24, 24, 1, 34.78%, 0, 0, 2, 879.89, 322193, 24
435, 0, 0, 24, 24, 1, 34.78%, 0, 0, 2, 881.60, 326715, 24
440, 0, 0, 24, 24, 1, 34.78%, 0, 0, 2, 867.15, 330999, 24
446, 0, 0, 24, 24, 1, 34.78%, 0, 0, 2, 867.32, 335453, 24
451, 0, 0, 24, 24, 1, 34.78%, 0, 0, 2, 889.98, 340009, 24
456, 0, 0, 24, 24, 1, 34.78%, 0, 0, 2, 889.01, 344378, 24
461, 0, 0, 24, 24, 1, 34.78%, 0, 0, 2, 890.75, 348764, 24
466, 0, 0, 25, 25, 1, 36.23%, 0, 0, 2, 888.97, 353259, 25
471, 0, 0, 25, 25, 1, 36.23%, 0, 0, 2, 889.27, 357611, 25
476, 0, 0, 25, 25, 1, 36.23%, 0, 0, 2, 891.92, 361997, 25
481, 0, 0, 25, 25, 1, 36.23%, 0, 0, 2, 894.03, 366536, 25
486, 0, 0, 26, 26, 1, 37.68%, 0, 0, 2, 892.73, 371082, 26
492, 0, 0, 27, 27, 1, 39.13%, 0, 0, 2, 884.13, 375577, 27
497, 0, 0, 27, 27, 1, 39.13%, 0, 0, 2, 887.09, 379946, 27
502, 0, 0, 27, 27, 1, 39.13%, 0, 0, 2, 888.50, 384434, 27
507, 0, 0, 27, 27, 1, 39.13%, 0, 0, 2, 894.18, 388956, 27
512, 0, 0, 27, 27, 1, 39.13%, 0, 0, 2, 896.09, 393495, 27
517, 0, 0, 27, 27, 1, 39.13%, 0, 0, 2, 897.07, 397881, 27
522, 0, 0, 27, 27, 1, 39.13%, 0, 0, 2, 888.46, 402216, 27
527, 0, 0, 27, 27, 1, 39.13%, 0, 0, 2, 865.51, 406646, 27
533, 0, 0, 27, 27, 1, 39.13%, 0, 0, 2, 880.00, 411164, 27
538, 0, 0, 27, 27, 1, 39.13%, 0, 0, 2, 859.19, 415527, 27
543, 0, 0, 27, 27, 1, 39.13%, 0, 0, 2, 855.37, 420032, 27
548, 0, 0, 27, 27, 1, 39.13%, 0, 0, 2, 857.91, 424554, 27
553, 0, 0, 27, 27, 1, 39.13%, 0, 0, 2, 861.06, 428923, 27
558, 0, 0, 27, 27, 1, 39.13%, 0, 0, 2, 855.84, 433275, 27
563, 0, 0, 27, 27, 1, 39.13%, 0, 0, 2, 876.23, 437763, 27
568, 0, 0, 27, 27, 1, 39.13%, 0, 0, 2, 864.96, 442098, 27
573, 0, 0, 27, 27, 1, 39.13%, 0, 0, 2, 871.30, 446501, 27
579, 0, 0, 27, 27, 1, 39.13%, 0, 0, 2, 872.83, 451040, 27
584, 0, 0, 27, 27, 1, 39.13%, 0, 0, 2, 866.85, 455375, 27
589, 0, 0, 27, 27, 1, 39.13%, 0, 0, 2, 877.64, 459897, 27
594, 0, 0, 27, 27, 1, 39.13%, 0, 0, 2, 879.29, 464470, 27
599, 0, 0, 27, 27, 1, 39.13%, 0, 0, 2, 871.04, 468822, 27
604, 0, 0, 28, 28, 1, 40.58%, 0, 0, 2, 888.60, 473249, 28
609, 0, 0, 28, 28, 1, 40.58%, 0, 0, 2, 885.27, 477856, 28
614, 0, 0, 28, 28, 1, 40.58%, 0, 0, 2, 887.03, 482429, 28
619, 0, 0, 28, 28, 1, 40.58%, 0, 0, 2, 890.55, 486866, 28
624, 0, 0, 28, 28, 1, 40.58%, 0, 0, 2, 896.99, 491354, 28
629, 0, 0, 28, 28, 1, 40.58%, 0, 0, 2, 921.37, 495879, 28
635, 0, 0, 28, 28, 1, 40.58%, 0, 0, 2, 903.89, 500433, 28
640, 0, 0, 28, 28, 1, 40.58%, 0, 0, 2, 887.31, 504801, 28
645, 0, 0, 28, 28, 1, 40.58%, 0, 0, 2, 884.09, 509221, 28
650, 0, 0, 28, 28, 1, 40.58%, 0, 0, 2, 892.61, 513811, 28
655, 0, 0, 28, 28, 1, 40.58%, 0, 0, 2, 896.23, 518282, 28
660, 0, 0, 28, 28, 1, 40.58%, 0, 0, 2, 901.97, 522915, 28
665, 0, 0, 28, 28, 1, 40.58%, 0, 0, 2, 907.02, 527613, 28
670, 0, 0, 28, 28, 1, 40.58%, 0, 0, 2, 898.30, 532103, 28
675, 0, 0, 28, 28, 1, 40.58%, 0, 0, 2, 908.61, 536793, 28
680, 0, 0, 28, 28, 1, 40.58%, 0, 0, 2, 905.82, 541275, 28
685, 0, 0, 28, 28, 1, 40.58%, 0, 0, 2, 904.80, 545757, 28
690, 0, 0, 28, 28, 1, 40.58%, 0, 0, 2, 907.36, 550275, 28
695, 0, 0, 29, 29, 1, 40.58%, 0, 0, 2, 904.25, 554764, 28
701, 0, 0, 29, 29, 1, 40.58%, 0, 0, 2, 898.93, 559361, 28
706, 0, 0, 29, 29, 1, 40.58%, 0, 0, 2, 906.87, 563872, 28
711, 0, 0, 29, 29, 1, 40.58%, 0, 0, 2, 910.98, 568534, 28
716, 0, 0, 29, 29, 1, 40.58%, 0, 0, 2, 912.75, 573052, 28
721, 0, 0, 29, 29, 1, 40.58%, 0, 0, 2, 915.75, 577606, 28
726, 0, 0, 29, 29, 1, 40.58%, 0, 0, 2, 912.74, 582214, 28
731, 0, 0, 29, 29, 1, 40.58%, 0, 0, 2, 914.83, 586732, 28
736, 0, 0, 30, 30, 1, 42.03%, 0, 0, 2, 907.10, 591239, 29
741, 0, 0, 30, 30, 1, 42.03%, 0, 0, 2, 914.84, 595757, 29
746, 0, 0, 30, 30, 1, 42.03%, 0, 0, 2, 916.02, 600401, 29
751, 0, 0, 30, 30, 1, 42.03%, 0, 0, 2, 918.11, 604991, 29
757, 0, 0, 30, 30, 1, 42.03%, 0, 0, 2, 917.88, 609671, 29
762, 0, 0, 30, 30, 1, 42.03%, 0, 0, 2, 921.55, 614297, 29
767, 0, 24, 39, 35, 5, 42.03%, 0, 0, 3, 923.11, 618885, 29
772, 0, 44, 50, 39, 0, 42.03%, 0, 0, 4, 923.48, 623382, 29
777, 0, 49, 55, 43, 0, 42.03%, 0, 0, 5, 930.85, 628085, 29
782, 0, 49, 56, 44, 0, 42.03%, 0, 0, 5, 924.50, 632648, 29
787, 0, 53, 58, 44, 0, 42.03%, 0, 0, 5, 895.20, 637182, 29
792, 0, 26, 60, 45, 0, 42.03%, 0, 0, 6, 875.73, 641826, 29
797, 0, 25, 62, 47, 0, 42.03%, 0, 0, 6, 880.80, 646367, 29
802, 0, 53, 63, 48, 0, 42.03%, 0, 0, 6, 884.50, 651033, 29
807, 0, 53, 63, 48, 0, 42.03%, 0, 0, 6, 895.54, 655605, 29
813, 0, 23, 64, 49, 0, 42.03%, 0, 0, 6, 887.71, 660162, 29
818, 0, 23, 66, 51, 0, 42.03%, 0, 0, 6, 895.17, 664810, 29
823, 0, 29, 66, 51, 0, 42.03%, 0, 0, 6, 891.65, 669352, 29
828, 0, 53, 66, 51, 0, 42.03%, 0, 0, 6, 892.13, 673928, 29
833, 0, 25, 66, 51, 0, 42.03%, 0, 0, 6, 892.55, 678640, 29
838, 1, 53, 68, 51, 0, 42.03%, 0, 0, 6, 893.19, 683326, 29
843, 1, 52, 68, 51, 0, 42.03%, 0, 0, 6, 896.05, 687881, 29
848, 1, 52, 68, 50, 0, 42.03%, 0, 0, 6, 911.84, 692590, 29
853, 1, 61, 68, 50, 0, 42.03%, 0, 0, 6, 892.73, 697078, 29
859, 1, 61, 69, 50, 0, 42.03%, 0, 0, 6, 905.94, 701807, 29
864, 1, 61, 69, 48, 0, 42.03%, 0, 0, 6, 904.53, 706401, 29
869, 1, 28, 69, 47, 0, 42.03%, 0, 0, 6, 897.20, 711071, 29
874, 1, 23, 69, 46, 0, 42.03%, 0, 0, 6, 891.54, 715570, 29
879, 1, 61, 69, 46, 0, 42.03%, 0, 0, 6, 901.07, 720252, 29
884, 1, 40, 69, 46, 0, 42.03%, 0, 0, 6, 902.82, 724808, 29
889, 2, 61, 73, 49, 0, 42.03%, 0, 0, 6, 902.86, 729510, 29
894, 2, 23, 78, 51, 0, 42.03%, 0, 0, 6, 903.33, 734212, 29
899, 2, 28, 80, 53, 0, 42.03%, 0, 0, 6, 900.21, 738722, 29
905, 2, 52, 86, 59, 0, 42.03%, 0, 0, 6, 888.66, 743294, 29
910, 2, 52, 86, 59, 0, 42.03%, 0, 0, 6, 898.43, 747807, 29
915, 2, 78, 88, 60, 0, 42.03%, 0, 0, 6, 894.07, 752264, 29
919, 2, 48, 90, 61, 0, 42.03%, 1, 0, 6, 0.00, 755885, 29
