# relative_time, cycles_done, cur_item, corpus_count, pending_total, pending_favs, map_size, saved_crashes, saved_hangs, max_depth, execs_per_sec, total_execs, edges_found
62, 0, 1, 9, 7, 0, 21.74%, 0, 0, 3, 1.37, 2569, 15
93, 0, 1, 10, 8, 0, 23.19%, 0, 0, 3, 1.52, 3588, 16
98, 0, 1, 10, 8, 0, 23.19%, 0, 0, 3, 244.75, 4804, 16
121, 0, 1, 10, 8, 0, 23.19%, 0, 0, 3, 1.38, 5275, 16
126, 0, 12, 15, 11, 0, 24.64%, 0, 0, 4, 245.28, 6547, 17
151, 0, 12, 15, 11, 0, 24.64%, 0, 0, 4, 2.29, 6603, 17
156, 0, 1, 17, 13, 0, 24.64%, 0, 0, 4, 69.28, 7890, 17
177, 0, 1, 17, 13, 0, 24.64%, 0, 0, 4, 1.95, 7974, 17
182, 0, 1, 17, 12, 0, 24.64%, 0, 0, 4, 243.21, 9228, 17
203, 0, 1, 17, 12, 0, 24.64%, 0, 0, 4, 1.52, 9487, 17
208, 1, 17, 18, 11, 0, 26.09%, 0, 0, 4, 260.53, 10789, 18
230, 1, 17, 19, 12, 0, 26.09%, 0, 0, 5, 2.09, 11201, 18
236, 1, 17, 21, 14, 0, 27.54%, 0, 0, 5, 258.60, 12550, 19
259, 1, 17, 22, 15, 0, 28.99%, 0, 0, 5, 2.18, 12777, 20
264, 1, 17, 23, 16, 0, 28.99%, 0, 0, 5, 291.13, 14290, 20
286, 1, 17, 23, 16, 0, 28.99%, 0, 0, 5, 0.26, 14781, 20
291, 1, 21, 23, 15, 1, 28.99%, 0, 0, 5, 182.27, 16218, 20
303, 1, 20, 25, 16, 0, 33.33%, 0, 0, 6, 1.14, 16925, 23
320, 1, 20, 25, 16, 0, 33.33%, 0, 0, 6, 0.07, 16927, 23
325, 1, 24, 26, 16, 0, 33.33%, 0, 0, 6, 298.97, 18453, 23
351, 1, 24, 28, 18, 0, 34.78%, 0, 0, 7, 1.87, 19127, 24
356, 1, 24, 29, 19, 0, 36.23%, 0, 0, 7, 236.82, 20321, 25
382, 1, 24, 29, 19, 0, 36.23%, 0, 0, 7, 2.73, 20929, 25
387, 1, 24, 30, 20, 0, 36.23%, 0, 0, 7, 314.59, 22508, 25
400, 1, 24, 31, 21, 0, 36.23%, 0, 0, 7, 4.66, 23133, 25
409, 1, 24, 32, 22, 0, 36.23%, 0, 0, 7, 4.13, 23512, 25
419, 1, 24, 32, 22, 0, 36.23%, 0, 0, 7, 0.18, 23514, 25
424, 1, 21, 34, 22, 0, 36.23%, 0, 0, 8, 347.11, 25257, 25
445, 1, 27, 34, 22, 0, 36.23%, 0, 0, 8, 0.64, 25785, 25
450, 1, 28, 39, 26, 0, 37.68%, 0, 0, 8, 335.89, 27548, 26
471, 1, 28, 40, 27, 0, 37.68%, 0, 0, 8, 2.61, 28146, 26
476, 1, 28, 40, 27, 0, 37.68%, 0, 0, 8, 347.07, 29886, 26
488, 1, 28, 40, 27, 0, 37.68%, 0, 0, 8, 3.01, 30174, 26
505, 1, 28, 41, 28, 0, 37.68%, 0, 0, 8, 2.68, 31702, 26
510, 1, 36, 43, 30, 0, 39.13%, 0, 0, 9, 312.91, 33456, 27
526, 1, 36, 43, 30, 0, 39.13%, 0, 0, 9, 3.54, 34194, 27
531, 1, 36, 45, 32, 0, 40.58%, 0, 0, 9, 356.63, 35981, 28
548, 1, 36, 46, 33, 0, 40.58%, 0, 0, 9, 0.87, 36879, 28
553, 1, 36, 46, 33, 0, 40.58%, 0, 0, 9, 380.87, 38736, 28
562, 1, 44, 48, 34, 1, 40.58%, 0, 0, 10, 3.10, 39628, 28
576, 1, 44, 49, 35, 1, 40.58%, 0, 0, 10, 1.68, 41274, 28
581, 1, 41, 50, 35, 0, 40.58%, 0, 0, 10, 387.24, 43244, 28
589, 1, 41, 51, 36, 0, 40.58%, 0, 0, 10, 6.27, 44182, 28
601, 1, 41, 51, 36, 0, 40.58%, 0, 0, 10, 5.68, 46101, 28
606, 1, 36, 54, 39, 0, 40.58%, 0, 0, 10, 382.58, 48007, 28
613, 1, 21, 55, 40, 0, 40.58%, 0, 0, 10, 4.66, 48907, 28
618, 1, 41, 58, 42, 0, 40.58%, 0, 0, 10, 390.67, 50919, 28
629, 1, 28, 58, 42, 0, 40.58%, 0, 0, 10, 12.47, 52285, 28
634, 1, 1, 59, 42, 0, 40.58%, 0, 0, 10, 410.98, 54333, 28
649, 1, 36, 61, 44, 0, 40.58%, 0, 0, 10, 6.75, 55950, 28
654, 1, 1, 62, 45, 0, 40.58%, 0, 0, 10, 412.70, 58122, 28
660, 1, 41, 62, 44, 0, 40.58%, 0, 0, 10, 35.43, 59751, 28
665, 1, 28, 63, 45, 0, 40.58%, 0, 0, 10, 412.14, 61793, 28
673, 2, 1, 63, 45, 0, 40.58%, 0, 0, 10, 1.99, 62766, 28
678, 2, 58, 67, 49, 0, 40.58%, 0, 0, 10, 428.17, 64892, 28
683, 2, 24, 70, 50, 0, 40.58%, 0, 0, 10, 413.82, 66929, 28
688, 2, 56, 72, 52, 0, 40.58%, 0, 0, 10, 413.94, 68957, 28
694, 2, 17, 73, 52, 0, 40.58%, 0, 0, 11, 25.68, 70213, 28
699, 2, 1, 77, 56, 0, 40.58%, 0, 0, 11, 398.56, 72280, 28
704, 2, 63, 77, 56, 0, 40.58%, 0, 0, 11, 427.42, 73651, 28
709, 2, 24, 78, 56, 0, 40.58%, 0, 0, 11, 427.54, 75766, 28
714, 2, 44, 79, 56, 0, 40.58%, 0, 0, 11, 426.81, 77826, 28
719, 2, 1, 80, 57, 0, 40.58%, 0, 0, 11, 426.56, 79919, 28
724, 2, 36, 81, 58, 0, 40.58%, 0, 0, 11, 409.22, 81857, 28
733, 2, 44, 82, 58, 0, 40.58%, 0, 0, 11, 8.13, 83852, 28
738, 2, 24, 83, 57, 0, 40.58%, 0, 0, 11, 396.69, 85893, 28
744, 2, 1, 84, 58, 0, 40.58%, 0, 0, 11, 426.55, 88073, 28
749, 2, 42, 85, 59, 0, 40.58%, 0, 0, 11, 433.32, 90182, 28
754, 2, 82, 85, 58, 0, 40.58%, 0, 0, 11, 279.73, 91412, 28
760, 2, 50, 85, 57, 0, 40.58%, 0, 0, 11, 17.11, 92620, 28
765, 3, 67, 85, 56, 0, 40.58%, 0, 0, 11, 398.11, 94641, 28
770, 3, 24, 85, 55, 0, 40.58%, 0, 0, 11, 407.49, 96675, 28
776, 3, 42, 86, 56, 0, 40.58%, 0, 0, 11, 408.35, 98807, 28
781, 3, 36, 86, 55, 0, 40.58%, 0, 0, 11, 401.24, 100816, 28
787, 3, 1, 86, 54, 0, 40.58%, 0, 0, 11, 17.12, 102607, 28
792, 3, 1, 86, 54, 0, 40.58%, 0, 0, 11, 424.65, 104776, 28
797, 3, 80, 86, 54, 0, 40.58%, 0, 0, 11, 348.36, 106398, 28
802, 3, 28, 86, 53, 0, 40.58%, 0, 0, 11, 401.08, 108384, 28
807, 3, 42, 86, 53, 0, 40.58%, 0, 0, 11, 442.41, 110504, 28
814, 3, 24, 86, 53, 0, 40.58%, 0, 0, 11, 1.76, 111801, 28
820, 3, 24, 86, 52, 0, 40.58%, 0, 0, 11, 404.63, 113947, 28
825, 3, 79, 86, 52, 0, 40.58%, 0, 0, 11, 356.85, 115658, 28
830, 3, 28, 86, 50, 0, 40.58%, 0, 0, 11, 404.60, 117656, 28
835, 3, 36, 86, 50, 0, 40.58%, 0, 0, 11, 409.14, 119761, 28
840, 3, 36, 86, 49, 0, 40.58%, 0, 0, 11, 425.52, 121929, 28
845, 3, 36, 86, 49, 0, 40.58%, 0, 0, 11, 436.20, 123882, 28
850, 3, 75, 86, 47, 0, 40.58%, 0, 0, 11, 413.54, 125959, 28
855, 4, 44, 86, 46, 0, 40.58%, 0, 0, 11, 387.97, 127837, 28
860, 4, 44, 86, 46, 0, 40.58%, 0, 0, 11, 63.49, 129932, 28
866, 4, 44, 86, 46, 0, 40.58%, 0, 0, 11, 418.13, 132099, 28
871, 4, 42, 86, 46, 0, 40.58%, 0, 0, 11, 402.56, 134216, 28
876, 4, 21, 86, 45, 0, 40.58%, 0, 0, 11, 439.37, 136401, 28
881, 4, 24, 86, 45, 0, 40.58%, 0, 0, 11, 159.59, 138567, 28
886, 4, 28, 87, 46, 0, 40.58%, 0, 0, 11, 360.63, 140648, 28
891, 4, 1, 87, 46, 0, 40.58%, 0, 0, 11, 445.81, 142757, 28
897, 4, 1, 88, 47, 0, 40.58%, 0, 0, 11, 413.00, 144683, 28
902, 4, 12, 88, 47, 0, 40.58%, 0, 0, 11, 364.01, 146508, 28
907, 4, 36, 88, 47, 0, 40.58%, 0, 0, 11, 309.87, 147971, 28
912, 4, 24, 88, 47, 0, 40.58%, 0, 0, 11, 375.84, 149901, 28
917, 4, 1, 88, 47, 0, 40.58%, 0, 0, 11, 435.98, 152026, 28
922, 4, 88, 89, 47, 1, 42.03%, 0, 0, 11, 386.30, 153955, 29
927, 4, 17, 89, 46, 0, 42.03%, 0, 0, 11, 440.90, 155805, 29
932, 4, 88, 91, 47, 0, 42.03%, 0, 0, 11, 360.92, 157577, 29
937, 4, 88, 91, 47, 0, 42.03%, 0, 0, 11, 330.84, 159211, 29
942, 4, 88, 91, 47, 0, 42.03%, 0, 0, 11, 310.56, 160645, 29
948, 4, 12, 91, 47, 0, 42.03%, 0, 0, 11, 434.09, 162675, 29
953, 4, 90, 92, 48, 0, 42.03%, 0, 0, 11, 356.26, 164371, 29
958, 5, 1, 92, 47, 0, 42.03%, 0, 0, 11, 450.02, 166112, 29
963, 5, 77, 92, 47, 0, 42.03%, 0, 0, 11, 406.51, 168072, 29
968, 5, 20, 92, 46, 0, 42.03%, 0, 0, 11, 396.67, 170090, 29
973, 5, 88, 92, 46, 0, 42.03%, 0, 0, 11, 407.38, 172105, 29
978, 5, 51, 92, 46, 0, 42.03%, 0, 0, 11, 400.17, 174082, 29
983, 5, 88, 92, 45, 0, 42.03%, 0, 0, 11, 410.09, 176023, 29
988, 5, 1, 92, 45, 0, 42.03%, 0, 0, 11, 353.67, 177889, 29
993, 5, 44, 92, 45, 0, 42.03%, 0, 0, 11, 392.64, 179893, 29
999, 5, 1, 92, 45, 0, 42.03%, 0, 0, 11, 401.95, 181953, 29
1004, 5, 65, 92, 45, 0, 42.03%, 0, 0, 11, 462.00, 184080, 29
1009, 5, 88, 93, 45, 0, 42.03%, 0, 0, 11, 382.26, 186130, 29
1014, 5, 20, 93, 45, 0, 42.03%, 0, 0, 11, 436.74, 188096, 29
1019, 5, 64, 94, 46, 0, 42.03%, 0, 0, 11, 413.90, 190178, 29
1024, 5, 37, 94, 45, 0, 42.03%, 0, 0, 11, 398.21, 192067, 29
1029, 5, 1, 94, 44, 0, 42.03%, 0, 0, 11, 381.82, 193905, 29
1034, 5, 44, 94, 44, 0, 42.03%, 0, 0, 11, 402.84, 195944, 29
1039, 5, 44, 94, 44, 0, 42.03%, 0, 0, 11, 418.21, 198053, 29
1044, 5, 24, 94, 43, 0, 42.03%, 0, 0, 11, 411.73, 200019, 29
1050, 5, 45, 94, 43, 0, 42.03%, 0, 0, 11, 418.47, 202169, 29
1055, 6, 92, 94, 41, 0, 42.03%, 0, 0, 11, 425.87, 204383, 29
1060, 6, 24, 94, 40, 0, 42.03%, 0, 0, 11, 409.48, 206394, 29
1065, 6, 1, 94, 40, 0, 42.03%, 0, 0, 11, 418.61, 208480, 29
1070, 6, 24, 94, 40, 0, 42.03%, 0, 0, 11, 435.33, 210556, 29
1075, 6, 17, 94, 40, 0, 42.03%, 0, 0, 11, 429.52, 212712, 29
1080, 6, 20, 94, 40, 0, 42.03%, 0, 0, 11, 413.07, 214663, 29
1085, 6, 21, 94, 39, 0, 42.03%, 0, 0, 11, 402.29, 216754, 29
1091, 6, 47, 94, 39, 0, 42.03%, 0, 0, 11, 351.45, 218255, 29
1096, 6, 24, 94, 37, 0, 42.03%, 0, 0, 11, 390.04, 220221, 29
1101, 6, 20, 94, 37, 0, 42.03%, 0, 0, 11, 431.46, 222118, 29
1106, 6, 17, 95, 38, 0, 42.03%, 0, 0, 11, 406.97, 224151, 29
1111, 6, 24, 95, 38, 0, 42.03%, 0, 0, 11, 398.14, 226162, 29
1116, 6, 24, 95, 37, 0, 42.03%, 0, 0, 11, 425.01, 228163, 29
1121, 6, 74, 95, 37, 0, 42.03%, 0, 0, 11, 410.50, 230244, 29
1126, 6, 24, 95, 36, 0, 42.03%, 0, 0, 11, 418.58, 232253, 29
1131, 6, 24, 95, 36, 0, 42.03%, 0, 0, 11, 440.99, 234293, 29
1136, 7, 88, 95, 36, 0, 42.03%, 0, 0, 11, 425.95, 236397, 29
1142, 7, 44, 95, 36, 0, 42.03%, 0, 0, 11, 400.59, 238345, 29
1147, 7, 24, 95, 36, 0, 42.03%, 0, 0, 11, 405.73, 240215, 29
1152, 7, 84, 95, 36, 0, 42.03%, 0, 0, 11, 427.75, 242450, 29
1157, 7, 24, 95, 35, 0, 42.03%, 0, 0, 11, 423.58, 244544, 29
1162, 7, 1, 95, 35, 0, 42.03%, 0, 0, 11, 419.74, 246691, 29
1167, 7, 94, 95, 35, 0, 42.03%, 0, 0, 11, 400.22, 248842, 29
1172, 7, 36, 95, 34, 0, 42.03%, 0, 0, 11, 379.93, 250763, 29
1177, 7, 42, 96, 35, 0, 42.03%, 0, 0, 11, 406.72, 252854, 29
1182, 7, 24, 96, 35, 0, 42.03%, 0, 0, 11, 424.73, 255054, 29
1187, 7, 24, 96, 35, 0, 42.03%, 0, 0, 11, 410.74, 257106, 29
1192, 7, 44, 96, 35, 0, 42.03%, 0, 0, 11, 401.45, 259120, 29
1198, 7, 88, 96, 35, 0, 42.03%, 0, 0, 11, 380.36, 261111, 29
1203, 7, 21, 96, 35, 0, 42.03%, 0, 0, 11, 376.21, 263057, 29
1208, 7, 24, 96, 35, 0, 42.03%, 0, 0, 11, 383.32, 264961, 29
1213, 7, 88, 96, 34, 0, 42.03%, 0, 0, 11, 394.40, 267004, 29
1218, 7, 17, 96, 34, 0, 42.03%, 0, 0, 11, 404.50, 269105, 29
1223, 8, 24, 96, 33, 0, 42.03%, 0, 0, 11, 399.59, 271164, 29
1228, 8, 21, 96, 33, 0, 42.03%, 0, 0, 11, 395.27, 273151, 29
1233, 8, 69, 96, 33, 0, 42.03%, 0, 0, 11, 379.99, 274961, 29
1238, 8, 24, 96, 31, 0, 42.03%, 0, 0, 11, 399.09, 277073, 29
1243, 8, 78, 96, 31, 0, 42.03%, 0, 0, 11, 373.02, 278915, 29
1248, 8, 88, 96, 30, 0, 42.03%, 0, 0, 11, 395.00, 280984, 29
1254, 8, 36, 96, 30, 0, 42.03%, 0, 0, 11, 403.35, 283122, 29
1259, 8, 28, 96, 30, 0, 42.03%, 0, 0, 11, 411.89, 285190, 29
1264, 8, 17, 96, 30, 0, 42.03%, 0, 0, 11, 436.33, 287423, 29
1269, 8, 42, 96, 29, 0, 42.03%, 0, 0, 11, 400.01, 289423, 29
1274, 8, 42, 96, 28, 0, 42.03%, 0, 0, 11, 388.42, 291421, 29
1279, 8, 24, 96, 28, 0, 42.03%, 0, 0, 11, 414.93, 293518, 29
1284, 8, 24, 96, 28, 0, 42.03%, 0, 0, 11, 426.44, 295658, 29
1289, 8, 24, 96, 28, 0, 42.03%, 0, 0, 11, 407.65, 297747, 29
1294, 8, 44, 96, 28, 0, 42.03%, 0, 0, 11, 415.39, 299851, 29
1299, 8, 24, 96, 28, 0, 42.03%, 0, 0, 11, 402.64, 301872, 29
1304, 8, 87, 96, 28, 0, 42.03%, 0, 0, 11, 318.03, 303431, 29
1309, 8, 72, 96, 27, 0, 42.03%, 0, 0, 11, 351.80, 305144, 29
1315, 8, 21, 96, 26, 0, 42.03%, 0, 0, 11, 396.27, 307244, 29
1320, 9, 12, 96, 26, 0, 42.03%, 0, 0, 11, 413.52, 309338, 29
1325, 9, 1, 96, 26, 0, 42.03%, 0, 0, 11, 406.00, 311438, 29
1330, 9, 24, 96, 26, 0, 42.03%, 0, 0, 11, 390.77, 313354, 29
1335, 9, 44, 96, 26, 0, 42.03%, 0, 0, 11, 406.24, 315441, 29
1340, 9, 1, 96, 26, 0, 42.03%, 0, 0, 11, 430.25, 317442, 29
1345, 9, 1, 96, 26, 0, 42.03%, 0, 0, 11, 410.43, 319510, 29
1350, 9, 24, 96, 25, 0, 42.03%, 0, 0, 11, 421.68, 321613, 29
1355, 9, 44, 96, 25, 0, 42.03%, 0, 0, 11, 421.11, 323683, 29
1360, 9, 24, 96, 25, 0, 42.03%, 0, 0, 11, 412.55, 325801, 29
1365, 9, 1, 96, 25, 0, 42.03%, 0, 0, 11, 422.49, 327918, 29
1370, 9, 95, 96, 25, 0, 42.03%, 0, 0, 11, 187.99, 329333, 29
1375, 9, 42, 96, 24, 0, 42.03%, 0, 0, 11, 283.42, 330496, 29
1381, 9, 43, 96, 24, 0, 42.03%, 0, 0, 11, 388.06, 332618, 29
1386, 9, 12, 96, 24, 0, 42.03%, 0, 0, 11, 405.62, 334712, 29
1391, 9, 1, 96, 24, 0, 42.03%, 0, 0, 11, 414.11, 336868, 29
1396, 9, 1, 96, 24, 0, 42.03%, 0, 0, 11, 408.74, 338913, 29
1401, 10, 28, 96, 24, 0, 42.03%, 0, 0, 11, 405.20, 340935, 29
1406, 10, 24, 96, 24, 0, 42.03%, 0, 0, 11, 420.34, 343115, 29
1412, 10, 88, 96, 24, 0, 42.03%, 0, 0, 11, 293.11, 344974, 29
1417, 10, 1, 96, 24, 0, 42.03%, 0, 0, 11, 381.62, 346882, 29
1422, 10, 43, 96, 23, 0, 42.03%, 0, 0, 11, 423.44, 349014, 29
1427, 10, 28, 96, 23, 0, 42.03%, 0, 0, 11, 431.69, 351167, 29
1432, 10, 88, 96, 23, 0, 42.03%, 0, 0, 11, 398.67, 353144, 29
1437, 10, 43, 96, 23, 0, 42.03%, 0, 0, 11, 416.03, 355222, 29
1442, 10, 17, 96, 23, 0, 42.03%, 0, 0, 11, 404.05, 357289, 29
1447, 10, 24, 96, 23, 0, 42.03%, 0, 0, 11, 412.66, 359504, 29
1452, 10, 43, 96, 23, 0, 42.03%, 0, 0, 11, 407.41, 361589, 29
1458, 10, 42, 96, 23, 0, 42.03%, 0, 0, 11, 416.12, 363797, 29
1463, 10, 17, 96, 23, 0, 42.03%, 0, 0, 11, 420.89, 366029, 29
1468, 10, 21, 96, 23, 0, 42.03%, 0, 0, 11, 414.01, 368108, 29
1473, 10, 1, 96, 23, 0, 42.03%, 0, 0, 11, 403.72, 370171, 29
1478, 11, 1, 96, 23, 0, 42.03%, 0, 0, 11, 412.65, 372352, 29
1483, 11, 24, 96, 23, 0, 42.03%, 0, 0, 11, 413.01, 374436, 29
1488, 11, 42, 96, 23, 0, 42.03%, 0, 0, 11, 422.11, 376650, 29
1493, 11, 42, 96, 23, 0, 42.03%, 0, 0, 11, 403.50, 378614, 29
1498, 11, 1, 96, 23, 0, 42.03%, 0, 0, 11, 416.00, 380768, 29
1503, 11, 24, 96, 23, 0, 42.03%, 0, 0, 11, 397.14, 382816, 29
1509, 11, 93, 96, 23, 0, 42.03%, 0, 0, 11, 402.63, 384959, 29
1514, 11, 1, 96, 22, 0, 42.03%, 0, 0, 11, 413.61, 387077, 29
1519, 11, 43, 96, 21, 0, 42.03%, 0, 0, 11, 406.96, 389081, 29
1524, 11, 1, 96, 21, 0, 42.03%, 0, 0, 11, 421.55, 391260, 29
1529, 11, 1, 96, 21, 0, 42.03%, 0, 0, 11, 421.45, 393343, 29
1534, 11, 1, 96, 21, 0, 42.03%, 0, 0, 11, 416.37, 395473, 29
1539, 11, 24, 96, 21, 0, 42.03%, 0, 0, 11, 419.77, 397574, 29
1544, 11, 73, 96, 21, 0, 42.03%, 0, 0, 11, 252.95, 399626, 29
1549, 11, 88, 96, 20, 0, 42.03%, 0, 0, 11, 370.44, 401669, 29
1555, 11, 24, 96, 20, 0, 42.03%, 0, 0, 11, 406.79, 403797, 29
1560, 11, 28, 96, 20, 0, 42.03%, 0, 0, 11, 411.12, 405852, 29
1565, 12, 91, 96, 20, 0, 42.03%, 0, 0, 11, 342.97, 407533, 29
1570, 12, 20, 96, 19, 0, 42.03%, 0, 0, 11, 369.54, 409320, 29
1575, 12, 44, 96, 18, 0, 42.03%, 0, 0, 11, 420.58, 411544, 29
1580, 12, 43, 96, 18, 0, 42.03%, 0, 0, 11, 413.98, 413591, 29
1585, 12, 24, 96, 18, 0, 42.03%, 0, 0, 11, 413.29, 415655, 29
1590, 12, 21, 96, 17, 0, 42.03%, 0, 0, 11, 426.63, 417788, 29
1595, 12, 43, 96, 17, 0, 42.03%, 0, 0, 11, 441.06, 419963, 29
1600, 12, 88, 96, 17, 0, 42.03%, 0, 0, 11, 397.60, 421938, 29
1605, 12, 1, 96, 17, 0, 42.03%, 0, 0, 11, 407.55, 424061, 29
1611, 12, 88, 96, 17, 0, 42.03%, 0, 0, 11, 404.35, 426153, 29
1616, 12, 43, 96, 17, 0, 42.03%, 0, 0, 11, 426.88, 428348, 29
1621, 12, 28, 96, 17, 0, 42.03%, 0, 0, 11, 426.23, 430416, 29
1626, 12, 1, 96, 17, 0, 42.03%, 0, 0, 11, 402.53, 432414, 29
1631, 12, 1, 96, 17, 0, 42.03%, 0, 0, 11, 416.44, 434580, 29
1636, 12, 43, 96, 17, 0, 42.03%, 0, 0, 11, 366.91, 436441, 29
1641, 12, 42, 96, 17, 0, 42.03%, 0, 0, 11, 367.06, 438177, 29
1646, 13, 21, 96, 17, 0, 42.03%, 0, 0, 11, 406.88, 440325, 29
1652, 13, 24, 96, 17, 0, 42.03%, 0, 0, 11, 427.97, 442498, 29
1657, 13, 24, 96, 17, 0, 42.03%, 0, 0, 11, 424.23, 444680, 29
1662, 13, 43, 96, 17, 0, 42.03%, 0, 0, 11, 421.88, 446803, 29
1667, 13, 57, 96, 17, 0, 42.03%, 0, 0, 11, 419.67, 448860, 29
1672, 13, 44, 96, 17, 0, 42.03%, 0, 0, 11, 421.57, 450896, 29
1677, 13, 24, 96, 17, 0, 42.03%, 0, 0, 11, 393.43, 452916, 29
1682, 13, 88, 96, 17, 0, 42.03%, 0, 0, 11, 73.89, 454799, 29
1687, 13, 40, 96, 17, 0, 42.03%, 0, 0, 11, 393.53, 456937, 29
1692, 13, 17, 96, 16, 0, 42.03%, 0, 0, 11, 386.38, 458881, 29
1698, 13, 42, 96, 16, 0, 42.03%, 0, 0, 11, 398.90, 460975, 29
1703, 13, 1, 96, 16, 0, 42.03%, 0, 0, 11, 390.41, 462957, 29
1708, 13, 28, 96, 16, 0, 42.03%, 0, 0, 11, 406.66, 465081, 29
1713, 13, 12, 96, 16, 0, 42.03%, 0, 0, 11, 395.45, 467118, 29
1718, 13, 24, 96, 16, 0, 42.03%, 0, 0, 11, 399.67, 469166, 29
1723, 13, 88, 96, 16, 0, 42.03%, 0, 0, 11, 400.76, 471159, 29
1728, 14, 42, 96, 16, 0, 42.03%, 0, 0, 11, 410.99, 473255, 29
1733, 14, 24, 96, 16, 0, 42.03%, 0, 0, 11, 405.85, 475314, 29
1738, 14, 43, 96, 16, 0, 42.03%, 0, 0, 11, 415.49, 477497, 29
1743, 14, 44, 96, 16, 0, 42.03%, 0, 0, 11, 407.09, 479547, 29
1748, 14, 17, 96, 16, 0, 42.03%, 0, 0, 11, 411.40, 481655, 29
1753, 14, 1, 96, 16, 0, 42.03%, 0, 0, 11, 406.29, 483694, 29
1758, 14, 70, 96, 15, 0, 42.03%, 0, 0, 11, 392.68, 485654, 29
1763, 14, 12, 96, 14, 0, 42.03%, 0, 0, 11, 391.08, 487661, 29
1768, 14, 1, 96, 14, 0, 42.03%, 0, 0, 11, 408.78, 489738, 29
1774, 14, 24, 96, 14, 0, 42.03%, 0, 0, 11, 423.65, 491881, 29
1779, 14, 44, 96, 14, 0, 42.03%, 0, 0, 11, 423.29, 493995, 29
1784, 14, 24, 96, 14, 0, 42.03%, 0, 0, 11, 211.92, 496116, 29
1789, 14, 28, 96, 13, 0, 42.03%, 0, 0, 11, 360.73, 498109, 29
1794, 14, 21, 96, 13, 0, 42.03%, 0, 0, 11, 397.45, 500132, 29
1799, 14, 1, 96, 13, 0, 42.03%, 0, 0, 11, 417.94, 502313, 29
1804, 14, 1, 96, 13, 0, 42.03%, 0, 0, 11, 409.03, 504340, 29
1809, 15, 43, 96, 13, 0, 42.03%, 0, 0, 11, 391.14, 506346, 29
1814, 15, 24, 96, 13, 0, 42.03%, 0, 0, 11, 405.35, 508443, 29
1819, 15, 1, 96, 13, 0, 42.03%, 0, 0, 11, 405.03, 510438, 29
1824, 15, 44, 96, 13, 0, 42.03%, 0, 0, 11, 408.42, 512469, 29
1829, 15, 81, 96, 13, 0, 42.03%, 0, 0, 11, 350.88, 514260, 29
1834, 15, 42, 96, 12, 0, 42.03%, 0, 0, 11, 368.90, 516105, 29
1839, 15, 24, 96, 12, 0, 42.03%, 0, 0, 11, 394.79, 518117, 29
1845, 15, 88, 96, 12, 0, 42.03%, 0, 0, 11, 398.55, 520160, 29
1850, 15, 42, 96, 12, 0, 42.03%, 0, 0, 11, 404.27, 522201, 29
1855, 15, 1, 96, 12, 0, 42.03%, 0, 0, 11, 402.94, 524232, 29
1860, 15, 88, 96, 12, 0, 42.03%, 0, 0, 11, 399.22, 526311, 29
1865, 15, 20, 96, 12, 0, 42.03%, 0, 0, 11, 407.46, 528381, 29
1870, 15, 24, 96, 12, 0, 42.03%, 0, 0, 11, 296.89, 530446, 29
1875, 15, 88, 96, 12, 0, 42.03%, 0, 0, 11, 369.90, 532417, 29
1880, 15, 24, 96, 12, 0, 42.03%, 0, 0, 11, 403.52, 534483, 29
1885, 15, 1, 96, 12, 0, 42.03%, 0, 0, 11, 398.47, 536430, 29
1890, 16, 12, 96, 12, 0, 42.03%, 0, 0, 11, 405.93, 538470, 29
1895, 16, 24, 96, 12, 0, 42.03%, 0, 0, 11, 410.11, 540573, 29
1901, 16, 24, 96, 12, 0, 42.03%, 0, 0, 11, 418.61, 542675, 29
1906, 16, 24, 96, 12, 0, 42.03%, 0, 0, 11, 418.10, 544817, 29
1911, 16, 20, 96, 12, 0, 42.03%, 0, 0, 11, 408.94, 546840, 29
1916, 16, 20, 96, 12, 0, 42.03%, 0, 0, 11, 439.40, 549015, 29
1921, 16, 43, 96, 12, 0, 42.03%, 0, 0, 11, 422.10, 551132, 29
1926, 16, 28, 96, 12, 0, 42.03%, 0, 0, 11, 401.18, 553182, 29
1931, 16, 77, 96, 12, 0, 42.03%, 0, 0, 11, 408.01, 555190, 29
1936, 16, 42, 96, 12, 0, 42.03%, 0, 0, 11, 426.77, 557373, 29
1942, 16, 24, 96, 12, 0, 42.03%, 0, 0, 11, 411.52, 559448, 29
1947, 16, 24, 96, 12, 0, 42.03%, 0, 0, 11, 415.44, 561516, 29
1952, 16, 1, 96, 12, 0, 42.03%, 0, 0, 11, 416.95, 563582, 29
1957, 16, 24, 97, 13, 0, 42.03%, 0, 0, 11, 418.47, 565658, 29
1962, 17, 24, 97, 13, 0, 42.03%, 0, 0, 11, 397.09, 567694, 29
1967, 17, 44, 97, 13, 0, 42.03%, 0, 0, 11, 535.42, 570448, 29
1972, 17, 96, 97, 13, 0, 42.03%, 0, 0, 11, 542.53, 573299, 29
1978, 17, 12, 97, 12, 0, 42.03%, 0, 0, 11, 558.22, 576270, 29
1983, 17, 1, 97, 12, 0, 42.03%, 0, 0, 11, 522.82, 579006, 29
1988, 17, 43, 97, 12, 0, 42.03%, 0, 0, 11, 552.71, 581882, 29
1993, 17, 12, 97, 12, 0, 42.03%, 0, 0, 11, 575.56, 584961, 29
1998, 17, 43, 97, 12, 0, 42.03%, 0, 0, 11, 569.00, 587850, 29
2003, 17, 1, 97, 12, 0, 42.03%, 0, 0, 11, 615.29, 590881, 29
2008, 17, 26, 97, 12, 0, 42.03%, 0, 0, 11, 585.76, 593856, 29
2013, 17, 24, 97, 12, 0, 42.03%, 0, 0, 11, 581.31, 596867, 29
2018, 17, 44, 97, 12, 0, 42.03%, 0, 0, 11, 583.67, 599839, 29
2023, 18, 1, 98, 13, 0, 42.03%, 0, 0, 11, 568.99, 602717, 29
2028, 18, 28, 98, 13, 0, 42.03%, 0, 0, 11, 538.85, 605428, 29
2034, 18, 1, 98, 13, 0, 42.03%, 0, 0, 11, 547.20, 608312, 29
2039, 18, 24, 98, 13, 0, 42.03%, 0, 0, 11, 567.91, 611167, 29
2044, 18, 42, 98, 13, 0, 42.03%, 0, 0, 11, 547.15, 613910, 29
2049, 18, 88, 98, 13, 0, 42.03%, 0, 0, 11, 558.33, 616782, 29
2054, 18, 20, 98, 13, 0, 42.03%, 0, 0, 11, 579.97, 619847, 29
2059, 18, 24, 98, 13, 0, 42.03%, 0, 0, 11, 557.28, 622669, 29
2064, 18, 44, 98, 13, 0, 42.03%, 0, 0, 11, 592.92, 625610, 29
2069, 18, 43, 98, 13, 0, 42.03%, 0, 0, 11, 581.30, 628496, 29
2074, 18, 20, 98, 13, 0, 42.03%, 0, 0, 11, 564.99, 631349, 29
2079, 18, 44, 98, 13, 0, 42.03%, 0, 0, 11, 568.30, 634214, 29
2084, 19, 28, 98, 13, 0, 42.03%, 0, 0, 11, 576.22, 637074, 29
2089, 19, 1, 98, 13, 0, 42.03%, 0, 0, 11, 553.95, 639830, 29
2094, 19, 1, 98, 13, 0, 42.03%, 0, 0, 11, 568.78, 642747, 29
2099, 19, 43, 98, 13, 0, 42.03%, 0, 0, 11, 579.28, 645713, 29
2105, 19, 42, 98, 13, 0, 42.03%, 0, 0, 11, 590.02, 648759, 29
2110, 19, 44, 98, 12, 0, 42.03%, 0, 0, 11, 585.98, 651639, 29
2115, 19, 1, 98, 12, 0, 42.03%, 0, 0, 11, 571.98, 654536, 29
2120, 19, 1, 98, 12, 0, 42.03%, 0, 0, 11, 585.20, 657506, 29
2125, 19, 86, 98, 12, 0, 42.03%, 0, 0, 11, 571.15, 660443, 29
2130, 19, 86, 98, 12, 0, 42.03%, 0, 0, 11, 409.58, 662238, 29
2135, 19, 88, 98, 11, 0, 42.03%, 0, 0, 11, 519.38, 664969, 29
2140, 19, 44, 98, 11, 0, 42.03%, 0, 0, 11, 563.03, 667845, 29
2145, 20, 20, 98, 11, 0, 42.03%, 0, 0, 11, 562.33, 670766, 29
2151, 20, 12, 98, 11, 0, 42.03%, 0, 0, 11, 586.35, 673756, 29
2156, 20, 24, 98, 11, 0, 42.03%, 0, 0, 11, 580.98, 676619, 29
2161, 20, 12, 98, 11, 0, 42.03%, 0, 0, 11, 583.74, 679530, 29
2166, 20, 85, 98, 11, 0, 42.03%, 0, 0, 11, 586.93, 682509, 29
2171, 20, 24, 98, 10, 0, 42.03%, 0, 0, 11, 591.49, 685416, 29
2176, 20, 24, 98, 10, 0, 42.03%, 0, 0, 11, 597.24, 688464, 29
2181, 20, 88, 98, 10, 0, 42.03%, 0, 0, 11, 605.02, 691607, 29
2187, 20, 24, 98, 10, 0, 42.03%, 0, 0, 11, 574.42, 694521, 29
2192, 20, 44, 98, 10, 0, 42.03%, 0, 0, 11, 582.29, 697441, 29
2197, 20, 44, 98, 9, 0, 42.03%, 0, 0, 11, 598.34, 700439, 29
2202, 20, 1, 98, 9, 0, 42.03%, 0, 0, 11, 575.87, 703269, 29
2207, 21, 42, 98, 9, 0, 42.03%, 0, 0, 11, 589.95, 706214, 29
2212, 21, 1, 98, 9, 0, 42.03%, 0, 0, 11, 588.92, 709108, 29
2217, 21, 17, 98, 9, 0, 42.03%, 0, 0, 11, 587.38, 712049, 29
2222, 21, 88, 98, 9, 0, 42.03%, 0, 0, 11, 550.05, 714958, 29
2227, 21, 12, 98, 9, 0, 42.03%, 0, 0, 11, 586.50, 718099, 29
2233, 21, 12, 98, 9, 0, 42.03%, 0, 0, 11, 561.50, 721019, 29
2238, 21, 21, 98, 9, 0, 42.03%, 0, 0, 11, 572.18, 724019, 29
2243, 21, 44, 98, 9, 0, 42.03%, 0, 0, 11, 555.52, 726820, 29
2248, 21, 43, 98, 9, 0, 42.03%, 0, 0, 11, 570.12, 729747, 29
2253, 21, 20, 98, 9, 0, 42.03%, 0, 0, 11, 558.29, 732515, 29
2258, 22, 1, 98, 9, 0, 42.03%, 0, 0, 11, 553.38, 735321, 29
2263, 22, 1, 98, 9, 0, 42.03%, 0, 0, 11, 564.31, 738227, 29
2268, 22, 1, 98, 9, 0, 42.03%, 0, 0, 11, 581.41, 741170, 29
2273, 22, 1, 98, 9, 0, 42.03%, 0, 0, 11, 569.35, 744142, 29
2278, 22, 43, 98, 9, 0, 42.03%, 0, 0, 11, 594.78, 747198, 29
2283, 22, 24, 98, 9, 0, 42.03%, 0, 0, 11, 579.75, 750222, 29
2288, 22, 24, 98, 9, 0, 42.03%, 0, 0, 11, 473.26, 752670, 29
2294, 22, 44, 98, 9, 0, 42.03%, 0, 0, 11, 392.29, 754471, 29
2299, 22, 1, 98, 8, 0, 42.03%, 0, 0, 11, 540.26, 757380, 29
2304, 22, 12, 98, 8, 0, 42.03%, 0, 0, 11, 552.74, 760321, 29
2309, 22, 44, 98, 8, 0, 42.03%, 0, 0, 11, 591.27, 763313, 29
2314, 23, 43, 98, 8, 0, 42.03%, 0, 0, 11, 574.92, 766349, 29
2319, 23, 43, 98, 8, 0, 42.03%, 0, 0, 11, 597.71, 769455, 29
2324, 23, 37, 98, 8, 0, 42.03%, 0, 0, 11, 570.82, 772334, 29
2329, 23, 28, 98, 8, 0, 42.03%, 0, 0, 11, 573.00, 775233, 29
2334, 23, 20, 98, 8, 0, 42.03%, 0, 0, 11, 595.43, 778341, 29
2339, 23, 88, 98, 8, 0, 42.03%, 0, 0, 11, 570.36, 781212, 29
2345, 23, 24, 98, 8, 0, 42.03%, 0, 0, 11, 582.69, 784218, 29
2350, 23, 24, 98, 8, 0, 42.03%, 0, 0, 11, 599.56, 787359, 29
2355, 23, 21, 98, 7, 0, 42.03%, 0, 0, 11, 587.37, 790330, 29
2360, 23, 44, 98, 7, 0, 42.03%, 0, 0, 11, 585.58, 793257, 29
2365, 23, 17, 98, 7, 0, 42.03%, 0, 0, 11, 568.22, 796096, 29
2370, 24, 24, 98, 7, 0, 42.03%, 0, 0, 11, 583.67, 799044, 29
2375, 24, 24, 98, 7, 0, 42.03%, 0, 0, 11, 593.41, 802075, 29
2380, 24, 1, 98, 7, 0, 42.03%, 0, 0, 11, 604.36, 805209, 29
2386, 24, 88, 98, 7, 0, 42.03%, 0, 0, 11, 575.29, 808100, 29
2391, 24, 24, 98, 7, 0, 42.03%, 0, 0, 11, 523.52, 810718, 29
2396, 24, 17, 98, 7, 0, 42.03%, 0, 0, 11, 514.69, 813138, 29
2401, 24, 24, 98, 7, 0, 42.03%, 0, 0, 11, 564.18, 815970, 29
2406, 24, 42, 98, 7, 0, 42.03%, 0, 0, 11, 565.72, 818829, 29
2411, 24, 24, 98, 7, 0, 42.03%, 0, 0, 11, 580.88, 821732, 29
2416, 24, 1, 98, 7, 0, 42.03%, 0, 0, 11, 593.85, 824683, 29
2421, 24, 1, 98, 7, 0, 42.03%, 0, 0, 11, 588.77, 827661, 29
2426, 25, 1, 98, 7, 0, 42.03%, 0, 0, 11, 564.34, 830468, 29
2431, 25, 28, 98, 7, 0, 42.03%, 0, 0, 11, 602.84, 833558, 29
2436, 25, 20, 98, 7, 0, 42.03%, 0, 0, 11, 562.27, 836334, 29
2441, 25, 42, 98, 7, 0, 42.03%, 0, 0, 11, 559.26, 839084, 29
2446, 25, 43, 98, 7, 0, 42.03%, 0, 0, 11, 589.08, 842017, 29
2452, 25, 1, 98, 7, 0, 42.03%, 0, 0, 11, 585.79, 845015, 29
2457, 25, 1, 98, 7, 0, 42.03%, 0, 0, 11, 599.17, 848018, 29
2462, 25, 88, 98, 7, 0, 42.03%, 0, 0, 11, 566.12, 850957, 29
2467, 25, 43, 98, 7, 0, 42.03%, 0, 0, 11, 590.89, 853895, 29
2472, 25, 20, 98, 7, 0, 42.03%, 0, 0, 11, 548.04, 856717, 29
2477, 25, 21, 98, 7, 0, 42.03%, 0, 0, 11, 555.55, 859559, 29
2482, 26, 44, 98, 7, 0, 42.03%, 0, 0, 11, 546.22, 862342, 29
2487, 26, 43, 98, 7, 0, 42.03%, 0, 0, 11, 562.84, 865318, 29
2493, 26, 88, 98, 7, 0, 42.03%, 0, 0, 11, 543.92, 868237, 29
2498, 26, 42, 98, 7, 0, 42.03%, 0, 0, 11, 572.72, 871170, 29
2503, 26, 21, 98, 7, 0, 42.03%, 0, 0, 11, 588.69, 874270, 29
2508, 26, 24, 98, 7, 0, 42.03%, 0, 0, 11, 606.67, 877375, 29
2513, 26, 88, 98, 7, 0, 42.03%, 0, 0, 11, 558.96, 880204, 29
2518, 26, 12, 98, 7, 0, 42.03%, 0, 0, 11, 563.48, 883001, 29
2523, 26, 78, 98, 7, 0, 42.03%, 0, 0, 11, 560.82, 885890, 29
2528, 26, 24, 98, 7, 0, 42.03%, 0, 0, 11, 582.73, 888917, 29
2533, 26, 28, 98, 7, 0, 42.03%, 0, 0, 11, 564.34, 891750, 29
2538, 26, 12, 98, 7, 0, 42.03%, 0, 0, 11, 531.19, 894402, 29
2543, 27, 1, 98, 7, 0, 42.03%, 0, 0, 11, 561.85, 897241, 29
2548, 27, 24, 98, 7, 0, 42.03%, 0, 0, 11, 562.09, 900162, 29
2553, 27, 42, 98, 7, 0, 42.03%, 0, 0, 11, 462.47, 902426, 29
2558, 27, 43, 98, 7, 0, 42.03%, 0, 0, 11, 556.30, 905300, 29
2563, 27, 17, 98, 7, 0, 42.03%, 0, 0, 11, 547.93, 908054, 29
2569, 27, 1, 98, 7, 0, 42.03%, 0, 0, 11, 603.72, 910915, 29
2574, 27, 21, 98, 7, 0, 42.03%, 0, 0, 11, 565.86, 913733, 29
2579, 27, 24, 98, 7, 0, 42.03%, 0, 0, 11, 566.35, 916629, 29
2584, 27, 53, 98, 7, 0, 42.03%, 0, 0, 11, 593.69, 919709, 29
2589, 27, 17, 98, 6, 0, 42.03%, 0, 0, 11, 589.38, 922702, 29
2594, 28, 17, 98, 6, 0, 42.03%, 0, 0, 11, 596.56, 925716, 29
2599, 28, 1, 98, 6, 0, 42.03%, 0, 0, 11, 551.75, 928442, 29
2604, 28, 88, 98, 6, 0, 42.03%, 0, 0, 11, 549.52, 931260, 29
2609, 28, 20, 98, 6, 0, 42.03%, 0, 0, 11, 499.19, 933767, 29
2614, 28, 88, 98, 6, 0, 42.03%, 0, 0, 11, 509.64, 936302, 29
2619, 28, 24, 98, 6, 0, 42.03%, 0, 0, 11, 538.85, 939022, 29
2625, 28, 88, 98, 6, 0, 42.03%, 0, 0, 11, 554.40, 941855, 29
2630, 28, 43, 98, 6, 0, 42.03%, 0, 0, 11, 554.17, 944748, 29
2635, 28, 1, 98, 6, 0, 42.03%, 0, 0, 11, 573.48, 947630, 29
2640, 28, 88, 98, 6, 0, 42.03%, 0, 0, 11, 545.68, 950409, 29
2645, 28, 24, 98, 6, 0, 42.03%, 0, 0, 11, 639.31, 953565, 29
2650, 29, 12, 98, 6, 0, 42.03%, 0, 0, 11, 760.54, 957639, 29
2655, 29, 44, 98, 6, 0, 42.03%, 0, 0, 11, 748.42, 961457, 29
2660, 29, 43, 98, 6, 0, 42.03%, 0, 0, 11, 782.85, 965410, 29
2666, 29, 42, 98, 6, 0, 42.03%, 0, 0, 11, 765.64, 969272, 29
2666, 29, 42, 98, 6, 0, 42.03%, 1, 0, 11, 763.72, 969419, 29
