# relative_time, cycles_done, cur_item, corpus_count, pending_total, pending_favs, map_size, saved_crashes, saved_hangs, max_depth, execs_per_sec, total_execs, edges_found
62, 0, 0, 20, 20, 1, 37.29%, 0, 0, 2, 3.61, 3374, 22
93, 0, 0, 20, 20, 1, 37.29%, 0, 0, 2, 4.79, 6615, 22
98, 0, 0, 20, 20, 1, 37.29%, 0, 0, 2, 786.02, 10610, 22
121, 0, 0, 21, 21, 1, 37.29%, 0, 0, 2, 0.69, 11952, 22
126, 0, 0, 21, 21, 1, 37.29%, 0, 0, 2, 765.50, 15882, 22
151, 0, 0, 21, 21, 1, 37.29%, 0, 0, 2, 6.14, 16032, 22
156, 0, 0, 21, 21, 1, 37.29%, 0, 0, 2, 274.01, 19912, 22
177, 0, 0, 21, 21, 1, 37.29%, 0, 0, 2, 0.59, 20238, 22
182, 0, 0, 21, 21, 1, 37.29%, 0, 0, 2, 772.48, 24132, 22
203, 0, 0, 21, 21, 1, 37.29%, 0, 0, 2, 6.04, 24912, 22
208, 0, 0, 21, 21, 1, 37.29%, 0, 0, 2, 794.97, 28932, 22
230, 0, 0, 22, 22, 1, 40.68%, 0, 0, 2, 1.49, 29971, 24
236, 0, 0, 23, 23, 1, 42.37%, 0, 0, 2, 752.03, 33926, 25
259, 0, 0, 23, 23, 1, 42.37%, 0, 0, 2, 6.53, 34586, 25
264, 0, 0, 23, 23, 1, 42.37%, 0, 0, 2, 803.37, 38698, 25
286, 0, 0, 24, 24, 1, 42.37%, 0, 0, 2, 4.69, 40213, 25
291, 0, 0, 24, 24, 1, 42.37%, 0, 0, 2, 765.60, 44058, 25
303, 0, 0, 24, 24, 1, 42.37%, 0, 0, 2, 9.87, 45963, 25
320, 0, 0, 24, 24, 1, 42.37%, 0, 0, 2, 0.36, 45968, 25
325, 0, 0, 25, 25, 1, 44.07%, 0, 0, 2, 810.82, 50168, 26
351, 0, 0, 25, 25, 1, 44.07%, 0, 0, 2, 0.63, 52000, 26
356, 0, 0, 25, 25, 1, 44.07%, 0, 0, 2, 727.95, 55706, 26
382, 0, 0, 25, 25, 1, 44.07%, 0, 0, 2, 5.67, 57340, 26
387, 0, 0, 25, 25, 1, 44.07%, 0, 0, 2, 765.34, 61195, 26
400, 0, 0, 25, 25, 1, 44.07%, 0, 0, 2, 10.36, 62620, 26
407, 0, 0, 25, 25, 1, 44.07%, 0, 0, 2, 8.66, 63490, 26
419, 0, 0, 25, 25, 1, 44.07%, 0, 0, 2, 0.75, 63513, 26
425, 0, 0, 25, 25, 1, 44.07%, 0, 0, 2, 792.64, 67600, 26
445, 0, 0, 25, 25, 1, 44.07%, 0, 0, 2, 8.15, 68880, 26
450, 0, 0, 26, 26, 1, 45.76%, 0, 0, 2, 112.68, 72751, 27
471, 0, 0, 26, 26, 1, 45.76%, 0, 0, 2, 6.92, 74095, 27
476, 0, 0, 26, 26, 1, 45.76%, 0, 0, 2, 760.17, 77942, 27
488, 0, 0, 26, 26, 1, 45.76%, 0, 0, 2, 8.76, 78542, 27
505, 0, 0, 26, 26, 1, 45.76%, 0, 0, 2, 10.88, 82007, 27
510, 0, 0, 26, 26, 1, 45.76%, 0, 0, 2, 146.58, 85997, 27
526, 0, 0, 27, 27, 1, 47.46%, 0, 0, 2, 11.15, 87726, 28
531, 0, 0, 27, 27, 1, 47.46%, 0, 0, 2, 776.39, 91689, 28
548, 0, 0, 28, 28, 1, 47.46%, 0, 0, 2, 9.70, 93856, 28
553, 0, 0, 28, 28, 1, 47.46%, 0, 0, 2, 818.22, 97949, 28
562, 0, 0, 28, 28, 1, 47.46%, 0, 0, 2, 4.58, 99901, 28
576, 0, 0, 28, 28, 1, 47.46%, 0, 0, 2, 10.89, 103231, 28
581, 0, 0, 28, 28, 1, 47.46%, 0, 0, 2, 824.33, 107309, 28
589, 0, 0, 28, 28, 1, 47.46%, 0, 0, 2, 24.80, 109533, 28
599, 0, 0, 28, 28, 1, 47.46%, 0, 0, 2, 16.94, 113581, 28
605, 0, 0, 28, 28, 1, 47.46%, 0, 0, 2, 837.33, 116205, 28
613, 0, 0, 28, 28, 1, 47.46%, 0, 0, 2, 21.58, 119821, 28
618, 0, 0, 28, 28, 1, 47.46%, 0, 0, 2, 804.37, 123613, 28
629, 0, 0, 28, 28, 1, 47.46%, 0, 0, 2, 6.23, 126391, 28
634, 0, 0, 29, 29, 1, 49.15%, 0, 0, 2, 831.27, 130644, 29
649, 0, 0, 29, 29, 1, 49.15%, 0, 0, 2, 3.03, 133828, 29
654, 0, 0, 29, 29, 1, 49.15%, 0, 0, 2, 837.63, 138052, 29
660, 0, 0, 29, 29, 1, 49.15%, 0, 0, 2, 23.65, 141508, 29
665, 0, 0, 29, 29, 1, 49.15%, 0, 0, 2, 804.75, 145508, 29
673, 0, 0, 29, 29, 1, 49.15%, 0, 0, 2, 22.05, 146858, 29
678, 0, 0, 29, 29, 1, 49.15%, 0, 0, 2, 818.92, 150740, 29
683, 0, 0, 29, 29, 1, 49.15%, 0, 0, 2, 800.74, 154823, 29
688, 0, 0, 29, 29, 1, 49.15%, 0, 0, 2, 813.02, 158852, 29
694, 0, 0, 29, 29, 1, 49.15%, 0, 0, 2, 14.95, 161252, 29
699, 0, 0, 29, 29, 1, 49.15%, 0, 0, 2, 806.26, 165188, 29
704, 0, 0, 29, 29, 1, 49.15%, 0, 0, 2, 797.70, 167873, 29
709, 0, 25, 39, 37, 7, 50.85%, 0, 0, 3, 819.79, 171972, 30
714, 0, 25, 41, 39, 7, 50.85%, 0, 0, 3, 826.14, 176066, 30
719, 0, 25, 43, 41, 7, 50.85%, 0, 0, 3, 803.32, 179981, 30
724, 0, 28, 48, 39, 1, 50.85%, 0, 0, 4, 804.60, 183986, 30
734, 0, 29, 52, 41, 0, 50.85%, 0, 0, 4, 25.49, 187818, 30
739, 0, 49, 53, 41, 0, 50.85%, 0, 0, 4, 805.33, 191805, 30
744, 0, 52, 57, 45, 0, 50.85%, 0, 0, 4, 832.84, 195961, 30
749, 0, 21, 57, 44, 0, 50.85%, 0, 0, 4, 841.68, 200015, 30
754, 0, 56, 59, 46, 0, 50.85%, 0, 0, 5, 824.21, 204074, 30
760, 0, 49, 59, 46, 0, 50.85%, 0, 0, 5, 26.95, 207149, 30
765, 0, 41, 59, 45, 0, 50.85%, 0, 0, 5, 797.43, 211240, 30
770, 0, 49, 59, 45, 0, 50.85%, 0, 0, 5, 790.07, 215302, 30
775, 0, 49, 60, 46, 0, 50.85%, 0, 0, 5, 801.19, 219478, 30
781, 0, 56, 61, 47, 0, 50.85%, 0, 0, 5, 817.49, 223759, 30
787, 0, 49, 61, 47, 0, 50.85%, 0, 0, 5, 112.95, 226882, 30
792, 1, 22, 63, 48, 0, 50.85%, 0, 0, 5, 830.05, 231171, 30
797, 1, 56, 65, 49, 0, 50.85%, 0, 0, 5, 829.95, 235353, 30
802, 1, 56, 66, 50, 0, 50.85%, 0, 0, 5, 829.11, 239630, 30
807, 1, 49, 66, 50, 0, 50.85%, 0, 0, 5, 825.00, 243480, 30
814, 1, 59, 67, 50, 0, 50.85%, 0, 0, 5, 3.81, 245968, 30
820, 1, 59, 67, 50, 0, 50.85%, 0, 0, 5, 833.79, 250343, 30
825, 1, 49, 67, 48, 0, 50.85%, 0, 0, 5, 866.51, 254722, 30
830, 1, 49, 67, 48, 0, 50.85%, 0, 0, 5, 854.05, 259035, 30
835, 1, 56, 67, 48, 0, 50.85%, 0, 0, 5, 839.96, 263320, 30
840, 1, 67, 69, 50, 0, 50.85%, 0, 0, 6, 815.32, 267435, 30
846, 1, 49, 69, 49, 0, 50.85%, 0, 0, 6, 802.98, 271500, 30
851, 1, 39, 70, 50, 0, 50.85%, 0, 0, 6, 813.99, 275673, 30
856, 2, 18, 72, 50, 0, 50.85%, 0, 0, 6, 801.87, 279805, 30
861, 2, 49, 75, 51, 0, 50.85%, 0, 0, 6, 797.22, 283941, 30
866, 2, 56, 76, 51, 0, 50.85%, 0, 0, 6, 799.63, 288023, 30
871, 2, 49, 78, 53, 0, 50.85%, 0, 0, 6, 800.67, 292041, 30
876, 2, 74, 78, 53, 0, 50.85%, 0, 0, 6, 816.74, 296224, 30
881, 2, 39, 81, 55, 0, 50.85%, 0, 0, 6, 821.89, 300592, 30
886, 2, 49, 83, 55, 0, 50.85%, 0, 0, 6, 833.80, 304980, 30
892, 2, 49, 83, 54, 0, 50.85%, 0, 0, 6, 820.64, 309212, 30
897, 2, 71, 88, 58, 0, 50.85%, 0, 0, 6, 826.95, 313404, 30
902, 2, 49, 89, 57, 0, 50.85%, 0, 0, 6, 822.31, 317513, 30
907, 2, 41, 90, 56, 0, 50.85%, 0, 0, 6, 835.12, 321875, 30
912, 3, 44, 93, 59, 0, 50.85%, 0, 0, 6, 836.96, 326096, 30
917, 3, 56, 94, 59, 0, 50.85%, 0, 0, 6, 825.37, 330255, 30
922, 3, 83, 95, 59, 0, 50.85%, 0, 0, 6, 806.22, 333951, 30
927, 3, 69, 95, 58, 0, 50.85%, 0, 0, 6, 810.86, 338011, 30
932, 3, 45, 95, 55, 0, 50.85%, 0, 0, 6, 813.08, 342190, 30
937, 3, 49, 95, 54, 0, 50.85%, 0, 0, 6, 831.97, 346433, 30
942, 3, 49, 95, 54, 0, 50.85%, 0, 0, 6, 796.09, 350529, 30
947, 3, 47, 96, 55, 0, 50.85%, 0, 0, 6, 782.82, 354612, 30
952, 3, 62, 96, 53, 0, 50.85%, 0, 0, 6, 799.00, 358787, 30
958, 3, 44, 96, 50, 0, 50.85%, 0, 0, 6, 784.10, 362352, 30
963, 3, 49, 96, 49, 0, 50.85%, 0, 0, 6, 829.32, 366720, 30
968, 4, 84, 96, 49, 0, 50.85%, 0, 0, 6, 809.37, 370832, 30
973, 4, 44, 96, 48, 0, 50.85%, 0, 0, 6, 819.99, 375105, 30
978, 4, 24, 96, 48, 0, 50.85%, 0, 0, 6, 801.41, 379205, 30
983, 4, 93, 96, 48, 0, 50.85%, 0, 0, 6, 726.04, 382776, 30
988, 4, 49, 97, 48, 0, 50.85%, 0, 0, 6, 834.60, 387128, 30
993, 4, 49, 97, 48, 0, 50.85%, 0, 0, 6, 853.61, 391408, 30
998, 4, 45, 97, 48, 0, 50.85%, 0, 0, 6, 864.78, 395766, 30
1003, 4, 45, 98, 49, 0, 50.85%, 0, 0, 6, 842.89, 399952, 30
1009, 4, 45, 99, 49, 0, 50.85%, 0, 0, 6, 829.78, 404292, 30
1014, 4, 49, 99, 48, 0, 50.85%, 0, 0, 6, 841.97, 408581, 30
1019, 4, 49, 99, 47, 0, 50.85%, 0, 0, 6, 826.38, 412883, 30
1024, 5, 24, 99, 47, 0, 50.85%, 0, 0, 6, 856.25, 417211, 30
1029, 5, 41, 99, 45, 0, 50.85%, 0, 0, 6, 865.05, 421673, 30
1034, 5, 56, 99, 45, 0, 50.85%, 0, 0, 6, 838.87, 425946, 30
1039, 5, 59, 100, 46, 0, 50.85%, 0, 0, 6, 841.60, 430141, 30
1045, 5, 49, 100, 46, 0, 50.85%, 0, 0, 6, 855.64, 434537, 30
1050, 5, 49, 100, 46, 0, 50.85%, 0, 0, 6, 899.06, 438766, 30
1055, 5, 45, 101, 47, 0, 50.85%, 0, 0, 6, 828.73, 442721, 30
1060, 5, 45, 101, 46, 0, 50.85%, 0, 0, 6, 866.13, 447014, 30
1065, 5, 87, 101, 46, 0, 50.85%, 0, 0, 6, 861.48, 451463, 30
1070, 5, 49, 101, 45, 0, 50.85%, 0, 0, 6, 868.24, 455921, 30
1075, 5, 89, 101, 45, 0, 50.85%, 0, 0, 6, 853.67, 460338, 30
1081, 6, 44, 101, 43, 0, 50.85%, 0, 0, 6, 835.31, 464504, 30
1086, 6, 44, 101, 42, 0, 50.85%, 0, 0, 6, 865.82, 468851, 30
1091, 6, 100, 101, 42, 0, 50.85%, 0, 0, 6, 635.26, 471954, 30
1096, 6, 44, 101, 41, 0, 50.85%, 0, 0, 6, 802.01, 476083, 30
1101, 6, 59, 101, 41, 0, 50.85%, 0, 0, 6, 870.85, 480524, 30
1106, 6, 24, 101, 41, 0, 50.85%, 0, 0, 6, 876.95, 485009, 30
1111, 6, 56, 101, 41, 0, 50.85%, 0, 0, 6, 876.62, 489344, 30
1116, 6, 45, 101, 40, 0, 50.85%, 0, 0, 6, 864.53, 493623, 30
1121, 6, 59, 101, 40, 0, 50.85%, 0, 0, 6, 865.67, 498037, 30
1126, 6, 86, 101, 40, 0, 50.85%, 0, 0, 6, 865.04, 502322, 30
1131, 6, 45, 101, 39, 0, 50.85%, 0, 0, 6, 872.27, 506620, 30
1136, 6, 44, 101, 39, 0, 50.85%, 0, 0, 6, 867.60, 511049, 30
1142, 7, 44, 101, 38, 0, 50.85%, 0, 0, 6, 867.12, 515496, 30
1147, 7, 45, 101, 37, 0, 50.85%, 0, 0, 6, 876.81, 519973, 30
1152, 7, 44, 101, 37, 0, 50.85%, 0, 0, 6, 849.81, 524391, 30
1157, 7, 44, 101, 37, 0, 50.85%, 0, 0, 6, 855.91, 528773, 30
1162, 7, 44, 101, 37, 0, 50.85%, 0, 0, 6, 851.93, 533269, 30
1167, 7, 49, 101, 37, 0, 50.85%, 0, 0, 6, 855.89, 537592, 30
1172, 7, 45, 101, 37, 0, 50.85%, 0, 0, 6, 838.56, 541850, 30
1177, 7, 56, 101, 37, 0, 50.85%, 0, 0, 6, 868.87, 546456, 30
1183, 7, 49, 101, 37, 0, 50.85%, 0, 0, 6, 854.08, 550923, 30
1188, 7, 49, 101, 37, 0, 50.85%, 0, 0, 6, 839.14, 554955, 30
1193, 7, 49, 101, 36, 0, 50.85%, 0, 0, 6, 856.91, 559444, 30
1198, 7, 96, 101, 36, 0, 50.85%, 0, 0, 6, 793.46, 563424, 30
1203, 8, 85, 101, 35, 0, 50.85%, 0, 0, 6, 820.83, 567646, 30
1208, 8, 44, 101, 34, 0, 50.85%, 0, 0, 6, 859.17, 572162, 30
1213, 8, 44, 101, 34, 0, 50.85%, 0, 0, 6, 870.50, 576538, 30
1219, 8, 59, 101, 34, 0, 50.85%, 0, 0, 6, 873.46, 581021, 30
1224, 8, 87, 101, 34, 0, 50.85%, 0, 0, 6, 871.81, 585587, 30
1229, 8, 49, 101, 34, 0, 50.85%, 0, 0, 6, 840.32, 589855, 30
1234, 8, 59, 101, 34, 0, 50.85%, 0, 0, 6, 809.67, 593304, 30
1239, 8, 56, 102, 35, 0, 50.85%, 0, 0, 6, 840.24, 597705, 30
1244, 8, 59, 102, 35, 0, 50.85%, 0, 0, 6, 859.33, 602244, 30
1249, 8, 44, 102, 35, 0, 50.85%, 0, 0, 6, 873.47, 606666, 30
1254, 8, 49, 102, 35, 0, 50.85%, 0, 0, 6, 884.51, 611139, 30
1260, 9, 44, 102, 35, 0, 50.85%, 0, 0, 6, 890.71, 615763, 30
1265, 9, 49, 102, 34, 0, 50.85%, 0, 0, 6, 840.92, 619857, 30
1270, 9, 49, 102, 34, 0, 50.85%, 0, 0, 6, 834.20, 624185, 30
1275, 9, 59, 102, 33, 0, 50.85%, 0, 0, 6, 860.14, 628570, 30
1280, 9, 49, 102, 33, 0, 50.85%, 0, 0, 6, 861.84, 632953, 30
1285, 9, 56, 102, 33, 0, 50.85%, 0, 0, 6, 887.29, 637541, 30
1290, 9, 44, 102, 33, 0, 50.85%, 0, 0, 6, 863.09, 641991, 30
1295, 9, 49, 102, 33, 0, 50.85%, 0, 0, 6, 875.55, 646485, 30
1301, 9, 50, 102, 32, 0, 50.85%, 0, 0, 6, 903.92, 651163, 30
1306, 9, 56, 102, 31, 0, 50.85%, 0, 0, 6, 876.40, 655477, 30
1311, 9, 56, 102, 31, 0, 50.85%, 0, 0, 6, 889.83, 659922, 30
1316, 10, 45, 102, 30, 0, 50.85%, 0, 0, 6, 867.68, 664349, 30
1321, 10, 56, 102, 30, 0, 50.85%, 0, 0, 6, 863.23, 668736, 30
1326, 10, 88, 102, 30, 0, 50.85%, 0, 0, 6, 842.67, 672853, 30
1331, 10, 24, 102, 29, 0, 50.85%, 0, 0, 6, 891.01, 677329, 30
1336, 10, 50, 102, 29, 0, 50.85%, 0, 0, 6, 902.25, 681921, 30
1341, 10, 45, 102, 27, 0, 50.85%, 0, 0, 6, 893.75, 686352, 30
1346, 10, 50, 102, 27, 0, 50.85%, 0, 0, 6, 868.24, 690658, 30
1351, 10, 45, 102, 26, 0, 50.85%, 0, 0, 6, 837.30, 694966, 30
1357, 10, 50, 102, 26, 0, 50.85%, 0, 0, 6, 868.50, 699462, 30
1362, 10, 59, 102, 26, 0, 50.85%, 0, 0, 6, 887.42, 703894, 30
1367, 10, 50, 102, 26, 0, 50.85%, 0, 0, 6, 891.69, 708490, 30
1372, 11, 44, 102, 25, 0, 50.85%, 0, 0, 6, 893.81, 712912, 30
1377, 11, 24, 102, 25, 0, 50.85%, 0, 0, 6, 861.71, 717394, 30
1382, 11, 44, 102, 25, 0, 50.85%, 0, 0, 6, 853.40, 721884, 30
1388, 11, 45, 102, 25, 0, 50.85%, 0, 0, 6, 846.52, 726349, 30
1393, 11, 24, 102, 25, 0, 50.85%, 0, 0, 6, 867.14, 730943, 30
1398, 11, 56, 102, 24, 0, 50.85%, 0, 0, 6, 874.51, 735398, 30
1403, 11, 50, 102, 24, 0, 50.85%, 0, 0, 6, 886.18, 740048, 30
1408, 11, 56, 102, 23, 0, 50.85%, 0, 0, 6, 874.06, 744442, 30
1413, 11, 50, 102, 23, 0, 50.85%, 0, 0, 6, 866.12, 748821, 30
1418, 11, 44, 102, 21, 0, 50.85%, 0, 0, 6, 787.82, 752529, 30
1423, 11, 45, 102, 21, 0, 50.85%, 0, 0, 6, 858.19, 757088, 30
1428, 12, 50, 102, 21, 0, 50.85%, 0, 0, 6, 873.66, 761541, 30
1433, 12, 50, 102, 21, 0, 50.85%, 0, 0, 6, 865.55, 766097, 30
1439, 12, 50, 102, 21, 0, 50.85%, 0, 0, 6, 874.47, 770604, 30
1444, 12, 50, 102, 21, 0, 50.85%, 0, 0, 6, 869.04, 774986, 30
1449, 12, 56, 102, 21, 0, 50.85%, 0, 0, 6, 870.35, 779475, 30
1454, 12, 38, 102, 21, 0, 50.85%, 0, 0, 6, 886.39, 784112, 30
1459, 12, 44, 102, 20, 0, 50.85%, 0, 0, 6, 888.27, 788526, 30
1464, 12, 56, 102, 20, 0, 50.85%, 0, 0, 6, 887.02, 793156, 30
1469, 12, 45, 102, 20, 0, 50.85%, 0, 0, 6, 883.65, 797536, 30
1474, 13, 44, 102, 20, 0, 50.85%, 0, 0, 6, 895.23, 801999, 30
1479, 13, 38, 102, 20, 0, 50.85%, 0, 0, 6, 879.41, 806420, 30
1484, 13, 97, 102, 20, 0, 50.85%, 0, 0, 6, 828.40, 810673, 30
1489, 13, 50, 102, 19, 0, 50.85%, 0, 0, 6, 860.71, 814974, 30
1494, 13, 45, 102, 19, 0, 50.85%, 0, 0, 6, 854.78, 819250, 30
1499, 13, 50, 102, 19, 0, 50.85%, 0, 0, 6, 856.83, 823578, 30
1505, 13, 50, 102, 19, 0, 50.85%, 0, 0, 6, 882.83, 828048, 30
1510, 13, 44, 102, 19, 0, 50.85%, 0, 0, 6, 900.62, 832739, 30
1515, 13, 59, 102, 19, 0, 50.85%, 0, 0, 6, 895.00, 837193, 30
1520, 13, 45, 102, 19, 0, 50.85%, 0, 0, 6, 893.21, 841800, 30
1525, 14, 99, 102, 19, 0, 50.85%, 0, 0, 6, 763.23, 845660, 30
1530, 14, 44, 102, 18, 0, 50.85%, 0, 0, 6, 847.50, 849930, 30
1535, 14, 56, 102, 18, 0, 50.85%, 0, 0, 6, 871.49, 854454, 30
1537, 14, 50, 102, 18, 0, 50.85%, 1, 0, 6, 0.00, 855734, 30
