# relative_time, cycles_done, cur_item, corpus_count, pending_total, pending_favs, map_size, saved_crashes, saved_hangs, max_depth, execs_per_sec, total_execs, edges_found
62, 0, 0, 21, 21, 1, 33.33%, 0, 0, 2, 0.10, 2111, 23
93, 0, 0, 22, 22, 1, 34.78%, 0, 0, 2, 1.48, 2932, 24
98, 0, 0, 23, 23, 1, 34.78%, 0, 0, 2, 188.64, 3914, 24
121, 0, 0, 23, 23, 1, 34.78%, 0, 0, 2, 1.24, 4235, 24
126, 0, 0, 23, 23, 1, 34.78%, 0, 0, 2, 184.77, 5201, 24
151, 0, 0, 23, 23, 1, 34.78%, 0, 0, 2, 1.47, 5237, 24
156, 0, 0, 25, 25, 1, 36.23%, 0, 0, 2, 152.83, 6203, 25
177, 0, 0, 25, 25, 1, 36.23%, 0, 0, 2, 0.29, 6290, 25
182, 0, 0, 26, 26, 1, 36.23%, 0, 0, 2, 181.93, 7215, 25
203, 0, 0, 26, 26, 1, 36.23%, 0, 0, 2, 1.96, 7413, 25
208, 0, 0, 26, 26, 1, 36.23%, 0, 0, 2, 190.90, 8391, 25
230, 0, 0, 26, 26, 1, 36.23%, 0, 0, 2, 0.14, 8637, 25
235, 0, 0, 26, 26, 1, 36.23%, 0, 0, 2, 183.73, 9588, 25
259, 0, 0, 26, 26, 1, 36.23%, 0, 0, 2, 1.57, 9747, 25
264, 0, 0, 26, 26, 1, 36.23%, 0, 0, 2, 191.69, 10746, 25
286, 0, 0, 26, 26, 1, 36.23%, 0, 0, 2, 1.10, 11115, 25
291, 0, 0, 26, 26, 1, 36.23%, 0, 0, 2, 156.70, 12072, 25
306, 0, 0, 26, 26, 1, 36.23%, 0, 0, 2, 1.80, 12501, 25
320, 0, 0, 26, 26, 1, 36.23%, 0, 0, 2, 0.07, 12502, 25
325, 0, 0, 27, 27, 1, 37.68%, 0, 0, 2, 191.39, 13522, 26
351, 0, 0, 27, 27, 1, 37.68%, 0, 0, 2, 0.13, 13966, 26
356, 0, 0, 28, 28, 1, 39.13%, 0, 0, 2, 180.88, 14894, 27
382, 0, 0, 28, 28, 1, 39.13%, 0, 0, 2, 1.51, 15296, 27
387, 0, 0, 28, 28, 1, 39.13%, 0, 0, 2, 185.15, 16247, 27
400, 0, 0, 28, 28, 1, 39.13%, 0, 0, 2, 2.33, 16607, 27
406, 0, 0, 28, 28, 1, 39.13%, 0, 0, 2, 1.73, 16811, 27
419, 0, 0, 28, 28, 1, 39.13%, 0, 0, 2, 0.28, 16815, 27
425, 0, 0, 29, 29, 1, 39.13%, 0, 0, 2, 188.91, 17811, 27
445, 0, 0, 29, 29, 1, 39.13%, 0, 0, 2, 0.32, 18138, 27
450, 0, 0, 29, 29, 1, 39.13%, 0, 0, 2, 182.37, 19074, 27
471, 0, 0, 29, 29, 1, 39.13%, 0, 0, 2, 1.78, 19416, 27
476, 0, 0, 30, 30, 1, 39.13%, 0, 0, 2, 187.00, 20356, 27
488, 0, 0, 30, 30, 1, 39.13%, 0, 0, 2, 2.50, 20506, 27
505, 0, 0, 30, 30, 1, 39.13%, 0, 0, 2, 1.46, 21349, 27
510, 0, 0, 30, 30, 1, 39.13%, 0, 0, 2, 181.85, 22321, 27
526, 0, 0, 30, 30, 1, 39.13%, 0, 0, 2, 2.42, 22756, 27
531, 0, 0, 31, 31, 1, 40.58%, 0, 0, 2, 186.47, 23702, 28
540, 0, 8, 32, 30, 6, 40.58%, 0, 0, 2, 6.03, 24215, 28
548, 0, 8, 32, 30, 6, 40.58%, 0, 0, 2, 0.13, 24216, 28
553, 0, 30, 36, 30, 4, 42.03%, 0, 0, 3, 190.29, 25210, 29
562, 0, 19, 37, 29, 3, 42.03%, 0, 0, 3, 2.56, 25626, 29
576, 0, 21, 40, 30, 1, 42.03%, 0, 0, 3, 2.80, 26429, 29
581, 0, 33, 41, 30, 0, 42.03%, 0, 0, 4, 191.39, 27393, 29
589, 0, 33, 42, 31, 0, 42.03%, 0, 0, 4, 6.35, 27914, 29
596, 0, 31, 45, 34, 0, 42.03%, 0, 0, 4, 8.34, 28862, 29
601, 0, 31, 45, 34, 0, 42.03%, 0, 0, 4, 0.31, 28864, 29
606, 0, 43, 47, 33, 0, 42.03%, 0, 0, 4, 187.68, 29815, 29
613, 0, 43, 47, 33, 0, 42.03%, 0, 0, 4, 4.72, 30332, 29
618, 0, 21, 47, 33, 0, 42.03%, 0, 0, 4, 191.92, 31294, 29
629, 0, 33, 47, 33, 0, 42.03%, 0, 0, 4, 1.94, 31949, 29
634, 0, 33, 48, 34, 0, 42.03%, 0, 0, 4, 192.96, 32964, 29
649, 0, 27, 48, 33, 0, 42.03%, 0, 0, 4, 0.57, 33720, 29
654, 0, 26, 48, 33, 0, 42.03%, 0, 0, 4, 194.98, 34736, 29
660, 0, 35, 50, 35, 0, 42.03%, 0, 0, 4, 4.49, 35521, 29
665, 0, 19, 50, 35, 0, 42.03%, 0, 0, 4, 192.20, 36477, 29
673, 0, 26, 50, 35, 0, 42.03%, 0, 0, 4, 2.89, 36955, 29
678, 0, 27, 51, 34, 0, 42.03%, 0, 0, 4, 188.64, 37887, 29
683, 0, 50, 52, 35, 0, 42.03%, 0, 0, 4, 196.45, 38887, 29
688, 0, 19, 53, 36, 0, 42.03%, 0, 0, 4, 202.87, 39857, 29
694, 0, 2, 53, 36, 0, 42.03%, 0, 0, 4, 14.18, 40440, 29
699, 0, 38, 54, 36, 0, 42.03%, 0, 0, 4, 199.49, 41422, 29
704, 0, 50, 55, 35, 0, 42.03%, 0, 0, 5, 190.00, 42068, 29
709, 0, 50, 55, 35, 0, 42.03%, 0, 0, 5, 192.72, 43030, 29
714, 0, 27, 55, 35, 0, 42.03%, 0, 0, 5, 192.23, 43988, 29
719, 0, 12, 55, 35, 0, 42.03%, 0, 0, 5, 185.09, 44892, 29
724, 0, 26, 55, 34, 0, 42.03%, 0, 0, 5, 187.05, 45810, 29
729, 0, 48, 56, 35, 0, 42.03%, 0, 0, 5, 201.03, 46845, 29
734, 1, 20, 56, 35, 0, 42.03%, 0, 0, 5, 204.18, 47027, 29
739, 1, 56, 58, 35, 0, 42.03%, 0, 0, 5, 197.38, 48011, 29
745, 1, 47, 58, 34, 0, 42.03%, 0, 0, 5, 187.94, 48971, 29
750, 1, 33, 58, 32, 0, 42.03%, 0, 0, 5, 187.38, 49913, 29
755, 1, 58, 61, 34, 0, 42.03%, 0, 0, 5, 27.91, 50834, 29
760, 1, 55, 62, 33, 0, 42.03%, 0, 0, 5, 5.38, 51383, 29
765, 1, 36, 62, 31, 0, 42.03%, 0, 0, 5, 187.21, 52340, 29
770, 1, 29, 62, 29, 0, 42.03%, 0, 0, 5, 179.88, 53242, 29
775, 1, 18, 62, 28, 0, 42.03%, 0, 0, 5, 185.10, 54204, 29
780, 1, 26, 62, 27, 0, 42.03%, 0, 0, 5, 201.97, 55148, 29
787, 1, 19, 62, 26, 0, 42.03%, 0, 0, 5, 10.39, 55934, 29
792, 1, 48, 63, 25, 0, 42.03%, 0, 0, 5, 191.19, 56930, 29
797, 1, 54, 64, 24, 0, 42.03%, 0, 0, 5, 189.27, 57872, 29
802, 1, 47, 64, 22, 0, 42.03%, 0, 0, 5, 191.50, 58855, 29
807, 1, 20, 64, 22, 0, 42.03%, 0, 0, 5, 183.98, 59781, 29
814, 1, 52, 64, 22, 0, 42.03%, 0, 0, 5, 1.17, 60361, 29
819, 1, 22, 65, 20, 0, 42.03%, 0, 0, 5, 193.55, 61361, 29
825, 1, 33, 65, 19, 0, 42.03%, 0, 0, 5, 188.09, 62320, 29
830, 1, 33, 65, 18, 0, 42.03%, 0, 0, 5, 192.61, 63310, 29
835, 1, 33, 65, 18, 0, 42.03%, 0, 0, 5, 192.95, 64267, 29
840, 1, 9, 65, 18, 0, 42.03%, 0, 0, 5, 163.55, 65110, 29
845, 1, 61, 65, 17, 0, 42.03%, 0, 0, 5, 138.00, 65761, 29
850, 1, 50, 65, 16, 0, 42.03%, 0, 0, 5, 130.73, 66415, 29
855, 1, 36, 66, 16, 0, 42.03%, 0, 0, 5, 169.07, 67332, 29
860, 1, 17, 66, 15, 0, 42.03%, 0, 0, 5, 183.39, 68274, 29
865, 1, 64, 67, 14, 0, 42.03%, 0, 0, 5, 169.73, 69143, 29
870, 2, 50, 67, 13, 0, 42.03%, 0, 0, 5, 169.23, 69978, 29
876, 2, 48, 68, 13, 0, 42.03%, 0, 0, 5, 178.87, 70943, 29
881, 2, 41, 70, 15, 0, 42.03%, 0, 0, 5, 138.23, 71685, 29
886, 2, 61, 70, 14, 0, 42.03%, 0, 0, 5, 105.88, 72183, 29
891, 2, 19, 70, 14, 0, 42.03%, 0, 0, 5, 97.97, 72678, 29
896, 2, 26, 72, 16, 0, 42.03%, 0, 0, 5, 130.08, 73329, 29
901, 2, 48, 75, 19, 0, 42.03%, 0, 0, 5, 164.03, 74217, 29
906, 2, 40, 75, 19, 0, 42.03%, 0, 0, 5, 174.66, 75116, 29
912, 2, 21, 75, 19, 0, 42.03%, 0, 0, 5, 184.28, 76092, 29
917, 2, 50, 76, 20, 0, 42.03%, 0, 0, 5, 104.26, 76499, 29
922, 2, 46, 76, 19, 0, 42.03%, 0, 0, 5, 88.94, 76936, 29
927, 2, 46, 76, 19, 0, 42.03%, 0, 0, 5, 89.02, 77376, 29
932, 2, 42, 76, 19, 0, 42.03%, 0, 0, 5, 86.44, 77809, 29
937, 2, 46, 76, 19, 0, 42.03%, 0, 0, 5, 83.16, 78224, 29
942, 2, 46, 76, 19, 0, 42.03%, 0, 0, 5, 150.14, 79082, 29
947, 2, 20, 76, 19, 0, 42.03%, 0, 0, 5, 172.56, 80003, 29
952, 2, 42, 78, 21, 0, 42.03%, 0, 0, 5, 184.20, 80968, 29
958, 2, 46, 78, 21, 0, 42.03%, 0, 0, 5, 181.39, 81828, 29
963, 2, 20, 78, 21, 0, 42.03%, 0, 0, 5, 185.15, 82774, 29
968, 2, 76, 78, 21, 0, 42.03%, 0, 0, 5, 184.75, 83743, 29
973, 2, 76, 78, 21, 0, 42.03%, 0, 0, 5, 183.98, 84667, 29
978, 2, 76, 79, 22, 0, 42.03%, 0, 0, 6, 175.42, 85548, 29
983, 2, 46, 79, 21, 0, 42.03%, 0, 0, 6, 183.45, 86515, 29
988, 2, 46, 79, 21, 0, 42.03%, 0, 0, 6, 181.23, 87467, 29
993, 2, 20, 79, 21, 0, 42.03%, 0, 0, 6, 185.81, 88436, 29
999, 2, 46, 79, 21, 0, 42.03%, 0, 0, 6, 177.14, 89357, 29
1004, 2, 20, 79, 21, 0, 42.03%, 0, 0, 6, 181.77, 90314, 29
1009, 2, 46, 79, 21, 0, 42.03%, 0, 0, 6, 190.04, 91310, 29
1014, 2, 22, 79, 21, 0, 42.03%, 0, 0, 6, 188.31, 92247, 29
1019, 2, 46, 79, 21, 0, 42.03%, 0, 0, 6, 186.25, 93206, 29
1024, 2, 48, 79, 21, 0, 42.03%, 0, 0, 6, 187.59, 94147, 29
1029, 2, 41, 80, 22, 0, 42.03%, 0, 0, 6, 191.03, 95130, 29
1034, 2, 40, 81, 23, 0, 42.03%, 0, 0, 6, 191.70, 96085, 29
1040, 2, 46, 82, 24, 0, 42.03%, 0, 0, 6, 188.31, 97061, 29
1045, 2, 40, 82, 24, 0, 42.03%, 0, 0, 6, 191.66, 98017, 29
1050, 3, 46, 82, 24, 0, 42.03%, 0, 0, 6, 191.92, 98926, 29
1055, 3, 46, 82, 24, 0, 42.03%, 0, 0, 6, 191.71, 99884, 29
1060, 3, 46, 83, 25, 0, 42.03%, 0, 0, 6, 196.22, 100890, 29
1065, 3, 20, 83, 25, 0, 42.03%, 0, 0, 6, 190.19, 101857, 29
1070, 3, 20, 83, 25, 0, 42.03%, 0, 0, 6, 189.74, 102825, 29
1075, 3, 20, 83, 25, 0, 42.03%, 0, 0, 6, 192.22, 103786, 29
1080, 3, 20, 83, 25, 0, 42.03%, 0, 0, 6, 182.12, 104698, 29
1085, 3, 48, 83, 25, 0, 42.03%, 0, 0, 6, 185.92, 105646, 29
1090, 3, 46, 83, 25, 0, 42.03%, 0, 0, 6, 177.20, 106573, 29
1096, 3, 20, 83, 25, 0, 42.03%, 0, 0, 6, 174.78, 107431, 29
1101, 3, 20, 83, 24, 0, 42.03%, 0, 0, 6, 170.28, 108286, 29
1106, 3, 80, 83, 24, 0, 42.03%, 0, 0, 6, 174.75, 109186, 29
1111, 3, 46, 83, 23, 0, 42.03%, 0, 0, 6, 176.06, 110042, 29
1116, 3, 46, 83, 23, 0, 42.03%, 0, 0, 6, 172.67, 110885, 29
1121, 3, 50, 83, 23, 0, 42.03%, 0, 0, 6, 174.46, 111789, 29
1126, 3, 40, 83, 23, 0, 42.03%, 0, 0, 6, 166.15, 112649, 29
1131, 3, 46, 84, 24, 0, 42.03%, 0, 0, 6, 161.52, 113440, 29
1136, 3, 46, 84, 24, 0, 42.03%, 0, 0, 6, 187.89, 114423, 29
1141, 3, 46, 84, 24, 0, 42.03%, 0, 0, 6, 193.35, 115378, 29
1146, 3, 46, 84, 24, 0, 42.03%, 0, 0, 6, 193.46, 116371, 29
1152, 3, 20, 84, 23, 0, 42.03%, 0, 0, 6, 192.24, 117324, 29
1157, 3, 20, 84, 23, 0, 42.03%, 0, 0, 6, 188.28, 118309, 29
1162, 3, 21, 84, 23, 0, 42.03%, 0, 0, 6, 189.91, 119254, 29
1167, 3, 46, 84, 23, 0, 42.03%, 0, 0, 6, 191.59, 120199, 29
1172, 3, 20, 84, 23, 0, 42.03%, 0, 0, 6, 182.10, 121150, 29
1177, 3, 21, 84, 23, 0, 42.03%, 0, 0, 6, 172.42, 122065, 29
1182, 4, 19, 84, 23, 0, 42.03%, 0, 0, 6, 173.38, 122980, 29
1188, 4, 41, 85, 24, 0, 42.03%, 0, 0, 6, 185.18, 123933, 29
1193, 4, 46, 85, 24, 0, 42.03%, 0, 0, 6, 188.16, 124871, 29
1198, 4, 20, 85, 23, 0, 42.03%, 0, 0, 6, 188.66, 125842, 29
1203, 4, 50, 86, 24, 0, 42.03%, 0, 0, 6, 187.99, 126826, 29
1208, 4, 41, 86, 24, 0, 42.03%, 0, 0, 6, 180.70, 127787, 29
1213, 4, 19, 86, 24, 0, 42.03%, 0, 0, 6, 178.29, 128690, 29
1218, 4, 48, 86, 24, 0, 42.03%, 0, 0, 6, 185.29, 129642, 29
1223, 4, 20, 87, 25, 0, 42.03%, 0, 0, 6, 187.32, 130566, 29
1228, 4, 19, 87, 25, 0, 42.03%, 0, 0, 6, 185.05, 131491, 29
1233, 4, 48, 87, 25, 0, 42.03%, 0, 0, 6, 174.25, 132251, 29
1239, 4, 86, 88, 26, 0, 42.03%, 0, 0, 6, 172.58, 133189, 29
1244, 4, 19, 88, 25, 0, 42.03%, 0, 0, 6, 176.94, 134116, 29
1249, 4, 46, 88, 25, 0, 42.03%, 0, 0, 6, 186.82, 135091, 29
1254, 4, 46, 88, 25, 0, 42.03%, 0, 0, 6, 189.09, 136037, 29
1259, 4, 46, 88, 25, 0, 42.03%, 0, 0, 6, 189.15, 136989, 29
1264, 4, 40, 88, 25, 0, 42.03%, 0, 0, 6, 188.64, 137973, 29
1269, 4, 46, 88, 25, 0, 42.03%, 0, 0, 6, 185.22, 138927, 29
1274, 4, 46, 88, 25, 0, 42.03%, 0, 0, 6, 191.26, 139927, 29
1279, 4, 41, 88, 25, 0, 42.03%, 0, 0, 6, 191.40, 140875, 29
1284, 4, 40, 88, 25, 0, 42.03%, 0, 0, 6, 162.32, 141657, 29
1290, 4, 19, 88, 25, 0, 42.03%, 0, 0, 6, 171.49, 142512, 29
1295, 4, 46, 88, 25, 0, 42.03%, 0, 0, 6, 187.56, 143510, 29
1300, 4, 20, 88, 25, 0, 42.03%, 0, 0, 6, 197.41, 144537, 29
1305, 4, 46, 88, 25, 0, 42.03%, 0, 0, 6, 190.03, 145488, 29
1310, 4, 48, 88, 25, 0, 42.03%, 0, 0, 6, 192.62, 146492, 29
1315, 4, 20, 89, 26, 0, 42.03%, 0, 0, 6, 194.75, 147450, 29
1320, 4, 42, 89, 26, 0, 42.03%, 0, 0, 6, 191.79, 148421, 29
1325, 4, 46, 89, 26, 0, 42.03%, 0, 0, 6, 179.03, 149274, 29
1331, 4, 46, 89, 26, 0, 42.03%, 0, 0, 6, 185.23, 150216, 29
1336, 5, 48, 89, 26, 0, 42.03%, 0, 0, 6, 190.00, 151165, 29
1341, 5, 39, 89, 26, 0, 42.03%, 0, 0, 6, 196.22, 152169, 29
1346, 5, 46, 89, 26, 0, 42.03%, 0, 0, 6, 188.95, 153115, 29
1351, 5, 46, 89, 26, 0, 42.03%, 0, 0, 6, 188.70, 154039, 29
1356, 5, 46, 89, 25, 0, 42.03%, 0, 0, 6, 189.28, 155012, 29
1361, 5, 46, 89, 25, 0, 42.03%, 0, 0, 6, 189.46, 155990, 29
1366, 5, 46, 89, 25, 0, 42.03%, 0, 0, 6, 186.55, 156927, 29
1371, 5, 46, 89, 25, 0, 42.03%, 0, 0, 6, 188.14, 157862, 29
1377, 5, 42, 89, 25, 0, 42.03%, 0, 0, 6, 189.05, 158834, 29
1382, 5, 20, 89, 25, 0, 42.03%, 0, 0, 6, 186.37, 159756, 29
1387, 5, 46, 89, 25, 0, 42.03%, 0, 0, 6, 186.17, 160706, 29
1392, 5, 48, 89, 25, 0, 42.03%, 0, 0, 6, 182.32, 161650, 29
1397, 5, 19, 89, 25, 0, 42.03%, 0, 0, 6, 155.10, 162419, 29
1402, 5, 19, 89, 25, 0, 42.03%, 0, 0, 6, 158.59, 163266, 29
1407, 5, 40, 89, 25, 0, 42.03%, 0, 0, 6, 174.76, 164183, 29
1412, 5, 46, 90, 26, 0, 42.03%, 0, 0, 6, 181.30, 165117, 29
1418, 5, 50, 90, 26, 0, 42.03%, 0, 0, 6, 192.16, 166149, 29
1423, 5, 20, 90, 26, 0, 42.03%, 0, 0, 6, 191.20, 167136, 29
1428, 5, 46, 90, 26, 0, 42.03%, 0, 0, 6, 178.85, 168072, 29
1433, 5, 46, 90, 26, 0, 42.03%, 0, 0, 6, 169.25, 168909, 29
1438, 5, 20, 90, 26, 0, 42.03%, 0, 0, 6, 176.35, 169788, 29
1443, 5, 41, 90, 26, 0, 42.03%, 0, 0, 6, 174.88, 170679, 29
1448, 5, 46, 90, 26, 0, 42.03%, 0, 0, 6, 168.01, 171537, 29
1453, 5, 48, 90, 26, 0, 42.03%, 0, 0, 6, 168.60, 172397, 29
1458, 5, 46, 90, 26, 0, 42.03%, 0, 0, 6, 180.96, 173282, 29
1463, 5, 42, 90, 26, 0, 42.03%, 0, 0, 6, 181.01, 174230, 29
1469, 5, 20, 91, 27, 0, 42.03%, 0, 0, 6, 189.28, 175217, 29
1474, 5, 72, 91, 27, 0, 42.03%, 0, 0, 6, 183.26, 176147, 29
1479, 5, 72, 91, 27, 0, 42.03%, 0, 0, 6, 192.85, 177145, 29
1484, 5, 46, 91, 26, 0, 42.03%, 0, 0, 6, 188.14, 178106, 29
1489, 6, 41, 91, 26, 0, 42.03%, 0, 0, 6, 191.98, 179089, 29
1495, 6, 46, 91, 26, 0, 42.03%, 0, 0, 6, 185.66, 179998, 29
1500, 6, 19, 91, 26, 0, 42.03%, 0, 0, 6, 165.72, 180817, 29
1505, 6, 46, 91, 26, 0, 42.03%, 0, 0, 6, 166.64, 181642, 29
1510, 6, 42, 91, 26, 0, 42.03%, 0, 0, 6, 169.75, 182517, 29
1515, 6, 20, 91, 26, 0, 42.03%, 0, 0, 6, 186.17, 183477, 29
1520, 6, 19, 91, 26, 0, 42.03%, 0, 0, 6, 177.11, 184418, 29
1525, 6, 20, 91, 26, 0, 42.03%, 0, 0, 6, 179.84, 185355, 29
1530, 6, 41, 91, 25, 0, 42.03%, 0, 0, 6, 185.33, 186291, 29
1535, 6, 48, 91, 25, 0, 42.03%, 0, 0, 6, 188.83, 187270, 29
1541, 6, 20, 91, 25, 0, 42.03%, 0, 0, 6, 177.15, 188135, 29
1546, 6, 20, 91, 25, 0, 42.03%, 0, 0, 6, 180.20, 189066, 29
1551, 6, 46, 91, 25, 0, 42.03%, 0, 0, 6, 186.09, 190011, 29
1556, 6, 20, 91, 25, 0, 42.03%, 0, 0, 6, 188.34, 190979, 29
1561, 6, 20, 91, 25, 0, 42.03%, 0, 0, 6, 184.32, 191924, 29
1566, 6, 41, 91, 25, 0, 42.03%, 0, 0, 6, 181.26, 192824, 29
1571, 6, 19, 91, 25, 0, 42.03%, 0, 0, 6, 175.28, 193664, 29
1576, 6, 41, 91, 25, 0, 42.03%, 0, 0, 6, 184.99, 194631, 29
1581, 6, 57, 91, 25, 0, 42.03%, 0, 0, 6, 180.76, 195536, 29
1586, 6, 46, 91, 23, 0, 42.03%, 0, 0, 6, 186.67, 196468, 29
1592, 6, 46, 91, 23, 0, 42.03%, 0, 0, 6, 189.73, 197441, 29
1597, 6, 48, 91, 23, 0, 42.03%, 0, 0, 6, 184.39, 198389, 29
1602, 6, 20, 91, 23, 0, 42.03%, 0, 0, 6, 184.81, 199313, 29
1607, 6, 46, 91, 23, 0, 42.03%, 0, 0, 6, 171.91, 200214, 29
1612, 6, 41, 91, 23, 0, 42.03%, 0, 0, 6, 173.03, 201099, 29
1617, 6, 81, 91, 23, 0, 42.03%, 0, 0, 6, 178.27, 202014, 29
1622, 6, 81, 91, 23, 0, 42.03%, 0, 0, 6, 175.34, 202896, 29
1627, 6, 46, 91, 22, 0, 42.03%, 0, 0, 6, 176.27, 203811, 29
1633, 6, 48, 91, 22, 0, 42.03%, 0, 0, 6, 155.68, 204618, 29
1638, 6, 46, 91, 22, 0, 42.03%, 0, 0, 6, 150.67, 205405, 29
1643, 7, 41, 91, 22, 0, 42.03%, 0, 0, 6, 152.51, 206168, 29
1648, 7, 19, 91, 22, 0, 42.03%, 0, 0, 6, 171.72, 207048, 29
1653, 7, 46, 91, 22, 0, 42.03%, 0, 0, 6, 178.25, 207978, 29
1658, 7, 40, 91, 22, 0, 42.03%, 0, 0, 6, 185.36, 208949, 29
1663, 7, 20, 91, 22, 0, 42.03%, 0, 0, 6, 182.23, 209872, 29
1668, 7, 21, 91, 22, 0, 42.03%, 0, 0, 6, 171.40, 210723, 29
1673, 7, 20, 91, 22, 0, 42.03%, 0, 0, 6, 179.49, 211660, 29
1679, 7, 46, 91, 22, 0, 42.03%, 0, 0, 6, 177.02, 212580, 29
1684, 7, 20, 91, 22, 0, 42.03%, 0, 0, 6, 175.49, 213451, 29
1689, 7, 50, 91, 22, 0, 42.03%, 0, 0, 6, 186.69, 214423, 29
1694, 7, 46, 91, 22, 0, 42.03%, 0, 0, 6, 187.51, 215366, 29
1699, 7, 19, 91, 22, 0, 42.03%, 0, 0, 6, 178.79, 216269, 29
1704, 7, 20, 91, 22, 0, 42.03%, 0, 0, 6, 169.63, 217145, 29
1709, 7, 64, 91, 22, 0, 42.03%, 0, 0, 6, 182.41, 218102, 29
1714, 7, 19, 91, 22, 0, 42.03%, 0, 0, 6, 178.49, 218995, 29
1719, 7, 50, 91, 22, 0, 42.03%, 0, 0, 6, 185.46, 219954, 29
1724, 7, 40, 91, 22, 0, 42.03%, 0, 0, 6, 183.48, 220861, 29
1730, 7, 20, 91, 22, 0, 42.03%, 0, 0, 6, 188.31, 221837, 29
1735, 7, 48, 92, 23, 0, 42.03%, 0, 0, 6, 182.97, 222755, 29
1740, 7, 46, 92, 23, 0, 42.03%, 0, 0, 6, 177.81, 223655, 29
1745, 7, 50, 92, 23, 0, 42.03%, 0, 0, 6, 182.80, 224603, 29
1750, 7, 20, 92, 23, 0, 42.03%, 0, 0, 6, 184.83, 225554, 29
1755, 7, 48, 92, 23, 0, 42.03%, 0, 0, 6, 188.36, 226497, 29
1760, 7, 20, 92, 23, 0, 42.03%, 0, 0, 6, 178.82, 227450, 29
1765, 7, 20, 93, 24, 0, 42.03%, 0, 0, 6, 184.69, 228398, 29
1771, 7, 46, 93, 24, 0, 42.03%, 0, 0, 6, 173.66, 229286, 29
1776, 7, 46, 93, 24, 0, 42.03%, 0, 0, 6, 169.10, 230123, 29
1781, 7, 48, 93, 24, 0, 42.03%, 0, 0, 6, 182.62, 231086, 29
1786, 7, 46, 93, 24, 0, 42.03%, 0, 0, 6, 180.55, 231999, 29
1791, 8, 46, 93, 24, 0, 42.03%, 0, 0, 6, 173.61, 232850, 29
1796, 8, 46, 93, 24, 0, 42.03%, 0, 0, 6, 174.32, 233711, 29
1801, 8, 42, 93, 24, 0, 42.03%, 0, 0, 6, 182.33, 234674, 29
1806, 8, 46, 93, 24, 0, 42.03%, 0, 0, 6, 182.35, 235628, 29
1812, 8, 46, 93, 24, 0, 42.03%, 0, 0, 6, 190.46, 236612, 29
1817, 8, 46, 93, 24, 0, 42.03%, 0, 0, 6, 186.53, 237560, 29
1822, 8, 74, 93, 24, 0, 42.03%, 0, 0, 6, 176.90, 238394, 29
1827, 8, 74, 93, 24, 0, 42.03%, 0, 0, 6, 180.28, 239309, 29
1832, 8, 74, 93, 24, 0, 42.03%, 0, 0, 6, 146.34, 240019, 29
1837, 8, 46, 93, 23, 0, 42.03%, 0, 0, 6, 132.48, 240697, 29
1842, 8, 46, 93, 23, 0, 42.03%, 0, 0, 6, 153.88, 241478, 29
1847, 8, 46, 93, 23, 0, 42.03%, 0, 0, 6, 159.86, 242302, 29
1852, 8, 46, 93, 23, 0, 42.03%, 0, 0, 6, 158.05, 243095, 29
1857, 8, 46, 93, 23, 0, 42.03%, 0, 0, 6, 170.55, 243977, 29
1862, 8, 20, 93, 23, 0, 42.03%, 0, 0, 6, 174.62, 244880, 29
1868, 8, 46, 93, 23, 0, 42.03%, 0, 0, 6, 183.15, 245846, 29
1873, 8, 48, 93, 23, 0, 42.03%, 0, 0, 6, 177.10, 246761, 29
1878, 8, 50, 93, 23, 0, 42.03%, 0, 0, 6, 178.97, 247712, 29
1883, 8, 46, 93, 23, 0, 42.03%, 0, 0, 6, 179.91, 248609, 29
1888, 8, 48, 93, 23, 0, 42.03%, 0, 0, 6, 184.74, 249573, 29
1893, 8, 41, 93, 23, 0, 42.03%, 0, 0, 6, 178.53, 250465, 29
1898, 8, 41, 93, 23, 0, 42.03%, 0, 0, 6, 173.50, 251375, 29
1904, 8, 50, 93, 23, 0, 42.03%, 0, 0, 6, 179.85, 252313, 29
1909, 8, 79, 94, 24, 0, 42.03%, 0, 0, 6, 185.62, 253277, 29
1914, 8, 48, 94, 23, 0, 42.03%, 0, 0, 6, 182.81, 254195, 29
1919, 8, 42, 94, 23, 0, 42.03%, 0, 0, 6, 181.32, 255127, 29
1924, 8, 46, 94, 23, 0, 42.03%, 0, 0, 6, 182.99, 256075, 29
1929, 8, 46, 94, 23, 0, 42.03%, 0, 0, 6, 185.45, 257040, 29
1935, 8, 50, 94, 23, 0, 42.03%, 0, 0, 6, 180.65, 257949, 29
1940, 8, 19, 94, 23, 0, 42.03%, 0, 0, 6, 176.83, 258837, 29
1945, 8, 40, 94, 23, 0, 42.03%, 0, 0, 6, 173.98, 259738, 29
1950, 8, 41, 94, 23, 0, 42.03%, 0, 0, 6, 178.64, 260666, 29
1955, 9, 19, 94, 23, 0, 42.03%, 0, 0, 6, 177.26, 261552, 29
1960, 9, 46, 94, 23, 0, 42.03%, 0, 0, 6, 179.51, 262474, 29
1965, 9, 82, 94, 23, 0, 42.03%, 0, 0, 6, 172.13, 263370, 29
1970, 9, 82, 94, 23, 0, 42.03%, 0, 0, 6, 165.94, 264201, 29
1976, 9, 82, 94, 23, 0, 42.03%, 0, 0, 6, 165.37, 265029, 29
1981, 9, 46, 94, 22, 0, 42.03%, 0, 0, 6, 170.06, 265897, 29
1986, 9, 48, 94, 22, 0, 42.03%, 0, 0, 6, 118.53, 266462, 29
1991, 9, 48, 94, 22, 0, 42.03%, 0, 0, 6, 101.46, 266952, 29
1996, 9, 46, 94, 22, 0, 42.03%, 0, 0, 6, 98.21, 267446, 29
2001, 9, 46, 94, 22, 0, 42.03%, 0, 0, 6, 98.79, 267941, 29
2006, 9, 46, 94, 22, 0, 42.03%, 0, 0, 6, 161.61, 268845, 29
2011, 9, 46, 94, 22, 0, 42.03%, 0, 0, 6, 166.99, 269727, 29
2016, 9, 40, 94, 22, 0, 42.03%, 0, 0, 6, 172.59, 270592, 29
2021, 9, 46, 94, 22, 0, 42.03%, 0, 0, 6, 183.60, 271508, 29
2027, 9, 21, 94, 22, 0, 42.03%, 0, 0, 6, 186.99, 272456, 29
2032, 9, 46, 94, 22, 0, 42.03%, 0, 0, 6, 185.34, 273389, 29
2037, 9, 19, 94, 22, 0, 42.03%, 0, 0, 6, 178.45, 274263, 29
2042, 9, 20, 94, 22, 0, 42.03%, 0, 0, 6, 180.35, 275184, 29
2047, 9, 84, 94, 22, 0, 42.03%, 0, 0, 6, 176.80, 276057, 29
2052, 9, 46, 94, 21, 0, 42.03%, 0, 0, 6, 163.56, 276929, 29
2057, 9, 19, 94, 21, 0, 42.03%, 0, 0, 6, 144.25, 277657, 29
2062, 9, 46, 94, 21, 0, 42.03%, 0, 0, 6, 160.56, 278477, 29
2067, 9, 46, 94, 21, 0, 42.03%, 0, 0, 6, 182.25, 279434, 29
2073, 9, 21, 94, 21, 0, 42.03%, 0, 0, 6, 180.67, 280363, 29
2078, 9, 46, 94, 21, 0, 42.03%, 0, 0, 6, 184.26, 281333, 29
2083, 9, 46, 94, 21, 0, 42.03%, 0, 0, 6, 182.62, 282254, 29
2088, 9, 46, 94, 21, 0, 42.03%, 0, 0, 6, 184.11, 283205, 29
2093, 9, 20, 94, 21, 0, 42.03%, 0, 0, 6, 176.85, 284121, 29
2099, 9, 46, 94, 21, 0, 42.03%, 0, 0, 6, 174.76, 285042, 29
2104, 9, 46, 94, 21, 0, 42.03%, 0, 0, 6, 179.32, 285988, 29
2109, 9, 20, 94, 21, 0, 42.03%, 0, 0, 6, 183.25, 286936, 29
2114, 9, 20, 94, 21, 0, 42.03%, 0, 0, 6, 174.00, 287800, 29
2119, 9, 20, 94, 21, 0, 42.03%, 0, 0, 6, 152.93, 288573, 29
2124, 9, 48, 94, 21, 0, 42.03%, 0, 0, 6, 146.27, 289333, 29
2129, 9, 46, 94, 20, 0, 42.03%, 0, 0, 6, 160.10, 290141, 29
2134, 10, 46, 94, 20, 0, 42.03%, 0, 0, 6, 177.61, 291080, 29
2140, 10, 46, 94, 20, 0, 42.03%, 0, 0, 6, 186.11, 292046, 29
2145, 10, 20, 94, 20, 0, 42.03%, 0, 0, 6, 187.37, 293000, 29
2150, 10, 20, 94, 20, 0, 42.03%, 0, 0, 6, 183.67, 293945, 29
2155, 10, 46, 94, 20, 0, 42.03%, 0, 0, 6, 171.13, 294826, 29
2160, 10, 41, 94, 20, 0, 42.03%, 0, 0, 6, 184.18, 295795, 29
2165, 10, 41, 94, 20, 0, 42.03%, 0, 0, 6, 184.24, 296714, 29
2170, 10, 46, 94, 20, 0, 42.03%, 0, 0, 6, 182.65, 297655, 29
2176, 10, 46, 94, 20, 0, 42.03%, 0, 0, 6, 187.28, 298643, 29
2181, 10, 20, 94, 20, 0, 42.03%, 0, 0, 6, 177.06, 299538, 29
2186, 10, 21, 94, 20, 0, 42.03%, 0, 0, 6, 179.46, 300444, 29
2191, 10, 19, 94, 20, 0, 42.03%, 0, 0, 6, 187.91, 301415, 29
2196, 10, 50, 94, 20, 0, 42.03%, 0, 0, 6, 185.48, 302334, 29
2201, 10, 50, 94, 20, 0, 42.03%, 0, 0, 6, 189.45, 303303, 29
2206, 10, 46, 94, 20, 0, 42.03%, 0, 0, 6, 178.47, 304212, 29
2212, 10, 19, 94, 20, 0, 42.03%, 0, 0, 6, 177.83, 305128, 29
2217, 10, 40, 94, 20, 0, 42.03%, 0, 0, 6, 178.55, 306047, 29
2222, 10, 41, 94, 20, 0, 42.03%, 0, 0, 6, 180.39, 306992, 29
2227, 10, 46, 94, 20, 0, 42.03%, 0, 0, 6, 183.41, 307942, 29
2232, 10, 20, 94, 20, 0, 42.03%, 0, 0, 6, 181.79, 308862, 29
2237, 10, 46, 94, 20, 0, 42.03%, 0, 0, 6, 179.81, 309795, 29
2242, 10, 46, 94, 20, 0, 42.03%, 0, 0, 6, 172.06, 310661, 29
2248, 10, 48, 94, 20, 0, 42.03%, 0, 0, 6, 174.23, 311587, 29
2253, 10, 46, 94, 20, 0, 42.03%, 0, 0, 6, 185.20, 312549, 29
2258, 10, 41, 94, 20, 0, 42.03%, 0, 0, 6, 181.71, 313495, 29
2263, 10, 46, 94, 20, 0, 42.03%, 0, 0, 6, 165.33, 314352, 29
2268, 10, 46, 94, 20, 0, 42.03%, 0, 0, 6, 157.20, 315136, 29
2273, 10, 21, 94, 20, 0, 42.03%, 0, 0, 6, 168.17, 315969, 29
2278, 10, 71, 94, 20, 0, 42.03%, 0, 0, 6, 173.23, 316854, 29
2283, 10, 46, 94, 19, 0, 42.03%, 0, 0, 6, 181.12, 317792, 29
2288, 11, 40, 94, 19, 0, 42.03%, 0, 0, 6, 173.38, 318647, 29
2293, 11, 20, 94, 19, 0, 42.03%, 0, 0, 6, 175.83, 319538, 29
2298, 11, 50, 94, 19, 0, 42.03%, 0, 0, 6, 175.73, 320417, 29
2303, 11, 46, 94, 19, 0, 42.03%, 0, 0, 6, 186.61, 321401, 29
2309, 11, 46, 94, 19, 0, 42.03%, 0, 0, 6, 183.04, 322352, 29
2314, 11, 48, 94, 19, 0, 42.03%, 0, 0, 6, 177.14, 323271, 29
2319, 11, 90, 94, 19, 0, 42.03%, 0, 0, 6, 181.62, 324173, 29
2324, 11, 46, 94, 18, 0, 42.03%, 0, 0, 6, 186.73, 325099, 29
2329, 11, 46, 94, 18, 0, 42.03%, 0, 0, 6, 179.77, 326004, 29
2334, 11, 48, 94, 18, 0, 42.03%, 0, 0, 6, 179.81, 326889, 29
2339, 11, 14, 94, 18, 0, 42.03%, 0, 0, 6, 176.79, 327801, 29
2344, 11, 20, 94, 18, 0, 42.03%, 0, 0, 6, 183.24, 328762, 29
2350, 11, 41, 94, 18, 0, 42.03%, 0, 0, 6, 176.39, 329643, 29
2355, 11, 46, 94, 18, 0, 42.03%, 0, 0, 6, 181.03, 330545, 29
2360, 11, 20, 94, 18, 0, 42.03%, 0, 0, 6, 184.72, 331475, 29
2365, 11, 46, 94, 18, 0, 42.03%, 0, 0, 6, 178.63, 332363, 29
2370, 11, 46, 94, 18, 0, 42.03%, 0, 0, 6, 171.43, 333222, 29
2375, 11, 19, 94, 18, 0, 42.03%, 0, 0, 6, 180.35, 334180, 29
2380, 11, 20, 94, 18, 0, 42.03%, 0, 0, 6, 175.29, 335071, 29
2385, 11, 20, 94, 18, 0, 42.03%, 0, 0, 6, 181.03, 336025, 29
2390, 11, 48, 94, 18, 0, 42.03%, 0, 0, 6, 183.12, 336960, 29
2395, 11, 46, 94, 18, 0, 42.03%, 0, 0, 6, 185.48, 337914, 29
2400, 11, 20, 94, 18, 0, 42.03%, 0, 0, 6, 180.70, 338810, 29
2405, 11, 21, 94, 18, 0, 42.03%, 0, 0, 6, 174.76, 339692, 29
2411, 11, 48, 94, 18, 0, 42.03%, 0, 0, 6, 178.64, 340595, 29
2416, 11, 46, 94, 18, 0, 42.03%, 0, 0, 6, 183.02, 341519, 29
2421, 11, 20, 94, 18, 0, 42.03%, 0, 0, 6, 185.43, 342476, 29
2426, 11, 50, 94, 18, 0, 42.03%, 0, 0, 6, 168.50, 343323, 29
2431, 11, 20, 94, 18, 0, 42.03%, 0, 0, 6, 176.01, 344202, 29
2436, 11, 20, 94, 18, 0, 42.03%, 0, 0, 6, 173.99, 345096, 29
2441, 11, 19, 94, 18, 0, 42.03%, 0, 0, 6, 176.75, 345975, 29
2446, 12, 46, 94, 18, 0, 42.03%, 0, 0, 6, 179.80, 346913, 29
2452, 12, 73, 94, 18, 0, 42.03%, 0, 0, 6, 170.77, 347784, 29
2457, 12, 73, 94, 18, 0, 42.03%, 0, 0, 6, 171.68, 348648, 29
2462, 12, 48, 94, 17, 0, 42.03%, 0, 0, 6, 174.29, 349562, 29
2467, 12, 19, 94, 17, 0, 42.03%, 0, 0, 6, 166.43, 350410, 29
2472, 12, 41, 94, 16, 0, 42.03%, 0, 0, 6, 171.61, 351313, 29
2477, 12, 46, 94, 16, 0, 42.03%, 0, 0, 6, 180.35, 352234, 29
2482, 12, 40, 94, 16, 0, 42.03%, 0, 0, 6, 181.68, 353164, 29
2487, 12, 20, 94, 16, 0, 42.03%, 0, 0, 6, 181.12, 354094, 29
2492, 12, 20, 94, 16, 0, 42.03%, 0, 0, 6, 185.23, 355025, 29
2498, 12, 46, 94, 16, 0, 42.03%, 0, 0, 6, 178.12, 355945, 29
2503, 12, 46, 94, 16, 0, 42.03%, 0, 0, 6, 180.58, 356824, 29
2508, 12, 41, 94, 16, 0, 42.03%, 0, 0, 6, 185.97, 357754, 29
2513, 12, 46, 94, 16, 0, 42.03%, 0, 0, 6, 178.98, 358667, 29
2518, 12, 19, 94, 16, 0, 42.03%, 0, 0, 6, 179.40, 359600, 29
2523, 12, 46, 94, 16, 0, 42.03%, 0, 0, 6, 165.30, 360458, 29
2528, 12, 40, 94, 16, 0, 42.03%, 0, 0, 6, 155.14, 361251, 29
2534, 12, 20, 94, 16, 0, 42.03%, 0, 0, 6, 180.62, 362228, 29
2539, 12, 21, 94, 16, 0, 42.03%, 0, 0, 6, 179.54, 363149, 29
2544, 12, 46, 94, 16, 0, 42.03%, 0, 0, 6, 184.62, 364062, 29
2549, 12, 19, 94, 16, 0, 42.03%, 0, 0, 6, 178.34, 364984, 29
2554, 12, 46, 94, 16, 0, 42.03%, 0, 0, 6, 180.73, 365899, 29
2559, 12, 46, 94, 16, 0, 42.03%, 0, 0, 6, 181.28, 366816, 29
2564, 12, 50, 94, 16, 0, 42.03%, 0, 0, 6, 185.35, 367781, 29
2569, 12, 46, 94, 16, 0, 42.03%, 0, 0, 6, 187.71, 368758, 29
2575, 12, 46, 94, 16, 0, 42.03%, 0, 0, 6, 185.56, 369701, 29
2580, 12, 46, 94, 16, 0, 42.03%, 0, 0, 6, 187.75, 370631, 29
2585, 12, 42, 94, 16, 0, 42.03%, 0, 0, 6, 178.12, 371522, 29
2590, 12, 46, 94, 16, 0, 42.03%, 0, 0, 6, 172.60, 372416, 29
2595, 12, 41, 94, 16, 0, 42.03%, 0, 0, 6, 176.08, 373352, 29
2600, 13, 46, 94, 16, 0, 42.03%, 0, 0, 6, 182.01, 374308, 29
2605, 13, 46, 94, 16, 0, 42.03%, 0, 0, 6, 176.57, 375196, 29
2610, 13, 21, 94, 16, 0, 42.03%, 0, 0, 6, 178.76, 376136, 29
2615, 13, 20, 94, 16, 0, 42.03%, 0, 0, 6, 177.85, 377038, 29
2620, 13, 20, 94, 16, 0, 42.03%, 0, 0, 6, 176.00, 377921, 29
2626, 13, 46, 94, 16, 0, 42.03%, 0, 0, 6, 183.33, 378882, 29
2631, 13, 19, 94, 16, 0, 42.03%, 0, 0, 6, 176.74, 379768, 29
2636, 13, 46, 94, 16, 0, 42.03%, 0, 0, 6, 178.45, 380692, 29
2641, 13, 46, 94, 16, 0, 42.03%, 0, 0, 6, 173.01, 381545, 29
2646, 13, 40, 94, 16, 0, 42.03%, 0, 0, 6, 183.43, 382495, 29
2651, 13, 20, 94, 16, 0, 42.03%, 0, 0, 6, 187.22, 383461, 29
2656, 13, 19, 94, 16, 0, 42.03%, 0, 0, 6, 181.11, 384372, 29
2661, 13, 50, 94, 16, 0, 42.03%, 0, 0, 6, 168.70, 385204, 29
2666, 13, 46, 94, 16, 0, 42.03%, 0, 0, 6, 164.70, 386056, 29
2672, 13, 46, 94, 16, 0, 42.03%, 0, 0, 6, 166.84, 386916, 29
2677, 13, 46, 94, 16, 0, 42.03%, 0, 0, 6, 176.92, 387778, 29
2682, 13, 46, 94, 16, 0, 42.03%, 0, 0, 6, 168.50, 388646, 29
2687, 13, 41, 94, 16, 0, 42.03%, 0, 0, 6, 172.67, 389559, 29
2692, 13, 46, 94, 16, 0, 42.03%, 0, 0, 6, 179.00, 390510, 29
2697, 13, 19, 94, 16, 0, 42.03%, 0, 0, 6, 183.93, 391475, 29
2703, 13, 46, 94, 16, 0, 42.03%, 0, 0, 6, 176.33, 392403, 29
2708, 13, 21, 94, 16, 0, 42.03%, 0, 0, 6, 187.99, 393363, 29
2713, 13, 46, 94, 16, 0, 42.03%, 0, 0, 6, 177.70, 394276, 29
2718, 13, 42, 94, 16, 0, 42.03%, 0, 0, 6, 188.22, 395263, 29
2723, 13, 46, 94, 16, 0, 42.03%, 0, 0, 6, 182.99, 396227, 29
2728, 13, 21, 94, 16, 0, 42.03%, 0, 0, 6, 175.35, 397124, 29
2733, 13, 20, 94, 16, 0, 42.03%, 0, 0, 6, 182.44, 398078, 29
2738, 13, 40, 94, 16, 0, 42.03%, 0, 0, 6, 179.95, 398979, 29
2744, 13, 46, 94, 16, 0, 42.03%, 0, 0, 6, 179.42, 399921, 29
2749, 14, 19, 94, 16, 0, 42.03%, 0, 0, 6, 182.71, 400848, 29
2754, 14, 48, 94, 16, 0, 42.03%, 0, 0, 6, 185.86, 401812, 29
2759, 14, 48, 94, 16, 0, 42.03%, 0, 0, 6, 188.83, 402784, 29
2764, 14, 42, 94, 16, 0, 42.03%, 0, 0, 6, 178.18, 403673, 29
2769, 14, 46, 94, 16, 0, 42.03%, 0, 0, 6, 171.42, 404519, 29
2774, 14, 20, 94, 16, 0, 42.03%, 0, 0, 6, 177.23, 405443, 29
2780, 14, 20, 94, 16, 0, 42.03%, 0, 0, 6, 177.76, 406364, 29
2785, 14, 46, 94, 16, 0, 42.03%, 0, 0, 6, 174.10, 407237, 29
2790, 14, 46, 94, 16, 0, 42.03%, 0, 0, 6, 142.40, 407954, 29
2795, 14, 19, 94, 16, 0, 42.03%, 0, 0, 6, 125.27, 408583, 29
2800, 14, 41, 94, 16, 0, 42.03%, 0, 0, 6, 121.98, 409215, 29
2805, 14, 48, 94, 16, 0, 42.03%, 0, 0, 6, 168.57, 410090, 29
2810, 14, 21, 94, 16, 0, 42.03%, 0, 0, 6, 175.79, 411014, 29
2816, 14, 46, 94, 16, 0, 42.03%, 0, 0, 6, 178.15, 411948, 29
2821, 14, 46, 94, 16, 0, 42.03%, 0, 0, 6, 178.78, 412850, 29
2826, 14, 32, 94, 16, 0, 42.03%, 0, 0, 6, 182.99, 413805, 29
2831, 14, 20, 94, 15, 0, 42.03%, 0, 0, 6, 178.18, 414717, 29
2836, 14, 46, 94, 15, 0, 42.03%, 0, 0, 6, 172.70, 415592, 29
2841, 14, 92, 94, 15, 0, 42.03%, 0, 0, 6, 174.99, 416500, 29
2846, 14, 42, 94, 14, 0, 42.03%, 0, 0, 6, 184.65, 417453, 29
2852, 14, 46, 94, 14, 0, 42.03%, 0, 0, 6, 191.55, 418443, 29
2857, 14, 48, 94, 14, 0, 42.03%, 0, 0, 6, 181.47, 419329, 29
2862, 14, 20, 94, 14, 0, 42.03%, 0, 0, 6, 174.74, 420220, 29
2867, 14, 20, 94, 14, 0, 42.03%, 0, 0, 6, 129.33, 420804, 29
2872, 14, 20, 94, 14, 0, 42.03%, 0, 0, 6, 115.85, 421366, 29
2877, 14, 46, 94, 14, 0, 42.03%, 0, 0, 6, 168.92, 422284, 29
2882, 14, 19, 94, 14, 0, 42.03%, 0, 0, 6, 177.54, 423218, 29
2887, 14, 85, 94, 13, 0, 42.03%, 0, 0, 6, 176.80, 424118, 29
2892, 14, 46, 94, 12, 0, 42.03%, 0, 0, 6, 166.49, 425002, 29
2897, 14, 46, 94, 12, 0, 42.03%, 0, 0, 6, 175.45, 425938, 29
2903, 14, 46, 95, 13, 0, 42.03%, 0, 0, 6, 181.10, 426850, 29
2908, 14, 48, 95, 13, 0, 42.03%, 0, 0, 6, 173.09, 427713, 29
2913, 14, 46, 95, 13, 0, 42.03%, 0, 0, 6, 169.84, 428581, 29
2918, 14, 19, 96, 14, 0, 42.03%, 0, 0, 6, 168.78, 429452, 29
2923, 14, 19, 96, 14, 0, 42.03%, 0, 0, 6, 183.62, 430404, 29
2928, 15, 95, 96, 14, 0, 42.03%, 0, 0, 6, 170.05, 431238, 29
2933, 15, 95, 96, 14, 0, 42.03%, 0, 0, 6, 167.80, 432081, 29
2938, 15, 95, 96, 14, 0, 42.03%, 0, 0, 6, 174.11, 432988, 29
2943, 15, 48, 96, 13, 0, 42.03%, 0, 0, 6, 174.09, 433906, 29
2948, 15, 46, 96, 13, 0, 42.03%, 0, 0, 6, 173.13, 434780, 29
2953, 15, 20, 96, 13, 0, 42.03%, 0, 0, 6, 172.94, 435674, 29
2958, 15, 58, 96, 13, 0, 42.03%, 0, 0, 6, 178.39, 436565, 29
2963, 15, 46, 96, 13, 0, 42.03%, 0, 0, 6, 181.09, 437471, 29
2968, 15, 65, 96, 13, 0, 42.03%, 0, 0, 6, 178.56, 438387, 29
2974, 15, 46, 96, 12, 0, 42.03%, 0, 0, 6, 176.21, 439296, 29
2979, 15, 50, 96, 12, 0, 42.03%, 0, 0, 6, 179.02, 440229, 29
2984, 15, 19, 96, 12, 0, 42.03%, 0, 0, 6, 177.53, 441151, 29
2989, 15, 41, 96, 12, 0, 42.03%, 0, 0, 6, 171.16, 442038, 29
2994, 15, 40, 96, 12, 0, 42.03%, 0, 0, 6, 170.93, 442898, 29
2999, 15, 46, 96, 12, 0, 42.03%, 0, 0, 6, 177.94, 443806, 29
3005, 15, 21, 96, 12, 0, 42.03%, 0, 0, 6, 189.77, 444808, 29
3010, 15, 46, 96, 12, 0, 42.03%, 0, 0, 6, 187.33, 445768, 29
3015, 15, 46, 96, 12, 0, 42.03%, 0, 0, 6, 189.04, 446758, 29
3020, 15, 20, 96, 12, 0, 42.03%, 0, 0, 6, 195.14, 447754, 29
3025, 15, 19, 96, 12, 0, 42.03%, 0, 0, 6, 197.70, 448769, 29
3030, 15, 46, 96, 12, 0, 42.03%, 0, 0, 6, 193.02, 449730, 29
3036, 15, 20, 96, 12, 0, 42.03%, 0, 0, 6, 181.28, 450673, 29
3041, 15, 93, 96, 12, 0, 42.03%, 0, 0, 6, 179.70, 451564, 29
3046, 15, 93, 96, 12, 0, 42.03%, 0, 0, 6, 184.54, 452500, 29
3051, 15, 20, 96, 11, 0, 42.03%, 0, 0, 6, 189.57, 453479, 29
3056, 15, 20, 96, 11, 0, 42.03%, 0, 0, 6, 182.74, 454424, 29
3061, 15, 50, 96, 11, 0, 42.03%, 0, 0, 6, 181.44, 455357, 29
3066, 15, 20, 96, 11, 0, 42.03%, 0, 0, 6, 179.47, 456296, 29
3071, 15, 48, 96, 11, 0, 42.03%, 0, 0, 6, 184.83, 457250, 29
3077, 15, 40, 96, 11, 0, 42.03%, 0, 0, 6, 180.31, 458173, 29
3082, 15, 21, 96, 11, 0, 42.03%, 0, 0, 6, 183.28, 459085, 29
3087, 15, 21, 96, 11, 0, 42.03%, 0, 0, 6, 175.88, 459959, 29
3092, 15, 20, 96, 11, 0, 42.03%, 0, 0, 6, 188.79, 460922, 29
3097, 15, 19, 96, 11, 0, 42.03%, 0, 0, 6, 179.47, 461852, 29
3102, 16, 20, 96, 11, 0, 42.03%, 0, 0, 6, 170.24, 462698, 29
3107, 16, 40, 96, 11, 0, 42.03%, 0, 0, 6, 178.33, 463656, 29
3112, 16, 19, 96, 11, 0, 42.03%, 0, 0, 6, 174.03, 464557, 29
3118, 16, 20, 96, 11, 0, 42.03%, 0, 0, 6, 181.87, 465508, 29
3123, 16, 20, 96, 11, 0, 42.03%, 0, 0, 6, 179.69, 466438, 29
3128, 16, 46, 96, 11, 0, 42.03%, 0, 0, 6, 180.14, 467377, 29
3133, 16, 46, 96, 11, 0, 42.03%, 0, 0, 6, 185.85, 468353, 29
3138, 16, 46, 96, 11, 0, 42.03%, 0, 0, 6, 184.20, 469317, 29
3143, 16, 41, 96, 11, 0, 42.03%, 0, 0, 6, 187.98, 470297, 29
3149, 16, 48, 96, 11, 0, 42.03%, 0, 0, 6, 179.43, 471221, 29
3154, 16, 20, 96, 11, 0, 42.03%, 0, 0, 6, 176.59, 472112, 29
3159, 16, 46, 96, 11, 0, 42.03%, 0, 0, 6, 190.16, 473098, 29
3164, 16, 20, 96, 11, 0, 42.03%, 0, 0, 6, 183.90, 474042, 29
3169, 16, 48, 96, 11, 0, 42.03%, 0, 0, 6, 188.42, 475012, 29
3174, 16, 19, 96, 11, 0, 42.03%, 0, 0, 6, 189.82, 475993, 29
3180, 16, 48, 96, 11, 0, 42.03%, 0, 0, 6, 182.38, 476941, 29
3185, 16, 46, 96, 11, 0, 42.03%, 0, 0, 6, 191.17, 477930, 29
3190, 16, 48, 96, 11, 0, 42.03%, 0, 0, 6, 191.44, 478912, 29
3195, 16, 20, 96, 11, 0, 42.03%, 0, 0, 6, 178.50, 479812, 29
3200, 16, 20, 96, 11, 0, 42.03%, 0, 0, 6, 181.62, 480750, 29
3205, 16, 46, 96, 11, 0, 42.03%, 0, 0, 6, 192.28, 481753, 29
3210, 16, 21, 96, 11, 0, 42.03%, 0, 0, 6, 184.75, 482668, 29
3216, 16, 20, 96, 11, 0, 42.03%, 0, 0, 6, 194.04, 483685, 29
3221, 16, 20, 96, 11, 0, 42.03%, 0, 0, 6, 187.87, 484651, 29
3226, 16, 20, 96, 11, 0, 42.03%, 0, 0, 6, 187.28, 485630, 29
3231, 16, 21, 96, 11, 0, 42.03%, 0, 0, 6, 184.76, 486581, 29
3236, 16, 52, 96, 11, 0, 42.03%, 0, 0, 6, 194.46, 487579, 29
3242, 16, 46, 96, 11, 0, 42.03%, 0, 0, 6, 183.50, 488534, 29
3247, 16, 94, 96, 11, 0, 42.03%, 0, 0, 6, 179.37, 489464, 29
3252, 16, 94, 96, 11, 0, 42.03%, 0, 0, 6, 181.73, 490406, 29
3257, 16, 60, 96, 10, 0, 42.03%, 0, 0, 6, 183.42, 491366, 29
3262, 17, 20, 96, 9, 0, 42.03%, 0, 0, 6, 181.55, 492299, 29
3267, 17, 19, 96, 9, 0, 42.03%, 0, 0, 6, 190.58, 493310, 29
3273, 17, 19, 96, 9, 0, 42.03%, 0, 0, 6, 183.03, 494236, 29
3278, 17, 19, 96, 9, 0, 42.03%, 0, 0, 6, 190.04, 495219, 29
3283, 17, 46, 96, 9, 0, 42.03%, 0, 0, 6, 132.10, 495885, 29
3288, 17, 40, 96, 9, 0, 42.03%, 0, 0, 6, 104.25, 496373, 29
3293, 17, 20, 96, 9, 0, 42.03%, 0, 0, 6, 98.97, 496879, 29
3298, 17, 20, 96, 9, 0, 42.03%, 0, 0, 6, 165.60, 497767, 29
3303, 17, 46, 96, 9, 0, 42.03%, 0, 0, 6, 183.62, 498739, 29
3309, 17, 19, 96, 9, 0, 42.03%, 0, 0, 6, 186.61, 499731, 29
3314, 17, 46, 96, 9, 0, 42.03%, 0, 0, 6, 188.24, 500723, 29
3319, 17, 19, 96, 9, 0, 42.03%, 0, 0, 6, 185.61, 501686, 29
3324, 17, 41, 96, 9, 0, 42.03%, 0, 0, 6, 186.13, 502611, 29
3329, 17, 46, 96, 9, 0, 42.03%, 0, 0, 6, 198.82, 503657, 29
3334, 17, 20, 96, 9, 0, 42.03%, 0, 0, 6, 186.28, 504567, 29
3339, 17, 46, 96, 9, 0, 42.03%, 0, 0, 6, 183.85, 505531, 29
3344, 17, 46, 96, 9, 0, 42.03%, 0, 0, 6, 189.85, 506525, 29
3350, 17, 46, 96, 9, 0, 42.03%, 0, 0, 6, 188.34, 507483, 29
3355, 17, 41, 96, 9, 0, 42.03%, 0, 0, 6, 196.45, 508504, 29
3360, 17, 50, 96, 9, 0, 42.03%, 0, 0, 6, 195.70, 509476, 29
3365, 17, 20, 96, 9, 0, 42.03%, 0, 0, 6, 189.11, 510416, 29
3370, 17, 20, 96, 9, 0, 42.03%, 0, 0, 6, 192.40, 511373, 29
3375, 17, 20, 96, 9, 0, 42.03%, 0, 0, 6, 188.58, 512354, 29
3380, 17, 40, 96, 9, 0, 42.03%, 0, 0, 6, 188.76, 513330, 29
3385, 17, 46, 96, 9, 0, 42.03%, 0, 0, 6, 197.36, 514350, 29
3391, 17, 46, 96, 9, 0, 42.03%, 0, 0, 6, 193.75, 515345, 29
3396, 17, 46, 96, 9, 0, 42.03%, 0, 0, 6, 184.57, 516288, 29
3401, 17, 48, 96, 9, 0, 42.03%, 0, 0, 6, 186.14, 517246, 29
3406, 17, 21, 96, 9, 0, 42.03%, 0, 0, 6, 193.36, 518239, 29
3411, 18, 21, 96, 9, 0, 42.03%, 0, 0, 6, 189.55, 519220, 29
3416, 18, 46, 96, 9, 0, 42.03%, 0, 0, 6, 191.87, 520227, 29
3422, 18, 41, 96, 9, 0, 42.03%, 0, 0, 6, 197.52, 521227, 29
3427, 18, 46, 96, 9, 0, 42.03%, 0, 0, 6, 193.56, 522222, 29
3432, 18, 20, 96, 9, 0, 42.03%, 0, 0, 6, 193.13, 523220, 29
3437, 18, 48, 96, 9, 0, 42.03%, 0, 0, 6, 184.10, 524170, 29
3442, 18, 40, 96, 9, 0, 42.03%, 0, 0, 6, 190.77, 525177, 29
3447, 18, 21, 96, 9, 0, 42.03%, 0, 0, 6, 186.21, 526104, 29
3453, 18, 46, 96, 9, 0, 42.03%, 0, 0, 6, 189.83, 527094, 29
3458, 18, 20, 96, 9, 0, 42.03%, 0, 0, 6, 192.48, 528107, 29
3463, 18, 46, 96, 9, 0, 42.03%, 0, 0, 6, 189.21, 529097, 29
3468, 18, 46, 96, 9, 0, 42.03%, 0, 0, 6, 186.83, 530066, 29
3473, 18, 46, 96, 9, 0, 42.03%, 0, 0, 6, 160.85, 530901, 29
3479, 18, 50, 96, 9, 0, 42.03%, 0, 0, 6, 144.85, 531630, 29
3484, 18, 20, 96, 9, 0, 42.03%, 0, 0, 6, 143.16, 532371, 29
3489, 18, 19, 96, 9, 0, 42.03%, 0, 0, 6, 169.04, 533258, 29
3494, 18, 20, 96, 9, 0, 42.03%, 0, 0, 6, 182.44, 534200, 29
3499, 18, 46, 96, 9, 0, 42.03%, 0, 0, 6, 181.72, 535125, 29
3504, 18, 19, 96, 9, 0, 42.03%, 0, 0, 6, 179.53, 536071, 29
3509, 18, 19, 96, 9, 0, 42.03%, 0, 0, 6, 185.89, 537031, 29
3515, 18, 26, 96, 9, 0, 42.03%, 0, 0, 6, 182.57, 537963, 29
3520, 18, 41, 96, 9, 0, 42.03%, 0, 0, 6, 184.42, 538935, 29
3525, 18, 41, 96, 9, 0, 42.03%, 0, 0, 6, 187.82, 539915, 29
3530, 18, 19, 96, 9, 0, 42.03%, 0, 0, 6, 189.68, 540890, 29
3535, 18, 42, 96, 9, 0, 42.03%, 0, 0, 6, 185.07, 541838, 29
3540, 18, 19, 96, 9, 0, 42.03%, 0, 0, 6, 181.07, 542774, 29
3546, 18, 48, 96, 9, 0, 42.03%, 0, 0, 6, 190.39, 543773, 29
3551, 18, 41, 96, 9, 0, 42.03%, 0, 0, 6, 182.15, 544694, 29
3556, 19, 46, 96, 9, 0, 42.03%, 0, 0, 6, 188.26, 545669, 29
3561, 19, 42, 96, 9, 0, 42.03%, 0, 0, 6, 188.32, 546641, 29
3566, 19, 19, 96, 9, 0, 42.03%, 0, 0, 6, 186.04, 547588, 29
3572, 19, 46, 96, 9, 0, 42.03%, 0, 0, 6, 184.64, 548537, 29
3577, 19, 46, 96, 9, 0, 42.03%, 0, 0, 6, 187.08, 549486, 29
3582, 19, 46, 96, 9, 0, 42.03%, 0, 0, 6, 191.62, 550482, 29
3587, 19, 40, 96, 9, 0, 42.03%, 0, 0, 6, 188.44, 551451, 29
3592, 19, 46, 96, 9, 0, 42.03%, 0, 0, 6, 177.66, 552322, 29
3597, 19, 46, 96, 9, 0, 42.03%, 0, 0, 6, 189.08, 553273, 29
3602, 19, 48, 96, 9, 0, 42.03%, 0, 0, 6, 185.06, 554231, 29
3607, 19, 21, 96, 9, 0, 42.03%, 0, 0, 6, 184.64, 555179, 29
3612, 19, 19, 96, 9, 0, 42.03%, 0, 0, 6, 178.46, 556073, 29
3618, 19, 48, 96, 9, 0, 42.03%, 0, 0, 6, 181.94, 557016, 29
3623, 19, 46, 96, 9, 0, 42.03%, 0, 0, 6, 184.53, 557981, 29
3628, 19, 46, 96, 9, 0, 42.03%, 0, 0, 6, 159.23, 558803, 29
3633, 19, 20, 96, 9, 0, 42.03%, 0, 0, 6, 141.69, 559519, 29
3638, 19, 21, 96, 9, 0, 42.03%, 0, 0, 6, 138.12, 560229, 29
3643, 19, 53, 96, 9, 0, 42.03%, 0, 0, 6, 178.86, 561181, 29
3649, 19, 46, 96, 8, 0, 42.03%, 0, 0, 6, 178.68, 562124, 29
3654, 19, 20, 96, 8, 0, 42.03%, 0, 0, 6, 181.68, 563073, 29
3659, 19, 46, 96, 8, 0, 42.03%, 0, 0, 6, 193.12, 564094, 29
3664, 19, 20, 96, 8, 0, 42.03%, 0, 0, 6, 190.56, 565071, 29
3669, 19, 19, 96, 8, 0, 42.03%, 0, 0, 6, 190.26, 566040, 29
3674, 19, 20, 96, 8, 0, 42.03%, 0, 0, 6, 188.21, 566988, 29
3679, 19, 46, 96, 8, 0, 42.03%, 0, 0, 6, 188.94, 567936, 29
3685, 19, 20, 96, 8, 0, 42.03%, 0, 0, 6, 188.69, 568917, 29
3690, 19, 46, 96, 8, 0, 42.03%, 0, 0, 6, 192.22, 569923, 29
3695, 19, 19, 96, 8, 0, 42.03%, 0, 0, 6, 194.09, 570928, 29
3700, 19, 19, 96, 8, 0, 42.03%, 0, 0, 6, 191.95, 571932, 29
3705, 20, 20, 96, 8, 0, 42.03%, 0, 0, 6, 192.45, 572929, 29
3710, 20, 46, 96, 8, 0, 42.03%, 0, 0, 6, 182.54, 573858, 29
3716, 20, 21, 96, 8, 0, 42.03%, 0, 0, 6, 189.08, 574835, 29
3721, 20, 30, 96, 8, 0, 42.03%, 0, 0, 6, 179.78, 575723, 29
3726, 20, 48, 96, 8, 0, 42.03%, 0, 0, 6, 181.16, 576679, 29
3731, 20, 20, 96, 8, 0, 42.03%, 0, 0, 6, 190.48, 577652, 29
3736, 20, 20, 96, 8, 0, 42.03%, 0, 0, 6, 190.43, 578642, 29
3741, 20, 20, 96, 8, 0, 42.03%, 0, 0, 6, 181.27, 579569, 29
3746, 20, 46, 97, 9, 0, 42.03%, 0, 0, 6, 186.97, 580520, 29
3752, 20, 20, 97, 9, 0, 42.03%, 0, 0, 6, 191.32, 581507, 29
3757, 20, 46, 97, 9, 0, 42.03%, 0, 0, 6, 188.38, 582446, 29
3762, 20, 46, 97, 9, 0, 42.03%, 0, 0, 6, 187.30, 583416, 29
3767, 20, 48, 97, 9, 0, 42.03%, 0, 0, 6, 190.01, 584412, 29
3772, 20, 46, 97, 9, 0, 42.03%, 0, 0, 6, 180.56, 585303, 29
3777, 20, 20, 97, 9, 0, 42.03%, 0, 0, 6, 183.76, 586247, 29
3782, 20, 46, 97, 9, 0, 42.03%, 0, 0, 6, 179.86, 587181, 29
3787, 20, 20, 97, 9, 0, 42.03%, 0, 0, 6, 174.28, 588065, 29
3793, 20, 20, 97, 9, 0, 42.03%, 0, 0, 6, 182.40, 589013, 29
3798, 20, 40, 97, 9, 0, 42.03%, 0, 0, 6, 190.66, 590005, 29
3803, 20, 46, 97, 9, 0, 42.03%, 0, 0, 6, 193.74, 591043, 29
3808, 20, 46, 97, 9, 0, 42.03%, 0, 0, 6, 186.55, 591993, 29
3813, 20, 19, 97, 9, 0, 42.03%, 0, 0, 6, 177.92, 592920, 29
3818, 20, 42, 97, 9, 0, 42.03%, 0, 0, 6, 180.10, 593838, 29
3823, 20, 20, 97, 9, 0, 42.03%, 0, 0, 6, 176.19, 594706, 29
3829, 20, 21, 97, 9, 0, 42.03%, 0, 0, 6, 184.62, 595669, 29
3834, 20, 19, 97, 9, 0, 42.03%, 0, 0, 6, 191.94, 596674, 29
3839, 20, 20, 97, 9, 0, 42.03%, 0, 0, 6, 181.89, 597592, 29
3844, 20, 19, 97, 9, 0, 42.03%, 0, 0, 6, 182.40, 598550, 29
3849, 20, 96, 97, 9, 0, 42.03%, 0, 0, 6, 167.17, 599372, 29
3854, 20, 96, 97, 9, 0, 42.03%, 0, 0, 6, 171.08, 600243, 29
3859, 21, 20, 97, 8, 0, 42.03%, 0, 0, 6, 183.61, 601209, 29
3865, 21, 46, 97, 8, 0, 42.03%, 0, 0, 6, 189.51, 602194, 29
3870, 21, 48, 97, 8, 0, 42.03%, 0, 0, 6, 182.47, 603107, 29
3875, 21, 41, 97, 8, 0, 42.03%, 0, 0, 6, 176.68, 604033, 29
3880, 21, 20, 97, 8, 0, 42.03%, 0, 0, 6, 188.64, 605025, 29
3885, 21, 19, 97, 8, 0, 42.03%, 0, 0, 6, 185.69, 605979, 29
3890, 21, 21, 97, 8, 0, 42.03%, 0, 0, 6, 187.17, 606943, 29
3896, 21, 42, 97, 8, 0, 42.03%, 0, 0, 6, 191.10, 607933, 29
3901, 21, 20, 97, 8, 0, 42.03%, 0, 0, 6, 191.62, 608917, 29
3906, 21, 20, 97, 8, 0, 42.03%, 0, 0, 6, 197.57, 609943, 29
3911, 21, 21, 97, 8, 0, 42.03%, 0, 0, 6, 192.45, 610930, 29
3916, 21, 46, 97, 8, 0, 42.03%, 0, 0, 6, 195.78, 611943, 29
3921, 21, 46, 97, 8, 0, 42.03%, 0, 0, 6, 197.72, 612954, 29
3927, 21, 20, 97, 8, 0, 42.03%, 0, 0, 6, 191.19, 613930, 29
3932, 21, 19, 97, 8, 0, 42.03%, 0, 0, 6, 193.38, 614941, 29
3937, 21, 20, 97, 8, 0, 42.03%, 0, 0, 6, 185.55, 615881, 29
3942, 21, 77, 97, 8, 0, 42.03%, 0, 0, 6, 177.48, 616823, 29
3947, 21, 77, 97, 8, 0, 42.03%, 0, 0, 6, 180.20, 617726, 29
3952, 21, 46, 97, 7, 0, 42.03%, 0, 0, 6, 175.65, 618592, 29
3957, 21, 46, 97, 7, 0, 42.03%, 0, 0, 6, 186.37, 619601, 29
3963, 21, 50, 97, 7, 0, 42.03%, 0, 0, 6, 181.91, 620543, 29
3968, 21, 50, 97, 7, 0, 42.03%, 0, 0, 6, 184.56, 621501, 29
3973, 21, 50, 97, 7, 0, 42.03%, 0, 0, 6, 191.11, 622472, 29
3978, 21, 20, 97, 7, 0, 42.03%, 0, 0, 6, 189.67, 623463, 29
3983, 21, 20, 97, 7, 0, 42.03%, 0, 0, 6, 182.95, 624413, 29
3988, 21, 19, 97, 7, 0, 42.03%, 0, 0, 6, 186.80, 625395, 29
3993, 21, 20, 97, 7, 0, 42.03%, 0, 0, 6, 190.02, 626394, 29
3998, 21, 41, 97, 7, 0, 42.03%, 0, 0, 6, 189.83, 627327, 29
4004, 21, 50, 97, 7, 0, 42.03%, 0, 0, 6, 187.53, 628296, 29
4009, 21, 20, 97, 7, 0, 42.03%, 0, 0, 6, 188.73, 629259, 29
4014, 22, 20, 97, 7, 0, 42.03%, 0, 0, 6, 186.05, 630220, 29
4019, 22, 27, 97, 7, 0, 42.03%, 0, 0, 6, 183.01, 631168, 29
4024, 22, 20, 97, 7, 0, 42.03%, 0, 0, 6, 183.11, 632099, 29
4029, 22, 46, 97, 7, 0, 42.03%, 0, 0, 6, 187.19, 633027, 29
4034, 22, 46, 97, 7, 0, 42.03%, 0, 0, 6, 189.95, 634005, 29
4040, 22, 46, 97, 7, 0, 42.03%, 0, 0, 6, 188.11, 634978, 29
4045, 22, 46, 97, 7, 0, 42.03%, 0, 0, 6, 188.61, 635966, 29
4050, 22, 40, 97, 7, 0, 42.03%, 0, 0, 6, 185.66, 636903, 29
4055, 22, 41, 97, 7, 0, 42.03%, 0, 0, 6, 188.33, 637848, 29
4060, 22, 20, 97, 7, 0, 42.03%, 0, 0, 6, 185.26, 638772, 29
4065, 22, 42, 97, 7, 0, 42.03%, 0, 0, 6, 190.82, 639747, 29
4070, 22, 20, 97, 7, 0, 42.03%, 0, 0, 6, 185.39, 640705, 29
4075, 22, 20, 97, 7, 0, 42.03%, 0, 0, 6, 177.64, 641610, 29
4080, 22, 42, 97, 7, 0, 42.03%, 0, 0, 6, 185.45, 642543, 29
4086, 22, 20, 97, 7, 0, 42.03%, 0, 0, 6, 182.45, 643477, 29
4091, 22, 48, 97, 7, 0, 42.03%, 0, 0, 6, 192.19, 644448, 29
4096, 22, 46, 97, 7, 0, 42.03%, 0, 0, 6, 190.01, 645430, 29
4101, 22, 46, 97, 7, 0, 42.03%, 0, 0, 6, 193.03, 646397, 29
4106, 22, 46, 97, 7, 0, 42.03%, 0, 0, 6, 181.81, 647318, 29
4111, 22, 41, 97, 7, 0, 42.03%, 0, 0, 6, 183.39, 648282, 29
4116, 22, 46, 97, 7, 0, 42.03%, 0, 0, 6, 189.32, 649242, 29
4122, 22, 46, 97, 7, 0, 42.03%, 0, 0, 6, 191.30, 650220, 29
4127, 22, 46, 97, 7, 0, 42.03%, 0, 0, 6, 190.19, 651172, 29
4132, 22, 50, 97, 7, 0, 42.03%, 0, 0, 6, 187.01, 652137, 29
4137, 22, 46, 97, 7, 0, 42.03%, 0, 0, 6, 195.59, 653121, 29
4142, 22, 46, 97, 7, 0, 42.03%, 0, 0, 6, 181.24, 654067, 29
4147, 22, 46, 97, 7, 0, 42.03%, 0, 0, 6, 181.14, 655001, 29
4152, 22, 19, 97, 7, 0, 42.03%, 0, 0, 6, 190.25, 655997, 29
4158, 22, 48, 97, 7, 0, 42.03%, 0, 0, 6, 189.27, 656980, 29
4163, 23, 46, 97, 7, 0, 42.03%, 0, 0, 6, 188.12, 657933, 29
4168, 23, 46, 97, 7, 0, 42.03%, 0, 0, 6, 185.08, 658903, 29
4173, 23, 50, 97, 7, 0, 42.03%, 0, 0, 6, 185.24, 659857, 29
4178, 23, 48, 97, 7, 0, 42.03%, 0, 0, 6, 179.89, 660792, 29
4183, 23, 46, 97, 7, 0, 42.03%, 0, 0, 6, 181.56, 661715, 29
4188, 23, 46, 97, 7, 0, 42.03%, 0, 0, 6, 185.05, 662673, 29
4194, 23, 20, 97, 7, 0, 42.03%, 0, 0, 6, 186.14, 663623, 29
4199, 23, 46, 97, 7, 0, 42.03%, 0, 0, 6, 186.85, 664596, 29
4204, 23, 48, 97, 7, 0, 42.03%, 0, 0, 6, 181.26, 665531, 29
4209, 23, 46, 97, 7, 0, 42.03%, 0, 0, 6, 189.50, 666528, 29
4214, 23, 46, 97, 7, 0, 42.03%, 0, 0, 6, 189.08, 667503, 29
4219, 23, 19, 97, 7, 0, 42.03%, 0, 0, 6, 188.74, 668490, 29
4225, 23, 48, 97, 7, 0, 42.03%, 0, 0, 6, 190.51, 669471, 29
4230, 23, 46, 97, 7, 0, 42.03%, 0, 0, 6, 191.40, 670439, 29
4235, 23, 41, 97, 7, 0, 42.03%, 0, 0, 6, 193.67, 671436, 29
4240, 23, 50, 97, 7, 0, 42.03%, 0, 0, 6, 186.65, 672401, 29
4245, 23, 48, 97, 7, 0, 42.03%, 0, 0, 6, 184.38, 673312, 29
4250, 23, 48, 97, 7, 0, 42.03%, 0, 0, 6, 192.35, 674303, 29
4255, 23, 20, 97, 7, 0, 42.03%, 0, 0, 6, 190.94, 675293, 29
4261, 23, 48, 97, 7, 0, 42.03%, 0, 0, 6, 181.15, 676224, 29
4266, 23, 20, 97, 7, 0, 42.03%, 0, 0, 6, 172.74, 677118, 29
4271, 23, 46, 98, 8, 0, 42.03%, 0, 0, 6, 180.18, 678056, 29
4276, 23, 46, 98, 8, 0, 42.03%, 0, 0, 6, 186.02, 679016, 29
4281, 23, 20, 98, 8, 0, 42.03%, 0, 0, 6, 182.16, 679960, 29
4287, 23, 20, 98, 8, 0, 42.03%, 0, 0, 6, 167.57, 680830, 29
4292, 23, 46, 98, 8, 0, 42.03%, 0, 0, 6, 185.89, 681804, 29
4297, 23, 19, 98, 8, 0, 42.03%, 0, 0, 6, 189.64, 682758, 29
4302, 23, 46, 98, 8, 0, 42.03%, 0, 0, 6, 186.06, 683718, 29
4307, 23, 19, 98, 8, 0, 42.03%, 0, 0, 6, 188.02, 684697, 29
4312, 23, 19, 98, 8, 0, 42.03%, 0, 0, 6, 189.08, 685681, 29
4318, 24, 20, 98, 8, 0, 42.03%, 0, 0, 6, 191.11, 686680, 29
4323, 24, 46, 98, 8, 0, 42.03%, 0, 0, 6, 187.72, 687651, 29
4328, 24, 46, 98, 8, 0, 42.03%, 0, 0, 6, 184.43, 688604, 29
4333, 24, 46, 98, 8, 0, 42.03%, 0, 0, 6, 192.71, 689618, 29
4338, 24, 20, 98, 8, 0, 42.03%, 0, 0, 6, 188.18, 690585, 29
4343, 24, 19, 98, 8, 0, 42.03%, 0, 0, 6, 195.26, 691600, 29
4348, 24, 20, 98, 8, 0, 42.03%, 0, 0, 6, 183.54, 692527, 29
4353, 24, 46, 98, 8, 0, 42.03%, 0, 0, 6, 186.28, 693444, 29
4359, 24, 20, 98, 8, 0, 42.03%, 0, 0, 6, 188.28, 694429, 29
4364, 24, 46, 98, 8, 0, 42.03%, 0, 0, 6, 183.19, 695379, 29
4369, 24, 46, 98, 8, 0, 42.03%, 0, 0, 6, 190.35, 696353, 29
4374, 24, 83, 98, 8, 0, 42.03%, 0, 0, 6, 171.23, 697183, 29
4379, 24, 19, 98, 7, 0, 42.03%, 0, 0, 6, 174.41, 698064, 29
4384, 24, 19, 98, 7, 0, 42.03%, 0, 0, 6, 181.25, 698983, 29
4389, 24, 46, 98, 7, 0, 42.03%, 0, 0, 6, 179.27, 699870, 29
4394, 24, 40, 98, 7, 0, 42.03%, 0, 0, 6, 184.63, 700814, 29
4399, 24, 46, 98, 7, 0, 42.03%, 0, 0, 6, 195.92, 701817, 29
4405, 24, 41, 98, 7, 0, 42.03%, 0, 0, 6, 194.84, 702816, 29
4410, 24, 46, 98, 7, 0, 42.03%, 0, 0, 6, 191.82, 703794, 29
4415, 24, 46, 98, 7, 0, 42.03%, 0, 0, 6, 188.98, 704750, 29
4420, 24, 46, 98, 7, 0, 42.03%, 0, 0, 6, 193.62, 705747, 29
4425, 24, 46, 98, 7, 0, 42.03%, 0, 0, 6, 198.22, 706754, 29
4430, 24, 41, 98, 7, 0, 42.03%, 0, 0, 6, 222.48, 707906, 29
4435, 24, 41, 98, 7, 0, 42.03%, 0, 0, 6, 189.55, 708890, 29
4441, 24, 20, 98, 7, 0, 42.03%, 0, 0, 6, 171.63, 709764, 29
4446, 24, 40, 98, 6, 0, 42.03%, 0, 0, 6, 171.50, 710619, 29
4451, 24, 48, 98, 6, 0, 42.03%, 0, 0, 6, 214.35, 711775, 29
4456, 24, 46, 98, 6, 0, 42.03%, 0, 0, 6, 223.75, 712943, 29
4461, 24, 46, 98, 6, 0, 42.03%, 0, 0, 6, 219.15, 714054, 29
4466, 24, 41, 98, 6, 0, 42.03%, 0, 0, 6, 227.16, 715243, 29
4471, 25, 41, 98, 6, 0, 42.03%, 0, 0, 6, 216.36, 716347, 29
4477, 25, 46, 98, 6, 0, 42.03%, 0, 0, 6, 229.73, 717557, 29
4482, 25, 20, 98, 6, 0, 42.03%, 0, 0, 6, 219.75, 718646, 29
4487, 25, 19, 98, 6, 0, 42.03%, 0, 0, 6, 223.50, 719808, 29
4492, 25, 42, 98, 6, 0, 42.03%, 0, 0, 6, 219.07, 720902, 29
4497, 25, 20, 98, 6, 0, 42.03%, 0, 0, 6, 218.50, 722036, 29
4502, 25, 42, 98, 6, 0, 42.03%, 0, 0, 6, 222.43, 723210, 29
4507, 25, 20, 98, 6, 0, 42.03%, 0, 0, 6, 225.80, 724398, 29
4513, 25, 41, 98, 6, 0, 42.03%, 0, 0, 6, 213.47, 725481, 29
4518, 25, 41, 98, 6, 0, 42.03%, 0, 0, 6, 216.65, 726556, 29
4523, 25, 46, 98, 6, 0, 42.03%, 0, 0, 6, 222.74, 727719, 29
4528, 25, 46, 98, 6, 0, 42.03%, 0, 0, 6, 218.26, 728863, 29
4533, 25, 20, 98, 6, 0, 42.03%, 0, 0, 6, 224.94, 730049, 29
4538, 25, 46, 98, 6, 0, 42.03%, 0, 0, 6, 224.24, 731183, 29
4543, 25, 46, 98, 6, 0, 42.03%, 0, 0, 6, 223.73, 732323, 29
4548, 25, 20, 98, 6, 0, 42.03%, 0, 0, 6, 217.32, 733409, 29
4553, 25, 46, 98, 6, 0, 42.03%, 0, 0, 6, 214.91, 734472, 29
4558, 25, 46, 98, 6, 0, 42.03%, 0, 0, 6, 216.82, 735588, 29
4564, 25, 20, 98, 6, 0, 42.03%, 0, 0, 6, 217.17, 736681, 29
4569, 25, 46, 98, 6, 0, 42.03%, 0, 0, 6, 229.53, 737832, 29
4574, 25, 21, 98, 6, 0, 42.03%, 0, 0, 6, 231.13, 739028, 29
4579, 25, 20, 98, 6, 0, 42.03%, 0, 0, 6, 229.49, 740180, 29
4584, 25, 46, 98, 6, 0, 42.03%, 0, 0, 6, 228.57, 741347, 29
4589, 25, 46, 98, 6, 0, 42.03%, 0, 0, 6, 209.78, 742376, 29
4594, 25, 97, 98, 6, 0, 42.03%, 0, 0, 6, 203.51, 743376, 29
4599, 25, 97, 98, 6, 0, 42.03%, 0, 0, 6, 212.81, 744434, 29
4604, 25, 19, 98, 5, 0, 42.03%, 0, 0, 6, 228.63, 745622, 29
4609, 26, 46, 98, 5, 0, 42.03%, 0, 0, 6, 217.82, 746701, 29
4614, 26, 19, 98, 5, 0, 42.03%, 0, 0, 6, 216.46, 747782, 29
4619, 26, 41, 98, 5, 0, 42.03%, 0, 0, 6, 221.53, 748925, 29
4625, 26, 20, 98, 5, 0, 42.03%, 0, 0, 6, 226.72, 750106, 29
4630, 26, 46, 98, 5, 0, 42.03%, 0, 0, 6, 227.39, 751252, 29
4635, 26, 21, 98, 5, 0, 42.03%, 0, 0, 6, 228.77, 752427, 29
4640, 26, 46, 98, 5, 0, 42.03%, 0, 0, 6, 228.89, 753562, 29
4645, 26, 20, 98, 5, 0, 42.03%, 0, 0, 6, 217.18, 754658, 29
4650, 26, 42, 98, 5, 0, 42.03%, 0, 0, 6, 229.88, 755870, 29
4655, 26, 50, 98, 5, 0, 42.03%, 0, 0, 6, 234.60, 757098, 29
4660, 26, 40, 98, 5, 0, 42.03%, 0, 0, 6, 217.40, 758227, 29
4666, 26, 46, 98, 5, 0, 42.03%, 0, 0, 6, 224.94, 759402, 29
4671, 26, 48, 98, 5, 0, 42.03%, 0, 0, 6, 223.34, 760521, 29
4676, 26, 40, 98, 5, 0, 42.03%, 0, 0, 6, 220.95, 761629, 29
4681, 26, 46, 98, 5, 0, 42.03%, 0, 0, 6, 224.22, 762790, 29
4686, 26, 46, 98, 5, 0, 42.03%, 0, 0, 6, 229.33, 763960, 29
4691, 26, 41, 98, 5, 0, 42.03%, 0, 0, 6, 225.92, 765068, 29
4696, 26, 46, 98, 5, 0, 42.03%, 0, 0, 6, 223.06, 766219, 29
4701, 26, 46, 98, 5, 0, 42.03%, 0, 0, 6, 217.63, 767340, 29
4706, 26, 42, 98, 5, 0, 42.03%, 0, 0, 6, 212.12, 768428, 29
4712, 26, 46, 98, 5, 0, 42.03%, 0, 0, 6, 174.93, 769285, 29
4717, 26, 46, 98, 5, 0, 42.03%, 0, 0, 6, 195.13, 770269, 29
4722, 26, 48, 98, 5, 0, 42.03%, 0, 0, 6, 215.58, 771397, 29
4727, 26, 19, 98, 5, 0, 42.03%, 0, 0, 6, 224.73, 772567, 29
4732, 26, 19, 98, 5, 0, 42.03%, 0, 0, 6, 219.64, 773706, 29
4737, 27, 46, 98, 5, 0, 42.03%, 0, 0, 6, 209.70, 774749, 29
4742, 27, 20, 98, 5, 0, 42.03%, 0, 0, 6, 207.47, 775776, 29
4747, 27, 19, 98, 5, 0, 42.03%, 0, 0, 6, 221.58, 776905, 29
4752, 27, 20, 98, 5, 0, 42.03%, 0, 0, 6, 216.83, 777970, 29
4758, 27, 46, 98, 5, 0, 42.03%, 0, 0, 6, 218.36, 779118, 29
4763, 27, 41, 98, 5, 0, 42.03%, 0, 0, 6, 227.43, 780304, 29
4768, 27, 46, 98, 5, 0, 42.03%, 0, 0, 6, 225.44, 781488, 29
4773, 27, 20, 98, 5, 0, 42.03%, 0, 0, 6, 229.01, 782679, 29
4778, 27, 46, 98, 5, 0, 42.03%, 0, 0, 6, 219.93, 783806, 29
4783, 27, 46, 98, 5, 0, 42.03%, 0, 0, 6, 224.57, 784981, 29
4788, 27, 19, 98, 5, 0, 42.03%, 0, 0, 6, 222.57, 786093, 29
4794, 27, 46, 98, 5, 0, 42.03%, 0, 0, 6, 216.48, 787177, 29
4799, 27, 46, 98, 5, 0, 42.03%, 0, 0, 6, 227.03, 788365, 29
4804, 27, 20, 98, 5, 0, 42.03%, 0, 0, 6, 218.30, 789476, 29
4809, 27, 20, 98, 5, 0, 42.03%, 0, 0, 6, 218.39, 790612, 29
4814, 27, 20, 98, 5, 0, 42.03%, 0, 0, 6, 198.75, 791629, 29
4819, 27, 46, 98, 5, 0, 42.03%, 0, 0, 6, 176.32, 792514, 29
4824, 27, 20, 98, 5, 0, 42.03%, 0, 0, 6, 208.23, 793581, 29
4830, 27, 42, 98, 5, 0, 42.03%, 0, 0, 6, 218.11, 794739, 29
4835, 27, 46, 98, 5, 0, 42.03%, 0, 0, 6, 226.90, 795917, 29
4840, 27, 46, 98, 5, 0, 42.03%, 0, 0, 6, 224.07, 797059, 29
4845, 27, 20, 98, 5, 0, 42.03%, 0, 0, 6, 214.03, 798139, 29
4850, 27, 46, 98, 5, 0, 42.03%, 0, 0, 6, 217.32, 799285, 29
4855, 27, 46, 98, 5, 0, 42.03%, 0, 0, 6, 225.90, 800420, 29
4860, 28, 46, 98, 5, 0, 42.03%, 0, 0, 6, 227.29, 801549, 29
4865, 28, 20, 98, 5, 0, 42.03%, 0, 0, 6, 226.79, 802730, 29
4870, 28, 46, 98, 5, 0, 42.03%, 0, 0, 6, 219.58, 803821, 29
4875, 28, 48, 98, 5, 0, 42.03%, 0, 0, 6, 220.84, 804907, 29
4881, 28, 91, 98, 5, 0, 42.03%, 0, 0, 6, 209.68, 805974, 29
4886, 28, 91, 98, 5, 0, 42.03%, 0, 0, 6, 196.87, 806962, 29
4891, 28, 19, 98, 4, 0, 42.03%, 0, 0, 6, 204.40, 807995, 29
4896, 28, 46, 98, 4, 0, 42.03%, 0, 0, 6, 220.30, 809117, 29
4901, 28, 20, 98, 4, 0, 42.03%, 0, 0, 6, 223.09, 810254, 29
4906, 28, 46, 98, 4, 0, 42.03%, 0, 0, 6, 222.08, 811386, 29
4911, 28, 46, 98, 4, 0, 42.03%, 0, 0, 6, 215.42, 812488, 29
4916, 28, 20, 98, 4, 0, 42.03%, 0, 0, 6, 217.36, 813568, 29
4921, 28, 46, 98, 4, 0, 42.03%, 0, 0, 6, 224.75, 814733, 29
4927, 28, 48, 98, 4, 0, 42.03%, 0, 0, 6, 220.56, 815841, 29
4932, 28, 19, 98, 4, 0, 42.03%, 0, 0, 6, 209.93, 816926, 29
4937, 28, 19, 98, 4, 0, 42.03%, 0, 0, 6, 214.39, 817996, 29
4942, 28, 19, 98, 4, 0, 42.03%, 0, 0, 6, 223.36, 819109, 29
4947, 28, 20, 98, 4, 0, 42.03%, 0, 0, 6, 185.85, 820115, 29
4952, 28, 41, 98, 4, 0, 42.03%, 0, 0, 6, 129.69, 820689, 29
4957, 28, 20, 98, 4, 0, 42.03%, 0, 0, 6, 116.86, 821275, 29
4962, 28, 19, 98, 4, 0, 42.03%, 0, 0, 6, 115.01, 821846, 29
4967, 28, 46, 98, 4, 0, 42.03%, 0, 0, 6, 180.52, 822809, 29
4973, 28, 46, 98, 4, 0, 42.03%, 0, 0, 6, 211.48, 823978, 29
4978, 28, 46, 98, 4, 0, 42.03%, 0, 0, 6, 204.22, 825002, 29
4983, 28, 46, 98, 4, 0, 42.03%, 0, 0, 6, 205.08, 826092, 29
4988, 28, 19, 98, 4, 0, 42.03%, 0, 0, 6, 213.99, 827186, 29
4993, 28, 41, 98, 4, 0, 42.03%, 0, 0, 6, 227.81, 828346, 29
4998, 28, 46, 98, 4, 0, 42.03%, 0, 0, 6, 226.34, 829528, 29
5003, 28, 46, 98, 4, 0, 42.03%, 0, 0, 6, 223.82, 830649, 29
5008, 29, 19, 98, 4, 0, 42.03%, 0, 0, 6, 216.72, 831734, 29
5013, 29, 46, 98, 4, 0, 42.03%, 0, 0, 6, 220.92, 832880, 29
5018, 29, 41, 98, 4, 0, 42.03%, 0, 0, 6, 220.33, 833969, 29
5023, 29, 46, 98, 4, 0, 42.03%, 0, 0, 6, 217.67, 835053, 29
5028, 29, 19, 98, 4, 0, 42.03%, 0, 0, 6, 218.69, 836163, 29
5034, 29, 46, 98, 4, 0, 42.03%, 0, 0, 6, 221.05, 837315, 29
5039, 29, 19, 98, 4, 0, 42.03%, 0, 0, 6, 214.76, 838413, 29
5044, 29, 46, 98, 4, 0, 42.03%, 0, 0, 6, 215.99, 839517, 29
5049, 29, 46, 98, 4, 0, 42.03%, 0, 0, 6, 217.24, 840663, 29
5054, 29, 20, 98, 4, 0, 42.03%, 0, 0, 6, 220.03, 841781, 29
5059, 29, 50, 98, 4, 0, 42.03%, 0, 0, 6, 215.67, 842912, 29
5064, 29, 50, 98, 4, 0, 42.03%, 0, 0, 6, 224.06, 844060, 29
5069, 29, 46, 98, 4, 0, 42.03%, 0, 0, 6, 205.44, 845087, 29
5074, 29, 20, 98, 4, 0, 42.03%, 0, 0, 6, 184.85, 845989, 29
5080, 29, 46, 98, 4, 0, 42.03%, 0, 0, 6, 213.93, 847121, 29
5085, 29, 20, 98, 4, 0, 42.03%, 0, 0, 6, 224.88, 848307, 29
5090, 29, 21, 98, 4, 0, 42.03%, 0, 0, 6, 214.29, 849399, 29
5095, 29, 21, 98, 4, 0, 42.03%, 0, 0, 6, 213.92, 850495, 29
5100, 29, 19, 98, 4, 0, 42.03%, 0, 0, 6, 216.79, 851589, 29
5105, 29, 19, 98, 4, 0, 42.03%, 0, 0, 6, 216.29, 852723, 29
5110, 29, 20, 98, 4, 0, 42.03%, 0, 0, 6, 219.40, 853863, 29
5115, 29, 41, 98, 4, 0, 42.03%, 0, 0, 6, 221.36, 854964, 29
5120, 29, 46, 98, 4, 0, 42.03%, 0, 0, 6, 210.46, 855989, 29
5126, 29, 46, 98, 4, 0, 42.03%, 0, 0, 6, 214.83, 857127, 29
5131, 29, 8, 98, 4, 0, 42.03%, 0, 0, 6, 222.63, 858298, 29
5136, 30, 46, 98, 4, 0, 42.03%, 0, 0, 6, 221.85, 859452, 29
5141, 30, 41, 98, 4, 0, 42.03%, 0, 0, 6, 219.50, 860570, 29
5146, 30, 20, 98, 4, 0, 42.03%, 0, 0, 6, 223.85, 861727, 29
5152, 30, 46, 98, 4, 0, 42.03%, 0, 0, 6, 227.14, 862909, 29
5157, 30, 19, 98, 4, 0, 42.03%, 0, 0, 6, 224.02, 864026, 29
5162, 30, 42, 98, 4, 0, 42.03%, 0, 0, 6, 227.27, 865157, 29
5167, 30, 46, 98, 4, 0, 42.03%, 0, 0, 6, 192.06, 866119, 29
5172, 30, 20, 98, 4, 0, 42.03%, 0, 0, 6, 182.29, 867014, 29
5177, 30, 19, 98, 4, 0, 42.03%, 0, 0, 6, 206.91, 868132, 29
5182, 30, 21, 98, 4, 0, 42.03%, 0, 0, 6, 220.37, 869300, 29
5187, 30, 40, 98, 4, 0, 42.03%, 0, 0, 6, 213.11, 870372, 29
5192, 30, 20, 98, 4, 0, 42.03%, 0, 0, 6, 221.95, 871493, 29
5197, 30, 20, 98, 4, 0, 42.03%, 0, 0, 6, 211.61, 872587, 29
5203, 30, 20, 98, 4, 0, 42.03%, 0, 0, 6, 195.41, 873600, 29
5208, 30, 21, 98, 4, 0, 42.03%, 0, 0, 6, 196.43, 874614, 29
5213, 30, 46, 98, 4, 0, 42.03%, 0, 0, 6, 218.78, 875735, 29
5218, 30, 20, 98, 4, 0, 42.03%, 0, 0, 6, 211.11, 876772, 29
5223, 30, 41, 98, 4, 0, 42.03%, 0, 0, 6, 215.45, 877898, 29
5228, 30, 46, 98, 4, 0, 42.03%, 0, 0, 6, 211.17, 879006, 29
5233, 30, 20, 98, 4, 0, 42.03%, 0, 0, 6, 215.79, 880114, 29
5239, 30, 42, 98, 4, 0, 42.03%, 0, 0, 6, 216.05, 881242, 29
5244, 30, 20, 98, 4, 0, 42.03%, 0, 0, 6, 219.22, 882338, 29
5249, 30, 20, 98, 4, 0, 42.03%, 0, 0, 6, 215.97, 883406, 29
5254, 30, 46, 98, 4, 0, 42.03%, 0, 0, 6, 212.59, 884491, 29
5259, 30, 5, 98, 4, 0, 42.03%, 0, 0, 6, 219.28, 885612, 29
5264, 31, 20, 98, 4, 0, 42.03%, 0, 0, 6, 217.37, 886737, 29
5269, 31, 42, 98, 4, 0, 42.03%, 0, 0, 6, 212.10, 887828, 29
5274, 31, 21, 98, 4, 0, 42.03%, 0, 0, 6, 218.33, 888968, 29
5279, 31, 19, 98, 4, 0, 42.03%, 0, 0, 6, 216.02, 890046, 29
5284, 31, 46, 98, 4, 0, 42.03%, 0, 0, 6, 220.92, 891140, 29
5290, 31, 48, 98, 4, 0, 42.03%, 0, 0, 6, 225.95, 892308, 29
5295, 31, 20, 98, 4, 0, 42.03%, 0, 0, 6, 228.35, 893486, 29
5300, 31, 50, 98, 4, 0, 42.03%, 0, 0, 6, 218.86, 894612, 29
5305, 31, 48, 98, 4, 0, 42.03%, 0, 0, 6, 220.34, 895715, 29
5310, 31, 46, 98, 4, 0, 42.03%, 0, 0, 6, 220.80, 896839, 29
5315, 31, 46, 98, 4, 0, 42.03%, 0, 0, 6, 225.46, 898004, 29
5320, 31, 20, 98, 4, 0, 42.03%, 0, 0, 6, 220.36, 899110, 29
5325, 31, 46, 98, 4, 0, 42.03%, 0, 0, 6, 211.70, 900168, 29
5330, 31, 20, 98, 4, 0, 42.03%, 0, 0, 6, 213.36, 901260, 29
5335, 31, 20, 98, 4, 0, 42.03%, 0, 0, 6, 222.05, 902368, 29
5341, 31, 41, 98, 4, 0, 42.03%, 0, 0, 6, 225.76, 903527, 29
5346, 31, 40, 98, 4, 0, 42.03%, 0, 0, 6, 214.98, 904608, 29
5351, 31, 46, 98, 4, 0, 42.03%, 0, 0, 6, 213.78, 905708, 29
5356, 31, 20, 98, 4, 0, 42.03%, 0, 0, 6, 224.44, 906837, 29
5361, 31, 20, 98, 4, 0, 42.03%, 0, 0, 6, 218.38, 907924, 29
5366, 31, 46, 98, 4, 0, 42.03%, 0, 0, 6, 223.82, 909078, 29
5371, 31, 46, 98, 4, 0, 42.03%, 0, 0, 6, 218.28, 910158, 29
5376, 31, 19, 98, 4, 0, 42.03%, 0, 0, 6, 216.78, 911278, 29
5381, 31, 46, 98, 4, 0, 42.03%, 0, 0, 6, 218.92, 912425, 29
5387, 31, 42, 98, 4, 0, 42.03%, 0, 0, 6, 216.33, 913543, 29
5392, 32, 46, 98, 4, 0, 42.03%, 0, 0, 6, 222.10, 914691, 29
5397, 32, 46, 98, 4, 0, 42.03%, 0, 0, 6, 221.58, 915797, 29
5402, 32, 20, 98, 4, 0, 42.03%, 0, 0, 6, 211.21, 916876, 29
5407, 32, 46, 98, 4, 0, 42.03%, 0, 0, 6, 218.26, 918016, 29
5412, 32, 19, 98, 4, 0, 42.03%, 0, 0, 6, 206.75, 919077, 29
5417, 32, 46, 98, 4, 0, 42.03%, 0, 0, 6, 216.16, 920204, 29
5423, 32, 20, 98, 4, 0, 42.03%, 0, 0, 6, 221.84, 921357, 29
5428, 32, 46, 98, 4, 0, 42.03%, 0, 0, 6, 219.07, 922488, 29
5433, 32, 21, 98, 4, 0, 42.03%, 0, 0, 6, 214.69, 923615, 29
5438, 32, 41, 98, 4, 0, 42.03%, 0, 0, 6, 219.73, 924764, 29
5443, 32, 88, 98, 4, 0, 42.03%, 0, 0, 6, 227.29, 925915, 29
5448, 32, 40, 98, 3, 0, 42.03%, 0, 0, 6, 218.96, 926999, 29
5453, 32, 19, 98, 3, 0, 42.03%, 0, 0, 6, 207.95, 928028, 29
5458, 32, 46, 98, 3, 0, 42.03%, 0, 0, 6, 199.16, 929055, 29
5463, 32, 46, 98, 3, 0, 42.03%, 0, 0, 6, 207.65, 930111, 29
5468, 32, 42, 98, 3, 0, 42.03%, 0, 0, 6, 218.02, 931251, 29
5474, 32, 20, 98, 3, 0, 42.03%, 0, 0, 6, 221.15, 932385, 29
5479, 32, 21, 98, 3, 0, 42.03%, 0, 0, 6, 219.52, 933496, 29
5484, 32, 46, 98, 3, 0, 42.03%, 0, 0, 6, 219.94, 934596, 29
5489, 32, 20, 99, 4, 0, 42.03%, 0, 0, 6, 217.04, 935727, 29
5494, 32, 20, 99, 4, 0, 42.03%, 0, 0, 6, 212.08, 936826, 29
5499, 32, 20, 99, 4, 0, 42.03%, 0, 0, 6, 220.11, 937993, 29
5504, 32, 46, 99, 4, 0, 42.03%, 0, 0, 6, 209.57, 939075, 29
5509, 32, 46, 99, 4, 0, 42.03%, 0, 0, 6, 217.57, 940179, 29
5515, 32, 20, 99, 4, 0, 42.03%, 0, 0, 6, 223.41, 941349, 29
5520, 33, 19, 99, 4, 0, 42.03%, 0, 0, 6, 218.12, 942477, 29
5525, 33, 46, 99, 4, 0, 42.03%, 0, 0, 6, 218.13, 943579, 29
5530, 33, 19, 99, 4, 0, 42.03%, 0, 0, 6, 225.51, 944757, 29
5535, 33, 20, 99, 4, 0, 42.03%, 0, 0, 6, 217.68, 945888, 29
5540, 33, 20, 99, 4, 0, 42.03%, 0, 0, 6, 222.32, 947042, 29
5544, 33, 21, 99, 4, 0, 42.03%, 1, 0, 6, 0.00, 947847, 29
