# relative_time, cycles_done, cur_item, corpus_count, pending_total, pending_favs, map_size, saved_crashes, saved_hangs, max_depth, execs_per_sec, total_execs, edges_found
62, 0, 0, 21, 21, 1, 32.81%, 0, 0, 2, 1.10, 2547, 21
93, 0, 0, 21, 21, 1, 32.81%, 0, 0, 2, 0.15, 3579, 21
98, 0, 0, 21, 21, 1, 32.81%, 0, 0, 2, 248.62, 4795, 21
121, 0, 0, 21, 21, 1, 32.81%, 0, 0, 2, 0.23, 5245, 21
126, 0, 0, 21, 21, 1, 32.81%, 0, 0, 2, 116.80, 6543, 21
151, 0, 0, 21, 21, 1, 32.81%, 0, 0, 2, 0.41, 6607, 21
156, 0, 0, 21, 21, 1, 32.81%, 0, 0, 2, 241.89, 7871, 21
177, 0, 0, 21, 21, 1, 32.81%, 0, 0, 2, 2.14, 7959, 21
182, 0, 0, 21, 21, 1, 32.81%, 0, 0, 2, 249.76, 9227, 21
203, 0, 0, 21, 21, 1, 32.81%, 0, 0, 2, 1.51, 9485, 21
208, 0, 0, 22, 22, 1, 32.81%, 0, 0, 2, 255.62, 10762, 21
230, 0, 0, 22, 22, 1, 32.81%, 0, 0, 2, 2.55, 11177, 21
236, 0, 0, 22, 22, 1, 32.81%, 0, 0, 2, 252.37, 12502, 21
259, 0, 0, 22, 22, 1, 32.81%, 0, 0, 2, 2.61, 12742, 21
264, 0, 0, 22, 22, 1, 32.81%, 0, 0, 2, 287.79, 14247, 21
286, 0, 0, 22, 22, 1, 32.81%, 0, 0, 2, 1.57, 14732, 21
291, 0, 0, 22, 22, 1, 32.81%, 0, 0, 2, 266.08, 16077, 21
320, 0, 0, 22, 22, 1, 32.81%, 0, 0, 2, 0.38, 16757, 21
325, 0, 0, 23, 23, 1, 35.94%, 0, 0, 2, 303.87, 18287, 23
351, 0, 0, 23, 23, 1, 35.94%, 0, 0, 2, 2.08, 18929, 23
356, 0, 0, 23, 23, 1, 35.94%, 0, 0, 2, 242.20, 20133, 23
382, 0, 0, 23, 23, 1, 35.94%, 0, 0, 2, 2.94, 20739, 23
387, 0, 0, 23, 23, 1, 35.94%, 0, 0, 2, 315.66, 22337, 23
400, 0, 0, 23, 23, 1, 35.94%, 0, 0, 2, 3.63, 22961, 23
409, 0, 0, 23, 23, 1, 35.94%, 0, 0, 2, 2.49, 23333, 23
419, 0, 0, 23, 23, 1, 35.94%, 0, 0, 2, 0.28, 23336, 23
425, 0, 0, 24, 24, 1, 37.50%, 0, 0, 2, 346.90, 25128, 24
445, 0, 0, 24, 24, 1, 37.50%, 0, 0, 2, 0.06, 25607, 24
450, 0, 0, 24, 24, 1, 37.50%, 0, 0, 2, 331.15, 27354, 24
471, 0, 0, 24, 24, 1, 37.50%, 0, 0, 2, 0.98, 27960, 24
476, 0, 0, 24, 24, 1, 37.50%, 0, 0, 2, 155.05, 29688, 24
488, 0, 0, 24, 24, 1, 37.50%, 0, 0, 2, 4.26, 29937, 24
505, 0, 0, 24, 24, 1, 37.50%, 0, 0, 2, 2.92, 31464, 24
510, 0, 0, 24, 24, 1, 37.50%, 0, 0, 2, 309.82, 33204, 24
526, 0, 0, 24, 24, 1, 37.50%, 0, 0, 2, 3.98, 33966, 24
531, 0, 0, 25, 25, 1, 39.06%, 0, 0, 2, 351.39, 35787, 25
548, 0, 0, 26, 26, 1, 40.62%, 0, 0, 2, 2.17, 36620, 26
553, 0, 0, 26, 26, 1, 40.62%, 0, 0, 2, 362.03, 38468, 26
562, 0, 0, 26, 26, 1, 40.62%, 0, 0, 2, 12.14, 39364, 26
575, 0, 0, 26, 26, 1, 40.62%, 0, 0, 2, 3.10, 41016, 26
580, 0, 0, 26, 26, 1, 40.62%, 0, 0, 2, 410.50, 42906, 26
589, 0, 0, 26, 26, 1, 40.62%, 0, 0, 2, 6.26, 43907, 26
601, 0, 0, 26, 26, 1, 40.62%, 0, 0, 2, 8.08, 45867, 26
607, 0, 0, 26, 26, 1, 40.62%, 0, 0, 2, 389.85, 47848, 26
613, 0, 0, 26, 26, 1, 40.62%, 0, 0, 2, 18.00, 48758, 26
619, 0, 0, 26, 26, 1, 40.62%, 0, 0, 2, 403.68, 50802, 26
629, 0, 0, 26, 26, 1, 40.62%, 0, 0, 2, 11.41, 52062, 26
634, 0, 0, 26, 26, 1, 40.62%, 0, 0, 2, 410.76, 54186, 26
649, 0, 0, 26, 26, 1, 40.62%, 0, 0, 2, 6.75, 55714, 26
654, 0, 0, 26, 26, 1, 40.62%, 0, 0, 2, 419.53, 57818, 26
660, 0, 0, 26, 26, 1, 40.62%, 0, 0, 2, 33.77, 59570, 26
665, 0, 0, 26, 26, 1, 40.62%, 0, 0, 2, 411.29, 61650, 26
673, 0, 0, 26, 26, 1, 40.62%, 0, 0, 2, 2.35, 62554, 26
678, 0, 0, 26, 26, 1, 40.62%, 0, 0, 2, 428.73, 64698, 26
683, 0, 0, 26, 26, 1, 40.62%, 0, 0, 2, 422.42, 66794, 26
688, 0, 0, 28, 28, 1, 42.19%, 0, 0, 2, 426.87, 68928, 27
694, 0, 0, 28, 28, 1, 42.19%, 0, 0, 2, 23.63, 70056, 27
699, 0, 0, 28, 28, 1, 42.19%, 0, 0, 2, 391.92, 72138, 27
704, 0, 0, 28, 28, 1, 42.19%, 0, 0, 2, 407.35, 73456, 27
709, 0, 0, 29, 29, 1, 42.19%, 0, 0, 2, 416.56, 75535, 27
714, 0, 0, 30, 30, 1, 43.75%, 0, 0, 2, 419.31, 77630, 28
720, 0, 0, 30, 30, 1, 43.75%, 0, 0, 2, 403.27, 79702, 28
725, 0, 0, 30, 30, 1, 43.75%, 0, 0, 2, 450.00, 81680, 28
733, 0, 0, 34, 34, 1, 45.31%, 0, 0, 2, 20.53, 83573, 29
738, 0, 23, 40, 38, 7, 45.31%, 0, 0, 3, 390.72, 85594, 29
744, 0, 23, 41, 39, 7, 45.31%, 0, 0, 3, 415.71, 87732, 29
749, 0, 23, 41, 39, 7, 45.31%, 0, 0, 3, 429.56, 89900, 29
754, 0, 23, 41, 39, 7, 45.31%, 0, 0, 3, 282.65, 91141, 29
760, 0, 23, 41, 39, 7, 45.31%, 0, 0, 3, 14.76, 92301, 29
765, 0, 23, 42, 40, 7, 45.31%, 0, 0, 3, 413.74, 94340, 29
770, 0, 23, 42, 40, 7, 45.31%, 0, 0, 3, 36.20, 96460, 29
776, 0, 29, 45, 36, 2, 45.31%, 0, 0, 3, 439.04, 98648, 29
781, 0, 36, 50, 39, 0, 45.31%, 0, 0, 4, 408.62, 100714, 29
787, 0, 43, 53, 42, 0, 45.31%, 0, 0, 4, 24.11, 102362, 29
792, 0, 43, 53, 42, 0, 45.31%, 0, 0, 4, 419.63, 104466, 29
797, 0, 43, 53, 42, 0, 45.31%, 0, 0, 4, 352.51, 106130, 29
802, 0, 43, 53, 42, 0, 45.31%, 0, 0, 4, 498.24, 108174, 29
807, 0, 43, 53, 42, 0, 45.31%, 0, 0, 4, 429.66, 110286, 29
814, 0, 36, 53, 42, 0, 45.31%, 0, 0, 4, 1.76, 111464, 29
819, 0, 27, 54, 43, 0, 45.31%, 0, 0, 4, 425.76, 113611, 29
824, 0, 41, 54, 43, 0, 45.31%, 0, 0, 4, 357.15, 115298, 29
830, 0, 41, 56, 44, 0, 45.31%, 0, 0, 4, 407.30, 117313, 29
835, 0, 54, 57, 45, 0, 45.31%, 0, 0, 4, 414.01, 119398, 29
840, 0, 43, 57, 45, 0, 45.31%, 0, 0, 4, 442.90, 121448, 29
845, 0, 43, 57, 45, 0, 45.31%, 0, 0, 4, 415.48, 123341, 29
850, 0, 43, 57, 45, 0, 45.31%, 0, 0, 4, 417.68, 125406, 29
855, 0, 36, 57, 45, 0, 45.31%, 0, 0, 4, 397.09, 127349, 29
860, 0, 43, 59, 47, 0, 45.31%, 0, 0, 4, 415.83, 129447, 29
865, 0, 54, 59, 47, 0, 45.31%, 0, 0, 4, 79.31, 131308, 29
871, 0, 36, 59, 47, 0, 45.31%, 0, 0, 4, 419.35, 133448, 29
876, 0, 36, 59, 47, 0, 45.31%, 0, 0, 4, 426.51, 135655, 29
881, 0, 36, 59, 47, 0, 45.31%, 0, 0, 4, 375.94, 137783, 29
886, 1, 8, 59, 47, 0, 45.31%, 0, 0, 4, 419.87, 139915, 29
891, 1, 29, 62, 50, 0, 45.31%, 0, 0, 4, 409.53, 141920, 29
896, 1, 43, 62, 50, 0, 45.31%, 0, 0, 4, 393.39, 143726, 29
901, 1, 43, 63, 51, 0, 45.31%, 0, 0, 4, 354.22, 145539, 29
907, 1, 36, 63, 51, 0, 45.31%, 0, 0, 4, 309.11, 147069, 29
912, 1, 36, 63, 51, 0, 45.31%, 0, 0, 4, 377.78, 149021, 29
917, 1, 29, 63, 51, 0, 45.31%, 0, 0, 4, 415.08, 151210, 29
922, 1, 27, 64, 52, 0, 45.31%, 0, 0, 4, 385.06, 153121, 29
927, 1, 36, 64, 52, 0, 45.31%, 0, 0, 4, 353.42, 154887, 29
932, 1, 36, 64, 52, 0, 45.31%, 0, 0, 4, 343.03, 156662, 29
937, 1, 36, 64, 52, 0, 45.31%, 0, 0, 4, 330.81, 158269, 29
943, 1, 27, 64, 52, 0, 45.31%, 0, 0, 4, 268.53, 159732, 29
948, 1, 36, 65, 53, 0, 45.31%, 0, 0, 4, 449.43, 161788, 29
953, 1, 27, 66, 54, 0, 45.31%, 0, 0, 4, 328.33, 163419, 29
958, 1, 29, 66, 54, 0, 45.31%, 0, 0, 4, 368.83, 165274, 29
963, 1, 54, 66, 54, 0, 45.31%, 0, 0, 4, 383.13, 167212, 29
968, 2, 36, 66, 54, 0, 45.31%, 0, 0, 4, 392.68, 169179, 29
973, 2, 28, 69, 57, 0, 45.31%, 0, 0, 4, 379.55, 171122, 29
978, 2, 43, 70, 57, 0, 45.31%, 0, 0, 4, 384.55, 173138, 29
983, 2, 43, 72, 59, 0, 45.31%, 0, 0, 4, 350.00, 175025, 29
989, 2, 43, 77, 64, 0, 45.31%, 0, 0, 4, 355.29, 176918, 29
994, 2, 43, 77, 63, 0, 45.31%, 0, 0, 4, 407.31, 178917, 29
999, 2, 43, 79, 65, 0, 45.31%, 0, 0, 4, 397.67, 180902, 29
1004, 2, 46, 79, 65, 0, 45.31%, 0, 0, 4, 460.36, 183054, 29
1009, 2, 43, 82, 67, 0, 45.31%, 0, 0, 4, 402.67, 185065, 29
1014, 2, 43, 82, 67, 0, 45.31%, 0, 0, 4, 400.99, 187127, 29
1019, 2, 43, 83, 67, 0, 45.31%, 0, 0, 4, 401.70, 189096, 29
1024, 2, 56, 84, 68, 0, 45.31%, 0, 0, 5, 398.98, 191025, 29
1029, 2, 56, 84, 67, 0, 45.31%, 0, 0, 5, 383.64, 192891, 29
1034, 2, 43, 85, 68, 0, 45.31%, 0, 0, 5, 394.51, 194926, 29
1039, 2, 37, 85, 67, 0, 45.31%, 0, 0, 5, 413.54, 197010, 29
1044, 2, 68, 85, 67, 0, 45.31%, 0, 0, 5, 393.58, 198950, 29
1049, 2, 43, 85, 66, 0, 45.31%, 0, 0, 5, 407.84, 201002, 29
1055, 2, 25, 85, 66, 0, 45.31%, 0, 0, 5, 385.63, 202848, 29
1060, 2, 37, 86, 66, 0, 45.31%, 0, 0, 5, 412.92, 204778, 29
1065, 2, 56, 88, 68, 0, 45.31%, 0, 0, 5, 427.05, 206898, 29
1070, 2, 36, 89, 69, 0, 45.31%, 0, 0, 5, 420.55, 209007, 29
1075, 2, 36, 89, 67, 0, 45.31%, 0, 0, 5, 419.14, 211091, 29
1080, 3, 36, 90, 68, 0, 45.31%, 0, 0, 5, 403.24, 213088, 29
1085, 3, 37, 91, 69, 0, 45.31%, 0, 0, 5, 447.50, 215146, 29
1090, 3, 36, 92, 70, 0, 45.31%, 0, 0, 5, 13.73, 216721, 29
1095, 3, 43, 93, 71, 0, 45.31%, 0, 0, 5, 389.62, 218721, 29
1101, 3, 27, 93, 71, 0, 45.31%, 0, 0, 5, 408.33, 220655, 29
1106, 3, 43, 93, 71, 0, 45.31%, 0, 0, 5, 413.91, 222720, 29
1111, 3, 56, 93, 71, 0, 45.31%, 0, 0, 5, 401.86, 224693, 29
1116, 3, 36, 93, 71, 0, 45.31%, 0, 0, 5, 416.59, 226783, 29
1121, 3, 43, 93, 71, 0, 45.31%, 0, 0, 5, 409.81, 228890, 29
1126, 3, 43, 93, 71, 0, 45.31%, 0, 0, 5, 445.55, 230884, 29
1131, 3, 43, 93, 71, 0, 45.31%, 0, 0, 5, 422.49, 232986, 29
1136, 3, 36, 93, 71, 0, 45.31%, 0, 0, 5, 434.74, 235198, 29
1141, 3, 71, 93, 71, 0, 45.31%, 0, 0, 5, 398.27, 237099, 29
1146, 3, 36, 93, 70, 0, 45.31%, 0, 0, 5, 398.30, 238980, 29
1151, 3, 36, 93, 70, 0, 45.31%, 0, 0, 5, 421.82, 241138, 29
1157, 3, 36, 93, 70, 0, 45.31%, 0, 0, 5, 419.19, 243251, 29
1162, 3, 46, 94, 70, 0, 45.31%, 0, 0, 5, 433.67, 245417, 29
1167, 3, 41, 94, 69, 0, 45.31%, 0, 0, 5, 423.16, 247520, 29
1172, 3, 87, 94, 68, 0, 45.31%, 0, 0, 5, 399.63, 249504, 29
1177, 3, 36, 94, 67, 0, 45.31%, 0, 0, 5, 401.13, 251527, 29
1182, 4, 36, 94, 67, 0, 45.31%, 0, 0, 5, 415.17, 253629, 29
1187, 4, 43, 94, 67, 0, 45.31%, 0, 0, 5, 408.15, 255771, 29
1192, 4, 36, 94, 67, 0, 45.31%, 0, 0, 5, 398.71, 257791, 29
1197, 4, 36, 94, 67, 0, 45.31%, 0, 0, 5, 404.15, 259949, 29
1203, 4, 78, 94, 67, 0, 45.31%, 0, 0, 5, 394.48, 261917, 29
1208, 4, 27, 94, 66, 0, 45.31%, 0, 0, 5, 374.97, 263810, 29
1213, 4, 36, 94, 66, 0, 45.31%, 0, 0, 5, 399.70, 265891, 29
1218, 4, 43, 94, 66, 0, 45.31%, 0, 0, 5, 405.37, 267999, 29
1223, 4, 73, 94, 65, 0, 45.31%, 0, 0, 5, 395.12, 270037, 29
1228, 4, 36, 94, 64, 0, 45.31%, 0, 0, 5, 404.76, 272136, 29
1233, 4, 43, 94, 64, 0, 45.31%, 0, 0, 5, 401.28, 274201, 29
1238, 4, 49, 94, 62, 0, 45.31%, 0, 0, 5, 402.30, 276211, 29
1244, 4, 43, 94, 62, 0, 45.31%, 0, 0, 5, 382.17, 278133, 29
1249, 4, 43, 94, 62, 0, 45.31%, 0, 0, 5, 403.52, 280279, 29
1254, 4, 37, 94, 61, 0, 45.31%, 0, 0, 5, 411.97, 282378, 29
1259, 4, 49, 94, 61, 0, 45.31%, 0, 0, 5, 424.73, 284592, 29
1264, 4, 36, 94, 61, 0, 45.31%, 0, 0, 5, 423.57, 286672, 29
1269, 4, 75, 94, 61, 0, 45.31%, 0, 0, 5, 402.22, 288700, 29
1274, 4, 75, 94, 61, 0, 45.31%, 0, 0, 5, 397.52, 290696, 29
1279, 4, 43, 94, 60, 0, 45.31%, 0, 0, 5, 412.09, 292764, 29
1284, 4, 43, 94, 60, 0, 45.31%, 0, 0, 5, 422.55, 294894, 29
1290, 4, 49, 94, 60, 0, 45.31%, 0, 0, 5, 409.09, 296979, 29
1295, 5, 36, 94, 59, 0, 45.31%, 0, 0, 5, 423.02, 299073, 29
1300, 5, 36, 94, 59, 0, 45.31%, 0, 0, 5, 44.44, 300998, 29
1305, 5, 36, 94, 59, 0, 45.31%, 0, 0, 5, 327.00, 302556, 29
1310, 5, 36, 94, 59, 0, 45.31%, 0, 0, 5, 366.45, 304350, 29
1315, 5, 36, 94, 59, 0, 45.31%, 0, 0, 5, 394.13, 306364, 29
1320, 5, 36, 94, 59, 0, 45.31%, 0, 0, 5, 415.03, 308514, 29
1325, 5, 56, 94, 59, 0, 45.31%, 0, 0, 5, 402.76, 310522, 29
1330, 5, 43, 94, 59, 0, 45.31%, 0, 0, 5, 399.30, 312490, 29
1335, 5, 74, 94, 59, 0, 45.31%, 0, 0, 5, 407.87, 314543, 29
1340, 5, 41, 94, 58, 0, 45.31%, 0, 0, 5, 434.63, 316579, 29
1346, 5, 36, 94, 58, 0, 45.31%, 0, 0, 5, 414.67, 318604, 29
1351, 5, 43, 94, 58, 0, 45.31%, 0, 0, 5, 425.02, 320725, 29
1356, 5, 43, 94, 58, 0, 45.31%, 0, 0, 5, 416.26, 322772, 29
1361, 5, 36, 94, 57, 0, 45.31%, 0, 0, 5, 418.43, 324932, 29
1366, 5, 55, 94, 57, 0, 45.31%, 0, 0, 5, 425.46, 327118, 29
1371, 5, 36, 94, 57, 0, 45.31%, 0, 0, 5, 301.25, 328518, 29
1376, 5, 36, 94, 57, 0, 45.31%, 0, 0, 5, 319.82, 329927, 29
1381, 5, 43, 94, 57, 0, 45.31%, 0, 0, 5, 390.47, 331987, 29
1386, 5, 43, 94, 57, 0, 45.31%, 0, 0, 5, 415.88, 334043, 29
1391, 5, 52, 94, 57, 0, 45.31%, 0, 0, 5, 417.03, 336107, 29
1397, 5, 36, 94, 56, 0, 45.31%, 0, 0, 5, 406.37, 338162, 29
1402, 5, 21, 94, 56, 0, 45.31%, 0, 0, 5, 406.05, 340169, 29
1407, 6, 43, 94, 54, 0, 45.31%, 0, 0, 5, 424.70, 342297, 29
1412, 6, 27, 94, 54, 0, 45.31%, 0, 0, 5, 363.50, 344077, 29
1417, 6, 38, 94, 54, 0, 45.31%, 0, 0, 5, 394.78, 346050, 29
1422, 6, 38, 94, 53, 0, 45.31%, 0, 0, 5, 408.56, 348184, 29
1427, 6, 38, 94, 53, 0, 45.31%, 0, 0, 5, 417.95, 350325, 29
1432, 6, 43, 94, 53, 0, 45.31%, 0, 0, 5, 67.57, 352261, 29
1437, 6, 38, 94, 53, 0, 45.31%, 0, 0, 5, 388.23, 354346, 29
1443, 6, 56, 94, 53, 0, 45.31%, 0, 0, 5, 403.98, 356498, 29
1448, 6, 37, 94, 53, 0, 45.31%, 0, 0, 5, 408.69, 358601, 29
1453, 6, 43, 94, 53, 0, 45.31%, 0, 0, 5, 412.65, 360787, 29
1458, 6, 56, 94, 53, 0, 45.31%, 0, 0, 5, 416.69, 362990, 29
1463, 6, 38, 94, 53, 0, 45.31%, 0, 0, 5, 419.22, 365129, 29
1468, 6, 38, 94, 53, 0, 45.31%, 0, 0, 5, 407.88, 367194, 29
1473, 6, 37, 94, 53, 0, 45.31%, 0, 0, 5, 413.05, 369339, 29
1478, 6, 36, 94, 53, 0, 45.31%, 0, 0, 5, 412.91, 371409, 29
1483, 6, 38, 94, 52, 0, 45.31%, 0, 0, 5, 413.63, 373502, 29
1488, 6, 49, 94, 52, 0, 45.31%, 0, 0, 5, 419.66, 375717, 29
1493, 6, 38, 94, 52, 0, 45.31%, 0, 0, 5, 405.85, 377694, 29
1498, 6, 43, 94, 51, 0, 45.31%, 0, 0, 5, 416.47, 379815, 29
1503, 6, 36, 94, 50, 0, 45.31%, 0, 0, 5, 398.32, 381797, 29
1508, 7, 38, 94, 50, 0, 45.31%, 0, 0, 5, 400.66, 383849, 29
1514, 7, 43, 94, 50, 0, 45.31%, 0, 0, 5, 447.82, 385959, 29
1519, 7, 38, 94, 50, 0, 45.31%, 0, 0, 5, 433.56, 387948, 29
1524, 7, 38, 94, 50, 0, 45.31%, 0, 0, 5, 422.31, 390123, 29
1529, 7, 37, 94, 50, 0, 45.31%, 0, 0, 5, 419.71, 392202, 29
1534, 7, 38, 94, 50, 0, 45.31%, 0, 0, 5, 415.55, 394338, 29
1539, 7, 43, 94, 50, 0, 45.31%, 0, 0, 5, 417.21, 396501, 29
1544, 7, 43, 94, 50, 0, 45.31%, 0, 0, 5, 408.45, 398501, 29
1549, 7, 38, 94, 50, 0, 45.31%, 0, 0, 5, 399.40, 400538, 29
1554, 7, 38, 94, 49, 0, 45.31%, 0, 0, 5, 411.48, 402659, 29
1559, 7, 38, 94, 48, 0, 45.31%, 0, 0, 5, 412.94, 404748, 29
1565, 7, 48, 94, 48, 0, 45.31%, 0, 0, 5, 208.64, 406477, 29
1570, 7, 55, 94, 48, 0, 45.31%, 0, 0, 5, 341.98, 408275, 29
1575, 7, 36, 94, 48, 0, 45.31%, 0, 0, 5, 416.17, 410508, 29
1580, 7, 43, 94, 48, 0, 45.31%, 0, 0, 5, 414.80, 412577, 29
1585, 7, 43, 94, 48, 0, 45.31%, 0, 0, 5, 442.32, 414646, 29
1590, 7, 48, 94, 48, 0, 45.31%, 0, 0, 5, 437.08, 416827, 29
1595, 7, 43, 94, 48, 0, 45.31%, 0, 0, 5, 425.28, 418983, 29
1600, 7, 38, 94, 48, 0, 45.31%, 0, 0, 5, 395.34, 420980, 29
1605, 7, 36, 94, 48, 0, 45.31%, 0, 0, 5, 410.75, 423085, 29
1611, 7, 38, 94, 47, 0, 45.31%, 0, 0, 5, 405.76, 425161, 29
1616, 7, 43, 94, 47, 0, 45.31%, 0, 0, 5, 424.45, 427289, 29
1621, 8, 38, 94, 47, 0, 45.31%, 0, 0, 5, 427.15, 429404, 29
1626, 8, 65, 94, 46, 0, 45.31%, 0, 0, 5, 402.29, 431380, 29
1631, 8, 38, 94, 44, 0, 45.31%, 0, 0, 5, 417.64, 433527, 29
1636, 8, 83, 94, 44, 0, 45.31%, 0, 0, 5, 366.72, 435388, 29
1641, 8, 43, 94, 43, 0, 45.31%, 0, 0, 5, 368.42, 437116, 29
1646, 8, 38, 94, 43, 0, 45.31%, 0, 0, 5, 404.20, 439186, 29
1651, 8, 38, 94, 43, 0, 45.31%, 0, 0, 5, 424.77, 441338, 29
1656, 8, 43, 94, 43, 0, 45.31%, 0, 0, 5, 425.41, 443454, 29
1661, 8, 36, 94, 43, 0, 45.31%, 0, 0, 5, 421.04, 445544, 29
1667, 8, 67, 94, 43, 0, 45.31%, 0, 0, 5, 420.82, 447620, 29
1672, 8, 38, 94, 42, 0, 45.31%, 0, 0, 5, 418.67, 449719, 29
1677, 8, 38, 94, 41, 0, 45.31%, 0, 0, 5, 409.41, 451799, 29
1682, 8, 48, 94, 41, 0, 45.31%, 0, 0, 5, 376.73, 453733, 29
1687, 8, 43, 94, 41, 0, 45.31%, 0, 0, 5, 391.52, 455881, 29
1692, 8, 38, 94, 41, 0, 45.31%, 0, 0, 5, 386.91, 457828, 29
1698, 8, 37, 94, 41, 0, 45.31%, 0, 0, 5, 398.59, 459944, 29
1703, 8, 43, 94, 41, 0, 45.31%, 0, 0, 5, 398.25, 461997, 29
1708, 8, 38, 94, 41, 0, 45.31%, 0, 0, 5, 406.54, 464032, 29
1713, 8, 43, 94, 41, 0, 45.31%, 0, 0, 5, 133.53, 466072, 29
1718, 8, 56, 94, 41, 0, 45.31%, 0, 0, 5, 347.31, 468193, 29
1723, 8, 38, 94, 41, 0, 45.31%, 0, 0, 5, 384.36, 470229, 29
1728, 8, 38, 94, 41, 0, 45.31%, 0, 0, 5, 403.97, 472272, 29
1733, 9, 49, 94, 41, 0, 45.31%, 0, 0, 5, 400.75, 474298, 29
1738, 9, 38, 94, 41, 0, 45.31%, 0, 0, 5, 415.10, 476482, 29
1743, 9, 36, 94, 41, 0, 45.31%, 0, 0, 5, 406.86, 478529, 29
1749, 9, 49, 94, 41, 0, 45.31%, 0, 0, 5, 412.38, 480642, 29
1754, 9, 55, 94, 41, 0, 45.31%, 0, 0, 5, 405.70, 482692, 29
1759, 9, 38, 94, 41, 0, 45.31%, 0, 0, 5, 391.45, 484671, 29
1764, 9, 43, 94, 41, 0, 45.31%, 0, 0, 5, 401.64, 486787, 29
1769, 9, 43, 94, 41, 0, 45.31%, 0, 0, 5, 416.91, 488876, 29
1774, 9, 38, 94, 41, 0, 45.31%, 0, 0, 5, 413.36, 490995, 29
1779, 9, 43, 94, 41, 0, 45.31%, 0, 0, 5, 418.02, 493173, 29
1785, 9, 43, 94, 41, 0, 45.31%, 0, 0, 5, 252.07, 495244, 29
1790, 9, 49, 94, 41, 0, 45.31%, 0, 0, 5, 376.91, 497291, 29
1795, 9, 43, 94, 41, 0, 45.31%, 0, 0, 5, 410.03, 499397, 29
1800, 9, 38, 94, 41, 0, 45.31%, 0, 0, 5, 418.53, 501494, 29
1805, 9, 43, 94, 41, 0, 45.31%, 0, 0, 5, 413.86, 503532, 29
1810, 9, 43, 94, 41, 0, 45.31%, 0, 0, 5, 391.93, 505504, 29
1815, 9, 38, 94, 41, 0, 45.31%, 0, 0, 5, 404.78, 507536, 29
1820, 9, 48, 94, 41, 0, 45.31%, 0, 0, 5, 408.42, 509619, 29
1825, 9, 55, 94, 41, 0, 45.31%, 0, 0, 5, 407.84, 511640, 29
1830, 9, 48, 94, 41, 0, 45.31%, 0, 0, 5, 222.92, 513386, 29
1835, 9, 36, 94, 41, 0, 45.31%, 0, 0, 5, 353.53, 515303, 29
1840, 9, 43, 94, 41, 0, 45.31%, 0, 0, 5, 394.50, 517348, 29
1846, 9, 43, 94, 41, 0, 45.31%, 0, 0, 5, 402.26, 519404, 29
1851, 10, 43, 94, 41, 0, 45.31%, 0, 0, 5, 398.95, 521390, 29
1856, 10, 49, 94, 41, 0, 45.31%, 0, 0, 5, 399.49, 523457, 29
1861, 10, 38, 94, 41, 0, 45.31%, 0, 0, 5, 410.70, 525593, 29
1866, 10, 43, 94, 41, 0, 45.31%, 0, 0, 5, 405.35, 527614, 29
1871, 10, 49, 94, 41, 0, 45.31%, 0, 0, 5, 413.92, 529656, 29
1876, 10, 38, 94, 41, 0, 45.31%, 0, 0, 5, 409.14, 531728, 29
1881, 10, 38, 94, 41, 0, 45.31%, 0, 0, 5, 395.23, 533750, 29
1887, 10, 43, 94, 41, 0, 45.31%, 0, 0, 5, 411.94, 535827, 29
1892, 10, 48, 94, 41, 0, 45.31%, 0, 0, 5, 400.13, 537793, 29
1897, 10, 42, 94, 41, 0, 45.31%, 0, 0, 5, 423.45, 539963, 29
1902, 10, 55, 94, 41, 0, 45.31%, 0, 0, 5, 417.98, 542027, 29
1907, 10, 38, 94, 41, 0, 45.31%, 0, 0, 5, 417.01, 544174, 29
1912, 10, 43, 94, 41, 0, 45.31%, 0, 0, 5, 404.38, 546215, 29
1917, 10, 38, 94, 41, 0, 45.31%, 0, 0, 5, 401.42, 548272, 29
1922, 10, 43, 94, 41, 0, 45.31%, 0, 0, 5, 397.14, 550302, 29
1927, 10, 48, 94, 41, 0, 45.31%, 0, 0, 5, 377.06, 552326, 29
1932, 10, 55, 94, 41, 0, 45.31%, 0, 0, 5, 393.74, 554359, 29
1938, 10, 55, 94, 41, 0, 45.31%, 0, 0, 5, 412.41, 556556, 29
1943, 10, 55, 95, 42, 0, 45.31%, 0, 0, 5, 433.56, 558692, 29
1948, 10, 43, 95, 42, 0, 45.31%, 0, 0, 5, 404.72, 560710, 29
1953, 10, 48, 95, 42, 0, 45.31%, 0, 0, 5, 407.50, 562745, 29
1958, 10, 55, 96, 43, 0, 45.31%, 0, 0, 5, 401.13, 564787, 29
1963, 10, 43, 97, 44, 0, 45.31%, 0, 0, 5, 396.19, 566841, 29
1968, 11, 43, 97, 44, 0, 45.31%, 0, 0, 5, 519.15, 569760, 29
1973, 11, 38, 97, 44, 0, 45.31%, 0, 0, 5, 555.59, 572714, 29
1978, 11, 94, 97, 44, 0, 45.31%, 0, 0, 5, 575.60, 575601, 29
1983, 11, 94, 97, 44, 0, 45.31%, 0, 0, 5, 531.52, 578171, 29
1989, 11, 55, 97, 42, 0, 45.31%, 0, 0, 5, 574.68, 581181, 29
1994, 11, 38, 97, 42, 0, 45.31%, 0, 0, 5, 578.40, 584083, 29
1999, 11, 43, 97, 42, 0, 45.31%, 0, 0, 5, 579.64, 586984, 29
2004, 11, 43, 97, 41, 0, 45.31%, 0, 0, 5, 577.04, 589933, 29
2009, 11, 36, 97, 41, 0, 45.31%, 0, 0, 5, 585.89, 593020, 29
2014, 11, 43, 97, 41, 0, 45.31%, 0, 0, 5, 592.40, 596039, 29
2019, 11, 38, 97, 41, 0, 45.31%, 0, 0, 5, 588.85, 598985, 29
2024, 11, 38, 97, 41, 0, 45.31%, 0, 0, 5, 565.94, 601916, 29
2029, 11, 56, 97, 41, 0, 45.31%, 0, 0, 5, 554.61, 604779, 29
2034, 11, 36, 97, 41, 0, 45.31%, 0, 0, 5, 565.40, 607627, 29
2040, 11, 38, 97, 41, 0, 45.31%, 0, 0, 5, 564.99, 610517, 29
2045, 11, 48, 97, 41, 0, 45.31%, 0, 0, 5, 561.30, 613364, 29
2050, 11, 38, 97, 40, 0, 45.31%, 0, 0, 5, 571.17, 616240, 29
2055, 12, 49, 97, 40, 0, 45.31%, 0, 0, 5, 561.46, 619103, 29
2060, 12, 38, 97, 40, 0, 45.31%, 0, 0, 5, 566.26, 621922, 29
2065, 12, 38, 97, 40, 0, 45.31%, 0, 0, 5, 594.35, 624963, 29
2070, 12, 38, 97, 40, 0, 45.31%, 0, 0, 5, 574.08, 627814, 29
2075, 12, 1, 97, 40, 0, 45.31%, 0, 0, 5, 580.68, 630736, 29
2080, 12, 43, 97, 39, 0, 45.31%, 0, 0, 5, 571.09, 633603, 29
2085, 12, 43, 97, 39, 0, 45.31%, 0, 0, 5, 588.56, 636545, 29
2091, 12, 43, 97, 39, 0, 45.31%, 0, 0, 5, 569.52, 639388, 29
2096, 12, 37, 97, 39, 0, 45.31%, 0, 0, 5, 597.89, 642392, 29
2101, 12, 56, 97, 39, 0, 45.31%, 0, 0, 5, 586.53, 645252, 29
2106, 12, 55, 97, 38, 0, 45.31%, 0, 0, 5, 600.09, 648297, 29
2111, 12, 49, 97, 38, 0, 45.31%, 0, 0, 5, 593.55, 651193, 29
2116, 12, 37, 97, 38, 0, 45.31%, 0, 0, 5, 567.01, 654009, 29
2121, 12, 37, 97, 38, 0, 45.31%, 0, 0, 5, 585.12, 656956, 29
2126, 12, 48, 97, 38, 0, 45.31%, 0, 0, 5, 515.61, 659626, 29
2131, 12, 36, 97, 38, 0, 45.31%, 0, 0, 5, 459.85, 661736, 29
2136, 12, 43, 97, 38, 0, 45.31%, 0, 0, 5, 545.35, 664558, 29
2142, 13, 38, 97, 38, 0, 45.31%, 0, 0, 5, 576.72, 667456, 29
2147, 13, 43, 97, 38, 0, 45.31%, 0, 0, 5, 554.17, 670219, 29
2152, 13, 55, 97, 38, 0, 45.31%, 0, 0, 5, 560.85, 673167, 29
2157, 13, 38, 97, 38, 0, 45.31%, 0, 0, 5, 591.61, 676109, 29
2162, 13, 38, 97, 38, 0, 45.31%, 0, 0, 5, 579.76, 678957, 29
2167, 13, 38, 97, 38, 0, 45.31%, 0, 0, 5, 591.31, 681889, 29
2172, 13, 38, 97, 38, 0, 45.31%, 0, 0, 5, 590.18, 684850, 29
2177, 13, 38, 97, 38, 0, 45.31%, 0, 0, 5, 576.24, 687827, 29
2182, 13, 36, 97, 38, 0, 45.31%, 0, 0, 5, 577.46, 690848, 29
2187, 13, 48, 97, 38, 0, 45.31%, 0, 0, 5, 568.18, 693816, 29
2192, 13, 38, 97, 38, 0, 45.31%, 0, 0, 5, 574.39, 696776, 29
2198, 13, 49, 97, 38, 0, 45.31%, 0, 0, 5, 589.03, 699865, 29
2203, 13, 55, 97, 38, 0, 45.31%, 0, 0, 5, 557.80, 702728, 29
2208, 13, 48, 97, 38, 0, 45.31%, 0, 0, 5, 564.95, 705604, 29
2213, 13, 43, 97, 38, 0, 45.31%, 0, 0, 5, 574.24, 708505, 29
2218, 14, 43, 97, 38, 0, 45.31%, 0, 0, 5, 579.72, 711442, 29
2223, 14, 43, 97, 38, 0, 45.31%, 0, 0, 5, 561.22, 714370, 29
2228, 14, 43, 97, 38, 0, 45.31%, 0, 0, 5, 585.78, 717502, 29
2233, 14, 38, 97, 38, 0, 45.31%, 0, 0, 5, 554.11, 720280, 29
2238, 14, 38, 97, 38, 0, 45.31%, 0, 0, 5, 566.69, 723184, 29
2243, 14, 38, 97, 38, 0, 45.31%, 0, 0, 5, 560.04, 726046, 29
2248, 14, 43, 97, 38, 0, 45.31%, 0, 0, 5, 558.66, 728899, 29
2254, 14, 49, 97, 38, 0, 45.31%, 0, 0, 5, 549.05, 731724, 29
2259, 14, 38, 97, 38, 0, 45.31%, 0, 0, 5, 565.28, 734615, 29
2264, 14, 38, 97, 38, 0, 45.31%, 0, 0, 5, 569.95, 737483, 29
2269, 14, 38, 97, 37, 0, 45.31%, 0, 0, 5, 583.98, 740489, 29
2274, 14, 49, 97, 37, 0, 45.31%, 0, 0, 5, 575.13, 743380, 29
2279, 14, 43, 97, 37, 0, 45.31%, 0, 0, 5, 601.95, 746438, 29
2284, 14, 55, 97, 37, 0, 45.31%, 0, 0, 5, 583.41, 749446, 29
2289, 14, 96, 97, 37, 0, 45.31%, 0, 0, 5, 441.58, 751709, 29
2294, 14, 96, 97, 37, 0, 45.31%, 0, 0, 5, 423.96, 753676, 29
2299, 14, 36, 97, 36, 0, 45.31%, 0, 0, 5, 560.97, 756730, 29
2304, 15, 48, 97, 35, 0, 45.31%, 0, 0, 5, 555.68, 759522, 29
2309, 15, 36, 97, 35, 0, 45.31%, 0, 0, 5, 589.43, 762532, 29
2315, 15, 55, 97, 35, 0, 45.31%, 0, 0, 5, 569.96, 765451, 29
2320, 15, 43, 97, 34, 0, 45.31%, 0, 0, 5, 607.31, 768564, 29
2325, 15, 43, 97, 34, 0, 45.31%, 0, 0, 5, 564.60, 771393, 29
2330, 15, 43, 97, 34, 0, 45.31%, 0, 0, 5, 572.82, 774320, 29
2335, 15, 43, 97, 34, 0, 45.31%, 0, 0, 5, 594.72, 777430, 29
2340, 15, 49, 97, 34, 0, 45.31%, 0, 0, 5, 564.77, 780355, 29
2345, 15, 38, 97, 34, 0, 45.31%, 0, 0, 5, 589.99, 783414, 29
2350, 15, 38, 97, 34, 0, 45.31%, 0, 0, 5, 596.84, 786428, 29
2355, 15, 43, 97, 34, 0, 45.31%, 0, 0, 5, 583.13, 789346, 29
2360, 15, 38, 97, 34, 0, 45.31%, 0, 0, 5, 586.98, 792298, 29
2366, 15, 38, 97, 34, 0, 45.31%, 0, 0, 5, 553.34, 795129, 29
2371, 15, 43, 98, 35, 0, 45.31%, 0, 0, 5, 583.39, 798198, 29
2376, 15, 43, 98, 35, 0, 45.31%, 0, 0, 5, 600.73, 801269, 29
2381, 16, 36, 98, 35, 0, 45.31%, 0, 0, 5, 607.29, 804295, 29
2386, 16, 38, 98, 35, 0, 45.31%, 0, 0, 5, 562.01, 807103, 29
2391, 16, 97, 98, 35, 0, 45.31%, 0, 0, 5, 515.68, 809727, 29
2396, 16, 97, 98, 35, 0, 45.31%, 0, 0, 5, 529.02, 812228, 29
2401, 16, 49, 98, 33, 0, 45.31%, 0, 0, 5, 556.79, 815125, 29
2407, 16, 43, 98, 33, 0, 45.31%, 0, 0, 5, 577.75, 818081, 29
2412, 16, 38, 98, 33, 0, 45.31%, 0, 0, 5, 577.67, 821034, 29
2417, 16, 38, 98, 33, 0, 45.31%, 0, 0, 5, 582.02, 823964, 29
2422, 16, 38, 98, 33, 0, 45.31%, 0, 0, 5, 601.24, 827009, 29
2427, 16, 43, 98, 33, 0, 45.31%, 0, 0, 5, 574.98, 829791, 29
2432, 16, 43, 98, 33, 0, 45.31%, 0, 0, 5, 570.56, 832820, 29
2437, 16, 38, 98, 33, 0, 45.31%, 0, 0, 5, 533.03, 835666, 29
2442, 16, 38, 98, 32, 0, 45.31%, 0, 0, 5, 539.21, 838429, 29
2447, 16, 38, 98, 32, 0, 45.31%, 0, 0, 5, 576.47, 841414, 29
2453, 16, 36, 98, 32, 0, 45.31%, 0, 0, 5, 564.32, 844365, 29
2458, 16, 43, 98, 31, 0, 45.31%, 0, 0, 5, 583.83, 847332, 29
2463, 16, 56, 98, 31, 0, 45.31%, 0, 0, 5, 551.77, 850177, 29
2468, 16, 43, 98, 31, 0, 45.31%, 0, 0, 5, 575.67, 853188, 29
2473, 16, 38, 98, 31, 0, 45.31%, 0, 0, 5, 562.84, 856017, 29
2478, 17, 93, 98, 31, 0, 45.31%, 0, 0, 5, 559.91, 858865, 29
2483, 17, 55, 98, 30, 0, 45.31%, 0, 0, 5, 560.32, 861720, 29
2488, 17, 43, 98, 30, 0, 45.31%, 0, 0, 5, 572.15, 864696, 29
2493, 17, 43, 98, 30, 0, 45.31%, 0, 0, 5, 547.86, 867478, 29
2498, 17, 55, 98, 29, 0, 45.31%, 0, 0, 5, 585.35, 870439, 29
2503, 17, 56, 98, 29, 0, 45.31%, 0, 0, 5, 583.64, 873394, 29
2508, 17, 38, 98, 29, 0, 45.31%, 0, 0, 5, 599.52, 876430, 29
2513, 17, 48, 98, 29, 0, 45.31%, 0, 0, 5, 557.87, 879279, 29
2518, 17, 38, 98, 29, 0, 45.31%, 0, 0, 5, 564.75, 882181, 29
2524, 17, 56, 98, 27, 0, 45.31%, 0, 0, 5, 554.12, 885067, 29
2529, 17, 48, 98, 27, 0, 45.31%, 0, 0, 5, 582.24, 888045, 29
2534, 17, 38, 98, 27, 0, 45.31%, 0, 0, 5, 567.91, 890993, 29
2539, 17, 43, 98, 27, 0, 45.31%, 0, 0, 5, 532.80, 893638, 29
2544, 17, 49, 98, 27, 0, 45.31%, 0, 0, 5, 564.69, 896588, 29
2549, 17, 36, 98, 27, 0, 45.31%, 0, 0, 5, 561.31, 899518, 29
2554, 17, 38, 98, 26, 0, 45.31%, 0, 0, 5, 492.71, 901866, 29
2559, 17, 43, 98, 26, 0, 45.31%, 0, 0, 5, 560.63, 904722, 29
2564, 18, 43, 98, 26, 0, 45.31%, 0, 0, 5, 549.89, 907472, 29
2570, 18, 38, 98, 26, 0, 45.31%, 0, 0, 5, 582.68, 910241, 29
2575, 18, 43, 98, 26, 0, 45.31%, 0, 0, 5, 575.78, 913145, 29
2580, 18, 43, 98, 26, 0, 45.31%, 0, 0, 5, 579.52, 916074, 29
2585, 18, 43, 98, 26, 0, 45.31%, 0, 0, 5, 583.91, 919105, 29
2590, 18, 36, 98, 26, 0, 45.31%, 0, 0, 5, 593.69, 922139, 29
2595, 18, 56, 98, 26, 0, 45.31%, 0, 0, 5, 584.78, 925094, 29
2600, 18, 43, 98, 26, 0, 45.31%, 0, 0, 5, 567.40, 927964, 29
2605, 18, 38, 98, 25, 0, 45.31%, 0, 0, 5, 543.95, 930732, 29
2611, 18, 95, 98, 25, 0, 45.31%, 0, 0, 5, 480.14, 933251, 29
2616, 18, 49, 98, 24, 0, 45.31%, 0, 0, 5, 516.52, 935842, 29
2621, 18, 36, 98, 24, 0, 45.31%, 0, 0, 5, 516.17, 938477, 29
2626, 18, 36, 98, 24, 0, 45.31%, 0, 0, 5, 564.45, 941438, 29
2631, 18, 48, 98, 24, 0, 45.31%, 0, 0, 5, 557.89, 944245, 29
2636, 18, 43, 98, 24, 0, 45.31%, 0, 0, 5, 583.91, 947191, 29
2641, 18, 37, 98, 24, 0, 45.31%, 0, 0, 5, 546.86, 949926, 29
2644, 18, 43, 98, 24, 0, 45.31%, 1, 0, 5, 0.00, 951389, 29
