# relative_time, cycles_done, cur_item, corpus_count, pending_total, pending_favs, map_size, saved_crashes, saved_hangs, max_depth, execs_per_sec, total_execs, edges_found
62, 0, 0, 26, 26, 1, 34.78%, 0, 0, 2, 4.66, 3342, 24
93, 0, 0, 27, 27, 1, 34.78%, 0, 0, 2, 4.79, 6597, 24
98, 0, 0, 28, 28, 1, 36.23%, 0, 0, 2, 783.00, 10579, 25
121, 0, 0, 28, 28, 1, 36.23%, 0, 0, 2, 7.57, 11899, 25
126, 0, 0, 30, 30, 1, 39.13%, 0, 0, 2, 366.65, 15840, 27
151, 0, 0, 30, 30, 1, 39.13%, 0, 0, 2, 0.29, 16012, 27
156, 0, 24, 35, 33, 6, 40.58%, 0, 0, 3, 736.81, 19884, 28
177, 0, 27, 37, 34, 6, 40.58%, 0, 0, 3, 8.08, 20221, 28
182, 0, 31, 39, 34, 5, 42.03%, 0, 0, 3, 774.23, 24113, 29
203, 0, 37, 41, 35, 4, 42.03%, 0, 0, 4, 6.54, 24907, 29
208, 0, 30, 47, 35, 0, 42.03%, 0, 0, 4, 787.55, 28871, 29
230, 0, 43, 47, 35, 0, 42.03%, 0, 0, 4, 1.40, 29933, 29
236, 0, 30, 50, 38, 0, 42.03%, 0, 0, 5, 560.76, 33830, 29
259, 0, 38, 51, 39, 0, 42.03%, 0, 0, 5, 5.88, 34475, 29
264, 0, 43, 52, 40, 0, 42.03%, 0, 0, 5, 800.70, 38512, 29
286, 0, 43, 53, 41, 0, 42.03%, 0, 0, 5, 3.86, 40112, 29
291, 0, 43, 56, 43, 0, 42.03%, 0, 0, 5, 769.70, 43929, 29
306, 0, 53, 57, 44, 0, 42.03%, 0, 0, 6, 5.63, 45834, 29
320, 0, 53, 57, 44, 0, 42.03%, 0, 0, 6, 0.22, 45837, 29
325, 0, 34, 57, 44, 0, 42.03%, 0, 0, 6, 811.06, 49958, 29
351, 0, 31, 57, 44, 0, 42.03%, 0, 0, 6, 2.51, 51788, 29
356, 0, 43, 58, 45, 0, 42.03%, 0, 0, 6, 716.88, 55476, 29
382, 0, 43, 58, 45, 0, 42.03%, 0, 0, 6, 5.42, 57113, 29
387, 0, 43, 58, 45, 0, 42.03%, 0, 0, 6, 756.60, 60940, 29
400, 0, 34, 58, 45, 0, 42.03%, 0, 0, 6, 7.28, 62298, 29
409, 0, 43, 58, 45, 0, 42.03%, 0, 0, 6, 5.96, 63176, 29
419, 0, 43, 58, 45, 0, 42.03%, 0, 0, 6, 1.11, 63188, 29
425, 0, 43, 60, 47, 0, 42.03%, 0, 0, 6, 792.38, 67336, 29
445, 0, 43, 60, 47, 0, 42.03%, 0, 0, 6, 3.46, 68568, 29
450, 0, 43, 60, 47, 0, 42.03%, 0, 0, 6, 106.38, 72414, 29
471, 0, 43, 60, 47, 0, 42.03%, 0, 0, 6, 7.13, 73746, 29
476, 0, 37, 60, 47, 0, 42.03%, 0, 0, 6, 751.35, 77589, 29
488, 0, 37, 60, 47, 0, 42.03%, 0, 0, 6, 9.34, 78193, 29
505, 1, 43, 60, 47, 0, 42.03%, 0, 0, 6, 11.60, 81647, 29
510, 1, 43, 60, 47, 0, 42.03%, 0, 0, 6, 730.94, 85504, 29
526, 1, 53, 60, 47, 0, 42.03%, 0, 0, 6, 8.39, 87239, 29
531, 1, 42, 60, 45, 0, 42.03%, 0, 0, 6, 755.64, 91181, 29
548, 1, 36, 60, 44, 0, 42.03%, 0, 0, 6, 7.57, 93330, 29
553, 1, 34, 60, 44, 0, 42.03%, 0, 0, 6, 818.67, 97555, 29
562, 1, 39, 60, 44, 0, 42.03%, 0, 0, 6, 9.12, 99346, 29
576, 1, 39, 60, 44, 0, 42.03%, 0, 0, 6, 7.40, 102680, 29
581, 1, 39, 60, 44, 0, 42.03%, 0, 0, 6, 802.87, 106744, 29
589, 1, 30, 60, 43, 0, 42.03%, 0, 0, 6, 25.31, 108973, 29
601, 1, 60, 62, 43, 0, 42.03%, 0, 0, 6, 13.40, 113017, 29
606, 1, 60, 63, 44, 0, 42.03%, 0, 0, 6, 809.30, 117092, 29
613, 1, 63, 64, 45, 0, 42.03%, 0, 0, 6, 16.93, 119229, 29
618, 1, 38, 65, 45, 0, 42.03%, 0, 0, 6, 828.52, 123036, 29
629, 1, 43, 66, 46, 0, 42.03%, 0, 0, 6, 7.74, 125893, 29
634, 1, 39, 66, 46, 0, 42.03%, 0, 0, 6, 827.25, 129996, 29
649, 1, 43, 68, 47, 0, 42.03%, 0, 0, 6, 4.92, 133231, 29
654, 1, 43, 70, 47, 0, 42.03%, 0, 0, 6, 828.42, 137531, 29
660, 1, 43, 70, 47, 0, 42.03%, 0, 0, 6, 60.58, 140785, 29
665, 2, 60, 75, 52, 0, 42.03%, 0, 0, 6, 797.70, 144798, 29
673, 2, 60, 76, 53, 0, 42.03%, 0, 0, 6, 15.62, 146684, 29
678, 2, 43, 76, 53, 0, 42.03%, 0, 0, 6, 809.39, 150441, 29
683, 2, 43, 81, 58, 0, 42.03%, 0, 0, 6, 783.44, 154391, 29
688, 2, 43, 84, 60, 0, 42.03%, 0, 0, 6, 793.18, 158286, 29
694, 2, 43, 85, 59, 0, 42.03%, 0, 0, 6, 60.72, 160852, 29
699, 2, 43, 86, 60, 0, 42.03%, 0, 0, 6, 787.75, 164719, 29
704, 2, 34, 88, 62, 0, 42.03%, 0, 0, 6, 816.16, 167346, 29
709, 2, 53, 90, 63, 0, 42.03%, 0, 0, 6, 817.75, 171488, 29
714, 2, 34, 91, 64, 0, 42.03%, 0, 0, 6, 802.86, 175370, 29
719, 2, 79, 91, 64, 0, 42.03%, 0, 0, 6, 766.12, 179166, 29
724, 2, 34, 91, 63, 0, 42.03%, 0, 0, 6, 790.64, 183079, 29
729, 2, 85, 91, 63, 0, 42.03%, 0, 0, 6, 773.52, 186778, 29
734, 2, 85, 91, 63, 0, 42.03%, 0, 0, 6, 671.96, 187368, 29
739, 2, 43, 93, 64, 0, 42.03%, 0, 0, 7, 714.01, 190786, 29
745, 2, 60, 94, 65, 0, 42.03%, 0, 0, 7, 789.60, 194817, 29
750, 2, 43, 94, 65, 0, 42.03%, 0, 0, 7, 789.12, 198742, 29
755, 3, 60, 94, 65, 0, 42.03%, 0, 0, 7, 781.10, 202819, 29
760, 3, 50, 94, 65, 0, 42.03%, 0, 0, 7, 25.48, 205131, 29
765, 3, 47, 94, 64, 0, 42.03%, 0, 0, 7, 637.47, 208983, 29
770, 3, 43, 94, 63, 0, 42.03%, 0, 0, 7, 746.89, 212936, 29
775, 3, 60, 94, 62, 0, 42.03%, 0, 0, 7, 778.00, 216974, 29
780, 3, 43, 95, 62, 0, 42.03%, 0, 0, 7, 774.50, 220977, 29
787, 3, 60, 95, 62, 0, 42.03%, 0, 0, 7, 70.48, 224503, 29
792, 3, 55, 95, 62, 0, 42.03%, 0, 0, 7, 809.59, 228568, 29
797, 3, 47, 95, 61, 0, 42.03%, 0, 0, 7, 812.39, 232685, 29
802, 3, 50, 95, 60, 0, 42.03%, 0, 0, 7, 724.16, 236072, 29
807, 3, 55, 95, 60, 0, 42.03%, 0, 0, 7, 738.32, 239809, 29
814, 3, 34, 95, 60, 0, 42.03%, 0, 0, 7, 5.85, 242295, 29
820, 3, 55, 95, 59, 0, 42.03%, 0, 0, 7, 794.54, 246432, 29
825, 3, 91, 95, 59, 0, 42.03%, 0, 0, 7, 663.34, 249739, 29
830, 3, 43, 95, 58, 0, 42.03%, 0, 0, 7, 785.08, 253777, 29
835, 3, 43, 95, 58, 0, 42.03%, 0, 0, 7, 802.58, 257957, 29
840, 3, 43, 95, 58, 0, 42.03%, 0, 0, 7, 816.22, 261889, 29
845, 4, 45, 95, 58, 0, 42.03%, 0, 0, 7, 818.35, 265957, 29
850, 4, 43, 95, 56, 0, 42.03%, 0, 0, 7, 791.15, 269987, 29
855, 4, 45, 95, 56, 0, 42.03%, 0, 0, 7, 791.61, 274088, 29
861, 4, 43, 95, 56, 0, 42.03%, 0, 0, 7, 800.35, 278239, 29
866, 4, 43, 95, 55, 0, 42.03%, 0, 0, 7, 785.52, 282373, 29
871, 4, 43, 95, 54, 0, 42.03%, 0, 0, 7, 779.41, 286345, 29
876, 4, 55, 96, 54, 0, 42.03%, 0, 0, 7, 814.78, 290518, 29
881, 4, 43, 97, 55, 0, 42.03%, 0, 0, 7, 796.51, 294704, 29
886, 4, 93, 97, 54, 0, 42.03%, 0, 0, 7, 827.38, 299040, 29
891, 4, 43, 97, 52, 0, 42.03%, 0, 0, 7, 795.42, 303000, 29
896, 4, 50, 97, 52, 0, 42.03%, 0, 0, 7, 800.79, 307078, 29
901, 4, 53, 97, 51, 0, 42.03%, 0, 0, 7, 792.81, 311074, 29
907, 4, 55, 98, 52, 0, 42.03%, 0, 0, 7, 828.16, 315378, 29
912, 4, 43, 98, 51, 0, 42.03%, 0, 0, 7, 819.51, 319518, 29
917, 4, 43, 99, 52, 0, 42.03%, 0, 0, 7, 816.56, 323784, 29
922, 4, 45, 99, 52, 0, 42.03%, 0, 0, 7, 832.93, 327489, 29
927, 5, 43, 99, 50, 0, 42.03%, 0, 0, 7, 821.82, 331523, 29
932, 5, 43, 99, 49, 0, 42.03%, 0, 0, 7, 791.65, 335533, 29
937, 5, 50, 99, 49, 0, 42.03%, 0, 0, 7, 791.25, 339729, 29
942, 5, 43, 99, 49, 0, 42.03%, 0, 0, 7, 776.21, 343750, 29
947, 5, 45, 99, 49, 0, 42.03%, 0, 0, 7, 776.65, 347776, 29
952, 5, 43, 99, 49, 0, 42.03%, 0, 0, 7, 786.28, 351714, 29
958, 5, 43, 99, 49, 0, 42.03%, 0, 0, 7, 843.42, 355462, 29
963, 5, 45, 99, 48, 0, 42.03%, 0, 0, 7, 828.01, 359625, 29
968, 5, 47, 99, 47, 0, 42.03%, 0, 0, 7, 803.55, 363849, 29
973, 5, 55, 99, 47, 0, 42.03%, 0, 0, 7, 816.57, 368047, 29
978, 5, 47, 99, 47, 0, 42.03%, 0, 0, 7, 797.52, 372129, 29
983, 5, 43, 99, 47, 0, 42.03%, 0, 0, 7, 803.69, 376151, 29
988, 5, 97, 99, 46, 0, 42.03%, 0, 0, 7, 777.25, 380133, 29
993, 5, 62, 99, 45, 0, 42.03%, 0, 0, 7, 822.50, 384276, 29
998, 5, 45, 99, 44, 0, 42.03%, 0, 0, 7, 851.61, 388727, 29
1003, 5, 60, 99, 44, 0, 42.03%, 0, 0, 7, 826.93, 392826, 29
1009, 6, 60, 99, 44, 0, 42.03%, 0, 0, 7, 815.45, 397097, 29
1014, 6, 47, 99, 43, 0, 42.03%, 0, 0, 7, 819.78, 401265, 29
1019, 6, 45, 99, 43, 0, 42.03%, 0, 0, 7, 824.34, 405612, 29
1024, 6, 47, 99, 43, 0, 42.03%, 0, 0, 7, 842.57, 410015, 29
1029, 6, 45, 99, 43, 0, 42.03%, 0, 0, 7, 860.68, 414326, 29
1034, 6, 43, 99, 43, 0, 42.03%, 0, 0, 7, 835.37, 418575, 29
1039, 6, 53, 99, 43, 0, 42.03%, 0, 0, 7, 837.72, 422810, 29
1045, 6, 55, 99, 42, 0, 42.03%, 0, 0, 7, 852.39, 427214, 29
1050, 6, 60, 99, 42, 0, 42.03%, 0, 0, 7, 840.75, 431271, 29
1055, 6, 43, 99, 42, 0, 42.03%, 0, 0, 7, 808.14, 435217, 29
1060, 6, 60, 99, 41, 0, 42.03%, 0, 0, 7, 795.62, 439082, 29
1065, 6, 55, 99, 41, 0, 42.03%, 0, 0, 7, 854.36, 443549, 29
1070, 6, 47, 99, 40, 0, 42.03%, 0, 0, 7, 859.08, 447846, 29
1075, 6, 43, 99, 40, 0, 42.03%, 0, 0, 7, 872.34, 452260, 29
1080, 6, 43, 99, 40, 0, 42.03%, 0, 0, 7, 872.65, 456600, 29
1085, 6, 45, 99, 40, 0, 42.03%, 0, 0, 7, 870.14, 461115, 29
1090, 7, 43, 99, 40, 0, 42.03%, 0, 0, 7, 852.98, 465337, 29
1095, 7, 43, 99, 40, 0, 42.03%, 0, 0, 7, 857.62, 469572, 29
1101, 7, 78, 99, 40, 0, 42.03%, 0, 0, 7, 867.10, 474000, 29
1106, 7, 60, 99, 39, 0, 42.03%, 0, 0, 7, 871.01, 478335, 29
1111, 7, 53, 99, 39, 0, 42.03%, 0, 0, 7, 885.64, 482906, 29
1116, 7, 50, 99, 39, 0, 42.03%, 0, 0, 7, 881.11, 487375, 29
1121, 7, 43, 99, 39, 0, 42.03%, 0, 0, 7, 870.95, 491778, 29
1126, 7, 43, 99, 38, 0, 42.03%, 0, 0, 7, 874.93, 496207, 29
1131, 7, 43, 99, 38, 0, 42.03%, 0, 0, 7, 881.54, 500676, 29
1136, 7, 43, 99, 38, 0, 42.03%, 0, 0, 7, 883.80, 505052, 29
1142, 7, 47, 99, 38, 0, 42.03%, 0, 0, 7, 869.00, 509482, 29
1147, 7, 45, 99, 38, 0, 42.03%, 0, 0, 7, 884.73, 514025, 29
1152, 7, 43, 99, 38, 0, 42.03%, 0, 0, 7, 849.52, 518390, 29
1157, 7, 53, 99, 38, 0, 42.03%, 0, 0, 7, 841.67, 522709, 29
1162, 8, 43, 99, 37, 0, 42.03%, 0, 0, 7, 850.01, 527069, 29
1167, 8, 43, 99, 37, 0, 42.03%, 0, 0, 7, 842.24, 531411, 29
1172, 8, 47, 99, 37, 0, 42.03%, 0, 0, 7, 852.67, 535738, 29
1177, 8, 82, 99, 37, 0, 42.03%, 0, 0, 7, 843.92, 540229, 29
1182, 8, 43, 99, 36, 0, 42.03%, 0, 0, 7, 841.47, 544419, 29
1187, 8, 43, 99, 36, 0, 42.03%, 0, 0, 7, 819.39, 548379, 29
1193, 8, 60, 99, 36, 0, 42.03%, 0, 0, 7, 854.05, 552933, 29
1198, 8, 43, 99, 36, 0, 42.03%, 0, 0, 7, 851.13, 557168, 29
1203, 8, 43, 99, 36, 0, 42.03%, 0, 0, 7, 828.28, 561551, 29
1208, 8, 81, 99, 36, 0, 42.03%, 0, 0, 7, 844.23, 565997, 29
1213, 8, 53, 99, 34, 0, 42.03%, 0, 0, 7, 854.51, 570273, 29
1218, 8, 43, 99, 34, 0, 42.03%, 0, 0, 7, 863.09, 574726, 29
1223, 8, 60, 99, 34, 0, 42.03%, 0, 0, 7, 859.54, 579050, 29
1228, 8, 47, 99, 34, 0, 42.03%, 0, 0, 7, 843.71, 583435, 29
1234, 8, 43, 99, 34, 0, 42.03%, 0, 0, 7, 801.93, 586752, 29
1239, 8, 53, 101, 36, 0, 42.03%, 0, 0, 7, 856.41, 591306, 29
1244, 9, 60, 101, 36, 0, 42.03%, 0, 0, 7, 869.25, 595686, 29
1249, 9, 43, 101, 36, 0, 42.03%, 0, 0, 7, 887.55, 600326, 29
1254, 9, 43, 101, 36, 0, 42.03%, 0, 0, 7, 877.15, 604712, 29
1259, 9, 99, 101, 36, 0, 42.03%, 0, 0, 7, 852.67, 609051, 29
1264, 9, 43, 101, 35, 0, 42.03%, 0, 0, 7, 869.60, 613431, 29
1269, 9, 53, 101, 35, 0, 42.03%, 0, 0, 7, 879.97, 618017, 29
1275, 9, 43, 101, 35, 0, 42.03%, 0, 0, 7, 882.70, 622606, 29
1280, 9, 50, 101, 35, 0, 42.03%, 0, 0, 7, 847.74, 626935, 29
1285, 9, 47, 101, 35, 0, 42.03%, 0, 0, 7, 878.31, 631506, 29
1290, 9, 43, 101, 35, 0, 42.03%, 0, 0, 7, 881.61, 635919, 29
1295, 9, 43, 101, 34, 0, 42.03%, 0, 0, 7, 885.09, 640439, 29
1300, 9, 43, 101, 34, 0, 42.03%, 0, 0, 7, 904.45, 645116, 29
1305, 9, 43, 101, 33, 0, 42.03%, 0, 0, 7, 896.66, 649601, 29
1310, 9, 43, 101, 33, 0, 42.03%, 0, 0, 7, 894.89, 654098, 29
1315, 9, 43, 101, 33, 0, 42.03%, 0, 0, 7, 883.18, 658501, 29
1320, 10, 53, 101, 33, 0, 42.03%, 0, 0, 7, 893.20, 662950, 29
1325, 10, 43, 101, 33, 0, 42.03%, 0, 0, 7, 871.26, 667185, 29
1331, 10, 43, 101, 33, 0, 42.03%, 0, 0, 7, 882.08, 671756, 29
1336, 10, 53, 101, 33, 0, 42.03%, 0, 0, 7, 894.57, 676396, 29
1341, 10, 47, 101, 33, 0, 42.03%, 0, 0, 7, 893.11, 680832, 29
1346, 10, 43, 101, 33, 0, 42.03%, 0, 0, 7, 864.58, 685371, 29
1351, 10, 29, 102, 34, 0, 42.03%, 0, 0, 7, 899.32, 689866, 29
1356, 10, 50, 102, 34, 0, 42.03%, 0, 0, 7, 899.28, 694455, 29
1361, 10, 47, 102, 34, 0, 42.03%, 0, 0, 7, 894.55, 698876, 29
1366, 10, 45, 102, 33, 0, 42.03%, 0, 0, 7, 901.12, 703538, 29
1372, 10, 101, 102, 33, 0, 42.03%, 0, 0, 7, 807.83, 707641, 29
1377, 10, 43, 102, 31, 0, 42.03%, 0, 0, 7, 862.89, 711931, 29
1382, 10, 60, 102, 31, 0, 42.03%, 0, 0, 7, 884.85, 716344, 29
1387, 10, 43, 102, 29, 0, 42.03%, 0, 0, 7, 885.88, 720901, 29
1392, 10, 50, 102, 28, 0, 42.03%, 0, 0, 7, 891.63, 725328, 29
1397, 11, 43, 102, 28, 0, 42.03%, 0, 0, 7, 870.13, 729838, 29
1402, 11, 50, 102, 28, 0, 42.03%, 0, 0, 7, 865.85, 734222, 29
1407, 11, 80, 102, 28, 0, 42.03%, 0, 0, 7, 865.92, 738845, 29
1412, 11, 43, 102, 26, 0, 42.03%, 0, 0, 7, 860.94, 743369, 29
1418, 11, 43, 102, 26, 0, 42.03%, 0, 0, 7, 860.50, 747754, 29
1423, 11, 60, 102, 26, 0, 42.03%, 0, 0, 7, 863.66, 752185, 29
1428, 11, 43, 102, 26, 0, 42.03%, 0, 0, 7, 866.54, 756609, 29
1433, 11, 60, 102, 26, 0, 42.03%, 0, 0, 7, 871.16, 761205, 29
1438, 11, 43, 102, 26, 0, 42.03%, 0, 0, 7, 868.72, 765816, 29
1443, 11, 45, 102, 26, 0, 42.03%, 0, 0, 7, 880.62, 770436, 29
1448, 11, 47, 102, 25, 0, 42.03%, 0, 0, 7, 878.06, 775025, 29
1453, 11, 43, 102, 24, 0, 42.03%, 0, 0, 7, 870.13, 779415, 29
1458, 11, 43, 102, 24, 0, 42.03%, 0, 0, 7, 882.89, 783874, 29
1463, 11, 51, 102, 24, 0, 42.03%, 0, 0, 7, 887.21, 788357, 29
1469, 11, 47, 102, 24, 0, 42.03%, 0, 0, 7, 888.46, 793025, 29
1474, 12, 53, 102, 24, 0, 42.03%, 0, 0, 7, 902.74, 797733, 29
1479, 12, 43, 102, 24, 0, 42.03%, 0, 0, 7, 889.77, 802213, 29
1484, 12, 53, 102, 24, 0, 42.03%, 0, 0, 7, 891.50, 806749, 29
1489, 12, 43, 102, 24, 0, 42.03%, 0, 0, 7, 892.79, 811380, 29
1494, 12, 43, 102, 23, 0, 42.03%, 0, 0, 7, 875.80, 815721, 29
1494, 12, 43, 102, 23, 0, 42.03%, 1, 0, 7, 0.00, 815900, 29
