# relative_time, cycles_done, cur_item, corpus_count, pending_total, pending_favs, map_size, saved_crashes, saved_hangs, max_depth, execs_per_sec, total_execs, edges_found
62, 0, 0, 9, 8, 0, 28.81%, 0, 1, 2, 0.55, 3297, 17
93, 0, 0, 10, 9, 0, 28.81%, 0, 1, 2, 1.15, 6549, 17
98, 0, 2, 17, 14, 0, 33.90%, 0, 1, 3, 780.12, 10532, 20
121, 0, 2, 17, 14, 0, 33.90%, 0, 1, 3, 6.89, 11837, 20
126, 0, 2, 19, 16, 0, 40.68%, 0, 1, 3, 713.95, 15781, 24
151, 0, 2, 19, 16, 0, 40.68%, 0, 1, 3, 5.16, 15907, 24
156, 0, 17, 23, 19, 4, 42.37%, 0, 1, 4, 745.87, 19827, 25
177, 0, 17, 24, 20, 4, 42.37%, 0, 1, 4, 8.08, 20156, 25
182, 0, 11, 32, 22, 0, 47.46%, 0, 1, 5, 764.05, 24013, 28
203, 0, 11, 32, 22, 0, 47.46%, 0, 1, 5, 5.29, 24778, 28
208, 0, 29, 40, 29, 1, 47.46%, 0, 1, 5, 782.41, 28650, 28
230, 0, 29, 40, 29, 1, 47.46%, 0, 1, 5, 4.18, 29730, 28
236, 0, 29, 42, 31, 1, 47.46%, 0, 1, 5, 747.08, 33594, 28
259, 0, 29, 42, 31, 1, 47.46%, 0, 1, 5, 6.53, 34244, 28
264, 0, 21, 46, 33, 0, 47.46%, 0, 1, 5, 791.96, 38372, 28
286, 0, 10, 49, 36, 0, 47.46%, 0, 1, 5, 2.87, 39814, 28
291, 0, 15, 51, 38, 0, 47.46%, 0, 1, 6, 758.82, 43743, 28
306, 0, 26, 51, 37, 0, 47.46%, 0, 1, 6, 5.63, 45496, 28
320, 0, 26, 51, 37, 0, 47.46%, 0, 1, 6, 0.15, 45498, 28
325, 0, 51, 53, 38, 0, 49.15%, 0, 1, 7, 796.76, 49656, 29
351, 0, 51, 54, 39, 0, 49.15%, 0, 1, 7, 1.51, 51395, 29
356, 0, 15, 54, 39, 0, 49.15%, 0, 1, 7, 262.47, 55025, 29
382, 0, 15, 54, 39, 0, 49.15%, 0, 1, 7, 1.06, 56663, 29
387, 1, 53, 54, 38, 0, 49.15%, 0, 1, 7, 750.03, 60453, 29
400, 1, 15, 56, 37, 0, 50.85%, 0, 1, 7, 14.00, 61882, 30
407, 1, 15, 56, 37, 0, 50.85%, 0, 1, 7, 9.80, 62743, 30
419, 1, 15, 56, 37, 0, 50.85%, 0, 1, 7, 0.74, 62762, 30
424, 1, 54, 58, 39, 0, 50.85%, 0, 1, 7, 780.06, 66734, 30
445, 1, 54, 58, 39, 0, 50.85%, 0, 1, 7, 0.06, 68099, 30
450, 1, 54, 58, 39, 0, 50.85%, 0, 1, 7, 758.18, 71900, 30
471, 1, 15, 58, 38, 0, 50.85%, 0, 1, 7, 6.81, 73217, 30
476, 1, 54, 59, 39, 0, 50.85%, 0, 1, 7, 746.04, 77031, 30
488, 1, 26, 59, 39, 0, 50.85%, 0, 1, 7, 7.03, 77625, 30
505, 1, 31, 60, 38, 0, 50.85%, 0, 1, 8, 7.69, 81025, 30
510, 1, 26, 60, 37, 0, 50.85%, 0, 1, 8, 722.56, 84910, 30
526, 1, 54, 60, 37, 0, 50.85%, 0, 1, 8, 7.81, 86645, 30
531, 2, 15, 60, 37, 0, 50.85%, 0, 1, 8, 772.56, 90562, 30
548, 2, 15, 60, 37, 0, 50.85%, 0, 1, 8, 6.33, 92679, 30
553, 2, 54, 60, 35, 0, 50.85%, 0, 1, 8, 803.95, 96815, 30
562, 2, 11, 60, 35, 0, 50.85%, 0, 1, 8, 13.88, 98609, 30
576, 2, 41, 61, 35, 0, 50.85%, 0, 1, 8, 10.58, 101906, 30
581, 2, 11, 61, 34, 0, 50.85%, 0, 1, 8, 801.88, 105928, 30
589, 2, 26, 61, 33, 0, 50.85%, 0, 1, 8, 22.11, 108117, 30
601, 2, 15, 61, 33, 0, 50.85%, 0, 1, 8, 9.07, 112131, 30
606, 2, 41, 71, 43, 0, 50.85%, 0, 1, 8, 781.66, 116137, 30
613, 2, 21, 73, 45, 0, 50.85%, 0, 1, 8, 17.12, 118243, 30
619, 3, 15, 77, 47, 0, 50.85%, 0, 1, 8, 815.10, 122075, 30
629, 3, 23, 79, 49, 0, 50.85%, 0, 1, 8, 10.34, 124755, 30
634, 3, 54, 81, 50, 0, 50.85%, 0, 1, 8, 811.21, 128922, 30
649, 3, 41, 85, 54, 0, 50.85%, 0, 1, 8, 2.65, 131937, 30
654, 3, 17, 87, 54, 0, 50.85%, 0, 1, 8, 806.68, 135984, 30
660, 3, 15, 88, 55, 0, 50.85%, 0, 1, 8, 7.07, 139303, 30
665, 3, 15, 89, 55, 0, 50.85%, 0, 1, 8, 755.23, 142992, 30
673, 3, 62, 89, 55, 0, 50.85%, 0, 1, 8, 13.47, 144854, 30
675, 3, 41, 89, 54, 0, 50.85%, 1, 1, 8, 0.00, 146304, 30
