# relative_time, cycles_done, cur_item, corpus_count, pending_total, pending_favs, map_size, saved_crashes, saved_hangs, max_depth, execs_per_sec, total_execs, edges_found
63, 0, 1, 11, 9, 0, 23.19%, 0, 0, 3, 3.91, 3169, 16
94, 0, 1, 12, 10, 0, 23.19%, 0, 0, 3, 4.18, 5550, 16
99, 0, 0, 14, 10, 0, 24.64%, 0, 0, 3, 606.32, 8547, 17
122, 0, 0, 14, 10, 0, 24.64%, 0, 0, 3, 0.56, 9621, 17
127, 0, 0, 17, 13, 0, 24.64%, 0, 0, 4, 646.43, 12761, 17
152, 0, 0, 17, 13, 0, 24.64%, 0, 0, 4, 5.89, 12905, 17
157, 0, 0, 17, 13, 0, 24.64%, 0, 0, 4, 619.89, 16046, 17
177, 0, 0, 17, 13, 0, 24.64%, 0, 0, 4, 4.10, 16361, 17
182, 1, 0, 17, 13, 0, 24.64%, 0, 0, 4, 618.13, 19514, 17
203, 1, 0, 17, 13, 0, 24.64%, 0, 0, 4, 5.47, 20225, 17
208, 1, 0, 18, 13, 0, 26.09%, 0, 0, 4, 666.32, 23517, 18
231, 1, 0, 18, 12, 0, 26.09%, 0, 0, 4, 1.82, 24635, 18
236, 1, 17, 18, 12, 0, 26.09%, 0, 0, 4, 651.36, 28006, 18
260, 1, 17, 18, 12, 0, 26.09%, 0, 0, 4, 8.02, 28598, 18
260, 1, 17, 18, 12, 0, 26.09%, 0, 0, 4, 0.17, 28599, 18
265, 2, 0, 18, 11, 0, 26.09%, 0, 0, 4, 745.58, 32445, 18
286, 2, 0, 18, 11, 0, 26.09%, 0, 0, 4, 3.61, 33737, 18
291, 2, 17, 20, 13, 0, 28.99%, 0, 0, 4, 699.38, 37349, 20
320, 2, 18, 20, 11, 0, 28.99%, 0, 0, 4, 2.62, 39174, 20
325, 2, 18, 21, 12, 0, 28.99%, 0, 0, 4, 779.02, 43227, 20
352, 2, 18, 21, 12, 0, 28.99%, 0, 0, 4, 1.71, 44847, 20
357, 3, 18, 21, 11, 0, 28.99%, 0, 0, 4, 596.38, 47878, 20
383, 3, 18, 21, 11, 0, 28.99%, 0, 0, 4, 5.25, 49116, 20
388, 3, 18, 21, 10, 0, 28.99%, 0, 0, 4, 646.39, 52348, 20
401, 3, 18, 21, 10, 0, 28.99%, 0, 0, 4, 1.31, 53665, 20
409, 3, 0, 21, 10, 0, 28.99%, 0, 0, 4, 7.18, 54448, 20
420, 3, 0, 21, 10, 0, 28.99%, 0, 0, 4, 0.46, 54453, 20
425, 3, 18, 21, 10, 0, 28.99%, 0, 0, 4, 724.94, 58200, 20
446, 4, 19, 21, 10, 0, 28.99%, 0, 0, 4, 8.20, 59248, 20
451, 4, 18, 21, 10, 0, 28.99%, 0, 0, 4, 142.28, 62912, 20
471, 4, 19, 21, 10, 0, 28.99%, 0, 0, 4, 7.60, 64222, 20
476, 4, 18, 21, 10, 0, 28.99%, 0, 0, 4, 699.05, 67880, 20
489, 4, 18, 21, 10, 0, 28.99%, 0, 0, 4, 11.31, 68440, 20
506, 5, 19, 21, 10, 0, 28.99%, 0, 0, 4, 3.54, 71690, 20
511, 5, 17, 21, 10, 0, 28.99%, 0, 0, 4, 734.68, 75401, 20
527, 5, 18, 23, 12, 0, 28.99%, 0, 0, 4, 10.22, 77193, 20
532, 5, 18, 23, 12, 0, 28.99%, 0, 0, 4, 703.28, 80898, 20
548, 5, 18, 23, 12, 0, 28.99%, 0, 0, 4, 1.02, 82860, 20
553, 6, 18, 23, 11, 0, 28.99%, 0, 0, 4, 783.35, 86887, 20
562, 6, 19, 23, 11, 0, 28.99%, 0, 0, 4, 5.35, 88618, 20
576, 6, 18, 23, 11, 0, 28.99%, 0, 0, 4, 8.12, 91968, 20
581, 7, 18, 23, 11, 0, 28.99%, 0, 0, 4, 770.46, 96082, 20
590, 7, 18, 23, 11, 0, 28.99%, 0, 0, 4, 2.67, 98009, 20
602, 7, 19, 23, 11, 0, 28.99%, 0, 0, 4, 18.32, 101983, 20
607, 7, 23, 27, 15, 0, 28.99%, 0, 0, 5, 766.16, 105837, 20
614, 7, 25, 28, 15, 0, 28.99%, 0, 0, 5, 16.73, 107726, 20
619, 8, 19, 28, 14, 0, 28.99%, 0, 0, 5, 794.87, 111696, 20
630, 8, 24, 28, 14, 0, 28.99%, 0, 0, 5, 13.64, 114346, 20
635, 8, 12, 28, 13, 0, 28.99%, 0, 0, 5, 800.03, 118459, 20
649, 8, 18, 28, 13, 0, 28.99%, 0, 0, 5, 7.85, 121335, 20
654, 9, 19, 28, 12, 0, 28.99%, 0, 0, 5, 784.51, 125236, 20
661, 9, 0, 28, 12, 0, 28.99%, 0, 0, 5, 14.90, 128503, 20
666, 9, 16, 28, 12, 0, 28.99%, 0, 0, 5, 779.00, 132425, 20
673, 10, 19, 31, 14, 0, 28.99%, 0, 0, 5, 15.14, 134252, 20
679, 10, 28, 38, 21, 0, 28.99%, 0, 0, 5, 644.21, 137502, 20
684, 10, 28, 40, 23, 0, 28.99%, 0, 0, 5, 627.09, 140612, 20
689, 10, 28, 40, 23, 0, 28.99%, 0, 0, 5, 608.78, 143720, 20
695, 10, 28, 40, 23, 0, 28.99%, 0, 0, 5, 4.64, 145700, 20
700, 10, 28, 42, 25, 0, 28.99%, 0, 0, 5, 651.53, 148938, 20
705, 10, 39, 44, 26, 0, 28.99%, 0, 0, 5, 517.28, 150898, 20
710, 10, 18, 44, 25, 0, 28.99%, 0, 0, 5, 590.93, 153697, 20
715, 10, 44, 45, 26, 1, 33.33%, 0, 0, 5, 680.88, 157246, 23
720, 10, 44, 49, 29, 0, 34.78%, 0, 0, 5, 733.23, 160995, 24
725, 10, 44, 49, 29, 0, 34.78%, 0, 0, 5, 730.23, 164621, 24
730, 10, 44, 49, 29, 0, 34.78%, 0, 0, 5, 725.99, 168289, 24
735, 10, 44, 49, 29, 0, 34.78%, 0, 0, 5, 724.95, 169034, 24
740, 10, 44, 50, 30, 0, 34.78%, 0, 0, 5, 610.70, 172017, 24
745, 10, 44, 55, 35, 0, 36.23%, 0, 0, 5, 615.42, 175385, 25
750, 10, 52, 58, 37, 1, 36.23%, 0, 0, 6, 648.07, 178555, 25
756, 10, 48, 61, 39, 0, 36.23%, 0, 0, 6, 689.65, 182222, 25
761, 10, 48, 62, 40, 0, 37.68%, 0, 0, 6, 35.16, 184311, 26
766, 10, 48, 63, 41, 0, 39.13%, 0, 0, 6, 787.20, 188234, 27
771, 10, 48, 71, 49, 0, 39.13%, 0, 0, 6, 695.41, 191761, 27
776, 10, 61, 71, 48, 1, 39.13%, 0, 0, 6, 654.07, 194891, 27
781, 10, 62, 73, 49, 0, 39.13%, 0, 0, 7, 696.36, 198505, 27
787, 10, 62, 73, 49, 0, 39.13%, 0, 0, 7, 54.37, 201751, 27
792, 10, 62, 73, 49, 0, 39.13%, 0, 0, 7, 719.24, 205391, 27
798, 10, 62, 74, 50, 0, 39.13%, 0, 0, 7, 680.56, 208662, 27
803, 10, 62, 75, 51, 0, 39.13%, 0, 0, 7, 670.60, 212164, 27
808, 10, 52, 75, 51, 0, 39.13%, 0, 0, 7, 644.24, 215442, 27
815, 10, 62, 75, 51, 0, 39.13%, 0, 0, 7, 7.01, 217604, 27
820, 10, 61, 75, 51, 0, 39.13%, 0, 0, 7, 638.49, 220947, 27
825, 10, 57, 76, 52, 0, 39.13%, 0, 0, 7, 653.34, 224259, 27
830, 10, 18, 78, 53, 0, 39.13%, 0, 0, 7, 654.95, 227622, 27
835, 10, 17, 79, 53, 0, 40.58%, 0, 0, 7, 624.59, 230746, 28
840, 10, 37, 79, 53, 0, 40.58%, 0, 0, 7, 609.73, 233724, 28
845, 10, 78, 82, 55, 0, 40.58%, 0, 0, 7, 654.47, 236917, 28
851, 10, 78, 82, 55, 0, 40.58%, 0, 0, 7, 697.09, 240450, 28
856, 10, 78, 83, 56, 0, 40.58%, 0, 0, 7, 503.62, 243082, 28
861, 10, 78, 83, 56, 0, 40.58%, 0, 0, 7, 288.68, 245183, 28
866, 10, 78, 83, 56, 0, 40.58%, 0, 0, 7, 545.50, 248352, 28
871, 10, 61, 83, 56, 0, 40.58%, 0, 0, 7, 597.95, 251631, 28
876, 10, 61, 83, 56, 0, 40.58%, 0, 0, 7, 636.08, 254795, 28
881, 10, 82, 83, 56, 0, 40.58%, 0, 0, 7, 584.62, 257944, 28
886, 10, 82, 83, 56, 0, 40.58%, 0, 0, 7, 291.49, 258995, 28
892, 10, 82, 83, 56, 0, 40.58%, 0, 0, 7, 223.03, 260042, 28
897, 11, 48, 83, 54, 0, 40.58%, 0, 0, 7, 481.53, 262785, 28
902, 11, 61, 85, 56, 0, 40.58%, 0, 0, 7, 587.41, 265898, 28
907, 11, 52, 86, 57, 0, 40.58%, 0, 0, 7, 628.68, 269201, 28
912, 11, 52, 87, 58, 0, 40.58%, 0, 0, 7, 613.48, 272408, 28
917, 11, 78, 87, 58, 0, 40.58%, 0, 0, 7, 648.27, 275666, 28
922, 11, 62, 88, 59, 0, 40.58%, 0, 0, 7, 604.23, 278718, 28
927, 11, 0, 88, 59, 0, 40.58%, 0, 0, 7, 588.64, 281607, 28
932, 11, 18, 88, 59, 0, 40.58%, 0, 0, 7, 622.48, 284861, 28
937, 11, 48, 88, 59, 0, 40.58%, 0, 0, 7, 663.83, 288210, 28
942, 11, 18, 88, 59, 0, 40.58%, 0, 0, 7, 665.17, 291530, 28
947, 11, 18, 88, 58, 0, 40.58%, 0, 0, 7, 610.48, 294532, 28
952, 11, 52, 89, 59, 0, 40.58%, 0, 0, 7, 622.30, 297598, 28
957, 11, 48, 89, 59, 0, 40.58%, 0, 0, 7, 641.11, 300885, 28
963, 11, 78, 89, 58, 0, 40.58%, 0, 0, 7, 513.92, 303331, 28
968, 12, 52, 89, 58, 0, 40.58%, 0, 0, 7, 610.04, 306500, 28
973, 12, 78, 89, 58, 0, 40.58%, 0, 0, 7, 588.53, 309550, 28
978, 12, 27, 90, 59, 0, 40.58%, 0, 0, 7, 643.94, 312849, 28
983, 12, 18, 90, 58, 0, 40.58%, 0, 0, 7, 608.11, 315879, 28
988, 12, 78, 90, 58, 0, 40.58%, 0, 0, 7, 607.81, 319066, 28
993, 12, 18, 90, 58, 0, 40.58%, 0, 0, 7, 592.78, 322022, 28
998, 12, 61, 90, 58, 0, 40.58%, 0, 0, 7, 609.50, 325184, 28
1003, 12, 52, 90, 58, 0, 40.58%, 0, 0, 7, 606.74, 328328, 28
1008, 12, 61, 90, 58, 0, 40.58%, 0, 0, 7, 624.60, 331553, 28
1013, 12, 52, 90, 58, 0, 40.58%, 0, 0, 7, 649.18, 334897, 28
1018, 12, 61, 90, 58, 0, 40.58%, 0, 0, 7, 643.38, 338073, 28
1023, 12, 61, 90, 58, 0, 40.58%, 0, 0, 7, 648.80, 341241, 28
1029, 12, 78, 90, 58, 0, 40.58%, 0, 0, 7, 638.45, 344441, 28
1034, 12, 52, 90, 58, 0, 40.58%, 0, 0, 7, 618.77, 347332, 28
1039, 13, 52, 90, 58, 0, 40.58%, 0, 0, 7, 592.69, 350316, 28
1044, 13, 18, 90, 57, 0, 40.58%, 0, 0, 7, 618.60, 353446, 28
1049, 13, 18, 90, 57, 0, 40.58%, 0, 0, 7, 657.92, 356760, 28
1054, 13, 90, 91, 58, 1, 42.03%, 0, 0, 7, 610.92, 359831, 29
1059, 13, 90, 92, 58, 0, 42.03%, 0, 0, 8, 594.27, 362833, 29
1064, 13, 90, 93, 59, 0, 42.03%, 0, 0, 8, 597.62, 365898, 29
1069, 13, 90, 93, 59, 0, 42.03%, 0, 0, 8, 606.99, 368977, 29
1075, 13, 90, 94, 60, 0, 42.03%, 0, 0, 8, 735.98, 372915, 29
1080, 13, 91, 94, 60, 1, 42.03%, 0, 0, 8, 697.48, 376338, 29
1085, 13, 91, 95, 60, 0, 42.03%, 0, 0, 8, 623.94, 379445, 29
1090, 13, 91, 95, 60, 0, 42.03%, 0, 0, 8, 580.31, 382138, 29
1095, 13, 91, 95, 60, 0, 42.03%, 0, 0, 8, 642.90, 385289, 29
1100, 13, 91, 95, 60, 0, 42.03%, 0, 0, 8, 763.97, 389330, 29
1105, 13, 91, 95, 60, 0, 42.03%, 0, 0, 8, 721.99, 392939, 29
1110, 13, 61, 96, 61, 0, 42.03%, 0, 0, 9, 575.70, 395340, 29
1115, 13, 61, 96, 61, 0, 42.03%, 0, 0, 9, 594.58, 398296, 29
1120, 13, 78, 96, 60, 0, 42.03%, 0, 0, 9, 627.37, 401454, 29
1125, 13, 18, 96, 60, 0, 42.03%, 0, 0, 9, 595.92, 404431, 29
1130, 13, 61, 96, 59, 0, 42.03%, 0, 0, 9, 639.23, 407693, 29
1136, 13, 61, 96, 59, 0, 42.03%, 0, 0, 9, 597.55, 410797, 29
1141, 13, 18, 96, 59, 0, 42.03%, 0, 0, 9, 617.24, 413970, 29
1146, 13, 18, 96, 59, 0, 42.03%, 0, 0, 9, 603.74, 417103, 29
1151, 13, 18, 96, 59, 0, 42.03%, 0, 0, 9, 591.84, 420092, 29
1156, 13, 93, 96, 59, 0, 42.03%, 0, 0, 9, 507.64, 422683, 29
1161, 13, 91, 96, 57, 0, 42.03%, 0, 0, 9, 545.65, 425431, 29
1166, 13, 18, 96, 57, 0, 42.03%, 0, 0, 9, 613.71, 428523, 29
1171, 13, 62, 96, 57, 0, 42.03%, 0, 0, 9, 605.42, 431471, 29
1176, 14, 52, 96, 57, 0, 42.03%, 0, 0, 9, 602.32, 434463, 29
1181, 14, 61, 96, 57, 0, 42.03%, 0, 0, 9, 590.87, 437421, 29
1186, 14, 92, 96, 57, 0, 42.03%, 0, 0, 9, 553.31, 440165, 29
1191, 14, 61, 96, 56, 0, 42.03%, 0, 0, 9, 572.06, 443052, 29
1196, 14, 48, 96, 56, 0, 42.03%, 0, 0, 9, 620.25, 446269, 29
1201, 14, 17, 96, 56, 0, 42.03%, 0, 0, 9, 581.00, 449103, 29
1206, 14, 62, 96, 56, 0, 42.03%, 0, 0, 9, 611.19, 452190, 29
1211, 14, 52, 96, 56, 0, 42.03%, 0, 0, 9, 588.87, 455168, 29
1216, 14, 11, 97, 57, 0, 42.03%, 0, 0, 9, 592.51, 458209, 29
1221, 14, 52, 98, 57, 0, 42.03%, 0, 0, 9, 610.22, 461253, 29
1227, 14, 18, 98, 57, 0, 42.03%, 0, 0, 9, 628.69, 464389, 29
1232, 14, 48, 98, 57, 0, 42.03%, 0, 0, 9, 580.52, 467250, 29
1237, 14, 18, 98, 57, 0, 42.03%, 0, 0, 9, 599.49, 470344, 29
1242, 14, 52, 98, 57, 0, 42.03%, 0, 0, 9, 578.44, 473318, 29
1247, 14, 78, 98, 57, 0, 42.03%, 0, 0, 9, 603.24, 476322, 29
1252, 14, 17, 98, 57, 0, 42.03%, 0, 0, 9, 614.60, 479425, 29
1257, 14, 18, 98, 57, 0, 42.03%, 0, 0, 9, 618.54, 482491, 29
1262, 15, 18, 98, 57, 0, 42.03%, 0, 0, 9, 603.52, 485388, 29
1267, 15, 48, 98, 57, 0, 42.03%, 0, 0, 9, 582.22, 488423, 29
1272, 15, 61, 98, 57, 0, 42.03%, 0, 0, 9, 540.16, 491121, 29
1277, 15, 52, 98, 57, 0, 42.03%, 0, 0, 9, 566.85, 494110, 29
1283, 15, 67, 98, 57, 0, 42.03%, 0, 0, 9, 562.92, 496959, 29
1288, 15, 66, 98, 56, 0, 42.03%, 0, 0, 9, 586.85, 500020, 29
1293, 15, 47, 98, 55, 0, 42.03%, 0, 0, 9, 516.62, 502604, 29
1298, 15, 18, 98, 54, 0, 42.03%, 0, 0, 9, 576.14, 505593, 29
1303, 15, 52, 98, 54, 0, 42.03%, 0, 0, 9, 586.06, 508586, 29
1308, 15, 61, 98, 54, 0, 42.03%, 0, 0, 9, 597.57, 511636, 29
1313, 15, 78, 98, 54, 0, 42.03%, 0, 0, 9, 589.38, 514607, 29
1318, 15, 17, 98, 54, 0, 42.03%, 0, 0, 9, 624.12, 517778, 29
1323, 15, 52, 98, 54, 0, 42.03%, 0, 0, 9, 547.66, 520777, 29
1328, 15, 70, 98, 54, 0, 42.03%, 0, 0, 9, 601.83, 523854, 29
1333, 15, 48, 98, 53, 0, 42.03%, 0, 0, 9, 578.58, 526744, 29
1338, 15, 18, 98, 53, 0, 42.03%, 0, 0, 9, 616.96, 529878, 29
1343, 15, 84, 98, 53, 0, 42.03%, 0, 0, 9, 595.28, 532964, 29
1348, 15, 61, 98, 52, 0, 42.03%, 0, 0, 9, 620.65, 536073, 29
1353, 16, 18, 98, 52, 0, 42.03%, 0, 0, 9, 594.14, 539034, 29
1359, 16, 18, 98, 52, 0, 42.03%, 0, 0, 9, 616.28, 542229, 29
1364, 16, 18, 98, 52, 0, 42.03%, 0, 0, 9, 618.76, 545254, 29
1369, 16, 78, 98, 52, 0, 42.03%, 0, 0, 9, 621.66, 548427, 29
1374, 16, 91, 98, 52, 0, 42.03%, 0, 0, 9, 575.75, 551400, 29
1379, 16, 61, 98, 52, 0, 42.03%, 0, 0, 9, 572.98, 554374, 29
1384, 16, 32, 98, 52, 0, 42.03%, 0, 0, 9, 493.39, 556987, 29
1389, 16, 18, 98, 51, 0, 42.03%, 0, 0, 9, 521.05, 559561, 29
1394, 16, 18, 98, 51, 0, 42.03%, 0, 0, 9, 628.28, 562953, 29
1399, 16, 18, 98, 51, 0, 42.03%, 0, 0, 9, 607.43, 566029, 29
1405, 16, 78, 98, 50, 0, 42.03%, 0, 0, 9, 646.26, 569309, 29
1410, 16, 78, 98, 50, 0, 42.03%, 0, 0, 9, 583.89, 572160, 29
1415, 16, 62, 98, 50, 0, 42.03%, 0, 0, 9, 606.47, 575138, 29
1420, 16, 18, 98, 50, 0, 42.03%, 0, 0, 9, 585.05, 578019, 29
1425, 16, 61, 98, 50, 0, 42.03%, 0, 0, 9, 566.85, 580999, 29
1430, 16, 61, 98, 50, 0, 42.03%, 0, 0, 9, 582.01, 583974, 29
1435, 17, 48, 98, 49, 0, 42.03%, 0, 0, 9, 487.65, 586280, 29
1440, 17, 76, 98, 49, 0, 42.03%, 0, 0, 9, 511.11, 589037, 29
1445, 17, 19, 98, 48, 0, 42.03%, 0, 0, 9, 549.87, 591739, 29
1450, 17, 34, 98, 48, 0, 42.03%, 0, 0, 9, 575.41, 594578, 29
1455, 17, 61, 98, 47, 0, 42.03%, 0, 0, 9, 594.00, 597553, 29
1460, 17, 17, 98, 47, 0, 42.03%, 0, 0, 9, 600.38, 600594, 29
1465, 17, 52, 98, 47, 0, 42.03%, 0, 0, 9, 564.41, 603451, 29
1471, 17, 17, 98, 47, 0, 42.03%, 0, 0, 9, 590.40, 606601, 29
1476, 17, 61, 98, 47, 0, 42.03%, 0, 0, 9, 576.48, 609479, 29
1481, 17, 62, 98, 47, 0, 42.03%, 0, 0, 9, 598.11, 612539, 29
1486, 17, 61, 98, 47, 0, 42.03%, 0, 0, 9, 555.46, 615311, 29
1491, 17, 61, 98, 47, 0, 42.03%, 0, 0, 9, 599.54, 618380, 29
1496, 17, 61, 98, 47, 0, 42.03%, 0, 0, 9, 630.14, 621547, 29
1501, 17, 18, 98, 47, 0, 42.03%, 0, 0, 9, 583.50, 624476, 29
1506, 17, 78, 98, 47, 0, 42.03%, 0, 0, 9, 605.42, 627422, 29
1511, 17, 48, 98, 47, 0, 42.03%, 0, 0, 9, 594.36, 630263, 29
1516, 17, 61, 98, 47, 0, 42.03%, 0, 0, 9, 579.40, 633231, 29
1521, 18, 18, 98, 47, 0, 42.03%, 0, 0, 9, 664.90, 636761, 29
1526, 18, 18, 98, 46, 0, 42.03%, 0, 0, 9, 607.32, 639799, 29
1531, 18, 52, 98, 46, 0, 42.03%, 0, 0, 9, 588.75, 642700, 29
1536, 18, 18, 98, 46, 0, 42.03%, 0, 0, 9, 580.32, 645594, 29
1542, 18, 18, 98, 46, 0, 42.03%, 0, 0, 9, 578.50, 648549, 29
1547, 18, 17, 98, 46, 0, 42.03%, 0, 0, 9, 601.95, 651639, 29
1552, 18, 48, 98, 46, 0, 42.03%, 0, 0, 9, 628.86, 654776, 29
1557, 18, 61, 98, 46, 0, 42.03%, 0, 0, 9, 590.05, 657772, 29
1562, 18, 17, 98, 46, 0, 42.03%, 0, 0, 9, 654.98, 661170, 29
1567, 18, 19, 98, 46, 0, 42.03%, 0, 0, 9, 627.62, 664225, 29
1572, 18, 61, 98, 46, 0, 42.03%, 0, 0, 9, 611.86, 667220, 29
1577, 18, 91, 98, 46, 0, 42.03%, 0, 0, 9, 587.89, 670110, 29
1582, 18, 61, 98, 46, 0, 42.03%, 0, 0, 9, 585.67, 673041, 29
1587, 18, 61, 98, 46, 0, 42.03%, 0, 0, 9, 586.80, 676025, 29
1592, 18, 61, 98, 46, 0, 42.03%, 0, 0, 9, 588.65, 679151, 29
1597, 19, 18, 98, 46, 0, 42.03%, 0, 0, 9, 602.74, 682179, 29
1602, 19, 18, 98, 46, 0, 42.03%, 0, 0, 9, 596.44, 685085, 29
1607, 19, 65, 98, 46, 0, 42.03%, 0, 0, 9, 605.85, 688343, 29
1612, 19, 18, 98, 45, 0, 42.03%, 0, 0, 9, 622.31, 691348, 29
1617, 19, 91, 98, 45, 0, 42.03%, 0, 0, 9, 563.08, 694117, 29
1622, 19, 61, 98, 45, 0, 42.03%, 0, 0, 9, 577.68, 696981, 29
1627, 19, 19, 98, 45, 0, 42.03%, 0, 0, 9, 567.62, 699870, 29
1633, 19, 18, 98, 45, 0, 42.03%, 0, 0, 9, 598.00, 703000, 29
1638, 19, 18, 98, 45, 0, 42.03%, 0, 0, 9, 570.28, 705706, 29
1643, 19, 18, 98, 45, 0, 42.03%, 0, 0, 9, 599.22, 708824, 29
1648, 19, 61, 98, 45, 0, 42.03%, 0, 0, 9, 576.98, 711704, 29
1653, 19, 17, 98, 45, 0, 42.03%, 0, 0, 9, 605.73, 714734, 29
1658, 19, 19, 98, 45, 0, 42.03%, 0, 0, 9, 576.36, 717748, 29
1663, 19, 18, 98, 45, 0, 42.03%, 0, 0, 9, 621.34, 720999, 29
1668, 19, 0, 98, 45, 0, 42.03%, 0, 0, 9, 614.61, 724188, 29
1673, 19, 62, 98, 45, 0, 42.03%, 0, 0, 9, 571.76, 727125, 29
1678, 20, 18, 98, 45, 0, 42.03%, 0, 0, 9, 580.40, 729991, 29
1683, 20, 19, 98, 45, 0, 42.03%, 0, 0, 9, 557.53, 732882, 29
1688, 20, 19, 98, 44, 0, 42.03%, 0, 0, 9, 609.79, 736010, 29
1694, 20, 52, 98, 44, 0, 42.03%, 0, 0, 9, 613.26, 739147, 29
1699, 20, 18, 98, 44, 0, 42.03%, 0, 0, 9, 599.56, 742253, 29
1704, 20, 19, 98, 44, 0, 42.03%, 0, 0, 9, 606.15, 745376, 29
1709, 20, 53, 98, 44, 0, 42.03%, 0, 0, 9, 504.30, 747985, 29
1714, 20, 48, 98, 43, 0, 42.03%, 0, 0, 9, 512.39, 750400, 29
1719, 20, 18, 98, 43, 0, 42.03%, 0, 0, 9, 597.37, 753471, 29
1724, 20, 48, 98, 43, 0, 42.03%, 0, 0, 9, 600.63, 756491, 29
1729, 20, 91, 98, 43, 0, 42.03%, 0, 0, 9, 567.36, 759307, 29
1734, 20, 17, 98, 43, 0, 42.03%, 0, 0, 9, 568.02, 762155, 29
1739, 20, 78, 98, 43, 0, 42.03%, 0, 0, 9, 619.58, 765368, 29
1744, 20, 91, 98, 42, 0, 42.03%, 0, 0, 9, 622.61, 768509, 29
1749, 20, 62, 98, 42, 0, 42.03%, 0, 0, 9, 551.41, 771245, 29
1754, 20, 52, 98, 42, 0, 42.03%, 0, 0, 9, 596.47, 774238, 29
1759, 21, 18, 98, 42, 0, 42.03%, 0, 0, 9, 552.10, 777051, 29
1765, 21, 75, 98, 42, 0, 42.03%, 0, 0, 9, 472.53, 779352, 29
1770, 21, 18, 99, 42, 0, 42.03%, 0, 0, 9, 509.14, 782150, 29
1775, 21, 52, 99, 42, 0, 42.03%, 0, 0, 9, 564.55, 785171, 29
1780, 21, 18, 99, 42, 0, 42.03%, 0, 0, 9, 569.24, 788002, 29
1785, 21, 18, 99, 42, 0, 42.03%, 0, 0, 9, 574.36, 791018, 29
1790, 21, 61, 99, 42, 0, 42.03%, 0, 0, 9, 590.02, 793903, 29
1795, 21, 91, 99, 42, 0, 42.03%, 0, 0, 9, 553.81, 796628, 29
1800, 21, 61, 99, 42, 0, 42.03%, 0, 0, 9, 590.62, 799725, 29
1805, 21, 91, 99, 42, 0, 42.03%, 0, 0, 9, 503.08, 802254, 29
1810, 21, 61, 99, 42, 0, 42.03%, 0, 0, 9, 542.40, 805038, 29
1816, 21, 18, 99, 41, 0, 42.03%, 0, 0, 9, 540.91, 807870, 29
1821, 21, 52, 99, 41, 0, 42.03%, 0, 0, 9, 566.57, 810732, 29
1826, 21, 91, 99, 41, 0, 42.03%, 0, 0, 9, 541.66, 813464, 29
1831, 21, 78, 99, 41, 0, 42.03%, 0, 0, 9, 579.48, 816480, 29
1836, 21, 41, 99, 41, 0, 42.03%, 0, 0, 9, 553.25, 819204, 29
1841, 21, 18, 99, 40, 0, 42.03%, 0, 0, 9, 571.04, 822104, 29
1846, 21, 61, 99, 40, 0, 42.03%, 0, 0, 9, 597.75, 825181, 29
1851, 21, 0, 99, 40, 0, 42.03%, 0, 0, 9, 562.94, 828039, 29
1856, 21, 19, 99, 40, 0, 42.03%, 0, 0, 9, 593.15, 831246, 29
1861, 22, 52, 99, 40, 0, 42.03%, 0, 0, 9, 581.00, 834151, 29
1866, 22, 18, 99, 40, 0, 42.03%, 0, 0, 9, 524.69, 836720, 29
1871, 22, 61, 99, 40, 0, 42.03%, 0, 0, 9, 565.90, 839508, 29
1877, 22, 48, 99, 40, 0, 42.03%, 0, 0, 9, 574.94, 842449, 29
1882, 22, 61, 99, 40, 0, 42.03%, 0, 0, 9, 549.34, 845217, 29
1887, 22, 18, 99, 39, 0, 42.03%, 0, 0, 9, 446.80, 847245, 29
1892, 22, 48, 99, 39, 0, 42.03%, 0, 0, 9, 597.39, 850555, 29
1897, 22, 91, 99, 39, 0, 42.03%, 0, 0, 9, 560.75, 853399, 29
1902, 22, 61, 99, 39, 0, 42.03%, 0, 0, 9, 571.01, 856203, 29
1907, 22, 61, 99, 39, 0, 42.03%, 0, 0, 9, 614.89, 859352, 29
1912, 22, 91, 99, 39, 0, 42.03%, 0, 0, 9, 628.87, 862427, 29
1917, 22, 18, 99, 39, 0, 42.03%, 0, 0, 9, 576.40, 865141, 29
1922, 22, 78, 100, 40, 0, 42.03%, 0, 0, 9, 102.98, 867769, 29
1927, 22, 58, 100, 40, 0, 42.03%, 0, 0, 9, 581.46, 870512, 29
1932, 22, 48, 100, 39, 0, 42.03%, 0, 0, 9, 617.67, 873722, 29
1937, 22, 91, 100, 39, 0, 42.03%, 0, 0, 9, 66.27, 876329, 29
1943, 22, 61, 100, 39, 0, 42.03%, 0, 0, 9, 575.06, 879169, 29
1948, 22, 18, 100, 39, 0, 42.03%, 0, 0, 9, 492.62, 881639, 29
1953, 22, 78, 100, 39, 0, 42.03%, 0, 0, 9, 491.47, 884009, 29
1958, 22, 61, 100, 39, 0, 42.03%, 0, 0, 9, 588.45, 887104, 29
1963, 22, 18, 100, 39, 0, 42.03%, 0, 0, 9, 592.91, 889907, 29
1968, 23, 52, 100, 39, 0, 42.03%, 0, 0, 9, 553.78, 892783, 29
1974, 23, 48, 100, 39, 0, 42.03%, 0, 0, 9, 590.05, 895742, 29
1979, 23, 61, 100, 39, 0, 42.03%, 0, 0, 9, 564.99, 898619, 29
1984, 23, 61, 100, 39, 0, 42.03%, 0, 0, 9, 599.88, 901748, 29
1989, 23, 19, 100, 39, 0, 42.03%, 0, 0, 9, 625.77, 904407, 29
1994, 23, 17, 100, 39, 0, 42.03%, 0, 0, 9, 578.35, 907328, 29
1999, 23, 61, 100, 39, 0, 42.03%, 0, 0, 9, 572.68, 910297, 29
2004, 23, 61, 100, 39, 0, 42.03%, 0, 0, 9, 547.76, 913087, 29
2010, 23, 61, 100, 39, 0, 42.03%, 0, 0, 9, 321.58, 915837, 29
2015, 23, 18, 100, 39, 0, 42.03%, 0, 0, 9, 541.21, 918924, 29
2020, 23, 52, 100, 39, 0, 42.03%, 0, 0, 9, 631.48, 922109, 29
2025, 23, 78, 100, 39, 0, 42.03%, 0, 0, 9, 585.93, 924960, 29
2030, 23, 78, 100, 39, 0, 42.03%, 0, 0, 9, 595.24, 928005, 29
2035, 23, 61, 100, 39, 0, 42.03%, 0, 0, 9, 558.49, 930877, 29
2040, 23, 52, 100, 39, 0, 42.03%, 0, 0, 9, 612.28, 934246, 29
2045, 23, 91, 100, 39, 0, 42.03%, 0, 0, 9, 636.10, 937434, 29
2050, 23, 52, 100, 39, 0, 42.03%, 0, 0, 9, 632.69, 940497, 29
2055, 23, 18, 100, 39, 0, 42.03%, 0, 0, 9, 600.18, 943507, 29
2060, 24, 52, 100, 39, 0, 42.03%, 0, 0, 9, 594.56, 946589, 29
2065, 24, 61, 100, 39, 0, 42.03%, 0, 0, 9, 589.43, 949702, 29
2071, 24, 18, 100, 39, 0, 42.03%, 0, 0, 9, 624.60, 952974, 29
2076, 24, 18, 100, 39, 0, 42.03%, 0, 0, 9, 585.66, 955893, 29
2081, 24, 62, 100, 39, 0, 42.03%, 0, 0, 9, 587.67, 958907, 29
2086, 24, 52, 100, 39, 0, 42.03%, 0, 0, 9, 572.62, 961717, 29
2091, 24, 91, 100, 39, 0, 42.03%, 0, 0, 9, 540.15, 964445, 29
2096, 24, 52, 100, 39, 0, 42.03%, 0, 0, 9, 558.69, 967060, 29
2101, 24, 61, 100, 39, 0, 42.03%, 0, 0, 9, 561.74, 969777, 29
2106, 24, 49, 100, 39, 0, 42.03%, 0, 0, 9, 427.89, 972000, 29
2111, 24, 52, 100, 38, 0, 42.03%, 0, 0, 9, 458.25, 974194, 29
2116, 24, 61, 100, 38, 0, 42.03%, 0, 0, 9, 565.34, 977077, 29
2121, 24, 18, 100, 38, 0, 42.03%, 0, 0, 9, 655.81, 980013, 29
2126, 24, 42, 100, 38, 0, 42.03%, 0, 0, 9, 603.37, 982989, 29
2131, 24, 18, 100, 37, 0, 42.03%, 0, 0, 9, 604.04, 985987, 29
2137, 24, 18, 100, 37, 0, 42.03%, 0, 0, 9, 636.57, 989249, 29
2142, 24, 18, 100, 37, 0, 42.03%, 0, 0, 9, 649.65, 992387, 29
2147, 24, 18, 100, 37, 0, 42.03%, 0, 0, 9, 602.76, 995400, 29
2152, 24, 52, 100, 37, 0, 42.03%, 0, 0, 9, 583.57, 998236, 29
2157, 25, 52, 100, 37, 0, 42.03%, 0, 0, 9, 640.21, 1001606, 29
2162, 25, 18, 100, 37, 0, 42.03%, 0, 0, 9, 584.67, 1004658, 29
2167, 25, 61, 100, 37, 0, 42.03%, 0, 0, 9, 633.50, 1007943, 29
2172, 25, 61, 100, 37, 0, 42.03%, 0, 0, 9, 652.63, 1011268, 29
2177, 25, 61, 100, 37, 0, 42.03%, 0, 0, 9, 630.99, 1014369, 29
2182, 25, 18, 100, 37, 0, 42.03%, 0, 0, 9, 572.04, 1017215, 29
2187, 25, 18, 100, 37, 0, 42.03%, 0, 0, 9, 604.18, 1020238, 29
2192, 25, 48, 100, 37, 0, 42.03%, 0, 0, 9, 639.10, 1023442, 29
2197, 25, 61, 100, 37, 0, 42.03%, 0, 0, 9, 632.89, 1026607, 29
2202, 25, 0, 100, 37, 0, 42.03%, 0, 0, 9, 662.35, 1029826, 29
2207, 25, 18, 100, 37, 0, 42.03%, 0, 0, 9, 584.27, 1032660, 29
2213, 25, 91, 100, 37, 0, 42.03%, 0, 0, 9, 76.39, 1035660, 29
2218, 25, 18, 100, 37, 0, 42.03%, 0, 0, 9, 592.82, 1038623, 29
2223, 25, 61, 100, 37, 0, 42.03%, 0, 0, 9, 583.88, 1041600, 29
2228, 25, 91, 100, 37, 0, 42.03%, 0, 0, 9, 548.11, 1044461, 29
2233, 25, 19, 100, 37, 0, 42.03%, 0, 0, 9, 652.40, 1047573, 29
2238, 25, 18, 100, 37, 0, 42.03%, 0, 0, 9, 577.22, 1050459, 29
2244, 25, 61, 100, 36, 0, 42.03%, 0, 0, 9, 584.62, 1053610, 29
2249, 25, 61, 100, 36, 0, 42.03%, 0, 0, 9, 602.45, 1056649, 29
2254, 26, 52, 100, 36, 0, 42.03%, 0, 0, 9, 588.13, 1059784, 29
2259, 26, 18, 100, 36, 0, 42.03%, 0, 0, 9, 581.12, 1062732, 29
2264, 26, 18, 100, 36, 0, 42.03%, 0, 0, 9, 533.86, 1065488, 29
2269, 26, 17, 100, 36, 0, 42.03%, 0, 0, 9, 609.82, 1068558, 29
2274, 26, 61, 100, 36, 0, 42.03%, 0, 0, 9, 544.41, 1071283, 29
2279, 26, 18, 100, 36, 0, 42.03%, 0, 0, 9, 598.88, 1074361, 29
2285, 26, 78, 100, 36, 0, 42.03%, 0, 0, 9, 605.20, 1077518, 29
2290, 26, 18, 100, 36, 0, 42.03%, 0, 0, 9, 570.75, 1080344, 29
2295, 26, 85, 100, 36, 0, 42.03%, 0, 0, 9, 542.07, 1083265, 29
2300, 26, 0, 100, 35, 0, 42.03%, 0, 0, 9, 96.97, 1085590, 29
2305, 26, 52, 100, 35, 0, 42.03%, 0, 0, 9, 671.49, 1088838, 29
2310, 26, 59, 100, 35, 0, 42.03%, 0, 0, 9, 424.55, 1090878, 29
2315, 26, 48, 100, 34, 0, 42.03%, 0, 0, 9, 471.47, 1093011, 29
2320, 26, 52, 100, 34, 0, 42.03%, 0, 0, 9, 535.07, 1095970, 29
2325, 26, 18, 100, 34, 0, 42.03%, 0, 0, 9, 470.38, 1098681, 29
2330, 26, 18, 100, 34, 0, 42.03%, 0, 0, 9, 551.86, 1101673, 29
2336, 26, 18, 100, 34, 0, 42.03%, 0, 0, 9, 605.66, 1104819, 29
2341, 26, 61, 100, 34, 0, 42.03%, 0, 0, 9, 608.71, 1107886, 29
2346, 26, 52, 100, 34, 0, 42.03%, 0, 0, 9, 589.70, 1110793, 29
2351, 26, 52, 100, 34, 0, 42.03%, 0, 0, 9, 609.23, 1113814, 29
2356, 27, 18, 100, 34, 0, 42.03%, 0, 0, 9, 626.13, 1116916, 29
2361, 27, 48, 100, 34, 0, 42.03%, 0, 0, 9, 558.92, 1119655, 29
2366, 27, 18, 100, 34, 0, 42.03%, 0, 0, 9, 485.77, 1122558, 29
2371, 27, 62, 100, 34, 0, 42.03%, 0, 0, 9, 601.11, 1125698, 29
2376, 27, 0, 100, 34, 0, 42.03%, 0, 0, 9, 624.96, 1128924, 29
2381, 27, 91, 100, 34, 0, 42.03%, 0, 0, 9, 450.20, 1131810, 29
2386, 27, 18, 100, 34, 0, 42.03%, 0, 0, 9, 588.93, 1134846, 29
2391, 27, 18, 100, 34, 0, 42.03%, 0, 0, 9, 596.09, 1137908, 29
2397, 27, 48, 100, 34, 0, 42.03%, 0, 0, 9, 629.80, 1141117, 29
2402, 27, 80, 100, 34, 0, 42.03%, 0, 0, 9, 625.19, 1144349, 29
2407, 27, 52, 100, 33, 0, 42.03%, 0, 0, 9, 628.43, 1147523, 29
2412, 27, 78, 100, 33, 0, 42.03%, 0, 0, 9, 593.78, 1150595, 29
2417, 27, 52, 100, 33, 0, 42.03%, 0, 0, 9, 587.57, 1153485, 29
2422, 27, 18, 100, 33, 0, 42.03%, 0, 0, 9, 535.07, 1156266, 29
2427, 27, 96, 100, 33, 0, 42.03%, 0, 0, 9, 479.37, 1158926, 29
2432, 27, 18, 100, 32, 0, 42.03%, 0, 0, 9, 413.17, 1160776, 29
2437, 27, 61, 100, 32, 0, 42.03%, 0, 0, 9, 512.36, 1163368, 29
2442, 27, 61, 100, 32, 0, 42.03%, 0, 0, 9, 635.30, 1166692, 29
2447, 27, 94, 100, 32, 0, 42.03%, 0, 0, 9, 511.86, 1169219, 29
2453, 27, 54, 100, 31, 0, 42.03%, 0, 0, 9, 573.10, 1172095, 29
2458, 28, 0, 100, 30, 0, 42.03%, 0, 0, 9, 596.11, 1175220, 29
2463, 28, 18, 100, 30, 0, 42.03%, 0, 0, 9, 594.29, 1178381, 29
2468, 28, 52, 100, 30, 0, 42.03%, 0, 0, 9, 612.74, 1181580, 29
2473, 28, 18, 100, 30, 0, 42.03%, 0, 0, 9, 529.23, 1184099, 29
2478, 28, 78, 100, 30, 0, 42.03%, 0, 0, 9, 289.08, 1186788, 29
2483, 28, 55, 100, 30, 0, 42.03%, 0, 0, 9, 560.00, 1189944, 29
2488, 28, 0, 100, 29, 0, 42.03%, 0, 0, 9, 603.09, 1193035, 29
2493, 28, 61, 100, 29, 0, 42.03%, 0, 0, 9, 646.79, 1196384, 29
2499, 28, 61, 100, 29, 0, 42.03%, 0, 0, 9, 657.89, 1199149, 29
2504, 28, 78, 100, 29, 0, 42.03%, 0, 0, 9, 652.20, 1202401, 29
2509, 28, 0, 100, 28, 0, 42.03%, 0, 0, 9, 634.86, 1205151, 29
2514, 28, 52, 100, 28, 0, 42.03%, 0, 0, 9, 586.04, 1208211, 29
2519, 28, 18, 100, 28, 0, 42.03%, 0, 0, 9, 680.54, 1211598, 29
2524, 28, 91, 100, 28, 0, 42.03%, 0, 0, 9, 625.32, 1214693, 29
2529, 28, 18, 100, 28, 0, 42.03%, 0, 0, 9, 633.11, 1217911, 29
2534, 28, 18, 100, 28, 0, 42.03%, 0, 0, 9, 580.11, 1220722, 29
2539, 28, 18, 100, 28, 0, 42.03%, 0, 0, 9, 581.34, 1223677, 29
2545, 28, 18, 100, 28, 0, 42.03%, 0, 0, 9, 532.84, 1226335, 29
2550, 28, 18, 100, 27, 0, 42.03%, 0, 0, 9, 546.83, 1229123, 29
2555, 29, 61, 100, 27, 0, 42.03%, 0, 0, 9, 642.30, 1231973, 29
2560, 29, 61, 100, 26, 0, 42.03%, 0, 0, 9, 662.03, 1235063, 29
2565, 29, 91, 100, 26, 0, 42.03%, 0, 0, 9, 597.69, 1238266, 29
2570, 29, 19, 100, 26, 0, 42.03%, 0, 0, 9, 614.04, 1241468, 29
2575, 29, 61, 100, 26, 0, 42.03%, 0, 0, 9, 631.46, 1244647, 29
2580, 29, 61, 100, 26, 0, 42.03%, 0, 0, 9, 623.91, 1247853, 29
2586, 29, 17, 100, 26, 0, 42.03%, 0, 0, 9, 578.30, 1250883, 29
2591, 29, 18, 100, 26, 0, 42.03%, 0, 0, 9, 591.49, 1253901, 29
2596, 29, 0, 100, 26, 0, 42.03%, 0, 0, 9, 601.06, 1256925, 29
2601, 29, 52, 100, 26, 0, 42.03%, 0, 0, 9, 569.52, 1259876, 29
2606, 29, 18, 100, 26, 0, 42.03%, 0, 0, 9, 628.88, 1263066, 29
2611, 29, 52, 100, 26, 0, 42.03%, 0, 0, 9, 590.09, 1265975, 29
2616, 29, 61, 100, 26, 0, 42.03%, 0, 0, 9, 575.68, 1268844, 29
2621, 29, 18, 100, 26, 0, 42.03%, 0, 0, 9, 604.73, 1271887, 29
2627, 29, 18, 100, 26, 0, 42.03%, 0, 0, 9, 532.36, 1274577, 29
2632, 29, 78, 100, 26, 0, 42.03%, 0, 0, 9, 621.21, 1277828, 29
2637, 29, 62, 100, 26, 0, 42.03%, 0, 0, 9, 531.76, 1280571, 29
2642, 30, 18, 100, 26, 0, 42.03%, 0, 0, 9, 591.03, 1283774, 29
2647, 30, 61, 100, 26, 0, 42.03%, 0, 0, 9, 626.21, 1286947, 29
2652, 30, 61, 100, 26, 0, 42.03%, 0, 0, 9, 319.56, 1289337, 29
2657, 30, 18, 100, 26, 0, 42.03%, 0, 0, 9, 530.08, 1292228, 29
2662, 30, 61, 100, 26, 0, 42.03%, 0, 0, 9, 625.66, 1295471, 29
2667, 30, 18, 100, 26, 0, 42.03%, 0, 0, 9, 603.81, 1298486, 29
2672, 30, 91, 100, 26, 0, 42.03%, 0, 0, 9, 590.48, 1301470, 29
2677, 30, 17, 100, 26, 0, 42.03%, 0, 0, 9, 566.91, 1304220, 29
2682, 30, 18, 100, 26, 0, 42.03%, 0, 0, 9, 610.75, 1307246, 29
2687, 30, 62, 100, 26, 0, 42.03%, 0, 0, 9, 629.75, 1310405, 29
2692, 30, 61, 100, 26, 0, 42.03%, 0, 0, 9, 625.49, 1313492, 29
2698, 30, 18, 100, 26, 0, 42.03%, 0, 0, 9, 511.23, 1315897, 29
2703, 30, 52, 100, 26, 0, 42.03%, 0, 0, 9, 115.94, 1318857, 29
2708, 30, 52, 100, 26, 0, 42.03%, 0, 0, 9, 556.81, 1321461, 29
2713, 30, 91, 100, 26, 0, 42.03%, 0, 0, 9, 538.79, 1324390, 29
2718, 30, 18, 100, 26, 0, 42.03%, 0, 0, 9, 630.74, 1327823, 29
2723, 30, 18, 100, 26, 0, 42.03%, 0, 0, 9, 526.08, 1330362, 29
2728, 30, 17, 100, 26, 0, 42.03%, 0, 0, 9, 638.18, 1332977, 29
2733, 31, 52, 100, 26, 0, 42.03%, 0, 0, 9, 634.40, 1335988, 29
2738, 31, 52, 100, 26, 0, 42.03%, 0, 0, 9, 600.67, 1338987, 29
2743, 31, 18, 100, 26, 0, 42.03%, 0, 0, 9, 541.52, 1341432, 29
2749, 31, 48, 100, 26, 0, 42.03%, 0, 0, 9, 567.44, 1344275, 29
2754, 31, 18, 100, 26, 0, 42.03%, 0, 0, 9, 642.05, 1347176, 29
2759, 31, 18, 100, 26, 0, 42.03%, 0, 0, 9, 615.63, 1350361, 29
2764, 31, 18, 100, 26, 0, 42.03%, 0, 0, 9, 622.11, 1353445, 29
2769, 31, 38, 100, 26, 0, 42.03%, 0, 0, 9, 621.96, 1356692, 29
2774, 31, 18, 100, 26, 0, 42.03%, 0, 0, 9, 593.25, 1359356, 29
2779, 31, 61, 100, 26, 0, 42.03%, 0, 0, 9, 613.30, 1362362, 29
2784, 31, 52, 100, 26, 0, 42.03%, 0, 0, 9, 595.58, 1365139, 29
2789, 31, 18, 100, 26, 0, 42.03%, 0, 0, 9, 575.86, 1368085, 29
2794, 31, 48, 100, 26, 0, 42.03%, 0, 0, 9, 598.86, 1371164, 29
2799, 31, 0, 100, 26, 0, 42.03%, 0, 0, 9, 651.62, 1374443, 29
2805, 31, 61, 100, 26, 0, 42.03%, 0, 0, 9, 664.40, 1377279, 29
2810, 31, 61, 100, 26, 0, 42.03%, 0, 0, 9, 565.44, 1380108, 29
2815, 31, 18, 100, 26, 0, 42.03%, 0, 0, 9, 497.11, 1382721, 29
2820, 31, 62, 100, 26, 0, 42.03%, 0, 0, 9, 578.57, 1385819, 29
2825, 32, 19, 100, 26, 0, 42.03%, 0, 0, 9, 555.19, 1388556, 29
2830, 32, 61, 100, 26, 0, 42.03%, 0, 0, 9, 571.38, 1391386, 29
2835, 32, 61, 100, 26, 0, 42.03%, 0, 0, 9, 570.81, 1394364, 29
2840, 32, 61, 100, 26, 0, 42.03%, 0, 0, 9, 584.99, 1397231, 29
2845, 32, 18, 100, 26, 0, 42.03%, 0, 0, 9, 613.71, 1400319, 29
2850, 32, 61, 100, 26, 0, 42.03%, 0, 0, 9, 569.60, 1402924, 29
2856, 32, 61, 100, 26, 0, 42.03%, 0, 0, 9, 625.29, 1405940, 29
2861, 32, 18, 100, 26, 0, 42.03%, 0, 0, 9, 575.06, 1408911, 29
2866, 32, 61, 100, 26, 0, 42.03%, 0, 0, 9, 641.89, 1412208, 29
2871, 32, 0, 100, 26, 0, 42.03%, 0, 0, 9, 619.85, 1415254, 29
2876, 32, 17, 100, 26, 0, 42.03%, 0, 0, 9, 601.70, 1418206, 29
2881, 32, 91, 100, 26, 0, 42.03%, 0, 0, 9, 579.65, 1420915, 29
2886, 32, 18, 100, 26, 0, 42.03%, 0, 0, 9, 558.66, 1423605, 29
2891, 32, 48, 100, 26, 0, 42.03%, 0, 0, 9, 573.94, 1426672, 29
2896, 32, 91, 100, 26, 0, 42.03%, 0, 0, 9, 645.24, 1430074, 29
2901, 32, 91, 100, 26, 0, 42.03%, 0, 0, 9, 566.51, 1432695, 29
2906, 32, 78, 100, 26, 0, 42.03%, 0, 0, 9, 653.87, 1435592, 29
2911, 32, 61, 100, 26, 0, 42.03%, 0, 0, 9, 86.64, 1438445, 29
2916, 32, 91, 100, 26, 0, 42.03%, 0, 0, 9, 568.12, 1441447, 29
2922, 32, 91, 100, 26, 0, 42.03%, 0, 0, 9, 615.11, 1444648, 29
2927, 33, 78, 100, 26, 0, 42.03%, 0, 0, 9, 638.82, 1447917, 29
2932, 33, 78, 100, 26, 0, 42.03%, 0, 0, 9, 567.93, 1450691, 29
2937, 33, 52, 100, 26, 0, 42.03%, 0, 0, 9, 639.71, 1453546, 29
2942, 33, 18, 100, 26, 0, 42.03%, 0, 0, 9, 606.34, 1456626, 29
2947, 33, 18, 100, 26, 0, 42.03%, 0, 0, 9, 554.65, 1459450, 29
2952, 33, 91, 100, 26, 0, 42.03%, 0, 0, 9, 587.45, 1462439, 29
2957, 33, 52, 100, 26, 0, 42.03%, 0, 0, 9, 597.12, 1465344, 29
2962, 33, 78, 100, 26, 0, 42.03%, 0, 0, 9, 575.51, 1468252, 29
2967, 33, 61, 100, 26, 0, 42.03%, 0, 0, 9, 606.94, 1471469, 29
2972, 33, 91, 100, 26, 0, 42.03%, 0, 0, 9, 563.02, 1474263, 29
2977, 33, 18, 100, 26, 0, 42.03%, 0, 0, 9, 657.06, 1476813, 29
2982, 33, 52, 100, 26, 0, 42.03%, 0, 0, 9, 582.60, 1479654, 29
2987, 33, 18, 100, 26, 0, 42.03%, 0, 0, 9, 562.48, 1482515, 29
2992, 33, 0, 100, 26, 0, 42.03%, 0, 0, 9, 647.53, 1485829, 29
2997, 33, 48, 100, 26, 0, 42.03%, 0, 0, 9, 602.55, 1488793, 29
3002, 33, 61, 100, 26, 0, 42.03%, 0, 0, 9, 617.93, 1491939, 29
3007, 33, 78, 100, 26, 0, 42.03%, 0, 0, 9, 603.72, 1494961, 29
3013, 34, 52, 100, 26, 0, 42.03%, 0, 0, 9, 612.52, 1498020, 29
3018, 34, 48, 100, 26, 0, 42.03%, 0, 0, 9, 591.32, 1500864, 29
3023, 34, 61, 100, 26, 0, 42.03%, 0, 0, 9, 619.54, 1504036, 29
3028, 34, 78, 100, 26, 0, 42.03%, 0, 0, 9, 583.20, 1507077, 29
3033, 34, 18, 100, 26, 0, 42.03%, 0, 0, 9, 453.50, 1510020, 29
3038, 34, 18, 100, 26, 0, 42.03%, 0, 0, 9, 516.96, 1512786, 29
3043, 34, 0, 100, 26, 0, 42.03%, 0, 0, 9, 635.41, 1516105, 29
3049, 34, 91, 100, 26, 0, 42.03%, 0, 0, 9, 469.08, 1518914, 29
3054, 34, 61, 100, 26, 0, 42.03%, 0, 0, 9, 515.70, 1521709, 29
3059, 34, 52, 100, 26, 0, 42.03%, 0, 0, 9, 657.12, 1524905, 29
3064, 34, 18, 100, 26, 0, 42.03%, 0, 0, 9, 479.87, 1527599, 29
3069, 34, 91, 100, 26, 0, 42.03%, 0, 0, 9, 548.53, 1530621, 29
3074, 34, 17, 100, 26, 0, 42.03%, 0, 0, 9, 567.48, 1533440, 29
3079, 34, 61, 100, 26, 0, 42.03%, 0, 0, 9, 573.69, 1536313, 29
3085, 34, 17, 100, 26, 0, 42.03%, 0, 0, 9, 615.89, 1539487, 29
3090, 34, 61, 100, 26, 0, 42.03%, 0, 0, 9, 590.20, 1542507, 29
3095, 34, 18, 100, 26, 0, 42.03%, 0, 0, 9, 552.78, 1545339, 29
3100, 34, 99, 100, 26, 0, 42.03%, 0, 0, 9, 87.02, 1547160, 29
3105, 34, 99, 100, 26, 0, 42.03%, 0, 0, 9, 87.31, 1547608, 29
3110, 34, 99, 100, 26, 0, 42.03%, 0, 0, 9, 87.99, 1548056, 29
3115, 34, 18, 100, 25, 0, 42.03%, 0, 0, 9, 604.70, 1549960, 29
3120, 35, 18, 100, 25, 0, 42.03%, 0, 0, 9, 614.16, 1553207, 29
3125, 35, 62, 100, 25, 0, 42.03%, 0, 0, 9, 607.28, 1556216, 29
3131, 35, 52, 100, 25, 0, 42.03%, 0, 0, 9, 547.95, 1558733, 29
3136, 35, 18, 100, 25, 0, 42.03%, 0, 0, 9, 588.58, 1561761, 29
3141, 35, 18, 100, 25, 0, 42.03%, 0, 0, 9, 401.80, 1564703, 29
3146, 35, 61, 100, 25, 0, 42.03%, 0, 0, 9, 550.35, 1567703, 29
3151, 35, 18, 100, 25, 0, 42.03%, 0, 0, 9, 608.55, 1570970, 29
3156, 35, 61, 100, 25, 0, 42.03%, 0, 0, 9, 662.64, 1574245, 29
3161, 35, 18, 100, 25, 0, 42.03%, 0, 0, 9, 594.95, 1577150, 29
3166, 35, 0, 100, 25, 0, 42.03%, 0, 0, 9, 635.88, 1580302, 29
3171, 35, 61, 100, 25, 0, 42.03%, 0, 0, 9, 633.78, 1583512, 29
3176, 35, 33, 100, 25, 0, 42.03%, 0, 0, 9, 497.82, 1585910, 29
3182, 35, 52, 100, 23, 0, 42.03%, 0, 0, 9, 593.72, 1588899, 29
3187, 35, 52, 100, 23, 0, 42.03%, 0, 0, 9, 584.08, 1591890, 29
3192, 35, 61, 100, 22, 0, 42.03%, 0, 0, 9, 635.60, 1595136, 29
3197, 35, 18, 100, 22, 0, 42.03%, 0, 0, 9, 686.19, 1598240, 29
3202, 35, 18, 100, 22, 0, 42.03%, 0, 0, 9, 622.22, 1601491, 29
3207, 36, 18, 100, 22, 0, 42.03%, 0, 0, 9, 624.93, 1604687, 29
3212, 36, 52, 100, 22, 0, 42.03%, 0, 0, 9, 561.49, 1607551, 29
3217, 36, 18, 100, 22, 0, 42.03%, 0, 0, 9, 569.70, 1610541, 29
3222, 36, 61, 100, 22, 0, 42.03%, 0, 0, 9, 584.12, 1613620, 29
3227, 36, 48, 100, 22, 0, 42.03%, 0, 0, 9, 653.30, 1617036, 29
3232, 36, 18, 100, 22, 0, 42.03%, 0, 0, 9, 550.22, 1619800, 29
3238, 36, 18, 100, 22, 0, 42.03%, 0, 0, 9, 559.79, 1622588, 29
3243, 36, 18, 100, 22, 0, 42.03%, 0, 0, 9, 613.74, 1625796, 29
3248, 36, 18, 100, 22, 0, 42.03%, 0, 0, 9, 572.23, 1628613, 29
3253, 36, 62, 100, 22, 0, 42.03%, 0, 0, 9, 600.07, 1631545, 29
3258, 36, 43, 100, 22, 0, 42.03%, 0, 0, 9, 527.09, 1634220, 29
3263, 36, 72, 100, 21, 0, 42.03%, 0, 0, 9, 565.41, 1637155, 29
3268, 36, 18, 100, 20, 0, 42.03%, 0, 0, 9, 531.60, 1639867, 29
3273, 36, 61, 100, 20, 0, 42.03%, 0, 0, 9, 532.12, 1642539, 29
3278, 36, 18, 100, 20, 0, 42.03%, 0, 0, 9, 673.08, 1645719, 29
3284, 36, 52, 100, 20, 0, 42.03%, 0, 0, 9, 586.03, 1648685, 29
3289, 36, 91, 100, 20, 0, 42.03%, 0, 0, 9, 541.82, 1651466, 29
3294, 36, 0, 100, 20, 0, 42.03%, 0, 0, 9, 579.26, 1654387, 29
3299, 36, 48, 100, 20, 0, 42.03%, 0, 0, 9, 598.98, 1657453, 29
3304, 37, 18, 100, 20, 0, 42.03%, 0, 0, 9, 606.45, 1660654, 29
3309, 37, 61, 100, 20, 0, 42.03%, 0, 0, 9, 584.89, 1663390, 29
3314, 37, 19, 100, 20, 0, 42.03%, 0, 0, 9, 545.98, 1666171, 29
3319, 37, 19, 100, 20, 0, 42.03%, 0, 0, 9, 568.62, 1669176, 29
3324, 37, 52, 100, 20, 0, 42.03%, 0, 0, 9, 599.05, 1672272, 29
3329, 37, 78, 100, 20, 0, 42.03%, 0, 0, 9, 609.42, 1675361, 29
3335, 37, 61, 100, 20, 0, 42.03%, 0, 0, 9, 606.85, 1678507, 29
3340, 37, 18, 100, 20, 0, 42.03%, 0, 0, 9, 596.31, 1681515, 29
3345, 37, 61, 100, 20, 0, 42.03%, 0, 0, 9, 580.27, 1684425, 29
3350, 37, 0, 100, 20, 0, 42.03%, 0, 0, 9, 252.20, 1687017, 29
3355, 37, 52, 100, 20, 0, 42.03%, 0, 0, 9, 521.73, 1690055, 29
3360, 37, 61, 100, 20, 0, 42.03%, 0, 0, 9, 595.04, 1693178, 29
3365, 37, 61, 100, 20, 0, 42.03%, 0, 0, 9, 605.84, 1696219, 29
3370, 37, 19, 100, 20, 0, 42.03%, 0, 0, 9, 627.76, 1699377, 29
3375, 37, 61, 100, 20, 0, 42.03%, 0, 0, 9, 603.12, 1702387, 29
3380, 37, 61, 100, 20, 0, 42.03%, 0, 0, 9, 593.74, 1705400, 29
3385, 37, 52, 100, 20, 0, 42.03%, 0, 0, 9, 593.31, 1708393, 29
3391, 37, 18, 100, 20, 0, 42.03%, 0, 0, 9, 574.76, 1711184, 29
3396, 38, 61, 100, 20, 0, 42.03%, 0, 0, 9, 541.56, 1713928, 29
3401, 38, 52, 100, 19, 0, 42.03%, 0, 0, 9, 589.71, 1717073, 29
3406, 38, 52, 100, 19, 0, 42.03%, 0, 0, 9, 578.36, 1720007, 29
3411, 38, 33, 100, 19, 0, 42.03%, 0, 0, 9, 615.19, 1723097, 29
3416, 38, 62, 100, 19, 0, 42.03%, 0, 0, 9, 90.91, 1726340, 29
3421, 38, 18, 100, 19, 0, 42.03%, 0, 0, 9, 596.50, 1729306, 29
3426, 38, 18, 100, 19, 0, 42.03%, 0, 0, 9, 554.95, 1732105, 29
3432, 38, 61, 100, 19, 0, 42.03%, 0, 0, 9, 675.63, 1735606, 29
3437, 38, 61, 100, 19, 0, 42.03%, 0, 0, 9, 88.98, 1738403, 29
3442, 38, 61, 100, 19, 0, 42.03%, 0, 0, 9, 672.97, 1741617, 29
3447, 38, 18, 100, 19, 0, 42.03%, 0, 0, 9, 647.15, 1744889, 29
3452, 38, 19, 100, 19, 0, 42.03%, 0, 0, 9, 554.84, 1747542, 29
3457, 38, 48, 100, 19, 0, 42.03%, 0, 0, 9, 651.73, 1750927, 29
3462, 38, 18, 100, 18, 0, 42.03%, 0, 0, 9, 599.84, 1753885, 29
3467, 38, 61, 100, 18, 0, 42.03%, 0, 0, 9, 607.41, 1756979, 29
3472, 38, 61, 100, 18, 0, 42.03%, 0, 0, 9, 568.62, 1759847, 29
3478, 38, 61, 100, 18, 0, 42.03%, 0, 0, 9, 634.75, 1763150, 29
3483, 39, 61, 100, 18, 0, 42.03%, 0, 0, 9, 483.01, 1766035, 29
3488, 39, 48, 100, 18, 0, 42.03%, 0, 0, 9, 570.26, 1769033, 29
3493, 39, 52, 100, 18, 0, 42.03%, 0, 0, 9, 575.28, 1771968, 29
3498, 39, 18, 100, 18, 0, 42.03%, 0, 0, 9, 612.42, 1775060, 29
3503, 39, 18, 100, 18, 0, 42.03%, 0, 0, 9, 599.77, 1778248, 29
3508, 39, 61, 100, 18, 0, 42.03%, 0, 0, 9, 612.64, 1781343, 29
3513, 39, 18, 100, 18, 0, 42.03%, 0, 0, 9, 630.09, 1784579, 29
3518, 39, 61, 100, 18, 0, 42.03%, 0, 0, 9, 636.60, 1787777, 29
3524, 39, 0, 100, 18, 0, 42.03%, 0, 0, 9, 634.46, 1791037, 29
3529, 39, 81, 100, 18, 0, 42.03%, 0, 0, 9, 592.49, 1793995, 29
3534, 39, 91, 100, 17, 0, 42.03%, 0, 0, 9, 541.62, 1796712, 29
3539, 39, 18, 100, 17, 0, 42.03%, 0, 0, 9, 580.57, 1799751, 29
3544, 39, 18, 100, 17, 0, 42.03%, 0, 0, 9, 619.75, 1802510, 29
3549, 39, 61, 100, 17, 0, 42.03%, 0, 0, 9, 602.93, 1805511, 29
3554, 39, 61, 100, 17, 0, 42.03%, 0, 0, 9, 624.05, 1808574, 29
3559, 39, 62, 100, 17, 0, 42.03%, 0, 0, 9, 630.23, 1811556, 29
3564, 39, 62, 101, 18, 0, 42.03%, 0, 0, 9, 534.30, 1814346, 29
3569, 40, 19, 101, 18, 0, 42.03%, 0, 0, 9, 583.42, 1817359, 29
3575, 40, 18, 101, 18, 0, 42.03%, 0, 0, 9, 522.67, 1819516, 29
3580, 40, 17, 101, 18, 0, 42.03%, 0, 0, 9, 706.92, 1822303, 29
3585, 40, 18, 101, 18, 0, 42.03%, 0, 0, 9, 604.86, 1825264, 29
3590, 40, 18, 101, 18, 0, 42.03%, 0, 0, 9, 316.61, 1828081, 29
3595, 40, 52, 101, 18, 0, 42.03%, 0, 0, 9, 550.00, 1830754, 29
3600, 40, 18, 101, 18, 0, 42.03%, 0, 0, 9, 634.70, 1833979, 29
3605, 40, 18, 101, 18, 0, 42.03%, 0, 0, 9, 587.21, 1836968, 29
3610, 40, 48, 101, 18, 0, 42.03%, 0, 0, 9, 584.49, 1839951, 29
3616, 40, 48, 101, 18, 0, 42.03%, 0, 0, 9, 551.63, 1842894, 29
3621, 40, 61, 101, 18, 0, 42.03%, 0, 0, 9, 654.97, 1846442, 29
3626, 40, 61, 101, 18, 0, 42.03%, 0, 0, 9, 365.00, 1848981, 29
3631, 40, 91, 101, 18, 0, 42.03%, 0, 0, 9, 738.51, 1851287, 29
3636, 40, 61, 101, 18, 0, 42.03%, 0, 0, 9, 685.17, 1854526, 29
3641, 40, 52, 101, 18, 0, 42.03%, 0, 0, 9, 540.00, 1857323, 29
3646, 40, 48, 101, 18, 0, 42.03%, 0, 0, 9, 570.27, 1860231, 29
3652, 40, 18, 101, 18, 0, 42.03%, 0, 0, 9, 611.01, 1863039, 29
3657, 40, 78, 101, 18, 0, 42.03%, 0, 0, 9, 671.68, 1865760, 29
3662, 40, 78, 101, 18, 0, 42.03%, 0, 0, 9, 649.61, 1868939, 29
3667, 40, 0, 101, 18, 0, 42.03%, 0, 0, 9, 666.76, 1871606, 29
3672, 40, 48, 101, 18, 0, 42.03%, 0, 0, 9, 668.68, 1875019, 29
3677, 40, 18, 101, 18, 0, 42.03%, 0, 0, 9, 606.89, 1878025, 29
3682, 40, 61, 101, 18, 0, 42.03%, 0, 0, 9, 522.76, 1880429, 29
3687, 41, 18, 101, 18, 0, 42.03%, 0, 0, 9, 533.83, 1883281, 29
3693, 41, 91, 101, 18, 0, 42.03%, 0, 0, 9, 581.38, 1885813, 29
3698, 41, 19, 101, 18, 0, 42.03%, 0, 0, 9, 598.68, 1888452, 29
3703, 41, 18, 101, 18, 0, 42.03%, 0, 0, 9, 605.10, 1891558, 29
3708, 41, 48, 101, 18, 0, 42.03%, 0, 0, 9, 52.17, 1893920, 29
3713, 41, 61, 101, 18, 0, 42.03%, 0, 0, 9, 572.59, 1896858, 29
3718, 41, 48, 101, 18, 0, 42.03%, 0, 0, 9, 72.14, 1899545, 29
3723, 41, 61, 101, 18, 0, 42.03%, 0, 0, 9, 254.29, 1902094, 29
3728, 41, 19, 101, 18, 0, 42.03%, 0, 0, 9, 647.86, 1904833, 29
3733, 41, 52, 101, 18, 0, 42.03%, 0, 0, 9, 616.89, 1907505, 29
3739, 41, 18, 101, 18, 0, 42.03%, 0, 0, 9, 685.00, 1910212, 29
3744, 41, 78, 101, 18, 0, 42.03%, 0, 0, 9, 676.52, 1913139, 29
3749, 41, 83, 101, 18, 0, 42.03%, 0, 0, 9, 572.03, 1915962, 29
3754, 41, 83, 101, 18, 0, 42.03%, 0, 0, 9, 393.51, 1917702, 29
3759, 41, 18, 101, 17, 0, 42.03%, 0, 0, 9, 543.75, 1920528, 29
3764, 41, 61, 101, 17, 0, 42.03%, 0, 0, 9, 550.62, 1923175, 29
3769, 41, 78, 101, 17, 0, 42.03%, 0, 0, 9, 604.36, 1926244, 29
3774, 41, 52, 101, 17, 0, 42.03%, 0, 0, 9, 54.03, 1928330, 29
3779, 41, 78, 101, 17, 0, 42.03%, 0, 0, 9, 257.59, 1930504, 29
3784, 41, 91, 101, 17, 0, 42.03%, 0, 0, 9, 535.56, 1933548, 29
3789, 41, 18, 101, 17, 0, 42.03%, 0, 0, 9, 109.23, 1935907, 29
3794, 41, 78, 101, 17, 0, 42.03%, 0, 0, 9, 655.58, 1939008, 29
3800, 41, 61, 101, 17, 0, 42.03%, 0, 0, 9, 597.93, 1941904, 29
3805, 41, 61, 101, 17, 0, 42.03%, 0, 0, 9, 618.82, 1945118, 29
3810, 41, 61, 101, 17, 0, 42.03%, 0, 0, 9, 651.38, 1947877, 29
3815, 42, 19, 101, 17, 0, 42.03%, 0, 0, 9, 593.28, 1950478, 29
3820, 42, 52, 101, 17, 0, 42.03%, 0, 0, 9, 605.38, 1953638, 29
3825, 42, 52, 101, 17, 0, 42.03%, 0, 0, 9, 338.98, 1956411, 29
3831, 42, 18, 101, 17, 0, 42.03%, 0, 0, 9, 567.09, 1959628, 29
3836, 42, 19, 101, 17, 0, 42.03%, 0, 0, 9, 630.44, 1962856, 29
3841, 42, 61, 101, 17, 0, 42.03%, 0, 0, 9, 442.79, 1965079, 29
3846, 42, 52, 101, 17, 0, 42.03%, 0, 0, 9, 575.18, 1967942, 29
3851, 42, 18, 101, 17, 0, 42.03%, 0, 0, 9, 273.51, 1970586, 29
3856, 42, 61, 101, 17, 0, 42.03%, 0, 0, 9, 253.80, 1973064, 29
3861, 42, 78, 101, 17, 0, 42.03%, 0, 0, 9, 428.01, 1975655, 29
3866, 42, 18, 101, 16, 0, 42.03%, 0, 0, 9, 667.29, 1978595, 29
3871, 42, 61, 101, 16, 0, 42.03%, 0, 0, 9, 605.91, 1981512, 29
3877, 42, 61, 101, 16, 0, 42.03%, 0, 0, 9, 714.41, 1984324, 29
3882, 42, 52, 101, 16, 0, 42.03%, 0, 0, 9, 526.25, 1986685, 29
3887, 42, 78, 101, 16, 0, 42.03%, 0, 0, 9, 218.33, 1989022, 29
3892, 42, 61, 101, 16, 0, 42.03%, 0, 0, 9, 541.88, 1991644, 29
3897, 42, 18, 101, 16, 0, 42.03%, 0, 0, 9, 674.00, 1995159, 29
3902, 42, 18, 102, 17, 0, 42.03%, 0, 0, 9, 539.53, 1997645, 29
3907, 42, 62, 102, 17, 0, 42.03%, 0, 0, 9, 357.38, 2000332, 29
3912, 42, 78, 102, 17, 0, 42.03%, 0, 0, 9, 567.16, 2003370, 29
3917, 42, 61, 102, 17, 0, 42.03%, 0, 0, 9, 575.13, 2006165, 29
3922, 42, 18, 102, 17, 0, 42.03%, 0, 0, 9, 594.95, 2009186, 29
3927, 42, 61, 102, 17, 0, 42.03%, 0, 0, 9, 619.22, 2012276, 29
3932, 42, 52, 102, 17, 0, 42.03%, 0, 0, 9, 591.50, 2015257, 29
3937, 43, 78, 102, 17, 0, 42.03%, 0, 0, 9, 380.41, 2017993, 29
3943, 43, 52, 102, 17, 0, 42.03%, 0, 0, 9, 52.08, 2020081, 29
3948, 43, 78, 102, 17, 0, 42.03%, 0, 0, 9, 572.63, 2022667, 29
3953, 43, 52, 102, 17, 0, 42.03%, 0, 0, 9, 579.37, 2025545, 29
3958, 43, 52, 102, 17, 0, 42.03%, 0, 0, 9, 49.32, 2027565, 29
3963, 43, 18, 102, 17, 0, 42.03%, 0, 0, 9, 539.83, 2030271, 29
3968, 43, 61, 102, 17, 0, 42.03%, 0, 0, 9, 623.42, 2033054, 29
3973, 43, 61, 102, 17, 0, 42.03%, 0, 0, 9, 558.88, 2035849, 29
3978, 43, 52, 102, 17, 0, 42.03%, 0, 0, 9, 587.33, 2038230, 29
3983, 43, 18, 102, 17, 0, 42.03%, 0, 0, 9, 612.01, 2041379, 29
3989, 43, 52, 102, 17, 0, 42.03%, 0, 0, 9, 617.41, 2044520, 29
3994, 43, 91, 102, 17, 0, 42.03%, 0, 0, 9, 602.24, 2047111, 29
3999, 43, 91, 102, 17, 0, 42.03%, 0, 0, 9, 184.06, 2049804, 29
4004, 43, 61, 102, 17, 0, 42.03%, 0, 0, 9, 548.22, 2052137, 29
4009, 43, 18, 102, 17, 0, 42.03%, 0, 0, 9, 604.98, 2054811, 29
4014, 43, 18, 102, 17, 0, 42.03%, 0, 0, 9, 63.44, 2057336, 29
4019, 43, 0, 102, 17, 0, 42.03%, 0, 0, 9, 703.94, 2060137, 29
4025, 43, 18, 102, 17, 0, 42.03%, 0, 0, 9, 628.04, 2063336, 29
4030, 43, 62, 102, 17, 0, 42.03%, 0, 0, 9, 645.30, 2065866, 29
4035, 43, 52, 102, 17, 0, 42.03%, 0, 0, 9, 605.85, 2068833, 29
4040, 43, 52, 102, 17, 0, 42.03%, 0, 0, 9, 667.47, 2071486, 29
4045, 43, 61, 102, 17, 0, 42.03%, 0, 0, 9, 179.54, 2074119, 29
4050, 43, 52, 102, 17, 0, 42.03%, 0, 0, 9, 552.46, 2077319, 29
4055, 43, 18, 102, 17, 0, 42.03%, 0, 0, 9, 386.43, 2079471, 29
4061, 43, 19, 102, 17, 0, 42.03%, 0, 0, 9, 537.44, 2082428, 29
4066, 43, 19, 102, 17, 0, 42.03%, 0, 0, 9, 524.15, 2085157, 29
4071, 44, 18, 102, 17, 0, 42.03%, 0, 0, 9, 298.70, 2087827, 29
4076, 44, 52, 102, 17, 0, 42.03%, 0, 0, 9, 489.05, 2090412, 29
4081, 44, 19, 102, 17, 0, 42.03%, 0, 0, 9, 562.92, 2093095, 29
4086, 44, 18, 102, 17, 0, 42.03%, 0, 0, 9, 610.59, 2095736, 29
4091, 44, 48, 102, 17, 0, 42.03%, 0, 0, 9, 51.99, 2097891, 29
4097, 44, 48, 102, 17, 0, 42.03%, 0, 0, 9, 781.97, 2100561, 29
4102, 44, 18, 102, 17, 0, 42.03%, 0, 0, 9, 483.27, 2103241, 29
4107, 44, 19, 102, 17, 0, 42.03%, 0, 0, 9, 509.32, 2105977, 29
4112, 44, 18, 102, 17, 0, 42.03%, 0, 0, 9, 549.69, 2108935, 29
4117, 44, 91, 102, 17, 0, 42.03%, 0, 0, 9, 566.79, 2111554, 29
4122, 44, 52, 102, 17, 0, 42.03%, 0, 0, 9, 123.33, 2113987, 29
4127, 44, 61, 102, 17, 0, 42.03%, 0, 0, 9, 657.61, 2117122, 29
4132, 44, 91, 102, 17, 0, 42.03%, 0, 0, 9, 101.05, 2119128, 29
4137, 44, 61, 102, 17, 0, 42.03%, 0, 0, 9, 599.36, 2121974, 29
4143, 44, 61, 102, 17, 0, 42.03%, 0, 0, 9, 592.41, 2124950, 29
4148, 44, 18, 102, 17, 0, 42.03%, 0, 0, 9, 658.44, 2128085, 29
4153, 44, 19, 102, 17, 0, 42.03%, 0, 0, 9, 82.95, 2130760, 29
4158, 44, 18, 102, 17, 0, 42.03%, 0, 0, 9, 680.72, 2134195, 29
4163, 44, 61, 102, 17, 0, 42.03%, 0, 0, 9, 89.02, 2136687, 29
4168, 44, 91, 102, 17, 0, 42.03%, 0, 0, 9, 577.37, 2139763, 29
4173, 44, 18, 102, 17, 0, 42.03%, 0, 0, 9, 573.68, 2142693, 29
4178, 44, 78, 102, 17, 0, 42.03%, 0, 0, 9, 611.76, 2145822, 29
4183, 44, 61, 102, 17, 0, 42.03%, 0, 0, 9, 540.92, 2148174, 29
4188, 44, 61, 102, 17, 0, 42.03%, 0, 0, 9, 51.87, 2150603, 29
4194, 44, 19, 102, 17, 0, 42.03%, 0, 0, 9, 491.49, 2153371, 29
4199, 45, 18, 102, 17, 0, 42.03%, 0, 0, 9, 718.06, 2155714, 29
4204, 45, 18, 102, 17, 0, 42.03%, 0, 0, 9, 777.56, 2158076, 29
4209, 45, 18, 102, 17, 0, 42.03%, 0, 0, 9, 505.83, 2160904, 29
4214, 45, 18, 102, 17, 0, 42.03%, 0, 0, 9, 504.24, 2163543, 29
4219, 45, 18, 102, 17, 0, 42.03%, 0, 0, 9, 600.65, 2166236, 29
4224, 45, 61, 102, 17, 0, 42.03%, 0, 0, 9, 643.89, 2169522, 29
4229, 45, 52, 102, 17, 0, 42.03%, 0, 0, 9, 599.43, 2172415, 29
4234, 45, 78, 102, 17, 0, 42.03%, 0, 0, 9, 609.88, 2174944, 29
4239, 45, 61, 102, 17, 0, 42.03%, 0, 0, 9, 631.72, 2177294, 29
4244, 45, 18, 102, 16, 0, 42.03%, 0, 0, 9, 355.65, 2179490, 29
4249, 45, 91, 102, 16, 0, 42.03%, 0, 0, 9, 533.47, 2182515, 29
4254, 45, 17, 102, 16, 0, 42.03%, 0, 0, 9, 663.31, 2185290, 29
4260, 45, 18, 102, 16, 0, 42.03%, 0, 0, 9, 597.57, 2188193, 29
4265, 45, 52, 102, 16, 0, 42.03%, 0, 0, 9, 805.83, 2191094, 29
4270, 45, 62, 102, 16, 0, 42.03%, 0, 0, 9, 658.39, 2194342, 29
4275, 45, 18, 102, 16, 0, 42.03%, 0, 0, 9, 615.39, 2196866, 29
4280, 45, 52, 102, 16, 0, 42.03%, 0, 0, 9, 575.84, 2199851, 29
4285, 45, 0, 102, 16, 0, 42.03%, 0, 0, 9, 614.48, 2202964, 29
4290, 45, 61, 102, 16, 0, 42.03%, 0, 0, 9, 566.70, 2205648, 29
4295, 45, 18, 102, 16, 0, 42.03%, 0, 0, 9, 726.19, 2208567, 29
4300, 45, 17, 102, 16, 0, 42.03%, 0, 0, 9, 497.06, 2211344, 29
4306, 45, 78, 102, 16, 0, 42.03%, 0, 0, 9, 564.89, 2214250, 29
4311, 45, 18, 102, 16, 0, 42.03%, 0, 0, 9, 558.92, 2217028, 29
4316, 45, 91, 102, 16, 0, 42.03%, 0, 0, 9, 389.96, 2219351, 29
4321, 45, 91, 102, 16, 0, 42.03%, 0, 0, 9, 522.58, 2222040, 29
4326, 45, 18, 102, 16, 0, 42.03%, 0, 0, 9, 531.61, 2224617, 29
4331, 46, 0, 102, 16, 0, 42.03%, 0, 0, 9, 676.23, 2227697, 29
4336, 46, 18, 102, 16, 0, 42.03%, 0, 0, 9, 87.72, 2231154, 29
4341, 46, 18, 102, 16, 0, 42.03%, 0, 0, 9, 764.50, 2233600, 29
4346, 46, 19, 102, 16, 0, 42.03%, 0, 0, 9, 559.30, 2236136, 29
4352, 46, 61, 102, 16, 0, 42.03%, 0, 0, 9, 542.43, 2238393, 29
4357, 46, 48, 102, 16, 0, 42.03%, 0, 0, 9, 481.80, 2240723, 29
4362, 46, 18, 102, 16, 0, 42.03%, 0, 0, 9, 570.31, 2242949, 29
4367, 46, 18, 102, 16, 0, 42.03%, 0, 0, 9, 439.14, 2245691, 29
4372, 46, 62, 102, 16, 0, 42.03%, 0, 0, 9, 104.48, 2248559, 29
4377, 46, 52, 102, 16, 0, 42.03%, 0, 0, 9, 585.60, 2251494, 29
4382, 46, 18, 102, 16, 0, 42.03%, 0, 0, 9, 651.72, 2253999, 29
4387, 46, 18, 102, 16, 0, 42.03%, 0, 0, 9, 551.79, 2256215, 29
4393, 46, 18, 102, 16, 0, 42.03%, 0, 0, 9, 719.14, 2258690, 29
4398, 46, 61, 102, 16, 0, 42.03%, 0, 0, 9, 634.73, 2261822, 29
4403, 46, 18, 102, 16, 0, 42.03%, 0, 0, 9, 671.18, 2264023, 29
4408, 46, 61, 102, 16, 0, 42.03%, 0, 0, 9, 147.05, 2266496, 29
4413, 46, 18, 102, 16, 0, 42.03%, 0, 0, 9, 426.82, 2268707, 29
4418, 46, 51, 102, 16, 0, 42.03%, 0, 0, 9, 616.17, 2271534, 29
4423, 46, 18, 102, 16, 0, 42.03%, 0, 0, 9, 624.80, 2274630, 29
4428, 46, 52, 102, 16, 0, 42.03%, 0, 0, 9, 583.80, 2277229, 29
4433, 46, 18, 102, 16, 0, 42.03%, 0, 0, 9, 583.09, 2279791, 29
4438, 46, 78, 102, 16, 0, 42.03%, 0, 0, 9, 574.49, 2282759, 29
4444, 46, 61, 102, 16, 0, 42.03%, 0, 0, 9, 391.87, 2285049, 29
4449, 46, 73, 102, 16, 0, 42.03%, 0, 0, 9, 544.91, 2287929, 29
4454, 46, 18, 102, 15, 0, 42.03%, 0, 0, 9, 578.85, 2290928, 29
4459, 47, 18, 102, 15, 0, 42.03%, 0, 0, 9, 731.53, 2293750, 29
4464, 47, 61, 102, 15, 0, 42.03%, 0, 0, 9, 725.24, 2297283, 29
4469, 47, 48, 102, 15, 0, 42.03%, 0, 0, 9, 459.32, 2299614, 29
4474, 47, 61, 102, 15, 0, 42.03%, 0, 0, 9, 450.41, 2302489, 29
4479, 47, 52, 102, 15, 0, 42.03%, 0, 0, 9, 456.60, 2304846, 29
4484, 47, 61, 102, 15, 0, 42.03%, 0, 0, 9, 564.12, 2307715, 29
4489, 47, 17, 102, 15, 0, 42.03%, 0, 0, 9, 271.68, 2310317, 29
4494, 47, 52, 102, 15, 0, 42.03%, 0, 0, 9, 644.23, 2313116, 29
4499, 47, 61, 102, 15, 0, 42.03%, 0, 0, 9, 638.10, 2315762, 29
4504, 47, 78, 102, 15, 0, 42.03%, 0, 0, 9, 117.65, 2318463, 29
4510, 47, 18, 102, 15, 0, 42.03%, 0, 0, 9, 594.77, 2321232, 29
4515, 47, 18, 102, 15, 0, 42.03%, 0, 0, 9, 538.98, 2324066, 29
4520, 47, 91, 102, 15, 0, 42.03%, 0, 0, 9, 555.80, 2326873, 29
4525, 47, 78, 102, 15, 0, 42.03%, 0, 0, 9, 643.40, 2330112, 29
4530, 47, 52, 102, 15, 0, 42.03%, 0, 0, 9, 641.72, 2333350, 29
4535, 47, 0, 102, 15, 0, 42.03%, 0, 0, 9, 567.96, 2336183, 29
4540, 47, 48, 102, 15, 0, 42.03%, 0, 0, 9, 509.75, 2338810, 29
4545, 47, 18, 102, 15, 0, 42.03%, 0, 0, 9, 596.31, 2341853, 29
4550, 47, 18, 102, 15, 0, 42.03%, 0, 0, 9, 625.16, 2344334, 29
4555, 47, 61, 102, 15, 0, 42.03%, 0, 0, 9, 609.03, 2347285, 29
4560, 47, 18, 102, 15, 0, 42.03%, 0, 0, 9, 610.64, 2349881, 29
4566, 47, 48, 102, 15, 0, 42.03%, 0, 0, 9, 588.31, 2352886, 29
4571, 47, 18, 102, 15, 0, 42.03%, 0, 0, 9, 625.08, 2355981, 29
4576, 47, 18, 102, 15, 0, 42.03%, 0, 0, 9, 691.09, 2358455, 29
4581, 48, 0, 102, 15, 0, 42.03%, 0, 0, 9, 453.24, 2361315, 29
4586, 48, 52, 102, 15, 0, 42.03%, 0, 0, 9, 287.75, 2364050, 29
4591, 48, 0, 102, 14, 0, 42.03%, 0, 0, 9, 534.62, 2367029, 29
4596, 48, 18, 102, 14, 0, 42.03%, 0, 0, 9, 606.68, 2370215, 29
4602, 48, 18, 102, 14, 0, 42.03%, 0, 0, 9, 661.72, 2373189, 29
4607, 48, 61, 102, 14, 0, 42.03%, 0, 0, 9, 617.50, 2376244, 29
4612, 48, 52, 102, 14, 0, 42.03%, 0, 0, 9, 70.06, 2378227, 29
4617, 48, 61, 102, 14, 0, 42.03%, 0, 0, 9, 570.69, 2381068, 29
4622, 48, 0, 102, 14, 0, 42.03%, 0, 0, 9, 720.00, 2383117, 29
4627, 48, 61, 102, 14, 0, 42.03%, 0, 0, 9, 651.58, 2386347, 29
4632, 48, 61, 102, 14, 0, 42.03%, 0, 0, 9, 770.00, 2388981, 29
4637, 48, 52, 102, 14, 0, 42.03%, 0, 0, 9, 625.99, 2392066, 29
4642, 48, 61, 102, 14, 0, 42.03%, 0, 0, 9, 668.63, 2394491, 29
4647, 48, 18, 102, 14, 0, 42.03%, 0, 0, 9, 591.91, 2397445, 29
4653, 48, 91, 102, 14, 0, 42.03%, 0, 0, 9, 569.82, 2400233, 29
4658, 48, 18, 102, 14, 0, 42.03%, 0, 0, 9, 575.86, 2403037, 29
4663, 48, 48, 102, 14, 0, 42.03%, 0, 0, 9, 760.00, 2404939, 29
4668, 48, 78, 102, 14, 0, 42.03%, 0, 0, 9, 621.99, 2407928, 29
4673, 48, 18, 102, 14, 0, 42.03%, 0, 0, 9, 594.01, 2410140, 29
4678, 48, 18, 102, 14, 0, 42.03%, 0, 0, 9, 721.94, 2413309, 29
4683, 48, 18, 102, 14, 0, 42.03%, 0, 0, 9, 644.74, 2415844, 29
4688, 48, 18, 102, 14, 0, 42.03%, 0, 0, 9, 541.96, 2418421, 29
4693, 48, 18, 102, 14, 0, 42.03%, 0, 0, 9, 563.97, 2421137, 29
4698, 48, 18, 102, 14, 0, 42.03%, 0, 0, 9, 445.56, 2423725, 29
4704, 49, 18, 102, 14, 0, 42.03%, 0, 0, 9, 628.52, 2426591, 29
4709, 49, 91, 102, 14, 0, 42.03%, 0, 0, 9, 604.74, 2429814, 29
4714, 49, 19, 102, 14, 0, 42.03%, 0, 0, 9, 531.50, 2432265, 29
4719, 49, 61, 102, 14, 0, 42.03%, 0, 0, 9, 635.17, 2435598, 29
4724, 49, 61, 102, 14, 0, 42.03%, 0, 0, 9, 527.38, 2437824, 29
4729, 49, 18, 102, 14, 0, 42.03%, 0, 0, 9, 655.10, 2440629, 29
4734, 49, 61, 102, 13, 0, 42.03%, 0, 0, 9, 283.58, 2443383, 29
4739, 49, 78, 102, 13, 0, 42.03%, 0, 0, 9, 495.37, 2446086, 29
4744, 49, 19, 102, 13, 0, 42.03%, 0, 0, 9, 573.72, 2449073, 29
4749, 49, 91, 102, 13, 0, 42.03%, 0, 0, 9, 52.27, 2451473, 29
4754, 49, 61, 102, 13, 0, 42.03%, 0, 0, 9, 621.25, 2454475, 29
4760, 49, 0, 102, 13, 0, 42.03%, 0, 0, 9, 560.15, 2457181, 29
4765, 49, 18, 102, 13, 0, 42.03%, 0, 0, 9, 681.15, 2460086, 29
4770, 49, 62, 102, 13, 0, 42.03%, 0, 0, 9, 601.92, 2463047, 29
4775, 49, 52, 102, 13, 0, 42.03%, 0, 0, 9, 602.96, 2466119, 29
4780, 49, 0, 102, 13, 0, 42.03%, 0, 0, 9, 761.01, 2468911, 29
4785, 49, 48, 102, 13, 0, 42.03%, 0, 0, 9, 161.18, 2471664, 29
4790, 49, 48, 102, 13, 0, 42.03%, 0, 0, 9, 521.99, 2474746, 29
4795, 49, 18, 102, 13, 0, 42.03%, 0, 0, 9, 87.87, 2477596, 29
4800, 49, 61, 102, 13, 0, 42.03%, 0, 0, 9, 566.59, 2480276, 29
4805, 49, 52, 102, 13, 0, 42.03%, 0, 0, 9, 472.60, 2482764, 29
4811, 49, 18, 102, 13, 0, 42.03%, 0, 0, 9, 172.91, 2485435, 29
4816, 49, 18, 102, 13, 0, 42.03%, 0, 0, 9, 560.95, 2488826, 29
4821, 49, 18, 102, 13, 0, 42.03%, 0, 0, 9, 581.73, 2491826, 29
4826, 50, 91, 102, 13, 0, 42.03%, 0, 0, 9, 241.80, 2494274, 29
4831, 50, 52, 102, 13, 0, 42.03%, 0, 0, 9, 435.26, 2496316, 29
4836, 50, 18, 102, 13, 0, 42.03%, 0, 0, 9, 580.83, 2499442, 29
4841, 50, 18, 102, 13, 0, 42.03%, 0, 0, 9, 615.29, 2502502, 29
4846, 50, 18, 102, 13, 0, 42.03%, 0, 0, 9, 601.44, 2504932, 29
4851, 50, 18, 102, 13, 0, 42.03%, 0, 0, 9, 564.74, 2507643, 29
4857, 50, 0, 102, 13, 0, 42.03%, 0, 0, 9, 589.85, 2510550, 29
4862, 50, 61, 102, 13, 0, 42.03%, 0, 0, 9, 643.81, 2513846, 29
4867, 50, 18, 102, 13, 0, 42.03%, 0, 0, 9, 622.96, 2517019, 29
4872, 50, 19, 102, 13, 0, 42.03%, 0, 0, 9, 579.52, 2519771, 29
4877, 50, 52, 102, 13, 0, 42.03%, 0, 0, 9, 565.25, 2522561, 29
4882, 50, 19, 102, 13, 0, 42.03%, 0, 0, 9, 648.15, 2525349, 29
4887, 50, 61, 102, 13, 0, 42.03%, 0, 0, 9, 682.03, 2528684, 29
4892, 50, 78, 102, 13, 0, 42.03%, 0, 0, 9, 641.72, 2531826, 29
4897, 50, 18, 102, 13, 0, 42.03%, 0, 0, 9, 530.68, 2534049, 29
4903, 50, 18, 102, 13, 0, 42.03%, 0, 0, 9, 605.11, 2537013, 29
4908, 50, 48, 102, 13, 0, 42.03%, 0, 0, 9, 607.92, 2540194, 29
4913, 50, 61, 102, 13, 0, 42.03%, 0, 0, 9, 540.96, 2543122, 29
4918, 50, 18, 102, 13, 0, 42.03%, 0, 0, 9, 583.12, 2546060, 29
4923, 50, 52, 102, 13, 0, 42.03%, 0, 0, 9, 637.97, 2549304, 29
4928, 50, 61, 102, 13, 0, 42.03%, 0, 0, 9, 630.22, 2552520, 29
4933, 50, 91, 102, 13, 0, 42.03%, 0, 0, 9, 546.22, 2555558, 29
4938, 50, 18, 102, 13, 0, 42.03%, 0, 0, 9, 604.17, 2558708, 29
4944, 50, 101, 102, 13, 0, 42.03%, 0, 0, 9, 105.85, 2560509, 29
4949, 50, 101, 102, 13, 0, 42.03%, 0, 0, 9, 108.57, 2561073, 29
4954, 50, 101, 102, 13, 0, 42.03%, 0, 0, 9, 109.32, 2561635, 29
4959, 50, 101, 102, 13, 0, 42.03%, 0, 0, 9, 108.74, 2562195, 29
4964, 50, 101, 102, 13, 0, 42.03%, 0, 0, 9, 714.20, 2562970, 29
4969, 51, 61, 102, 12, 0, 42.03%, 0, 0, 9, 646.60, 2565686, 29
4974, 51, 61, 102, 12, 0, 42.03%, 0, 0, 9, 593.27, 2568548, 29
4979, 51, 61, 102, 12, 0, 42.03%, 0, 0, 9, 561.81, 2570869, 29
4984, 51, 78, 102, 12, 0, 42.03%, 0, 0, 9, 659.30, 2573690, 29
4990, 51, 62, 102, 12, 0, 42.03%, 0, 0, 9, 564.31, 2576424, 29
4995, 51, 52, 102, 12, 0, 42.03%, 0, 0, 9, 52.63, 2578779, 29
5000, 51, 62, 102, 12, 0, 42.03%, 0, 0, 9, 721.80, 2581432, 29
5005, 51, 18, 102, 12, 0, 42.03%, 0, 0, 9, 694.66, 2584943, 29
5010, 51, 18, 102, 12, 0, 42.03%, 0, 0, 9, 609.19, 2587985, 29
5015, 51, 18, 102, 12, 0, 42.03%, 0, 0, 9, 114.44, 2591125, 29
5020, 51, 52, 102, 12, 0, 42.03%, 0, 0, 9, 464.25, 2593933, 29
5025, 51, 34, 102, 12, 0, 42.03%, 0, 0, 9, 578.14, 2596201, 29
5030, 51, 52, 102, 12, 0, 42.03%, 0, 0, 9, 586.05, 2599005, 29
5036, 51, 18, 102, 12, 0, 42.03%, 0, 0, 9, 528.02, 2601719, 29
5041, 51, 18, 102, 12, 0, 42.03%, 0, 0, 9, 604.07, 2604792, 29
5046, 51, 18, 102, 12, 0, 42.03%, 0, 0, 9, 585.40, 2607646, 29
5051, 51, 18, 102, 12, 0, 42.03%, 0, 0, 9, 581.41, 2610515, 29
5056, 51, 19, 102, 12, 0, 42.03%, 0, 0, 9, 572.68, 2613091, 29
5061, 51, 52, 102, 12, 0, 42.03%, 0, 0, 9, 618.74, 2615677, 29
5066, 51, 18, 102, 12, 0, 42.03%, 0, 0, 9, 546.13, 2618417, 29
5071, 51, 18, 102, 12, 0, 42.03%, 0, 0, 9, 614.71, 2621468, 29
5076, 51, 61, 102, 12, 0, 42.03%, 0, 0, 9, 584.15, 2624428, 29
5081, 51, 18, 102, 12, 0, 42.03%, 0, 0, 9, 557.48, 2627174, 29
5087, 52, 18, 102, 12, 0, 42.03%, 0, 0, 9, 565.43, 2629993, 29
5092, 52, 18, 102, 12, 0, 42.03%, 0, 0, 9, 543.09, 2632874, 29
5097, 52, 61, 102, 12, 0, 42.03%, 0, 0, 9, 115.34, 2636004, 29
5102, 52, 61, 102, 12, 0, 42.03%, 0, 0, 9, 754.11, 2638766, 29
5107, 52, 18, 102, 12, 0, 42.03%, 0, 0, 9, 595.46, 2641711, 29
5112, 52, 18, 102, 12, 0, 42.03%, 0, 0, 9, 603.10, 2644732, 29
5117, 52, 78, 102, 12, 0, 42.03%, 0, 0, 9, 313.90, 2647223, 29
5122, 52, 48, 102, 12, 0, 42.03%, 0, 0, 9, 517.46, 2650330, 29
5127, 52, 61, 102, 12, 0, 42.03%, 0, 0, 9, 674.17, 2653233, 29
5133, 52, 18, 102, 12, 0, 42.03%, 0, 0, 9, 756.99, 2655375, 29
5138, 52, 18, 102, 12, 0, 42.03%, 0, 0, 9, 528.38, 2658353, 29
5143, 52, 52, 102, 12, 0, 42.03%, 0, 0, 9, 536.83, 2660751, 29
5148, 52, 18, 102, 12, 0, 42.03%, 0, 0, 9, 626.21, 2663996, 29
5153, 52, 18, 102, 12, 0, 42.03%, 0, 0, 9, 552.31, 2666481, 29
5158, 52, 18, 102, 12, 0, 42.03%, 0, 0, 9, 620.12, 2669539, 29
5163, 52, 91, 102, 12, 0, 42.03%, 0, 0, 9, 297.38, 2672328, 29
5168, 52, 18, 102, 12, 0, 42.03%, 0, 0, 9, 525.35, 2675299, 29
5173, 52, 61, 102, 12, 0, 42.03%, 0, 0, 9, 601.07, 2677985, 29
5178, 52, 18, 102, 12, 0, 42.03%, 0, 0, 9, 51.58, 2680126, 29
5183, 52, 18, 102, 12, 0, 42.03%, 0, 0, 9, 652.76, 2683292, 29
5188, 52, 18, 102, 12, 0, 42.03%, 0, 0, 9, 543.50, 2686408, 29
5193, 52, 18, 102, 12, 0, 42.03%, 0, 0, 9, 585.49, 2689383, 29
5198, 52, 91, 102, 12, 0, 42.03%, 0, 0, 9, 682.81, 2691980, 29
5203, 53, 78, 102, 12, 0, 42.03%, 0, 0, 9, 768.36, 2694792, 29
5209, 53, 78, 102, 12, 0, 42.03%, 0, 0, 9, 587.67, 2697804, 29
5214, 53, 18, 102, 12, 0, 42.03%, 0, 0, 9, 609.48, 2700720, 29
5219, 53, 61, 102, 12, 0, 42.03%, 0, 0, 9, 565.76, 2703471, 29
5224, 53, 78, 102, 12, 0, 42.03%, 0, 0, 9, 579.16, 2706382, 29
5229, 53, 18, 102, 12, 0, 42.03%, 0, 0, 9, 634.70, 2709673, 29
5234, 53, 18, 102, 12, 0, 42.03%, 0, 0, 9, 573.32, 2712502, 29
5239, 53, 18, 102, 12, 0, 42.03%, 0, 0, 9, 588.51, 2715487, 29
5244, 53, 61, 102, 12, 0, 42.03%, 0, 0, 9, 658.19, 2718461, 29
5249, 53, 78, 102, 12, 0, 42.03%, 0, 0, 9, 450.32, 2721130, 29
5254, 53, 0, 102, 12, 0, 42.03%, 0, 0, 9, 561.99, 2723941, 29
5259, 53, 18, 102, 12, 0, 42.03%, 0, 0, 9, 636.00, 2726568, 29
5265, 53, 61, 102, 12, 0, 42.03%, 0, 0, 9, 583.81, 2729494, 29
5270, 53, 52, 102, 12, 0, 42.03%, 0, 0, 9, 588.25, 2731988, 29
5275, 53, 18, 102, 12, 0, 42.03%, 0, 0, 9, 487.97, 2734214, 29
5280, 53, 18, 102, 12, 0, 42.03%, 0, 0, 9, 552.77, 2736759, 29
5285, 53, 61, 102, 12, 0, 42.03%, 0, 0, 9, 508.69, 2739482, 29
5290, 53, 91, 102, 12, 0, 42.03%, 0, 0, 9, 681.84, 2742167, 29
5295, 53, 18, 102, 12, 0, 42.03%, 0, 0, 9, 628.48, 2745147, 29
5300, 53, 61, 102, 12, 0, 42.03%, 0, 0, 9, 583.94, 2748192, 29
5306, 53, 18, 102, 12, 0, 42.03%, 0, 0, 9, 87.97, 2750776, 29
5311, 53, 52, 102, 12, 0, 42.03%, 0, 0, 9, 587.10, 2753881, 29
5316, 53, 18, 102, 12, 0, 42.03%, 0, 0, 9, 562.71, 2756599, 29
5321, 53, 18, 102, 12, 0, 42.03%, 0, 0, 9, 553.05, 2759558, 29
5326, 54, 19, 102, 12, 0, 42.03%, 0, 0, 9, 577.28, 2762358, 29
5331, 54, 29, 102, 12, 0, 42.03%, 0, 0, 9, 614.52, 2765454, 29
5336, 54, 18, 102, 11, 0, 42.03%, 0, 0, 9, 555.97, 2768302, 29
5341, 54, 17, 102, 11, 0, 42.03%, 0, 0, 9, 573.40, 2771070, 29
5347, 54, 18, 102, 11, 0, 42.03%, 0, 0, 9, 539.66, 2773476, 29
5352, 54, 91, 102, 11, 0, 42.03%, 0, 0, 9, 755.07, 2776002, 29
5357, 54, 61, 102, 11, 0, 42.03%, 0, 0, 9, 370.61, 2778454, 29
5362, 54, 61, 102, 11, 0, 42.03%, 0, 0, 9, 728.87, 2780965, 29
5367, 54, 61, 102, 11, 0, 42.03%, 0, 0, 9, 654.32, 2783673, 29
5372, 54, 18, 102, 11, 0, 42.03%, 0, 0, 9, 456.76, 2786311, 29
5377, 54, 18, 102, 11, 0, 42.03%, 0, 0, 9, 109.87, 2789198, 29
5382, 54, 18, 102, 11, 0, 42.03%, 0, 0, 9, 225.20, 2791612, 29
5387, 54, 61, 102, 11, 0, 42.03%, 0, 0, 9, 516.57, 2794501, 29
5392, 54, 61, 102, 11, 0, 42.03%, 0, 0, 9, 151.23, 2797202, 29
5397, 54, 18, 102, 11, 0, 42.03%, 0, 0, 9, 831.14, 2800280, 29
5403, 54, 18, 102, 11, 0, 42.03%, 0, 0, 9, 623.68, 2803109, 29
5408, 54, 61, 102, 11, 0, 42.03%, 0, 0, 9, 492.42, 2805724, 29
5413, 54, 91, 102, 11, 0, 42.03%, 0, 0, 9, 526.40, 2808119, 29
5418, 54, 62, 102, 11, 0, 42.03%, 0, 0, 9, 549.41, 2810733, 29
5423, 54, 52, 102, 11, 0, 42.03%, 0, 0, 9, 607.73, 2813783, 29
5428, 54, 61, 102, 10, 0, 42.03%, 0, 0, 9, 548.02, 2816589, 29
5433, 54, 91, 102, 10, 0, 42.03%, 0, 0, 9, 160.30, 2818775, 29
5438, 54, 18, 102, 10, 0, 42.03%, 0, 0, 9, 532.23, 2821772, 29
5443, 54, 91, 102, 10, 0, 42.03%, 0, 0, 9, 566.06, 2824676, 29
5448, 54, 18, 102, 10, 0, 42.03%, 0, 0, 9, 441.73, 2827268, 29
5454, 54, 17, 102, 10, 0, 42.03%, 0, 0, 9, 767.86, 2829635, 29
5459, 54, 18, 102, 10, 0, 42.03%, 0, 0, 9, 628.35, 2832588, 29
5464, 54, 48, 102, 10, 0, 42.03%, 0, 0, 9, 650.00, 2834726, 29
5469, 55, 91, 102, 10, 0, 42.03%, 0, 0, 9, 588.63, 2837625, 29
5474, 55, 61, 102, 10, 0, 42.03%, 0, 0, 9, 614.88, 2840135, 29
5479, 55, 18, 102, 10, 0, 42.03%, 0, 0, 9, 652.25, 2843379, 29
5484, 55, 19, 102, 10, 0, 42.03%, 0, 0, 9, 610.65, 2846382, 29
5489, 55, 18, 102, 10, 0, 42.03%, 0, 0, 9, 675.13, 2848910, 29
5494, 55, 17, 102, 10, 0, 42.03%, 0, 0, 9, 640.19, 2852073, 29
5499, 55, 61, 102, 10, 0, 42.03%, 0, 0, 9, 385.86, 2854695, 29
5504, 55, 78, 102, 10, 0, 42.03%, 0, 0, 9, 538.40, 2857559, 29
5510, 55, 61, 102, 10, 0, 42.03%, 0, 0, 9, 437.54, 2859888, 29
5515, 55, 52, 102, 10, 0, 42.03%, 0, 0, 9, 623.05, 2862876, 29
5520, 55, 61, 102, 10, 0, 42.03%, 0, 0, 9, 81.55, 2865377, 29
5525, 55, 52, 102, 10, 0, 42.03%, 0, 0, 9, 625.94, 2868140, 29
5530, 55, 17, 102, 10, 0, 42.03%, 0, 0, 9, 556.28, 2870843, 29
5535, 55, 62, 102, 10, 0, 42.03%, 0, 0, 9, 629.80, 2873691, 29
5540, 55, 52, 102, 10, 0, 42.03%, 0, 0, 9, 633.11, 2877026, 29
5545, 55, 18, 102, 10, 0, 42.03%, 0, 0, 9, 563.56, 2879744, 29
5551, 55, 18, 102, 10, 0, 42.03%, 0, 0, 9, 741.28, 2882202, 29
5556, 55, 78, 102, 10, 0, 42.03%, 0, 0, 9, 595.02, 2885029, 29
5561, 55, 91, 102, 10, 0, 42.03%, 0, 0, 9, 488.36, 2887773, 29
5566, 55, 48, 102, 10, 0, 42.03%, 0, 0, 9, 676.73, 2890050, 29
5571, 55, 91, 102, 10, 0, 42.03%, 0, 0, 9, 566.36, 2893099, 29
5576, 55, 18, 102, 10, 0, 42.03%, 0, 0, 9, 571.61, 2895598, 29
5581, 55, 52, 102, 10, 0, 42.03%, 0, 0, 9, 695.34, 2898324, 29
5586, 55, 18, 102, 10, 0, 42.03%, 0, 0, 9, 521.18, 2901042, 29
5592, 56, 61, 102, 10, 0, 42.03%, 0, 0, 9, 682.46, 2903774, 29
5597, 56, 52, 102, 10, 0, 42.03%, 0, 0, 9, 108.61, 2906353, 29
5602, 56, 18, 102, 10, 0, 42.03%, 0, 0, 9, 628.10, 2909310, 29
5607, 56, 52, 102, 10, 0, 42.03%, 0, 0, 9, 87.65, 2912072, 29
5612, 56, 18, 102, 10, 0, 42.03%, 0, 0, 9, 663.94, 2914342, 29
5617, 56, 78, 102, 10, 0, 42.03%, 0, 0, 9, 672.99, 2916483, 29
5622, 56, 78, 102, 10, 0, 42.03%, 0, 0, 9, 669.62, 2919410, 29
5627, 56, 19, 102, 10, 0, 42.03%, 0, 0, 9, 625.00, 2922203, 29
5632, 56, 62, 102, 10, 0, 42.03%, 0, 0, 9, 374.26, 2925104, 29
5637, 56, 62, 102, 10, 0, 42.03%, 0, 0, 9, 535.36, 2928058, 29
5643, 56, 78, 102, 10, 0, 42.03%, 0, 0, 9, 575.41, 2931024, 29
5648, 56, 0, 102, 10, 0, 42.03%, 0, 0, 9, 623.95, 2933406, 29
5653, 56, 91, 102, 10, 0, 42.03%, 0, 0, 9, 583.81, 2935865, 29
5658, 56, 62, 102, 10, 0, 42.03%, 0, 0, 9, 362.03, 2938260, 29
5663, 56, 0, 102, 10, 0, 42.03%, 0, 0, 9, 523.61, 2941024, 29
5668, 56, 61, 102, 10, 0, 42.03%, 0, 0, 9, 550.17, 2943702, 29
5673, 56, 61, 102, 10, 0, 42.03%, 0, 0, 9, 586.81, 2946482, 29
5679, 56, 61, 102, 10, 0, 42.03%, 0, 0, 9, 599.54, 2949469, 29
5684, 56, 61, 102, 10, 0, 42.03%, 0, 0, 9, 545.78, 2951952, 29
5689, 56, 18, 102, 10, 0, 42.03%, 0, 0, 9, 632.96, 2954830, 29
5694, 56, 18, 102, 10, 0, 42.03%, 0, 0, 9, 544.79, 2957405, 29
5699, 56, 18, 102, 10, 0, 42.03%, 0, 0, 9, 541.31, 2960244, 29
5704, 56, 61, 102, 10, 0, 42.03%, 0, 0, 9, 676.06, 2962981, 29
5710, 56, 18, 102, 10, 0, 42.03%, 0, 0, 9, 595.93, 2965800, 29
5715, 57, 18, 102, 10, 0, 42.03%, 0, 0, 9, 700.00, 2968045, 29
5720, 57, 52, 102, 10, 0, 42.03%, 0, 0, 9, 393.66, 2970815, 29
5725, 57, 61, 102, 10, 0, 42.03%, 0, 0, 9, 584.31, 2973450, 29
5730, 57, 18, 102, 10, 0, 42.03%, 0, 0, 9, 563.08, 2976015, 29
5735, 57, 91, 102, 10, 0, 42.03%, 0, 0, 9, 114.12, 2978080, 29
5740, 57, 18, 102, 10, 0, 42.03%, 0, 0, 9, 623.11, 2981137, 29
5745, 57, 48, 102, 10, 0, 42.03%, 0, 0, 9, 565.46, 2984053, 29
5751, 57, 18, 102, 10, 0, 42.03%, 0, 0, 9, 618.09, 2986596, 29
5756, 57, 61, 102, 10, 0, 42.03%, 0, 0, 9, 533.79, 2989493, 29
5761, 57, 18, 102, 10, 0, 42.03%, 0, 0, 9, 520.23, 2992363, 29
5766, 57, 78, 102, 10, 0, 42.03%, 0, 0, 9, 52.40, 2994808, 29
5771, 57, 61, 102, 10, 0, 42.03%, 0, 0, 9, 538.57, 2997518, 29
5776, 57, 18, 102, 10, 0, 42.03%, 0, 0, 9, 553.15, 3000506, 29
5781, 57, 52, 102, 10, 0, 42.03%, 0, 0, 9, 581.08, 3003354, 29
5786, 57, 61, 102, 10, 0, 42.03%, 0, 0, 9, 561.87, 3006270, 29
5791, 57, 0, 102, 10, 0, 42.03%, 0, 0, 9, 588.46, 3009168, 29
5797, 57, 91, 102, 10, 0, 42.03%, 0, 0, 9, 662.30, 3012115, 29
5802, 57, 18, 102, 10, 0, 42.03%, 0, 0, 9, 629.71, 3015320, 29
5807, 57, 18, 102, 10, 0, 42.03%, 0, 0, 9, 514.70, 3017953, 29
5812, 57, 61, 102, 10, 0, 42.03%, 0, 0, 9, 637.46, 3021301, 29
5817, 57, 18, 102, 10, 0, 42.03%, 0, 0, 9, 737.26, 3024195, 29
5822, 57, 52, 102, 10, 0, 42.03%, 0, 0, 9, 685.01, 3027277, 29
5828, 57, 91, 102, 10, 0, 42.03%, 0, 0, 9, 312.36, 3029693, 29
5833, 57, 52, 102, 10, 0, 42.03%, 0, 0, 9, 107.01, 3032672, 29
5838, 58, 0, 102, 10, 0, 42.03%, 0, 0, 9, 544.54, 3035946, 29
5843, 58, 18, 102, 10, 0, 42.03%, 0, 0, 9, 714.19, 3039078, 29
5848, 58, 78, 102, 10, 0, 42.03%, 0, 0, 9, 608.91, 3042134, 29
5853, 58, 18, 102, 10, 0, 42.03%, 0, 0, 9, 649.41, 3045412, 29
5858, 58, 91, 102, 10, 0, 42.03%, 0, 0, 9, 687.59, 3048643, 29
5863, 58, 18, 102, 10, 0, 42.03%, 0, 0, 9, 615.18, 3051611, 29
5868, 58, 61, 102, 10, 0, 42.03%, 0, 0, 9, 465.35, 3054233, 29
5873, 58, 61, 102, 10, 0, 42.03%, 0, 0, 9, 566.14, 3057199, 29
5878, 58, 18, 102, 10, 0, 42.03%, 0, 0, 9, 624.03, 3060001, 29
5883, 58, 18, 102, 10, 0, 42.03%, 0, 0, 9, 721.34, 3062769, 29
5889, 58, 91, 102, 10, 0, 42.03%, 0, 0, 9, 623.90, 3065888, 29
5894, 58, 18, 102, 10, 0, 42.03%, 0, 0, 9, 234.70, 3068261, 29
5899, 58, 18, 102, 10, 0, 42.03%, 0, 0, 9, 622.22, 3070725, 29
5904, 58, 78, 102, 10, 0, 42.03%, 0, 0, 9, 631.80, 3073931, 29
5909, 58, 52, 102, 10, 0, 42.03%, 0, 0, 9, 675.41, 3076657, 29
5914, 58, 52, 102, 10, 0, 42.03%, 0, 0, 9, 633.77, 3078763, 29
5919, 58, 52, 102, 10, 0, 42.03%, 0, 0, 9, 602.37, 3081827, 29
5924, 58, 61, 102, 10, 0, 42.03%, 0, 0, 9, 566.28, 3084591, 29
5929, 58, 18, 102, 10, 0, 42.03%, 0, 0, 9, 436.26, 3087132, 29
5934, 58, 61, 102, 10, 0, 42.03%, 0, 0, 9, 534.28, 3089938, 29
5940, 58, 18, 102, 10, 0, 42.03%, 0, 0, 9, 438.48, 3092487, 29
5945, 58, 18, 102, 10, 0, 42.03%, 0, 0, 9, 535.79, 3095201, 29
5950, 58, 78, 102, 10, 0, 42.03%, 0, 0, 9, 588.27, 3098238, 29
5955, 59, 91, 102, 10, 0, 42.03%, 0, 0, 9, 91.32, 3100562, 29
5960, 59, 18, 102, 10, 0, 42.03%, 0, 0, 9, 533.46, 3103243, 29
5965, 59, 17, 102, 10, 0, 42.03%, 0, 0, 9, 541.10, 3105930, 29
5970, 59, 61, 102, 10, 0, 42.03%, 0, 0, 9, 586.83, 3108930, 29
5975, 59, 91, 102, 10, 0, 42.03%, 0, 0, 9, 308.99, 3111468, 29
5980, 59, 61, 102, 10, 0, 42.03%, 0, 0, 9, 685.59, 3114296, 29
5985, 59, 18, 102, 10, 0, 42.03%, 0, 0, 9, 617.27, 3117180, 29
5991, 59, 78, 102, 10, 0, 42.03%, 0, 0, 9, 554.47, 3119985, 29
5996, 59, 18, 102, 10, 0, 42.03%, 0, 0, 9, 675.00, 3122387, 29
6001, 59, 17, 102, 10, 0, 42.03%, 0, 0, 9, 612.40, 3125427, 29
6006, 59, 91, 102, 10, 0, 42.03%, 0, 0, 9, 319.47, 3127938, 29
6011, 59, 52, 102, 10, 0, 42.03%, 0, 0, 9, 475.58, 3130472, 29
6016, 59, 18, 102, 10, 0, 42.03%, 0, 0, 9, 582.09, 3132669, 29
6021, 59, 62, 102, 10, 0, 42.03%, 0, 0, 9, 437.13, 3135294, 29
6026, 59, 18, 102, 10, 0, 42.03%, 0, 0, 9, 752.85, 3138030, 29
6030, 59, 91, 102, 10, 0, 42.03%, 1, 0, 9, 0.00, 3140007, 29
