# relative_time, cycles_done, cur_item, corpus_count, pending_total, pending_favs, map_size, saved_crashes, saved_hangs, max_depth, execs_per_sec, total_execs, edges_found
64, 0, 0, 25, 25, 1, 40.58%, 0, 0, 2, 852.10, 36362, 28
69, 0, 0, 25, 25, 1, 40.58%, 0, 0, 2, 733.18, 40752, 28
74, 0, 0, 25, 25, 1, 40.58%, 0, 0, 2, 816.19, 45094, 28
86, 0, 0, 25, 25, 1, 40.58%, 0, 0, 2, 17.60, 47004, 28
92, 0, 0, 25, 25, 1, 40.58%, 0, 0, 2, 883.16, 51543, 28
97, 0, 0, 26, 26, 1, 40.58%, 0, 0, 2, 855.51, 55834, 28
102, 0, 0, 26, 26, 1, 40.58%, 0, 0, 2, 862.18, 60135, 28
107, 0, 0, 27, 27, 1, 42.03%, 0, 0, 2, 867.66, 64494, 29
112, 0, 0, 27, 27, 1, 42.03%, 0, 0, 2, 851.38, 68420, 29
121, 0, 0, 27, 27, 1, 42.03%, 0, 0, 2, 37.89, 71412, 29
126, 0, 0, 28, 28, 1, 42.03%, 0, 0, 2, 878.24, 75942, 29
131, 0, 0, 28, 28, 1, 42.03%, 0, 0, 2, 861.62, 80192, 29
136, 0, 0, 29, 29, 1, 42.03%, 0, 0, 2, 871.09, 84466, 29
141, 0, 0, 29, 29, 1, 42.03%, 0, 0, 2, 854.99, 88614, 29
146, 0, 0, 30, 30, 1, 42.03%, 0, 0, 2, 856.35, 92922, 29
155, 0, 0, 30, 30, 1, 42.03%, 0, 0, 2, 9.61, 95849, 29
160, 0, 0, 30, 30, 1, 42.03%, 0, 0, 2, 871.41, 100266, 29
165, 0, 0, 30, 30, 1, 42.03%, 0, 0, 2, 868.79, 104533, 29
170, 0, 0, 30, 30, 1, 42.03%, 0, 0, 2, 813.45, 108761, 29
175, 0, 0, 30, 30, 1, 42.03%, 0, 0, 2, 847.37, 113145, 29
180, 0, 0, 30, 30, 1, 42.03%, 0, 0, 2, 855.12, 117351, 29
186, 0, 0, 30, 30, 1, 42.03%, 0, 0, 2, 853.59, 121577, 29
191, 0, 0, 30, 30, 1, 42.03%, 0, 0, 2, 780.39, 126005, 29
196, 0, 0, 30, 30, 1, 42.03%, 0, 0, 2, 841.31, 130233, 29
201, 0, 0, 30, 30, 1, 42.03%, 0, 0, 2, 850.36, 134425, 29
206, 0, 0, 30, 30, 1, 42.03%, 0, 0, 2, 854.55, 138720, 29
211, 0, 0, 30, 30, 1, 42.03%, 0, 0, 2, 857.78, 143055, 29
216, 0, 0, 30, 30, 1, 42.03%, 0, 0, 2, 878.53, 147305, 29
221, 0, 0, 30, 30, 1, 42.03%, 0, 0, 2, 873.63, 151691, 29
228, 0, 0, 30, 30, 1, 42.03%, 0, 0, 2, 23.39, 154751, 29
233, 0, 0, 30, 30, 1, 42.03%, 0, 0, 2, 880.19, 159307, 29
238, 0, 21, 35, 30, 5, 42.03%, 0, 0, 3, 866.67, 163669, 29
244, 0, 42, 46, 31, 0, 42.03%, 0, 0, 4, 845.75, 168043, 29
249, 0, 32, 50, 34, 0, 42.03%, 0, 0, 5, 910.89, 172610, 29
254, 0, 22, 51, 34, 0, 42.03%, 0, 0, 5, 880.60, 176952, 29
259, 0, 26, 55, 38, 0, 42.03%, 0, 0, 5, 915.74, 181529, 29
264, 0, 42, 55, 38, 0, 42.03%, 0, 0, 5, 883.37, 186047, 29
269, 0, 32, 57, 40, 0, 42.03%, 0, 0, 5, 858.36, 188860, 29
274, 0, 42, 58, 41, 0, 42.03%, 0, 0, 5, 859.39, 192839, 29
280, 0, 42, 59, 42, 0, 42.03%, 0, 0, 5, 832.25, 197044, 29
285, 0, 19, 59, 42, 0, 42.03%, 0, 0, 5, 891.06, 201447, 29
290, 1, 32, 60, 42, 0, 42.03%, 0, 0, 5, 871.73, 205675, 29
295, 1, 22, 60, 42, 0, 42.03%, 0, 0, 5, 881.94, 210074, 29
300, 1, 26, 61, 42, 0, 42.03%, 0, 0, 5, 877.28, 214370, 29
306, 1, 26, 61, 41, 0, 42.03%, 0, 0, 5, 15.50, 218354, 29
311, 1, 19, 61, 40, 0, 42.03%, 0, 0, 5, 874.84, 222850, 29
316, 1, 42, 61, 40, 0, 42.03%, 0, 0, 5, 890.76, 227310, 29
321, 1, 42, 63, 41, 0, 42.03%, 0, 0, 5, 876.48, 231562, 29
327, 2, 18, 63, 40, 0, 42.03%, 0, 0, 5, 856.86, 235851, 29
332, 2, 1, 63, 39, 0, 42.03%, 0, 0, 5, 887.05, 240173, 29
337, 2, 22, 63, 38, 0, 42.03%, 0, 0, 5, 893.17, 244701, 29
342, 2, 42, 63, 37, 0, 42.03%, 0, 0, 5, 896.79, 249070, 29
347, 2, 42, 63, 37, 0, 42.03%, 0, 0, 5, 879.94, 253345, 29
352, 2, 25, 63, 36, 0, 42.03%, 0, 0, 5, 886.48, 257809, 29
357, 2, 32, 63, 34, 0, 42.03%, 0, 0, 5, 876.80, 262273, 29
362, 3, 19, 63, 33, 0, 42.03%, 0, 0, 5, 877.81, 266537, 29
367, 3, 43, 63, 32, 0, 42.03%, 0, 0, 5, 905.65, 271027, 29
372, 3, 45, 63, 32, 0, 42.03%, 0, 0, 5, 917.26, 275423, 29
377, 3, 43, 63, 31, 0, 42.03%, 0, 0, 5, 910.56, 279784, 29
383, 3, 19, 63, 30, 0, 42.03%, 0, 0, 5, 897.97, 284262, 29
388, 4, 26, 63, 29, 0, 42.03%, 0, 0, 5, 927.30, 288716, 29
393, 4, 43, 63, 27, 0, 42.03%, 0, 0, 5, 917.39, 293333, 29
398, 4, 27, 63, 27, 0, 42.03%, 0, 0, 5, 909.91, 297896, 29
403, 4, 43, 63, 25, 0, 42.03%, 0, 0, 5, 877.75, 302238, 29
408, 4, 26, 63, 24, 0, 42.03%, 0, 0, 5, 892.62, 306708, 29
413, 5, 45, 63, 24, 0, 42.03%, 0, 0, 5, 909.81, 311175, 29
418, 5, 43, 63, 23, 0, 42.03%, 0, 0, 5, 898.66, 315633, 29
423, 5, 45, 63, 23, 0, 42.03%, 0, 0, 5, 911.57, 320156, 29
429, 5, 43, 63, 23, 0, 42.03%, 0, 0, 5, 869.43, 324575, 29
434, 5, 43, 63, 23, 0, 42.03%, 0, 0, 5, 882.63, 329061, 29
439, 5, 43, 63, 21, 0, 42.03%, 0, 0, 5, 890.46, 333523, 29
444, 6, 43, 63, 19, 0, 42.03%, 0, 0, 5, 144.53, 337995, 29
449, 6, 40, 63, 19, 0, 42.03%, 0, 0, 5, 891.78, 342569, 29
454, 6, 43, 63, 18, 0, 42.03%, 0, 0, 5, 270.04, 347173, 29
459, 6, 62, 64, 18, 0, 42.03%, 0, 0, 6, 758.03, 351670, 29
464, 6, 26, 64, 17, 0, 42.03%, 0, 0, 6, 862.03, 356284, 29
470, 6, 26, 64, 16, 0, 42.03%, 0, 0, 6, 881.58, 360951, 29
475, 7, 43, 64, 15, 0, 42.03%, 0, 0, 6, 877.54, 365400, 29
480, 7, 43, 64, 15, 0, 42.03%, 0, 0, 6, 880.36, 369924, 29
485, 7, 43, 64, 14, 0, 42.03%, 0, 0, 6, 878.78, 374381, 29
490, 7, 43, 64, 14, 0, 42.03%, 0, 0, 6, 895.44, 378808, 29
495, 7, 26, 64, 14, 0, 42.03%, 0, 0, 6, 901.16, 383443, 29
498, 8, 22, 64, 14, 0, 42.03%, 1, 0, 6, 0.00, 386022, 29
