# relative_time, cycles_done, cur_item, corpus_count, pending_total, pending_favs, map_size, saved_crashes, saved_hangs, max_depth, execs_per_sec, total_execs, edges_found
62, 0, 0, 20, 20, 1, 31.88%, 0, 0, 2, 849.66, 35001, 22
67, 0, 0, 21, 21, 1, 31.88%, 0, 0, 2, 841.95, 39226, 22
73, 0, 0, 22, 22, 1, 33.33%, 0, 0, 2, 846.83, 43649, 23
85, 0, 0, 22, 22, 1, 33.33%, 0, 0, 2, 17.42, 45708, 23
91, 0, 0, 23, 23, 1, 33.33%, 0, 0, 2, 882.37, 50254, 23
96, 0, 0, 23, 23, 1, 33.33%, 0, 0, 2, 866.74, 54606, 23
101, 0, 0, 23, 23, 1, 33.33%, 0, 0, 2, 874.94, 58975, 23
106, 0, 0, 23, 23, 1, 33.33%, 0, 0, 2, 791.09, 63331, 23
111, 0, 0, 24, 24, 1, 34.78%, 0, 0, 2, 857.81, 67635, 24
119, 0, 0, 24, 24, 1, 34.78%, 0, 0, 2, 27.32, 70542, 24
125, 0, 0, 24, 24, 1, 34.78%, 0, 0, 2, 883.06, 75047, 24
130, 0, 0, 25, 25, 1, 36.23%, 0, 0, 2, 860.34, 79372, 25
135, 0, 0, 25, 25, 1, 36.23%, 0, 0, 2, 864.38, 83758, 25
140, 0, 0, 25, 25, 1, 36.23%, 0, 0, 2, 863.10, 87974, 25
145, 0, 0, 25, 25, 1, 36.23%, 0, 0, 2, 834.92, 92070, 25
154, 0, 0, 26, 26, 1, 37.68%, 0, 0, 2, 15.98, 95165, 26
159, 0, 0, 26, 26, 1, 37.68%, 0, 0, 2, 871.83, 99524, 26
164, 0, 0, 26, 26, 1, 37.68%, 0, 0, 2, 850.76, 103774, 26
169, 0, 0, 26, 26, 1, 37.68%, 0, 0, 2, 853.06, 108143, 26
174, 0, 0, 26, 26, 1, 37.68%, 0, 0, 2, 851.85, 112365, 26
179, 0, 0, 26, 26, 1, 37.68%, 0, 0, 2, 857.95, 116762, 26
185, 0, 0, 28, 28, 1, 39.13%, 0, 0, 2, 860.88, 121162, 27
190, 0, 0, 28, 28, 1, 39.13%, 0, 0, 2, 851.28, 125327, 27
195, 0, 0, 28, 28, 1, 39.13%, 0, 0, 2, 846.10, 129515, 27
200, 0, 0, 28, 28, 1, 39.13%, 0, 0, 2, 845.60, 133851, 27
205, 0, 0, 28, 28, 1, 39.13%, 0, 0, 2, 834.97, 138075, 27
210, 0, 0, 29, 29, 1, 40.58%, 0, 0, 2, 830.26, 142146, 28
215, 0, 0, 29, 29, 1, 40.58%, 0, 0, 2, 856.90, 146380, 28
220, 0, 0, 30, 30, 1, 42.03%, 0, 0, 2, 856.96, 150739, 29
227, 0, 0, 30, 30, 1, 42.03%, 0, 0, 2, 25.02, 153721, 29
232, 0, 21, 32, 29, 6, 42.03%, 0, 0, 2, 879.78, 158237, 29
237, 0, 42, 47, 34, 0, 42.03%, 0, 0, 4, 867.43, 162517, 29
243, 0, 48, 49, 35, 1, 42.03%, 0, 0, 4, 838.44, 166876, 29
248, 0, 45, 53, 38, 0, 42.03%, 0, 0, 5, 848.42, 171287, 29
253, 0, 48, 55, 40, 0, 42.03%, 0, 0, 5, 838.28, 175553, 29
258, 0, 28, 57, 42, 0, 42.03%, 0, 0, 5, 842.20, 179895, 29
263, 0, 48, 57, 42, 0, 42.03%, 0, 0, 5, 852.93, 184299, 29
268, 0, 48, 59, 44, 0, 42.03%, 0, 0, 5, 853.61, 187045, 29
273, 0, 48, 60, 45, 0, 42.03%, 0, 0, 5, 846.31, 191236, 29
278, 0, 19, 60, 45, 0, 42.03%, 0, 0, 5, 871.25, 195455, 29
283, 0, 48, 60, 45, 0, 42.03%, 0, 0, 5, 897.92, 199578, 29
289, 0, 19, 60, 45, 0, 42.03%, 0, 0, 5, 859.76, 203881, 29
294, 0, 48, 62, 47, 0, 42.03%, 0, 0, 5, 907.04, 208189, 29
299, 1, 28, 62, 47, 0, 42.03%, 0, 0, 5, 881.96, 212508, 29
305, 1, 48, 62, 46, 0, 42.03%, 0, 0, 5, 8.38, 216456, 29
310, 1, 48, 62, 46, 0, 42.03%, 0, 0, 5, 873.88, 220912, 29
315, 1, 25, 62, 46, 0, 42.03%, 0, 0, 5, 877.80, 225275, 29
320, 1, 25, 62, 46, 0, 42.03%, 0, 0, 5, 858.83, 229651, 29
326, 1, 46, 62, 45, 0, 42.03%, 0, 0, 5, 845.78, 233880, 29
331, 1, 27, 62, 43, 0, 42.03%, 0, 0, 5, 850.71, 238015, 29
336, 2, 48, 62, 41, 0, 42.03%, 0, 0, 5, 874.99, 242487, 29
341, 2, 48, 62, 41, 0, 42.03%, 0, 0, 5, 882.54, 246910, 29
346, 2, 48, 62, 40, 0, 42.03%, 0, 0, 5, 896.26, 251202, 29
351, 2, 48, 62, 39, 0, 42.03%, 0, 0, 5, 893.29, 255546, 29
356, 2, 19, 62, 38, 0, 42.03%, 0, 0, 5, 884.79, 259988, 29
361, 2, 48, 63, 39, 0, 42.03%, 0, 0, 5, 878.37, 264255, 29
366, 2, 48, 63, 38, 0, 42.03%, 0, 0, 5, 871.24, 268636, 29
371, 3, 19, 63, 37, 0, 42.03%, 0, 0, 5, 904.37, 272957, 29
376, 3, 46, 64, 38, 0, 42.03%, 0, 0, 5, 873.93, 277210, 29
382, 3, 48, 64, 38, 0, 42.03%, 0, 0, 5, 884.21, 281656, 29
387, 3, 4, 64, 38, 0, 42.03%, 0, 0, 5, 889.58, 286168, 29
392, 3, 29, 64, 37, 0, 42.03%, 0, 0, 5, 884.30, 290550, 29
397, 3, 48, 64, 36, 0, 42.03%, 0, 0, 5, 882.91, 294845, 29
402, 3, 48, 64, 36, 0, 42.03%, 0, 0, 5, 889.65, 299337, 29
407, 4, 48, 64, 36, 0, 42.03%, 0, 0, 5, 900.78, 303924, 29
412, 4, 32, 64, 34, 0, 42.03%, 0, 0, 5, 142.86, 308311, 29
417, 4, 46, 64, 32, 0, 42.03%, 0, 0, 5, 123.35, 312674, 29
423, 4, 48, 64, 31, 0, 42.03%, 0, 0, 5, 126.76, 317025, 29
428, 4, 48, 64, 31, 0, 42.03%, 0, 0, 5, 873.32, 321535, 29
433, 4, 46, 64, 30, 0, 42.03%, 0, 0, 5, 868.68, 326022, 29
438, 4, 46, 64, 30, 0, 42.03%, 0, 0, 5, 867.74, 330594, 29
443, 4, 54, 64, 30, 0, 42.03%, 0, 0, 5, 854.88, 335097, 29
449, 5, 41, 64, 29, 0, 42.03%, 0, 0, 5, 866.62, 339632, 29
454, 5, 41, 64, 28, 0, 42.03%, 0, 0, 5, 408.10, 344179, 29
459, 5, 54, 64, 28, 0, 42.03%, 0, 0, 5, 783.95, 348593, 29
464, 5, 48, 64, 28, 0, 42.03%, 0, 0, 5, 867.33, 353136, 29
469, 5, 23, 64, 28, 0, 42.03%, 0, 0, 5, 872.88, 357558, 29
474, 5, 48, 64, 28, 0, 42.03%, 0, 0, 5, 888.84, 361975, 29
479, 5, 48, 64, 26, 0, 42.03%, 0, 0, 5, 904.54, 366376, 29
484, 5, 41, 64, 26, 0, 42.03%, 0, 0, 5, 909.35, 370949, 29
489, 6, 19, 64, 26, 0, 42.03%, 0, 0, 5, 883.62, 375330, 29
494, 6, 48, 64, 26, 0, 42.03%, 0, 0, 5, 880.12, 379819, 29
500, 6, 48, 65, 26, 0, 42.03%, 0, 0, 5, 871.77, 384332, 29
505, 6, 48, 65, 25, 0, 42.03%, 0, 0, 5, 879.24, 388731, 29
510, 6, 22, 65, 24, 0, 42.03%, 0, 0, 5, 891.11, 393144, 29
515, 6, 32, 65, 21, 0, 42.03%, 0, 0, 5, 880.40, 397613, 29
520, 6, 48, 65, 21, 0, 42.03%, 0, 0, 5, 876.75, 401988, 29
525, 6, 48, 65, 21, 0, 42.03%, 0, 0, 5, 891.81, 406539, 29
530, 7, 42, 65, 20, 0, 42.03%, 0, 0, 5, 891.64, 411073, 29
535, 7, 48, 65, 20, 0, 42.03%, 0, 0, 5, 885.44, 415437, 29
540, 7, 19, 65, 20, 0, 42.03%, 0, 0, 5, 888.17, 419924, 29
546, 7, 48, 65, 20, 0, 42.03%, 0, 0, 5, 618.09, 424410, 29
551, 7, 48, 65, 20, 0, 42.03%, 0, 0, 5, 837.86, 428867, 29
556, 7, 48, 65, 20, 0, 42.03%, 0, 0, 5, 872.80, 433243, 29
561, 7, 46, 65, 20, 0, 42.03%, 0, 0, 5, 887.39, 437746, 29
566, 7, 63, 65, 20, 0, 42.03%, 0, 0, 5, 900.53, 442184, 29
571, 8, 48, 65, 20, 0, 42.03%, 0, 0, 5, 884.72, 446587, 29
576, 8, 48, 65, 19, 0, 42.03%, 0, 0, 5, 888.17, 450944, 29
581, 8, 34, 65, 18, 0, 42.03%, 0, 0, 5, 859.93, 455289, 29
586, 8, 48, 65, 16, 0, 42.03%, 0, 0, 5, 889.34, 459762, 29
591, 8, 48, 65, 16, 0, 42.03%, 0, 0, 5, 890.11, 464194, 29
596, 8, 48, 65, 16, 0, 42.03%, 0, 0, 5, 879.36, 468593, 29
601, 8, 48, 70, 21, 0, 42.03%, 0, 0, 5, 892.60, 473054, 29
606, 8, 48, 81, 31, 0, 42.03%, 0, 0, 5, 868.53, 477317, 29
612, 8, 82, 87, 37, 0, 42.03%, 0, 0, 5, 863.65, 481659, 29
617, 8, 48, 88, 37, 0, 42.03%, 0, 0, 6, 862.91, 485805, 29
622, 8, 65, 89, 38, 0, 42.03%, 0, 0, 6, 590.88, 488789, 29
627, 8, 48, 89, 37, 0, 42.03%, 0, 0, 6, 473.86, 490481, 29
632, 9, 48, 91, 39, 0, 42.03%, 0, 0, 6, 794.31, 494883, 29
637, 9, 72, 92, 40, 0, 42.03%, 0, 0, 6, 784.48, 498877, 29
642, 9, 48, 92, 39, 0, 42.03%, 0, 0, 6, 840.19, 503104, 29
647, 9, 32, 92, 39, 0, 42.03%, 0, 0, 6, 838.24, 507314, 29
652, 9, 48, 93, 40, 0, 42.03%, 0, 0, 6, 836.11, 511525, 29
658, 9, 63, 94, 41, 0, 42.03%, 0, 0, 6, 839.75, 515718, 29
658, 9, 23, 94, 41, 0, 42.03%, 1, 0, 6, 0.00, 516015, 29
