# relative_time, cycles_done, cur_item, corpus_count, pending_total, pending_favs, map_size, saved_crashes, saved_hangs, max_depth, execs_per_sec, total_execs, edges_found
62, 0, 0, 9, 7, 0, 25.00%, 0, 0, 2, 2.88, 3149, 16
93, 0, 0, 9, 7, 0, 25.00%, 0, 0, 2, 0.38, 5219, 16
98, 0, 4, 10, 6, 0, 25.00%, 0, 0, 3, 527.14, 7801, 16
121, 0, 4, 14, 10, 0, 26.56%, 0, 0, 3, 0.46, 8761, 17
126, 0, 12, 18, 13, 0, 28.12%, 0, 0, 4, 393.55, 11425, 18
151, 0, 12, 18, 13, 0, 28.12%, 0, 0, 4, 4.86, 11544, 18
156, 0, 12, 21, 16, 0, 31.25%, 0, 0, 4, 519.80, 14295, 20
177, 0, 12, 21, 16, 0, 31.25%, 0, 0, 4, 3.41, 14455, 20
182, 0, 12, 21, 16, 0, 31.25%, 0, 0, 4, 521.99, 17115, 20
202, 0, 12, 21, 16, 0, 31.25%, 0, 0, 4, 4.54, 17715, 20
207, 0, 12, 23, 18, 0, 31.25%, 0, 0, 4, 557.14, 20492, 20
230, 0, 18, 24, 18, 2, 31.25%, 0, 0, 5, 3.76, 21390, 20
235, 0, 4, 28, 20, 0, 31.25%, 0, 0, 5, 563.67, 24295, 20
259, 0, 4, 28, 20, 0, 31.25%, 0, 0, 5, 6.22, 24812, 20
259, 0, 4, 28, 20, 0, 31.25%, 0, 0, 5, 0.16, 24813, 20
264, 0, 4, 29, 21, 0, 31.25%, 0, 0, 5, 655.81, 28183, 20
285, 0, 19, 29, 21, 0, 31.25%, 0, 0, 5, 0.42, 29268, 20
290, 0, 4, 30, 22, 0, 31.25%, 0, 0, 5, 588.95, 32257, 20
306, 0, 4, 30, 22, 0, 31.25%, 0, 0, 5, 3.76, 33838, 20
319, 0, 4, 30, 22, 0, 31.25%, 0, 0, 5, 0.15, 33840, 20
325, 1, 4, 30, 22, 0, 31.25%, 0, 0, 5, 692.47, 37459, 20
351, 1, 4, 30, 22, 0, 31.25%, 0, 0, 5, 5.57, 38813, 20
356, 1, 4, 30, 22, 0, 31.25%, 0, 0, 5, 486.17, 41245, 20
382, 1, 19, 30, 22, 0, 31.25%, 0, 0, 5, 1.56, 42152, 20
387, 1, 4, 30, 22, 0, 31.25%, 0, 0, 5, 534.01, 44812, 20
400, 1, 4, 30, 22, 0, 31.25%, 0, 0, 5, 4.43, 45838, 20
408, 1, 4, 30, 22, 0, 31.25%, 0, 0, 5, 4.57, 46463, 20
419, 1, 4, 30, 22, 0, 31.25%, 0, 0, 5, 4.35, 46474, 20
424, 1, 4, 30, 22, 0, 31.25%, 0, 0, 5, 593.51, 49516, 20
445, 1, 4, 30, 22, 0, 31.25%, 0, 0, 5, 0.12, 50280, 20
450, 2, 18, 30, 22, 0, 31.25%, 0, 0, 5, 580.48, 53294, 20
470, 2, 4, 30, 22, 0, 31.25%, 0, 0, 5, 4.57, 54314, 20
475, 2, 4, 30, 21, 0, 31.25%, 0, 0, 5, 588.98, 57269, 20
488, 2, 4, 30, 21, 0, 31.25%, 0, 0, 5, 3.52, 57735, 20
505, 2, 4, 30, 21, 0, 31.25%, 0, 0, 5, 6.07, 60359, 20
510, 2, 4, 30, 20, 0, 31.25%, 0, 0, 5, 525.76, 63315, 20
526, 2, 4, 30, 20, 0, 31.25%, 0, 0, 5, 6.85, 64639, 20
531, 2, 24, 30, 20, 0, 31.25%, 0, 0, 5, 612.86, 67788, 20
547, 3, 4, 30, 20, 0, 31.25%, 0, 0, 5, 4.55, 69192, 20
553, 3, 4, 30, 20, 0, 31.25%, 0, 0, 5, 649.27, 72537, 20
561, 3, 24, 30, 20, 0, 31.25%, 0, 0, 5, 5.76, 73977, 20
575, 3, 24, 31, 21, 0, 31.25%, 0, 0, 6, 3.77, 76939, 20
580, 3, 24, 31, 21, 0, 31.25%, 0, 0, 6, 712.09, 80183, 20
589, 3, 4, 31, 21, 0, 31.25%, 0, 0, 6, 4.34, 81936, 20
601, 3, 4, 31, 20, 0, 31.25%, 0, 0, 6, 18.01, 85476, 20
606, 3, 4, 37, 26, 0, 31.25%, 0, 0, 6, 676.56, 88859, 20
613, 3, 19, 38, 27, 0, 31.25%, 0, 0, 6, 13.21, 90417, 20
618, 3, 12, 41, 30, 0, 31.25%, 0, 0, 6, 717.23, 94089, 20
629, 3, 4, 44, 33, 0, 31.25%, 0, 0, 6, 1.95, 96354, 20
634, 4, 44, 45, 34, 0, 31.25%, 0, 0, 6, 663.55, 99745, 20
649, 4, 18, 45, 33, 0, 31.25%, 0, 0, 6, 13.11, 102426, 20
654, 4, 24, 45, 32, 0, 31.25%, 0, 0, 6, 754.81, 106302, 20
660, 4, 4, 45, 32, 0, 31.25%, 0, 0, 6, 59.91, 109158, 20
665, 4, 18, 45, 32, 0, 31.25%, 0, 0, 6, 715.29, 112740, 20
673, 4, 18, 45, 32, 0, 31.25%, 0, 0, 6, 7.55, 114332, 20
678, 4, 24, 45, 32, 0, 31.25%, 0, 0, 6, 739.86, 118182, 20
683, 5, 4, 45, 32, 0, 31.25%, 0, 0, 6, 706.52, 121663, 20
688, 5, 32, 45, 31, 0, 31.25%, 0, 0, 6, 714.09, 125133, 20
694, 5, 4, 45, 30, 0, 31.25%, 0, 0, 6, 41.12, 127006, 20
699, 5, 25, 45, 30, 0, 31.25%, 0, 0, 6, 695.59, 130634, 20
704, 5, 4, 45, 29, 0, 31.25%, 0, 0, 6, 764.51, 132960, 20
709, 5, 18, 46, 30, 0, 31.25%, 0, 0, 6, 739.96, 136467, 20
714, 6, 4, 46, 30, 0, 31.25%, 0, 0, 6, 758.31, 140143, 20
719, 6, 4, 46, 30, 0, 31.25%, 0, 0, 6, 742.99, 143724, 20
724, 6, 18, 46, 30, 0, 31.25%, 0, 0, 6, 716.11, 147035, 20
729, 6, 4, 46, 29, 0, 31.25%, 0, 0, 6, 746.79, 150750, 20
734, 6, 18, 46, 29, 0, 31.25%, 0, 0, 6, 670.30, 151543, 20
739, 6, 46, 52, 34, 0, 39.06%, 0, 0, 6, 733.66, 155339, 25
745, 6, 46, 53, 35, 0, 40.62%, 0, 0, 6, 718.77, 159084, 26
750, 6, 46, 57, 39, 0, 40.62%, 0, 0, 6, 693.24, 162636, 26
755, 6, 50, 60, 41, 2, 40.62%, 0, 0, 6, 742.71, 166540, 26
760, 6, 48, 61, 41, 1, 40.62%, 0, 0, 6, 5.36, 168558, 26
765, 6, 56, 62, 41, 0, 40.62%, 0, 0, 6, 700.79, 172010, 26
770, 6, 52, 64, 42, 0, 42.19%, 0, 0, 6, 725.46, 175712, 27
776, 6, 52, 65, 43, 0, 42.19%, 0, 0, 6, 744.73, 179639, 27
781, 6, 52, 65, 43, 0, 42.19%, 0, 0, 6, 731.57, 183357, 27
787, 6, 64, 65, 42, 0, 42.19%, 0, 0, 6, 45.02, 186375, 27
792, 6, 64, 71, 48, 0, 42.19%, 0, 0, 6, 777.98, 190302, 27
797, 6, 64, 71, 48, 0, 42.19%, 0, 0, 6, 765.93, 194142, 27
802, 6, 64, 73, 50, 0, 42.19%, 0, 0, 6, 745.27, 197756, 27
807, 6, 50, 74, 50, 0, 42.19%, 0, 0, 6, 745.12, 201651, 27
814, 6, 39, 74, 50, 0, 42.19%, 0, 0, 6, 16.61, 203638, 27
819, 6, 63, 75, 50, 0, 42.19%, 0, 0, 6, 759.69, 207619, 27
825, 6, 4, 76, 51, 0, 42.19%, 0, 0, 6, 766.44, 211436, 27
830, 6, 4, 77, 51, 0, 42.19%, 0, 0, 6, 770.21, 215175, 27
835, 7, 19, 77, 50, 0, 42.19%, 0, 0, 6, 768.18, 219051, 27
840, 7, 63, 78, 51, 0, 42.19%, 0, 0, 6, 745.33, 222602, 27
845, 7, 48, 78, 51, 0, 42.19%, 0, 0, 6, 725.57, 226000, 27
850, 7, 48, 78, 51, 0, 42.19%, 0, 0, 6, 755.43, 229794, 27
855, 7, 4, 79, 52, 0, 42.19%, 0, 0, 6, 742.76, 233485, 27
860, 7, 4, 80, 53, 0, 42.19%, 0, 0, 6, 736.67, 237181, 27
865, 7, 63, 80, 53, 0, 42.19%, 0, 0, 6, 723.64, 240750, 27
870, 7, 46, 80, 53, 0, 42.19%, 0, 0, 6, 724.50, 244372, 27
876, 7, 52, 80, 51, 0, 42.19%, 0, 0, 6, 834.18, 248381, 27
881, 7, 4, 80, 51, 0, 42.19%, 0, 0, 6, 672.98, 252354, 27
886, 7, 19, 80, 50, 0, 42.19%, 0, 0, 6, 830.80, 256205, 27
891, 8, 4, 80, 50, 0, 42.19%, 0, 0, 6, 756.28, 259828, 27
896, 8, 43, 80, 50, 0, 42.19%, 0, 0, 6, 720.87, 262957, 27
901, 8, 63, 80, 49, 0, 42.19%, 0, 0, 6, 712.07, 266419, 27
906, 8, 48, 80, 49, 0, 42.19%, 0, 0, 6, 829.47, 270266, 27
911, 8, 4, 80, 48, 0, 42.19%, 0, 0, 6, 804.68, 274119, 27
916, 8, 48, 80, 48, 0, 42.19%, 0, 0, 6, 755.37, 277799, 27
921, 8, 48, 80, 48, 0, 42.19%, 0, 0, 6, 730.09, 281353, 27
927, 8, 52, 80, 48, 0, 42.19%, 0, 0, 6, 717.79, 285104, 27
932, 8, 50, 80, 48, 0, 42.19%, 0, 0, 6, 793.26, 288895, 27
937, 8, 4, 80, 48, 0, 42.19%, 0, 0, 6, 775.01, 292762, 27
942, 8, 62, 80, 48, 0, 42.19%, 0, 0, 6, 561.48, 295608, 27
947, 9, 4, 80, 47, 0, 42.19%, 0, 0, 6, 693.01, 299459, 27
952, 9, 52, 81, 48, 0, 42.19%, 0, 0, 6, 736.41, 302727, 27
957, 9, 4, 81, 48, 0, 42.19%, 0, 0, 6, 776.12, 306659, 27
963, 9, 4, 81, 47, 0, 42.19%, 0, 0, 6, 764.27, 310506, 27
968, 9, 63, 81, 47, 0, 42.19%, 0, 0, 6, 819.86, 314485, 27
973, 9, 63, 81, 47, 0, 42.19%, 0, 0, 6, 799.54, 318369, 27
978, 9, 48, 83, 48, 0, 42.19%, 0, 0, 6, 679.12, 322085, 27
983, 9, 83, 85, 49, 0, 43.75%, 0, 0, 6, 752.14, 325534, 28
988, 9, 83, 87, 51, 0, 43.75%, 0, 0, 6, 870.26, 329360, 28
993, 9, 83, 88, 52, 0, 43.75%, 0, 0, 6, 831.23, 333535, 28
998, 9, 83, 90, 54, 0, 43.75%, 0, 0, 6, 811.12, 337616, 28
1003, 9, 52, 90, 54, 0, 43.75%, 0, 0, 6, 710.27, 340981, 28
1008, 9, 84, 90, 54, 0, 43.75%, 0, 0, 6, 747.93, 344830, 28
1013, 9, 4, 90, 52, 0, 43.75%, 0, 0, 6, 779.31, 348385, 28
1018, 9, 4, 90, 51, 0, 43.75%, 0, 0, 6, 758.41, 352183, 28
1024, 9, 54, 90, 51, 0, 43.75%, 0, 0, 6, 765.14, 355777, 28
1029, 9, 4, 90, 51, 0, 43.75%, 0, 0, 6, 55.70, 359471, 28
1034, 10, 4, 90, 51, 0, 43.75%, 0, 0, 6, 711.87, 363165, 28
1039, 10, 63, 90, 51, 0, 43.75%, 0, 0, 6, 781.76, 367154, 28
1044, 10, 4, 90, 50, 0, 43.75%, 0, 0, 6, 788.76, 371150, 28
1049, 10, 45, 90, 50, 0, 43.75%, 0, 0, 6, 747.68, 375055, 28
1054, 10, 24, 90, 49, 0, 43.75%, 0, 0, 6, 722.21, 378356, 28
1059, 10, 24, 90, 49, 0, 43.75%, 0, 0, 6, 736.76, 381810, 28
1065, 10, 4, 90, 48, 0, 43.75%, 0, 0, 6, 825.74, 385905, 28
1070, 10, 54, 90, 48, 0, 43.75%, 0, 0, 6, 807.93, 389937, 28
1075, 10, 48, 90, 48, 0, 43.75%, 0, 0, 6, 815.10, 393972, 28
1080, 10, 83, 90, 48, 0, 43.75%, 0, 0, 6, 805.87, 398018, 28
1085, 10, 83, 90, 48, 0, 43.75%, 0, 0, 6, 753.05, 401841, 28
1090, 10, 83, 90, 47, 0, 43.75%, 0, 0, 6, 97.73, 405222, 28
1095, 11, 83, 90, 47, 0, 43.75%, 0, 0, 6, 810.17, 409169, 28
1100, 11, 77, 90, 47, 0, 43.75%, 0, 0, 6, 802.65, 412673, 28
1105, 11, 4, 90, 46, 0, 43.75%, 0, 0, 6, 751.02, 416122, 28
1110, 11, 63, 90, 46, 0, 43.75%, 0, 0, 6, 767.66, 419988, 28
1115, 11, 48, 90, 46, 0, 43.75%, 0, 0, 6, 752.49, 423541, 28
1121, 11, 48, 90, 46, 0, 43.75%, 0, 0, 6, 816.72, 427800, 28
1126, 11, 4, 91, 46, 0, 43.75%, 0, 0, 7, 785.14, 431645, 28
1131, 11, 48, 91, 46, 0, 43.75%, 0, 0, 7, 786.45, 435582, 28
1136, 11, 19, 91, 46, 0, 43.75%, 0, 0, 7, 806.58, 439516, 28
1141, 11, 63, 91, 46, 0, 43.75%, 0, 0, 7, 809.35, 443506, 28
1146, 11, 63, 91, 46, 0, 43.75%, 0, 0, 7, 758.63, 447032, 28
1151, 12, 63, 91, 45, 0, 43.75%, 0, 0, 7, 792.78, 451000, 28
1156, 12, 52, 91, 45, 0, 43.75%, 0, 0, 7, 775.91, 454962, 28
1161, 12, 83, 91, 45, 0, 43.75%, 0, 0, 7, 795.53, 458856, 28
1166, 12, 46, 91, 44, 0, 43.75%, 0, 0, 7, 822.98, 462856, 28
1171, 12, 83, 91, 43, 0, 43.75%, 0, 0, 7, 806.61, 466962, 28
1176, 12, 4, 91, 43, 0, 43.75%, 0, 0, 7, 821.81, 471019, 28
1181, 12, 83, 91, 42, 0, 43.75%, 0, 0, 7, 813.29, 475013, 28
1187, 12, 51, 92, 43, 0, 43.75%, 0, 0, 7, 795.57, 479014, 28
1192, 12, 57, 92, 42, 0, 43.75%, 0, 0, 7, 820.83, 483101, 28
1197, 12, 4, 92, 41, 0, 43.75%, 0, 0, 7, 772.27, 486980, 28
1202, 12, 4, 92, 41, 0, 43.75%, 0, 0, 7, 781.32, 491097, 28
1207, 13, 83, 92, 41, 0, 43.75%, 0, 0, 7, 752.96, 494834, 28
1212, 13, 63, 94, 42, 0, 45.31%, 0, 0, 7, 759.90, 498715, 29
1217, 13, 92, 96, 44, 0, 45.31%, 0, 0, 7, 738.73, 502335, 29
1222, 13, 52, 96, 44, 0, 45.31%, 0, 0, 7, 768.72, 506300, 29
1227, 13, 46, 96, 44, 0, 45.31%, 0, 0, 7, 782.05, 510381, 29
1232, 13, 93, 97, 45, 0, 45.31%, 0, 0, 7, 831.49, 514279, 29
1238, 13, 54, 97, 44, 0, 45.31%, 0, 0, 7, 794.89, 518277, 29
1243, 13, 54, 97, 44, 0, 45.31%, 0, 0, 7, 797.57, 522394, 29
1248, 13, 54, 97, 44, 0, 45.31%, 0, 0, 7, 789.40, 526298, 29
1253, 13, 96, 98, 45, 0, 45.31%, 0, 0, 8, 807.40, 530368, 29
1258, 13, 96, 99, 46, 0, 45.31%, 0, 0, 8, 804.12, 534451, 29
1263, 13, 52, 99, 44, 0, 45.31%, 0, 0, 8, 765.24, 538437, 29
1268, 13, 4, 99, 43, 0, 45.31%, 0, 0, 8, 759.39, 542303, 29
1273, 13, 63, 99, 42, 0, 45.31%, 0, 0, 8, 802.54, 546449, 29
1278, 13, 54, 99, 42, 0, 45.31%, 0, 0, 8, 779.61, 550397, 29
1284, 14, 63, 99, 42, 0, 45.31%, 0, 0, 8, 758.59, 554444, 29
1289, 14, 4, 99, 41, 0, 45.31%, 0, 0, 8, 305.61, 557786, 29
1294, 14, 98, 99, 41, 0, 45.31%, 0, 0, 8, 658.14, 561629, 29
1299, 14, 4, 99, 40, 0, 45.31%, 0, 0, 8, 759.58, 565547, 29
1304, 14, 48, 99, 40, 0, 45.31%, 0, 0, 8, 758.44, 569374, 29
1309, 14, 54, 99, 40, 0, 45.31%, 0, 0, 8, 789.77, 573439, 29
1314, 14, 63, 99, 40, 0, 45.31%, 0, 0, 8, 794.19, 577552, 29
1319, 14, 54, 99, 40, 0, 45.31%, 0, 0, 8, 807.62, 581616, 29
1324, 14, 52, 99, 39, 0, 45.31%, 0, 0, 8, 855.58, 585564, 29
1330, 14, 59, 99, 39, 0, 45.31%, 0, 0, 8, 788.79, 589419, 29
1335, 14, 63, 99, 38, 0, 45.31%, 0, 0, 8, 807.63, 593476, 29
1340, 14, 54, 100, 39, 0, 45.31%, 0, 0, 8, 819.90, 597516, 29
1345, 15, 54, 100, 39, 0, 45.31%, 0, 0, 8, 788.38, 601446, 29
1350, 15, 48, 100, 39, 0, 45.31%, 0, 0, 8, 794.68, 605461, 29
1355, 15, 48, 100, 39, 0, 45.31%, 0, 0, 8, 725.18, 609050, 29
1360, 15, 4, 100, 39, 0, 45.31%, 0, 0, 8, 788.19, 613012, 29
1365, 15, 63, 100, 39, 0, 45.31%, 0, 0, 8, 834.20, 617339, 29
1370, 15, 54, 100, 39, 0, 45.31%, 0, 0, 8, 812.21, 621286, 29
1375, 15, 54, 100, 39, 0, 45.31%, 0, 0, 8, 867.38, 624871, 29
1380, 15, 54, 100, 39, 0, 45.31%, 0, 0, 8, 828.86, 629044, 29
1386, 15, 22, 100, 39, 0, 45.31%, 0, 0, 8, 817.93, 633204, 29
1391, 15, 4, 100, 39, 0, 45.31%, 0, 0, 8, 820.64, 637195, 29
1396, 15, 63, 100, 39, 0, 45.31%, 0, 0, 8, 792.61, 641181, 29
1401, 16, 86, 100, 38, 0, 45.31%, 0, 0, 8, 825.26, 645279, 29
1406, 16, 54, 100, 37, 0, 45.31%, 0, 0, 8, 821.58, 649403, 29
1411, 16, 46, 100, 37, 0, 45.31%, 0, 0, 8, 807.73, 653135, 29
1416, 16, 63, 100, 36, 0, 45.31%, 0, 0, 8, 799.61, 657139, 29
1421, 16, 48, 100, 36, 0, 45.31%, 0, 0, 8, 828.29, 661226, 29
1426, 16, 4, 100, 36, 0, 45.31%, 0, 0, 8, 806.70, 665170, 29
1431, 16, 4, 100, 36, 0, 45.31%, 0, 0, 8, 835.28, 669327, 29
1436, 16, 83, 100, 36, 0, 45.31%, 0, 0, 8, 827.59, 673544, 29
1441, 16, 54, 100, 36, 0, 45.31%, 0, 0, 8, 807.40, 677679, 29
1447, 16, 4, 100, 36, 0, 45.31%, 0, 0, 8, 780.72, 681628, 29
1452, 16, 52, 100, 36, 0, 45.31%, 0, 0, 8, 811.32, 685650, 29
1457, 17, 63, 100, 36, 0, 45.31%, 0, 0, 8, 644.19, 689582, 29
1462, 17, 48, 100, 36, 0, 45.31%, 0, 0, 8, 825.00, 693918, 29
1467, 17, 24, 100, 36, 0, 45.31%, 0, 0, 8, 793.97, 697945, 29
1472, 17, 4, 100, 36, 0, 45.31%, 0, 0, 8, 783.66, 701990, 29
1477, 17, 22, 100, 36, 0, 45.31%, 0, 0, 8, 775.52, 706029, 29
1482, 17, 89, 100, 36, 0, 45.31%, 0, 0, 8, 817.59, 709946, 29
1487, 17, 4, 100, 35, 0, 45.31%, 0, 0, 8, 812.15, 713861, 29
1493, 17, 36, 100, 35, 0, 45.31%, 0, 0, 8, 748.26, 717976, 29
1498, 17, 63, 100, 34, 0, 45.31%, 0, 0, 8, 798.65, 722159, 29
1503, 17, 4, 100, 33, 0, 45.31%, 0, 0, 8, 802.27, 726165, 29
1508, 17, 4, 100, 33, 0, 45.31%, 0, 0, 8, 813.56, 730503, 29
1513, 17, 22, 100, 33, 0, 45.31%, 0, 0, 8, 790.06, 734359, 29
1518, 18, 4, 100, 32, 0, 45.31%, 0, 0, 8, 786.87, 738284, 29
1523, 18, 94, 100, 32, 0, 45.31%, 0, 0, 8, 795.02, 742404, 29
1528, 18, 54, 100, 31, 0, 45.31%, 0, 0, 8, 784.37, 746388, 29
1533, 18, 92, 100, 31, 0, 45.31%, 0, 0, 8, 784.97, 750515, 29
1538, 18, 54, 100, 30, 0, 45.31%, 0, 0, 8, 787.58, 754522, 29
1544, 18, 52, 100, 30, 0, 45.31%, 0, 0, 8, 803.26, 758615, 29
1549, 18, 4, 100, 30, 0, 45.31%, 0, 0, 8, 763.78, 762426, 29
1554, 18, 82, 100, 30, 0, 45.31%, 0, 0, 8, 392.79, 763924, 29
1559, 18, 46, 100, 29, 0, 45.31%, 0, 0, 8, 562.92, 766619, 29
1564, 18, 4, 100, 29, 0, 45.31%, 0, 0, 8, 737.27, 770539, 29
1569, 18, 92, 100, 29, 0, 45.31%, 0, 0, 8, 865.36, 774477, 29
1574, 18, 4, 100, 29, 0, 45.31%, 0, 0, 8, 475.72, 778527, 29
1579, 18, 4, 100, 28, 0, 45.31%, 0, 0, 8, 744.33, 782673, 29
1584, 19, 48, 100, 28, 0, 45.31%, 0, 0, 8, 781.54, 786542, 29
1589, 19, 4, 100, 28, 0, 45.31%, 0, 0, 8, 830.41, 790809, 29
1594, 19, 4, 100, 28, 0, 45.31%, 0, 0, 8, 814.57, 794835, 29
1600, 19, 4, 100, 28, 0, 45.31%, 0, 0, 8, 819.99, 799035, 29
1605, 19, 4, 100, 28, 0, 45.31%, 0, 0, 8, 824.85, 803302, 29
1610, 19, 4, 100, 27, 0, 45.31%, 0, 0, 8, 812.91, 807387, 29
1615, 19, 22, 100, 27, 0, 45.31%, 0, 0, 8, 824.49, 811681, 29
1620, 19, 92, 100, 27, 0, 45.31%, 0, 0, 8, 831.31, 815707, 29
1625, 19, 92, 100, 26, 0, 45.31%, 0, 0, 8, 797.07, 819622, 29
1630, 19, 63, 100, 26, 0, 45.31%, 0, 0, 8, 840.23, 823772, 29
1635, 19, 48, 100, 26, 0, 45.31%, 0, 0, 8, 816.49, 827718, 29
1641, 20, 4, 100, 25, 0, 45.31%, 0, 0, 8, 820.99, 831856, 29
1646, 20, 4, 100, 25, 0, 45.31%, 0, 0, 8, 819.51, 836072, 29
1651, 20, 92, 100, 25, 0, 45.31%, 0, 0, 8, 785.99, 840110, 29
1656, 20, 63, 100, 25, 0, 45.31%, 0, 0, 8, 824.83, 844374, 29
1661, 20, 4, 100, 24, 0, 45.31%, 0, 0, 8, 855.93, 848727, 29
1666, 20, 54, 100, 24, 0, 45.31%, 0, 0, 8, 837.84, 852899, 29
1672, 20, 54, 100, 24, 0, 45.31%, 0, 0, 8, 820.69, 857014, 29
1677, 20, 4, 100, 24, 0, 45.31%, 0, 0, 8, 816.87, 861017, 29
1682, 20, 92, 100, 24, 0, 45.31%, 0, 0, 8, 837.14, 865287, 29
1687, 20, 92, 100, 24, 0, 45.31%, 0, 0, 8, 804.51, 869347, 29
1692, 21, 4, 100, 24, 0, 45.31%, 0, 0, 8, 771.55, 873309, 29
1697, 21, 92, 100, 24, 0, 45.31%, 0, 0, 8, 790.51, 877453, 29
1702, 21, 54, 100, 24, 0, 45.31%, 0, 0, 8, 763.54, 881418, 29
1707, 21, 4, 100, 24, 0, 45.31%, 0, 0, 8, 748.31, 885446, 29
1712, 21, 24, 100, 24, 0, 45.31%, 0, 0, 8, 881.23, 889468, 29
1717, 21, 24, 100, 24, 0, 45.31%, 0, 0, 8, 846.53, 893553, 29
1723, 21, 4, 100, 24, 0, 45.31%, 0, 0, 8, 798.64, 897743, 29
1728, 21, 48, 100, 23, 0, 45.31%, 0, 0, 8, 786.59, 901872, 29
1733, 21, 54, 100, 23, 0, 45.31%, 0, 0, 8, 795.22, 905974, 29
1738, 21, 22, 100, 23, 0, 45.31%, 0, 0, 8, 861.34, 909976, 29
1743, 21, 46, 100, 22, 0, 45.31%, 0, 0, 8, 757.83, 914167, 29
1748, 22, 4, 100, 22, 0, 45.31%, 0, 0, 8, 806.36, 918312, 29
1753, 22, 92, 100, 21, 0, 45.31%, 0, 0, 8, 850.67, 922552, 29
1758, 22, 54, 100, 21, 0, 45.31%, 0, 0, 8, 826.22, 926697, 29
1763, 22, 24, 100, 21, 0, 45.31%, 0, 0, 8, 823.28, 930778, 29
1768, 22, 22, 100, 21, 0, 45.31%, 0, 0, 8, 780.06, 934709, 29
1774, 22, 22, 100, 21, 0, 45.31%, 0, 0, 8, 796.07, 938827, 29
1779, 22, 54, 100, 21, 0, 45.31%, 0, 0, 8, 764.01, 942628, 29
1784, 22, 54, 100, 20, 0, 45.31%, 0, 0, 8, 807.81, 946722, 29
1789, 22, 63, 100, 20, 0, 45.31%, 0, 0, 8, 822.23, 951003, 29
1794, 22, 24, 100, 20, 0, 45.31%, 0, 0, 8, 817.27, 955137, 29
1799, 22, 24, 100, 19, 0, 45.31%, 0, 0, 8, 496.19, 959215, 29
1804, 22, 54, 100, 18, 0, 45.31%, 0, 0, 8, 669.55, 962847, 29
1809, 23, 22, 100, 18, 0, 45.31%, 0, 0, 8, 800.63, 967070, 29
1815, 23, 4, 100, 18, 0, 45.31%, 0, 0, 8, 812.48, 971170, 29
1820, 23, 4, 100, 17, 0, 45.31%, 0, 0, 8, 805.50, 975195, 29
1825, 23, 24, 100, 17, 0, 45.31%, 0, 0, 8, 803.57, 979221, 29
1830, 23, 4, 100, 17, 0, 45.31%, 0, 0, 8, 803.62, 983237, 29
1835, 23, 4, 100, 17, 0, 45.31%, 0, 0, 8, 805.23, 987200, 29
1840, 23, 4, 100, 17, 0, 45.31%, 0, 0, 8, 813.98, 990993, 29
1845, 23, 24, 100, 17, 0, 45.31%, 0, 0, 8, 862.38, 995200, 29
1850, 23, 52, 100, 17, 0, 45.31%, 0, 0, 8, 814.74, 999239, 29
1855, 23, 4, 100, 17, 0, 45.31%, 0, 0, 8, 825.34, 1003346, 29
1861, 23, 4, 100, 17, 0, 45.31%, 0, 0, 8, 792.11, 1007321, 29
1866, 24, 54, 100, 17, 0, 45.31%, 0, 0, 8, 785.65, 1011383, 29
1871, 24, 97, 100, 17, 0, 45.31%, 0, 0, 8, 796.75, 1015317, 29
1876, 24, 46, 100, 16, 0, 45.31%, 0, 0, 8, 816.25, 1019402, 29
1881, 24, 4, 100, 16, 0, 45.31%, 0, 0, 8, 821.30, 1023561, 29
1886, 24, 52, 100, 16, 0, 45.31%, 0, 0, 8, 781.80, 1027523, 29
1891, 24, 4, 100, 16, 0, 45.31%, 0, 0, 8, 804.74, 1031557, 29
1896, 24, 4, 100, 16, 0, 45.31%, 0, 0, 8, 821.47, 1035350, 29
1901, 24, 4, 100, 16, 0, 45.31%, 0, 0, 8, 843.57, 1039437, 29
1907, 24, 85, 100, 16, 0, 45.31%, 0, 0, 8, 840.30, 1043575, 29
1912, 24, 24, 100, 15, 0, 45.31%, 0, 0, 8, 827.90, 1047639, 29
1917, 24, 24, 100, 15, 0, 45.31%, 0, 0, 8, 815.92, 1051705, 29
1922, 25, 54, 100, 14, 0, 45.31%, 0, 0, 8, 781.97, 1055584, 29
1927, 25, 73, 100, 14, 0, 45.31%, 0, 0, 8, 141.51, 1059486, 29
1932, 25, 63, 100, 13, 0, 45.31%, 0, 0, 8, 633.93, 1063282, 29
1937, 25, 4, 100, 13, 0, 45.31%, 0, 0, 8, 762.01, 1067329, 29
1942, 25, 63, 100, 13, 0, 45.31%, 0, 0, 8, 788.67, 1071423, 29
1947, 25, 54, 100, 13, 0, 45.31%, 0, 0, 8, 819.33, 1075695, 29
1952, 25, 52, 100, 13, 0, 45.31%, 0, 0, 8, 787.42, 1079697, 29
1957, 25, 4, 100, 13, 0, 45.31%, 0, 0, 8, 785.24, 1083701, 29
1962, 25, 24, 100, 13, 0, 45.31%, 0, 0, 8, 764.54, 1087566, 29
1968, 25, 63, 100, 12, 0, 45.31%, 0, 0, 8, 779.59, 1091624, 29
1973, 25, 63, 100, 12, 0, 45.31%, 0, 0, 8, 741.28, 1095386, 29
1978, 25, 4, 100, 12, 0, 45.31%, 0, 0, 8, 782.07, 1099505, 29
1983, 26, 48, 100, 12, 0, 45.31%, 0, 0, 8, 803.38, 1103714, 29
1988, 26, 4, 100, 12, 0, 45.31%, 0, 0, 8, 803.99, 1107898, 29
1993, 26, 24, 100, 12, 0, 45.31%, 0, 0, 8, 817.30, 1112087, 29
1998, 26, 54, 100, 12, 0, 45.31%, 0, 0, 8, 826.14, 1116361, 29
2004, 26, 90, 100, 12, 0, 45.31%, 0, 0, 8, 824.69, 1120593, 29
2009, 26, 4, 100, 11, 0, 45.31%, 0, 0, 8, 674.34, 1123465, 29
2014, 26, 24, 100, 11, 0, 45.31%, 0, 0, 8, 803.64, 1127804, 29
2019, 26, 4, 100, 11, 0, 45.31%, 0, 0, 8, 808.72, 1131728, 29
2024, 26, 4, 100, 11, 0, 45.31%, 0, 0, 8, 821.58, 1135986, 29
2029, 26, 63, 100, 10, 0, 45.31%, 0, 0, 8, 722.02, 1139416, 29
2034, 26, 22, 100, 10, 0, 45.31%, 0, 0, 8, 816.18, 1143713, 29
2039, 26, 52, 100, 10, 0, 45.31%, 0, 0, 8, 813.25, 1147779, 29
2044, 27, 48, 100, 10, 0, 45.31%, 0, 0, 8, 813.71, 1151867, 29
2049, 27, 4, 100, 10, 0, 45.31%, 0, 0, 8, 859.21, 1156311, 29
2054, 27, 52, 100, 10, 0, 45.31%, 0, 0, 8, 822.62, 1160397, 29
2060, 27, 63, 100, 10, 0, 45.31%, 0, 0, 8, 822.08, 1164521, 29
2065, 27, 4, 100, 10, 0, 45.31%, 0, 0, 8, 761.23, 1168331, 29
2070, 27, 54, 100, 10, 0, 45.31%, 0, 0, 8, 818.65, 1172471, 29
2075, 27, 4, 100, 10, 0, 45.31%, 0, 0, 8, 833.73, 1176715, 29
2080, 27, 4, 100, 10, 0, 45.31%, 0, 0, 8, 819.74, 1180819, 29
2085, 27, 22, 100, 10, 0, 45.31%, 0, 0, 8, 804.93, 1184888, 29
2090, 27, 24, 100, 10, 0, 45.31%, 0, 0, 8, 801.18, 1189027, 29
2095, 27, 54, 100, 10, 0, 45.31%, 0, 0, 8, 824.45, 1193158, 29
2100, 28, 4, 100, 9, 0, 45.31%, 0, 0, 8, 827.63, 1197302, 29
2106, 28, 92, 100, 9, 0, 45.31%, 0, 0, 8, 838.23, 1201607, 29
2111, 28, 92, 100, 9, 0, 45.31%, 0, 0, 8, 822.45, 1205667, 29
2116, 28, 54, 100, 9, 0, 45.31%, 0, 0, 8, 839.44, 1209929, 29
2121, 28, 46, 100, 9, 0, 45.31%, 0, 0, 8, 796.80, 1213865, 29
2126, 28, 48, 100, 9, 0, 45.31%, 0, 0, 8, 868.92, 1217996, 29
2131, 28, 4, 100, 9, 0, 45.31%, 0, 0, 8, 833.05, 1222151, 29
2136, 28, 54, 100, 9, 0, 45.31%, 0, 0, 8, 806.41, 1226227, 29
2141, 28, 4, 100, 9, 0, 45.31%, 0, 0, 8, 809.58, 1230260, 29
2146, 28, 63, 100, 9, 0, 45.31%, 0, 0, 8, 817.04, 1234497, 29
2151, 28, 4, 100, 9, 0, 45.31%, 0, 0, 8, 845.93, 1238695, 29
2157, 29, 4, 100, 9, 0, 45.31%, 0, 0, 8, 857.02, 1243059, 29
2162, 29, 4, 100, 9, 0, 45.31%, 0, 0, 8, 793.96, 1247109, 29
2167, 29, 52, 100, 8, 0, 45.31%, 0, 0, 8, 793.64, 1251199, 29
2172, 29, 48, 100, 8, 0, 45.31%, 0, 0, 8, 776.52, 1255133, 29
2177, 29, 4, 100, 8, 0, 45.31%, 0, 0, 8, 809.08, 1259513, 29
2182, 29, 4, 100, 8, 0, 45.31%, 0, 0, 8, 816.39, 1263722, 29
2187, 29, 52, 100, 8, 0, 45.31%, 0, 0, 8, 797.19, 1267921, 29
2193, 29, 4, 100, 8, 0, 45.31%, 0, 0, 8, 774.12, 1271984, 29
2198, 29, 4, 100, 8, 0, 45.31%, 0, 0, 8, 815.17, 1276154, 29
2203, 29, 54, 100, 8, 0, 45.31%, 0, 0, 8, 824.41, 1280245, 29
2208, 29, 4, 100, 8, 0, 45.31%, 0, 0, 8, 812.52, 1284484, 29
2213, 30, 46, 100, 8, 0, 45.31%, 0, 0, 8, 816.92, 1288649, 29
2218, 30, 4, 100, 8, 0, 45.31%, 0, 0, 8, 791.40, 1292682, 29
2223, 30, 22, 100, 8, 0, 45.31%, 0, 0, 8, 834.34, 1297084, 29
2228, 30, 54, 100, 8, 0, 45.31%, 0, 0, 8, 751.00, 1301169, 29
2233, 30, 54, 100, 8, 0, 45.31%, 0, 0, 8, 782.87, 1305164, 29
2238, 30, 24, 100, 8, 0, 45.31%, 0, 0, 8, 808.17, 1309143, 29
2243, 30, 4, 100, 8, 0, 45.31%, 0, 0, 8, 806.56, 1313154, 29
2248, 30, 24, 100, 8, 0, 45.31%, 0, 0, 8, 799.64, 1317327, 29
2254, 30, 4, 100, 8, 0, 45.31%, 0, 0, 8, 792.76, 1321483, 29
2259, 30, 4, 100, 8, 0, 45.31%, 0, 0, 8, 830.83, 1325626, 29
2264, 30, 63, 100, 8, 0, 45.31%, 0, 0, 8, 827.36, 1329851, 29
2269, 31, 92, 100, 8, 0, 45.31%, 0, 0, 8, 833.49, 1333940, 29
2274, 31, 54, 100, 8, 0, 45.31%, 0, 0, 8, 813.43, 1338009, 29
2279, 31, 48, 100, 8, 0, 45.31%, 0, 0, 8, 796.45, 1342084, 29
2284, 31, 4, 100, 8, 0, 45.31%, 0, 0, 8, 789.51, 1346213, 29
2289, 31, 22, 100, 8, 0, 45.31%, 0, 0, 8, 800.21, 1350355, 29
2295, 31, 48, 100, 8, 0, 45.31%, 0, 0, 8, 808.45, 1354435, 29
2300, 31, 4, 100, 8, 0, 45.31%, 0, 0, 8, 812.90, 1358563, 29
2305, 31, 92, 100, 8, 0, 45.31%, 0, 0, 8, 799.34, 1362539, 29
2310, 31, 4, 100, 8, 0, 45.31%, 0, 0, 8, 835.06, 1366791, 29
2315, 31, 54, 100, 8, 0, 45.31%, 0, 0, 8, 845.74, 1371109, 29
2320, 32, 63, 100, 8, 0, 45.31%, 0, 0, 8, 831.74, 1375379, 29
2325, 32, 4, 100, 8, 0, 45.31%, 0, 0, 8, 800.71, 1379353, 29
2330, 32, 54, 100, 8, 0, 45.31%, 0, 0, 8, 838.40, 1383554, 29
2336, 32, 4, 100, 8, 0, 45.31%, 0, 0, 8, 826.48, 1387781, 29
2341, 32, 4, 100, 8, 0, 45.31%, 0, 0, 8, 810.99, 1391800, 29
2346, 32, 54, 100, 8, 0, 45.31%, 0, 0, 8, 786.10, 1395754, 29
2351, 32, 48, 100, 8, 0, 45.31%, 0, 0, 8, 805.94, 1399829, 29
2356, 32, 48, 100, 8, 0, 45.31%, 0, 0, 8, 831.89, 1404109, 29
2361, 32, 54, 100, 8, 0, 45.31%, 0, 0, 8, 843.11, 1408302, 29
2366, 32, 48, 100, 8, 0, 45.31%, 0, 0, 8, 821.39, 1412332, 29
2371, 32, 46, 100, 8, 0, 45.31%, 0, 0, 8, 846.42, 1416678, 29
2376, 33, 54, 100, 8, 0, 45.31%, 0, 0, 8, 809.40, 1420731, 29
2381, 33, 24, 100, 8, 0, 45.31%, 0, 0, 8, 838.71, 1424913, 29
2386, 33, 54, 100, 8, 0, 45.31%, 0, 0, 8, 825.99, 1428918, 29
2391, 33, 4, 100, 8, 0, 45.31%, 0, 0, 8, 824.33, 1432960, 29
2396, 33, 4, 100, 8, 0, 45.31%, 0, 0, 8, 845.71, 1437252, 29
2402, 33, 48, 100, 8, 0, 45.31%, 0, 0, 8, 848.16, 1441594, 29
2407, 33, 24, 100, 8, 0, 45.31%, 0, 0, 8, 793.98, 1445456, 29
2412, 33, 46, 100, 8, 0, 45.31%, 0, 0, 8, 794.04, 1449445, 29
2417, 33, 48, 100, 8, 0, 45.31%, 0, 0, 8, 843.96, 1453731, 29
2422, 33, 48, 100, 8, 0, 45.31%, 0, 0, 8, 809.58, 1457879, 29
2427, 33, 4, 100, 8, 0, 45.31%, 0, 0, 8, 811.33, 1461960, 29
2432, 34, 46, 100, 8, 0, 45.31%, 0, 0, 8, 797.60, 1466121, 29
2437, 34, 52, 100, 8, 0, 45.31%, 0, 0, 8, 802.25, 1470242, 29
2442, 34, 52, 100, 8, 0, 45.31%, 0, 0, 8, 813.76, 1474543, 29
2447, 34, 52, 100, 8, 0, 45.31%, 0, 0, 8, 791.18, 1478575, 29
2452, 34, 92, 100, 8, 0, 45.31%, 0, 0, 8, 797.20, 1482632, 29
2457, 34, 22, 100, 8, 0, 45.31%, 0, 0, 8, 828.79, 1486921, 29
2462, 34, 4, 100, 8, 0, 45.31%, 0, 0, 8, 805.72, 1490904, 29
2468, 34, 4, 100, 8, 0, 45.31%, 0, 0, 8, 809.88, 1495166, 29
2473, 34, 4, 100, 8, 0, 45.31%, 0, 0, 8, 793.34, 1499249, 29
2478, 34, 4, 100, 8, 0, 45.31%, 0, 0, 8, 807.44, 1503424, 29
2483, 34, 63, 100, 8, 0, 45.31%, 0, 0, 8, 821.25, 1507739, 29
2488, 35, 97, 100, 8, 0, 45.31%, 0, 0, 8, 793.68, 1511930, 29
2493, 35, 54, 100, 8, 0, 45.31%, 0, 0, 8, 791.76, 1515898, 29
2498, 35, 24, 100, 8, 0, 45.31%, 0, 0, 8, 821.07, 1520030, 29
2503, 35, 63, 100, 8, 0, 45.31%, 0, 0, 8, 812.81, 1524123, 29
2508, 35, 4, 100, 8, 0, 45.31%, 0, 0, 8, 813.00, 1528306, 29
2514, 35, 24, 100, 8, 0, 45.31%, 0, 0, 8, 828.37, 1532659, 29
2519, 35, 4, 100, 8, 0, 45.31%, 0, 0, 8, 801.14, 1536612, 29
2524, 35, 24, 100, 8, 0, 45.31%, 0, 0, 8, 771.20, 1540462, 29
2529, 35, 24, 100, 8, 0, 45.31%, 0, 0, 8, 816.48, 1544707, 29
2534, 35, 4, 100, 8, 0, 45.31%, 0, 0, 8, 808.86, 1548768, 29
2539, 35, 48, 100, 8, 0, 45.31%, 0, 0, 8, 785.16, 1552717, 29
2544, 36, 92, 100, 8, 0, 45.31%, 0, 0, 8, 814.57, 1556803, 29
2549, 36, 4, 100, 8, 0, 45.31%, 0, 0, 8, 806.90, 1560789, 29
2554, 36, 48, 100, 8, 0, 45.31%, 0, 0, 8, 813.08, 1564944, 29
2559, 36, 54, 100, 8, 0, 45.31%, 0, 0, 8, 792.55, 1569071, 29
2564, 36, 22, 100, 8, 0, 45.31%, 0, 0, 8, 821.37, 1573355, 29
2569, 36, 4, 100, 8, 0, 45.31%, 0, 0, 8, 825.48, 1577515, 29
2575, 36, 48, 100, 8, 0, 45.31%, 0, 0, 8, 810.18, 1581609, 29
2580, 36, 4, 100, 8, 0, 45.31%, 0, 0, 8, 807.88, 1585609, 29
2585, 36, 54, 100, 8, 0, 45.31%, 0, 0, 8, 767.92, 1589557, 29
2590, 36, 54, 100, 8, 0, 45.31%, 0, 0, 8, 789.83, 1593507, 29
2595, 36, 54, 100, 8, 0, 45.31%, 0, 0, 8, 829.12, 1597662, 29
2600, 37, 63, 100, 8, 0, 45.31%, 0, 0, 8, 804.57, 1601686, 29
2605, 37, 4, 100, 8, 0, 45.31%, 0, 0, 8, 819.43, 1605872, 29
2610, 37, 63, 100, 8, 0, 45.31%, 0, 0, 8, 829.58, 1610162, 29
2615, 37, 4, 100, 8, 0, 45.31%, 0, 0, 8, 842.31, 1614523, 29
2621, 37, 48, 100, 8, 0, 45.31%, 0, 0, 8, 824.99, 1618583, 29
2626, 37, 4, 100, 8, 0, 45.31%, 0, 0, 8, 830.64, 1622706, 29
2631, 37, 4, 100, 8, 0, 45.31%, 0, 0, 8, 811.23, 1626665, 29
2636, 37, 54, 100, 8, 0, 45.31%, 0, 0, 8, 783.21, 1630602, 29
2641, 37, 4, 100, 8, 0, 45.31%, 0, 0, 8, 843.78, 1634888, 29
2646, 37, 4, 100, 8, 0, 45.31%, 0, 0, 8, 860.07, 1639187, 29
2651, 37, 22, 100, 8, 0, 45.31%, 0, 0, 8, 837.68, 1643460, 29
2656, 38, 63, 100, 8, 0, 45.31%, 0, 0, 8, 817.50, 1647413, 29
2661, 38, 4, 100, 8, 0, 45.31%, 0, 0, 8, 838.26, 1651569, 29
2666, 38, 52, 100, 8, 0, 45.31%, 0, 0, 8, 834.44, 1655700, 29
2671, 38, 54, 100, 8, 0, 45.31%, 0, 0, 8, 819.51, 1659901, 29
2676, 38, 23, 100, 8, 0, 45.31%, 0, 0, 8, 842.26, 1664077, 29
2681, 38, 63, 100, 7, 0, 45.31%, 0, 0, 8, 836.87, 1668195, 29
2686, 38, 4, 100, 7, 0, 45.31%, 0, 0, 8, 807.17, 1672290, 29
2692, 38, 48, 100, 7, 0, 45.31%, 0, 0, 8, 854.23, 1676710, 29
2697, 38, 92, 100, 7, 0, 45.31%, 0, 0, 8, 833.87, 1680938, 29
2702, 38, 4, 100, 7, 0, 45.31%, 0, 0, 8, 825.96, 1685240, 29
2707, 38, 52, 100, 7, 0, 45.31%, 0, 0, 8, 848.32, 1689502, 29
2712, 39, 4, 100, 7, 0, 45.31%, 0, 0, 8, 828.96, 1693627, 29
2717, 39, 52, 101, 8, 0, 45.31%, 0, 0, 8, 833.98, 1697858, 29
2722, 39, 54, 101, 8, 0, 45.31%, 0, 0, 8, 821.20, 1702036, 29
2727, 39, 22, 101, 8, 0, 45.31%, 0, 0, 8, 801.38, 1706117, 29
2732, 39, 4, 101, 8, 0, 45.31%, 0, 0, 8, 813.73, 1710456, 29
2737, 39, 4, 101, 8, 0, 45.31%, 0, 0, 8, 807.94, 1714545, 29
2742, 39, 54, 101, 8, 0, 45.31%, 0, 0, 8, 827.53, 1718721, 29
2747, 39, 52, 101, 8, 0, 45.31%, 0, 0, 8, 804.25, 1722882, 29
2753, 39, 52, 101, 8, 0, 45.31%, 0, 0, 8, 839.70, 1727324, 29
2758, 39, 4, 101, 8, 0, 45.31%, 0, 0, 8, 801.49, 1731376, 29
2763, 40, 54, 101, 8, 0, 45.31%, 0, 0, 8, 841.72, 1735805, 29
2768, 40, 52, 101, 8, 0, 45.31%, 0, 0, 8, 810.06, 1739883, 29
2773, 40, 52, 101, 8, 0, 45.31%, 0, 0, 8, 815.37, 1744025, 29
2778, 40, 54, 101, 8, 0, 45.31%, 0, 0, 8, 806.26, 1748104, 29
2783, 40, 54, 101, 8, 0, 45.31%, 0, 0, 8, 830.73, 1752444, 29
2788, 40, 63, 101, 8, 0, 45.31%, 0, 0, 8, 840.30, 1756620, 29
2793, 40, 24, 101, 8, 0, 45.31%, 0, 0, 8, 805.78, 1760739, 29
2798, 40, 4, 101, 8, 0, 45.31%, 0, 0, 8, 830.09, 1765067, 29
2804, 40, 54, 101, 8, 0, 45.31%, 0, 0, 8, 836.39, 1769355, 29
2809, 40, 92, 101, 8, 0, 45.31%, 0, 0, 8, 827.85, 1773521, 29
2814, 40, 63, 101, 8, 0, 45.31%, 0, 0, 8, 791.84, 1777489, 29
2819, 41, 4, 101, 8, 0, 45.31%, 0, 0, 8, 806.20, 1781793, 29
2824, 41, 52, 101, 8, 0, 45.31%, 0, 0, 8, 830.46, 1786081, 29
2829, 41, 4, 101, 8, 0, 45.31%, 0, 0, 8, 784.63, 1789969, 29
2834, 41, 48, 101, 8, 0, 45.31%, 0, 0, 8, 835.49, 1794428, 29
2839, 41, 54, 101, 8, 0, 45.31%, 0, 0, 8, 838.99, 1798645, 29
2844, 41, 4, 101, 8, 0, 45.31%, 0, 0, 8, 835.03, 1802842, 29
2850, 41, 54, 101, 8, 0, 45.31%, 0, 0, 8, 837.07, 1807183, 29
2855, 41, 4, 101, 8, 0, 45.31%, 0, 0, 8, 853.94, 1811616, 29
2860, 41, 52, 101, 8, 0, 45.31%, 0, 0, 8, 841.74, 1815787, 29
2865, 41, 92, 101, 8, 0, 45.31%, 0, 0, 8, 817.00, 1819922, 29
2870, 42, 63, 101, 8, 0, 45.31%, 0, 0, 8, 824.58, 1824223, 29
2875, 42, 4, 101, 8, 0, 45.31%, 0, 0, 8, 862.65, 1828646, 29
2880, 42, 48, 101, 8, 0, 45.31%, 0, 0, 8, 865.13, 1833038, 29
2885, 42, 4, 101, 8, 0, 45.31%, 0, 0, 8, 845.51, 1837263, 29
2891, 42, 24, 101, 8, 0, 45.31%, 0, 0, 8, 854.89, 1841667, 29
2896, 42, 48, 101, 8, 0, 45.31%, 0, 0, 8, 860.56, 1845938, 29
2901, 42, 54, 101, 8, 0, 45.31%, 0, 0, 8, 850.00, 1850068, 29
2906, 42, 52, 101, 8, 0, 45.31%, 0, 0, 8, 804.27, 1854031, 29
2911, 42, 4, 101, 8, 0, 45.31%, 0, 0, 8, 832.18, 1858258, 29
2916, 42, 4, 101, 8, 0, 45.31%, 0, 0, 8, 840.42, 1862445, 29
2921, 42, 4, 101, 8, 0, 45.31%, 0, 0, 8, 832.15, 1866645, 29
2926, 43, 63, 101, 8, 0, 45.31%, 0, 0, 8, 852.41, 1870894, 29
2931, 43, 54, 101, 8, 0, 45.31%, 0, 0, 8, 837.78, 1875126, 29
2936, 43, 63, 101, 8, 0, 45.31%, 0, 0, 8, 835.96, 1879425, 29
2942, 43, 48, 101, 8, 0, 45.31%, 0, 0, 8, 839.63, 1883729, 29
2947, 43, 48, 101, 8, 0, 45.31%, 0, 0, 8, 832.93, 1887862, 29
2952, 43, 54, 101, 8, 0, 45.31%, 0, 0, 8, 815.77, 1891951, 29
2957, 43, 4, 101, 8, 0, 45.31%, 0, 0, 8, 855.04, 1896360, 29
2962, 43, 54, 101, 8, 0, 45.31%, 0, 0, 8, 851.75, 1900521, 29
2967, 43, 48, 101, 8, 0, 45.31%, 0, 0, 8, 832.96, 1904787, 29
2972, 43, 4, 101, 8, 0, 45.31%, 0, 0, 8, 784.62, 1908752, 29
2977, 43, 100, 101, 8, 0, 45.31%, 0, 0, 8, 685.14, 1912446, 29
2982, 43, 54, 101, 7, 0, 45.31%, 0, 0, 8, 790.44, 1916533, 29
2987, 44, 4, 101, 7, 0, 45.31%, 0, 0, 8, 825.76, 1920929, 29
2993, 44, 54, 101, 7, 0, 45.31%, 0, 0, 8, 823.37, 1925270, 29
2998, 44, 4, 101, 7, 0, 45.31%, 0, 0, 8, 821.49, 1929410, 29
3003, 44, 48, 101, 7, 0, 45.31%, 0, 0, 8, 831.61, 1933799, 29
3008, 44, 4, 101, 7, 0, 45.31%, 0, 0, 8, 850.26, 1938099, 29
3013, 44, 54, 101, 7, 0, 45.31%, 0, 0, 8, 841.54, 1942334, 29
3018, 44, 63, 101, 7, 0, 45.31%, 0, 0, 8, 828.12, 1946457, 29
3023, 44, 4, 101, 7, 0, 45.31%, 0, 0, 8, 799.59, 1950414, 29
3028, 44, 52, 101, 7, 0, 45.31%, 0, 0, 8, 828.75, 1954781, 29
3033, 44, 4, 101, 7, 0, 45.31%, 0, 0, 8, 833.79, 1959178, 29
3038, 44, 4, 101, 7, 0, 45.31%, 0, 0, 8, 798.26, 1963210, 29
3044, 45, 63, 101, 7, 0, 45.31%, 0, 0, 8, 802.20, 1967356, 29
3049, 45, 4, 101, 7, 0, 45.31%, 0, 0, 8, 800.55, 1971416, 29
3054, 45, 54, 101, 7, 0, 45.31%, 0, 0, 8, 849.55, 1975873, 29
3059, 45, 22, 101, 7, 0, 45.31%, 0, 0, 8, 837.98, 1980143, 29
3064, 45, 92, 101, 7, 0, 45.31%, 0, 0, 8, 804.36, 1984149, 29
3069, 45, 4, 101, 7, 0, 45.31%, 0, 0, 8, 805.50, 1988282, 29
3074, 45, 48, 101, 7, 0, 45.31%, 0, 0, 8, 842.16, 1992543, 29
3079, 45, 4, 101, 7, 0, 45.31%, 0, 0, 8, 796.06, 1996677, 29
3085, 45, 4, 101, 7, 0, 45.31%, 0, 0, 8, 782.55, 2000708, 29
3090, 45, 54, 101, 7, 0, 45.31%, 0, 0, 8, 795.51, 2004701, 29
3095, 46, 4, 101, 7, 0, 45.31%, 0, 0, 8, 835.43, 2008864, 29
3099, 46, 52, 101, 7, 0, 45.31%, 1, 0, 8, 0.00, 2012325, 29
