# relative_time, cycles_done, cur_item, corpus_count, pending_total, pending_favs, map_size, saved_crashes, saved_hangs, max_depth, execs_per_sec, total_execs, edges_found
62, 0, 0, 21, 21, 1, 30.43%, 0, 0, 2, 1.55, 3258, 21
93, 0, 0, 22, 22, 1, 30.43%, 0, 0, 2, 4.26, 6492, 21
98, 0, 0, 22, 22, 1, 30.43%, 0, 0, 2, 787.43, 10492, 21
121, 0, 0, 22, 22, 1, 30.43%, 0, 0, 2, 1.39, 11842, 21
126, 0, 0, 22, 22, 1, 30.43%, 0, 0, 2, 768.16, 15802, 21
151, 0, 0, 22, 22, 1, 30.43%, 0, 0, 2, 6.14, 15952, 21
156, 0, 0, 22, 22, 1, 30.43%, 0, 0, 2, 284.03, 19854, 21
177, 0, 0, 22, 22, 1, 30.43%, 0, 0, 2, 1.18, 20212, 21
182, 0, 0, 22, 22, 1, 30.43%, 0, 0, 2, 776.95, 24097, 21
202, 0, 0, 22, 22, 1, 30.43%, 0, 0, 2, 8.28, 24922, 21
208, 0, 0, 22, 22, 1, 30.43%, 0, 0, 2, 797.77, 28972, 21
230, 0, 0, 22, 22, 1, 30.43%, 0, 0, 2, 7.41, 29990, 21
235, 0, 0, 22, 22, 1, 30.43%, 0, 0, 2, 746.30, 33876, 21
259, 0, 0, 22, 22, 1, 30.43%, 0, 0, 2, 6.53, 34552, 21
264, 0, 0, 22, 22, 1, 30.43%, 0, 0, 2, 809.42, 38614, 21
285, 0, 0, 22, 22, 1, 30.43%, 0, 0, 2, 3.14, 40192, 21
290, 0, 0, 22, 22, 1, 30.43%, 0, 0, 2, 771.01, 44062, 21
303, 0, 0, 22, 22, 1, 30.43%, 0, 0, 2, 8.47, 45997, 21
319, 0, 0, 22, 22, 1, 30.43%, 0, 0, 2, 0.36, 46002, 21
324, 0, 0, 23, 23, 1, 31.88%, 0, 0, 2, 814.86, 50205, 22
351, 0, 0, 23, 23, 1, 31.88%, 0, 0, 2, 3.13, 52004, 22
356, 0, 0, 23, 23, 1, 31.88%, 0, 0, 2, 718.72, 55653, 22
382, 0, 0, 23, 23, 1, 31.88%, 0, 0, 2, 6.92, 57329, 22
387, 0, 0, 24, 24, 1, 33.33%, 0, 0, 2, 757.75, 61191, 23
400, 0, 0, 24, 24, 1, 33.33%, 0, 0, 2, 7.79, 62556, 23
407, 0, 0, 24, 24, 1, 33.33%, 0, 0, 2, 10.27, 63441, 23
419, 0, 0, 24, 24, 1, 33.33%, 0, 0, 2, 0.75, 63455, 23
424, 0, 0, 25, 25, 1, 33.33%, 0, 0, 2, 795.68, 67543, 23
445, 0, 0, 25, 25, 1, 33.33%, 0, 0, 2, 0.06, 68828, 23
450, 0, 0, 27, 27, 1, 37.68%, 0, 0, 2, 761.36, 72681, 26
470, 0, 0, 27, 27, 1, 37.68%, 0, 0, 2, 7.19, 74035, 26
476, 0, 0, 27, 27, 1, 37.68%, 0, 0, 2, 765.99, 77922, 26
488, 0, 0, 27, 27, 1, 37.68%, 0, 0, 2, 8.77, 78522, 26
505, 0, 0, 27, 27, 1, 37.68%, 0, 0, 2, 12.08, 82002, 26
510, 0, 0, 28, 28, 1, 39.13%, 0, 0, 2, 750.14, 85984, 27
526, 0, 0, 28, 28, 1, 39.13%, 0, 0, 2, 9.92, 87754, 27
531, 0, 0, 28, 28, 1, 39.13%, 0, 0, 2, 773.48, 91729, 27
547, 0, 0, 28, 28, 1, 39.13%, 0, 0, 2, 7.57, 93889, 27
552, 0, 0, 28, 28, 1, 39.13%, 0, 0, 2, 823.04, 97984, 27
562, 0, 0, 28, 28, 1, 39.13%, 0, 0, 2, 4.58, 99952, 27
575, 0, 0, 29, 29, 1, 39.13%, 0, 0, 2, 10.88, 103316, 27
580, 0, 0, 29, 29, 1, 39.13%, 0, 0, 2, 830.90, 107463, 27
589, 0, 0, 29, 29, 1, 39.13%, 0, 0, 2, 27.47, 109735, 27
601, 0, 0, 29, 29, 1, 39.13%, 0, 0, 2, 12.39, 113783, 27
606, 0, 0, 29, 29, 1, 39.13%, 0, 0, 2, 815.98, 117879, 27
613, 0, 0, 30, 30, 1, 40.58%, 0, 0, 2, 25.08, 120094, 28
618, 0, 0, 30, 30, 1, 40.58%, 0, 0, 2, 827.19, 124126, 28
629, 0, 0, 30, 30, 1, 40.58%, 0, 0, 2, 8.83, 126862, 28
634, 0, 0, 30, 30, 1, 40.58%, 0, 0, 2, 803.78, 130983, 28
649, 0, 0, 30, 30, 1, 40.58%, 0, 0, 2, 3.23, 134244, 28
654, 0, 0, 30, 30, 1, 40.58%, 0, 0, 2, 841.52, 138590, 28
660, 0, 0, 30, 30, 1, 40.58%, 0, 0, 2, 16.00, 141854, 28
665, 0, 0, 30, 30, 1, 40.58%, 0, 0, 2, 806.27, 145854, 28
673, 0, 0, 30, 30, 1, 40.58%, 0, 0, 2, 18.65, 147288, 28
678, 0, 0, 30, 30, 1, 40.58%, 0, 0, 2, 813.10, 151198, 28
683, 0, 0, 30, 30, 1, 40.58%, 0, 0, 2, 797.73, 155298, 28
688, 0, 0, 30, 30, 1, 40.58%, 0, 0, 2, 810.25, 159438, 28
694, 0, 0, 30, 30, 1, 40.58%, 0, 0, 2, 8.11, 161694, 28
699, 0, 0, 30, 30, 1, 40.58%, 0, 0, 2, 818.81, 165678, 28
704, 0, 0, 30, 30, 1, 40.58%, 0, 0, 2, 792.69, 168303, 28
709, 0, 0, 30, 30, 1, 40.58%, 0, 0, 2, 821.72, 172462, 28
714, 0, 0, 30, 30, 1, 40.58%, 0, 0, 2, 824.98, 176670, 28
719, 0, 0, 30, 30, 1, 40.58%, 0, 0, 2, 816.82, 180686, 28
725, 0, 0, 30, 30, 1, 40.58%, 0, 0, 2, 788.42, 184798, 28
733, 0, 26, 40, 35, 5, 42.03%, 0, 0, 3, 8.56, 188271, 29
739, 0, 37, 50, 39, 0, 42.03%, 0, 0, 4, 824.23, 192378, 29
744, 0, 43, 56, 45, 0, 42.03%, 0, 0, 4, 843.78, 196598, 29
749, 0, 22, 57, 46, 0, 42.03%, 0, 0, 4, 663.88, 200876, 29
754, 0, 23, 58, 45, 0, 42.03%, 0, 0, 4, 774.94, 204787, 29
760, 0, 57, 59, 46, 0, 42.03%, 0, 0, 5, 23.29, 207688, 29
765, 0, 53, 59, 46, 0, 42.03%, 0, 0, 5, 766.80, 211704, 29
770, 0, 22, 59, 46, 0, 42.03%, 0, 0, 5, 767.14, 215665, 29
775, 0, 28, 60, 47, 0, 42.03%, 0, 0, 5, 794.66, 219938, 29
781, 0, 30, 60, 47, 0, 42.03%, 0, 0, 5, 805.51, 224178, 29
787, 0, 30, 60, 47, 0, 42.03%, 0, 0, 5, 7.88, 227398, 29
792, 0, 53, 60, 47, 0, 42.03%, 0, 0, 5, 838.60, 231525, 29
797, 1, 53, 61, 47, 0, 42.03%, 0, 0, 5, 829.26, 235814, 29
802, 1, 25, 66, 51, 0, 42.03%, 0, 0, 5, 832.17, 239958, 29
807, 1, 29, 66, 51, 0, 42.03%, 0, 0, 5, 765.94, 243778, 29
814, 1, 63, 66, 51, 0, 42.03%, 0, 0, 5, 6.72, 246453, 29
819, 1, 23, 67, 50, 0, 42.03%, 0, 0, 5, 831.75, 250823, 29
825, 1, 23, 68, 50, 0, 42.03%, 0, 0, 5, 862.47, 255155, 29
830, 1, 53, 70, 52, 0, 42.03%, 0, 0, 5, 863.19, 259402, 29
835, 1, 37, 72, 52, 0, 42.03%, 0, 0, 5, 816.87, 263488, 29
840, 2, 57, 76, 55, 0, 42.03%, 0, 0, 5, 807.62, 267449, 29
845, 2, 81, 83, 62, 0, 42.03%, 0, 0, 5, 799.71, 271440, 29
850, 2, 59, 84, 62, 0, 42.03%, 0, 0, 5, 822.14, 275543, 29
855, 2, 53, 87, 65, 0, 42.03%, 0, 0, 5, 823.72, 279711, 29
860, 2, 33, 89, 65, 0, 42.03%, 0, 0, 5, 808.24, 283833, 29
865, 2, 22, 91, 66, 0, 42.03%, 0, 0, 5, 777.73, 287808, 29
870, 2, 64, 95, 68, 0, 42.03%, 0, 0, 6, 782.16, 291840, 29
876, 2, 37, 95, 66, 0, 42.03%, 0, 0, 6, 788.47, 296023, 29
881, 2, 79, 95, 65, 0, 42.03%, 0, 0, 6, 797.59, 300114, 29
886, 2, 37, 95, 63, 0, 42.03%, 0, 0, 6, 796.32, 304154, 29
891, 2, 37, 95, 63, 0, 42.03%, 0, 0, 6, 787.75, 308127, 29
896, 2, 37, 97, 64, 0, 42.03%, 0, 0, 6, 802.39, 312214, 29
901, 3, 37, 98, 65, 0, 42.03%, 0, 0, 6, 772.68, 316013, 29
906, 3, 50, 99, 64, 0, 42.03%, 0, 0, 6, 822.12, 320333, 29
911, 3, 37, 99, 63, 0, 42.03%, 0, 0, 6, 812.21, 324489, 29
916, 3, 37, 99, 63, 0, 42.03%, 0, 0, 6, 832.18, 328747, 29
921, 3, 57, 99, 63, 0, 42.03%, 0, 0, 6, 841.59, 332501, 29
926, 3, 45, 99, 62, 0, 42.03%, 0, 0, 6, 818.40, 336565, 29
931, 3, 70, 99, 61, 0, 42.03%, 0, 0, 6, 812.77, 340687, 29
937, 3, 53, 99, 61, 0, 42.03%, 0, 0, 6, 823.98, 344960, 29
942, 3, 37, 99, 61, 0, 42.03%, 0, 0, 6, 776.53, 349036, 29
947, 3, 45, 100, 61, 0, 42.03%, 0, 0, 6, 764.55, 353061, 29
952, 3, 37, 100, 61, 0, 42.03%, 0, 0, 6, 760.20, 357133, 29
957, 3, 53, 100, 59, 0, 42.03%, 0, 0, 6, 836.47, 360773, 29
962, 4, 37, 100, 59, 0, 42.03%, 0, 0, 6, 827.95, 364900, 29
967, 4, 82, 100, 59, 0, 42.03%, 0, 0, 6, 811.52, 368986, 29
972, 4, 53, 100, 58, 0, 42.03%, 0, 0, 6, 803.21, 373181, 29
978, 4, 87, 100, 58, 0, 42.03%, 0, 0, 6, 791.00, 377297, 29
980, 4, 45, 100, 57, 0, 42.03%, 1, 0, 6, 0.00, 379033, 29
