# relative_time, cycles_done, cur_item, corpus_count, pending_total, pending_favs, map_size, saved_crashes, saved_hangs, max_depth, execs_per_sec, total_execs, edges_found
64, 0, 28, 40, 28, 0, 40.58%, 0, 0, 4, 848.06, 36743, 28
69, 0, 23, 45, 33, 0, 40.58%, 0, 0, 4, 858.02, 41260, 28
74, 0, 0, 49, 37, 0, 40.58%, 0, 0, 4, 840.71, 45565, 28
87, 0, 0, 49, 37, 0, 40.58%, 0, 0, 4, 4.87, 47491, 28
92, 1, 29, 49, 37, 0, 40.58%, 0, 0, 4, 885.37, 52051, 28
97, 1, 0, 49, 37, 0, 40.58%, 0, 0, 4, 863.83, 56324, 28
102, 1, 0, 49, 36, 0, 40.58%, 0, 0, 4, 864.72, 60637, 28
107, 1, 0, 49, 35, 0, 40.58%, 0, 0, 4, 865.84, 64946, 28
112, 1, 0, 51, 36, 0, 40.58%, 0, 0, 5, 812.02, 68924, 28
121, 1, 0, 51, 36, 0, 40.58%, 0, 0, 5, 35.83, 71994, 28
126, 2, 0, 51, 36, 0, 40.58%, 0, 0, 5, 872.45, 76484, 28
131, 2, 30, 51, 36, 0, 40.58%, 0, 0, 5, 861.85, 80731, 28
136, 2, 28, 51, 35, 0, 40.58%, 0, 0, 5, 872.46, 85184, 28
141, 2, 0, 51, 35, 0, 40.58%, 0, 0, 5, 857.81, 89524, 28
147, 2, 28, 51, 33, 0, 40.58%, 0, 0, 5, 854.59, 93960, 28
155, 2, 0, 51, 33, 0, 40.58%, 0, 0, 5, 18.06, 96807, 28
160, 3, 0, 52, 33, 0, 42.03%, 0, 0, 5, 833.88, 101065, 29
165, 3, 51, 55, 36, 0, 42.03%, 0, 0, 6, 885.35, 105373, 29
170, 3, 51, 55, 36, 0, 42.03%, 0, 0, 6, 854.61, 109643, 29
175, 3, 0, 56, 37, 0, 42.03%, 0, 0, 6, 877.09, 114140, 29
180, 3, 0, 56, 37, 0, 42.03%, 0, 0, 6, 857.21, 118341, 29
186, 3, 51, 56, 37, 0, 42.03%, 0, 0, 6, 873.45, 122589, 29
191, 3, 0, 56, 37, 0, 42.03%, 0, 0, 6, 878.68, 127105, 29
196, 3, 25, 56, 37, 0, 42.03%, 0, 0, 6, 867.45, 131395, 29
201, 4, 0, 56, 36, 0, 42.03%, 0, 0, 6, 863.00, 135782, 29
206, 4, 13, 56, 36, 0, 42.03%, 0, 0, 6, 855.27, 139996, 29
211, 4, 0, 57, 37, 0, 42.03%, 0, 0, 6, 842.48, 144181, 29
216, 4, 31, 57, 36, 0, 42.03%, 0, 0, 6, 877.57, 148607, 29
221, 4, 0, 57, 36, 0, 42.03%, 0, 0, 6, 860.86, 152863, 29
228, 4, 0, 57, 36, 0, 42.03%, 0, 0, 6, 26.65, 155986, 29
233, 5, 0, 57, 36, 0, 42.03%, 0, 0, 6, 874.05, 160619, 29
238, 5, 0, 57, 36, 0, 42.03%, 0, 0, 6, 888.80, 165007, 29
243, 5, 0, 57, 36, 0, 42.03%, 0, 0, 6, 873.32, 169275, 29
248, 5, 0, 57, 36, 0, 42.03%, 0, 0, 6, 913.91, 173701, 29
254, 5, 13, 57, 36, 0, 42.03%, 0, 0, 6, 902.77, 178247, 29
259, 5, 0, 58, 37, 0, 42.03%, 0, 0, 6, 866.52, 182549, 29
264, 5, 0, 58, 37, 0, 42.03%, 0, 0, 6, 136.00, 186908, 29
269, 6, 0, 58, 37, 0, 42.03%, 0, 0, 6, 849.39, 189776, 29
274, 6, 0, 58, 36, 0, 42.03%, 0, 0, 6, 900.50, 193841, 29
279, 6, 51, 58, 36, 0, 42.03%, 0, 0, 6, 864.83, 198282, 29
284, 6, 15, 58, 36, 0, 42.03%, 0, 0, 6, 856.14, 202669, 29
289, 6, 0, 58, 36, 0, 42.03%, 0, 0, 6, 859.59, 206924, 29
295, 6, 0, 58, 36, 0, 42.03%, 0, 0, 6, 881.47, 211498, 29
300, 7, 13, 58, 35, 0, 42.03%, 0, 0, 6, 886.43, 215886, 29
306, 7, 51, 58, 34, 0, 42.03%, 0, 0, 6, 97.33, 220028, 29
311, 7, 0, 58, 34, 0, 42.03%, 0, 0, 6, 861.20, 224505, 29
317, 7, 0, 58, 34, 0, 42.03%, 0, 0, 6, 881.77, 228911, 29
322, 7, 0, 58, 34, 0, 42.03%, 0, 0, 6, 889.82, 233384, 29
327, 7, 0, 58, 34, 0, 42.03%, 0, 0, 6, 879.18, 237824, 29
332, 8, 0, 58, 34, 0, 42.03%, 0, 0, 6, 857.35, 242078, 29
337, 8, 0, 58, 34, 0, 42.03%, 0, 0, 6, 883.55, 246552, 29
342, 8, 0, 58, 34, 0, 42.03%, 0, 0, 6, 909.70, 250901, 29
347, 8, 23, 58, 33, 0, 42.03%, 0, 0, 6, 886.36, 255167, 29
352, 8, 0, 58, 33, 0, 42.03%, 0, 0, 6, 880.72, 259466, 29
357, 8, 0, 58, 32, 0, 42.03%, 0, 0, 6, 888.03, 263872, 29
362, 9, 0, 58, 32, 0, 42.03%, 0, 0, 6, 872.64, 268112, 29
368, 9, 0, 58, 32, 0, 42.03%, 0, 0, 6, 894.52, 272670, 29
373, 9, 0, 58, 32, 0, 42.03%, 0, 0, 6, 906.00, 277294, 29
378, 9, 30, 58, 32, 0, 42.03%, 0, 0, 6, 903.30, 281806, 29
383, 9, 0, 58, 31, 0, 42.03%, 0, 0, 6, 905.83, 286345, 29
388, 9, 0, 58, 31, 0, 42.03%, 0, 0, 6, 927.60, 290801, 29
393, 10, 30, 58, 31, 0, 42.03%, 0, 0, 6, 925.79, 295278, 29
398, 10, 0, 58, 31, 0, 42.03%, 0, 0, 6, 908.52, 299668, 29
403, 10, 25, 58, 29, 0, 42.03%, 0, 0, 6, 896.37, 304138, 29
408, 10, 51, 58, 29, 0, 42.03%, 0, 0, 6, 901.49, 308561, 29
413, 10, 0, 59, 29, 0, 42.03%, 0, 0, 6, 913.65, 313113, 29
419, 10, 0, 59, 28, 0, 42.03%, 0, 0, 6, 909.58, 317660, 29
424, 11, 51, 59, 28, 0, 42.03%, 0, 0, 6, 923.37, 322129, 29
429, 11, 0, 59, 27, 0, 42.03%, 0, 0, 6, 876.30, 326496, 29
434, 11, 0, 59, 27, 0, 42.03%, 0, 0, 6, 82.57, 330997, 29
439, 11, 0, 59, 27, 0, 42.03%, 0, 0, 6, 887.98, 335648, 29
444, 11, 28, 59, 26, 0, 42.03%, 0, 0, 6, 880.00, 340078, 29
449, 11, 0, 59, 25, 0, 42.03%, 0, 0, 6, 885.00, 344545, 29
454, 12, 0, 59, 25, 0, 42.03%, 0, 0, 6, 879.24, 349215, 29
459, 12, 13, 59, 25, 0, 42.03%, 0, 0, 6, 892.25, 353701, 29
464, 12, 28, 59, 25, 0, 42.03%, 0, 0, 6, 901.04, 358389, 29
470, 12, 0, 59, 24, 0, 42.03%, 0, 0, 6, 895.77, 363084, 29
475, 12, 30, 59, 24, 0, 42.03%, 0, 0, 6, 884.64, 367678, 29
480, 13, 34, 59, 24, 0, 42.03%, 0, 0, 6, 872.57, 372037, 29
485, 13, 0, 59, 24, 0, 42.03%, 0, 0, 6, 891.43, 376684, 29
490, 13, 0, 59, 24, 0, 42.03%, 0, 0, 6, 897.16, 381314, 29
495, 13, 0, 59, 24, 0, 42.03%, 0, 0, 6, 906.40, 385828, 29
500, 13, 0, 59, 24, 0, 42.03%, 0, 0, 6, 871.36, 390415, 29
505, 13, 30, 60, 25, 0, 42.03%, 0, 0, 6, 898.63, 394911, 29
510, 13, 0, 60, 24, 0, 42.03%, 0, 0, 6, 929.69, 399477, 29
516, 14, 51, 60, 23, 0, 42.03%, 0, 0, 6, 914.29, 404093, 29
521, 14, 0, 60, 23, 0, 42.03%, 0, 0, 6, 902.16, 408662, 29
526, 14, 0, 60, 23, 0, 42.03%, 0, 0, 6, 916.12, 413392, 29
531, 14, 28, 60, 23, 0, 42.03%, 0, 0, 6, 559.83, 418056, 29
536, 14, 0, 60, 23, 0, 42.03%, 0, 0, 6, 840.85, 422606, 29
541, 14, 0, 60, 23, 0, 42.03%, 0, 0, 6, 882.70, 427105, 29
546, 15, 0, 60, 23, 0, 42.03%, 0, 0, 6, 891.76, 431684, 29
551, 15, 0, 60, 23, 0, 42.03%, 0, 0, 6, 611.31, 436374, 29
557, 15, 0, 60, 23, 0, 42.03%, 0, 0, 6, 855.85, 441058, 29
562, 15, 13, 60, 23, 0, 42.03%, 0, 0, 6, 897.17, 445598, 29
567, 15, 25, 60, 23, 0, 42.03%, 0, 0, 6, 926.50, 450140, 29
572, 15, 0, 60, 22, 0, 42.03%, 0, 0, 6, 916.95, 454633, 29
577, 16, 0, 60, 22, 0, 42.03%, 0, 0, 6, 923.20, 459342, 29
582, 16, 0, 60, 21, 0, 42.03%, 0, 0, 6, 894.25, 463816, 29
587, 16, 13, 60, 21, 0, 42.03%, 0, 0, 6, 880.88, 468272, 29
592, 16, 13, 60, 21, 0, 42.03%, 0, 0, 6, 925.43, 473043, 29
597, 16, 0, 60, 21, 0, 42.03%, 0, 0, 6, 926.44, 477601, 29
602, 16, 0, 62, 23, 0, 42.03%, 0, 0, 6, 925.08, 482313, 29
607, 16, 0, 76, 37, 0, 42.03%, 0, 0, 6, 907.51, 486814, 29
613, 16, 51, 77, 38, 0, 42.03%, 0, 0, 6, 912.27, 491447, 29
618, 16, 72, 81, 42, 0, 42.03%, 0, 0, 6, 915.01, 496021, 29
623, 16, 0, 82, 41, 0, 42.03%, 0, 0, 6, 925.64, 500631, 29
628, 16, 0, 83, 41, 0, 42.03%, 0, 0, 6, 928.76, 505212, 29
633, 17, 0, 84, 42, 0, 42.03%, 0, 0, 6, 927.64, 509811, 29
638, 17, 0, 84, 41, 0, 42.03%, 0, 0, 6, 925.75, 514395, 29
643, 17, 0, 84, 41, 0, 42.03%, 0, 0, 6, 923.65, 519004, 29
648, 17, 0, 85, 42, 0, 42.03%, 0, 0, 6, 934.02, 523741, 29
653, 17, 0, 85, 41, 0, 42.03%, 0, 0, 6, 927.79, 528510, 29
658, 17, 28, 86, 42, 0, 42.03%, 0, 0, 6, 932.17, 533299, 29
663, 17, 28, 86, 41, 0, 42.03%, 0, 0, 6, 937.59, 537914, 29
668, 17, 67, 87, 42, 0, 42.03%, 0, 0, 6, 937.72, 542570, 29
674, 17, 78, 87, 41, 0, 42.03%, 0, 0, 6, 905.11, 547208, 29
679, 18, 0, 87, 40, 0, 42.03%, 0, 0, 6, 903.99, 551827, 29
684, 18, 0, 87, 39, 0, 42.03%, 0, 0, 6, 905.50, 556618, 29
689, 18, 0, 87, 39, 0, 42.03%, 0, 0, 6, 910.56, 561281, 29
694, 18, 0, 88, 40, 0, 42.03%, 0, 0, 6, 913.56, 565966, 29
699, 18, 28, 88, 40, 0, 42.03%, 0, 0, 6, 909.53, 570610, 29
704, 18, 30, 88, 40, 0, 42.03%, 0, 0, 6, 912.03, 575272, 29
709, 18, 0, 88, 40, 0, 42.03%, 0, 0, 6, 917.27, 579970, 29
714, 18, 0, 88, 40, 0, 42.03%, 0, 0, 6, 922.04, 584632, 29
719, 19, 0, 88, 40, 0, 42.03%, 0, 0, 6, 921.28, 589312, 29
724, 19, 0, 88, 40, 0, 42.03%, 0, 0, 6, 918.35, 593975, 29
729, 19, 0, 88, 40, 0, 42.03%, 0, 0, 6, 916.56, 598602, 29
734, 19, 0, 88, 40, 0, 42.03%, 0, 0, 6, 929.22, 603372, 29
739, 19, 70, 88, 40, 0, 42.03%, 0, 0, 6, 915.18, 608031, 29
744, 19, 28, 88, 39, 0, 42.03%, 0, 0, 6, 913.69, 612655, 29
750, 19, 0, 88, 39, 0, 42.03%, 0, 0, 6, 917.38, 617442, 29
755, 19, 0, 89, 40, 0, 42.03%, 0, 0, 6, 921.58, 622095, 29
760, 19, 34, 90, 41, 0, 42.03%, 0, 0, 6, 916.77, 626915, 29
765, 20, 0, 90, 41, 0, 42.03%, 0, 0, 6, 926.90, 631752, 29
770, 20, 25, 93, 43, 0, 42.03%, 0, 0, 6, 901.86, 636302, 29
775, 20, 17, 93, 40, 0, 42.03%, 0, 0, 6, 884.00, 640746, 29
780, 20, 74, 93, 37, 0, 42.03%, 0, 0, 6, 862.10, 645208, 29
785, 20, 68, 93, 35, 0, 42.03%, 0, 0, 6, 775.70, 648915, 29
791, 20, 93, 95, 32, 0, 42.03%, 0, 0, 6, 735.40, 652926, 29
796, 20, 93, 95, 32, 0, 42.03%, 0, 0, 6, 413.57, 654520, 29
801, 20, 31, 95, 30, 0, 42.03%, 0, 0, 6, 665.18, 657650, 29
806, 20, 0, 95, 28, 0, 42.03%, 0, 0, 6, 845.33, 662081, 29
811, 20, 0, 95, 28, 0, 42.03%, 0, 0, 6, 903.37, 666693, 29
816, 20, 0, 95, 28, 0, 42.03%, 0, 0, 6, 914.62, 671307, 29
821, 20, 0, 95, 28, 0, 42.03%, 0, 0, 6, 914.87, 676051, 29
826, 20, 0, 95, 28, 0, 42.03%, 0, 0, 6, 914.13, 680615, 29
831, 21, 0, 95, 28, 0, 42.03%, 0, 0, 6, 924.56, 685244, 29
836, 21, 0, 95, 28, 0, 42.03%, 0, 0, 6, 919.24, 689987, 29
841, 21, 0, 96, 29, 0, 42.03%, 0, 0, 6, 897.50, 694490, 29
846, 21, 0, 96, 29, 0, 42.03%, 0, 0, 6, 919.59, 699135, 29
851, 21, 0, 97, 30, 0, 42.03%, 0, 0, 6, 874.28, 703545, 29
856, 21, 0, 97, 30, 0, 42.03%, 0, 0, 6, 923.66, 708361, 29
861, 21, 0, 97, 30, 0, 42.03%, 0, 0, 6, 926.40, 712997, 29
867, 21, 28, 97, 30, 0, 42.03%, 0, 0, 6, 884.17, 717543, 29
872, 21, 17, 97, 30, 0, 42.03%, 0, 0, 6, 924.21, 722215, 29
877, 21, 34, 97, 30, 0, 42.03%, 0, 0, 6, 908.35, 726734, 29
882, 22, 28, 97, 30, 0, 42.03%, 0, 0, 6, 881.93, 731286, 29
887, 22, 0, 97, 30, 0, 42.03%, 0, 0, 6, 893.08, 735781, 29
892, 22, 30, 97, 30, 0, 42.03%, 0, 0, 6, 914.91, 740473, 29
897, 22, 0, 97, 30, 0, 42.03%, 0, 0, 6, 918.89, 745089, 29
902, 22, 0, 97, 30, 0, 42.03%, 0, 0, 6, 890.90, 749648, 29
907, 22, 0, 97, 30, 0, 42.03%, 0, 0, 6, 915.09, 754234, 29
912, 22, 0, 97, 30, 0, 42.03%, 0, 0, 6, 927.87, 758878, 29
917, 22, 0, 97, 30, 0, 42.03%, 0, 0, 6, 934.95, 763585, 29
923, 22, 0, 97, 30, 0, 42.03%, 0, 0, 6, 922.64, 768194, 29
928, 23, 0, 97, 30, 0, 42.03%, 0, 0, 6, 924.95, 772820, 29
933, 23, 0, 97, 30, 0, 42.03%, 0, 0, 6, 916.34, 777312, 29
938, 23, 94, 97, 30, 0, 42.03%, 0, 0, 6, 807.24, 781448, 29
943, 23, 34, 97, 28, 0, 42.03%, 0, 0, 6, 877.25, 785812, 29
948, 23, 0, 97, 28, 0, 42.03%, 0, 0, 6, 918.81, 790482, 29
953, 23, 0, 97, 28, 0, 42.03%, 0, 0, 6, 914.14, 795065, 29
958, 23, 0, 97, 28, 0, 42.03%, 0, 0, 6, 934.50, 799916, 29
963, 23, 0, 97, 28, 0, 42.03%, 0, 0, 6, 926.12, 804491, 29
968, 23, 28, 97, 27, 0, 42.03%, 0, 0, 6, 925.63, 809263, 29
973, 23, 0, 97, 27, 0, 42.03%, 0, 0, 6, 919.48, 813781, 29
978, 23, 34, 97, 27, 0, 42.03%, 0, 0, 6, 933.27, 818425, 29
983, 24, 0, 97, 27, 0, 42.03%, 0, 0, 6, 914.18, 823026, 29
988, 24, 0, 97, 27, 0, 42.03%, 0, 0, 6, 908.07, 827608, 29
993, 24, 0, 97, 27, 0, 42.03%, 0, 0, 6, 887.44, 832119, 29
999, 24, 0, 97, 27, 0, 42.03%, 0, 0, 6, 905.41, 836884, 29
1004, 24, 0, 97, 27, 0, 42.03%, 0, 0, 6, 909.97, 841530, 29
1009, 24, 0, 97, 27, 0, 42.03%, 0, 0, 6, 899.31, 846154, 29
1014, 24, 0, 97, 27, 0, 42.03%, 0, 0, 6, 908.44, 850819, 29
1019, 24, 0, 97, 27, 0, 42.03%, 0, 0, 6, 910.90, 855437, 29
1024, 24, 0, 97, 27, 0, 42.03%, 0, 0, 6, 901.68, 860008, 29
1029, 25, 0, 97, 27, 0, 42.03%, 0, 0, 6, 901.80, 864771, 29
1034, 25, 30, 97, 27, 0, 42.03%, 0, 0, 6, 882.64, 869252, 29
1039, 25, 25, 97, 26, 0, 42.03%, 0, 0, 6, 870.48, 873710, 29
1044, 25, 0, 97, 26, 0, 42.03%, 0, 0, 6, 888.99, 878354, 29
1050, 25, 0, 97, 26, 0, 42.03%, 0, 0, 6, 890.57, 882980, 29
1055, 25, 34, 97, 26, 0, 42.03%, 0, 0, 6, 885.40, 887598, 29
1060, 25, 0, 97, 26, 0, 42.03%, 0, 0, 6, 900.57, 892164, 29
1065, 25, 82, 97, 26, 0, 42.03%, 0, 0, 6, 862.22, 896472, 29
1070, 25, 0, 97, 25, 0, 42.03%, 0, 0, 6, 878.54, 900895, 29
1075, 25, 0, 98, 26, 0, 42.03%, 0, 0, 6, 889.78, 905491, 29
1080, 25, 0, 98, 26, 0, 42.03%, 0, 0, 6, 896.40, 910133, 29
1085, 26, 0, 98, 26, 0, 42.03%, 0, 0, 6, 897.49, 914809, 29
1090, 26, 0, 98, 26, 0, 42.03%, 0, 0, 6, 885.36, 919287, 29
1096, 26, 0, 98, 26, 0, 42.03%, 0, 0, 6, 897.05, 923898, 29
1101, 26, 0, 98, 26, 0, 42.03%, 0, 0, 6, 889.37, 928391, 29
1106, 26, 0, 98, 26, 0, 42.03%, 0, 0, 6, 898.79, 933034, 29
1111, 26, 0, 98, 26, 0, 42.03%, 0, 0, 6, 885.55, 937457, 29
1116, 26, 0, 98, 26, 0, 42.03%, 0, 0, 6, 885.66, 942031, 29
1121, 26, 0, 98, 25, 0, 42.03%, 0, 0, 6, 884.94, 946420, 29
1126, 26, 0, 98, 25, 0, 42.03%, 0, 0, 6, 884.00, 950906, 29
1131, 27, 0, 98, 25, 0, 42.03%, 0, 0, 6, 894.84, 955498, 29
1136, 27, 28, 98, 24, 0, 42.03%, 0, 0, 6, 885.74, 960080, 29
1142, 27, 51, 98, 24, 0, 42.03%, 0, 0, 6, 878.03, 964550, 29
1147, 27, 0, 98, 24, 0, 42.03%, 0, 0, 6, 908.80, 969226, 29
1152, 27, 0, 98, 24, 0, 42.03%, 0, 0, 6, 905.74, 973897, 29
1157, 27, 0, 98, 24, 0, 42.03%, 0, 0, 6, 903.55, 978569, 29
1162, 27, 0, 98, 24, 0, 42.03%, 0, 0, 6, 901.53, 983186, 29
1167, 27, 0, 98, 24, 0, 42.03%, 0, 0, 6, 892.76, 987641, 29
1172, 27, 0, 98, 24, 0, 42.03%, 0, 0, 6, 901.90, 992259, 29
1177, 27, 0, 98, 24, 0, 42.03%, 0, 0, 6, 899.68, 996759, 29
1182, 28, 0, 98, 24, 0, 42.03%, 0, 0, 6, 903.00, 1001251, 29
1188, 28, 0, 98, 24, 0, 42.03%, 0, 0, 6, 905.89, 1005968, 29
1193, 28, 0, 98, 24, 0, 42.03%, 0, 0, 6, 904.63, 1010630, 29
1198, 28, 0, 98, 24, 0, 42.03%, 0, 0, 6, 889.96, 1015201, 29
1203, 28, 51, 98, 24, 0, 42.03%, 0, 0, 6, 891.95, 1019657, 29
1208, 28, 0, 98, 24, 0, 42.03%, 0, 0, 6, 866.82, 1024104, 29
1213, 28, 0, 98, 23, 0, 42.03%, 0, 0, 6, 859.27, 1028538, 29
1219, 28, 0, 98, 23, 0, 42.03%, 0, 0, 6, 896.32, 1033164, 29
1224, 28, 0, 98, 23, 0, 42.03%, 0, 0, 6, 894.81, 1037669, 29
1229, 28, 0, 98, 23, 0, 42.03%, 0, 0, 6, 863.11, 1042043, 29
1234, 29, 25, 98, 22, 0, 42.03%, 0, 0, 6, 864.16, 1046589, 29
1239, 29, 31, 98, 22, 0, 42.03%, 0, 0, 6, 872.84, 1051130, 29
1244, 29, 0, 98, 22, 0, 42.03%, 0, 0, 6, 880.82, 1055688, 29
1249, 29, 0, 98, 22, 0, 42.03%, 0, 0, 6, 861.21, 1060029, 29
1254, 29, 23, 98, 22, 0, 42.03%, 0, 0, 6, 884.14, 1064637, 29
1259, 29, 51, 98, 22, 0, 42.03%, 0, 0, 6, 861.65, 1068968, 29
1264, 29, 28, 98, 22, 0, 42.03%, 0, 0, 6, 868.90, 1073506, 29
1270, 29, 0, 98, 22, 0, 42.03%, 0, 0, 6, 880.59, 1078099, 29
1275, 29, 0, 98, 22, 0, 42.03%, 0, 0, 6, 884.43, 1082745, 29
1280, 29, 0, 98, 22, 0, 42.03%, 0, 0, 6, 891.38, 1087375, 29
1285, 30, 0, 98, 22, 0, 42.03%, 0, 0, 6, 890.87, 1091847, 29
1290, 30, 0, 98, 22, 0, 42.03%, 0, 0, 6, 893.58, 1096480, 29
1295, 30, 0, 98, 22, 0, 42.03%, 0, 0, 6, 897.98, 1100985, 29
1300, 30, 0, 98, 22, 0, 42.03%, 0, 0, 6, 890.83, 1105611, 29
1305, 30, 9, 98, 22, 0, 42.03%, 0, 0, 6, 898.39, 1110106, 29
1311, 30, 0, 98, 21, 0, 42.03%, 0, 0, 6, 889.05, 1114688, 29
1316, 30, 0, 98, 21, 0, 42.03%, 0, 0, 6, 895.37, 1119346, 29
1321, 30, 0, 98, 21, 0, 42.03%, 0, 0, 6, 903.68, 1124005, 29
1326, 30, 0, 98, 21, 0, 42.03%, 0, 0, 6, 870.09, 1128480, 29
1331, 30, 0, 98, 21, 0, 42.03%, 0, 0, 6, 908.42, 1133024, 29
1336, 31, 16, 98, 21, 0, 42.03%, 0, 0, 6, 883.56, 1137454, 29
1341, 31, 0, 98, 21, 0, 42.03%, 0, 0, 6, 903.72, 1142151, 29
1346, 31, 0, 98, 21, 0, 42.03%, 0, 0, 6, 922.45, 1146939, 29
1352, 31, 0, 98, 21, 0, 42.03%, 0, 0, 6, 927.78, 1151583, 29
1357, 31, 30, 98, 21, 0, 42.03%, 0, 0, 6, 889.61, 1156087, 29
1362, 31, 0, 98, 21, 0, 42.03%, 0, 0, 6, 884.91, 1160601, 29
1367, 31, 0, 98, 21, 0, 42.03%, 0, 0, 6, 894.61, 1165176, 29
1372, 31, 0, 98, 21, 0, 42.03%, 0, 0, 6, 910.32, 1169882, 29
1377, 31, 17, 98, 21, 0, 42.03%, 0, 0, 6, 902.66, 1174535, 29
1382, 32, 0, 98, 21, 0, 42.03%, 0, 0, 6, 880.73, 1178953, 29
1387, 32, 42, 98, 21, 0, 42.03%, 0, 0, 6, 905.87, 1183593, 29
1393, 32, 0, 98, 20, 0, 42.03%, 0, 0, 6, 900.01, 1188175, 29
1398, 32, 0, 98, 20, 0, 42.03%, 0, 0, 6, 894.82, 1192804, 29
1403, 32, 0, 98, 20, 0, 42.03%, 0, 0, 6, 905.89, 1197454, 29
1408, 32, 0, 98, 20, 0, 42.03%, 0, 0, 6, 928.30, 1202116, 29
1413, 32, 0, 98, 20, 0, 42.03%, 0, 0, 6, 915.13, 1206697, 29
1418, 32, 0, 98, 20, 0, 42.03%, 0, 0, 6, 914.08, 1211260, 29
1423, 32, 30, 98, 20, 0, 42.03%, 0, 0, 6, 887.41, 1215679, 29
1428, 32, 0, 98, 20, 0, 42.03%, 0, 0, 6, 888.06, 1220262, 29
1433, 33, 0, 98, 20, 0, 42.03%, 0, 0, 6, 888.84, 1224771, 29
1439, 33, 0, 98, 20, 0, 42.03%, 0, 0, 6, 879.96, 1229340, 29
1444, 33, 0, 98, 20, 0, 42.03%, 0, 0, 6, 871.77, 1233830, 29
1449, 33, 0, 98, 20, 0, 42.03%, 0, 0, 6, 884.32, 1238438, 29
1454, 33, 0, 98, 20, 0, 42.03%, 0, 0, 6, 881.93, 1242893, 29
1459, 33, 0, 98, 19, 0, 42.03%, 0, 0, 6, 872.84, 1247423, 29
1464, 33, 28, 98, 19, 0, 42.03%, 0, 0, 6, 898.82, 1252120, 29
1469, 33, 0, 98, 19, 0, 42.03%, 0, 0, 6, 898.93, 1256780, 29
1474, 33, 0, 98, 19, 0, 42.03%, 0, 0, 6, 888.79, 1261253, 29
1480, 33, 31, 98, 19, 0, 42.03%, 0, 0, 6, 884.75, 1265839, 29
1485, 34, 0, 98, 19, 0, 42.03%, 0, 0, 6, 897.31, 1270546, 29
1490, 34, 0, 98, 19, 0, 42.03%, 0, 0, 6, 903.49, 1275127, 29
1495, 34, 0, 98, 19, 0, 42.03%, 0, 0, 6, 887.30, 1279613, 29
1500, 34, 0, 98, 19, 0, 42.03%, 0, 0, 6, 883.66, 1284158, 29
1505, 34, 0, 98, 19, 0, 42.03%, 0, 0, 6, 877.94, 1288704, 29
1510, 34, 0, 98, 19, 0, 42.03%, 0, 0, 6, 899.63, 1293382, 29
1516, 34, 0, 98, 18, 0, 42.03%, 0, 0, 6, 891.08, 1297978, 29
1521, 34, 0, 98, 18, 0, 42.03%, 0, 0, 6, 891.73, 1302537, 29
1526, 34, 0, 98, 17, 0, 42.03%, 0, 0, 6, 896.37, 1307149, 29
1531, 34, 0, 98, 17, 0, 42.03%, 0, 0, 6, 909.93, 1311898, 29
1536, 35, 0, 98, 17, 0, 42.03%, 0, 0, 6, 890.37, 1316368, 29
1541, 35, 0, 98, 17, 0, 42.03%, 0, 0, 6, 892.26, 1320961, 29
1546, 35, 0, 98, 17, 0, 42.03%, 0, 0, 6, 906.74, 1325498, 29
1551, 35, 0, 98, 17, 0, 42.03%, 0, 0, 6, 902.30, 1329990, 29
1556, 35, 0, 98, 17, 0, 42.03%, 0, 0, 6, 883.04, 1334432, 29
1561, 35, 34, 98, 17, 0, 42.03%, 0, 0, 6, 879.57, 1338859, 29
1566, 35, 28, 98, 17, 0, 42.03%, 0, 0, 6, 883.39, 1343316, 29
1571, 35, 87, 98, 17, 0, 42.03%, 0, 0, 6, 888.61, 1347897, 29
1577, 35, 0, 99, 17, 0, 42.03%, 0, 0, 6, 883.45, 1352405, 29
1582, 35, 0, 99, 17, 0, 42.03%, 0, 0, 6, 900.83, 1357015, 29
1587, 36, 25, 99, 17, 0, 42.03%, 0, 0, 6, 899.78, 1361531, 29
1592, 36, 0, 99, 17, 0, 42.03%, 0, 0, 6, 901.86, 1366158, 29
1597, 36, 0, 99, 16, 0, 42.03%, 0, 0, 6, 891.11, 1370712, 29
1602, 36, 0, 99, 15, 0, 42.03%, 0, 0, 6, 793.65, 1374785, 29
1607, 36, 0, 99, 15, 0, 42.03%, 0, 0, 6, 872.01, 1379339, 29
1613, 36, 0, 99, 15, 0, 42.03%, 0, 0, 6, 902.56, 1383945, 29
1618, 36, 0, 99, 14, 0, 42.03%, 0, 0, 6, 851.12, 1387982, 29
1623, 36, 0, 99, 14, 0, 42.03%, 0, 0, 6, 912.78, 1392733, 29
1628, 36, 0, 99, 14, 0, 42.03%, 0, 0, 6, 902.03, 1397350, 29
1633, 36, 0, 99, 14, 0, 42.03%, 0, 0, 6, 894.86, 1401969, 29
1638, 37, 0, 99, 14, 0, 42.03%, 0, 0, 6, 892.33, 1406612, 29
1644, 37, 0, 99, 14, 0, 42.03%, 0, 0, 6, 871.58, 1411205, 29
1649, 37, 0, 99, 14, 0, 42.03%, 0, 0, 6, 883.70, 1415814, 29
1654, 37, 0, 99, 14, 0, 42.03%, 0, 0, 6, 877.35, 1420377, 29
1659, 37, 0, 99, 14, 0, 42.03%, 0, 0, 6, 893.05, 1425053, 29
1664, 37, 51, 99, 14, 0, 42.03%, 0, 0, 6, 896.44, 1429593, 29
1669, 37, 0, 99, 14, 0, 42.03%, 0, 0, 6, 886.98, 1434067, 29
1674, 37, 30, 99, 14, 0, 42.03%, 0, 0, 6, 888.65, 1438728, 29
1679, 37, 0, 99, 14, 0, 42.03%, 0, 0, 6, 894.90, 1443410, 29
1684, 37, 0, 99, 14, 0, 42.03%, 0, 0, 6, 857.28, 1447798, 29
1690, 38, 0, 99, 14, 0, 42.03%, 0, 0, 6, 875.88, 1452361, 29
1695, 38, 28, 99, 13, 0, 42.03%, 0, 0, 6, 868.81, 1456903, 29
1700, 38, 0, 99, 13, 0, 42.03%, 0, 0, 6, 888.01, 1461516, 29
1705, 38, 0, 99, 12, 0, 42.03%, 0, 0, 6, 883.47, 1466038, 29
1710, 38, 0, 99, 12, 0, 42.03%, 0, 0, 6, 899.95, 1470563, 29
1715, 38, 0, 99, 12, 0, 42.03%, 0, 0, 6, 897.35, 1475086, 29
1720, 38, 0, 99, 12, 0, 42.03%, 0, 0, 6, 879.27, 1479497, 29
1725, 38, 0, 99, 12, 0, 42.03%, 0, 0, 6, 898.97, 1484124, 29
1730, 38, 0, 99, 12, 0, 42.03%, 0, 0, 6, 896.94, 1488783, 29
1736, 38, 51, 99, 12, 0, 42.03%, 0, 0, 6, 878.72, 1493328, 29
1741, 39, 0, 99, 12, 0, 42.03%, 0, 0, 6, 881.67, 1497841, 29
1746, 39, 0, 99, 12, 0, 42.03%, 0, 0, 6, 885.47, 1502436, 29
1751, 39, 0, 99, 12, 0, 42.03%, 0, 0, 6, 902.42, 1507107, 29
1756, 39, 28, 99, 12, 0, 42.03%, 0, 0, 6, 889.84, 1511686, 29
1761, 39, 0, 99, 12, 0, 42.03%, 0, 0, 6, 896.99, 1516179, 29
1766, 39, 30, 99, 12, 0, 42.03%, 0, 0, 6, 908.72, 1520743, 29
1772, 39, 16, 99, 12, 0, 42.03%, 0, 0, 6, 906.18, 1525365, 29
1777, 39, 0, 99, 12, 0, 42.03%, 0, 0, 6, 901.32, 1529856, 29
1782, 39, 28, 99, 12, 0, 42.03%, 0, 0, 6, 894.05, 1534435, 29
1787, 39, 0, 99, 12, 0, 42.03%, 0, 0, 6, 877.35, 1538955, 29
1792, 40, 28, 99, 12, 0, 42.03%, 0, 0, 6, 910.35, 1543519, 29
1797, 40, 0, 99, 12, 0, 42.03%, 0, 0, 6, 912.16, 1548262, 29
1802, 40, 0, 99, 12, 0, 42.03%, 0, 0, 6, 920.28, 1552996, 29
1807, 40, 0, 99, 12, 0, 42.03%, 0, 0, 6, 898.95, 1557469, 29
1813, 40, 0, 99, 11, 0, 42.03%, 0, 0, 6, 898.74, 1562087, 29
1818, 40, 0, 99, 11, 0, 42.03%, 0, 0, 6, 903.58, 1566727, 29
1823, 40, 0, 99, 11, 0, 42.03%, 0, 0, 6, 908.85, 1571425, 29
1828, 40, 0, 99, 11, 0, 42.03%, 0, 0, 6, 900.77, 1576065, 29
1833, 40, 0, 99, 11, 0, 42.03%, 0, 0, 6, 908.20, 1580570, 29
1838, 41, 0, 99, 11, 0, 42.03%, 0, 0, 6, 899.69, 1585036, 29
1843, 41, 0, 99, 11, 0, 42.03%, 0, 0, 6, 883.47, 1589659, 29
1849, 41, 0, 99, 10, 0, 42.03%, 0, 0, 6, 881.79, 1594276, 29
1854, 41, 0, 99, 10, 0, 42.03%, 0, 0, 6, 885.16, 1598934, 29
1859, 41, 0, 99, 10, 0, 42.03%, 0, 0, 6, 887.61, 1603405, 29
1864, 41, 0, 99, 10, 0, 42.03%, 0, 0, 6, 885.38, 1608067, 29
1869, 41, 0, 99, 10, 0, 42.03%, 0, 0, 6, 896.98, 1612606, 29
1874, 41, 0, 99, 10, 0, 42.03%, 0, 0, 6, 893.83, 1617283, 29
1879, 41, 25, 99, 9, 0, 42.03%, 0, 0, 6, 879.86, 1621860, 29
1885, 41, 0, 99, 9, 0, 42.03%, 0, 0, 6, 892.67, 1626539, 29
1890, 42, 0, 99, 9, 0, 42.03%, 0, 0, 6, 898.98, 1631200, 29
1895, 42, 0, 99, 9, 0, 42.03%, 0, 0, 6, 878.20, 1635674, 29
1900, 42, 0, 99, 9, 0, 42.03%, 0, 0, 6, 893.17, 1640281, 29
1905, 42, 0, 99, 9, 0, 42.03%, 0, 0, 6, 901.36, 1644918, 29
1910, 42, 51, 99, 9, 0, 42.03%, 0, 0, 6, 879.97, 1649454, 29
1915, 42, 0, 99, 9, 0, 42.03%, 0, 0, 6, 916.75, 1654182, 29
1920, 42, 0, 99, 9, 0, 42.03%, 0, 0, 6, 915.29, 1658836, 29
1926, 42, 0, 99, 9, 0, 42.03%, 0, 0, 6, 898.79, 1663455, 29
1931, 42, 0, 99, 9, 0, 42.03%, 0, 0, 6, 897.66, 1668082, 29
1936, 42, 0, 99, 9, 0, 42.03%, 0, 0, 6, 898.61, 1672570, 29
1941, 43, 0, 99, 9, 0, 42.03%, 0, 0, 6, 874.15, 1676959, 29
1946, 43, 0, 99, 9, 0, 42.03%, 0, 0, 6, 893.88, 1681567, 29
1951, 43, 28, 99, 9, 0, 42.03%, 0, 0, 6, 902.30, 1686277, 29
1956, 43, 0, 99, 9, 0, 42.03%, 0, 0, 6, 904.30, 1690960, 29
1961, 43, 0, 99, 9, 0, 42.03%, 0, 0, 6, 917.19, 1695586, 29
1966, 43, 0, 99, 8, 0, 42.03%, 0, 0, 6, 885.39, 1699981, 29
1972, 43, 0, 99, 8, 0, 42.03%, 0, 0, 6, 895.81, 1704589, 29
1977, 43, 0, 99, 8, 0, 42.03%, 0, 0, 6, 906.08, 1709288, 29
1982, 43, 0, 99, 8, 0, 42.03%, 0, 0, 6, 902.72, 1713824, 29
1987, 43, 31, 99, 8, 0, 42.03%, 0, 0, 6, 907.75, 1718378, 29
1992, 44, 0, 99, 8, 0, 42.03%, 0, 0, 6, 912.25, 1723094, 29
1997, 44, 0, 99, 8, 0, 42.03%, 0, 0, 6, 904.12, 1727728, 29
2002, 44, 0, 99, 8, 0, 42.03%, 0, 0, 6, 905.90, 1732363, 29
2007, 44, 0, 99, 8, 0, 42.03%, 0, 0, 6, 912.43, 1736945, 29
2013, 44, 51, 99, 8, 0, 42.03%, 0, 0, 6, 916.37, 1741642, 29
2018, 44, 0, 99, 8, 0, 42.03%, 0, 0, 6, 910.75, 1746198, 29
2023, 44, 98, 99, 8, 0, 42.03%, 0, 0, 6, 830.63, 1750574, 29
2028, 44, 0, 99, 7, 0, 42.03%, 0, 0, 6, 822.51, 1754518, 29
2033, 44, 0, 99, 7, 0, 42.03%, 0, 0, 6, 896.82, 1759223, 29
2038, 44, 34, 99, 7, 0, 42.03%, 0, 0, 6, 885.06, 1763804, 29
2043, 44, 0, 99, 7, 0, 42.03%, 0, 0, 6, 889.71, 1768302, 29
2049, 45, 0, 99, 7, 0, 42.03%, 0, 0, 6, 896.78, 1773017, 29
2054, 45, 95, 99, 7, 0, 42.03%, 0, 0, 6, 617.25, 1776013, 29
2059, 45, 0, 99, 6, 0, 42.03%, 0, 0, 6, 832.68, 1780623, 29
2064, 45, 0, 99, 6, 0, 42.03%, 0, 0, 6, 886.19, 1785333, 29
2069, 45, 0, 99, 6, 0, 42.03%, 0, 0, 6, 889.70, 1789978, 29
2074, 45, 0, 99, 6, 0, 42.03%, 0, 0, 6, 892.77, 1794569, 29
2079, 45, 0, 99, 6, 0, 42.03%, 0, 0, 6, 888.78, 1799163, 29
2084, 45, 0, 99, 6, 0, 42.03%, 1, 0, 6, 0.00, 1802891, 29
