# relative_time, cycles_done, cur_item, corpus_count, pending_total, pending_favs, map_size, saved_crashes, saved_hangs, max_depth, execs_per_sec, total_execs, edges_found
62, 0, 0, 14, 14, 1, 23.19%, 0, 0, 2, 2.41, 3460, 16
93, 0, 0, 15, 15, 1, 24.64%, 0, 0, 2, 4.79, 6701, 17
98, 0, 0, 15, 15, 1, 24.64%, 0, 0, 2, 792.63, 10757, 17
121, 0, 0, 15, 15, 1, 24.64%, 0, 0, 2, 5.88, 12075, 17
126, 0, 0, 15, 15, 1, 24.64%, 0, 0, 2, 773.40, 16037, 17
151, 0, 0, 15, 15, 1, 24.64%, 0, 0, 2, 6.75, 16202, 17
156, 0, 0, 15, 15, 1, 24.64%, 0, 0, 2, 759.11, 20147, 17
177, 0, 0, 15, 15, 1, 24.64%, 0, 0, 2, 7.31, 20477, 17
182, 0, 0, 15, 15, 1, 24.64%, 0, 0, 2, 784.45, 24422, 17
203, 0, 0, 15, 15, 1, 24.64%, 0, 0, 2, 6.78, 25217, 17
208, 0, 0, 15, 15, 1, 24.64%, 0, 0, 2, 798.61, 29282, 17
230, 0, 0, 15, 15, 1, 24.64%, 0, 0, 2, 6.68, 30299, 17
235, 0, 0, 16, 16, 1, 24.64%, 0, 0, 2, 761.20, 34284, 17
259, 0, 0, 16, 16, 1, 24.64%, 0, 0, 2, 5.88, 34959, 17
264, 0, 0, 17, 17, 1, 24.64%, 0, 0, 2, 812.77, 39081, 17
285, 0, 0, 17, 17, 1, 24.64%, 0, 0, 2, 4.69, 40651, 17
291, 0, 0, 17, 17, 1, 24.64%, 0, 0, 2, 772.05, 44521, 17
319, 0, 0, 18, 18, 1, 26.09%, 0, 0, 2, 5.05, 46463, 18
325, 0, 0, 18, 18, 1, 26.09%, 0, 0, 2, 822.54, 50688, 18
351, 0, 0, 20, 20, 1, 31.88%, 0, 0, 2, 3.13, 52522, 22
356, 0, 0, 20, 20, 1, 31.88%, 0, 0, 2, 731.59, 56254, 22
382, 0, 0, 20, 20, 1, 31.88%, 0, 0, 2, 6.30, 57907, 22
387, 0, 0, 21, 21, 1, 33.33%, 0, 0, 2, 766.14, 61784, 23
400, 0, 0, 21, 21, 1, 33.33%, 0, 0, 2, 10.36, 63179, 23
406, 0, 0, 21, 21, 1, 33.33%, 0, 0, 2, 8.66, 64049, 23
419, 0, 0, 21, 21, 1, 33.33%, 0, 0, 2, 0.75, 64070, 23
424, 0, 0, 22, 22, 1, 33.33%, 0, 0, 2, 798.02, 68166, 23
445, 0, 0, 23, 23, 1, 33.33%, 0, 0, 2, 0.75, 69491, 23
450, 0, 0, 25, 25, 1, 33.33%, 0, 0, 2, 777.13, 73377, 23
471, 0, 0, 25, 25, 1, 33.33%, 0, 0, 2, 7.30, 74727, 23
476, 0, 0, 25, 25, 1, 33.33%, 0, 0, 2, 589.76, 78596, 23
488, 0, 0, 25, 25, 1, 33.33%, 0, 0, 2, 9.01, 79197, 23
505, 0, 0, 25, 25, 1, 33.33%, 0, 0, 2, 10.89, 82707, 23
510, 0, 0, 27, 27, 1, 34.78%, 0, 0, 2, 751.31, 86651, 24
526, 0, 0, 27, 27, 1, 34.78%, 0, 0, 2, 7.74, 88421, 24
531, 0, 0, 28, 28, 1, 36.23%, 0, 0, 2, 750.04, 92416, 25
547, 0, 0, 28, 28, 1, 36.23%, 0, 0, 2, 6.48, 94578, 25
553, 0, 0, 29, 29, 1, 36.23%, 0, 0, 2, 825.29, 98685, 25
562, 0, 0, 29, 29, 1, 36.23%, 0, 0, 2, 9.12, 100637, 25
576, 0, 0, 29, 29, 1, 36.23%, 0, 0, 2, 10.90, 104035, 25
581, 0, 0, 30, 30, 1, 36.23%, 0, 0, 2, 822.09, 108180, 25
589, 0, 0, 30, 30, 1, 36.23%, 0, 0, 2, 30.12, 110468, 25
601, 0, 0, 30, 30, 1, 36.23%, 0, 0, 2, 23.19, 114554, 25
606, 0, 0, 30, 30, 1, 36.23%, 0, 0, 2, 826.70, 118692, 25
613, 0, 0, 30, 30, 1, 36.23%, 0, 0, 2, 14.51, 120884, 25
618, 0, 0, 30, 30, 1, 36.23%, 0, 0, 2, 845.99, 124900, 25
629, 0, 0, 30, 30, 1, 36.23%, 0, 0, 2, 4.44, 127588, 25
634, 0, 0, 30, 30, 1, 36.23%, 0, 0, 2, 831.08, 131892, 25
649, 0, 0, 30, 30, 1, 36.23%, 0, 0, 2, 4.55, 135044, 25
654, 0, 0, 30, 30, 1, 36.23%, 0, 0, 2, 849.91, 139268, 25
660, 0, 0, 30, 30, 1, 36.23%, 0, 0, 2, 8.06, 142660, 25
665, 0, 0, 30, 30, 1, 36.23%, 0, 0, 2, 809.21, 146772, 25
673, 0, 0, 30, 30, 1, 36.23%, 0, 0, 2, 16.16, 148652, 25
678, 0, 0, 30, 30, 1, 36.23%, 0, 0, 2, 837.79, 152548, 25
683, 0, 0, 30, 30, 1, 36.23%, 0, 0, 2, 821.77, 156660, 25
688, 0, 0, 30, 30, 1, 36.23%, 0, 0, 2, 810.50, 160644, 25
694, 0, 0, 30, 30, 1, 36.23%, 0, 0, 2, 6.58, 163204, 25
699, 0, 0, 30, 30, 1, 36.23%, 0, 0, 2, 832.36, 167220, 25
704, 0, 0, 30, 30, 1, 36.23%, 0, 0, 2, 822.39, 169956, 25
709, 0, 0, 30, 30, 1, 36.23%, 0, 0, 2, 837.92, 174164, 25
714, 0, 0, 30, 30, 1, 36.23%, 0, 0, 2, 832.37, 178292, 25
719, 0, 0, 30, 30, 1, 36.23%, 0, 0, 2, 816.15, 182324, 25
724, 0, 0, 30, 30, 1, 36.23%, 0, 0, 2, 830.59, 186564, 25
733, 0, 18, 36, 30, 2, 36.23%, 0, 0, 3, 10.64, 190208, 25
738, 0, 18, 40, 31, 0, 37.68%, 0, 0, 4, 804.53, 194103, 26
744, 0, 30, 42, 33, 0, 37.68%, 0, 0, 4, 844.84, 198428, 26
749, 0, 12, 44, 34, 0, 37.68%, 0, 0, 4, 831.67, 202662, 26
754, 0, 18, 48, 37, 0, 37.68%, 0, 0, 4, 838.60, 206664, 26
760, 0, 18, 49, 37, 0, 39.13%, 0, 0, 4, 21.18, 209567, 27
765, 1, 30, 49, 37, 0, 39.13%, 0, 0, 4, 791.24, 213608, 27
770, 1, 48, 53, 41, 0, 39.13%, 0, 0, 5, 783.80, 217695, 27
775, 1, 48, 55, 43, 0, 39.13%, 0, 0, 5, 810.77, 221954, 27
780, 1, 18, 55, 43, 0, 39.13%, 0, 0, 5, 774.50, 225903, 27
787, 1, 18, 57, 44, 0, 39.13%, 0, 0, 5, 79.81, 229385, 27
792, 1, 36, 61, 47, 0, 39.13%, 0, 0, 6, 833.39, 233511, 27
797, 1, 30, 61, 47, 0, 39.13%, 0, 0, 6, 833.16, 237821, 27
802, 1, 19, 63, 48, 0, 40.58%, 0, 0, 6, 838.70, 242148, 28
807, 1, 19, 67, 52, 0, 40.58%, 0, 0, 6, 795.92, 245949, 28
814, 2, 62, 73, 58, 0, 40.58%, 0, 0, 6, 2.94, 248407, 28
819, 2, 64, 76, 61, 0, 40.58%, 0, 0, 6, 831.81, 252802, 28
825, 2, 14, 79, 61, 0, 40.58%, 0, 0, 6, 854.31, 257068, 28
830, 2, 75, 82, 64, 0, 40.58%, 0, 0, 6, 798.79, 261008, 28
835, 2, 19, 82, 63, 0, 40.58%, 0, 0, 6, 805.88, 265037, 28
840, 2, 30, 84, 63, 0, 40.58%, 0, 0, 6, 794.79, 268889, 28
845, 2, 18, 85, 64, 0, 40.58%, 0, 0, 6, 793.75, 273048, 28
850, 2, 62, 85, 63, 0, 40.58%, 0, 0, 6, 814.73, 277255, 28
855, 3, 18, 86, 62, 0, 40.58%, 0, 0, 6, 787.53, 281178, 28
860, 3, 31, 86, 62, 0, 40.58%, 0, 0, 6, 813.57, 285321, 28
865, 3, 76, 86, 62, 0, 40.58%, 0, 0, 6, 796.92, 289346, 28
870, 3, 36, 86, 61, 0, 40.58%, 0, 0, 6, 817.53, 293306, 28
876, 3, 18, 86, 61, 0, 40.58%, 0, 0, 6, 818.76, 297643, 28
881, 3, 79, 86, 61, 0, 40.58%, 0, 0, 6, 768.73, 301650, 28
886, 3, 31, 86, 60, 0, 40.58%, 0, 0, 6, 806.07, 305723, 28
891, 3, 18, 86, 58, 0, 40.58%, 0, 0, 6, 792.69, 309870, 28
896, 4, 36, 87, 59, 0, 40.58%, 0, 0, 6, 788.92, 313942, 28
901, 4, 36, 88, 59, 0, 40.58%, 0, 0, 6, 787.59, 317944, 28
906, 4, 48, 88, 58, 0, 40.58%, 0, 0, 6, 819.22, 322090, 28
911, 4, 62, 89, 58, 0, 40.58%, 0, 0, 6, 836.91, 326477, 28
917, 4, 18, 90, 59, 0, 40.58%, 0, 0, 6, 810.51, 330682, 28
922, 4, 48, 90, 59, 0, 40.58%, 0, 0, 6, 364.72, 334335, 28
927, 4, 18, 90, 57, 0, 40.58%, 0, 0, 6, 709.41, 338489, 28
932, 4, 58, 90, 57, 0, 40.58%, 0, 0, 6, 780.55, 342681, 28
937, 5, 18, 90, 55, 0, 40.58%, 0, 0, 6, 826.35, 347055, 28
942, 5, 18, 90, 54, 0, 40.58%, 0, 0, 6, 794.93, 351110, 28
948, 5, 90, 93, 56, 0, 42.03%, 0, 0, 6, 790.92, 355141, 29
950, 5, 90, 94, 57, 0, 42.03%, 1, 0, 6, 0.00, 357469, 29
