# relative_time, cycles_done, cur_item, corpus_count, pending_total, pending_favs, map_size, saved_crashes, saved_hangs, max_depth, execs_per_sec, total_execs, edges_found
62, 1, 17, 35, 28, 1, 40.58%, 0, 0, 5, 188.98, 31640, 28
67, 1, 30, 42, 32, 4, 40.58%, 0, 0, 6, 696.87, 35579, 28
73, 1, 32, 43, 30, 1, 40.58%, 0, 0, 6, 694.70, 39560, 28
85, 1, 15, 45, 31, 0, 40.58%, 0, 0, 6, 4.07, 41265, 28
90, 1, 26, 48, 34, 0, 40.58%, 0, 0, 6, 805.42, 45370, 28
96, 1, 0, 49, 35, 0, 40.58%, 0, 0, 6, 797.53, 49372, 28
101, 1, 25, 49, 35, 0, 40.58%, 0, 0, 6, 795.09, 53374, 28
106, 1, 16, 50, 36, 0, 40.58%, 0, 0, 6, 777.78, 57373, 28
111, 2, 0, 50, 36, 0, 40.58%, 0, 0, 6, 787.30, 61216, 28
119, 2, 0, 50, 36, 0, 40.58%, 0, 0, 6, 25.87, 63875, 28
124, 2, 0, 51, 35, 0, 40.58%, 0, 0, 7, 794.04, 67818, 28
130, 2, 16, 51, 35, 0, 40.58%, 0, 0, 7, 744.97, 71810, 28
135, 2, 0, 51, 34, 0, 40.58%, 0, 0, 7, 779.04, 75717, 28
140, 2, 16, 52, 35, 0, 40.58%, 0, 0, 7, 495.14, 79673, 28
145, 2, 41, 52, 35, 0, 40.58%, 0, 0, 7, 709.11, 83498, 28
154, 2, 13, 52, 35, 0, 40.58%, 0, 0, 7, 18.06, 86373, 28
159, 3, 0, 52, 34, 0, 40.58%, 0, 0, 7, 790.60, 90371, 28
164, 3, 16, 52, 34, 0, 40.58%, 0, 0, 7, 771.41, 94233, 28
169, 3, 0, 52, 34, 0, 40.58%, 0, 0, 7, 770.26, 98150, 28
174, 3, 0, 52, 34, 0, 40.58%, 0, 0, 7, 787.40, 102057, 28
179, 3, 41, 52, 33, 0, 40.58%, 0, 0, 7, 778.80, 106028, 28
184, 3, 0, 52, 33, 0, 40.58%, 0, 0, 7, 780.59, 109876, 28
189, 4, 0, 52, 33, 0, 40.58%, 0, 0, 7, 784.45, 113858, 28
195, 4, 16, 52, 32, 0, 40.58%, 0, 0, 7, 783.33, 117838, 28
200, 4, 0, 52, 31, 0, 40.58%, 0, 0, 7, 756.82, 121542, 28
205, 4, 0, 52, 30, 0, 40.58%, 0, 0, 7, 772.04, 125332, 28
210, 4, 12, 52, 30, 0, 40.58%, 0, 0, 7, 758.57, 129168, 28
215, 4, 0, 52, 30, 0, 40.58%, 0, 0, 7, 785.95, 133040, 28
220, 4, 25, 55, 32, 0, 42.03%, 0, 0, 7, 786.93, 137010, 29
227, 4, 53, 56, 33, 0, 42.03%, 0, 0, 7, 24.96, 139746, 29
232, 4, 29, 56, 33, 0, 42.03%, 0, 0, 7, 802.97, 143718, 29
237, 5, 0, 56, 32, 0, 42.03%, 0, 0, 7, 789.58, 147614, 29
242, 5, 0, 56, 32, 0, 42.03%, 0, 0, 7, 789.38, 151611, 29
247, 5, 0, 57, 33, 0, 42.03%, 0, 0, 7, 772.19, 155603, 29
252, 5, 0, 58, 33, 0, 42.03%, 0, 0, 8, 58.37, 159418, 29
258, 5, 30, 58, 33, 0, 42.03%, 0, 0, 8, 775.98, 163409, 29
263, 5, 0, 58, 33, 0, 42.03%, 0, 0, 8, 807.83, 167423, 29
268, 5, 0, 58, 33, 0, 42.03%, 0, 0, 8, 775.69, 169901, 29
273, 5, 0, 58, 33, 0, 42.03%, 0, 0, 8, 762.17, 173794, 29
278, 6, 0, 58, 33, 0, 42.03%, 0, 0, 8, 765.82, 177771, 29
283, 6, 41, 58, 32, 0, 42.03%, 0, 0, 8, 763.69, 181666, 29
289, 6, 41, 58, 32, 0, 42.03%, 0, 0, 8, 772.09, 185609, 29
294, 6, 0, 58, 32, 0, 42.03%, 0, 0, 8, 828.27, 189563, 29
299, 6, 26, 58, 32, 0, 42.03%, 0, 0, 8, 801.92, 193633, 29
305, 6, 0, 58, 32, 0, 42.03%, 0, 0, 8, 16.57, 196826, 29
310, 6, 0, 58, 32, 0, 42.03%, 0, 0, 8, 788.55, 200893, 29
315, 6, 0, 58, 32, 0, 42.03%, 0, 0, 8, 800.12, 204795, 29
320, 7, 16, 58, 32, 0, 42.03%, 0, 0, 8, 780.37, 208587, 29
325, 7, 0, 58, 32, 0, 42.03%, 0, 0, 8, 773.54, 212355, 29
330, 7, 0, 58, 32, 0, 42.03%, 0, 0, 8, 779.99, 216317, 29
335, 7, 0, 58, 32, 0, 42.03%, 0, 0, 8, 791.75, 220325, 29
340, 7, 0, 58, 32, 0, 42.03%, 0, 0, 8, 795.05, 224182, 29
346, 7, 41, 58, 32, 0, 42.03%, 0, 0, 8, 795.41, 228056, 29
351, 7, 16, 58, 32, 0, 42.03%, 0, 0, 8, 798.88, 232101, 29
356, 7, 0, 58, 32, 0, 42.03%, 0, 0, 8, 798.19, 236120, 29
361, 8, 0, 58, 32, 0, 42.03%, 0, 0, 8, 778.78, 239853, 29
366, 8, 0, 58, 32, 0, 42.03%, 0, 0, 8, 796.69, 243874, 29
371, 8, 0, 58, 32, 0, 42.03%, 0, 0, 8, 798.54, 247747, 29
376, 8, 0, 58, 32, 0, 42.03%, 0, 0, 8, 803.45, 251814, 29
381, 8, 0, 58, 32, 0, 42.03%, 0, 0, 8, 813.88, 255911, 29
387, 8, 0, 58, 32, 0, 42.03%, 0, 0, 8, 829.73, 260059, 29
392, 8, 0, 58, 32, 0, 42.03%, 0, 0, 8, 832.38, 264079, 29
397, 9, 0, 58, 32, 0, 42.03%, 0, 0, 8, 817.70, 268053, 29
402, 9, 0, 58, 32, 0, 42.03%, 0, 0, 8, 814.52, 272105, 29
407, 9, 25, 58, 32, 0, 42.03%, 0, 0, 8, 817.77, 276157, 29
412, 9, 53, 58, 32, 0, 42.03%, 0, 0, 8, 825.05, 280318, 29
417, 9, 0, 58, 31, 0, 42.03%, 0, 0, 8, 774.30, 284311, 29
422, 9, 26, 58, 31, 0, 42.03%, 0, 0, 8, 130.23, 288276, 29
427, 9, 0, 58, 31, 0, 42.03%, 0, 0, 8, 128.00, 292259, 29
433, 9, 0, 58, 31, 0, 42.03%, 0, 0, 8, 799.98, 296427, 29
438, 10, 0, 58, 30, 0, 42.03%, 0, 0, 8, 797.42, 300548, 29
443, 10, 32, 58, 30, 0, 42.03%, 0, 0, 8, 783.88, 304543, 29
448, 10, 0, 58, 29, 0, 42.03%, 0, 0, 8, 801.65, 308672, 29
453, 10, 0, 58, 29, 0, 42.03%, 0, 0, 8, 797.38, 312874, 29
458, 10, 0, 59, 30, 0, 42.03%, 0, 0, 8, 804.66, 316890, 29
463, 10, 15, 60, 31, 0, 42.03%, 0, 0, 8, 788.36, 321016, 29
469, 10, 0, 60, 31, 0, 42.03%, 0, 0, 8, 812.41, 325211, 29
474, 11, 0, 60, 31, 0, 42.03%, 0, 0, 8, 800.86, 329230, 29
479, 11, 26, 60, 31, 0, 42.03%, 0, 0, 8, 824.03, 333224, 29
484, 11, 35, 60, 30, 0, 42.03%, 0, 0, 8, 799.21, 337183, 29
489, 11, 0, 60, 29, 0, 42.03%, 0, 0, 8, 803.40, 341278, 29
494, 11, 0, 60, 29, 0, 42.03%, 0, 0, 8, 810.31, 345241, 29
499, 11, 0, 60, 28, 0, 42.03%, 0, 0, 8, 790.98, 349149, 29
504, 11, 0, 60, 27, 0, 42.03%, 0, 0, 8, 803.52, 353313, 29
509, 11, 0, 60, 26, 0, 42.03%, 0, 0, 8, 813.88, 357481, 29
514, 12, 0, 60, 26, 0, 42.03%, 0, 0, 8, 821.29, 361446, 29
519, 12, 0, 60, 26, 0, 42.03%, 0, 0, 8, 805.52, 365388, 29
524, 12, 60, 61, 27, 0, 42.03%, 0, 0, 8, 807.10, 369531, 29
530, 12, 0, 61, 26, 0, 42.03%, 0, 0, 8, 839.77, 373703, 29
535, 12, 0, 61, 26, 0, 42.03%, 0, 0, 8, 827.27, 377722, 29
540, 12, 0, 61, 26, 0, 42.03%, 0, 0, 8, 809.09, 381868, 29
545, 12, 0, 61, 25, 0, 42.03%, 0, 0, 8, 785.95, 386019, 29
550, 12, 0, 61, 25, 0, 42.03%, 0, 0, 8, 811.39, 390020, 29
555, 13, 41, 61, 25, 0, 42.03%, 0, 0, 8, 801.00, 393962, 29
560, 13, 0, 61, 25, 0, 42.03%, 0, 0, 8, 776.23, 398084, 29
565, 13, 0, 61, 25, 0, 42.03%, 0, 0, 8, 797.67, 402245, 29
571, 13, 0, 61, 25, 0, 42.03%, 0, 0, 8, 828.57, 406439, 29
576, 13, 0, 61, 25, 0, 42.03%, 0, 0, 8, 753.58, 410402, 29
580, 13, 26, 61, 25, 0, 42.03%, 1, 0, 8, 0.00, 413541, 29
